# nucleotide counts
# upper case indicates nucleotide called by both reads
# lower case indicates nucleotide called by one read with other ambiguous
# N indicates disagreement between reads, or both ambiguous
# POSITION WT COUNTS A T C G a t c g N
1 A 305032 304928 12 2 70 9 0 0 0 11
2 T 305729 19 305597 43 5 0 33 0 0 32
3 G 305727 34 24 4 305614 0 0 0 17 34
4 G 303724 19 18 6 303620 0 0 0 36 25
5 C 294769 15 79 294618 13 0 0 6 0 38
6 G 299625 61 4 5 299507 0 0 0 19 29
7 T 305979 8 305830 53 3 0 13 0 0 72
8 C 307578 9 24 307495 7 0 0 18 0 25
9 C 307345 16 31 307244 10 0 0 30 0 14
10 C 305251 32 34 305122 4 0 0 35 0 24
11 A 304174 304017 14 8 82 44 0 0 0 9
12 A 303961 303747 20 12 146 14 0 0 0 22
13 G 304511 21 30 6 304413 0 0 0 29 12
14 G 309057 50 13 12 308913 0 0 0 23 46
15 C 290821 17 41 290685 3 0 0 41 0 34
16 A 272240 271829 18 8 43 44 0 0 0 298
17 C 262057 6 22 261993 2 0 0 23 0 11
18 C 256378 23 21 256260 6 0 0 53 0 15
19 A 254587 254497 11 6 30 24 0 0 0 19
20 A 251238 251146 14 0 43 15 0 0 0 20
21 A 250421 250275 11 11 44 33 0 0 0 47
22 C 253225 11 60 253098 7 0 0 28 0 21
23 G 236467 33 11 7 236356 0 0 0 32 28
24 G 229732 20 9 3 229661 0 0 0 16 23
25 T 232147 12 231896 35 15 0 11 0 0 178
26 C 239483 10 29 239369 10 0 0 33 0 32
27 T 260836 10 260650 72 4 0 70 0 0 30
28 T 230756 16 230604 57 1 0 59 0 0 19
29 A 231682 231503 25 1 121 18 0 0 0 14
30 T 227208 28 227036 32 12 1 81 0 0 18
31 G 233847 42 14 11 233739 0 0 0 26 15
32 A 245514 245344 12 6 39 66 0 0 0 47
33 A 232418 232292 16 17 39 27 0 0 0 27
34 C 219681 13 31 219565 4 0 0 23 0 45
35 A 202523 202397 11 6 71 21 0 0 0 17
36 G 227354 18 15 11 227280 0 0 0 13 17
37 A 241429 241296 27 0 39 27 0 0 0 40
38 T 242634 25 242532 30 3 0 25 0 0 19
39 G 244236 40 14 7 244130 0 0 0 28 17
40 G 236655 30 17 12 236533 0 0 0 48 15
41 A 236452 236346 15 6 45 9 0 0 0 31
42 A 241151 241048 8 1 58 16 0 0 0 20
43 A 242355 242227 13 14 46 13 0 0 0 42
44 C 253373 4 13 253291 3 0 0 16 0 46
45 T 239519 2 239436 39 1 0 17 0 0 24
46 G 243634 21 15 7 243553 0 0 0 12 26
47 A 242326 242219 20 1 48 16 0 0 0 22
48 T 243572 23 243469 30 6 0 28 0 0 16
49 G 243568 22 24 5 243487 0 0 0 23 7
50 G 247813 17 14 4 247745 0 0 0 18 15
51 G 246595 38 23 7 246478 0 0 0 14 35
52 G 248305 50 12 5 248205 0 0 0 19 14
53 A 240597 240484 5 8 48 9 0 1 0 42
54 A 241480 241346 7 6 44 16 0 0 0 61
55 C 242492 10 50 242364 10 0 0 19 0 39
56 G 239458 88 16 14 239265 0 0 0 20 55
57 C 240566 14 14 240492 5 0 0 22 0 19
58 C 239114 10 39 239051 5 0 0 1 0 8
59 A 238017 237841 19 6 112 20 0 0 0 19
60 G 241217 22 12 10 241137 0 0 0 14 22
61 A 240102 240022 12 0 25 27 0 0 0 16
62 A 242083 241948 30 0 58 16 0 0 0 31
63 T 225068 10 224992 30 8 0 7 0 0 21
64 G 236466 49 8 16 236322 0 0 0 39 32
65 C 238950 17 61 238799 8 0 0 24 0 41
66 A 227966 227826 15 2 66 46 0 0 0 11
67 A 239044 238872 15 1 68 16 0 0 0 72
68 C 236270 5 13 236224 4 0 0 13 0 11
69 T 234830 14 234706 50 7 0 35 0 0 18
70 G 235727 34 18 2 235626 0 0 0 14 33
71 A 216827 216657 13 12 76 47 0 0 0 22
72 G 228806 14 19 6 228690 0 0 0 31 46
73 A 205325 205221 16 1 33 28 0 0 0 26
74 T 231626 10 231455 28 3 0 63 0 0 67
75 C 207275 12 23 207165 5 0 0 42 0 28
76 A 196307 196122 12 8 109 41 0 0 0 15
77 G 202591 15 19 9 202512 0 0 0 7 29
78 A 201719 201630 5 3 41 17 0 0 0 23
79 G 213898 20 14 9 213815 0 0 0 17 23
80 C 208265 16 59 208132 3 0 0 18 0 37
81 A 205489 205363 9 6 34 48 0 0 0 29
82 T 209982 12 209871 34 0 0 26 1 0 38
83 C 210201 17 8 210127 11 0 0 23 0 15
84 C 213187 20 38 213051 8 0 0 31 0 39
85 G 200305 43 9 3 200215 0 0 0 15 20
86 T 205222 13 205107 22 5 0 16 0 0 59
87 C 204798 10 38 204699 9 0 0 29 0 13
88 G 205618 46 10 8 205531 0 0 0 8 15
89 G 206367 19 14 4 206299 0 0 0 24 7
90 G 208892 19 15 6 208820 0 0 0 20 12
91 A 209172 209074 10 2 36 18 0 0 0 32
92 A 208739 208630 12 1 62 22 0 0 0 12
93 G 202646 5 10 4 202589 0 0 0 10 28
94 A 200675 200576 17 1 32 11 0 0 0 38
95 T 198022 12 197952 25 1 0 19 0 0 13
96 G 199883 22 12 2 199820 0 0 0 7 20
97 A 212627 212532 18 0 22 26 0 0 0 29
98 T 212815 23 212730 25 2 0 14 0 0 21
99 T 211869 9 211784 38 5 0 23 0 0 10
100 G 212547 22 18 3 212476 0 0 0 16 12
101 A 211691 211601 13 4 36 10 0 0 0 27
102 T 209323 21 209245 23 3 0 19 0 0 12
103 G 207722 28 23 6 207644 0 0 0 9 12
104 G 215062 13 13 9 214973 0 0 0 31 23
105 A 212232 212142 9 4 30 17 0 0 0 30
106 A 205219 205115 11 4 62 11 0 0 0 16
107 T 207763 10 207709 20 4 0 12 0 0 8
108 T 206158 12 206057 17 3 0 50 0 0 19
109 G 212584 44 10 5 212475 0 0 0 28 22
110 G 211076 17 11 5 211005 0 0 0 22 16
111 A 204705 204521 15 3 76 18 0 0 0 72
112 C 210589 8 45 210452 7 0 0 32 0 45
113 G 191358 34 5 8 191277 0 0 0 28 6
114 A 215645 215550 20 0 15 27 0 0 0 33
115 T 218826 9 218732 33 2 0 28 0 0 22
116 T 199967 7 199913 20 1 0 10 0 0 16
117 C 200445 18 17 200387 5 0 0 4 0 14
118 T 198629 15 198472 67 2 0 57 0 0 16
119 A 205086 204916 19 2 55 35 0 0 0 59
120 C 204342 9 21 204242 4 0 0 41 0 25
121 A 183860 183799 14 1 27 7 0 0 0 12
122 T 185844 19 185738 31 1 0 16 0 0 39
123 C 175823 11 14 175773 2 0 0 16 0 7
124 C 180209 11 12 180138 6 0 0 26 0 16
125 A 179653 179578 4 0 24 28 0 0 0 19
126 A 173498 173458 1 1 19 9 0 0 0 10
127 A 173474 173409 10 2 32 11 0 0 0 10
128 T 169209 4 169150 18 4 0 11 0 0 22
129 G 227204 36 10 6 227035 0 0 0 71 46
130 T 220788 25 220528 42 6 0 43 0 0 144
131 G 224140 35 17 10 224057 0 0 0 7 14
132 C 224323 12 57 224211 7 0 0 20 0 16
133 A 222579 222405 15 5 36 8 0 0 0 110
134 C 221366 11 17 221287 4 0 0 23 0 24
135 T 216511 5 216422 39 4 0 18 0 0 23
136 G 240741 26 10 3 240673 0 0 0 12 17
137 A 252362 252248 9 0 40 23 0 0 0 42
138 A 259002 258863 19 1 32 17 0 0 0 70
139 C 280682 17 24 280576 2 0 0 39 0 24
140 T 282702 5 282571 58 1 0 38 0 0 29
141 T 282315 23 282163 71 0 0 37 1 0 20
142 A 287160 287001 29 3 85 27 0 0 0 15
143 A 287164 287001 7 1 88 33 0 0 1 33
144 A 312206 311961 20 19 58 34 0 0 0 114
145 C 311076 6 18 311001 1 0 0 30 0 20
146 T 296342 9 296232 52 2 0 15 0 0 32
147 C 305650 15 20 305560 6 0 0 17 0 32
148 A 299280 299016 21 13 145 11 0 0 0 74
149 G 324084 25 5 6 324003 0 0 0 24 21
150 T 322588 41 322294 47 12 0 3 0 0 191
151 G 354965 37 24 6 354805 0 0 0 46 47
152 A 363383 363198 26 6 50 55 0 0 0 48
153 T 342086 26 341933 54 2 0 45 0 0 26
154 T 360797 10 360674 55 1 0 44 0 0 13
155 A 361562 361257 32 4 186 59 0 0 0 24
156 T 367675 41 367495 66 8 0 37 0 0 28
157 G 368571 47 41 11 368426 0 0 0 27 19
158 A 352852 352626 34 14 122 15 0 0 0 41
159 G 354796 45 55 7 354626 0 0 0 38 25
160 G 337590 20 27 10 337487 0 0 0 24 22
161 G 333198 27 16 11 333060 0 0 0 49 35
162 G 332962 24 19 12 332829 0 0 0 50 28
163 C 311690 14 101 311470 16 0 0 23 0 66
164 G 314408 58 25 15 314248 0 0 0 17 45
165 A 314075 313799 31 9 33 14 0 0 0 189
166 C 314790 7 40 314689 7 0 0 29 0 18
167 T 313386 24 313212 78 8 0 40 0 0 24
168 G 306966 34 8 7 306862 0 0 0 28 27
169 A 329440 329231 24 0 50 46 0 0 0 89
170 T 313349 17 313228 44 2 0 12 0 0 46
171 C 308733 15 24 308671 6 0 0 6 0 11
172 C 308428 14 43 308327 7 0 0 22 0 15
173 A 298293 298085 11 7 66 95 0 0 0 29
174 G 299883 23 10 7 299780 0 0 0 46 17
175 A 282406 282313 13 3 34 15 0 0 0 28
176 A 282540 282371 20 3 82 18 0 0 0 46
177 C 283179 9 22 283072 3 0 0 35 0 38
178 A 231514 231438 5 9 44 7 0 0 0 11
179 G 234696 14 20 7 234616 0 0 0 14 25
180 C 231195 13 18 231117 10 0 0 5 0 32
181 T 230816 9 230740 33 1 0 17 1 0 15
182 T 232596 23 232500 47 3 0 4 0 0 19
183 A 229419 229258 25 2 72 44 0 0 0 18
184 A 241541 241321 18 8 65 47 0 0 0 82
185 C 240704 10 18 240594 3 0 0 54 0 25
186 A 227374 227250 15 7 35 48 0 0 0 19
187 A 227828 227664 12 3 72 38 0 0 0 39
188 T 204618 21 204485 35 7 0 52 0 0 18
189 A 207799 207575 18 3 178 13 0 0 0 12
190 G 209666 17 23 7 209596 0 0 0 6 17
191 A 210867 210762 10 4 38 23 0 0 0 30
192 G 211493 16 11 1 211412 0 0 0 28 25
193 A 192230 192093 8 5 57 29 0 0 0 38
194 G 197836 20 7 4 197743 0 0 0 21 41
195 A 199104 199008 13 1 30 27 0 0 0 25
196 A 197253 197151 13 1 62 11 0 0 0 15
197 T 198068 18 197947 19 2 0 22 0 0 60
198 G 183228 22 11 4 183126 0 0 0 26 39
199 G 184518 12 12 5 184445 0 0 0 25 19
200 T 165970 14 165643 28 4 0 17 0 0 264
201 G 176738 23 11 1 176655 0 0 0 21 27
202 C 176024 6 14 175956 2 0 0 15 0 31
203 T 175180 6 175094 25 1 0 7 0 0 47
204 C 177649 10 13 177601 0 0 0 8 0 17
205 T 177355 11 177266 43 0 0 20 0 0 15
206 C 190894 7 6 190844 4 0 0 17 0 16
207 T 189706 9 189607 50 2 0 22 0 0 16
208 G 191318 41 18 9 191204 0 0 0 22 24
209 C 190956 11 16 190889 11 0 0 16 0 13
210 T 185747 1 185647 63 3 0 22 0 0 11
211 T 189549 5 189484 33 5 0 10 0 0 12
212 T 186526 10 186412 34 19 0 29 0 0 22
213 T 179691 20 179604 26 23 0 5 0 0 13
214 G 180762 40 11 17 180666 0 0 0 9 19
215 A 177984 177880 12 11 39 8 0 0 0 34
216 C 181593 9 86 181440 10 0 0 25 0 23
217 G 172928 33 9 6 172841 0 0 0 25 14
218 A 157223 157156 13 1 36 5 0 0 0 12
219 A 157467 157408 1 0 33 14 0 0 0 11
220 A 157768 157640 8 2 95 6 0 0 0 17
221 G 158306 14 18 6 158258 0 0 0 4 6
222 A 160065 160012 10 2 26 4 0 0 0 11
223 A 159293 159213 13 3 53 5 0 0 0 6
224 G 163717 23 11 2 163652 0 0 0 15 14
225 G 176465 21 15 5 176358 0 0 0 20 46
226 A 171801 171742 12 1 28 12 0 0 0 6
227 A 176582 176476 21 2 58 15 0 0 0 10
228 T 163878 18 163798 27 1 0 17 0 0 17
229 A 162620 162381 12 2 162 50 0 0 0 13
230 A 163424 163317 13 2 62 18 0 0 0 12
231 A 157997 157917 14 3 24 28 0 0 0 11
232 T 159412 7 159317 17 2 0 28 0 0 41
233 A 135416 135314 4 5 63 8 0 0 0 22
234 T 118154 11 118108 18 1 0 3 0 0 13
235 C 122112 4 14 122067 4 0 0 8 0 15
236 T 115397 7 115323 36 11 0 9 0 0 11
237 G 116342 13 11 3 116279 0 0 0 14 22
238 G 112165 10 7 5 112131 0 0 0 7 5
239 A 109615 109555 10 1 31 9 0 0 0 9
240 A 102411 102297 9 4 96 1 0 0 0 4
241 G 107083 14 5 2 107023 0 0 0 16 23
242 A 104236 104188 4 1 19 13 0 0 0 11
243 A 131562 131427 6 2 57 36 0 0 0 34
244 C 132987 8 17 132907 4 0 0 34 0 17
245 A 127264 127214 3 2 13 18 0 0 0 14
246 T 198191 19 197996 42 1 0 49 0 0 84
247 C 195916 13 21 195827 5 0 0 35 0 15
248 C 211096 10 26 211011 8 0 0 25 0 16
249 C 211516 15 34 211410 4 0 0 21 0 32
250 A 204667 204541 3 10 57 43 0 0 0 13
251 G 223730 26 26 10 223634 0 0 0 12 22
252 C 222416 28 50 222275 24 0 0 15 0 24
253 G 223340 27 19 27 223233 0 0 0 8 26
254 C 226210 18 29 226071 26 0 0 10 0 56
255 G 228387 36 24 35 228251 0 0 0 22 19
256 G 249705 25 21 12 249597 0 0 0 32 18
257 G 247878 25 29 9 247792 0 0 0 11 12
258 G 257642 27 20 9 257552 0 0 0 17 17
259 A 258793 258623 19 3 96 12 0 0 0 40
260 A 257995 257840 11 8 86 37 0 0 0 13
261 G 265188 36 57 8 265047 0 0 0 22 18
262 G 270186 28 19 6 270067 0 0 0 28 38
263 A 271059 270947 32 4 38 5 0 0 0 33
264 T 270975 24 270830 50 3 0 12 0 0 56
265 C 266661 13 18 266593 2 0 0 9 0 26
266 C 264872 11 20 264787 3 0 0 36 0 15
267 T 262993 12 262831 105 2 0 27 0 0 16
268 A 263240 263106 6 1 94 21 0 0 0 12
269 A 264309 264023 9 0 235 37 0 0 0 5
270 G 265023 30 12 2 264937 0 0 0 17 25
271 A 260571 260456 5 3 49 46 0 0 0 12
272 A 258534 258412 5 2 84 13 0 0 0 18
273 A 254118 254015 5 3 65 11 0 0 0 19
274 A 240133 239952 8 13 99 13 0 0 0 48
275 C 242565 3 14 242487 2 0 0 10 0 49
276 T 237543 13 237453 43 3 0 9 0 0 22
277 G 237278 29 21 10 237195 0 0 0 6 17
278 G 236549 24 17 4 236482 0 0 0 11 11
279 A 235096 234967 15 3 54 19 0 0 0 38
280 G 231476 21 21 4 231373 0 0 0 27 30
281 G 229383 18 9 3 229312 0 0 0 17 24
282 A 219697 219426 10 3 34 8 0 0 0 216
283 C 235479 10 17 235386 2 0 0 31 0 33
284 C 231885 9 29 231821 5 0 0 11 0 10
285 C 231091 30 30 230988 5 0 0 18 0 20
286 A 251529 251382 23 6 20 31 0 0 0 67
287 T 245055 28 244926 30 2 0 56 0 0 13
288 A 296333 296119 29 3 47 72 0 0 0 63
289 T 295630 27 295469 27 2 0 62 0 0 43
290 A 262317 262091 23 6 44 94 0 0 0 59
291 C 266846 17 31 266732 4 0 0 23 0 39
292 A 233987 233848 15 7 70 38 0 0 0 9
293 A 234748 234592 10 2 112 18 0 0 0 14
294 G 231069 14 8 7 230962 0 0 0 43 35
295 A 181689 181617 13 2 24 14 0 0 0 19
296 G 183880 17 13 4 183814 0 0 0 15 17
297 A 174343 174273 8 0 27 18 0 0 0 17
298 G 176876 17 7 2 176827 0 0 0 9 14
299 T 180938 19 180310 31 1 0 19 0 0 558
300 A 190437 190256 26 4 113 18 0 0 0 20
301 G 199009 25 15 8 198917 0 0 0 28 16
302 A 196922 196862 14 0 24 7 0 0 0 15
303 T 209771 16 209669 40 1 0 22 0 0 23
304 A 207139 206966 4 0 130 21 0 0 0 18
305 G 205317 14 8 2 205247 0 0 0 33 13
306 A 204436 204358 10 2 32 23 0 0 0 11
307 A 202822 202677 10 2 96 11 0 0 0 26
308 A 202380 202277 3 3 78 7 0 0 0 12
309 G 206087 14 7 1 206021 0 0 0 29 15
310 T 205296 19 205062 22 3 0 17 0 0 173
311 G 205710 23 13 7 205622 0 0 0 36 9
312 G 205157 7 11 5 205114 0 0 0 7 13
313 A 205059 204970 25 0 31 19 0 0 0 14
314 T 205602 20 205531 21 2 0 3 0 0 25
315 G 209995 21 18 5 209911 0 0 0 9 31
316 A 209858 209750 15 1 69 9 0 0 0 14
317 G 210088 32 23 5 210005 0 0 0 7 16
318 G 208734 19 11 8 208667 0 0 0 7 22
319 G 208243 107 12 8 208069 0 0 0 6 41
320 A 207953 207880 7 0 32 11 0 0 0 23
321 A 208019 207855 12 0 45 4 0 0 0 103
322 C 208213 4 19 208157 4 0 0 14 0 15
323 T 206726 18 206642 23 1 0 14 0 0 28
324 C 201987 20 30 201893 6 0 0 22 0 16
325 G 197423 53 4 8 197331 0 0 0 17 10
326 T 200924 12 200814 25 0 0 23 0 0 50
327 C 212131 6 23 212055 9 0 0 22 0 16
328 C 217515 16 22 217395 5 0 0 39 0 38
329 T 223293 8 223196 47 2 0 24 0 0 16
330 T 222505 9 222392 34 7 0 44 0 0 19
331 T 215893 20 215766 44 4 0 38 0 0 21
332 A 190783 190602 31 0 64 71 0 0 0 15
333 T 186657 24 186546 29 13 0 28 0 0 17
334 G 186983 40 10 6 186860 0 0 0 42 25
335 A 150786 150637 19 9 44 15 0 0 0 62
336 C 152850 9 16 152750 3 0 0 26 0 46
337 A 128478 128424 5 11 26 6 0 0 0 6
338 A 129938 129853 10 1 57 13 0 0 0 4
339 A 131589 131431 7 6 120 16 0 0 0 9
340 G 145410 21 2 4 145354 0 0 0 13 16
341 A 151189 151140 4 1 25 7 0 0 0 12
342 A 148489 148399 10 2 62 12 0 0 0 4
343 G 166350 36 10 1 166239 0 0 0 21 43
344 A 176836 176751 9 0 32 26 0 0 0 18
345 A 176884 176804 12 0 39 10 0 0 0 19
346 A 177116 177043 13 0 40 4 0 0 0 16
347 T 174400 22 174274 38 1 0 33 0 0 32
348 A 173028 172838 7 5 139 11 0 0 0 28
349 A 176801 176539 11 7 196 22 0 0 0 26
350 G 175544 13 16 5 175479 0 0 0 17 14
351 G 175583 15 8 1 175511 0 0 0 20 28
352 C 170850 8 28 170765 8 0 0 21 0 20
353 G 170147 34 8 5 170061 0 0 0 12 27
354 A 178790 178724 10 0 9 25 0 0 0 22
355 A 186842 186760 3 1 35 19 0 0 0 24
356 T 186244 13 186163 14 0 0 10 0 0 44
357 C 186285 9 11 186224 5 0 0 8 0 28
358 T 182440 14 182338 44 3 0 11 0 0 30
359 G 187431 34 8 3 187339 0 0 0 21 26
360 G 182832 24 10 3 182763 0 0 0 14 18
361 C 186412 10 43 186310 8 0 0 7 0 34
362 G 186435 59 3 8 186333 0 0 0 9 23
363 C 185995 6 12 185938 4 0 0 19 0 16
364 C 181425 12 25 181293 2 0 0 15 0 78
365 A 182102 182026 10 2 30 24 0 0 0 10
366 A 191015 190910 9 6 45 31 0 0 0 14
367 G 215947 42 9 4 215830 0 0 0 32 30
368 C 215131 13 20 215046 9 0 0 24 0 19
369 C 229774 16 25 229673 3 0 0 20 0 37
370 A 231112 231029 5 9 32 22 0 0 0 15
371 A 236026 235910 16 1 39 38 0 0 0 22
372 T 240683 36 240539 49 1 0 28 0 0 30
373 A 237632 237397 13 2 149 53 0 0 0 18
374 A 239624 239479 14 1 95 19 0 0 0 16
375 T 232835 13 232726 25 6 0 29 0 0 36
376 G 222660 30 18 5 222566 0 0 0 25 16
377 G 204745 11 9 3 204702 0 0 0 6 14
378 T 191891 15 191583 33 10 0 15 0 0 235
379 G 193574 22 15 6 193509 0 0 0 14 8
380 A 193294 193213 13 1 35 15 0 0 0 17
381 T 193443 14 193372 24 2 0 9 0 0 22
382 G 191999 14 14 2 191947 0 0 0 11 11
383 A 193659 193567 25 2 41 6 0 0 0 18
384 T 198294 23 198195 37 3 0 5 0 0 31
385 G 196746 33 11 3 196675 0 0 0 6 18
386 C 194655 14 37 194577 7 0 0 12 0 8
387 A 193145 193067 4 0 50 17 0 0 0 7
388 A 190584 190458 5 0 58 30 0 0 0 33
389 C 181762 4 15 181717 2 0 0 10 0 14
390 A 178091 177970 6 3 72 27 0 0 0 13
391 G 178716 15 17 11 178633 0 0 0 32 8
392 C 172902 14 12 172826 1 0 0 28 0 21
393 T 167716 11 167644 18 1 0 28 0 0 14
394 G 203986 24 7 4 203870 0 0 0 40 41
395 G 209190 8 14 5 209119 0 0 0 29 15
396 T 209690 13 209526 30 2 0 8 0 0 111
397 C 230943 8 21 230838 6 0 0 32 0 38
398 T 224739 4 224609 59 5 0 31 0 0 31
399 G 262019 36 10 12 261867 0 0 0 42 52
400 A 262992 262790 24 1 36 31 0 0 0 110
401 C 277791 4 21 277735 5 0 0 12 0 14
402 T 284880 20 284724 60 3 0 30 0 0 43
403 C 284935 18 25 284789 9 0 0 55 0 39
404 A 285393 285173 35 6 66 16 0 0 0 97
405 C 307804 6 52 307686 6 0 0 35 0 19
406 A 307773 307665 10 6 68 7 0 0 0 17
407 T 316128 23 315984 47 1 0 35 0 0 38
408 G 303423 21 13 3 303347 0 0 0 22 17
409 A 316834 316647 23 1 67 58 0 0 0 38
410 T 309772 25 309642 51 6 0 28 0 0 20
411 G 312692 20 14 3 312603 0 0 0 15 37
412 A 308221 308119 18 3 36 14 0 0 0 31
413 T 306420 14 306281 34 2 0 21 0 0 68
414 C 283643 10 23 283569 9 0 0 18 0 14
415 T 281315 28 281150 85 2 0 21 0 0 29
416 G 272706 44 7 7 272611 0 0 0 14 23
417 G 274767 41 17 6 274639 0 0 0 42 22
418 C 269090 13 45 268937 14 0 0 23 0 58
419 A 268271 268142 20 2 47 31 0 0 0 29
420 T 265761 7 265693 31 2 0 12 0 0 16
421 T 264111 6 264044 39 0 0 5 0 0 17
422 C 264708 18 24 264616 7 0 0 29 0 14
423 C 264264 15 33 264165 7 0 0 13 0 31
424 A 264398 264327 8 5 25 25 0 0 0 8
425 A 262666 262583 14 0 51 8 0 0 0 10
426 T 260110 12 260051 21 3 0 14 0 0 9
427 T 259764 9 259708 24 2 0 6 0 0 15
428 T 258615 10 258514 34 5 0 22 0 0 30
429 G 260408 27 15 13 260326 0 0 0 14 13
430 A 252485 252373 16 3 70 10 0 0 0 13
431 A 252031 251918 9 3 48 37 0 0 0 16
432 T 252418 20 252269 38 7 0 37 0 0 47
433 G 234600 18 12 7 234527 0 0 0 21 15
434 A 253045 252902 22 6 33 32 0 0 0 50
435 T 251258 14 251193 30 2 0 8 0 0 11
436 A 251480 251243 19 8 122 40 0 0 0 48
437 C 269752 15 46 269607 6 0 0 42 0 36
438 A 260335 260178 10 9 57 48 0 0 0 33
439 A 314635 314382 31 5 86 54 0 0 0 77
440 C 319094 16 35 318958 4 0 0 47 0 34
441 A 328814 328612 22 14 45 85 0 0 0 36
442 T 337874 22 337668 60 2 0 52 0 0 70
443 A 290451 290073 27 6 70 60 0 0 0 215
444 C 300067 19 32 299977 6 0 0 19 0 14
445 C 302154 22 29 302024 9 0 0 35 0 35
446 A 313938 313676 26 11 125 65 0 0 1 34
447 G 322915 24 15 8 322780 0 0 0 56 32
448 A 294294 294173 8 3 59 35 0 0 0 16
449 G 325550 34 18 5 325429 0 0 0 32 32
450 G 320457 35 11 10 320357 0 0 0 30 14
451 A 327677 327467 39 4 42 34 0 0 0 91
452 C 328861 8 36 328751 5 0 0 26 0 35
453 A 324548 324318 28 4 130 40 0 0 0 28
454 A 340558 340155 23 7 318 26 0 0 0 29
455 G 348439 25 16 1 348348 0 0 0 32 17
456 A 368472 368302 10 3 66 34 0 0 0 57
457 G 376601 35 12 12 376432 0 0 0 56 54
458 C 389940 24 23 389819 8 0 0 30 0 36
459 T 390091 6 389945 58 2 0 37 0 0 43
460 C 391819 13 31 391718 9 0 0 20 0 28
461 T 391247 26 391080 82 2 0 29 1 0 27
462 T 394696 27 394532 60 5 0 50 0 0 22
463 G 396400 39 4 1 396287 0 0 0 27 42
464 T 405934 32 405735 56 2 0 48 0 0 61
465 T 405467 22 405344 37 6 0 21 0 0 37
466 C 410852 18 80 410661 16 0 0 21 0 56
467 G 409473 161 38 21 409217 0 0 0 16 20
468 C 415688 18 73 415521 11 0 0 8 0 57
469 A 413450 412843 45 3 110 18 0 0 0 431
470 C 414954 11 61 414835 5 0 0 9 0 33
471 C 414128 17 71 413994 10 0 0 18 0 18
472 G 420562 127 9 10 420345 0 0 0 34 37
473 G 423598 106 18 8 423392 0 0 0 11 63
474 C 450475 26 51 450317 5 0 0 42 0 34
475 A 452917 452694 41 3 110 37 0 0 0 32
476 T 484450 27 484204 62 6 0 86 0 0 65
477 G 492986 56 40 17 492747 0 0 0 79 47
478 G 515413 42 45 11 515237 0 0 0 28 50
479 A 539463 539216 28 2 74 46 0 0 0 97
480 T 548018 38 547726 84 3 0 53 0 0 114
481 C 512816 22 58 512610 14 0 0 67 0 45
482 C 491557 34 48 491340 18 0 0 87 0 30
483 C 454952 42 61 454745 10 0 0 72 0 22
484 A 462042 461666 12 10 268 41 0 0 0 45
485 G 491262 34 38 12 491054 0 0 0 70 54
486 G 466519 38 19 17 466335 0 0 0 52 58
487 A 448888 448603 38 2 100 58 0 0 0 87
488 T 394228 15 394103 49 15 0 17 0 0 29
489 G 400295 47 16 7 400148 0 0 0 37 40
490 T 390037 30 389739 68 10 0 41 0 0 149
491 G 386924 104 28 16 386719 0 0 0 28 29
492 C 390468 24 43 390322 13 0 0 23 0 43
493 T 376229 15 376056 53 16 0 36 0 0 53
494 C 387202 17 29 387078 12 0 0 25 0 41
495 T 375777 22 375611 53 5 0 35 0 0 51
496 C 376435 24 36 376314 6 0 0 29 0 26
497 T 375977 24 375738 122 7 0 44 0 0 42
498 G 353202 35 15 8 353082 0 0 0 47 15
499 A 354117 353969 18 3 55 35 0 0 0 37
500 T 350578 29 350432 46 2 0 49 0 0 20
501 G 345316 78 39 11 345135 0 0 0 34 19
502 C 347106 19 69 346934 13 0 0 34 0 37
503 A 334370 334130 18 2 150 40 0 0 0 30
504 G 333739 23 25 3 333623 0 0 0 26 39
505 G 323987 32 8 7 323909 0 0 0 26 5
506 G 342878 41 22 3 342736 0 0 0 33 43
507 T 334612 8 333985 64 4 0 27 0 0 524
508 T 339325 23 339179 29 2 0 50 0 0 42
509 C 338816 18 64 338678 5 0 0 18 0 33
510 G 338920 69 23 4 338766 0 0 0 39 19
511 A 339158 338417 31 3 60 17 0 0 0 630
512 C 335723 9 23 335637 6 0 0 10 0 38
513 T 329778 28 329621 66 4 0 14 0 0 45
514 C 355960 23 24 355824 4 0 0 36 0 49
515 T 371719 24 371476 90 6 0 44 0 0 79
516 C 446539 28 99 446281 8 0 0 72 0 51
517 C 435250 24 42 435134 9 0 0 16 0 25
518 C 433899 35 44 433688 10 0 0 93 0 29
519 T 430833 37 430621 109 5 0 31 1 0 29
520 A 484609 483828 42 6 444 172 0 0 0 117
521 G 455975 28 33 15 455791 0 0 0 72 36
522 G 434098 45 22 5 433957 0 0 0 34 35
523 A 402507 402259 28 7 122 12 0 0 0 79
524 G 404430 25 24 9 404281 0 0 0 34 57
525 G 392717 28 8 7 392551 0 0 0 38 85
526 T 391266 18 390707 60 5 0 34 0 0 442
527 C 384924 12 32 384812 3 0 0 40 0 25
528 T 402717 16 402393 218 10 0 32 1 0 47
529 G 402866 39 23 7 402691 0 0 0 83 23
530 G 401937 25 23 11 401826 0 0 0 21 31
531 A 401042 400849 20 4 101 30 0 0 0 38
532 G 405756 28 13 9 405664 0 0 0 20 22
533 C 402563 23 32 402448 3 0 0 13 0 44
534 T 393792 8 393592 84 6 0 29 0 0 73
535 G 393453 154 28 9 393228 0 0 0 13 21
536 C 396095 14 86 395937 8 0 0 23 0 27
537 A 397892 397486 32 26 293 29 0 0 0 26
538 G 410532 47 21 6 410395 0 0 0 39 24
539 G 415045 24 12 5 414880 0 0 0 68 56
540 C 412054 27 75 411860 15 0 0 21 0 56
541 G 408118 117 16 6 407923 0 0 0 34 22
542 C 409661 13 39 409577 4 0 0 8 0 20
543 T 399505 14 399253 125 9 0 38 0 0 66
544 G 408476 176 28 12 408208 0 0 0 19 33
545 C 398112 35 164 397790 13 0 0 22 0 88
546 A 415338 415097 17 3 138 19 0 0 0 64
547 G 421109 37 8 4 421018 0 0 0 10 32
548 T 427185 28 426948 52 16 0 27 0 0 114
549 C 431335 26 65 431183 11 0 0 23 0 27
550 A 429716 429424 15 20 157 69 0 0 0 31
551 A 427943 427569 23 9 281 34 0 0 0 27
552 A 427987 427344 43 34 498 36 0 0 0 32
553 G 409004 43 27 2 408868 0 0 0 25 39
554 G 419531 29 14 6 419412 0 0 0 35 35
555 A 377312 377055 32 9 74 20 0 0 0 122
556 G 373160 38 14 1 373067 0 0 0 16 24
557 T 365213 20 364899 63 15 0 36 0 0 180
558 T 357692 20 357566 48 19 0 24 0 0 15
559 G 363988 41 29 7 363830 0 0 0 59 22
560 G 364988 54 14 11 364807 0 0 0 22 80
561 G 366481 59 13 12 366334 0 0 0 45 18
562 A 358818 358534 35 14 60 62 0 0 0 113
563 C 305776 15 40 305588 8 0 0 101 0 24
564 A 270759 270508 21 11 53 80 0 0 0 86
565 A 196729 196655 8 4 46 5 0 0 0 11
566 T 197578 19 197509 22 5 0 4 0 0 19
567 G 203595 12 8 7 203541 0 0 0 16 11
568 G 206494 10 11 2 206418 0 0 0 27 26
569 T 190283 15 189819 26 9 0 23 0 0 391
570 G 190316 23 14 4 190245 0 0 0 21 9
571 A 188067 187972 20 1 30 19 0 0 0 25
572 T 188416 18 188300 23 5 0 44 0 0 26
573 G 184375 16 14 2 184299 0 0 0 36 8
574 G 159209 20 10 4 159144 0 0 0 14 17
575 A 198506 198356 12 2 53 32 0 0 0 51
576 G 206126 29 9 1 206031 0 0 0 39 17
577 T 202314 8 202167 25 8 0 18 0 0 88
578 T 225877 11 225760 38 2 0 36 0 0 30
579 G 234471 21 18 7 234400 0 0 0 19 6
580 A 235654 235548 21 2 50 19 0 0 0 14
581 T 228752 13 228662 59 2 0 8 0 0 8
582 A 226882 226647 10 1 174 44 0 0 0 6
583 A 222845 222544 14 6 230 30 0 0 0 21
584 G 231095 17 33 3 231008 0 0 0 16 18
585 G 247445 15 17 3 247361 0 0 0 26 23
586 A 248261 248154 20 1 31 24 0 0 0 31
587 T 229608 15 229509 37 3 0 5 0 0 39
588 G 235024 26 11 7 234913 0 0 0 39 28
589 A 235965 235858 22 2 50 10 0 0 0 23
590 T 236377 20 236293 23 3 0 17 0 0 21
591 C 234835 11 21 234777 6 0 0 8 0 12
592 A 233483 233367 3 4 57 28 0 0 0 24
593 A 223132 223044 7 2 53 11 0 0 0 15
594 A 223436 223235 6 17 88 13 0 0 0 77
595 C 213627 6 32 213549 5 0 0 9 0 26
596 G 207921 28 19 7 207843 0 0 0 12 12
597 T 200180 8 200022 19 3 0 12 0 0 116
598 G 197352 30 14 3 197281 0 0 0 14 10
599 G 198503 12 22 3 198438 0 0 0 18 10
600 G 204270 33 13 1 204185 0 0 0 22 16
601 A 204784 204685 26 1 30 23 0 0 0 19
602 T 205919 13 205821 42 5 0 16 0 0 22
603 C 198796 13 29 198713 2 0 0 25 0 14
604 A 196883 196770 5 4 79 12 0 0 0 13
605 A 196522 196451 14 1 34 10 0 0 0 12
606 T 196065 10 196016 19 8 0 5 0 0 7
607 G 198878 20 8 6 198809 0 0 0 20 15
608 A 193722 193615 17 1 29 20 0 0 0 40
609 T 177864 8 177806 22 0 0 15 0 0 13
610 C 184481 7 44 184398 1 0 0 12 0 19
611 G 183986 42 18 7 183884 0 0 0 19 16
612 G 200715 18 6 18 200629 0 0 0 27 17
613 A 200970 200867 9 2 32 28 0 0 0 32
614 A 193236 193097 10 4 50 15 0 0 0 60
615 C 229395 10 19 229295 1 0 0 36 0 34
616 T 222941 6 222823 70 1 0 19 0 0 22
617 T 214391 7 214324 30 0 0 13 0 0 17
618 C 217607 4 23 217544 7 0 0 15 0 14
619 T 218301 15 218056 79 13 0 119 0 0 19
620 G 219061 35 22 6 218984 0 0 0 3 11
621 G 222509 19 23 7 222421 0 0 0 20 19
622 A 219240 219084 22 3 63 29 0 0 0 39
623 G 207550 19 13 1 207461 0 0 0 29 27
624 A 168674 168554 6 22 49 17 0 0 0 26
625 G 179214 16 19 3 179119 0 0 0 33 24
626 G 192080 14 8 3 191996 0 0 0 34 25
627 T 180632 19 179767 34 16 0 20 0 0 776
628 G 178689 25 23 5 178620 0 0 0 6 10
629 A 178343 178213 16 0 45 50 0 0 0 19
630 A 179722 179656 9 1 43 4 0 0 0 9
631 A 181185 181079 6 0 57 19 0 0 0 24
632 A 180067 179984 20 0 35 15 0 0 0 13
633 T 173876 8 173808 19 8 0 8 0 0 25
634 G 165915 20 12 11 165865 0 0 0 3 4
635 G 165928 15 16 4 165871 0 0 0 16 6
636 A 166056 165955 13 2 39 4 0 0 0 43
637 C 160975 12 42 160892 6 0 0 14 0 9
638 G 159994 32 6 9 159921 0 0 0 17 9
639 A 160079 160024 11 3 25 9 0 0 0 7
640 A 161094 161027 3 0 36 18 0 0 0 10
641 A 161342 161260 3 1 55 6 0 0 0 17
642 A 157756 157691 2 2 48 4 0 0 0 9
643 A 156847 156759 14 18 29 6 0 0 0 21
644 C 153916 14 8 153849 1 0 0 17 0 27
645 A 153531 153463 7 3 39 4 0 0 0 15
646 A 152609 152470 8 2 95 23 0 0 0 11
647 G 156976 13 13 1 156915 0 0 0 26 8
648 G 147325 18 12 2 147265 0 0 0 19 9
649 A 141764 141701 6 1 26 17 0 0 0 13
650 G 143658 8 5 5 143606 0 0 0 9 25
651 T 137398 17 137089 17 4 0 10 0 0 261
652 G 142569 22 8 2 142493 0 0 0 6 38
653 C 141085 10 10 141049 5 0 0 5 0 6
654 T 138962 4 138884 29 3 0 22 0 0 20
655 T 150313 8 150222 32 1 0 26 0 0 24
656 A 142320 142171 7 7 67 39 0 0 0 29
657 C 160526 8 33 160443 11 0 0 18 0 13
658 G 160212 27 6 5 160134 0 0 0 26 14
659 A 147031 146973 10 0 34 8 0 0 0 6
660 G 166630 12 10 5 166517 0 0 0 46 40
661 A 138022 137938 14 4 30 26 0 0 0 10
662 G 141582 12 5 4 141517 0 0 0 23 21
663 A 138706 138621 3 0 29 30 0 0 0 23
664 A 117172 117130 5 0 22 4 0 0 0 11
665 T 118060 10 118014 13 1 0 11 0 0 11
666 G 122868 27 4 1 122810 0 0 0 10 16
667 T 152538 22 152369 28 6 0 34 0 0 79
668 G 158583 35 13 8 158474 0 0 0 34 19
669 C 159214 7 42 159139 6 0 0 6 0 14
670 A 157422 157340 10 9 32 23 0 0 0 8
671 A 159365 159275 16 0 39 5 0 0 0 30
672 C 171409 6 15 171337 4 0 0 29 0 18
673 A 169993 169934 11 1 11 25 0 0 0 11
674 T 164911 6 164850 27 2 0 4 0 0 22
675 T 164911 9 164848 14 0 0 29 0 0 11
676 C 167293 7 11 167245 4 0 0 7 0 19
677 T 167116 17 167008 48 3 0 20 0 0 20
678 C 175622 14 19 175566 2 0 0 12 0 9
679 A 175139 175048 5 6 42 13 0 0 0 25
680 A 175587 175524 15 1 28 6 0 0 0 13
681 A 175454 175305 3 3 115 8 0 0 0 20
682 G 179222 23 5 5 179165 0 0 0 13 11
683 G 183829 15 10 1 183780 0 0 0 12 11
684 A 183061 182988 14 1 38 11 0 0 0 9
685 A 182755 182699 5 1 34 13 0 0 0 3
686 A 182881 182802 5 1 49 6 0 0 0 18
687 A 191142 191048 17 0 53 10 0 0 0 14
688 T 191466 14 191391 44 1 0 3 0 0 13
689 T 188763 5 188704 26 3 0 16 0 0 9
690 T 188412 12 188342 30 2 0 9 0 0 17
691 C 180519 15 22 180443 2 0 0 21 0 16
692 A 180134 180024 8 6 70 13 0 0 0 13
693 A 180154 180080 7 1 51 3 0 0 0 12
694 A 180532 180456 7 10 38 12 0 0 0 9
695 C 186802 3 13 186746 2 0 0 15 0 23
696 A 177720 177662 3 4 37 9 0 0 0 5
697 G 181880 17 8 5 181809 0 0 0 16 25
698 C 184141 14 18 184079 1 0 0 17 0 12
699 T 167960 8 167850 46 4 0 26 0 0 26
700 G 177643 103 7 2 177453 0 0 0 38 40
701 C 144262 7 17 144183 6 0 0 28 0 21
702 A 144857 144747 17 3 26 11 0 0 0 53
703 C 142480 8 14 142429 2 0 0 9 0 18
704 A 143124 143028 6 7 29 35 0 0 0 19
705 A 142038 141943 10 5 50 18 0 0 0 12
706 A 139199 139064 4 4 93 24 0 0 0 10
707 G 152986 25 10 1 152897 0 0 0 33 20
708 G 152278 10 3 3 152218 0 0 0 20 24
709 G 145699 19 8 6 145642 0 0 0 11 13
710 C 144143 6 41 144067 4 0 0 11 0 14
711 A 142381 142281 9 3 32 42 0 0 0 14
712 A 150562 150463 14 0 37 24 0 0 0 24
713 T 139198 9 139143 20 2 0 13 0 0 11
714 G 139519 13 10 3 139472 0 0 0 11 10
715 A 126157 126083 13 1 31 6 0 0 0 23
716 T 133901 5 133798 19 4 0 43 0 0 32
717 G 133528 16 16 4 133464 0 0 0 18 10
718 G 143338 7 6 3 143293 0 0 0 17 12
719 A 143375 143318 13 2 15 11 0 0 0 16
720 T 141302 12 141233 16 0 0 12 0 0 29
721 C 137483 9 10 137444 4 0 0 8 0 8
722 A 137577 137488 4 2 44 26 0 0 0 13
723 A 156694 156582 8 1 47 21 0 0 0 35
724 G 157521 7 5 2 157487 0 0 0 13 7
725 T 157968 14 157825 23 3 0 13 0 0 90
726 G 159569 16 9 2 159519 0 0 0 12 11
727 A 156079 155979 15 0 55 19 0 0 0 11
728 G 161367 15 13 5 161317 0 0 0 5 12
729 A 160800 160697 7 2 60 9 0 0 0 25
730 G 161908 19 6 3 161847 0 0 0 14 19
731 A 159190 159126 6 1 29 15 0 0 0 13
732 A 155852 155772 6 2 54 14 0 0 0 4
733 A 166219 166103 2 4 79 17 0 0 0 14
734 G 168217 16 4 1 168172 0 0 0 12 12
735 T 168411 9 168252 19 2 0 9 0 0 120
736 C 162893 10 35 162813 3 0 0 11 0 21
737 G 162537 30 22 3 162447 0 0 0 16 19
738 G 163653 17 29 5 163580 0 0 0 11 11
739 A 162887 162841 6 1 22 9 0 0 0 8
740 A 163888 163762 9 1 31 3 0 0 0 82
741 C 165601 9 20 165540 0 0 0 10 0 22
742 C 190456 9 10 190372 3 0 0 35 0 27
743 C 196607 11 20 196526 7 0 0 29 0 14
744 A 197485 197374 8 6 58 23 0 0 0 16
745 G 205925 23 8 3 205844 0 0 0 31 16
746 G 203277 23 9 6 203200 0 0 0 14 25
747 A 203282 203187 7 0 44 24 0 0 0 20
748 A 206315 206212 4 2 43 32 0 0 0 22
749 A 192483 192403 9 0 43 12 0 0 0 16
750 T 208939 20 208813 30 5 0 36 0 0 35
751 G 211118 38 12 11 211023 0 0 0 16 18
752 C 236767 26 33 236634 8 0 0 32 0 34
753 T 233082 4 232923 87 9 0 33 0 0 26
754 G 236575 33 15 8 236465 0 0 0 38 16
755 A 225909 225747 11 4 93 28 0 0 0 26
756 G 229006 24 8 5 228933 0 0 0 17 19
757 A 228603 228518 9 3 36 12 0 0 0 25
758 T 231116 15 231025 25 7 0 15 0 0 29
759 C 227533 16 41 227435 5 0 0 19 0 17
760 G 227417 50 18 18 227287 0 0 0 31 13
761 A 219435 219320 22 2 35 15 0 0 0 41
762 A 218419 218226 6 1 151 11 0 0 0 24
763 G 235553 10 10 7 235480 0 0 0 16 30
764 A 235822 235697 17 1 41 11 0 0 0 55
765 T 229660 11 229563 32 2 0 26 0 0 26
766 C 229510 8 16 229433 4 0 0 25 0 24
767 T 218924 20 218793 40 2 0 39 0 0 30
768 C 222952 13 24 222890 4 0 0 13 0 8
769 A 222406 222288 8 1 53 19 0 0 0 37
770 T 222802 12 222723 19 4 0 15 0 0 29
771 C 221076 5 6 221005 4 0 0 22 0 34
772 T 206249 9 206163 54 2 0 6 0 0 15
773 T 208792 4 208723 36 2 0 14 0 0 13
774 T 210554 5 210485 32 2 0 13 0 0 17
775 C 209013 10 12 208927 10 0 0 34 0 20
776 T 209090 19 208990 33 6 0 18 0 0 24
777 G 204558 25 13 6 204480 0 0 0 21 13
778 G 208783 57 14 13 208680 0 0 0 4 15
779 C 207870 15 57 207747 11 0 0 12 0 28
780 A 207667 207525 12 2 69 9 0 0 0 50
781 C 206892 9 47 206769 2 0 0 35 0 30
782 G 215195 27 9 5 215089 0 0 0 23 42
783 G 217203 22 4 4 217150 0 0 0 6 17
784 T 216921 8 216738 35 2 0 9 0 0 129
785 C 217763 7 20 217696 4 0 0 9 0 27
786 T 223398 9 223187 93 4 0 69 0 0 36
787 G 218401 74 22 9 218260 0 0 0 22 14
788 C 225484 19 55 225337 9 0 0 35 0 29
789 A 216640 216347 22 4 46 33 0 0 0 188
790 C 213140 12 16 213029 5 0 0 20 0 58
791 T 193801 13 193688 40 4 0 21 0 0 35
792 C 210998 10 36 210864 4 0 0 35 0 49
793 A 229195 229042 16 6 36 50 0 0 0 45
794 T 222864 17 222709 62 1 0 47 0 0 28
795 A 217837 217611 19 1 68 12 0 0 0 126
796 T 241569 7 241439 25 4 0 55 0 0 39
797 T 252789 10 252604 40 5 0 39 0 0 91
798 G 303489 41 34 9 303257 0 0 0 85 63
799 A 325741 325339 16 1 83 57 0 0 0 245
800 G 372960 24 26 3 372745 0 0 0 69 93
801 A 354656 352079 20 10 112 39 0 0 0 2396
802 G 358349 48 21 6 358252 0 0 0 12 10
803 G 376644 25 14 3 376552 0 0 0 24 26
804 G 377360 34 29 5 377148 0 0 0 6 138
805 T 382162 43 381672 68 5 0 21 0 0 353
806 C 383578 18 50 383311 12 0 0 24 0 163
807 A 381683 381163 33 6 128 44 0 0 0 309
808 G 386505 30 9 3 386050 0 0 0 8 405
809 T 385875 20 385750 46 3 0 2 0 0 54
810 T 384519 20 384348 65 2 0 9 0 0 75
811 G 386757 72 15 9 386369 0 0 0 31 261
812 C 379258 12 40 379123 20 0 0 15 0 48
813 T 379464 10 378501 70 4 0 21 0 0 858
814 C 382201 20 55 382067 12 0 0 7 0 40
815 A 381342 380799 42 5 60 41 0 0 0 395
816 C 382819 15 33 380546 7 0 0 17 0 2201
817 A 379850 379669 11 7 76 27 0 0 0 60
818 A 381619 381331 14 3 189 24 0 0 0 58
819 A 381267 380908 24 1 92 11 0 0 0 231
820 T 380420 12 380193 44 2 0 20 0 0 149
821 C 378055 9 21 376683 2 0 0 30 0 1310
822 T 377895 17 377730 72 5 0 46 0 0 25
823 T 371069 11 370914 50 8 0 31 0 0 55
824 G 371007 30 12 10 370604 0 0 0 17 334
825 T 361360 42 361143 56 0 0 23 0 0 96
826 C 361044 13 43 360836 7 0 0 13 0 132
827 T 334001 26 333005 16 10 0 5 0 0 939
828 G 334063 27 22 14 332681 0 0 1 11 1307
829 C 332203 21 102 332003 25 0 0 34 0 18
830 C 330982 22 60 330787 17 0 0 55 0 41
831 C 273652 36 61 273498 7 0 0 19 0 31
832 G 247672 72 28 11 247500 0 0 0 14 47
833 C 251699 19 26 251630 6 0 0 10 0 8
834 C 249821 14 30 249717 9 0 0 13 0 38
835 T 243907 10 243658 151 18 0 21 0 0 49
836 G 235351 30 11 4 235267 0 0 0 21 18
837 T 226163 22 225945 32 7 0 50 0 0 107
838 G 233355 21 7 5 233231 0 0 0 41 50
839 T 189372 18 189224 23 6 0 41 0 0 60
840 G 203796 58 10 4 203443 0 0 0 80 201
841 T 123822 7 123737 30 3 0 20 0 0 25
842 A 126133 125755 14 0 91 32 0 0 0 241
843 T 122130 15 120750 7 9 0 25 0 0 1324
844 G 120757 23 7 6 120690 0 0 0 28 3
845 G 134803 32 11 10 134518 0 0 0 26 206
846 A 132031 88249 14 9 34 15 0 1 0 43709
847 C 142114 7 17 142030 8 0 0 35 0 17
848 C 144551 27 9 144467 5 0 0 34 0 9
849 T 142019 11 141884 37 26 0 43 0 0 18
850 G 233692 79 26 15 233430 0 0 0 87 55
851 C 236542 11 58 236404 13 0 0 43 0 13
852 C 234884 11 60 234777 9 0 0 11 0 16
853 G 235170 49 13 9 235066 0 0 0 11 22
854 T 243289 15 243104 58 8 0 73 0 0 31
855 A 247006 246843 10 1 112 10 0 0 0 30
856 G 253868 33 21 5 253783 0 0 0 11 15
857 C 253809 3 23 253756 8 0 0 6 0 13
858 C 261706 16 34 261587 5 0 0 7 0 57
859 A 316378 316211 20 7 44 58 0 0 0 38
860 G 319097 26 11 34 318966 0 0 0 50 10
861 T 318879 39 318707 41 6 0 28 0 0 58
862 G 337101 41 18 5 336970 0 0 0 28 39
863 G 336024 22 22 3 335925 0 0 0 33 19
864 C 339218 15 31 339135 8 0 0 10 0 19
865 T 337316 11 337161 114 2 0 21 0 0 7
866 A 339470 339214 32 2 129 41 0 0 0 52
867 C 336631 9 100 336468 3 0 0 8 0 43
868 G 360581 44 10 7 360451 0 0 0 33 36
869 A 360899 360689 20 2 33 23 0 0 0 132
870 C 362728 5 24 362630 2 0 0 26 0 41
871 T 353687 11 353586 62 3 0 11 0 0 14
872 T 354699 17 354614 36 2 0 16 0 0 14
873 C 354319 35 58 354144 11 0 0 54 0 17
874 G 355466 65 17 15 355318 0 0 0 27 24
875 A 355042 354896 11 5 82 39 0 0 0 9
876 A 355116 355006 14 1 80 4 0 0 0 11
877 A 354167 354014 5 2 131 4 0 0 0 11
878 A 354281 354137 11 2 93 8 0 0 0 30
879 A 353655 353309 11 4 280 10 0 0 0 41
880 G 354978 32 16 6 354877 0 0 0 22 25
881 A 349980 349797 19 9 98 17 0 0 0 40
882 G 342012 38 24 8 341905 0 0 0 20 17
883 G 340347 31 27 6 340237 0 0 0 23 23
884 G 337561 60 20 8 337398 1 0 0 58 16
885 A 320374 320162 32 3 52 30 0 0 0 95
886 T 317422 14 317232 63 0 0 47 0 0 66
887 A 267512 266825 19 2 75 42 0 0 0 549
888 C 265340 4 11 265249 3 0 0 35 0 38
889 T 233006 17 232901 37 3 0 15 0 0 33
890 C 238632 14 15 238561 2 0 0 14 0 26
891 T 254211 6 254055 61 2 0 42 0 0 45
892 T 250826 6 250733 32 1 0 48 0 0 6
893 T 251749 9 251612 45 4 0 49 0 0 30
894 A 262493 262189 13 2 190 54 0 0 1 44
895 G 274698 26 16 8 274590 0 0 0 34 24
896 T 264691 22 264344 42 20 0 23 0 0 240
897 G 259385 36 16 5 259255 0 0 0 63 10
898 G 260322 23 16 3 260147 0 0 0 87 46
899 G 231837 29 12 9 231719 0 0 0 36 32
900 A 293051 292844 21 6 50 68 0 0 0 62
901 A 302744 302576 22 4 56 65 0 0 0 21
902 T 303579 35 303434 47 7 0 22 0 0 34
903 A 301206 300931 15 4 150 93 0 0 1 12
904 G 306157 36 14 4 306064 0 0 0 17 22
905 A 312122 311437 22 15 42 22 0 0 0 584
906 C 317057 19 17 316970 6 0 0 20 0 25
907 C 314328 17 15 314208 12 0 0 7 0 69
908 C 334894 18 25 334802 2 0 0 29 0 18
909 T 334635 8 334462 137 10 0 8 0 0 10
910 T 340676 17 340531 60 2 0 28 0 0 38
911 T 327125 26 327005 60 1 0 7 0 0 26
912 C 328218 24 39 328074 5 0 0 58 0 18
913 A 327585 327449 10 3 67 11 0 0 0 45
914 A 329857 329720 13 3 74 26 0 0 0 21
915 A 335032 334825 24 12 87 26 0 0 0 58
916 C 335272 6 25 335170 3 0 0 21 0 47
917 T 333211 13 333052 66 12 0 23 0 0 45
918 G 336092 73 19 8 335946 0 0 0 21 25
919 C 338242 9 20 338127 9 0 0 34 1 42
920 T 339130 10 339024 53 6 0 14 0 0 23
921 T 338652 35 338525 47 3 0 6 0 0 36
922 C 342722 12 38 342611 1 0 0 32 0 28
923 A 341979 341815 13 10 74 42 0 0 0 25
924 A 341888 341755 9 0 68 35 0 0 0 21
925 A 342110 341971 7 1 96 21 0 0 0 14
926 A 341268 341086 17 18 77 6 0 0 0 64
927 C 344126 12 40 344036 2 0 0 12 0 24
928 A 337096 336938 28 9 48 16 0 0 0 57
929 G 346251 43 15 17 346099 0 0 0 32 45
930 C 349023 33 40 348878 27 0 0 28 0 17
931 C 358217 18 38 358082 13 0 0 37 0 29
932 A 354540 354392 23 3 91 21 0 0 0 10
933 A 355317 355126 13 6 106 46 0 0 0 20
934 G 393086 37 7 4 392906 0 0 0 53 79
935 T 403092 23 402713 41 2 0 90 0 0 223
936 A 387486 387247 28 2 134 40 0 0 0 35
937 T 376467 18 376273 52 1 0 75 0 0 48
938 A 362657 362270 24 7 135 116 0 0 0 105
939 C 339105 13 137 338866 9 0 0 41 0 39
940 A 328576 328404 13 8 83 30 0 0 0 38
941 G 367233 33 31 13 367086 0 0 0 35 35
942 C 375056 15 26 374900 16 0 0 48 0 51
943 C 324440 15 23 324355 9 0 0 28 0 10
944 T 369457 14 369116 157 7 0 117 0 0 46
945 A 388538 388280 12 3 88 114 0 0 0 41
946 A 391267 390997 28 6 152 62 0 0 0 22
947 T 399227 26 398983 44 4 0 74 0 0 96
948 C 348975 23 44 348824 11 0 0 33 0 40
949 A 330238 329984 13 14 162 23 0 0 0 42
950 G 330727 30 16 11 330635 0 0 0 17 18
951 A 331568 331313 21 7 66 4 0 0 0 157
952 C 339135 14 24 339038 9 0 0 33 0 17
953 C 334792 16 53 334666 6 0 0 19 0 32
954 G 336933 62 11 11 336789 1 0 0 30 29
955 A 341697 341597 18 3 36 24 0 0 0 19
956 A 349103 348844 22 2 142 34 0 0 0 59
957 C 341572 9 79 341436 3 0 0 26 0 19
958 G 341299 43 20 3 341195 0 0 0 19 19
959 A 354781 354597 38 1 57 42 0 0 0 46
960 G 356476 32 11 8 356383 0 0 0 23 19
961 A 362351 362262 8 2 49 17 0 0 0 13
962 A 371782 371618 19 1 105 14 0 0 0 25
963 T 371084 33 370893 46 2 0 5 0 0 105
964 C 371419 19 22 371335 5 0 0 26 0 12
965 C 372569 18 46 372456 10 0 0 11 1 27
966 A 369681 369455 8 10 128 47 0 0 0 33
967 G 373882 42 17 8 373752 0 0 0 27 36
968 C 368815 19 53 368695 8 0 0 19 0 21
969 A 381755 381422 55 7 89 32 0 0 0 150
970 C 394740 19 39 394597 6 0 0 21 0 58
971 A 385963 385683 33 8 75 38 0 0 0 126
972 C 390092 20 32 390006 5 0 0 8 0 21
973 A 388259 388019 12 4 139 56 0 0 0 29
974 A 390889 390535 31 8 248 32 0 0 0 35
975 G 393477 26 14 3 393319 0 0 0 28 87
976 A 373380 373223 36 3 58 28 0 0 0 32
977 G 375911 36 15 9 375770 0 0 0 38 43
978 T 329537 32 328970 45 6 0 58 0 0 426
979 C 353122 19 45 352908 10 0 0 85 0 55
980 A 330227 329959 13 3 170 49 0 0 0 33
981 G 331177 32 30 7 331022 0 0 0 68 18
982 C 330663 25 73 330411 7 0 0 63 0 84
983 T 263753 15 263647 40 6 0 24 0 0 21
984 G 276584 27 11 9 276485 0 0 0 21 31
985 G 277740 17 15 4 277671 0 0 0 17 16
986 T 274863 11 274432 41 19 0 22 0 0 338
987 G 330011 40 16 6 329822 0 0 0 58 69
988 T 319425 20 319122 41 10 0 87 0 0 145
989 G 315133 38 32 7 314970 0 0 0 52 34
990 G 269535 24 19 4 269466 0 0 0 12 10
991 A 267763 267635 24 1 33 22 0 0 0 48
992 T 270569 25 270423 26 7 0 27 0 0 61
993 G 265088 46 10 7 264960 0 0 0 41 24
994 G 259542 52 14 9 259428 0 0 0 21 18
995 C 262830 14 47 262700 12 0 0 18 0 39
996 A 265682 265558 11 2 62 15 0 0 0 34
997 T 278893 20 278769 54 6 0 14 0 0 30
998 G 282836 56 22 13 282674 0 0 0 23 48
999 C 287747 10 50 287639 11 0 0 13 0 24
1000 C 287375 26 43 287257 11 0 0 16 0 22
1001 A 287604 287490 23 5 39 7 0 0 0 40
1002 T 288471 8 288361 56 3 0 20 0 0 23
1003 T 281868 16 281779 19 2 0 30 0 0 22
1004 C 277589 23 31 277475 14 0 0 21 0 25
1005 T 270273 25 270113 89 2 0 23 0 0 21
1006 G 274118 62 17 10 273969 0 0 0 12 48
1007 C 286065 23 34 285918 12 0 0 36 0 42
1008 T 268705 15 268569 75 4 0 17 0 0 25
1009 G 271590 53 22 12 271451 0 0 0 31 21
1010 C 260766 16 39 260660 8 0 0 25 0 18
1011 A 257268 257181 16 4 28 15 0 0 0 24
1012 T 266116 7 266025 31 2 0 26 0 0 25
1013 T 263588 9 263490 40 6 0 16 0 0 27
1014 T 264195 6 264098 52 3 0 13 0 0 23
1015 G 263377 24 24 2 263303 0 0 0 7 17
1016 A 256914 256783 15 3 70 20 0 0 0 23
1017 A 257413 257217 21 13 118 21 0 0 0 23
1018 G 249533 14 2 5 249479 0 0 0 17 16
1019 A 254473 254370 15 0 29 22 0 0 0 37
1020 T 255855 12 255784 25 0 0 13 0 0 21
1021 C 251287 21 25 251205 3 0 0 20 0 13
1022 T 251908 17 251762 78 0 0 37 1 0 13
1023 A 241890 241763 5 0 53 52 0 0 0 17
1024 A 240800 240602 9 7 131 25 0 0 0 26
1025 G 241232 23 13 2 241155 0 0 0 16 23
1026 A 235192 235087 12 1 40 12 0 0 0 40
1027 G 252500 11 4 2 252411 0 0 0 18 54
1028 T 216402 13 215768 34 2 0 7 0 0 578
1029 A 214235 214073 20 2 112 16 0 0 0 12
1030 T 209790 16 209710 24 4 0 19 0 0 17
1031 T 209735 17 209605 35 2 0 57 0 0 19
1032 A 219339 219064 14 5 186 36 0 0 0 34
1033 A 192828 192751 1 2 44 16 0 0 0 14
1034 G 188411 8 12 2 188360 0 0 0 18 11
1035 C 189064 4 15 188981 2 0 1 26 0 35
1036 T 165714 7 165665 24 1 0 11 0 0 6
1037 T 200203 18 200067 27 4 0 50 0 0 37
1038 C 201886 14 24 201802 7 0 0 30 0 9
1039 A 208116 208029 27 1 25 15 0 0 0 19
1040 T 208382 16 208320 18 1 0 6 0 0 21
1041 C 204813 10 15 204737 1 0 0 33 0 17
1042 A 207104 206974 12 3 67 32 0 0 0 16
1043 G 201786 12 16 4 201716 0 0 0 28 10
1044 A 203448 203348 9 1 48 19 0 0 0 23
1045 G 200621 16 14 4 200563 0 0 0 7 17
1046 G 207982 19 4 8 207906 0 0 0 24 21
1047 G 243723 49 19 10 243569 0 0 0 32 44
1048 A 241381 241115 21 3 51 27 0 0 0 164
1049 C 244099 19 20 244011 7 0 0 24 0 18
1050 C 236094 25 15 236014 4 0 0 28 0 8
1051 A 238507 238405 2 19 39 25 0 0 0 17
1052 A 250270 250107 15 2 100 27 0 0 0 19
1053 A 247750 247520 10 8 187 12 0 0 1 12
1054 G 250285 23 10 0 250228 0 0 0 9 15
1055 T 246503 21 246268 35 9 0 11 0 0 159
1056 A 245501 245377 13 2 51 14 0 0 0 44
1057 T 248144 20 247974 41 1 0 25 0 0 83
1058 C 246842 12 20 246775 8 0 0 15 0 12
1059 C 244762 16 21 244693 8 0 0 1 0 23
1060 C 242469 21 15 242393 5 0 0 22 0 13
1061 C 232826 21 17 232760 4 0 0 14 0 10
1062 A 233095 232975 12 14 43 32 0 0 0 19
1063 A 230536 230350 11 1 144 10 0 0 0 20
1064 G 232914 42 28 1 232816 0 0 0 2 25
1065 G 227806 11 9 4 227756 0 0 0 9 17
1066 G 226377 19 14 3 226285 0 0 0 24 32
1067 G 211759 23 17 6 211674 0 0 0 21 18
1068 G 198219 59 5 6 198134 0 0 0 10 5
1069 A 196443 196368 8 0 37 16 0 0 0 14
1070 A 203615 203518 9 0 55 22 0 0 0 11
1071 A 203933 203764 15 23 80 18 0 0 0 33
1072 C 207231 20 18 207158 0 0 0 21 0 14
1073 T 198022 8 197911 77 1 0 11 0 0 14
1074 T 197198 8 197102 48 1 0 28 0 0 11
1075 T 201924 13 201785 31 1 0 32 0 0 62
1076 C 174820 8 21 174744 2 0 0 20 0 25
1077 C 183454 11 17 183399 5 0 0 6 0 16
1078 A 204418 204246 22 14 25 26 0 0 0 85
1079 C 209190 6 16 209131 5 0 0 18 0 14
1080 T 209958 9 209855 46 2 0 23 0 0 23
1081 A 203082 202917 21 4 70 57 0 0 0 13
1082 G 201768 9 19 7 201695 0 0 0 14 24
1083 A 203999 203917 9 0 30 22 0 0 0 21
1084 G 203708 19 15 1 203640 0 0 0 22 11
1085 G 214034 13 16 4 213925 0 0 0 41 35
1086 A 180264 180162 10 2 30 23 0 0 0 37
1087 G 202268 17 4 1 202199 0 0 0 20 27
1088 T 201024 16 200514 41 10 0 16 0 0 427
1089 A 201460 201252 24 1 97 17 0 0 0 69
1090 C 205035 17 32 204944 9 0 0 15 0 18
1091 A 197515 197417 11 8 36 34 0 0 0 9
1092 A 197267 197141 14 1 91 9 0 0 0 11
1093 A 231905 231726 21 2 59 52 0 0 0 45
1094 T 227692 10 227565 27 4 0 55 0 0 31
1095 T 218978 8 218844 32 3 0 36 0 0 55
1096 G 195916 20 10 15 195841 0 0 0 13 17
1097 C 193264 6 13 193224 4 0 0 9 0 8
1098 T 194134 1 194083 29 4 0 4 0 0 13
1099 T 193943 12 193878 28 2 0 8 0 0 15
1100 C 193622 9 15 193560 2 0 0 19 0 17
1101 A 190813 190737 9 4 35 17 0 0 0 11
1102 A 193164 193070 4 0 49 22 0 0 0 19
1103 A 195429 195333 14 0 55 19 0 0 0 8
1104 T 196389 14 196321 30 4 0 4 0 0 16
1105 G 195261 25 11 2 195197 0 0 0 14 12
1106 A 193867 193800 7 0 29 15 0 0 0 16
1107 A 195839 195765 5 4 35 12 0 0 0 18
1108 A 196392 196336 3 2 33 12 0 0 0 6
1109 A 197501 197399 6 28 38 6 0 0 0 24
1110 C 205977 0 11 205929 3 0 0 23 0 11
1111 A 205275 205203 14 3 19 23 0 0 0 13
1112 T 219022 9 218903 26 2 0 43 0 0 39
1113 G 210742 24 20 8 210652 0 0 0 23 15
1114 G 209630 16 9 3 209579 0 0 0 19 4
1115 A 216501 216410 14 0 27 14 0 0 0 36
1116 T 215150 22 215040 37 1 0 11 0 0 39
1117 G 218003 20 18 7 217935 0 0 0 13 10
1118 C 250100 15 26 249993 11 0 0 23 0 32
1119 T 244575 12 244440 76 1 0 27 0 0 19
1120 A 245218 245098 30 2 44 15 0 0 0 29
1121 T 236305 20 236229 21 6 0 12 0 0 17
1122 G 242275 30 22 12 242123 0 0 0 66 22
1123 G 243644 13 20 8 243565 0 0 0 18 20
1124 A 234958 234855 19 4 34 30 0 0 0 16
1125 A 235364 235223 13 1 82 25 0 0 0 20
1126 T 208618 12 208515 31 4 0 19 0 0 37
1127 C 205298 13 21 205231 2 0 0 17 0 14
1128 A 201733 201580 21 0 100 15 0 0 0 17
1129 A 201084 200911 20 3 121 25 0 0 0 4
1130 G 202960 14 7 7 202901 0 0 0 18 13
1131 T 192333 23 192138 42 3 0 17 0 0 110
1132 A 192995 192387 11 4 82 21 0 0 0 490
1133 C 207038 4 14 206960 2 0 0 26 0 32
1134 T 198226 10 198132 29 1 0 26 0 0 28
1135 C 205403 15 12 205294 2 0 0 42 0 38
1136 T 177526 8 177443 48 4 0 11 0 0 12
1137 T 179267 10 179151 46 1 0 44 0 0 15
1138 G 180189 27 5 12 180127 0 0 0 6 12
1139 A 190335 190281 7 1 10 12 0 0 0 24
1140 A 191344 191260 10 0 33 10 0 0 0 31
1141 C 192056 3 20 191989 2 0 0 15 0 27
1142 T 187671 1 187622 30 3 0 9 0 0 6
1143 G 192615 12 12 5 192566 0 0 0 8 12
1144 A 200139 200045 6 3 48 14 0 0 0 23
1145 G 203910 7 11 2 203866 0 0 0 11 13
1146 A 202670 202604 9 0 29 4 0 0 0 24
1147 A 234111 233955 3 2 64 39 0 0 0 48
1148 G 237234 27 6 3 237165 0 0 0 21 12
1149 C 263178 14 69 263022 10 0 0 35 0 28
1150 A 262079 261879 19 7 121 35 0 0 0 18
1151 G 261346 20 9 3 261265 0 0 0 30 19
1152 G 300060 39 11 5 299933 0 0 0 32 40
1153 T 299184 25 298640 78 9 0 20 0 0 412
1154 A 303185 302903 30 4 108 19 0 0 0 121
1155 C 315321 10 44 315191 8 0 0 30 0 38
1156 T 299736 15 299528 68 17 0 83 0 0 25
1157 G 306810 35 27 6 306698 0 0 0 20 24
1158 G 311232 31 17 9 311109 0 0 0 33 33
1159 G 301223 36 25 22 301102 0 0 0 11 27
1160 C 328713 22 40 328512 18 0 0 47 1 73
1161 C 300561 17 25 300464 7 0 0 38 0 10
1162 A 310152 309980 38 10 38 42 0 0 0 44
1163 T 310410 16 310285 50 3 0 28 0 0 28
1164 A 306548 306263 7 2 256 13 0 0 0 7
1165 A 320113 319791 15 3 260 28 0 0 0 16
1166 G 315739 22 11 8 315610 0 0 0 36 52
1167 A 301177 301089 20 0 35 11 0 0 0 22
1168 A 300262 300013 24 3 73 17 0 0 0 132
1169 C 299134 11 22 299075 4 0 0 7 0 15
1170 C 320203 15 18 320104 4 0 0 37 0 25
1171 A 313281 313108 11 9 80 45 0 0 0 28
1172 G 318746 19 13 8 318644 0 0 0 30 32
1173 A 318981 318891 9 1 42 14 0 0 0 24
1174 A 314419 314263 11 3 98 16 0 0 0 28
1175 G 322521 20 11 1 322445 0 0 0 31 13
1176 T 307807 22 307278 22 8 0 26 0 0 451
1177 G 309921 27 17 12 309825 0 0 0 29 11
1178 G 315699 20 27 5 315618 0 0 0 15 14
1179 A 314860 314636 34 3 114 23 0 0 0 50
1180 G 318783 42 17 12 318659 0 0 0 30 23
1181 G 324195 35 19 16 324040 0 0 0 37 48
1182 A 295905 295811 19 0 39 21 0 0 0 15
1183 A 295761 295589 13 3 110 32 0 0 0 14
1184 A 295092 294927 12 22 68 13 0 0 0 50
1185 C 299863 20 32 299767 1 0 0 23 0 20
1186 A 300216 299899 22 15 63 19 0 0 0 198
1187 C 313327 15 15 313247 4 0 0 17 0 29
1188 T 308026 26 307857 84 7 0 28 0 0 24
1189 A 325852 325622 19 1 145 19 0 0 0 46
1190 A 346358 346183 11 2 88 50 0 0 0 24
1191 T 345873 34 345657 39 7 0 78 0 0 58
1192 C 348816 33 38 348684 5 0 0 32 0 24
1193 A 338896 338708 18 6 68 78 0 0 0 18
1194 A 339440 339222 19 16 102 31 0 0 0 50
1195 C 343634 27 39 343457 6 0 0 48 0 57
1196 A 296003 295767 15 10 167 23 0 0 0 21
1197 G 292718 16 27 10 292602 0 0 0 29 34
1198 A 268953 268810 15 6 78 25 0 0 0 19
1199 G 272489 27 31 4 272366 0 0 0 34 27
1200 G 289164 27 12 3 288995 0 0 0 62 65
1201 G 249639 31 23 14 249539 0 0 0 18 14
1202 C 252828 13 36 252717 13 0 0 17 0 32
1203 C 256215 11 29 256132 9 0 0 15 0 19
1204 T 254070 10 253934 59 2 0 42 0 0 23
1205 C 262118 15 20 262027 4 0 0 27 0 25
1206 T 254071 18 253897 100 8 0 23 0 0 25
1207 G 251231 39 14 14 251117 0 0 0 20 27
1208 C 248372 21 90 248215 7 0 0 22 0 17
1209 A 240096 239907 7 6 115 27 0 0 0 34
1210 G 251235 23 13 8 251135 0 0 0 30 26
1211 G 249919 17 8 5 249866 0 0 0 7 16
1212 T 250864 22 250432 56 8 0 20 0 0 326
1213 C 251012 16 26 250929 2 0 0 13 0 26
1214 A 242693 242553 14 8 65 35 0 0 0 18
1215 A 254278 254124 20 2 74 22 0 0 0 36
1216 A 244026 243892 19 5 72 18 0 0 0 20
1217 T 244716 20 244619 23 1 0 14 0 0 39
1218 C 243005 12 29 242886 3 0 0 25 0 50
1219 A 225177 225042 8 8 76 20 0 0 0 23
1220 G 234494 18 5 5 234429 0 0 0 19 18
1221 T 225262 27 225096 41 3 0 9 0 0 86
1222 G 225987 34 3 3 225910 0 0 0 10 27
1223 T 223441 28 223248 53 2 0 17 0 0 93
1224 G 214797 53 15 5 214684 0 0 0 22 18
1225 C 219795 13 121 219561 10 0 0 58 0 32
1226 A 216086 215969 10 7 50 26 0 0 0 24
1227 A 214954 214711 19 5 81 17 0 0 0 121
1228 C 213860 6 22 213787 4 0 0 14 0 27
1229 C 211550 15 11 211478 3 0 0 24 0 19
1230 T 188660 16 188504 80 16 0 21 0 0 23
1231 G 191084 88 15 7 190941 0 0 0 20 13
1232 C 204739 17 43 204611 5 0 0 31 0 32
1233 A 198037 197928 12 4 44 28 0 0 0 21
1234 T 199860 15 199742 32 3 0 44 0 0 24
1235 T 197793 10 197686 32 4 0 43 0 0 18
1236 T 180679 10 180606 34 1 0 22 0 0 6
1237 T 181671 8 181587 28 2 0 19 0 0 27
1238 C 162633 11 20 162581 2 0 0 10 0 9
1239 T 149348 6 149259 51 6 0 5 0 0 21
1240 G 155752 19 9 5 155679 0 0 0 18 22
1241 T 148455 13 148365 32 9 0 1 0 0 35
1242 G 152510 29 14 8 152426 0 0 0 17 16
1243 C 152358 13 32 152269 13 0 0 14 0 17
1244 A 149805 149714 11 8 36 22 0 0 0 14
1245 A 152762 152641 5 4 89 8 0 0 0 15
1246 A 151933 151791 5 6 116 10 0 0 0 5
1247 G 156470 25 5 5 156396 0 0 0 18 21
1248 A 153206 153140 2 1 26 20 0 0 0 17
1249 A 136769 136659 5 2 75 9 0 0 0 19
1250 A 145286 144918 7 4 75 14 0 0 0 268
1251 C 145470 9 9 145407 2 0 0 27 0 16
1252 C 159428 13 16 159362 2 0 0 26 0 9
1253 T 160988 20 160864 49 1 0 23 0 0 31
1254 C 159267 16 16 159212 5 0 0 15 0 3
1255 C 169032 8 10 168978 5 0 0 16 0 15
1256 C 165924 17 14 165865 3 0 0 12 0 13
1257 A 168510 168443 13 4 17 19 0 0 0 14
1258 T 168904 9 168828 23 4 0 21 0 0 19
1259 T 156715 7 156657 26 1 0 17 0 0 7
1260 T 159305 7 159222 54 2 0 6 0 0 14
1261 G 158534 19 13 7 158478 0 0 0 2 15
1262 A 163555 163428 13 3 57 12 0 0 0 42
1263 C 162634 10 21 162563 3 0 0 22 0 15
1264 A 157035 156975 2 5 39 8 0 0 0 6
1265 A 162740 162580 2 1 133 12 0 0 0 12
1266 A 164252 164045 7 7 141 8 0 0 0 44
1267 C 172931 10 17 172866 0 0 0 29 0 9
1268 C 171910 11 9 171826 6 0 0 30 0 28
1269 A 157219 157134 5 5 28 22 0 0 0 25
1270 A 166540 166377 14 2 30 25 0 0 0 92
1271 C 166187 8 13 166120 4 0 0 21 0 21
1272 C 181129 7 22 181060 4 0 0 26 0 10
1273 A 180471 180407 13 2 14 17 0 0 0 18
1274 T 184603 21 184479 22 1 0 24 0 0 56
1275 C 187487 16 31 187395 2 0 0 22 0 21
1276 A 182122 182023 15 2 37 29 0 0 0 16
1277 T 187906 13 187812 26 3 0 23 0 0 29
1278 G 180948 20 8 5 180877 0 0 0 28 10
1279 G 180957 29 11 8 180876 0 0 0 18 15
1280 C 170166 9 43 170069 10 0 0 6 0 29
1281 A 165492 165387 10 8 61 9 0 0 0 17
1282 G 171774 29 5 5 171709 0 0 0 7 19
1283 C 171011 6 21 170949 7 0 0 11 0 17
1284 A 169264 169171 15 3 60 2 0 0 0 13
1285 T 170152 7 170099 19 2 0 7 0 0 18
1286 T 167727 11 167681 14 4 0 5 0 0 12
1287 C 170425 11 17 170361 8 0 0 18 0 10
1288 A 169356 169205 18 2 55 13 0 0 0 63
1289 C 159977 7 9 159923 3 0 0 16 0 19
1290 T 163900 10 163823 27 8 0 12 0 0 20
1291 G 187804 30 20 4 187682 0 0 0 40 28
1292 G 194043 16 12 9 193955 0 0 0 34 17
1293 G 198815 35 15 8 198712 0 0 0 31 14
1294 A 195219 195105 14 16 30 25 0 0 0 29
1295 A 200362 200147 38 1 111 40 0 0 0 25
1296 T 191213 9 191110 45 2 0 34 0 0 13
1297 A 212719 212342 20 1 257 30 0 0 1 68
1298 C 240180 8 51 240046 5 0 0 53 0 17
1299 A 236401 236133 17 10 159 38 0 0 0 44
1300 G 238708 11 26 11 238630 0 0 0 14 16
1301 A 238890 238686 9 8 114 22 0 0 0 51
1302 G 254383 36 17 3 254290 0 0 0 25 12
1303 G 249764 22 17 7 249682 0 0 0 21 15
1304 G 250532 40 18 14 250420 0 0 0 14 26
1305 A 250303 250192 12 2 60 15 0 0 0 22
1306 A 248050 247729 21 3 253 29 0 0 0 15
1307 G 252082 28 24 4 251899 0 0 0 10 117
1308 A 251178 251087 15 1 40 9 0 0 0 26
1309 A 259749 259522 19 3 125 19 0 0 0 61
1310 C 278105 17 28 277984 2 0 0 31 0 43
1311 A 269868 269712 22 10 77 25 0 0 0 22
1312 T 273455 10 273349 31 4 0 16 0 0 45
1313 C 268254 20 30 268163 9 0 0 17 0 15
1314 A 264706 264485 17 6 134 47 0 0 0 17
1315 G 266183 14 11 12 266106 0 0 0 24 16
1316 A 260476 260281 36 3 38 35 0 0 0 83
1317 C 263086 11 30 262995 3 0 0 16 0 31
1318 A 259260 259158 11 6 35 11 0 0 0 39
1319 T 248999 9 248930 32 1 0 15 0 0 12
1320 G 253749 34 20 7 253631 0 0 0 24 33
1321 A 243669 243542 19 4 59 16 0 0 0 29
1322 G 246035 24 29 4 245950 0 0 0 19 9
1323 G 247408 31 15 7 247310 0 0 0 23 22
1324 G 244282 40 13 9 244188 0 0 0 16 16
1325 C 244418 16 28 244325 6 0 0 16 0 27
1326 A 240207 240074 14 2 80 18 0 0 0 19
1327 G 243318 29 11 7 243230 0 0 0 14 27
1328 A 242831 242762 11 2 38 6 0 0 0 12
1329 A 244591 244329 10 0 223 3 0 0 0 26
1330 A 249998 249826 15 0 112 18 0 0 0 27
1331 T 248547 7 248448 42 7 0 13 0 0 30
1332 T 260019 9 259917 46 5 0 27 0 0 15
1333 A 261155 260550 29 1 529 36 0 0 0 10
1334 T 258342 19 258222 53 2 0 36 0 0 10
1335 A 258098 257680 7 2 336 59 0 0 0 14
1336 A 249749 249298 18 6 395 17 0 0 0 15
1337 G 259681 19 24 3 259570 0 0 0 36 29
1338 G 251350 25 12 6 251259 0 0 0 21 27
1339 A 261445 261257 25 5 39 62 0 0 0 57
1340 T 216287 19 216165 33 2 0 36 0 0 32
1341 G 208737 20 12 3 208649 0 0 0 36 17
1342 A 202523 202382 25 1 54 39 0 0 0 22
1343 T 204247 17 204169 24 3 0 13 0 0 21
1344 G 197918 34 14 5 197838 0 0 0 8 19
1345 G 201295 29 9 3 201204 0 0 0 26 24
1346 A 187441 187328 14 8 63 9 0 0 0 19
1347 A 198874 198656 13 0 151 32 0 0 0 22
1348 G 202659 33 12 3 202570 0 0 0 30 11
1349 G 225152 19 10 6 225049 0 0 0 39 29
1350 T 218608 26 218089 40 29 1 14 0 0 409
1351 G 211263 106 40 10 211077 0 0 0 9 21
1352 C 211215 20 95 211059 26 0 0 6 0 9
1353 A 206800 206683 8 21 38 38 0 0 0 12
1354 A 206847 206750 6 2 63 14 0 0 0 12
1355 A 209621 209437 7 1 137 21 0 0 0 18
1356 A 211898 211524 13 29 226 13 0 0 0 93
1357 C 214085 9 8 214024 0 0 0 23 0 21
1358 C 205453 14 11 205397 5 0 0 6 0 20
1359 A 194217 194092 12 3 91 6 0 0 0 13
1360 G 199534 13 9 3 199475 0 0 0 14 20
1361 A 196500 196343 7 1 125 12 0 0 0 12
1362 A 205256 204567 14 0 637 26 0 0 0 12
1363 G 209940 16 7 4 209873 0 0 0 22 18
1364 A 209000 208845 7 1 91 29 0 0 0 27
1365 A 207444 206669 9 1 739 6 0 0 0 20
1366 A 209665 208977 9 0 640 8 0 0 2 29
1367 T 210363 15 210262 30 4 0 13 0 0 39
1368 G 211940 32 8 6 211875 0 0 0 2 17
1369 T 209537 12 209433 34 3 0 12 0 0 43
1370 C 212593 4 21 212514 6 0 0 22 0 26
1371 C 208565 12 24 208501 2 0 0 12 0 14
1372 T 214665 14 214556 50 1 0 28 0 0 16
1373 T 216180 20 216083 43 0 0 9 0 0 25
1374 C 217615 9 19 217555 5 0 0 22 0 5
1375 C 216614 19 29 216531 12 0 0 11 0 12
1376 A 217345 217048 12 18 213 34 0 0 0 20
1377 G 218027 36 10 5 217954 0 0 0 14 8
1378 G 219643 15 5 2 219585 0 0 0 18 18
1379 G 216069 22 10 7 215985 0 0 0 23 22
1380 G 197735 24 11 13 197661 0 0 0 14 12
1381 C 183850 10 35 183710 66 0 0 18 0 11
1382 G 182883 50 18 45 182757 0 0 0 6 7
1383 G 189779 32 10 5 189686 0 0 0 33 13
1384 G 189516 30 25 9 189423 0 0 0 14 15
1385 G 191727 84 8 5 191573 0 0 0 33 24
1386 A 175288 169169 14 1 86 19 0 0 0 5999
1387 G 165741 16 7 2 165673 0 0 0 16 27
1388 T 159775 10 155200 21 1 0 10 0 0 4533
1389 C 162253 10 16 162169 3 0 0 15 0 40
1390 T 154827 6 154737 50 3 0 3 0 0 28
1391 T 155193 8 155126 28 0 0 21 0 0 10
1392 C 157207 14 40 156943 4 0 0 12 0 194
1393 G 202705 41 21 9 202452 0 0 1 48 133
1394 A 200830 200313 6 3 72 35 0 0 1 400
1395 G 205451 22 18 3 205349 0 0 0 21 38
1396 C 192998 6 11 192905 3 0 0 19 0 54
1397 T 190388 8 190214 25 5 0 24 0 0 112
1398 C 183187 7 13 183134 4 0 0 10 0 19
1399 T 182569 13 182481 42 6 0 8 0 0 19
1400 C 184668 28 55 184544 10 0 0 13 0 18
1401 G 185415 25 6 10 185340 0 0 0 6 28
1402 G 199644 24 7 6 199557 0 0 0 29 21
1403 A 222572 222114 7 8 68 31 0 0 0 344
1404 C 229934 30 36 229805 10 0 0 27 0 26
1405 G 243626 83 17 33 243448 0 1 0 16 28
1406 A 256107 255855 18 2 149 39 0 0 0 44
1407 A 253994 253232 12 9 724 3 0 0 1 13
1408 A 255715 254656 6 11 998 21 0 0 1 22
1409 G 257148 39 32 3 256977 0 0 0 6 91
1410 G 258275 30 10 8 258168 0 0 0 37 22
1411 G 250870 35 16 7 250790 0 0 0 10 12
1412 C 249279 20 100 249051 14 0 0 20 0 74
1413 A 247941 247653 10 11 201 23 0 0 1 42
1414 G 251578 23 27 7 251489 0 0 0 11 21
1415 C 248245 17 112 248076 14 0 0 8 0 18
1416 G 264616 78 16 5 264438 0 0 0 37 42
1417 A 264891 264790 10 3 42 22 0 0 0 24
1418 A 265295 264894 16 5 207 24 0 0 0 149
1419 C 263596 15 39 263498 3 0 0 11 0 30
1420 C 261867 10 17 261790 7 0 0 25 0 18
1421 C 250210 28 41 250117 9 0 0 9 0 6
1422 G 248804 57 16 7 248672 0 0 0 13 39
1423 A 249712 249537 12 2 122 5 0 0 0 34
1424 T 250252 20 250157 23 1 0 7 0 0 44
1425 C 245486 12 34 245379 5 0 0 23 0 33
1426 G 240293 90 11 3 240149 0 0 0 24 16
1427 T 234070 10 233898 28 3 0 23 0 0 108
1428 G 218259 65 23 7 218123 0 0 0 27 14
1429 C 217967 9 28 217889 4 0 0 13 0 24
1430 C 219586 8 22 219495 5 0 0 28 0 28
1431 C 218906 18 23 218833 1 0 0 7 0 24
1432 T 212880 11 212787 56 5 0 7 0 0 14
1433 C 231268 12 31 231170 5 0 0 18 0 32
1434 T 227552 8 227342 151 1 0 40 0 0 10
1435 T 279042 6 278797 79 7 0 83 0 0 70
1436 T 236817 9 236715 33 4 0 39 0 0 17
1437 T 241378 19 241180 40 33 0 74 0 0 32
1438 G 236674 49 6 9 236585 0 0 0 12 13
1439 A 234680 234477 30 28 84 17 0 0 0 44
1440 C 243389 27 48 243292 5 0 0 12 0 5
1441 A 241746 241579 18 2 85 27 0 0 0 35
1442 T 218887 5 218801 47 3 0 19 0 0 12
1443 G 285529 31 40 7 285351 0 0 0 53 47
1444 A 282775 282511 24 1 169 36 0 0 0 34
1445 G 321012 26 18 1 320893 0 0 0 33 41
1446 T 322358 30 321953 67 13 0 25 0 0 270
1447 A 314274 313798 12 1 394 57 0 0 0 12
1448 A 317669 317377 18 1 252 13 0 0 0 8
1449 T 316366 29 316182 38 6 0 81 0 0 30
1450 G 316478 38 13 5 316386 0 0 0 20 16
1451 A 300631 300438 26 2 107 18 0 0 0 40
1452 A 284892 284462 12 6 375 13 0 0 0 24
1453 G 282531 15 23 1 282433 0 0 0 25 34
1454 G 269032 10 9 9 268935 0 0 0 14 55
1455 A 266710 266612 24 2 37 8 0 0 0 27
1456 T 269699 18 269566 29 0 0 24 0 0 62
1457 C 268723 13 19 268655 4 0 0 21 0 11
1458 T 265246 27 265113 53 8 0 34 0 0 11
1459 T 268319 3 268220 65 1 0 17 0 0 13
1460 A 268801 267782 14 0 946 37 0 0 0 22
1461 T 268514 12 268445 28 0 0 10 0 0 19
1462 T 267725 18 267603 37 1 0 11 0 0 55
1463 T 266043 15 265981 28 0 0 9 0 0 10
1464 C 266431 7 18 266368 3 0 0 15 0 20
1465 T 258035 5 257946 57 4 0 12 0 0 11
1466 T 256813 15 256749 16 1 0 27 0 0 5
1467 C 256302 13 39 256206 6 0 0 20 0 18
1468 G 255475 57 20 6 255351 0 0 0 37 4
1469 G 256953 11 14 9 256878 0 0 0 27 14
1470 A 257185 257057 27 1 50 18 0 0 0 32
1471 G 262448 24 8 10 262367 0 0 0 9 30
1472 A 260097 259945 30 6 29 14 0 0 0 73
1473 C 264514 18 38 264428 1 0 0 7 0 22
1474 A 260545 260445 9 5 57 12 0 0 0 17
1475 A 282072 281912 18 2 71 12 0 0 0 57
1476 T 289991 29 289884 40 7 0 6 0 0 25
1477 G 308904 84 20 17 308714 0 0 0 35 34
1478 C 317416 36 88 317229 11 0 0 29 0 23
1479 A 308270 307971 22 9 111 128 0 0 0 29
1480 G 310541 20 22 6 310425 0 0 0 48 20
1481 A 324680 324396 13 3 80 86 0 0 0 102
1482 G 256268 25 17 1 256183 0 0 0 24 18
1483 G 268269 15 22 6 268138 0 0 0 49 39
1484 A 222511 222424 13 12 28 18 0 0 0 16
1485 G 225881 21 17 5 225813 0 0 0 8 17
1486 T 217493 13 216952 46 12 0 20 0 0 450
1487 A 214016 213569 11 4 353 52 0 0 0 27
1488 C 214163 10 45 214076 3 0 0 12 0 17
1489 G 205363 53 8 11 205265 0 0 0 17 9
1490 A 205239 205076 29 6 55 24 0 0 0 49
1491 C 199403 8 24 199299 4 0 0 37 0 31
1492 A 160148 160073 10 8 43 6 0 0 0 8
1493 A 160102 159962 17 3 98 8 0 0 0 14
1494 T 149780 12 149722 27 3 0 10 0 0 6