# nucleotide counts
# upper case indicates nucleotide called by both reads
# lower case indicates nucleotide called by one read with other ambiguous
# N indicates disagreement between reads, or both ambiguous
# POSITION WT COUNTS A T C G a t c g N
1 A 623402 623130 42 9 158 15 0 0 0 48
2 T 626295 55 626050 76 7 0 3 0 0 104
3 G 626454 93 64 15 626202 0 0 0 2 78
4 G 625277 45 76 19 625010 0 0 0 15 112
5 C 599839 74 167 599437 36 0 0 13 0 112
6 G 611119 153 23 16 610834 0 0 0 21 72
7 T 623338 26 622695 120 14 0 21 0 0 462
8 C 626752 46 73 626537 18 0 0 7 0 71
9 C 628331 76 50 628054 33 0 0 12 0 106
10 C 626601 64 67 626385 18 0 0 6 0 61
11 A 624024 623733 36 12 156 14 0 0 0 73
12 A 624461 624055 30 10 273 16 0 0 0 77
13 G 626093 51 56 22 625882 0 0 0 16 66
14 G 636958 102 65 51 636576 0 0 0 22 142
15 C 596925 72 51 596682 29 0 0 16 0 75
16 A 551503 549548 44 20 76 15 0 0 0 1800
17 C 540178 34 50 539996 22 0 0 16 0 60
18 C 526136 88 49 525923 16 0 0 15 0 45
19 A 524352 524217 18 6 71 15 0 0 0 25
20 A 521172 520989 25 7 116 5 0 0 0 30
21 A 519710 519336 25 32 84 12 0 0 0 221
22 C 519478 43 134 519189 23 0 0 28 0 61
23 G 481278 72 46 16 481093 0 0 0 14 37
24 G 485941 46 32 14 485775 0 0 0 22 52
25 T 487700 31 486330 80 27 0 23 0 0 1209
26 C 509935 35 57 509738 16 0 0 32 0 57
27 T 549580 26 549359 133 6 0 15 0 0 41
28 T 502994 34 502790 118 6 0 19 0 0 27
29 A 505680 505339 53 4 234 9 0 0 0 41
30 T 497830 48 497609 72 34 0 22 0 0 45
31 G 510888 78 58 22 510660 0 0 0 21 49
32 A 527877 527637 48 11 96 25 0 0 0 60
33 A 488948 488657 30 32 73 14 0 0 0 142
34 C 469486 46 80 469252 23 0 0 32 0 53
35 A 418705 418449 31 12 133 19 0 0 0 61
36 G 484300 36 46 14 484131 0 0 0 39 34
37 A 508175 507894 44 6 96 2 0 0 0 133
38 T 510849 46 510653 61 6 0 3 0 0 80
39 G 514482 70 69 8 514283 0 0 0 19 33
40 G 500353 45 76 17 500135 0 0 0 19 61
41 A 502486 502218 30 7 91 12 0 0 0 128
42 A 512808 512623 21 3 107 7 0 0 0 47
43 A 514143 513768 37 20 65 5 0 0 0 248
44 C 550808 33 38 550600 13 0 0 50 0 74
45 T 514783 24 514529 118 5 0 21 0 0 86
46 G 526399 44 76 18 526198 0 0 0 10 53
47 A 523683 523280 36 2 103 10 0 0 0 252
48 T 525794 64 525567 59 10 0 8 0 0 86
49 G 525271 65 94 18 525037 0 0 0 7 50
50 G 533528 66 76 16 533312 0 0 0 6 52
51 G 530884 72 62 24 530669 0 0 0 1 56
52 G 535253 80 58 26 534999 0 0 0 10 80
53 A 518708 518425 21 7 102 5 0 0 0 148
54 A 521434 520976 15 13 126 10 0 0 0 294
55 C 532037 30 113 531802 29 0 0 12 0 51
56 G 531307 173 67 55 530785 0 0 0 5 222
57 C 539271 45 35 539122 21 0 0 8 0 40
58 C 535909 59 68 535708 18 0 0 6 0 50
59 A 533219 532805 52 15 249 8 0 0 0 90
60 G 544777 35 55 18 544587 0 0 0 18 64
61 A 542520 542348 21 2 80 17 0 0 0 52
62 A 558479 558213 35 3 159 29 0 0 0 40
63 T 529530 26 529286 97 6 0 17 0 0 98
64 G 551770 128 77 37 551439 0 0 0 14 75
65 C 561485 60 145 561156 37 0 0 21 0 66
66 A 536734 536497 31 8 118 19 1 0 0 60
67 A 571704 571226 31 8 136 26 0 0 0 277
68 C 566787 38 20 566656 16 0 0 12 0 45
69 T 560021 35 559759 119 9 0 8 0 0 91
70 G 564175 70 67 22 563897 0 0 0 39 80
71 A 525297 524945 34 10 164 40 0 0 0 104
72 G 561471 43 65 10 561243 1 0 0 35 74
73 A 517614 517363 36 1 60 14 0 0 0 140
74 T 566166 35 565762 70 5 0 20 0 0 274
75 C 528157 72 42 527922 18 0 0 39 0 64
76 A 497726 497298 37 15 289 32 0 0 0 55
77 G 515785 48 70 14 515581 0 0 0 21 51
78 A 513393 513120 13 5 106 12 0 0 0 137
79 G 540313 56 46 19 540098 0 0 0 15 79
80 C 527887 67 118 527541 22 0 0 46 0 93
81 A 505187 504922 29 9 68 25 0 0 0 134
82 T 516198 31 515908 62 4 0 11 0 0 182
83 C 518100 64 34 517933 18 0 0 12 0 39
84 C 523569 69 102 523319 25 0 0 6 0 48
85 G 507019 106 50 12 506762 0 0 0 22 67
86 T 511016 29 510530 72 14 0 12 0 0 359
87 C 510043 60 108 509781 14 0 0 5 0 75
88 G 512848 110 68 24 512598 0 0 0 6 42
89 G 515489 56 75 27 515292 0 0 0 8 31
90 G 526820 53 46 22 526650 0 0 0 7 42
91 A 526133 525886 38 2 75 4 0 0 0 128
92 A 524988 524686 31 4 181 7 0 0 0 79
93 G 513550 45 48 19 513364 0 0 0 8 66
94 A 506281 506001 40 2 62 8 0 0 0 168
95 T 500574 37 500351 74 7 0 16 0 0 89
96 G 506178 48 60 11 506007 0 0 0 7 45
97 A 528484 528217 49 4 81 7 0 0 0 126
98 T 527994 49 527785 77 6 0 10 0 0 67
99 T 517853 36 517649 108 12 0 5 0 0 43
100 G 519332 61 55 18 519129 0 0 0 13 56
101 A 516785 516465 46 11 98 10 0 0 0 155
102 T 508522 53 508304 64 7 0 7 0 0 87
103 G 503263 66 57 12 503074 0 0 0 20 34
104 G 519088 47 46 25 518882 0 0 0 33 55
105 A 505530 505284 34 7 75 6 0 0 0 124
106 A 491118 490876 22 3 164 2 0 0 0 51
107 T 494774 22 494627 67 4 0 9 0 0 45
108 T 489350 23 489234 41 12 0 7 0 0 33
109 G 499351 50 55 35 499107 0 0 0 16 88
110 G 492581 61 43 17 492402 0 0 0 5 53
111 A 476978 476279 37 15 175 1 0 0 0 471
112 C 488032 59 114 487726 26 0 0 36 0 71
113 G 432967 89 39 21 432718 0 0 0 29 71
114 A 487394 487174 40 4 58 28 0 0 0 90
115 T 495034 24 494871 72 7 0 10 0 0 50
116 T 457900 27 457764 39 0 0 9 0 0 61
117 C 459341 58 40 459129 23 0 0 28 0 63
118 T 451532 48 451269 137 5 0 30 0 0 43
119 A 466964 466376 52 11 141 22 0 0 0 362
120 C 465186 45 71 464990 26 0 0 16 0 38
121 A 421724 421570 31 10 52 12 0 0 0 49
122 T 429303 39 429043 61 1 0 30 0 0 129
123 C 400529 31 24 400410 7 0 0 20 0 37
124 C 405849 50 53 405682 10 0 0 13 0 41
125 A 404211 404081 24 14 52 12 0 0 0 28
126 A 389982 389866 13 2 63 11 0 0 0 27
127 A 389841 389693 26 4 55 5 0 0 0 58
128 T 375193 10 375077 42 6 0 4 0 0 54
129 G 450162 60 51 14 449967 0 0 0 19 51
130 T 430799 43 429939 90 11 0 11 0 0 705
131 G 435438 72 65 24 435214 0 0 0 5 58
132 C 435772 49 146 435479 20 0 0 5 0 73
133 A 430235 429640 33 3 54 3 0 0 0 502
134 C 428252 25 32 428106 15 0 0 9 0 65
135 T 413984 24 413763 87 3 0 6 0 0 101
136 G 455117 65 55 19 454891 0 0 0 27 60
137 A 479284 479113 12 3 62 14 0 0 0 80
138 A 498693 498219 42 5 78 11 0 0 0 338
139 C 536852 46 43 536660 14 0 0 24 0 65
140 T 536959 19 536776 107 5 0 12 0 0 40
141 T 536148 50 535935 106 3 0 17 0 0 37
142 A 543537 543261 68 2 155 23 0 0 0 28
143 A 543375 543167 14 1 149 7 0 0 0 37
144 A 585467 584804 31 43 96 23 0 0 0 470
145 C 583806 28 45 583627 11 0 0 33 0 62
146 T 547061 20 546753 104 1 0 18 0 0 165
147 C 563161 65 54 562915 23 0 0 24 0 80
148 A 549083 548709 32 18 245 11 0 0 0 68
149 G 598940 33 28 18 598789 0 0 0 27 45
150 T 596061 83 594776 77 23 0 17 0 0 1085
151 G 655888 59 76 13 655636 0 0 0 30 74
152 A 673849 673591 46 9 74 18 0 0 0 111
153 T 637238 40 637049 86 8 0 9 0 0 46
154 T 666643 26 666469 99 5 0 16 0 0 28
155 A 668946 668405 74 10 360 23 0 0 0 74
156 T 675604 80 675320 103 26 0 15 0 0 60
157 G 677216 78 104 29 676912 0 0 0 28 65
158 A 640971 640553 59 9 226 10 0 0 0 114
159 G 644016 81 135 17 643693 0 0 0 18 72
160 G 600089 74 86 20 599813 0 0 0 19 77
161 G 588361 65 46 21 588049 0 0 0 6 174
162 G 587596 45 60 23 587295 0 0 0 9 164
163 C 557049 55 153 556649 47 0 0 5 0 140
164 G 562311 113 73 31 561932 0 0 0 2 160
165 A 562406 561421 72 13 84 1 0 0 0 815
166 C 563680 32 64 563506 15 0 0 2 0 61
167 T 560587 31 560346 128 10 0 2 0 0 70
168 G 552661 62 63 23 552432 0 0 0 21 60
169 A 599034 598748 42 5 83 41 0 0 0 115
170 T 577501 53 577199 100 3 0 1 0 0 145
171 C 569184 71 66 568985 19 0 0 4 0 39
172 C 568775 68 67 568504 22 0 0 22 0 92
173 A 549621 549350 43 9 127 23 0 0 0 69
174 G 552798 65 58 19 552564 0 0 0 25 67
175 A 528188 527988 40 5 66 2 0 0 0 87
176 A 528550 528100 42 12 166 5 0 0 0 225
177 C 530209 33 66 529997 16 0 0 40 0 57
178 A 429318 429164 4 10 76 14 0 0 0 50
179 G 437110 33 47 13 436947 0 0 0 6 64
180 C 431357 37 26 431219 22 0 0 3 0 50
181 T 429881 24 429705 78 3 0 4 0 0 67
182 T 433931 42 433744 83 3 0 15 0 0 44
183 A 426540 426312 37 6 139 18 0 0 0 28
184 A 454214 453907 45 19 88 32 0 0 0 123
185 C 470286 57 38 470111 21 0 0 19 0 40
186 A 442208 442071 23 9 66 13 0 0 0 26
187 A 451774 451526 41 9 126 29 0 0 0 43
188 T 407833 38 407636 69 8 0 15 0 0 67
189 A 421908 421467 27 5 363 15 0 0 0 31
190 G 427716 36 71 12 427518 0 0 0 20 59
191 A 435299 435087 19 10 91 8 0 0 0 84
192 G 440233 40 42 13 440053 0 0 0 22 63
193 A 397786 397453 34 9 135 10 0 0 0 145
194 G 418070 43 30 11 417830 0 0 0 20 136
195 A 420580 420361 30 5 89 21 0 0 0 74
196 A 426349 426082 22 1 159 27 0 0 0 58
197 T 428557 41 428234 56 10 0 11 0 0 205
198 G 409480 23 47 16 409257 0 0 0 10 127
199 G 413619 33 36 20 413419 0 0 0 19 92
200 T 385457 37 383566 68 12 0 14 0 0 1760
201 G 416604 78 54 24 416355 0 0 0 11 82
202 C 415895 37 32 415676 28 0 0 16 0 106
203 T 416023 20 415712 54 13 0 21 0 0 203
204 C 423941 35 36 423755 13 0 0 14 0 88
205 T 423359 20 423150 77 5 0 7 0 0 100
206 C 453477 41 35 453335 12 0 0 5 0 49
207 T 450893 36 450683 98 7 0 3 0 0 66
208 G 456644 88 56 27 456417 0 0 0 6 50
209 C 456869 42 41 456672 36 0 0 4 0 74
210 T 446064 8 445786 198 14 0 3 0 0 55
211 T 455044 27 454879 95 9 0 9 0 0 25
212 T 448020 16 447875 52 29 0 16 0 0 32
213 T 433679 33 433495 73 38 0 8 0 0 32
214 G 436541 78 42 45 436288 0 0 0 6 82
215 A 430724 430359 42 29 72 1 0 0 0 221
216 C 440233 27 183 439902 38 0 0 15 0 68
217 G 425937 77 36 20 425734 1 0 0 13 56
218 A 405527 405370 20 1 59 0 0 0 0 77
219 A 406626 406482 9 3 87 3 0 0 0 42
220 A 408515 408291 20 6 164 2 0 0 0 32
221 G 412139 36 42 14 411997 0 0 0 4 46
222 A 418002 417822 29 8 74 11 0 0 0 58
223 A 417340 417134 18 11 135 11 0 0 0 31
224 G 434827 37 42 16 434638 0 0 0 34 60
225 G 483874 47 53 27 483646 0 0 0 39 62
226 A 474010 473851 28 5 67 8 0 0 0 51
227 A 492086 491851 36 0 141 14 0 0 0 44
228 T 468068 63 467831 69 4 0 13 0 0 88
229 A 465076 464636 34 6 351 25 0 0 0 24
230 A 466214 466005 32 11 110 26 0 0 0 30
231 A 457979 457837 36 3 60 15 0 0 0 28
232 T 460290 48 460106 55 3 0 18 0 0 60
233 A 408317 408027 33 15 158 32 0 0 0 52
234 T 356518 26 356361 48 6 0 11 0 0 66
235 C 364754 28 38 364635 12 0 0 9 0 32
236 T 343590 33 343396 96 10 0 10 0 0 45
237 G 346072 48 48 19 345903 0 0 0 9 45
238 G 338575 33 33 19 338441 0 0 0 9 40
239 A 333806 333633 19 3 72 9 0 0 0 70
240 A 316521 316224 17 2 220 10 0 0 0 48
241 G 329788 41 21 13 329618 0 0 0 17 78
242 A 321561 321459 16 2 43 3 0 0 0 38
243 A 365932 365600 29 4 117 6 0 0 0 176
244 C 369189 41 38 369048 16 0 0 10 0 36
245 A 354269 354110 26 10 46 12 0 0 0 65
246 T 484029 45 483573 100 4 0 31 0 0 276
247 C 476916 65 51 476741 15 0 0 6 0 38
248 C 503271 68 53 503086 15 0 0 3 0 46
249 C 504258 71 57 504038 23 0 0 34 0 35
250 A 484286 484042 10 25 128 19 0 0 0 62
251 G 524755 34 70 25 524510 0 0 0 19 97
252 C 520711 59 126 520372 62 0 0 9 0 83
253 G 518194 72 81 62 517924 0 0 0 5 50
254 C 524258 49 49 523963 49 0 0 28 0 120
255 G 524536 98 85 67 524219 0 0 0 30 37
256 G 569273 64 71 22 569058 0 0 0 23 35
257 G 563455 71 68 25 563240 0 0 0 3 48
258 G 585041 87 73 21 584777 0 0 0 16 67
259 A 586723 586251 46 3 241 20 0 0 0 162
260 A 583423 583123 38 12 198 12 0 0 0 40
261 G 594809 92 139 15 594451 0 0 0 14 98
262 G 603671 76 79 20 603401 0 0 0 18 77
263 A 602415 602033 62 10 91 9 0 0 0 210
264 T 601226 69 600812 96 2 0 16 0 0 231
265 C 575239 57 48 575037 28 0 0 9 0 60
266 C 567212 60 46 567007 23 0 0 27 0 49
267 T 550893 31 550562 220 6 0 18 0 0 56
268 A 551235 550978 13 6 195 7 0 0 0 36
269 A 551317 550841 18 6 416 4 0 0 1 31
270 G 551546 57 29 14 551365 0 0 0 12 69
271 A 529398 529246 21 1 77 9 0 0 0 44
272 A 518849 518638 16 0 160 7 0 0 0 28
273 A 508906 508743 7 2 112 7 0 0 0 35
274 A 479365 478899 32 32 160 2 0 0 0 240
275 C 483512 33 36 483260 12 0 0 7 0 164
276 T 466460 12 466270 77 11 0 3 0 0 87
277 G 464096 50 60 26 463916 0 0 0 2 42
278 G 462603 30 49 13 462473 0 0 0 3 35
279 A 456955 456620 19 4 146 4 0 0 0 162
280 G 451453 46 40 16 451298 0 0 0 5 48
281 G 446036 38 28 15 445824 0 0 0 2 129
282 A 432197 430810 36 10 55 14 0 0 0 1272
283 C 466150 48 35 465967 20 0 0 25 0 55
284 C 458079 58 53 457921 10 0 0 2 0 35
285 C 456760 73 87 456520 18 0 0 26 0 36
286 A 503673 503392 61 15 61 51 1 0 0 92
287 T 492971 43 492757 81 4 0 29 0 0 57
288 A 582347 582126 61 2 81 38 0 0 0 39
289 T 580522 56 580273 99 2 0 17 0 0 75
290 A 514840 514322 53 14 76 20 0 0 0 355
291 C 523955 57 58 523742 16 0 0 50 0 32
292 A 453799 453556 40 13 121 23 0 0 0 46
293 A 455657 455364 32 11 206 12 0 0 0 32
294 G 449153 37 40 11 448901 0 0 0 60 104
295 A 351153 350948 31 1 79 14 0 0 0 80
296 G 355487 25 38 16 355363 0 0 0 17 28
297 A 333568 333392 18 1 54 10 0 0 0 93
298 G 339772 39 18 9 339661 0 0 0 6 39
299 T 347092 34 345166 41 7 0 8 0 0 1836
300 A 361171 360847 40 12 222 10 0 0 0 40
301 G 386410 41 46 12 386261 0 0 0 13 37
302 A 383323 383177 27 1 45 3 0 0 0 70
303 T 409336 37 409165 61 8 0 6 0 0 59
304 A 404381 404086 19 3 245 3 0 0 0 25
305 G 409967 36 40 13 409835 0 0 0 9 34
306 A 408746 408594 24 2 63 9 0 0 0 54
307 A 408889 408648 17 6 177 11 0 0 0 30
308 A 407994 407803 9 4 145 7 0 0 0 26
309 G 421106 33 18 12 420991 0 0 0 20 32
310 T 422313 37 421002 60 5 0 9 0 0 1200
311 G 429553 38 40 23 429403 0 0 0 12 37
312 G 430008 24 49 12 429876 0 0 0 2 45
313 A 430077 429817 41 2 71 9 0 0 0 137
314 T 433276 42 433073 57 5 0 8 0 0 91
315 G 446458 51 58 11 446288 0 0 0 8 42
316 A 449258 448982 42 4 146 11 0 0 0 73
317 G 450649 62 74 20 450451 0 0 0 7 35
318 G 447982 56 56 11 447758 0 0 0 11 90
319 G 449301 226 61 24 448832 0 0 0 18 140
320 A 451460 451237 26 2 61 13 0 0 0 121
321 A 453159 452313 34 9 100 5 0 0 0 698
322 C 454840 28 42 454690 11 0 0 8 0 61
323 T 451905 31 451589 73 4 0 5 0 0 203
324 C 444738 65 65 444516 15 0 0 19 0 58
325 G 435401 88 23 20 435204 0 0 0 13 53
326 T 447301 41 446760 84 2 0 2 0 0 412
327 C 476185 35 38 476020 23 0 0 19 0 50
328 C 497615 38 45 497361 24 0 0 50 0 97
329 T 512419 11 512236 122 3 0 18 0 0 29
330 T 512572 29 512418 72 8 0 22 0 0 23
331 T 497607 44 497392 117 4 0 14 0 0 36
332 A 460705 460417 57 5 139 30 0 0 0 57
333 T 453956 37 453707 84 28 0 27 0 0 73
334 G 455628 88 50 15 455387 0 0 0 9 79
335 A 400227 399766 66 13 84 10 0 0 0 288
336 C 406523 48 51 406236 24 1 0 22 0 141
337 A 356337 356204 18 17 69 6 0 0 0 23
338 A 361594 361387 15 6 154 4 0 0 0 28
339 A 368545 368221 15 3 245 19 0 0 0 42
340 G 427130 58 39 16 426831 0 0 0 38 148
341 A 441683 441512 20 1 98 3 0 0 0 49
342 A 436117 435886 20 3 160 14 0 0 0 34
343 G 491102 96 40 15 490690 0 0 0 37 224
344 A 514418 514205 23 0 104 26 0 0 0 60
345 A 516064 515884 24 1 108 13 0 0 0 34
346 A 517034 516807 52 4 117 11 0 0 0 43
347 T 511297 75 510906 71 4 0 11 0 0 230
348 A 506124 505697 29 22 334 32 0 0 0 10
349 A 506557 505933 30 25 454 30 0 0 0 85
350 G 505711 25 58 22 505558 0 0 0 7 41
351 G 505659 28 54 20 505433 0 0 0 13 111
352 C 488151 51 76 487800 39 0 0 8 0 177
353 G 485334 81 63 19 484949 0 0 0 4 218
354 A 499547 499407 23 1 56 10 0 0 0 50
355 A 517606 517357 14 1 94 11 0 0 0 129
356 T 515763 31 515355 53 5 0 3 0 0 316
357 C 515733 69 33 515524 13 0 0 2 0 92
358 T 504884 29 504488 92 7 0 12 0 0 256
359 G 511700 51 50 19 511504 0 0 0 9 67
360 G 499625 34 35 7 499457 0 0 0 7 85
361 C 506950 67 140 506478 40 0 0 7 0 218
362 G 506917 134 46 23 506555 0 0 0 2 157
363 C 503898 38 39 503706 23 0 0 11 0 81
364 C 490271 42 70 489221 15 0 0 7 0 916
365 A 490195 489990 26 13 94 13 0 0 0 59
366 A 512138 511901 31 9 105 22 0 0 0 70
367 G 575892 96 47 35 575601 0 0 0 28 85
368 C 574096 68 94 573797 40 0 0 16 0 81
369 C 613277 45 72 613036 18 0 0 43 0 63
370 A 615251 615024 25 25 87 23 0 0 0 67
371 A 625395 625157 64 6 87 20 0 0 0 61
372 T 638237 96 637917 116 2 0 24 0 0 82
373 A 631114 630626 54 5 348 33 0 0 0 48
374 A 635606 635269 63 8 189 33 0 0 0 44
375 T 609359 57 609061 80 14 0 38 0 0 109
376 G 575278 83 69 25 575029 0 0 0 25 47
377 G 531792 36 42 21 531602 0 0 0 30 61
378 T 485637 64 483601 92 14 0 10 0 0 1856
379 G 489007 56 58 14 488828 0 0 0 5 46
380 A 485006 484784 24 6 84 14 0 0 0 94
381 T 483893 33 483686 85 8 0 15 0 0 66
382 G 479262 60 44 16 479082 0 0 0 5 55
383 A 481096 480879 48 7 89 14 0 0 0 59
384 T 488588 36 488362 79 10 0 10 0 0 91
385 G 482899 119 51 22 482632 0 0 0 8 67
386 C 476008 63 96 475750 28 0 0 11 0 60
387 A 471249 471077 18 5 98 7 0 0 0 44
388 A 465247 464860 36 7 135 16 0 0 0 193
389 C 448154 46 34 447998 15 0 0 18 0 43
390 A 436352 436108 16 9 167 2 0 0 0 50
391 G 437901 34 48 14 437744 0 0 0 8 53
392 C 418143 38 28 417990 14 0 0 16 0 57
393 T 403642 16 403503 65 5 0 13 0 0 40
394 G 468176 58 51 9 467981 0 0 0 24 53
395 G 479858 38 39 16 479716 0 0 0 10 39
396 T 480463 41 479527 85 8 0 2 0 0 800
397 C 518537 47 60 518299 20 0 0 20 0 91
398 T 503060 18 502780 162 12 0 21 0 0 67
399 G 575043 81 62 34 574752 0 0 0 28 86
400 A 576620 575812 57 6 91 11 0 0 0 643
401 C 608635 42 57 608419 31 0 0 20 0 66
402 T 620428 56 620074 125 12 0 26 0 0 135
403 C 620399 76 73 620060 29 0 0 38 0 123
404 A 618683 617826 82 16 143 30 0 0 0 586
405 C 667337 50 89 667090 20 0 0 29 0 59
406 A 667126 666880 36 14 131 7 0 0 0 58
407 T 684274 45 684004 100 5 0 46 0 0 74
408 G 648832 65 85 30 648565 0 0 0 42 45
409 A 673892 673546 48 4 113 43 0 0 0 138
410 T 653141 53 652849 89 15 0 28 0 0 107
411 G 659051 57 71 26 658788 0 0 0 31 78
412 A 644138 643818 44 6 77 10 0 0 0 183
413 T 638415 38 638086 71 8 0 43 0 0 169
414 C 577165 50 47 576974 20 0 0 16 0 58
415 T 570208 37 569902 174 9 0 8 0 0 78
416 G 550964 92 52 23 550750 0 0 0 5 42
417 G 553767 81 78 33 553504 0 0 0 9 62
418 C 537770 76 96 537368 37 0 0 6 0 187
419 A 534643 534425 26 0 89 9 0 0 0 94
420 T 526028 21 525886 78 1 0 2 0 0 40
421 T 521965 23 521797 88 2 0 0 0 0 55
422 C 522630 74 39 522418 27 0 0 7 0 65
423 C 520890 68 61 520673 18 0 0 10 0 60
424 A 520583 520429 26 8 80 12 0 0 0 28
425 A 517768 517558 34 1 112 2 0 0 0 61
426 T 512763 20 512646 51 7 0 1 0 0 38
427 T 512250 29 512106 67 2 0 5 0 0 41
428 T 507155 25 507006 64 16 0 5 0 0 39
429 G 510521 61 66 18 510301 0 0 0 7 68
430 A 498192 497980 41 2 123 1 0 0 0 45
431 A 497868 497704 21 2 103 6 0 0 0 32
432 T 502729 47 502532 65 7 0 15 0 0 63
433 G 473635 41 55 21 473456 0 0 0 15 47
434 A 512102 511887 47 6 65 31 0 0 0 66
435 T 508842 36 508671 65 3 0 7 0 0 60
436 A 509356 508764 41 9 238 20 0 0 0 284
437 C 549206 61 93 548929 23 0 0 39 0 61
438 A 523998 523751 15 29 137 30 0 0 0 36
439 A 618467 617986 55 15 148 40 0 0 0 223
440 C 624748 88 60 624497 17 0 0 32 0 54
441 A 633226 632947 54 27 93 41 1 0 0 63
442 T 651395 58 651092 111 2 0 64 0 0 68
443 A 554441 552802 57 18 182 29 0 0 0 1353
444 C 573140 66 43 572946 19 0 0 23 0 43
445 C 576064 67 51 575848 16 0 0 26 0 56
446 A 574240 573875 39 28 217 14 0 0 0 67
447 G 593514 61 75 21 593256 0 0 0 40 61
448 A 535652 535375 33 10 133 18 0 0 0 83
449 G 589883 85 62 35 589610 0 0 0 29 62
450 G 583411 43 39 27 583216 0 0 0 12 74
451 A 589045 588366 81 12 96 7 0 0 0 483
452 C 597920 36 60 597712 25 0 0 23 0 64
453 A 587878 587516 36 10 242 15 0 0 0 59
454 A 603582 602900 40 11 552 3 0 0 0 76
455 G 623987 73 43 19 623759 0 0 0 22 71
456 A 647470 647118 19 5 116 9 0 0 0 203
457 G 668239 60 71 28 667951 0 0 0 21 108
458 C 696249 76 44 695974 35 0 0 31 0 89
459 T 695950 16 695554 116 8 0 9 0 0 247
460 C 702760 65 42 702542 19 0 0 18 0 74
461 T 701058 46 700807 141 4 0 15 0 0 45
462 T 710427 36 710209 112 4 0 11 0 0 55
463 G 715736 73 40 22 715531 0 0 0 14 56
464 T 727418 78 726941 107 2 0 8 0 0 282
465 T 726653 40 726416 89 9 0 5 0 0 94
466 C 732900 86 166 732509 29 0 0 6 0 104
467 G 730059 266 103 39 729498 0 0 0 6 147
468 C 746097 69 115 745771 18 0 0 13 0 111
469 A 740064 737578 68 14 191 5 0 0 0 2208
470 C 743746 36 113 743480 19 0 0 7 0 91
471 C 739071 101 152 738705 21 0 0 18 0 74
472 G 753313 231 61 18 752870 0 0 0 25 108
473 G 761463 209 97 41 761013 0 0 0 15 88
474 C 796958 77 110 796627 33 0 0 4 0 107
475 A 800836 800497 57 8 169 9 0 0 0 96
476 T 844381 40 844037 140 11 0 27 0 0 126
477 G 845357 128 122 33 844942 0 0 0 44 88
478 G 885275 94 107 11 884931 0 0 0 58 74
479 A 926032 925498 51 5 131 28 0 0 0 319
480 T 941308 83 940588 143 10 0 44 0 0 440
481 C 879335 64 105 879020 17 0 0 54 0 75
482 C 837455 85 72 837170 31 0 0 33 0 64
483 C 784506 120 86 784172 28 0 0 39 0 61
484 A 796235 795600 36 25 457 31 0 0 0 86
485 G 837892 77 94 29 837549 0 0 0 34 109
486 G 802984 70 67 19 802691 0 0 0 40 97
487 A 764695 764142 89 5 194 40 0 0 0 225
488 T 678229 36 677974 80 17 0 19 0 0 103
489 G 690152 101 74 27 689765 0 0 0 37 148
490 T 668707 61 667735 116 12 0 15 0 0 768
491 G 668596 189 86 40 668201 0 0 0 8 72
492 C 672872 58 68 672578 26 0 0 10 0 132
493 T 649225 35 648862 98 23 0 21 0 0 186
494 C 669496 57 57 669156 21 0 0 33 0 172
495 T 642238 32 641993 74 12 0 14 0 0 113
496 C 649506 69 56 649281 25 0 0 13 0 62
497 T 647632 59 647312 168 12 0 16 0 0 65
498 G 610427 72 72 21 610196 0 0 0 15 51
499 A 611147 610903 39 4 94 12 0 0 0 95
500 T 602092 38 601845 99 4 0 5 0 0 101
501 G 593453 142 105 40 593099 0 0 0 5 62
502 C 595627 93 142 595254 32 0 0 21 0 85
503 A 564481 564056 32 10 244 13 0 0 0 126
504 G 567665 42 65 14 567497 0 0 0 24 23
505 G 544290 36 36 7 544178 0 0 0 9 24
506 G 574018 52 37 14 573843 0 0 0 8 64
507 T 560217 22 557508 101 14 0 12 0 0 2560
508 T 564931 44 564728 71 2 0 11 0 0 75
509 C 567122 40 123 566849 23 0 0 4 0 83
510 G 567366 136 44 24 567092 0 0 0 7 63
511 A 572511 569948 64 15 116 10 0 0 0 2358
512 C 568358 49 46 568166 13 0 0 7 0 77
513 T 554506 35 554105 122 7 0 19 0 0 218
514 C 612476 67 43 612222 23 0 0 45 0 76
515 T 627202 37 626650 187 12 0 28 0 0 288
516 C 772800 75 157 772377 19 0 0 80 0 92
517 C 760007 88 81 759709 26 0 0 27 0 76
518 C 757449 83 66 757188 19 0 0 33 0 60
519 T 753465 72 753030 175 14 0 61 0 0 113
520 A 829823 828874 60 14 717 57 0 0 0 101
521 G 788812 95 88 28 788509 0 0 0 26 66
522 G 763601 89 75 22 763301 0 0 0 43 71
523 A 702066 701507 43 6 202 16 0 0 0 292
524 G 709424 48 50 16 709171 0 0 0 69 70
525 G 686474 47 35 27 686229 0 0 0 67 69
526 T 680153 40 677981 102 16 0 2 0 0 2012
527 C 672535 46 73 672268 28 0 0 8 0 112
528 T 691547 28 691028 350 21 0 17 0 0 103
529 G 692042 75 105 31 691756 0 0 0 20 55
530 G 694391 52 76 23 694075 0 0 0 11 154
531 A 692283 691762 22 7 220 4 0 0 0 268
532 G 706749 54 63 33 706489 0 0 0 20 90
533 C 699300 59 69 699026 18 0 0 27 0 101
534 T 677912 16 677526 168 3 0 10 0 0 189
535 G 679156 293 77 53 678654 0 0 0 8 71
536 C 683186 75 150 682831 27 0 0 6 0 97
537 A 685603 684869 92 30 506 4 0 0 0 102
538 G 703279 51 65 21 703058 0 0 0 7 77
539 G 713237 55 40 12 713029 0 0 0 6 95
540 C 709564 68 119 709152 49 0 0 11 0 165
541 G 702074 163 77 32 701661 0 0 0 1 140
542 C 706759 53 37 706560 16 0 0 5 0 88
543 T 694084 25 693668 221 9 0 10 0 0 151
544 G 714295 299 98 30 713760 0 0 0 17 91
545 C 702070 106 311 701519 30 0 0 14 0 90
546 A 740488 739996 38 15 229 31 0 0 0 179
547 G 759768 80 25 23 759566 0 0 0 27 47
548 T 769962 65 769172 110 37 0 14 0 0 564
549 C 779989 94 115 779579 29 0 0 19 0 153
550 A 775426 774936 46 42 296 34 0 0 0 72
551 A 770180 769527 40 10 508 27 0 0 0 68
552 A 770310 769165 76 73 897 19 0 0 0 80
553 G 740877 53 59 12 740673 0 0 0 15 65
554 G 762242 78 70 26 761937 0 0 0 67 64
555 A 681497 680879 49 10 138 41 0 0 0 380
556 G 670571 66 47 14 670344 0 0 0 19 81
557 T 655469 36 654364 109 20 0 17 0 0 923
558 T 638015 43 637776 98 33 0 11 0 0 54
559 G 648744 75 93 24 648437 0 0 0 38 77
560 G 653106 95 74 38 652803 0 0 0 40 56
561 G 655656 118 58 35 655369 0 0 0 11 65
562 A 640295 639553 76 60 105 8 0 0 0 493
563 C 564549 64 82 564250 36 0 0 30 0 87
564 A 501698 501485 30 15 105 27 0 0 0 36
565 A 411820 411603 32 1 127 20 0 0 0 37
566 T 414611 32 414454 50 14 0 10 0 0 51
567 G 427179 35 53 13 427051 0 0 0 3 24
568 G 434344 27 36 14 434213 0 0 0 25 29
569 T 394346 48 391878 93 6 0 8 0 0 2313
570 G 394372 50 52 14 394231 0 0 0 0 25
571 A 390437 390215 35 2 56 0 0 0 0 129
572 T 390772 28 390616 53 7 0 2 0 0 66
573 G 384026 46 37 19 383880 0 0 0 13 31
574 G 348514 30 47 19 348384 0 0 0 12 22
575 A 422653 422410 30 3 102 4 0 0 0 104
576 G 442157 49 23 16 442015 0 0 0 16 38
577 T 432227 22 431577 53 10 0 19 0 0 546
578 T 489235 21 489060 61 16 0 31 0 0 46
579 G 517447 64 59 18 517246 0 0 0 22 38
580 A 520845 520549 53 0 124 7 0 0 0 112
581 T 507919 56 507702 99 3 0 20 0 0 39
582 A 504696 504223 27 6 375 28 0 0 0 37
583 A 494234 493665 22 11 486 24 0 0 0 26
584 G 523339 51 95 19 523100 0 0 0 24 50
585 G 558418 40 49 21 558259 0 0 0 9 40
586 A 560735 560463 56 4 77 24 0 0 0 111
587 T 518985 34 518743 65 12 0 37 0 0 94
588 G 536856 73 68 13 536595 0 0 0 41 66
589 A 540471 540198 47 0 111 6 0 0 0 109
590 T 542181 65 541887 88 6 0 3 0 0 132
591 C 539291 79 42 539081 25 0 0 9 0 55
592 A 535732 535519 13 8 127 22 0 0 0 43
593 A 517683 517470 13 4 111 12 0 0 0 73
594 A 519189 518783 22 23 176 7 0 0 0 178
595 C 505135 22 50 504963 20 0 0 6 0 74
596 G 494720 65 64 19 494513 0 0 0 16 43
597 T 477036 23 476071 78 14 0 16 0 0 834
598 G 470730 52 64 15 470560 0 0 0 8 31
599 G 475884 50 53 14 475713 0 0 0 11 43
600 G 491531 61 49 15 491346 0 0 0 5 55
601 A 493278 492990 52 4 94 9 0 0 0 129
602 T 495763 30 495524 68 3 0 7 0 0 131
603 C 485243 50 46 485055 16 0 0 10 0 66
604 A 479783 479567 27 6 144 6 0 0 0 33
605 A 480756 480638 21 3 59 3 0 0 0 32
606 T 479543 32 479402 54 12 0 4 0 0 39
607 G 489166 45 57 11 489005 0 0 0 10 38
608 A 478874 478645 42 5 62 4 0 0 0 116
609 T 449026 31 448829 43 1 0 3 0 0 119
610 C 465006 54 82 464816 10 0 0 1 0 43
611 G 463705 95 54 25 463490 0 0 0 7 34
612 G 504973 44 34 32 504804 0 0 0 14 45
613 A 506325 506115 17 3 76 6 0 0 0 108
614 A 491986 491396 17 5 124 28 0 0 0 416
615 C 599657 26 37 599397 22 0 0 89 0 86
616 T 584791 20 584548 145 5 0 9 0 0 64
617 T 570561 25 570364 85 2 0 7 0 0 78
618 C 580469 38 57 580256 25 0 0 17 0 76
619 T 582773 55 582414 186 22 0 31 0 0 65
620 G 585426 87 86 29 585085 0 0 0 43 96
621 G 591600 52 56 15 591415 0 0 0 17 45
622 A 582242 581774 48 12 155 3 0 0 0 250
623 G 557005 35 58 17 556809 0 0 0 51 35
624 A 451450 451033 27 29 131 27 0 0 0 203
625 G 484786 37 58 14 484625 0 0 0 24 28
626 G 518051 46 28 22 517899 0 0 0 6 50
627 T 491874 43 486578 110 49 0 2 0 0 5092
628 G 487613 82 77 15 487351 0 0 0 10 78
629 A 486294 486068 41 0 104 13 0 0 0 68
630 A 490957 490747 31 1 115 11 0 0 0 52
631 A 494276 494095 22 9 121 6 0 0 0 23
632 A 490196 489988 78 5 77 2 0 0 0 46
633 T 473439 40 473216 62 23 0 12 1 0 85
634 G 447910 55 55 13 447746 0 0 0 8 33
635 G 446931 46 45 26 446763 0 0 0 3 48
636 A 447364 446961 29 7 118 1 0 0 0 248
637 C 436795 59 94 436548 29 0 0 2 0 63
638 G 434550 94 28 19 434343 0 0 0 2 64
639 A 434840 434718 20 2 70 2 0 0 0 28
640 A 438649 438538 13 1 63 5 0 0 0 29
641 A 439904 439762 13 2 101 8 0 0 0 18
642 A 436131 436002 9 6 92 6 0 0 0 16
643 A 434235 433968 29 44 76 5 0 0 0 113
644 C 427455 45 28 427332 11 0 0 8 0 31
645 A 425963 425768 19 10 123 11 0 0 0 32
646 A 423848 423549 20 10 235 4 0 0 0 30
647 G 434708 33 56 10 434586 0 0 0 7 16
648 G 412117 37 67 18 411963 0 0 0 5 27
649 A 394542 394356 25 4 65 12 0 0 0 80
650 G 400782 34 13 7 400669 0 0 0 15 44
651 T 381818 37 379633 62 11 0 15 0 0 2060
652 G 397388 55 39 22 397175 0 0 0 22 75
653 C 392778 43 46 392610 30 0 0 1 0 48
654 T 387614 20 387500 61 5 0 5 1 0 22
655 T 414125 17 413969 88 6 0 10 0 0 35
656 A 394245 393908 27 10 135 11 0 0 0 154
657 C 432615 42 100 432394 20 0 0 16 0 43
658 G 432010 81 39 12 431808 0 0 0 22 48
659 A 391325 391119 32 10 78 11 0 0 0 75
660 G 435763 33 44 7 435568 0 0 0 39 72
661 A 357549 357323 19 11 93 23 0 0 0 80
662 G 366712 43 39 17 366514 0 0 0 10 89
663 A 358343 358196 20 4 65 10 0 0 0 48
664 A 307705 307572 20 1 64 18 0 0 0 30
665 T 309358 25 309229 34 2 0 11 0 0 57
666 G 322042 45 34 14 321877 0 0 0 16 56
667 T 378947 34 378203 77 14 0 13 0 0 606
668 G 395049 62 58 29 394816 0 0 0 12 72
669 C 396928 43 101 396666 24 0 0 12 1 81
670 A 391545 391386 23 10 71 16 0 0 0 39
671 A 399989 399678 27 7 84 9 0 0 0 184
672 C 428682 40 39 428519 15 0 0 16 0 53
673 A 424009 423882 27 4 46 5 0 0 0 45
674 T 410313 24 410152 75 1 0 16 0 0 45
675 T 410173 18 409983 77 6 0 12 0 0 77
676 C 417433 34 31 417269 14 0 0 7 0 78
677 T 416528 52 416269 99 5 0 5 0 0 98
678 C 434306 69 53 434050 9 0 0 4 0 121
679 A 432145 431973 12 12 94 10 0 0 0 44
680 A 433382 433227 20 2 77 11 0 0 0 45
681 A 432895 432602 15 8 244 2 0 0 0 24
682 G 444231 44 44 11 444074 0 0 0 7 51
683 G 453493 37 37 12 453328 0 0 0 5 74
684 A 450069 449889 28 4 110 4 0 0 0 34
685 A 448870 448744 10 5 87 2 0 0 0 22
686 A 449184 449026 9 2 119 11 0 0 0 17
687 A 474899 474657 45 2 117 18 0 0 0 60
688 T 476380 38 476194 80 4 0 2 0 0 62
689 T 468933 14 468807 77 1 0 4 0 0 30
690 T 468545 31 468378 82 7 0 2 0 0 45
691 C 448509 49 51 448325 18 0 0 4 0 62
692 A 446981 446762 10 18 169 3 0 0 0 19
693 A 447359 447211 12 5 104 0 0 0 0 27
694 A 448100 447804 13 23 95 1 0 0 0 164
695 C 465761 42 45 465599 11 0 0 16 0 48
696 A 439399 439271 17 4 65 13 0 0 0 29
697 G 453553 39 63 19 453327 0 0 0 17 88
698 C 459038 61 54 458861 19 0 0 2 0 41
699 T 422891 27 422573 90 6 0 10 0 0 185
700 G 449583 188 54 25 449209 0 0 0 18 89
701 C 381764 47 60 381574 27 0 0 2 0 54
702 A 384158 383634 49 21 81 1 0 0 0 372
703 C 378554 56 49 378336 15 0 0 7 0 91
704 A 379477 379328 19 22 71 10 0 0 0 27
705 A 378202 377994 20 10 113 20 0 0 0 45
706 A 369333 369048 18 12 198 25 0 0 0 32
707 G 406887 52 45 7 406686 0 0 0 23 74
708 G 407034 36 34 19 406857 0 0 0 23 65
709 G 385882 40 46 36 385651 0 0 0 18 91
710 C 383303 46 89 383035 35 0 0 17 0 81
711 A 378401 378228 17 11 79 13 0 0 0 53
712 A 405559 405381 39 6 70 19 0 0 0 44
713 T 383333 32 383177 60 15 0 3 0 0 46
714 G 385265 53 47 19 385108 0 0 0 3 35
715 A 356362 356214 30 1 53 15 0 0 0 49
716 T 373385 20 373235 55 4 0 15 0 0 56
717 G 372036 58 70 8 371855 0 0 0 10 35
718 G 407018 40 47 16 406856 0 0 0 19 40
719 A 407135 406888 40 0 69 1 0 0 0 137
720 T 400663 45 400410 61 5 0 14 0 0 128
721 C 386269 28 41 386120 17 0 0 22 0 41
722 A 388053 387867 25 9 109 16 0 0 0 27
723 A 437804 437596 27 7 116 14 0 0 0 44
724 G 442368 31 23 11 442261 0 0 0 4 38
725 T 442506 38 441679 69 10 0 4 0 0 706
726 G 447329 60 69 16 447129 0 0 0 21 34
727 A 438220 437935 39 6 143 20 0 0 0 77
728 G 453718 31 44 15 453569 0 0 0 8 51
729 A 452364 452076 39 3 161 2 0 0 0 83
730 G 455348 60 27 12 455156 0 0 0 3 90
731 A 447061 446866 24 2 98 9 0 0 0 62
732 A 436744 436553 11 3 137 16 0 0 0 24
733 A 460985 460731 6 4 193 11 0 0 0 40
734 G 468130 40 14 18 467979 0 0 0 6 73
735 T 468049 45 467004 46 11 0 3 0 0 940
736 C 455023 49 83 454811 11 0 0 10 0 59
737 G 451912 100 58 21 451664 0 0 0 11 58
738 G 455383 41 78 12 455186 0 0 0 15 51
739 A 453344 453183 20 3 62 10 0 0 0 66
740 A 456565 455671 25 8 106 9 0 0 0 746
741 C 462080 32 38 461925 15 0 0 6 0 64
742 C 498064 43 35 497913 11 0 0 8 0 54
743 C 509290 95 54 509057 18 0 0 8 0 58
744 A 505089 504847 17 20 134 7 0 0 0 64
745 G 523706 42 64 15 523485 0 0 0 30 70
746 G 520106 54 40 20 519884 0 0 0 31 77
747 A 517465 517259 37 5 82 6 0 0 0 76
748 A 523637 523467 25 3 100 14 0 0 0 28
749 A 491516 491339 29 2 80 29 0 0 0 37
750 T 522640 34 522415 78 16 0 18 0 0 79
751 G 527895 75 79 32 527597 0 0 0 14 98
752 C 574513 78 71 574255 34 0 0 17 0 58
753 T 556757 13 556466 156 17 0 15 0 0 90
754 G 563693 78 51 23 563438 0 0 0 32 71
755 A 529812 529464 45 9 190 23 0 0 0 81
756 G 541413 53 41 11 541222 0 0 0 22 64
757 A 539683 539410 41 1 85 11 0 0 0 135
758 T 544370 27 544093 64 7 0 22 0 0 157
759 C 531697 77 94 531430 12 0 0 23 0 61
760 G 530629 125 78 38 530316 0 0 0 18 54
761 A 510510 510273 29 6 93 12 0 0 0 97
762 A 507315 506878 34 6 319 7 0 0 0 71
763 G 545569 45 35 16 545388 0 0 0 21 64
764 A 545087 544691 43 5 71 21 0 0 0 256
765 T 521782 40 521478 66 4 0 13 0 0 181
766 C 519097 33 38 518900 20 0 0 16 0 90
767 T 491667 45 491392 120 13 0 15 0 0 82
768 C 501689 65 55 501477 12 0 0 13 0 67
769 A 499858 499601 16 6 116 6 0 0 0 113
770 T 500626 53 500401 61 7 0 5 0 0 99
771 C 496198 41 38 496049 10 0 0 9 0 51
772 T 462816 22 462647 108 1 0 6 0 0 32
773 T 466866 18 466735 76 3 0 6 0 0 28
774 T 468641 22 468503 65 8 0 3 0 0 40
775 C 464992 34 47 464842 19 0 0 1 0 49
776 T 464137 31 463960 70 14 0 4 0 0 58
777 G 454330 50 39 24 454135 0 0 0 10 72
778 G 461419 101 37 32 461175 0 0 0 6 68
779 C 458656 56 113 458356 22 0 0 1 0 108
780 A 457722 457192 21 13 177 3 0 0 0 316
781 C 453648 32 120 453400 10 0 0 21 0 65
782 G 476283 74 34 9 476060 0 0 0 41 65
783 G 484783 46 29 23 484607 0 0 0 20 58
784 T 483566 32 482533 77 6 0 7 0 0 911
785 C 485599 36 53 485411 11 0 0 19 0 69
786 T 494899 21 494589 194 12 0 26 0 0 57
787 G 487730 161 78 30 487364 0 0 0 26 71
788 C 501252 76 100 500954 35 0 0 12 0 75
789 A 484799 483534 57 12 103 11 0 0 0 1082
790 C 481038 38 45 480823 14 0 0 38 0 80
791 T 432326 25 432086 88 11 0 32 0 0 84
792 C 457005 84 73 456638 12 0 0 37 0 161
793 A 471786 471548 43 13 50 19 0 0 0 113
794 T 458610 36 458417 90 0 0 14 0 0 53
795 A 443362 442494 38 7 159 19 0 0 0 645
796 T 470137 34 469974 63 10 0 20 0 0 36
797 T 476857 19 476467 80 13 0 12 0 0 266
798 G 532466 73 67 19 532221 0 0 0 20 66
799 A 522404 521324 39 8 156 12 0 0 0 865
800 G 570374 35 62 19 570139 0 0 0 33 86
801 A 524545 513996 16 16 179 19 0 0 0 10319
802 G 534323 72 61 7 534125 0 0 0 22 36
803 G 563255 38 52 15 563116 0 0 0 14 20
804 G 564678 58 64 18 563984 0 0 0 0 554
805 T 558367 53 556448 85 12 0 2 0 0 1767
806 C 561259 54 75 560371 35 0 0 5 0 719
807 A 556385 554906 39 8 154 3 0 0 0 1275
808 G 566369 41 47 11 564269 0 0 0 9 1992
809 T 564930 48 564649 76 7 0 7 0 0 143
810 T 561286 37 560829 105 6 0 3 0 0 306
811 G 565389 84 71 33 564300 0 0 0 17 884
812 C 550627 44 67 550346 29 0 0 9 0 132
813 T 550926 22 547388 103 2 0 5 0 0 3406
814 C 556017 67 78 555713 19 0 0 3 0 137
815 A 554266 553118 61 7 99 5 0 0 0 976
816 C 556028 59 50 545979 18 0 0 8 0 9914
817 A 550161 550008 20 5 85 11 0 0 0 32
818 A 551449 551149 29 3 217 14 0 0 0 37
819 A 550840 549765 42 4 125 5 0 0 0 899
820 T 548444 28 547984 68 5 0 10 0 0 349
821 C 543937 37 38 540152 5 0 0 9 0 3696
822 T 538041 25 537843 98 3 0 15 0 0 57
823 T 519717 16 519451 65 23 0 16 0 0 146
824 G 519196 38 44 20 517732 0 0 0 11 1351
825 T 496375 66 495910 95 10 0 8 0 0 286
826 C 495575 58 63 494956 21 0 0 26 0 451
827 T 428841 33 426399 24 15 0 5 0 0 2365
828 G 427814 37 52 23 424542 0 0 0 5 3155
829 C 422816 74 163 422486 24 0 0 5 0 64
830 C 421231 64 81 421006 43 0 0 5 0 32
831 C 358617 59 118 358378 20 0 0 7 0 35
832 G 330790 106 72 48 330439 0 0 0 5 120
833 C 337007 40 39 336885 28 0 0 4 0 11
834 C 334988 54 50 334707 18 0 0 6 0 153
835 T 319723 21 319295 254 27 0 5 0 1 120
836 G 313941 55 47 16 313779 0 0 0 5 39
837 T 299528 46 299143 65 11 0 5 0 0 258
838 G 313806 18 40 6 313607 0 0 0 17 118
839 T 263926 33 263699 35 6 0 8 0 0 145
840 G 287153 73 35 15 286388 0 0 0 8 634
841 T 195076 15 194884 48 6 0 10 0 0 113
842 A 197791 196739 27 4 137 12 0 0 0 872
843 T 194402 20 190486 28 25 0 6 0 1 3836
844 G 191566 47 19 7 191468 0 0 0 14 11
845 G 212949 33 28 17 211971 0 0 3 12 885
846 A 207774 133777 31 19 46 12 0 3 0 73886
847 C 215385 17 45 215273 18 0 0 11 0 21
848 C 219139 29 29 219043 13 0 0 13 0 12
849 T 210104 16 210000 36 15 0 4 0 0 33
850 G 366921 161 60 32 366585 0 0 0 34 49
851 C 370197 37 100 370007 29 0 0 1 0 23
852 C 370094 24 108 369885 17 0 0 2 0 58
853 G 370272 71 41 21 370065 0 0 0 25 49
854 T 388046 37 387791 95 12 0 20 0 0 91
855 A 398261 397938 16 2 238 4 0 0 0 63
856 G 413655 56 40 8 413491 0 0 0 5 55
857 C 414345 37 39 414215 21 0 0 1 0 32
858 C 429165 36 71 428965 26 0 0 22 0 45
859 A 515138 514933 37 18 73 35 0 0 0 42
860 G 521657 43 41 34 521504 0 0 0 2 33
861 T 521731 49 521281 57 19 0 1 0 0 324
862 G 562907 71 53 24 562651 0 0 0 17 91
863 G 562638 38 51 19 562481 0 0 0 3 46
864 C 569378 49 60 569147 23 0 0 7 0 92
865 T 567550 16 567274 181 1 0 9 0 0 69
866 A 571436 571005 30 4 216 7 0 0 0 174
867 C 568525 38 138 568271 17 0 0 1 0 60
868 G 607876 73 31 13 607677 0 0 0 1 81
869 A 608671 608086 29 1 59 0 0 0 0 496
870 C 612613 23 55 612403 8 0 0 17 0 107
871 T 598615 8 598414 119 1 0 9 0 0 64
872 T 601075 27 600913 81 1 0 1 0 0 52
873 C 600404 60 93 600152 28 0 0 3 0 68
874 G 603564 108 47 24 603326 0 0 0 3 56
875 A 604081 603900 17 4 122 3 0 0 0 35
876 A 604246 604065 13 2 130 0 0 0 0 36
877 A 603475 603220 8 4 203 2 0 0 0 38
878 A 603925 603720 23 2 151 7 0 0 0 22
879 A 601762 601254 15 8 446 6 0 0 0 33
880 G 604914 75 49 15 604669 0 0 0 9 97
881 A 595693 595317 31 4 162 6 0 0 0 173
882 G 588713 57 54 18 588533 0 0 0 11 40
883 G 585646 40 62 19 585490 0 0 0 2 33
884 G 580795 78 95 17 580546 0 0 0 7 52
885 A 560566 559983 55 3 92 7 0 0 0 426
886 T 555602 49 555246 88 1 0 15 0 0 203
887 A 489424 486985 41 9 115 25 0 0 0 2249
888 C 486587 49 26 486379 17 0 0 26 0 90
889 T 434857 42 434566 74 2 0 18 0 0 155
890 C 444658 33 32 444511 16 0 0 20 0 46
891 T 466052 15 465880 97 8 0 12 0 0 40
892 T 458970 20 458861 52 4 0 9 0 0 24
893 T 460534 43 460361 72 5 0 27 0 0 26
894 A 473545 473087 37 5 335 24 0 0 0 57
895 G 489542 62 64 18 489334 0 0 0 26 38
896 T 468346 43 467170 83 59 0 12 0 0 979
897 G 457525 63 72 15 457332 0 0 0 16 27
898 G 460244 42 59 20 460043 0 0 0 47 33
899 G 430317 79 47 24 430068 0 0 0 50 49
900 A 529155 528885 47 3 97 3 0 0 0 120
901 A 540828 540605 50 6 108 7 0 0 0 52
902 T 541479 60 541173 93 3 0 45 0 0 105
903 A 534673 534277 29 6 276 35 0 0 0 50
904 G 543000 77 63 29 542706 0 0 0 9 116
905 A 550448 547471 60 30 71 2 0 0 0 2814
906 C 562270 61 39 562071 21 0 0 14 0 64
907 C 554949 69 32 554735 22 0 0 53 0 38
908 C 597427 74 50 597189 15 0 0 51 0 48
909 T 597231 33 596912 204 18 0 4 0 0 60
910 T 607398 30 607176 113 12 0 13 0 0 54
911 T 582073 41 581793 112 8 0 20 0 0 99
912 C 583644 79 61 583396 22 0 0 12 0 74
913 A 582028 581824 20 14 131 5 0 0 0 34
914 A 586008 585823 35 1 101 8 0 0 0 40
915 A 593200 592694 42 21 162 3 0 0 0 278
916 C 593820 33 39 593668 14 0 0 18 0 48
917 T 586495 21 586195 118 9 0 17 0 0 135
918 G 592963 101 95 29 592592 0 0 0 9 137
919 C 598020 49 50 597809 34 0 0 9 0 69
920 T 599464 22 599241 120 8 0 1 0 0 72
921 T 598713 63 598437 86 5 0 2 0 0 120
922 C 605308 52 64 605114 15 0 0 0 0 63
923 A 603738 603535 33 20 96 2 0 0 0 52
924 A 603927 603749 18 2 136 2 0 0 0 20
925 A 603917 603682 15 3 180 2 0 0 0 35
926 A 602929 602382 23 35 188 2 0 0 0 299
927 C 606758 64 70 606553 20 0 0 10 0 41
928 A 592707 592543 17 6 89 6 0 0 0 46
929 G 615892 87 53 28 615604 0 0 0 20 100
930 C 620800 81 53 620571 33 0 0 10 0 52
931 C 643837 64 69 643581 22 0 0 23 0 78
932 A 637557 637362 39 12 89 8 0 0 0 47
933 A 640017 639773 24 5 129 32 0 0 0 54
934 G 726229 63 38 23 725935 0 0 0 60 110
935 T 745857 63 744592 92 9 0 16 0 0 1085
936 A 724615 724251 55 1 227 20 0 0 0 61
937 T 710392 42 710115 111 2 0 43 0 0 79
938 A 686641 685820 55 11 271 32 0 0 0 452
939 C 659150 82 284 658622 48 0 0 51 0 63
940 A 638753 638393 25 22 184 41 0 0 0 88
941 G 731106 74 106 43 730729 0 0 0 34 120
942 C 740443 72 57 740086 50 0 0 43 0 135
943 C 642933 50 42 642700 17 0 0 36 0 88
944 T 716117 45 715647 293 12 0 51 0 0 69
945 A 750271 749959 26 4 169 47 0 0 0 66
946 A 753905 753483 66 4 269 7 0 0 0 76
947 T 761356 53 760983 106 7 0 3 0 0 204
948 C 682691 102 95 682381 18 0 0 31 0 64
949 A 633273 632860 22 20 290 26 0 0 0 55
950 G 636449 54 51 19 636180 0 0 0 25 120
951 A 637193 636232 38 11 111 0 0 0 0 801
952 C 650124 54 54 649918 25 0 0 13 0 60
953 C 639694 59 97 639450 22 0 0 13 0 53
954 G 640999 126 53 19 640736 0 0 0 7 58
955 A 652799 652653 29 8 61 4 0 0 0 44
956 A 662906 662340 39 5 295 2 0 0 0 225
957 C 656367 46 152 656072 21 0 0 5 0 71
958 G 656411 91 69 16 656158 0 0 0 3 74
959 A 678253 677938 53 3 102 4 0 0 0 153
960 G 682470 56 51 28 682211 0 0 0 8 116
961 A 693468 693247 23 3 96 8 0 0 0 91
962 A 717298 716977 42 3 183 11 0 0 0 82
963 T 715543 65 715205 111 5 0 5 0 0 152
964 C 715232 46 40 715065 11 0 0 6 0 64
965 C 718613 79 106 718302 39 0 0 11 0 76
966 A 711344 710905 21 14 241 23 0 0 0 140
967 G 729278 120 90 45 728864 0 0 0 26 133
968 C 719660 106 139 719298 31 0 0 13 0 73
969 A 755211 754170 60 19 171 27 0 0 0 764
970 C 784705 65 80 784428 23 0 0 35 0 74
971 A 765111 764196 75 18 128 14 0 0 0 680
972 C 777254 72 102 776986 21 0 0 21 0 52
973 A 773366 772999 30 8 254 35 0 0 0 40
974 A 780883 780232 59 19 468 42 0 0 0 63
975 G 789451 66 63 13 788804 1 0 0 31 473
976 A 741028 740677 50 5 136 10 0 0 0 150
977 G 747673 81 48 20 747322 0 0 0 38 164
978 T 650814 68 648472 90 10 0 25 0 0 2149
979 C 684940 99 93 684601 30 0 0 22 0 95
980 A 646712 646269 22 13 300 9 0 0 0 99
981 G 647316 36 75 27 647105 0 0 0 11 62
982 C 646525 82 136 646166 27 0 0 19 0 95
983 T 531806 26 531595 77 13 0 25 0 0 70
984 G 563593 53 58 17 563394 0 0 0 34 37
985 G 571421 36 51 7 571279 0 0 0 13 35
986 T 565007 41 562767 64 24 0 9 0 0 2102
987 G 661482 71 77 25 661229 0 0 0 30 50
988 T 643066 39 642128 71 23 0 30 0 0 775
989 G 643629 87 89 20 643341 0 0 0 26 66
990 G 570820 36 84 15 570615 0 0 0 16 54
991 A 567443 566991 40 7 104 7 0 0 0 294
992 T 574987 59 574606 63 5 0 32 0 0 222
993 G 560887 101 58 27 560594 0 0 0 21 86
994 G 554584 144 74 18 554286 0 0 0 11 51
995 C 559489 64 111 559109 47 0 0 13 0 145
996 A 566364 566118 36 4 100 17 0 0 0 89
997 T 586167 39 585900 102 7 0 17 0 0 102
998 G 591066 139 74 34 590707 0 0 0 14 98
999 C 602111 69 123 601746 45 0 0 20 0 108
1000 C 600824 90 87 600528 20 0 0 15 0 84
1001 A 599371 599049 39 3 91 14 0 0 0 175
1002 T 600819 27 600624 97 4 0 10 0 0 57
1003 T 585393 36 585222 63 5 0 17 0 0 50
1004 C 579103 76 63 578792 28 0 0 27 0 117
1005 T 558888 31 558627 127 14 0 12 0 0 77
1006 G 563587 115 89 39 563228 0 0 0 8 108
1007 C 581782 61 57 581507 30 0 0 15 0 112
1008 T 534181 26 533935 130 13 0 5 0 0 72
1009 G 539804 101 83 37 539498 0 0 0 27 58
1010 C 506396 64 81 506151 39 0 0 7 0 54
1011 A 501935 501707 41 4 76 3 0 0 0 104
1012 T 517064 17 516945 56 3 0 13 0 0 30
1013 T 508300 17 508168 66 10 0 6 0 0 33
1014 T 508990 31 508779 118 13 0 6 0 0 43
1015 G 506902 62 66 24 506658 0 0 0 6 86
1016 A 496347 496131 46 5 103 7 0 0 0 55
1017 A 496893 496585 37 21 210 9 0 0 0 31
1018 G 479673 38 31 12 479516 0 0 0 22 54
1019 A 499935 499697 36 7 39 36 0 0 0 120
1020 T 502880 28 502696 43 6 0 10 0 0 97
1021 C 493573 53 38 493416 9 0 0 11 0 46
1022 T 495878 24 495673 139 3 0 14 0 0 25
1023 A 478770 478600 11 1 124 17 0 0 0 17
1024 A 477578 477237 28 10 257 15 0 0 0 31
1025 G 480267 52 42 14 480092 0 0 0 10 57
1026 A 466831 466577 39 1 81 18 0 0 0 115
1027 G 503427 50 42 14 503207 0 0 0 60 54
1028 T 423888 28 421201 69 5 0 10 0 0 2575
1029 A 418695 418425 38 1 194 7 0 0 0 30
1030 T 411400 32 411261 54 9 0 9 0 0 35
1031 T 409071 48 408908 69 3 0 12 0 0 31
1032 A 424482 424054 51 1 337 14 0 0 0 25
1033 A 382660 382502 9 5 110 11 0 0 0 23
1034 G 373112 18 35 19 372982 0 0 0 10 48
1035 C 374709 36 29 374542 9 0 0 31 0 62
1036 T 326824 8 326684 61 6 0 16 0 0 49
1037 T 384543 29 384385 50 5 0 16 0 0 58
1038 C 388371 43 45 388225 12 0 0 7 0 39
1039 A 400460 400301 35 2 69 4 0 0 0 49
1040 T 401087 37 400903 52 1 0 7 0 0 87
1041 C 394736 48 38 394586 15 0 0 13 0 36
1042 A 396726 396513 29 5 125 7 0 0 0 47
1043 G 388536 24 56 21 388382 0 0 0 3 50
1044 A 391072 390880 23 8 92 2 0 0 0 67
1045 G 387046 39 40 7 386907 0 0 0 8 45
1046 G 407250 32 32 11 407103 0 0 0 23 49
1047 G 485526 107 51 28 485123 0 0 0 25 192
1048 A 481557 480459 28 10 90 1 0 0 0 969
1049 C 487868 54 45 487673 19 0 0 7 0 70
1050 C 475504 79 34 475301 15 0 0 14 0 61
1051 A 482787 482627 27 27 63 18 0 0 0 25
1052 A 514049 513809 24 5 167 17 0 0 0 27
1053 A 511490 511046 30 13 357 3 0 0 0 41
1054 G 519118 64 38 20 518906 0 0 0 17 73
1055 T 511149 54 509816 58 17 0 24 0 0 1180
1056 A 512593 512270 46 4 130 22 0 0 0 121
1057 T 517784 56 517193 120 4 0 12 0 0 399
1058 C 519655 46 49 519483 16 0 0 12 0 49
1059 C 516308 79 42 516065 23 0 0 11 0 88
1060 C 510364 52 41 510171 12 0 0 19 0 69
1061 C 485991 91 49 485769 11 0 0 13 0 58
1062 A 484730 484545 21 29 64 9 0 0 0 62
1063 A 477688 477330 29 3 257 16 0 0 0 53
1064 G 483759 71 83 13 483543 0 0 0 16 33
1065 G 472783 28 54 13 472637 0 0 0 6 45
1066 G 469153 30 51 11 468977 0 0 0 17 67
1067 G 439924 36 37 15 439773 0 0 0 7 56
1068 G 415950 132 37 14 415716 0 0 0 2 49
1069 A 412646 412448 22 4 77 3 0 0 0 92
1070 A 427316 427150 16 1 122 2 0 0 0 25
1071 A 429387 428914 22 35 155 9 0 0 0 252
1072 C 439634 46 39 439472 15 0 0 15 0 47
1073 T 420242 19 420024 156 1 0 3 0 0 39
1074 T 420616 13 420472 90 4 0 4 0 0 33
1075 T 430994 38 430768 77 8 0 4 0 0 99
1076 C 392496 34 46 392339 16 0 0 11 0 50
1077 C 414672 47 48 414499 12 0 0 15 0 51
1078 A 459580 458978 60 23 59 3 0 0 0 457
1079 C 472243 26 44 472118 11 0 0 14 0 30
1080 T 473454 37 473260 73 5 0 23 0 0 56
1081 A 457870 457594 36 9 151 24 0 0 0 56
1082 G 464540 28 53 13 464359 0 0 0 29 58
1083 A 470148 469924 19 3 77 11 0 0 0 114
1084 G 474655 38 54 22 474471 0 0 0 20 50
1085 G 498077 39 63 16 497847 0 0 0 48 64
1086 A 434947 434592 31 12 75 29 0 0 0 208
1087 G 488350 40 37 18 488143 0 0 0 41 71
1088 T 483450 39 481030 106 22 0 13 0 0 2240
1089 A 485059 484341 56 6 219 11 0 0 0 426
1090 C 492248 72 56 492000 23 0 0 27 0 70
1091 A 473813 473658 21 30 63 22 0 0 0 19
1092 A 473700 473467 29 7 147 13 0 0 0 37
1093 A 532358 532117 48 10 124 15 0 0 0 44
1094 T 521426 24 521230 78 3 0 8 0 0 83
1095 T 497945 23 497753 75 16 0 30 0 0 48
1096 G 441248 60 66 26 440985 0 0 0 22 89
1097 C 435731 43 29 435596 26 0 0 3 0 34
1098 T 435546 9 435406 69 5 0 1 0 0 56
1099 T 434953 40 434755 57 4 0 5 0 0 92
1100 C 433408 55 34 433253 17 0 0 4 0 45
1101 A 427602 427403 27 10 130 5 0 0 0 27
1102 A 434462 434321 22 1 87 5 0 0 0 26
1103 A 438259 438113 22 2 94 0 0 0 0 28
1104 T 440324 23 440182 55 5 0 2 0 0 57
1105 G 437539 52 41 11 437399 0 0 0 3 33
1106 A 434286 434174 20 2 60 3 0 0 0 27
1107 A 438908 438803 9 6 56 3 0 0 0 31
1108 A 440350 440214 12 7 79 2 0 0 0 36
1109 A 442577 442210 34 66 90 3 0 0 0 174
1110 C 462106 35 36 461983 7 0 0 9 0 36
1111 A 459251 459072 42 4 71 4 0 0 0 58
1112 T 482050 37 481881 57 4 0 1 0 0 70
1113 G 465044 53 82 27 464844 0 0 0 6 32
1114 G 461812 39 51 13 461653 0 0 0 15 41
1115 A 475914 475584 25 2 76 26 0 0 0 201
1116 T 471583 47 471337 82 8 0 2 0 0 107
1117 G 476650 63 68 24 476416 0 0 0 15 64
1118 C 542409 62 39 542110 30 0 0 55 0 113
1119 T 524372 24 524160 121 5 0 8 0 0 54
1120 A 525351 525105 57 2 117 4 0 0 0 66
1121 T 504160 37 503973 58 9 0 16 0 0 67
1122 G 514807 72 59 19 514581 0 0 0 29 47
1123 G 517598 52 81 21 517343 0 0 0 36 65
1124 A 492918 492712 47 8 66 14 0 0 0 71
1125 A 493833 493569 26 1 171 11 0 0 0 55
1126 T 441497 37 441267 57 6 0 27 0 0 103
1127 C 417628 44 45 417452 15 0 0 21 0 51
1128 A 409974 409694 37 12 191 12 0 0 0 28
1129 A 406425 406038 38 6 289 7 0 0 0 47
1130 G 410239 29 31 15 410111 0 0 0 8 45
1131 T 387451 39 386803 67 8 0 11 0 0 523
1132 A 382459 379872 28 9 183 15 0 0 0 2352
1133 C 413799 25 30 413652 6 0 0 33 0 53
1134 T 395906 24 395705 67 3 0 6 0 0 101
1135 C 409472 41 34 409332 14 0 0 6 0 45
1136 T 360223 17 360074 92 3 0 12 0 0 25
1137 T 363091 10 362970 72 2 0 10 0 0 27
1138 G 366440 50 22 14 366296 0 0 0 8 50
1139 A 381530 381396 33 0 45 0 0 0 0 56
1140 A 384257 384014 23 4 64 4 0 0 0 148
1141 C 386149 18 35 386040 10 0 0 19 0 27
1142 T 373551 8 373400 85 2 0 15 0 0 41
1143 G 385839 42 46 17 385693 0 0 0 10 31
1144 A 396405 396233 12 4 91 7 0 0 0 58
1145 G 404628 24 30 14 404497 0 0 0 6 57
1146 A 402970 402822 31 0 58 11 0 0 0 48
1147 A 459130 458901 10 1 124 28 0 0 0 66
1148 G 467548 31 52 19 467370 0 0 0 6 70
1149 C 511827 62 97 511574 33 0 0 7 0 54
1150 A 509336 508964 34 12 236 14 0 0 0 76
1151 G 511650 31 37 9 511521 0 0 0 25 27
1152 G 592702 70 33 15 592474 0 0 0 34 76
1153 T 591419 55 588673 153 37 0 3 0 0 2498
1154 A 598561 597772 62 7 250 1 0 0 0 469
1155 C 615674 66 70 615432 22 0 0 28 0 56
1156 T 582926 45 582619 124 27 0 37 0 0 74
1157 G 597523 65 86 20 597260 0 0 0 22 70
1158 G 606125 67 53 38 605889 0 0 0 10 68
1159 G 589809 89 60 48 589474 0 0 0 2 136
1160 C 628318 64 81 627903 50 0 0 45 0 175
1161 C 568652 29 76 568414 23 0 0 35 0 75
1162 A 585925 585659 80 18 93 13 0 0 0 62
1163 T 586460 39 586249 112 7 0 5 0 0 48
1164 A 579861 579354 9 5 464 5 0 0 0 24
1165 A 599279 598708 37 8 466 13 0 0 0 47
1166 G 588756 45 39 15 588545 0 0 0 26 86
1167 A 566348 566173 26 5 56 22 0 0 0 66
1168 A 563790 562808 54 11 123 2 0 0 0 792
1169 C 562353 29 35 562222 10 0 0 2 0 55
1170 C 594603 73 36 594408 17 0 0 15 0 54
1171 A 579404 579083 44 9 198 10 0 0 0 60
1172 G 592300 37 46 12 592131 0 0 0 15 59
1173 A 592885 592642 29 4 107 5 0 0 0 98
1174 A 585498 585233 25 7 177 6 0 0 0 50
1175 G 601385 33 29 16 601228 0 0 0 23 56
1176 T 569367 43 566710 78 10 0 14 0 0 2512
1177 G 573502 62 69 28 573279 0 0 0 9 55
1178 G 584145 46 92 14 583934 0 0 0 17 42
1179 A 584620 584186 38 9 204 15 0 0 0 168
1180 G 595556 69 56 37 595329 0 0 0 13 52
1181 G 598168 51 62 34 597946 0 0 0 7 68
1182 A 556407 556199 30 6 72 4 0 0 0 96
1183 A 555701 555420 26 2 189 16 0 0 0 48
1184 A 555592 555166 41 26 115 25 0 0 0 219
1185 C 568062 60 51 567853 21 0 0 13 0 64
1186 A 567655 566261 59 17 95 21 0 0 0 1202
1187 C 599805 46 39 599631 15 0 0 39 0 35
1188 T 585873 36 585570 169 11 0 20 0 0 67
1189 A 628994 628618 33 5 274 33 0 0 0 31
1190 A 665672 665368 45 2 185 9 0 0 0 63
1191 T 662987 81 662564 112 5 0 25 0 0 200
1192 C 669591 84 61 669308 23 0 0 50 0 65
1193 A 646974 646724 39 16 116 33 0 0 0 46
1194 A 650316 649832 48 34 165 23 0 0 0 214
1195 C 660799 99 75 660522 19 0 0 30 0 54
1196 A 575010 574587 33 25 297 9 0 0 0 59
1197 G 569584 40 72 19 569361 0 0 0 39 53
1198 A 520049 519700 35 9 198 12 0 0 0 95
1199 G 526524 50 82 19 526280 0 0 0 11 82
1200 G 558026 57 51 10 557804 0 0 0 21 83
1201 G 492327 44 46 39 492106 0 0 0 8 84
1202 C 499590 48 65 499319 29 0 0 11 0 118
1203 C 504930 47 42 504734 14 0 0 16 0 77
1204 T 502197 22 501929 121 6 0 11 0 0 108
1205 C 524971 56 49 524750 19 0 0 14 0 83
1206 T 512358 37 512026 181 16 0 6 0 0 92
1207 G 513878 90 81 33 513610 0 0 0 6 58
1208 C 509386 71 175 509043 18 0 0 17 0 62
1209 A 491690 491312 34 11 229 23 0 0 0 81
1210 G 523189 37 49 15 523010 0 0 0 34 44
1211 G 522761 50 35 22 522589 0 0 0 5 60
1212 T 527215 45 525140 133 18 0 6 0 0 1873
1213 C 527885 57 82 527629 16 0 0 7 0 94
1214 A 512965 512736 34 22 121 18 0 0 0 34
1215 A 543825 543601 37 2 127 19 0 0 0 39
1216 A 528236 527967 49 3 155 5 0 0 0 57
1217 T 531840 34 531499 80 2 0 6 0 0 219
1218 C 529488 69 59 529260 12 0 0 35 0 53
1219 A 491344 491070 24 10 175 19 0 0 0 46
1220 G 518790 33 30 14 518644 0 0 0 22 47
1221 T 500609 50 499850 63 10 0 17 0 0 619
1222 G 503958 61 46 19 503766 0 0 0 15 51
1223 T 496683 64 495882 106 8 0 16 0 0 607
1224 G 479702 95 73 34 479424 0 0 0 10 66
1225 C 492576 68 210 492174 36 0 0 22 0 66
1226 A 486509 486327 15 13 90 18 0 0 0 46
1227 A 493628 492642 40 11 200 6 0 0 0 729
1228 C 493362 27 51 493185 12 0 0 14 0 73
1229 C 487600 59 30 487409 12 0 0 48 0 42
1230 T 445524 24 445207 196 25 0 22 0 0 50
1231 G 460644 186 65 31 460289 0 0 0 21 52
1232 C 496332 73 81 496073 41 0 0 18 0 46
1233 A 485601 485326 32 14 74 13 0 0 0 142
1234 T 493751 53 493582 55 4 0 21 0 0 36
1235 T 490345 14 490220 64 3 0 19 0 0 25
1236 T 460292 26 460133 87 5 0 9 0 0 32
1237 T 463453 19 463309 69 5 0 12 0 0 39
1238 C 430175 35 53 430023 9 0 0 22 0 33
1239 T 398776 17 398575 122 15 0 16 0 0 31
1240 G 425028 60 48 21 424818 0 0 0 27 54
1241 T 413877 48 413470 84 25 0 2 0 0 248
1242 G 424769 80 97 26 424501 0 0 0 4 61
1243 C 431150 52 68 430878 54 0 0 21 0 77
1244 A 425342 425153 22 29 80 10 0 0 0 48
1245 A 434449 434170 15 8 217 9 0 0 0 30
1246 A 432724 432437 15 5 215 7 0 0 0 45
1247 G 446978 83 42 14 446764 0 0 0 8 67
1248 A 442152 442002 20 3 65 20 0 0 0 42
1249 A 402076 401863 13 8 149 10 0 0 0 33
1250 A 420657 418444 19 29 153 7 0 0 0 2005
1251 C 423575 41 25 423412 14 0 0 24 0 59
1252 C 447841 38 42 447692 15 0 0 13 0 41
1253 T 449193 42 448791 150 3 0 6 0 0 201
1254 C 440992 48 46 440829 19 0 0 17 0 33
1255 C 467980 69 40 467785 23 0 0 34 0 29
1256 C 457344 58 60 457178 18 0 0 10 0 20
1257 A 462510 462327 48 19 47 7 0 0 0 62
1258 T 463517 36 463357 62 7 0 6 0 0 49
1259 T 436783 21 436620 63 3 0 19 0 0 57
1260 T 442578 30 442324 152 13 0 17 0 0 42
1261 G 440516 84 58 20 440268 0 0 0 4 82
1262 A 449886 449431 54 18 125 3 0 0 0 255
1263 C 446685 53 73 446484 19 0 0 15 0 41
1264 A 426686 426537 13 14 95 9 0 0 0 18
1265 A 441847 441451 22 4 318 10 0 0 0 42
1266 A 445955 445108 19 30 337 7 0 0 0 454
1267 C 467863 39 46 467706 23 0 0 13 0 36
1268 C 464171 42 51 463989 19 0 0 13 0 57
1269 A 427906 427776 24 11 62 15 0 0 0 18
1270 A 447258 446388 25 10 92 14 0 0 0 729
1271 C 444498 35 49 444314 18 0 0 15 0 67
1272 C 475328 57 40 475156 10 0 0 24 0 41
1273 A 472158 471978 30 4 68 11 0 0 0 67
1274 T 475998 38 475604 78 0 0 18 0 0 260
1275 C 475976 64 55 475786 12 0 0 14 0 45
1276 A 457698 457520 35 4 82 11 0 0 0 46
1277 T 467934 35 467696 60 11 0 10 0 0 122
1278 G 450210 66 46 18 449961 0 0 0 12 107
1279 G 447604 61 64 28 447380 0 0 0 11 60
1280 C 416252 49 86 416023 39 0 0 17 0 38
1281 A 397720 397496 16 13 133 11 0 0 0 51
1282 G 409482 79 53 20 409259 0 0 0 13 58
1283 C 402626 57 66 402424 25 0 0 10 0 44
1284 A 398444 398222 29 2 125 5 0 0 0 61
1285 T 400237 18 400115 50 3 0 5 0 0 46
1286 T 391377 29 391240 32 4 0 10 0 0 62
1287 C 396238 58 46 396029 18 0 0 7 0 80
1288 A 391681 391018 45 8 135 0 0 0 0 475
1289 C 373648 24 35 373521 12 0 0 7 0 49
1290 T 376506 16 376326 83 11 0 7 0 0 63
1291 G 412199 34 57 10 412025 0 0 0 15 58
1292 G 424633 34 40 25 424473 0 0 0 22 39
1293 G 434306 91 50 16 434080 0 0 0 12 57
1294 A 424504 424252 39 1 75 11 0 0 0 126
1295 A 437122 436801 33 2 217 25 0 0 0 44
1296 T 414727 32 414515 93 4 0 21 0 0 62
1297 A 452308 451411 41 20 526 20 0 0 0 290
1298 C 493234 57 110 492942 21 0 0 16 0 88
1299 A 478792 478348 40 34 276 12 0 0 0 82
1300 G 485315 39 81 18 485091 0 0 0 34 52
1301 A 473151 472676 33 13 243 15 0 0 0 171
1302 G 508926 66 65 14 508703 0 0 0 26 52
1303 G 501741 47 44 15 501585 0 0 0 8 42
1304 G 500873 95 78 34 500561 0 0 0 12 93
1305 A 500076 499752 45 2 133 17 0 0 0 127
1306 A 493347 492712 39 9 540 15 0 0 0 32
1307 G 503227 52 45 17 502626 0 0 0 10 477
1308 A 501237 501023 26 8 81 10 0 0 0 89
1309 A 517844 517174 67 5 290 15 0 0 0 293
1310 C 553115 72 65 552856 13 0 0 34 0 75
1311 A 532222 531895 44 10 154 25 0 0 0 94
1312 T 541044 40 540682 74 11 0 19 0 0 218
1313 C 527680 81 68 527431 31 0 0 13 0 56
1314 A 521716 521332 30 9 264 22 0 0 0 59
1315 G 528030 42 28 31 527842 0 0 0 15 72
1316 A 513726 513199 65 3 75 5 0 0 0 379
1317 C 519444 43 52 519262 16 0 0 15 0 56
1318 A 510397 510209 37 5 68 16 0 0 0 62
1319 T 489022 30 488822 77 9 0 8 0 0 76
1320 G 498399 42 58 13 498215 0 0 0 10 61
1321 A 478982 478670 28 8 154 10 0 0 0 112
1322 G 485271 48 90 11 485056 0 0 0 7 59
1323 G 489117 39 34 30 488937 0 0 0 6 71
1324 G 482152 81 59 31 481904 0 0 0 1 76
1325 C 482730 72 58 482431 30 0 0 3 0 136
1326 A 474957 474708 32 6 158 8 0 0 0 45
1327 G 484490 36 44 16 484308 0 0 0 12 74
1328 A 485575 485413 22 3 82 5 0 0 0 50
1329 A 492633 492165 26 0 402 6 0 0 0 34
1330 A 507852 507575 24 3 191 30 0 0 0 29
1331 T 512405 39 512198 86 5 0 26 0 0 51
1332 T 535542 20 535404 76 8 0 8 0 0 26
1333 A 538930 537800 73 3 997 12 0 0 0 45
1334 T 534313 57 534116 78 2 0 17 0 0 43
1335 A 533853 533174 22 2 609 21 0 0 0 25
1336 A 516239 515417 34 23 705 19 0 0 0 41
1337 G 543423 49 65 13 543230 0 0 0 36 30
1338 G 542574 41 56 17 542391 0 0 0 31 38
1339 A 563211 562840 46 8 72 32 0 0 0 213
1340 T 484202 31 483978 52 9 0 17 0 0 115
1341 G 478130 44 54 15 477942 0 0 0 34 41
1342 A 467728 467441 52 4 110 17 0 0 0 104
1343 T 471952 49 471750 62 6 0 14 0 0 71
1344 G 460809 62 43 25 460637 0 0 0 10 32
1345 G 468052 49 43 13 467876 0 0 0 16 55
1346 A 438473 438218 27 8 111 25 0 0 0 84
1347 A 455745 455330 30 4 316 12 0 0 0 53
1348 G 460453 54 33 12 460305 0 0 0 6 43
1349 G 516622 52 40 10 516428 0 0 0 40 52
1350 T 499505 49 496649 88 84 0 11 0 0 2624
1351 G 485652 229 138 24 485196 0 0 0 3 62
1352 C 485408 72 227 484940 112 0 0 3 0 54
1353 A 475841 475619 21 76 93 5 0 0 0 27
1354 A 475779 475584 14 4 138 6 0 0 0 33
1355 A 481615 481271 18 5 282 7 0 0 0 32
1356 A 489839 488793 26 62 448 7 0 0 0 503
1357 C 495413 32 22 495308 9 0 0 10 0 32
1358 C 472281 50 47 472117 14 0 0 3 0 50
1359 A 449092 448775 44 6 216 2 0 0 0 49
1360 G 463570 32 44 11 463447 0 0 0 7 29
1361 A 457950 457637 11 2 261 2 0 0 0 37
1362 A 474012 472709 20 4 1239 6 0 0 0 34
1363 G 485730 45 23 17 485581 0 0 0 5 59
1364 A 481689 481405 36 4 193 6 0 0 0 45
1365 A 477087 475661 27 1 1359 10 0 0 0 29
1366 A 478508 477256 26 1 1194 3 0 0 0 28
1367 T 479767 30 479603 51 10 0 2 0 0 71
1368 G 483554 66 44 28 483356 0 0 0 15 45
1369 T 472049 46 471716 73 6 0 6 0 0 202
1370 C 479536 31 47 479391 16 0 0 7 0 44
1371 C 471183 38 55 471009 17 0 0 18 0 46
1372 T 481188 33 480981 121 4 0 15 0 0 34
1373 T 483966 42 483740 102 3 0 4 0 0 75
1374 C 486119 63 75 485918 24 0 0 10 0 29
1375 C 482999 81 65 482781 29 0 0 9 0 34
1376 A 477199 476594 40 70 439 7 0 0 0 49
1377 G 477894 100 63 14 477680 0 0 0 13 24
1378 G 475401 24 32 9 475306 0 0 0 15 15
1379 G 477473 56 46 20 477301 0 0 0 22 28
1380 G 444533 45 50 43 444350 0 0 0 14 31
1381 C 405177 62 95 404767 189 0 0 8 0 56
1382 G 401916 115 56 143 401577 0 0 0 3 22
1383 G 414750 54 74 20 414577 0 0 0 7 18
1384 G 414122 68 71 28 413817 0 0 0 8 130
1385 G 420938 142 47 11 420630 0 0 0 12 96
1386 A 385824 355572 18 7 168 5 0 0 5 30049
1387 G 384600 43 29 16 384360 0 0 0 31 121
1388 T 366107 16 343762 43 7 1 11 0 1 22266
1389 C 374622 19 33 374216 8 0 0 12 0 334
1390 T 361708 13 361411 106 3 0 10 0 0 165
1391 T 361984 28 361850 77 1 0 10 0 0 18
1392 C 362804 41 89 361520 16 0 1 11 0 1126
1393 G 429105 90 66 20 428092 0 0 0 4 833
1394 A 422981 420256 15 3 147 1 0 0 0 2559
1395 G 432024 30 36 16 431793 0 0 0 29 120
1396 C 397633 33 45 397102 18 0 0 19 0 416
1397 T 391623 20 390907 74 5 0 5 0 0 612
1398 C 380378 30 42 380204 12 0 0 11 0 79
1399 T 378723 18 378507 75 9 0 3 0 0 111
1400 C 382262 49 99 382022 13 0 0 3 0 76
1401 G 384539 72 47 17 384263 0 0 0 4 136
1402 G 424651 41 22 13 424532 0 0 0 16 27
1403 A 460990 459088 27 17 113 4 0 0 1 1740
1404 C 480929 51 92 480591 34 0 0 18 0 143
1405 G 504962 135 57 48 504625 0 0 0 20 77
1406 A 542918 542420 32 4 257 28 0 0 0 177
1407 A 538087 536911 29 4 1104 10 0 0 0 29
1408 A 542468 540819 23 19 1559 9 0 0 0 39
1409 G 554913 74 100 15 554060 0 0 0 15 649
1410 G 557608 70 39 13 557421 0 0 0 22 43
1411 G 539326 70 62 38 539081 0 0 0 15 60
1412 C 543524 84 233 542905 56 0 0 9 0 237
1413 A 537587 536939 31 23 428 6 0 0 0 160
1414 G 547479 54 78 32 547194 0 0 0 15 106
1415 C 536557 85 207 536128 28 0 0 16 0 93
1416 G 580926 133 42 34 580601 0 0 0 22 94
1417 A 584918 584686 30 4 98 16 0 0 0 84
1418 A 588105 586464 26 8 413 14 0 0 0 1180
1419 C 587270 38 76 586996 13 0 0 15 0 132
1420 C 583801 56 38 583638 21 0 0 19 0 29
1421 C 564274 67 92 564043 19 0 0 12 0 41
1422 G 562371 92 52 18 562113 0 0 0 16 80
1423 A 563167 562705 25 6 252 9 0 0 0 170
1424 T 563819 44 563530 55 4 0 14 0 0 172
1425 C 540865 47 97 540602 25 0 0 9 0 85
1426 G 529135 177 47 23 528812 0 0 0 12 64
1427 T 509948 27 509147 85 13 0 14 0 0 662
1428 G 485783 156 63 22 485426 0 0 0 4 112
1429 C 485209 51 78 484927 23 0 0 2 0 128
1430 C 485459 42 57 485200 21 0 0 3 0 136
1431 C 483487 43 64 483279 9 0 0 13 0 79
1432 T 466639 18 466345 113 9 0 30 0 0 124
1433 C 503399 44 56 503195 13 0 0 38 0 53
1434 T 495667 25 495297 294 4 0 2 0 0 45
1435 T 568523 17 568326 143 10 0 3 0 0 24
1436 T 508147 17 508002 59 14 0 18 0 0 37
1437 T 514282 35 514054 72 61 0 28 0 0 32
1438 G 509496 111 49 31 509208 0 0 0 28 69
1439 A 504742 504192 61 59 150 6 0 0 0 274
1440 C 520543 79 82 520291 27 0 0 4 0 60
1441 A 516154 515819 46 14 180 44 0 0 0 51
1442 T 445728 18 445554 80 18 0 25 0 0 33
1443 G 561066 71 86 26 560807 0 0 0 33 43
1444 A 555063 554537 54 6 304 14 0 0 0 148
1445 G 628898 58 59 9 628670 0 0 0 40 62
1446 T 630427 70 628869 98 18 0 24 0 0 1348
1447 A 613320 612522 24 6 712 21 0 0 0 35
1448 A 620866 620256 61 3 441 40 0 0 0 65
1449 T 617445 57 617198 74 18 0 16 0 0 82
1450 G 618444 97 78 22 618153 0 0 0 15 79
1451 A 584026 583694 45 2 163 22 0 0 0 100
1452 A 540006 539201 34 5 694 18 0 0 0 54
1453 G 537099 40 67 14 536840 0 0 0 40 98
1454 G 493974 37 48 14 493769 0 0 0 23 83
1455 A 489820 489542 31 2 68 8 0 0 0 169
1456 T 497529 32 497196 70 4 0 10 0 0 217
1457 C 493940 39 29 493807 12 0 0 6 0 47
1458 T 486011 37 485817 103 4 0 7 0 0 43
1459 T 490360 8 490213 109 0 0 6 0 0 24
1460 A 490949 489123 34 2 1753 4 0 0 0 33
1461 T 490128 34 489977 65 3 0 4 0 0 45
1462 T 487576 21 487458 68 1 0 6 0 0 22
1463 T 483749 33 483599 65 4 0 7 0 0 41
1464 C 482049 27 39 481907 11 0 0 11 0 54
1465 T 464778 16 464634 92 1 0 3 0 0 32
1466 T 462891 21 462764 51 0 0 1 0 0 54
1467 C 462205 59 61 462035 9 0 0 1 0 40
1468 G 460166 82 61 17 459946 0 0 0 0 60
1469 G 463783 36 50 14 463635 0 0 0 4 44
1470 A 466146 465865 30 3 99 4 0 0 0 145
1471 G 476094 42 25 16 475938 0 0 0 1 72
1472 A 475978 475589 46 6 75 7 0 0 0 255
1473 C 487208 33 68 486987 24 0 0 14 0 82
1474 A 477778 477589 28 7 86 35 0 0 0 33
1475 A 528059 527782 36 10 139 47 0 0 0 45
1476 T 545679 55 545442 75 12 0 10 0 0 85
1477 G 582047 118 69 37 581747 0 0 0 14 62
1478 C 599330 92 175 598910 47 0 0 25 0 81
1479 A 580792 580356 57 11 247 28 0 0 0 93
1480 G 586499 56 63 21 586283 0 0 0 28 48
1481 A 606228 605859 35 3 148 22 0 0 0 161
1482 G 503956 60 70 15 503747 0 0 0 19 45
1483 G 529925 55 56 21 529681 0 0 0 67 45
1484 A 442750 442482 28 9 82 22 0 0 0 127
1485 G 450477 57 31 14 450302 0 0 0 16 57
1486 T 431751 29 429634 75 11 0 5 0 0 1997
1487 A 426148 425308 29 3 571 14 0 0 0 223
1488 C 426772 52 70 426564 19 0 0 28 0 39
1489 G 407183 84 30 28 406985 0 0 0 8 48
1490 A 406697 406274 60 7 108 15 0 0 0 233
1491 C 393979 26 46 393809 18 0 0 31 0 49
1492 A 321726 321592 20 14 78 2 0 0 0 20
1493 A 322307 322034 30 3 204 4 0 0 0 32
1494 T 301698 32 301586 52 4 0 2 0 0 22