# amino-acid counts among definitively called codons
# POSITION TOTAL_COUNTS WT N_A N_C N_D N_E N_F N_G N_H N_I N_K N_L N_M N_N N_P N_Q N_R N_S N_T N_V N_W N_Y N_STOP
1 621232 M 0 0 0 0 0 0 3 163 50 46 620730 0 0 0 6 1 75 157 1 0 0
2 595385 A 594988 0 0 72 0 27 0 0 0 0 0 1 14 1 4 70 41 166 1 0 0
3 619734 S 5 16 0 0 56 0 0 0 0 3 0 0 112 2 0 619462 25 9 0 44 0
4 621437 Q 0 0 0 16 2 1 34 0 56 34 0 2 12 621062 154 0 0 0 0 0 64
5 569682 G 37 51 90 0 0 569385 2 0 1 0 0 0 0 0 18 44 1 53 0 0 0
6 512439 T 70 1 0 0 0 0 3 47 0 0 0 30 7 0 0 54 512227 0 0 0 0
7 509711 K 1 0 0 64 0 4 0 23 509432 0 0 54 1 4 106 0 5 1 0 0 16
8 446643 R 0 0 0 0 0 17 0 0 0 42 0 1 9 68 446390 0 2 0 113 0 1
9 457542 S 11 11 0 0 34 0 0 1 0 8 0 2 65 0 1 457338 26 13 0 31 1
10 491977 Y 1 219 1 0 21 0 112 0 2 5 23 6 0 0 0 2 0 1 0 491528 56
11 439372 E 4 0 33 439088 0 71 0 0 47 0 0 18 0 18 4 1 0 39 0 0 49
12 410074 Q 0 0 0 19 0 0 47 0 36 28 0 0 7 409738 126 0 0 0 1 0 72
13 505433 M 0 0 11 0 0 1 0 126 33 49 505065 0 0 1 5 0 59 83 0 0 0
14 494976 E 1 0 22 494704 1 87 0 0 41 0 0 0 0 16 0 0 2 28 0 0 74
15 467134 T 60 0 0 0 0 0 0 25 0 3 0 23 5 0 0 43 466975 0 0 0 0
16 521269 D 2 3 520955 56 0 85 18 1 0 0 2 41 0 0 0 0 0 33 0 60 13
17 517617 G 16 0 0 63 0 517289 0 0 0 1 0 0 0 0 81 0 0 74 93 0 0
18 513819 E 5 1 17 513520 0 98 0 0 73 0 0 2 0 26 0 0 0 21 0 0 56
19 519445 R 1 107 0 0 0 26 161 0 0 65 0 0 46 0 519009 28 2 0 0 0 0
20 530418 Q 0 0 0 17 0 0 70 0 57 52 0 0 13 529894 246 0 1 0 0 0 68
21 507541 N 0 1 64 0 0 9 2 31 27 0 2 507249 0 0 0 137 3 0 0 16 0
22 523036 A 522590 0 1 53 0 29 0 0 0 3 0 1 27 3 3 72 114 139 0 0 1
23 545705 T 133 0 0 0 0 0 1 19 0 1 0 34 4 2 0 43 545468 0 0 0 0
24 518913 E 7 0 64 518513 0 148 0 0 61 2 0 0 0 18 6 0 0 31 1 0 62
25 448871 I 0 0 1 0 28 0 0 448688 1 2 14 26 0 0 1 2 56 51 0 0 1
26 489382 R 1 0 0 4 0 275 0 63 40 3 0 0 0 3 488930 19 9 0 0 0 35
27 469654 A 469362 0 1 60 0 21 1 0 0 0 1 0 13 0 0 36 48 111 0 0 0
28 508683 S 3 12 0 0 30 1 0 0 1 0 0 0 60 0 0 508486 29 0 0 61 0
29 487048 V 63 0 27 0 41 3 0 101 0 8 0 0 1 1 4 3 0 486796 0 0 0
30 508129 G 27 0 0 53 0 507779 0 0 0 0 1 0 0 0 130 0 0 72 67 0 0
31 504485 K 0 0 0 65 0 0 0 0 504121 0 28 65 0 2 164 0 3 1 0 0 36
32 496912 M 0 0 1 2 0 0 0 111 34 36 496595 0 1 0 4 1 70 55 0 0 2
33 504688 I 1 0 2 0 45 0 0 504439 1 5 8 40 0 0 0 6 70 71 0 0 0
34 503299 D 4 1 503000 44 1 91 17 0 1 0 4 44 0 0 0 1 4 36 0 51 0
35 459850 G 22 0 0 40 0 459626 0 0 0 0 0 0 1 0 68 3 0 42 2 0 46
36 483668 I 0 1 1 0 15 0 0 483391 0 4 7 19 0 1 1 1 67 160 0 0 0
37 455612 G 13 0 9 42 0 455382 0 0 0 0 1 0 0 1 76 0 0 38 1 0 49
38 420179 R 0 0 0 0 0 18 1 0 0 38 0 0 15 86 419912 1 1 0 0 0 107
39 454824 F 0 0 1 0 454594 0 0 21 0 142 0 0 1 0 0 35 2 4 0 24 0
40 439503 Y 0 132 5 0 42 0 124 0 0 5 0 41 0 2 1 6 3 0 0 439088 54
41 390175 I 0 0 0 0 26 0 4 390000 1 5 6 29 0 0 0 2 53 49 0 0 0
42 382874 Q 0 0 0 10 0 0 12 0 46 23 0 0 13 382672 49 1 0 0 0 0 48
43 372636 M 0 1 0 0 0 0 0 96 9 23 372411 0 0 0 3 0 41 52 0 0 0
44 420165 C 0 419816 0 0 61 7 1 0 0 2 0 0 0 0 82 60 0 0 18 70 48
45 407640 T 47 0 2 0 0 0 0 30 0 0 0 21 2 1 0 43 407494 0 0 0 0
46 446734 E 0 0 42 446502 0 41 1 0 57 0 0 1 0 18 3 0 2 12 0 0 55
47 528916 L 0 0 0 0 38 0 18 27 0 528712 0 1 82 0 5 1 18 14 0 0 0
48 536508 K 0 0 0 118 0 31 0 13 536093 0 0 73 0 2 111 0 1 0 0 0 66
49 542325 L 0 0 0 0 33 0 14 23 0 542146 0 0 91 2 1 1 2 8 0 4 0
50 543471 S 0 29 0 1 0 235 0 26 0 1 0 27 1 2 90 543041 16 1 0 0 1
51 613539 D 3 1 613269 34 0 57 11 1 0 0 0 49 0 0 0 1 4 41 0 64 4
52 657698 Y 2 354 3 0 52 0 99 2 0 6 12 7 0 0 0 3 5 0 0 657080 73
53 632289 E 8 0 143 631691 1 204 0 0 60 2 1 1 0 24 2 0 0 52 0 1 99
54 580202 G 19 1 0 63 0 579904 0 0 0 2 0 0 2 0 85 0 0 43 83 0 0
55 550977 R 3 0 3 0 1 39 2 0 0 71 0 0 27 106 550577 0 0 0 0 0 148
56 545511 L 0 0 1 0 0 0 1 0 0 545301 31 0 127 28 7 0 0 13 0 0 2
57 567937 I 0 1 0 0 37 1 0 567650 0 4 19 48 0 1 0 1 99 76 0 0 0
58 548077 Q 0 0 0 19 0 2 72 0 54 43 0 0 7 547694 123 1 0 0 0 1 61
59 524977 N 0 0 64 0 0 1 2 40 47 0 1 524614 0 1 0 164 4 0 0 39 0
60 421017 S 0 4 0 0 0 75 0 41 1 4 0 31 0 0 55 420793 13 0 0 0 0
61 419367 L 0 0 0 0 38 0 0 23 0 419185 0 1 26 0 0 49 0 3 0 0 42
62 380479 T 74 0 0 0 0 1 0 26 27 1 0 4 1 10 14 36 380283 1 0 0 1
63 398837 I 0 0 0 0 0 0 0 398321 30 27 272 1 1 4 7 0 65 106 0 0 3
64 408792 E 6 1 50 408541 0 64 0 0 26 0 0 1 0 11 4 0 1 17 0 0 70
65 388687 R 0 0 0 3 0 126 0 24 34 5 0 1 0 3 388419 31 10 0 0 0 31
66 394522 M 0 0 0 9 0 1 0 76 29 19 394204 2 0 0 3 0 46 133 0 0 0
67 374773 V 65 0 0 35 0 9 0 1 0 50 31 0 0 0 0 0 0 374581 1 0 0
68 404871 L 0 2 0 0 28 0 19 36 0 404695 1 0 53 0 10 0 0 26 0 1 0
69 419906 S 3 11 0 1 32 0 0 0 0 1 0 0 76 0 0 419727 20 0 0 35 0
70 443843 A 443583 10 40 0 0 19 0 0 0 9 0 0 18 0 0 46 87 31 0 0 0
71 430044 F 3 3 0 0 429801 1 0 25 0 125 0 0 5 1 1 41 0 2 0 14 22
72 428439 D 7 0 428161 44 0 60 22 0 0 0 0 47 0 0 0 0 18 40 0 38 2
73 397502 E 0 0 11 397293 0 57 0 0 72 1 0 0 1 13 1 0 0 19 0 0 34
74 406064 R 0 0 0 5 0 157 0 41 30 1 0 0 0 0 405769 31 12 0 0 0 18
75 415138 R 0 0 0 0 0 134 0 0 33 1 40 1 2 0 414822 73 14 0 18 0 0
76 442760 N 0 0 55 10 0 0 2 33 41 0 0 442471 0 2 1 120 0 0 0 25 0
77 443211 K 2 0 0 288 0 49 0 24 442719 1 1 34 0 2 55 3 4 0 0 0 29
78 342730 Y 0 103 1 0 21 0 38 3 0 0 0 21 0 0 0 7 4 0 0 342507 25
79 338380 L 0 1 0 0 0 0 0 1 0 338216 25 0 86 31 6 5 0 8 0 0 1
80 314864 E 2 0 17 314686 0 68 0 1 28 0 0 0 0 18 0 0 0 15 0 0 29
81 297288 E 1 0 21 297146 0 35 0 0 33 0 0 4 0 11 1 1 0 15 0 0 20
82 347691 H 0 1 13 0 0 1 347511 2 0 20 1 27 1 26 42 0 9 0 0 37 0
83 470996 P 14 0 0 1 0 0 61 6 0 37 0 0 470754 2 12 50 59 0 0 0 0
84 476374 S 4 8 0 0 0 120 0 64 0 1 0 29 4 2 93 476038 11 0 0 0 0
85 507164 A 506847 1 1 41 0 16 0 1 0 0 0 0 27 5 30 80 69 46 0 0 0
86 556957 G 23 0 0 69 0 556648 0 0 1 1 0 0 0 0 80 1 1 66 67 0 0
87 581389 K 0 0 0 234 0 7 0 0 580716 0 38 150 0 2 185 0 11 0 0 0 46
88 593600 D 4 5 593269 56 1 76 17 14 0 0 0 43 2 0 1 3 1 38 0 70 0
89 543779 P 24 0 0 0 0 1 56 1 1 41 0 0 543539 1 20 45 49 1 0 0 0
90 545010 K 0 2 0 97 0 95 0 2 544444 3 11 35 0 0 305 0 5 1 0 0 10
91 504752 K 0 0 0 69 0 1 0 16 504488 0 0 9 0 0 149 0 0 0 0 0 20
92 459177 T 149 0 0 0 0 0 0 31 0 3 0 27 23 2 0 44 458898 0 0 0 0
93 455554 G 13 0 0 30 0 455334 0 0 0 1 0 0 0 0 72 0 0 46 2 0 56
94 426641 G 12 0 1 33 0 426472 0 0 0 0 0 0 0 2 56 0 1 27 0 0 37
95 449030 P 19 0 1 0 0 0 52 0 0 52 1 1 448816 0 10 34 44 0 0 0 0
96 489501 I 0 0 0 0 0 0 1 489199 30 59 64 0 6 0 4 0 72 57 0 8 1
97 509945 Y 0 74 1 0 43 0 71 8 0 0 0 33 0 12 1 6 0 0 0 509645 51
98 439905 K 0 0 0 108 0 3 0 0 439464 3 28 51 0 10 189 0 10 0 1 0 38
99 326895 R 0 0 1 1 0 66 0 35 20 0 0 0 0 0 326712 17 15 0 0 0 28
100 321407 V 35 0 0 31 0 6 0 38 0 24 0 0 0 1 0 1 0 321271 0 0 0
101 379201 D 1 2 379005 33 0 38 12 1 0 0 0 38 0 0 1 1 0 26 0 42 1
102 390642 R 0 0 0 1 0 223 0 37 28 0 1 0 0 0 390299 22 13 1 0 1 16
103 407083 K 0 0 1 127 0 46 0 0 406751 0 8 27 0 6 97 0 3 0 0 0 17
104 415547 W 0 54 0 0 1 5 0 0 0 36 0 0 0 0 94 23 0 0 415275 0 59
105 426741 M 0 0 0 0 0 1 0 108 40 42 426421 0 0 1 4 0 57 67 0 0 0
106 445814 R 0 0 0 5 0 140 0 0 56 0 74 0 0 0 445410 67 20 0 42 0 0
107 442080 E 1 0 37 441649 0 58 0 0 221 1 0 5 0 24 0 0 0 25 0 0 59
108 441691 L 0 0 0 0 34 0 29 26 0 441520 0 0 63 0 4 3 1 11 0 0 0
109 425526 V 73 0 40 0 20 2 0 84 0 17 0 0 1 0 0 3 0 425286 0 0 0
110 456904 L 4 0 0 1 42 0 9 33 0 456699 0 1 96 0 2 0 0 17 0 0 0
111 438251 Y 0 134 0 0 28 0 96 0 0 6 19 11 0 0 0 2 1 0 0 437914 40
112 384870 D 4 0 384569 54 0 72 12 0 0 1 0 57 0 0 0 0 0 61 0 38 2
113 353956 K 0 0 0 51 0 18 0 12 353700 1 0 16 0 16 123 0 3 0 0 0 16
114 419675 E 0 0 20 419462 0 67 0 0 47 0 0 0 0 16 7 0 0 19 0 0 37
115 474297 E 0 0 20 474049 0 63 0 0 71 0 0 2 0 14 18 1 0 22 0 0 37
116 503763 I 1 1 0 0 0 0 0 503169 28 29 311 22 0 0 2 0 70 110 1 18 1
117 486729 R 0 0 0 0 0 412 0 2 22 1 51 1 0 0 486125 68 18 1 27 0 1
118 477400 R 1 0 0 0 0 33 0 0 0 60 0 0 18 80 477133 0 0 0 0 0 75
119 512839 I 0 0 0 0 12 0 0 512631 0 1 13 30 0 0 0 5 53 93 0 0 1
120 483488 W 0 40 0 0 0 7 0 0 0 42 0 0 0 0 113 17 0 0 483192 0 77
121 498417 R 1 135 0 0 0 38 130 0 0 46 0 0 19 0 497982 65 0 0 0 1 0
122 472009 Q 0 0 1 13 0 0 32 0 37 23 0 1 9 471731 92 1 1 0 0 0 68
123 545807 A 545471 0 65 0 0 15 0 0 0 0 0 0 30 0 0 53 82 91 0 0 0
124 604421 N 0 0 82 0 0 3 10 61 64 1 0 604079 2 13 0 78 4 0 0 24 0
125 592294 N 0 0 250 0 1 84 3 42 46 2 7 591711 1 0 0 93 4 0 1 41 8
126 474397 G 17 57 32 0 0 474173 0 0 0 4 1 1 0 0 18 63 0 31 0 0 0
127 473224 D 6 1 472961 37 0 81 13 0 0 0 3 49 0 0 0 0 0 19 0 54 0
128 461800 D 5 0 461525 32 0 84 14 0 0 0 1 53 1 0 0 1 1 42 0 41 0
129 469179 A 468817 3 0 62 0 23 0 0 0 0 0 0 20 1 0 43 115 93 0 0 2
130 413785 T 123 0 0 0 0 0 0 32 35 0 0 1 1 3 14 31 413544 0 0 1 0
131 381371 A 381215 0 32 0 0 12 0 0 0 0 0 0 11 1 0 43 32 25 0 0 0
132 465201 G 14 50 37 0 0 464998 0 3 0 0 0 0 0 0 10 54 0 35 0 0 0
133 490025 L 0 0 2 0 1 0 0 4 0 489776 38 0 161 15 12 0 0 16 0 0 0
134 574732 T 86 0 3 0 0 1 0 55 0 0 0 31 2 2 0 80 574471 1 0 0 0
135 595819 H 0 0 27 0 0 0 595366 0 0 77 0 72 12 60 131 4 1 0 0 68 1
136 629275 M 0 0 0 1 0 1 3 163 39 40 628809 1 0 0 3 1 90 124 0 0 0
137 644499 M 0 0 1 0 0 0 0 146 50 44 644047 0 0 1 14 0 88 108 0 0 0
138 575608 I 0 0 2 0 36 0 0 575379 0 5 16 35 0 0 0 5 63 65 2 0 0
139 546116 W 0 105 0 0 1 6 0 0 0 49 0 0 0 0 189 22 0 1 545574 0 169
140 519985 H 0 0 34 0 0 0 519658 2 0 22 0 70 0 21 83 2 0 0 0 93 0
141 516600 S 2 25 0 0 37 0 0 0 0 0 0 0 87 0 0 516356 21 0 0 72 0
142 511201 N 0 0 75 0 0 1 7 33 26 1 0 510923 0 0 0 112 0 0 0 23 0
143 501934 L 0 0 0 0 81 0 0 0 0 501726 26 0 0 0 2 61 0 2 6 0 30
144 477989 N 0 0 115 0 0 2 1 13 46 1 1 477677 0 1 0 92 1 0 0 39 0
145 462900 D 5 0 462662 26 0 58 20 1 0 1 1 35 0 0 0 0 1 39 0 50 1
146 446303 T 217 0 0 0 0 0 0 75 35 0 0 8 2 4 12 30 445913 0 0 5 2
147 586356 T 144 1 0 0 0 1 11 52 53 0 0 9 3 1 13 47 586018 0 0 3 0
148 534727 Y 0 172 1 1 34 0 84 14 0 0 1 25 1 1 1 8 7 0 0 534321 56
149 538531 Q 0 0 0 11 0 0 75 0 48 33 0 0 22 538093 197 0 3 1 0 0 48
150 517713 R 0 0 1 3 0 113 0 0 67 3 48 0 1 2 517365 55 24 0 30 1 0
151 567660 T 88 0 3 3 0 0 0 58 27 0 1 0 9 1 22 77 567370 0 0 0 1
152 596886 R 0 0 0 0 0 544 0 42 65 0 0 0 0 3 596158 20 17 0 0 0 37
153 656714 A 656417 0 68 2 0 27 0 0 0 0 0 0 28 0 0 75 54 43 0 0 0
154 700058 L 2 0 0 0 38 0 46 64 0 699747 1 0 135 0 4 4 0 17 0 0 0
155 710151 V 100 1 77 0 38 0 0 72 0 20 0 0 1 0 1 0 0 709841 0 0 0
156 726831 R 0 162 0 0 2 26 266 0 0 100 0 0 34 0 726154 85 2 0 0 0 0
157 729687 T 190 1 0 0 0 0 0 111 0 1 0 35 10 1 2 80 729255 0 1 0 0
158 745632 G 40 57 201 1 0 744993 0 0 0 0 0 0 0 0 19 224 0 96 0 1 0
159 774531 M 0 0 0 0 1 2 3 238 33 59 773899 0 0 0 8 1 124 163 0 0 0
160 874301 D 3 0 873870 66 0 112 10 7 0 0 0 84 1 0 0 0 0 42 0 106 0
161 777298 P 12 1 1 0 1 0 74 1 0 64 0 0 776966 3 29 94 52 0 0 0 0
162 731108 R 1 0 0 0 0 402 0 1 61 3 80 0 0 1 730432 71 24 1 31 0 0
163 668849 M 0 0 3 1 1 0 0 181 30 75 668302 0 0 1 12 1 77 165 0 0 0
164 654710 C 0 654149 0 0 78 8 0 0 0 3 0 0 1 0 111 98 0 2 21 187 52
165 617203 S 23 20 0 0 51 0 0 1 0 3 0 0 91 1 0 616929 33 0 0 51 0
166 604863 L 0 0 4 2 0 0 0 0 0 604583 64 0 147 44 9 0 0 10 0 0 0
167 590344 M 1 1 1 0 0 0 0 279 36 37 589805 0 0 0 2 0 93 88 1 0 0
168 552503 Q 0 0 0 28 0 1 76 0 80 31 0 0 8 551916 235 0 1 0 0 0 127
169 513382 G 13 35 44 0 0 513215 1 0 0 1 0 0 0 0 5 36 0 32 0 0 0
170 558045 S 1 0 0 0 3 0 0 0 0 118 0 1 66 1 3 557751 42 1 17 0 41
171 547110 T 109 0 5 0 0 0 0 41 0 1 0 38 5 3 0 75 546833 0 0 0 0
172 585585 L 0 0 0 0 33 1 35 58 0 585284 0 0 140 0 2 10 0 21 0 0 1
173 748516 P 23 0 0 0 0 0 75 0 0 63 0 0 748169 3 18 74 86 0 0 0 5
174 754559 R 0 0 0 3 0 624 0 0 66 5 79 0 4 1 753613 88 20 0 41 0 15
175 607310 R 0 0 0 3 0 150 0 0 40 4 38 0 0 0 606983 51 9 0 32 0 0
176 653691 S 7 15 0 0 62 1 1 0 0 1 0 0 92 0 0 653419 38 8 3 43 1
177 681005 G 23 0 0 49 0 680655 0 0 1 2 0 0 0 1 96 3 0 74 0 0 101
178 655371 A 655107 0 57 0 0 14 0 0 0 0 0 0 22 0 0 58 49 64 0 0 0
179 674900 A 674237 2 0 72 0 24 0 0 1 0 1 0 53 0 0 75 290 145 0 0 0
180 691382 G 9 64 52 1 0 691150 0 1 0 0 0 0 0 2 18 50 0 35 0 0 0
181 685681 A 685316 0 50 0 0 15 0 0 0 0 0 0 31 1 0 75 156 37 0 0 0
182 699423 A 698566 0 0 102 0 26 1 0 0 0 0 0 26 1 0 95 294 310 0 0 2
183 748733 V 104 0 60 1 24 4 0 70 0 21 0 0 0 2 0 9 1 748436 0 0 1
184 763941 K 2 0 0 131 0 158 1 38 763038 0 0 144 1 37 342 1 5 0 0 0 43
185 644791 G 20 0 0 64 0 644547 0 0 0 1 0 0 0 0 53 0 0 53 0 0 53
186 634727 V 101 2 31 0 28 4 3 47 1 19 1 0 0 0 1 10 2 634475 0 0 2
187 628931 G 34 0 7 84 0 628544 0 0 0 0 0 0 1 0 96 0 0 74 90 0 1
188 497147 T 79 0 4 3 0 1 0 61 30 5 0 3 4 16 31 52 496858 0 0 0 0
189 408424 M 1 0 0 0 0 0 0 91 24 24 408101 3 0 1 6 0 49 119 3 0 2
190 389929 V 88 0 2 44 0 5 0 0 0 33 25 0 2 2 0 1 0 389727 0 0 0
191 374382 M 0 0 0 0 0 0 0 97 27 34 374120 0 0 0 5 0 50 48 1 0 0
192 337621 E 3 0 27 337398 0 77 0 0 27 0 0 0 0 19 0 0 0 24 0 0 46
193 423407 L 0 0 0 1 49 0 0 0 0 423249 17 2 1 0 2 55 0 9 5 0 17
194 503416 I 0 0 19 3 1 0 0 502771 27 40 350 0 0 0 3 0 98 98 0 0 6
195 477828 R 0 0 1 0 0 466 0 0 40 3 89 0 0 0 477132 57 18 0 22 0 0
196 502407 M 0 0 0 1 0 2 0 138 31 50 502043 0 0 0 9 0 62 71 0 0 0
197 535590 I 0 0 2 0 45 0 0 535260 0 0 23 60 0 0 0 6 87 106 0 0 1
198 507660 K 0 0 1 103 0 13 0 11 507374 0 0 41 0 5 97 0 4 0 0 0 11
199 472417 R 0 45 0 0 0 10 61 0 0 57 0 0 14 0 472205 19 2 4 0 0 0
200 466677 G 13 0 2 48 0 466435 0 0 0 0 0 0 0 0 63 0 1 53 62 0 0
201 463541 I 0 0 2 0 42 0 0 463308 0 3 16 25 0 0 0 4 57 84 0 0 0
202 475289 N 0 0 129 0 0 10 4 15 35 0 5 475011 0 2 0 48 3 0 0 27 0
203 441935 D 3 0 441703 29 0 56 7 0 0 0 0 42 0 1 0 0 0 42 0 50 2
204 459082 R 0 0 1 2 0 7 0 0 0 53 0 0 23 90 458825 1 0 0 80 0 0
205 474054 N 0 0 67 5 0 0 3 16 27 0 0 473805 0 0 0 110 4 0 0 17 0
206 559027 F 0 1 0 0 558716 0 0 14 0 190 0 0 7 0 0 71 2 4 0 22 0
207 574682 W 0 64 0 5 0 8 0 0 0 82 0 0 1 0 223 25 0 1 574150 0 123
208 423521 R 0 0 0 0 0 111 0 43 25 2 0 0 0 4 423239 50 11 0 1 0 35
209 452386 G 16 42 35 2 0 452218 0 0 0 0 0 0 0 0 13 36 0 24 0 0 0
210 484709 E 0 1 31 484397 0 66 0 0 82 0 0 0 0 15 0 0 0 41 0 0 76
211 470812 N 1 0 95 0 0 13 5 31 38 12 17 470529 0 0 0 58 2 1 0 10 0
212 441712 G 26 0 2 41 0 441480 0 0 0 3 0 0 0 0 64 0 0 42 1 0 53
213 432376 R 0 0 0 1 0 26 0 0 1 26 0 0 15 92 432117 0 3 1 0 0 94
214 425704 K 0 0 0 56 0 4 0 13 425513 0 0 14 0 1 88 0 2 0 0 0 13
215 423982 T 74 0 0 0 0 0 0 28 22 0 0 3 18 18 11 28 423780 0 0 0 0
216 396988 R 0 0 0 2 0 190 0 0 24 1 51 0 0 0 396610 82 9 0 19 0 0
217 369240 S 0 21 0 1 0 55 0 10 0 0 1 28 0 2 37 369078 4 2 0 0 1
218 385584 A 385365 4 42 0 0 24 0 0 0 1 2 0 19 0 0 34 51 42 0 0 0
219 382269 Y 0 130 2 0 24 0 82 0 0 2 0 7 0 1 0 2 7 0 0 381961 51
220 387161 E 6 2 33 386913 0 65 0 0 65 0 0 0 0 8 2 0 3 32 0 0 32
221 345581 R 0 0 0 0 0 88 0 30 36 6 0 4 0 0 345367 17 16 0 0 0 17
222 298994 M 0 0 0 2 0 0 0 76 20 19 298786 1 0 0 2 2 29 57 0 0 0
223 373404 C 0 373096 0 0 44 10 0 0 0 3 0 0 0 0 74 60 0 2 18 59 38
224 385632 N 1 0 62 0 0 7 8 27 45 0 0 385384 0 1 0 71 3 0 0 23 0
225 398197 I 1 0 0 0 24 0 2 398032 0 2 3 21 0 0 0 1 71 40 0 0 0
226 415121 L 0 1 0 0 22 0 52 34 0 414897 0 0 91 0 3 7 0 14 0 0 0
227 429078 K 0 0 0 85 0 8 0 19 428851 1 0 23 0 11 67 0 2 0 0 0 11
228 438037 G 11 0 0 36 0 437858 0 0 0 0 0 0 1 0 53 0 0 34 0 0 44
229 447521 K 0 0 0 77 0 9 0 8 447261 1 0 41 0 4 108 2 1 0 0 0 9
230 465930 F 0 0 0 0 465697 1 0 37 0 104 0 0 11 0 0 64 0 3 0 13 0
231 442292 Q 0 0 0 17 0 0 16 0 48 10 0 0 5 441980 165 8 0 0 0 0 43
232 421037 T 93 0 0 0 0 0 0 43 36 0 0 1 19 0 10 12 420822 0 0 1 0
233 416423 A 416199 1 53 0 1 17 0 0 0 1 0 0 15 1 0 54 35 46 0 0 0
234 367021 A 366699 0 0 46 0 13 0 0 1 2 0 0 20 0 0 43 145 52 0 0 0
235 361692 Q 0 0 0 12 1 0 28 0 38 16 0 0 2 361463 70 1 15 0 0 1 45
236 358816 R 0 0 0 0 0 190 0 0 22 1 40 0 0 1 358489 48 7 1 17 0 0
237 360031 A 359772 0 0 31 0 35 0 0 0 0 0 0 16 11 0 42 37 86 0 0 1
238 375230 M 0 0 0 0 0 0 0 96 26 25 374942 1 0 2 3 0 59 64 0 0 12
239 330454 M 0 0 0 0 0 0 0 111 15 23 330208 0 0 0 4 1 45 47 0 0 0
240 396385 D 0 1 396144 42 0 64 14 0 0 1 1 37 0 0 0 0 0 36 0 45 0
241 378609 Q 0 1 2 14 0 0 26 0 25 24 0 1 6 378370 103 1 0 0 0 0 36
242 436532 V 68 1 1 35 0 6 0 0 0 31 28 0 0 1 1 0 0 436359 0 0 1
243 436332 R 0 1 0 3 0 137 0 41 28 2 0 0 0 0 436031 37 15 0 0 0 37
244 430297 E 1 0 11 430087 0 86 0 0 51 0 0 0 0 11 3 0 1 21 0 0 25
245 457812 S 1 6 1 0 0 188 0 12 2 0 0 34 1 0 52 457499 15 1 0 0 0
246 446991 R 0 0 0 0 0 10 0 0 0 58 0 0 19 99 446722 2 0 0 81 0 0
247 451604 N 0 0 58 3 0 0 2 23 36 0 0 451352 0 0 1 102 7 0 0 20 0
248 468017 P 9 0 0 0 0 0 1 1 0 49 0 0 467784 84 14 34 41 0 0 0 0
249 487527 G 16 2 1 48 0 487313 0 0 1 1 0 0 1 0 48 0 1 37 0 0 58
250 468957 N 1 2 78 4 0 5 2 18 26 0 10 468722 0 0 0 68 1 0 0 20 0
251 502960 A 502643 1 63 1 0 25 0 0 0 4 0 4 21 0 0 71 67 60 0 0 0
252 492003 E 6 0 47 491613 0 168 0 0 63 0 0 0 0 17 4 0 0 41 0 0 44
253 517395 I 0 0 6 0 39 0 0 517181 0 1 10 21 0 0 1 2 58 76 0 0 0
254 502449 E 4 0 36 502069 2 88 0 0 113 1 0 0 0 36 2 2 0 25 0 0 71
255 512701 D 2 0 512469 42 0 61 13 0 0 0 0 42 0 0 0 1 0 38 0 33 0
256 490391 L 0 0 0 0 31 0 45 31 0 490137 0 0 117 0 10 2 0 18 0 0 0
257 493364 I 0 2 0 0 13 0 3 493108 0 3 10 48 0 0 0 5 59 113 0 0 0
258 455742 F 0 1 0 0 455506 0 0 21 0 119 0 0 10 0 0 64 0 1 1 18 1
259 447708 L 0 0 0 0 2 3 0 0 0 447553 33 0 66 29 5 1 0 15 1 0 0
260 456513 A 456161 0 0 52 0 22 2 0 0 0 0 0 30 0 0 37 96 113 0 0 0
261 395303 R 0 0 0 0 0 8 0 0 0 29 0 0 7 67 395093 0 0 0 99 0 0
262 478808 S 3 9 0 0 51 2 0 0 0 0 0 1 72 2 0 478603 31 1 0 33 0
263 469513 A 469069 0 1 66 0 27 0 1 0 0 0 0 27 0 0 73 151 97 0 0 1
264 404708 L 0 0 1 0 37 1 21 26 0 404530 0 0 67 1 3 7 2 11 1 0 0
265 430422 I 1 0 1 0 0 0 5 430085 18 33 150 2 1 1 0 5 73 44 0 3 0
266 457826 L 0 0 0 4 65 0 0 6 0 457622 26 0 0 0 4 75 0 5 3 0 16
267 459238 R 0 0 0 1 0 126 0 50 30 2 0 0 0 0 458955 25 16 0 0 0 33
268 523201 G 11 1 0 34 1 522973 0 0 0 0 0 1 0 0 76 0 1 48 55 0 0
269 548673 S 6 0 0 0 0 0 0 1 0 68 0 0 83 1 0 548370 51 5 0 0 88
270 558571 V 76 0 47 0 47 2 0 36 0 11 0 0 0 0 0 5 0 558347 0 0 0
271 542028 A 541714 0 44 0 0 28 0 0 0 1 0 0 30 0 0 70 79 62 0 0 0
272 543283 H 0 2 17 0 1 1 542890 0 0 59 0 66 7 73 94 0 0 0 0 73 0
273 548370 K 0 0 0 50 1 33 0 26 548009 1 1 44 0 5 179 0 3 0 1 0 17
274 526930 S 3 5 2 0 25 0 0 1 0 9 0 0 54 0 0 526772 26 0 0 33 0
275 494330 C 0 494084 1 0 33 6 0 0 0 4 0 0 1 0 59 29 0 6 6 37 64
276 421280 L 1 4 1 0 0 0 0 0 0 421154 50 0 21 31 4 0 0 14 0 0 0
277 355719 P 20 1 0 0 1 0 55 1 0 69 0 0 355338 0 31 141 62 0 0 0 0
278 326318 A 325996 0 38 1 1 27 0 0 0 0 0 0 43 0 0 70 105 37 0 0 0
279 291580 C 0 291151 0 0 39 20 0 0 0 0 0 0 3 0 225 32 0 4 7 53 46
280 260384 V 35 1 1 30 0 5 0 0 1 37 13 0 0 0 0 0 0 260261 0 0 0
281 164906 Y 1 99 3 0 17 0 39 0 0 4 0 11 0 0 0 2 0 1 18 164693 18
282 123201 G 1 1 7 22 0 123118 0 0 0 1 1 0 0 0 25 0 4 8 0 0 13
283 180756 P 14 1 1 0 0 1 22 0 0 25 0 0 180623 2 11 40 16 0 0 0 0
284 364865 A 364466 0 35 0 0 21 0 1 0 0 0 0 31 0 0 59 157 95 0 0 0
285 367309 V 92 0 0 32 0 4 0 71 0 49 0 0 0 3 7 0 0 367050 0 0 1
286 413098 A 412909 0 36 1 0 10 0 0 0 0 0 0 8 0 0 46 49 39 0 0 0
287 514060 S 0 37 0 0 0 73 2 39 0 1 0 29 0 11 57 513778 33 0 0 0 0
288 561230 G 17 52 38 0 0 560976 0 0 0 0 0 0 1 0 28 67 0 51 0 0 0
289 563843 Y 0 211 0 0 30 1 176 0 0 0 0 16 0 1 0 4 0 0 0 563352 52
290 605679 D 1 0 605448 26 0 58 13 0 0 0 0 73 0 0 0 0 0 29 0 31 0
291 596667 F 0 0 0 0 596350 1 0 8 0 202 0 0 1 0 0 79 0 0 0 26 0
292 601552 E 2 0 14 601236 0 104 0 0 108 0 0 0 0 15 9 1 0 17 0 0 46
293 595942 K 0 0 2 141 0 55 0 21 595598 0 0 21 0 4 91 0 2 0 0 0 7
294 583452 E 4 0 69 583094 0 132 0 0 52 0 0 0 0 12 12 0 0 31 1 0 45
295 555298 G 17 0 4 65 0 555003 0 0 2 0 0 0 0 0 54 0 0 93 0 0 60
296 474094 Y 0 107 1 0 40 0 77 0 0 0 0 37 0 0 0 5 2 0 0 473762 63
297 419593 S 2 14 0 0 21 0 0 0 0 10 0 0 52 0 0 419423 39 0 0 32 0
298 398734 L 0 0 0 0 28 0 0 16 0 398586 0 0 4 0 0 58 0 4 0 0 38
299 448746 V 68 0 1 39 0 12 0 0 0 49 43 0 0 0 1 9 4 448508 11 0 1
300 323358 G 19 0 0 67 0 323155 0 0 1 1 0 1 0 0 38 0 0 39 0 0 37
301 531598 I 0 0 0 4 1 0 0 531079 30 34 229 7 0 1 3 0 93 100 0 1 16
302 528486 D 6 0 528148 64 5 59 25 0 0 0 0 50 0 0 8 2 14 52 0 53 0
303 516198 P 21 0 0 0 0 0 59 0 0 45 0 2 515968 0 13 28 62 0 0 0 0
304 581273 F 0 7 0 0 580885 0 0 29 0 191 0 0 10 2 1 102 0 7 0 39 0
305 580903 K 1 0 0 113 0 17 0 35 580558 0 0 63 0 14 82 0 0 0 0 0 20
306 579078 L 0 0 0 0 0 0 0 0 0 578896 27 0 112 21 7 1 0 14 0 0 0
307 596731 L 10 0 0 0 49 0 21 48 0 596465 0 0 106 0 8 0 0 23 0 1 0
308 601938 Q 0 0 0 13 0 0 19 0 50 31 0 0 4 601661 94 15 0 2 0 0 49
309 597563 N 0 0 140 0 0 35 2 22 80 0 1 597090 0 0 1 149 28 0 0 15 0
310 584336 S 1 16 0 0 0 88 0 47 1 2 0 80 0 0 105 583970 26 0 0 0 0
311 631643 Q 0 0 0 22 0 0 25 1 59 38 0 0 9 631334 87 0 0 0 0 0 68
312 689873 V 86 0 0 55 1 5 0 59 2 54 0 0 1 0 0 0 0 689607 0 3 0
313 634134 Y 1 233 1 0 46 0 98 1 1 0 0 33 1 3 0 9 0 0 0 633587 120
314 632904 S 1 20 0 0 1 176 0 96 0 2 0 51 1 5 98 632413 39 0 0 1 0
315 615912 L 2 1 0 0 0 0 0 48 0 615566 0 0 234 37 6 1 0 15 0 0 2
316 663794 I 0 2 0 0 41 0 0 663376 0 3 16 48 0 0 0 6 80 222 0 0 0
317 624033 R 0 0 2 0 0 277 0 50 47 0 0 0 0 2 623574 44 17 1 0 0 19
318 624106 P 24 0 0 0 0 0 1 0 0 97 0 0 623801 57 21 52 52 0 0 1 0
319 632037 N 0 0 52 0 0 5 4 38 59 1 0 631572 0 1 2 271 4 0 0 28 0
320 652774 E 2 0 74 652380 0 92 1 0 89 0 0 1 0 12 3 0 0 51 0 0 69
321 690829 N 0 0 83 3 0 9 2 40 61 0 0 690436 1 0 1 168 2 0 0 23 0
322 705830 P 11 0 0 0 0 0 0 0 0 105 0 0 705514 78 38 39 45 0 0 0 0
323 714720 A 714206 3 4 99 0 24 1 0 0 0 0 0 39 2 2 85 118 137 0 0 0
324 760854 H 0 0 22 0 0 0 760392 0 0 75 0 56 12 86 126 1 5 0 0 79 0
325 764832 K 0 1 0 185 0 58 0 0 764015 0 56 72 1 7 392 0 17 0 0 0 28
326 638231 S 0 39 0 1 0 110 0 29 0 1 0 70 0 1 73 637890 15 2 0 0 0
327 632461 Q 0 0 0 26 0 0 94 0 91 19 0 0 9 631859 281 1 1 2 0 0 78
328 513274 L 1 0 0 0 0 2 0 1 0 513092 58 0 69 25 7 0 0 17 1 0 1
329 559084 V 63 3 1 40 0 14 0 0 0 51 34 0 0 0 0 1 1 558874 2 0 0
330 554827 W 0 97 2 0 0 5 0 0 0 64 1 0 0 0 93 19 0 8 554438 0 100
331 529556 M 1 1 0 0 0 0 0 168 53 37 529139 0 0 1 2 1 57 95 1 0 0
332 545994 A 545555 0 0 57 0 46 2 1 1 1 0 0 15 0 0 70 141 105 0 0 0
333 575354 C 1 574875 1 0 66 3 0 1 0 2 1 0 0 0 98 69 0 1 41 129 66
334 588041 H 0 0 20 0 0 0 587696 3 0 34 0 85 2 26 89 0 0 0 0 86 0
335 554985 S 3 26 0 0 57 2 2 1 0 5 0 0 51 1 0 554737 31 0 0 69 0
336 513974 A 513635 0 52 0 1 23 3 0 0 2 0 0 26 0 0 81 102 48 0 1 0
337 493123 A 492750 4 0 64 0 28 0 2 0 1 0 0 30 0 0 72 95 77 0 0 0
338 501739 F 0 5 0 0 501548 1 0 16 0 86 0 0 8 0 0 55 0 1 1 17 1
339 491037 E 3 0 53 490693 0 100 0 0 57 1 0 1 0 22 0 1 1 44 0 0 61
340 451231 D 2 0 451077 19 0 30 6 0 0 1 0 31 1 2 0 1 1 31 0 29 0
341 474694 L 0 0 0 0 0 0 0 47 1 474483 2 0 122 22 2 7 0 8 0 0 0
342 457637 R 0 0 0 9 0 233 0 39 32 0 0 0 0 6 457240 37 14 0 0 1 26
343 412034 V 63 0 0 26 0 0 0 41 0 40 0 0 0 0 0 2 0 411861 0 1 0
344 403547 L 0 0 0 0 50 0 0 29 2 403347 0 0 5 0 1 61 0 5 0 0 47
345 361813 S 0 9 1 0 0 100 0 33 0 1 0 16 0 0 45 361593 15 0 0 0 0
346 319660 F 0 1 0 0 319487 0 0 6 0 104 0 0 2 0 0 35 1 5 0 19 0
347 393051 I 1 0 0 0 29 0 2 392858 0 0 13 34 0 0 0 2 45 66 0 1 0
348 382205 R 0 0 2 0 0 116 0 55 20 0 0 0 0 2 381943 27 15 0 0 0 25
349 369122 G 10 0 2 25 0 368970 0 0 0 0 0 0 0 0 46 0 0 31 38 0 0
350 467051 T 69 0 17 0 0 1 0 45 1 0 0 30 7 2 0 45 466834 0 0 0 0
351 474397 K 0 0 0 56 0 7 0 22 474070 0 0 41 0 27 142 1 4 0 0 0 27
352 498601 V 55 0 1 32 0 1 0 52 1 45 0 0 0 2 0 9 0 498395 0 8 0
353 505134 S 3 14 0 0 23 0 0 25 0 0 0 1 115 0 0 504881 28 0 0 43 1
354 475929 P 11 0 0 0 0 0 0 0 1 49 0 0 475691 81 10 37 48 0 0 1 0
355 462635 R 0 1 0 0 0 250 0 0 69 3 74 0 0 0 462139 62 12 0 23 0 2
356 410092 G 14 0 0 33 0 409928 0 0 0 0 0 0 0 0 38 0 0 33 46 0 0
357 409326 K 0 0 0 68 0 2 0 16 409053 0 0 55 0 3 107 0 1 0 0 0 21
358 413312 L 0 0 0 0 31 0 17 21 0 413089 0 0 128 0 1 0 11 14 0 0 0
359 386871 S 2 14 0 0 42 0 1 0 0 0 0 0 64 0 1 386683 29 2 0 33 0
360 453897 T 59 1 0 0 0 0 2 35 0 3 0 23 7 0 0 66 453700 0 0 0 1
361 429471 R 0 0 0 1 0 140 0 42 23 8 0 0 0 0 429190 19 13 0 0 1 34
362 402533 G 7 0 1 31 0 402349 0 0 0 0 0 0 0 2 49 1 0 54 0 0 39
363 472646 V 101 0 1 34 2 5 0 33 0 46 0 0 0 0 0 4 2 472416 0 2 0
364 470923 Q 2 0 0 18 0 0 29 0 47 17 0 1 13 470665 62 1 13 1 0 0 54
365 490652 I 0 0 0 0 31 0 0 490403 0 9 7 22 0 2 0 3 68 107 0 0 0
366 427942 A 427713 1 41 0 1 22 0 0 1 3 0 0 18 0 0 61 57 24 0 0 0
367 422833 S 3 0 0 0 2 1 0 1 0 29 0 0 54 1 0 422633 39 0 0 0 70
368 431504 N 0 0 64 0 0 23 1 20 24 0 2 431276 0 0 0 71 1 0 0 22 0
369 426467 E 2 0 13 426274 0 57 0 0 50 0 0 0 0 11 0 0 0 20 0 0 40
370 438167 N 0 0 67 0 0 12 5 34 29 0 0 437867 1 1 0 76 63 0 0 12 0
371 436971 M 0 0 0 0 0 0 0 142 29 41 436641 0 0 1 3 0 48 66 0 0 0
372 454873 D 1 0 454628 51 0 72 11 0 0 0 1 36 1 0 0 0 0 22 0 50 0
373 450730 A 450475 0 50 1 0 22 0 0 0 0 0 0 23 0 0 64 59 36 0 0 0
374 500688 M 0 1 0 0 0 1 0 137 33 44 500295 0 0 1 2 0 57 113 2 2 0
375 483173 E 7 1 18 482901 0 58 0 0 44 0 1 4 0 21 1 0 0 45 0 0 72
376 375250 S 2 0 0 1 0 0 0 7 0 31 0 0 49 0 1 375083 28 1 0 0 47
377 382308 S 0 33 0 0 1 264 0 20 1 1 0 24 0 1 38 381906 12 6 0 1 0
378 351605 T 158 0 0 2 0 0 0 22 0 0 0 19 3 0 0 30 351370 1 0 0 0
379 358756 L 0 0 0 0 24 0 17 35 0 358577 0 0 86 0 3 2 0 12 0 0 0
380 363136 E 0 0 24 362955 0 40 0 0 47 0 0 2 0 14 0 0 0 32 0 0 22
381 371054 L 0 0 0 0 0 0 0 0 0 370933 18 0 84 7 2 0 0 10 0 0 0
382 391657 R 0 0 0 0 0 89 1 29 20 0 0 0 0 1 391461 30 14 0 0 0 12
383 457307 S 3 10 1 0 0 119 0 49 1 1 0 25 0 0 74 457008 15 1 0 0 0
384 492552 R 0 0 0 0 1 226 0 0 29 0 36 0 0 1 492186 36 9 0 28 0 0
385 580531 Y 0 235 11 0 31 5 150 0 0 7 1 49 0 0 1 5 2 21 0 579962 51
386 570298 W 0 77 0 0 0 26 0 0 0 85 0 0 0 0 140 17 2 0 569826 0 125
387 524278 A 523946 0 51 1 0 40 1 0 0 0 0 0 33 0 1 57 82 66 0 0 0
388 577089 I 0 2 1 0 0 0 5 576324 20 77 449 0 0 2 3 0 109 91 0 1 5
389 543837 R 0 0 0 2 0 421 0 37 38 0 1 0 0 0 543267 28 12 0 0 0 31
390 556928 T 121 0 0 0 0 0 1 35 0 0 0 28 6 0 0 62 556675 0 0 0 0
391 570118 R 0 0 0 6 0 187 0 43 30 0 0 0 0 1 569763 33 12 0 0 0 43
392 549181 S 1 22 1 0 0 160 0 26 1 0 1 30 1 0 51 548873 13 0 1 0 0
393 564296 G 14 1 0 38 0 563999 0 0 1 1 0 0 0 3 84 0 0 89 1 0 65
394 531222 G 20 0 0 45 0 530967 0 0 0 1 0 0 0 0 86 0 0 53 0 0 50
395 537908 N 1 0 158 0 0 25 1 39 65 0 0 537486 0 0 0 86 22 0 0 25 0
396 540381 T 93 0 0 1 0 1 4 33 0 0 0 30 6 2 1 67 540142 0 1 0 0
397 616588 N 0 2 235 0 0 33 3 40 63 2 0 616037 0 0 1 140 2 0 0 24 6
398 628630 Q 0 0 0 23 0 0 54 0 53 37 0 23 7 628262 113 4 0 0 0 0 54
399 566019 Q 0 0 1 14 0 1 76 0 55 33 0 1 12 565470 281 0 11 0 1 0 63
400 509441 R 0 0 0 13 0 171 0 0 32 2 74 0 0 1 509039 56 17 1 35 0 0
401 485773 A 485510 0 46 2 0 26 0 0 0 0 0 0 34 0 1 45 44 65 0 0 0
402 488654 S 5 17 0 0 38 1 0 0 2 7 0 0 107 0 0 488406 20 0 0 51 0
403 488789 A 488346 0 0 65 0 15 0 1 0 0 0 0 23 5 1 79 83 170 0 0 1
404 506089 G 20 44 48 0 0 505894 0 1 0 0 0 0 0 0 15 33 0 34 0 0 0
405 506554 Q 0 0 0 15 0 0 35 0 55 34 0 0 12 506206 117 9 0 0 0 0 71
406 523072 I 0 0 0 0 29 0 0 522775 0 3 11 33 0 0 0 6 61 154 0 0 0
407 471291 S 0 22 0 0 0 164 0 21 0 1 0 30 0 0 56 470983 13 1 0 0 0
408 473244 V 102 1 0 63 0 4 0 0 0 53 58 0 0 0 0 1 0 472962 0 0 0
409 464841 Q 1 1 0 34 0 0 43 0 55 15 0 2 5 464404 81 1 3 0 0 0 196
410 422744 P 11 0 0 0 1 0 49 0 0 25 1 0 422587 2 10 40 18 0 0 0 0
411 448458 A 448041 9 0 57 0 21 8 0 1 0 0 0 18 0 0 52 177 74 0 0 0
412 453196 F 0 2 1 0 453007 0 2 48 0 73 0 0 2 0 0 50 0 2 1 8 0
413 392653 S 5 7 0 0 45 0 0 0 0 5 0 0 43 2 0 392499 14 0 0 33 0
414 408424 V 82 2 0 46 0 5 0 0 0 61 57 0 0 0 0 0 0 408171 0 0 0
415 421242 Q 21 1 0 31 0 1 16 0 50 21 0 0 3 420955 74 1 1 1 0 0 66
416 425499 R 0 0 0 21 0 186 0 42 50 0 0 1 0 1 425153 17 14 0 0 0 14
417 392046 N 0 0 112 0 0 27 2 13 41 4 0 391700 0 0 0 114 21 0 0 12 0
418 421239 L 0 0 0 0 29 1 35 36 0 420990 0 0 126 3 1 5 0 13 0 0 0
419 452800 P 20 0 0 0 0 0 10 2 0 56 0 0 452547 48 18 36 63 0 0 0 0
420 423513 F 0 1 0 1 423307 0 1 36 0 86 0 0 5 0 0 56 0 1 0 18 1
421 433672 D 5 2 433302 57 0 107 18 0 0 1 0 71 0 1 0 0 4 52 0 46 6
422 419203 K 0 0 0 61 0 33 0 20 418765 0 0 46 0 13 249 0 3 0 0 0 13
423 418050 P 13 0 0 0 0 1 0 0 0 38 0 2 417861 34 17 44 33 7 0 0 0
424 436833 T 86 0 0 0 2 0 0 41 0 3 0 34 7 0 1 36 436620 3 0 0 0
425 448215 I 0 0 1 0 21 0 2 448009 0 3 10 32 0 0 0 2 69 66 0 0 0
426 430764 M 0 1 0 0 0 0 3 117 29 27 430447 0 0 0 3 0 58 77 2 0 0
427 395274 A 394980 2 0 43 0 33 1 0 0 5 0 0 19 2 1 54 54 80 0 0 0
428 392290 A 392008 0 0 54 0 20 1 0 0 0 0 0 17 0 0 50 78 62 0 0 0
429 390294 F 0 2 0 0 390090 2 0 17 0 121 0 0 0 0 0 32 0 1 0 29 0
430 357990 T 115 0 0 0 0 0 1 32 1 1 0 21 4 0 3 51 357760 1 0 0 0
431 392114 G 20 0 1 27 0 391934 0 0 0 2 0 0 0 0 38 0 0 36 56 0 0
432 400064 N 0 0 61 0 0 7 0 25 20 0 0 399722 1 0 0 190 1 0 0 37 0
433 429054 T 513 0 0 1 1 0 0 88 46 0 0 0 4 5 15 37 428342 1 0 1 0
434 444301 E 9 1 65 443863 0 204 0 0 32 1 0 0 0 16 7 2 0 28 0 0 73
435 480119 G 34 0 0 91 0 479818 0 0 1 0 0 0 0 0 58 0 0 74 0 0 43
436 488996 R 0 0 0 3 0 526 2 43 42 0 0 1 1 0 488297 26 14 2 0 1 38
437 494784 T 270 0 1 1 0 1 1 63 41 0 0 1 4 0 10 45 494328 0 0 0 18
438 517296 S 2 0 0 1 1 7 1 3 0 62 0 0 68 1 2 517017 35 0 0 0 96
439 503537 D 2 0 503266 54 0 74 11 0 0 18 0 40 0 1 0 1 0 46 0 24 0
440 486015 M 0 0 0 0 0 0 0 106 30 36 485692 0 0 0 8 1 74 68 0 0 0
441 468373 R 0 0 0 0 0 149 0 0 46 1 85 0 0 0 467996 57 11 0 28 0 0
442 472523 A 472206 1 0 68 0 27 0 0 0 2 0 1 26 2 0 56 79 55 0 0 0
443 479533 E 2 0 24 479316 0 76 0 0 34 0 0 0 0 15 1 0 0 22 0 0 43
444 479210 I 1 0 0 0 14 0 0 478900 1 8 1 26 0 0 0 5 76 178 0 0 0
445 532247 I 0 0 0 0 0 0 0 530740 33 51 339 0 0 0 2 0 76 983 0 11 12
446 474949 R 0 0 1 1 0 620 1 0 30 0 60 1 0 1 474132 64 9 1 28 0 0
447 451296 M 0 0 3 0 0 0 0 99 27 39 451020 0 0 0 7 0 46 54 1 0 0
448 452175 M 0 0 6 0 0 0 0 118 41 52 451794 0 0 0 5 0 59 100 0 0 0
449 409735 E 4 0 30 409479 0 104 0 0 39 0 0 0 0 13 0 0 2 25 0 0 39
450 429569 G 8 31 42 0 0 429393 0 1 0 1 0 1 0 3 9 51 0 29 0 0 0
451 475032 A 474320 66 2 66 1 39 0 0 2 0 0 0 20 1 2 64 223 222 0 0 4
452 466403 K 0 0 0 91 0 39 0 18 465923 0 0 83 1 3 228 0 3 0 0 1 13
453 441959 P 7 0 0 0 0 0 0 0 0 43 1 0 441807 45 12 19 25 0 0 0 0
454 456510 E 2 1 23 456142 0 249 0 0 30 0 0 0 0 11 2 0 0 11 0 0 39
455 467385 E 2 0 20 467079 0 178 0 0 33 3 0 1 0 11 6 0 0 30 0 0 22
456 475616 M 0 4 0 0 0 2 0 120 29 22 474213 1 0 0 3 0 50 1171 1 0 0
457 459008 S 3 15 0 0 39 0 0 0 0 3 0 1 59 0 0 458814 44 2 0 28 0
458 479228 F 0 2 0 0 478851 0 0 32 0 199 1 0 2 0 0 98 0 3 0 38 2
459 456763 Q 0 0 0 26 1 3 66 0 46 38 0 0 63 456046 414 0 0 0 0 0 60
460 411293 G 17 0 3 45 1 411149 0 0 0 3 0 0 2 1 19 1 0 36 16 0 0
461 398553 R 122 0 0 0 0 61 0 0 0 56 0 0 19 115 398084 1 0 0 95 0 0
462 345743 G 10 0 0 122 1 345419 0 0 0 1 0 0 0 3 79 1 0 43 0 0 64
463 333363 V 32 1 16 0 17 1 0 36 0 14 0 0 0 0 0 4 0 333242 0 0 0
464 355334 F 1 1 0 0 355067 0 0 13 0 150 0 0 3 0 0 69 0 2 0 28 0
465 418685 E 1 0 48 418314 0 139 1 0 81 1 0 0 0 18 1 4 0 14 1 1 61
466 356896 L 2 0 0 0 35 0 13 28 0 356735 0 0 60 0 1 3 0 12 0 7 0
467 377876 S 7 0 0 0 0 2 0 0 0 97 0 0 67 2 2 377628 18 0 8 0 45
468 417031 D 4 0 416811 36 0 83 10 0 0 2 0 31 0 0 0 2 7 24 0 21 0
469 494046 E 3 0 30 493551 0 199 0 0 133 0 0 0 0 17 29 0 1 28 0 0 55
470 529241 R 2 0 0 1 0 1452 0 0 71 0 97 0 0 0 527539 45 12 0 22 0 0
471 516813 A 516304 0 0 75 0 50 0 0 0 5 0 0 22 6 0 59 68 223 0 0 1
472 528847 A 528386 0 0 81 0 24 0 0 1 0 0 0 28 2 1 72 49 203 0 0 0
473 568959 N 2 0 69 2 0 18 0 21 41 2 0 568393 2 0 1 375 4 2 0 27 0
474 557937 P 18 0 0 0 0 0 0 0 0 92 0 0 557659 67 16 31 54 0 0 0 0
475 532510 I 0 0 0 0 22 0 0 532129 0 3 21 39 0 1 0 4 49 242 0 0 0
476 483408 V 80 2 0 25 0 5 0 0 0 54 160 0 0 0 3 0 0 483078 0 1 0
477 475864 P 22 0 0 0 0 0 40 0 0 56 0 0 475601 0 20 74 50 0 0 1 0
478 456694 S 9 12 0 0 37 0 0 0 0 16 0 0 92 0 0 456469 18 0 0 41 0
479 499219 F 0 7 0 1 498908 0 0 13 0 202 0 0 5 0 0 54 0 7 1 15 6
480 501576 D 5 0 501144 53 1 149 20 0 0 3 1 58 0 1 0 0 39 55 0 46 1
481 436120 M 0 0 0 0 1 1 2 138 15 36 435698 0 0 0 6 0 68 154 0 0 1
482 543288 S 0 50 2 7 1 279 1 44 1 0 0 39 1 0 66 542790 6 1 0 0 0
483 606572 N 0 0 575 0 0 128 5 44 54 1 13 605433 0 0 1 293 2 1 0 19 3
484 532123 E 1 0 38 531723 0 154 0 0 76 1 0 0 0 17 0 0 0 41 0 0 72
485 478118 G 11 0 1 33 0 477913 0 0 0 0 0 0 0 1 52 1 0 45 0 0 61
486 484208 S 3 12 0 0 25 0 0 1 0 0 0 1 65 0 0 484034 30 1 0 36 0
487 484731 Y 0 1705 0 0 25 0 100 4 0 4 0 3 0 0 1 2 0 0 0 482852 35
488 476134 F 0 4 0 0 475926 0 0 20 0 99 0 0 0 0 0 54 0 1 0 30 0
489 456907 F 0 0 0 0 456674 0 0 14 0 147 0 0 2 1 0 46 2 1 0 20 0
490 457152 G 8 0 0 36 0 456898 0 0 0 0 0 0 0 0 96 3 3 50 0 0 58
491 465316 D 1 0 465074 43 0 72 16 0 0 0 0 37 0 0 2 1 1 45 0 24 0
492 474374 N 0 1 80 0 0 6 5 29 47 1 3 474052 1 0 0 117 6 0 0 26 0
493 561599 A 561107 1 0 82 0 39 0 0 2 3 7 0 29 3 1 63 103 157 2 0 0
494 456609 E 3 0 75 456285 0 111 0 1 40 1 0 0 0 17 5 0 0 25 0 0 46
495 442335 E 8 0 36 442084 0 77 0 0 34 0 0 0 0 17 1 2 1 28 0 0 47
496 423402 Y 0 568 4 0 26 0 72 0 0 0 0 28 0 0 0 3 0 1 0 422630 70
497 392358 D 6 1 392025 39 0 101 22 2 1 0 2 76 0 0 1 0 0 55 0 27 0
498 300192 N 0 0 47 1 0 21 1 20 23 2 0 299891 0 4 3 158 3 0 0 18 0
