# nucleotide counts
# upper case indicates nucleotide called by both reads
# lower case indicates nucleotide called by one read with other ambiguous
# N indicates disagreement between reads, or both ambiguous
# POSITION WT COUNTS A T C G a t c g N
1 A 682332 682013 40 11 100 2 0 0 0 166
2 T 685894 69 684642 92 8 0 3 0 0 1080
3 G 686168 96 76 23 685348 0 0 0 7 618
4 G 686588 40 55 36 685926 0 0 0 0 531
5 C 661392 68 182 660453 55 0 0 2 0 632
6 G 676597 133 42 36 675878 0 0 0 3 505
7 T 694647 93 692846 639 51 0 5 0 0 1013
8 C 699149 426 513 697237 40 0 0 8 0 925
9 C 701716 132 195 700555 368 0 0 2 0 464
10 C 700295 997 4848 693044 903 0 0 4 0 499
11 A 698021 691514 4742 723 273 2 0 0 0 767
12 A 699033 692665 1286 1400 3280 2 0 0 0 400
13 G 700834 140 187 27 699946 0 0 0 4 530
14 G 713191 122 136 97 712315 0 0 0 6 515
15 C 668664 62 76 667721 113 0 0 6 0 686
16 A 610135 608060 24 16 78 2 0 0 0 1955
17 C 600415 41 60 599663 16 0 0 4 0 631
18 C 584087 96 48 583526 24 0 0 7 0 386
19 A 582985 582159 17 13 64 1 0 0 0 731
20 A 580264 579810 22 7 65 2 0 0 0 358
21 A 578803 578009 36 41 89 2 0 0 0 626
22 C 576393 49 140 575758 27 0 0 3 0 416
23 G 534739 90 83 38 534117 0 0 0 2 409
24 G 542378 91 36 16 541855 0 0 0 3 377
25 T 555020 125 553100 87 58 0 2 0 0 1648
26 C 588428 119 164 587733 26 0 0 8 0 378
27 T 629229 91 628381 236 55 0 5 0 0 461
28 T 583120 155 581865 210 624 0 9 0 0 257
29 A 586165 584520 196 638 123 6 0 0 0 682
30 T 577217 176 576169 342 113 0 9 0 0 408
31 G 593932 173 106 36 593107 0 0 0 6 504
32 A 611508 610891 65 29 165 9 0 0 0 349
33 A 566727 566123 62 34 131 8 0 0 0 369
34 C 549005 1922 450 545882 370 0 0 6 0 375
35 A 492726 490572 259 622 838 7 0 0 0 428
36 G 561982 1236 469 745 559028 0 0 0 12 492
37 A 581439 580605 152 60 99 12 0 0 0 511
38 T 583874 140 583243 114 88 0 3 0 0 286
39 G 586783 154 159 90 585827 0 0 0 9 544
40 G 571502 114 63 34 571021 0 0 0 7 263
41 A 573660 572333 52 14 148 4 0 0 0 1109
42 A 584592 584103 21 18 155 5 0 0 0 290
43 A 585555 584420 70 61 98 1 0 0 0 905
44 C 619833 83 53 619407 29 0 0 3 0 258
45 T 576744 53 576103 144 37 0 3 0 0 404
46 G 588662 105 86 34 587690 0 0 0 3 744
47 A 585029 584043 57 23 150 1 0 0 0 755
48 T 586648 66 585969 77 47 0 5 0 0 484
49 G 585541 81 101 186 584801 0 0 0 1 371
50 G 592294 77 69 210 591459 0 0 0 3 476
51 G 589784 273 73 117 588458 0 0 0 2 861
52 G 596328 197 106 296 595356 0 0 0 4 369
53 A 575292 573593 92 257 196 1 0 0 0 1153
54 A 578041 577056 58 286 167 2 0 0 0 472
55 C 586943 88 153 585910 47 0 0 5 0 740
56 G 583525 263 73 93 582314 0 0 0 6 776
57 C 591558 74 63 590942 50 0 0 4 0 425
58 C 587457 81 2497 584260 30 0 0 4 0 585
59 A 584505 580311 60 3333 201 3 0 0 0 597
60 G 597856 108 61 2446 594729 0 0 0 5 507
61 A 595628 592404 168 83 2536 4 0 0 0 433
62 A 614478 613501 57 404 161 10 0 0 0 345
63 T 580663 2036 577496 195 154 0 5 0 0 777
64 G 595308 455 206 285 593970 0 0 0 7 385
65 C 615897 548 401 613599 238 0 0 4 0 1107
66 A 588877 587640 293 341 408 7 0 0 0 188
67 A 626602 624960 189 649 150 5 0 0 0 649
68 C 620525 735 130 619021 305 0 0 6 0 328
69 T 614210 442 577893 694 34824 0 6 0 1 350
70 G 618401 179 125 70 617522 0 0 0 4 501
71 A 577375 576546 109 98 149 7 0 0 0 466
72 G 613087 228 86 122 612236 0 0 0 11 404
73 A 562897 561523 62 506 119 6 0 0 0 681
74 T 596087 331 594875 157 288 0 7 0 0 429
75 C 557370 494 80 556073 103 0 0 5 0 615
76 A 528008 527155 101 293 211 6 0 0 0 242
77 G 544650 96 52 125 543929 0 0 0 3 445
78 A 541916 541120 30 80 123 5 0 0 0 558
79 G 569950 151 233 737 568427 0 0 0 2 400
80 C 555693 151 194 554100 740 0 0 2 0 506
81 A 535389 533979 744 66 146 6 0 0 0 448
82 T 547694 60 546840 100 69 0 3 0 0 622
83 C 550555 96 124 549644 71 0 0 3 0 617
84 C 557224 88 166 556349 60 0 0 2 0 559
85 G 542778 311 77 35 541972 0 0 0 4 379
86 T 548820 42 548084 106 70 0 5 0 0 513
87 C 547766 107 196 546756 104 0 0 3 0 600
88 G 550459 184 105 3009 546717 0 0 0 3 441
89 G 553463 2879 104 161 549584 0 0 0 2 733
90 G 565233 2804 135 91 561820 0 0 0 2 381
91 A 564834 563955 64 51 316 3 0 0 0 445
92 A 566336 565739 42 19 141 2 0 0 0 393
93 G 554548 2080 50 45 551849 0 0 0 4 520
94 A 547039 539593 4568 16 2183 3 0 0 0 676
95 T 540139 327 534656 4351 18 0 2 0 0 785
96 G 546289 4341 85 2416 539138 0 0 0 4 305
97 A 570457 565331 4297 50 191 6 0 0 0 582
98 T 569307 70 568659 145 69 0 5 0 0 359
99 T 557339 78 554139 202 2413 0 1 0 0 506
100 G 556985 1332 664 748 553652 0 0 1 4 584
101 A 552075 549796 275 1079 393 6 0 0 0 526
102 T 542738 1578 540259 362 151 0 3 0 0 385
103 G 537827 159 181 44 537185 0 0 0 7 251
104 G 556204 112 96 99 555516 0 0 0 7 374
105 A 541129 540181 146 47 135 9 0 0 0 611
106 A 527153 526084 191 96 77 3 0 0 0 702
107 T 530325 111 529604 63 86 0 5 0 0 456
108 T 523723 63 523153 104 110 0 5 0 0 288
109 G 533444 62 85 46 532978 0 0 0 3 270
110 G 525436 94 49 28 524898 0 0 0 7 360
111 A 511847 510649 307 30 176 10 0 0 0 675
112 C 523795 74 140 523023 42 0 0 6 0 510
113 G 462961 134 62 44 462463 0 0 0 5 253
114 A 516605 516020 58 37 98 7 0 0 0 385
115 T 525332 77 523934 155 871 0 10 0 0 285
116 T 489352 68 487981 733 69 0 9 0 0 492
117 C 491062 98 69 490487 70 0 0 3 0 335
118 T 483662 106 483030 160 17 0 8 0 0 341
119 A 500617 499642 53 32 118 4 0 0 0 768
120 C 499071 127 148 498511 31 0 0 5 0 249
121 A 457461 456528 200 162 111 10 0 0 0 450
122 T 465561 94 464292 427 278 0 7 0 0 463
123 C 435534 120 468 434592 164 0 0 0 0 190
124 C 441301 497 55 440376 33 0 0 3 0 337
125 A 439634 439258 22 46 70 4 0 0 0 234
126 A 426559 426264 28 15 68 3 0 0 0 181
127 A 426429 425747 77 191 64 0 0 0 0 350
128 T 410606 134 409873 71 67 0 3 0 0 458
129 G 483191 241 64 255 482240 0 0 0 5 386
130 T 460915 130 459420 87 18 0 3 0 0 1257
131 G 464265 138 91 45 463560 0 0 0 4 427
132 C 464049 87 205 463321 95 0 0 3 0 338
133 A 457674 456647 78 67 101 1 0 0 0 780
134 C 455816 62 130 455272 32 0 0 1 0 319
135 T 440958 56 440475 146 44 0 3 0 0 234
136 G 478154 89 85 408 476925 0 0 0 6 641
137 A 501329 500236 37 43 501 11 0 0 0 501
138 A 521346 519836 40 76 477 7 0 0 0 910
139 C 554137 164 72 553576 13 0 0 2 0 310
140 T 557564 49 557000 107 94 0 4 0 0 310
141 T 554002 71 553345 143 111 0 3 0 0 329
142 A 559896 558778 169 36 351 4 0 0 0 558
143 A 560383 559184 28 436 69 1 0 0 0 665
144 A 599990 598253 465 66 272 6 0 0 0 928
145 C 598162 1298 241 593334 2855 0 0 9 0 425
146 T 561638 129 556797 3135 1211 0 5 0 0 361
147 C 575307 2195 2877 568620 1375 0 0 1 0 239
148 A 562100 555254 205 500 5297 2 0 0 0 842
149 G 604323 1053 115 1438 601403 0 0 1 3 310
150 T 599101 685 594376 1249 1568 0 5 0 0 1218
151 G 655488 243 226 193 654310 0 0 0 7 509
152 A 671551 670413 310 205 267 8 0 0 0 348
153 T 632955 318 631425 271 86 0 4 0 0 851
154 T 659509 1201 657011 296 245 0 5 0 0 751
155 A 661727 658536 204 2322 200 10 0 0 0 455
156 T 666915 379 663720 2294 134 0 7 1 0 380
157 G 668365 135 134 176 667612 0 0 0 6 302
158 A 630560 629599 85 53 334 9 0 0 0 480
159 G 632692 307 97 129 631800 0 0 0 8 351
160 G 583555 113 343 93 582087 0 0 0 2 917
161 G 568850 230 68 267 567845 0 0 0 1 439
162 G 567984 177 203 670 565973 0 0 0 1 960
163 C 535533 601 235 534027 143 0 0 2 0 525
164 G 540853 214 92 117 539990 0 0 0 1 439
165 A 541416 539834 125 105 241 1 0 0 0 1110
166 C 542565 692 376 540628 161 0 0 2 0 706
167 T 539455 540 537867 268 362 0 3 0 0 415
168 G 531480 304 394 337 529906 0 0 0 3 536
169 A 581194 576596 117 3685 264 7 0 0 0 525
170 T 560814 144 559826 116 85 0 6 0 0 637
171 C 552115 134 178 551337 187 0 0 5 0 274
172 C 551528 275 100 550580 114 0 0 2 0 457
173 A 532993 532107 92 106 271 5 0 0 0 412
174 G 537282 174 177 42 536574 0 0 0 1 314
175 A 513499 512294 233 54 235 4 0 0 0 679
176 A 513970 513092 100 85 236 8 0 0 0 449
177 C 516039 355 116 515006 92 0 0 6 0 464
178 A 418260 417679 73 33 94 2 0 0 0 379
179 G 426805 51 58 71 426372 0 0 0 3 250
180 C 421829 75 79 421108 47 0 0 0 0 520
181 T 420404 148 419678 147 104 0 3 0 0 324
182 T 425029 90 424306 342 17 0 2 0 0 272
183 A 418279 417531 324 13 132 3 0 0 0 276
184 A 447143 445417 98 1057 132 4 0 0 0 435
185 C 469215 10884 143 457803 120 0 0 8 0 257
186 A 444092 432842 186 10448 124 6 0 0 0 486
187 A 454545 453570 120 419 117 4 0 0 0 315
188 T 414580 79 413722 424 102 0 9 0 0 244
189 A 425750 424874 86 361 143 5 0 0 0 281
190 G 431077 140 260 182 430290 0 0 0 6 199
191 A 438211 437486 71 195 210 4 0 0 0 245
192 G 442327 176 139 146 441474 0 0 0 3 389
193 A 402376 401799 63 47 143 3 0 0 0 321
194 G 422427 200 63 67 421569 0 0 0 3 525
195 A 425112 424698 59 49 84 5 0 0 0 217
196 A 432121 431612 34 9 57 4 0 0 0 405
197 T 434348 47 433763 57 18 0 5 0 0 458
198 G 419851 63 52 30 419253 0 0 0 10 443
199 G 424209 67 45 29 423563 0 0 0 4 501
200 T 397371 42 395676 53 15 0 4 0 0 1581
201 G 426784 238 59 36 426019 0 0 0 1 431
202 C 426126 77 66 425491 53 0 0 3 0 436
203 T 426984 20 426413 121 21 0 3 0 0 406
204 C 436272 82 44 435626 28 0 0 2 0 490
205 T 435962 118 435349 131 60 0 1 0 0 303
206 C 466231 161 82 465519 69 0 0 1 0 399
207 T 463866 207 462353 702 178 0 0 0 0 426
208 G 469828 238 278 43 468882 0 0 0 6 381
209 C 470411 586 101 468768 584 0 0 2 0 370
210 T 460536 237 458947 150 650 0 2 0 0 550
211 T 470799 52 469482 537 325 0 1 0 0 402
212 T 462540 672 460742 588 213 0 1 0 0 324
213 T 446280 183 445359 231 68 0 2 0 0 437
214 G 450130 163 175 50 449474 0 0 0 1 267
215 A 444364 443598 29 47 281 1 0 0 0 408
216 C 454480 72 258 453320 216 0 0 1 0 613
217 G 440037 430 409 77 438769 0 0 0 0 352
218 A 416593 414017 1211 419 341 3 0 0 0 602
219 A 417715 415419 72 68 1902 2 0 0 0 252
220 A 419557 418878 161 43 126 6 0 0 0 343
221 G 422907 95 167 48 422338 0 0 0 2 257
222 A 429486 428952 43 17 235 2 0 0 0 237
223 A 428104 427356 130 83 105 1 0 0 0 429
224 G 442996 169 63 266 442192 0 0 0 5 301
225 G 490072 419 99 81 489033 0 0 0 8 432
226 A 480238 479488 70 86 147 7 0 0 0 440
227 A 496654 496016 123 71 137 7 0 0 0 300
228 T 469409 78 468758 197 34 0 7 0 0 335
229 A 465931 462975 518 1879 312 2 0 0 0 245
230 A 465777 462924 605 390 1586 1 0 0 0 271
231 A 457135 454943 485 454 859 3 0 0 0 391
232 T 458294 74 457634 114 131 0 10 0 0 331
233 A 408070 407411 197 84 110 10 0 0 0 258
234 T 357357 80 356859 152 24 0 6 0 0 236
235 C 363713 97 167 363068 96 0 0 2 0 283
236 T 341795 86 341228 164 83 0 1 0 0 233
237 G 343323 161 105 68 342617 0 0 0 4 368
238 G 335140 379 115 95 334401 0 0 0 3 147
239 A 330569 329760 196 224 89 0 0 0 0 300
240 A 313695 312764 190 279 174 3 0 0 0 285
241 G 326065 118 119 74 325351 0 0 0 2 401
242 A 317554 316804 177 58 125 3 0 0 0 387
243 A 350412 349708 94 107 176 2 0 0 0 325
244 C 353188 571 370 351879 128 0 0 2 0 238
245 A 338331 337511 219 129 302 1 0 0 0 169
246 T 457203 988 454781 159 813 0 3 0 0 459
247 C 450561 492 172 449238 195 0 0 2 0 462
248 C 473751 1001 392 471612 274 0 0 3 0 469
249 C 475028 381 218 472956 1094 0 0 2 0 377
250 A 454320 451547 1158 63 1188 8 0 0 0 356
251 G 489383 254 123 1107 487619 0 0 0 3 277
252 C 483971 521 1429 481330 294 0 0 6 0 391
253 G 479307 1007 593 1291 476063 0 0 0 2 351
254 C 484704 107 127 482401 1423 0 0 0 0 646
255 G 486215 190 1327 2245 481929 0 0 0 2 522
256 G 521568 589 107 954 519496 0 0 0 5 417
257 G 514899 1089 210 355 512987 0 0 0 5 253
258 G 533358 2143 629 623 529562 0 0 0 4 397
259 A 534995 534419 52 32 162 3 0 0 0 327
260 A 531087 530382 54 33 167 8 0 0 0 443
261 G 543415 173 127 54 542670 0 0 0 5 386
262 G 552792 217 173 91 551632 0 0 0 4 675
263 A 549714 548773 151 75 138 8 0 0 0 569
264 T 548595 151 547388 233 104 0 6 0 0 713
265 C 525571 191 3954 519174 1834 0 0 7 0 411
266 C 519316 345 1882 516110 555 0 0 3 0 421
267 T 507065 3353 500338 1392 1593 0 5 0 0 384
268 A 507365 505547 261 529 429 2 0 0 0 597
269 A 507749 505541 566 452 857 2 0 0 0 331
270 G 507825 872 581 647 505374 0 0 0 5 346
271 A 484508 483695 85 40 95 5 0 0 0 588
272 A 474024 473591 40 35 120 3 0 0 0 235
273 A 465426 463372 53 22 1539 2 0 0 0 438
274 A 438822 437860 51 71 110 0 0 0 0 730
275 C 442335 81 43 441651 55 0 0 1 0 504
276 T 426831 52 426132 170 43 0 1 0 0 433
277 G 424613 90 71 80 423858 0 0 0 0 514
278 G 423071 59 51 81 422689 0 0 0 0 191
279 A 417886 416741 81 137 157 5 0 0 0 765
280 G 413485 53 52 26 413003 0 0 0 1 350
281 G 409110 66 26 22 408675 0 0 0 2 319
282 A 398099 396759 38 23 109 4 0 0 0 1166
283 C 429953 100 225 429387 22 0 0 3 0 216
284 C 422899 76 51 422528 30 0 0 7 0 207
285 C 422045 137 83 421225 82 0 0 2 0 516
286 A 467892 467255 116 106 103 3 0 0 0 309
287 T 459412 122 458916 82 51 0 6 0 0 235
288 A 547653 546977 108 30 104 5 0 0 0 429
289 T 545502 133 544846 127 38 0 4 0 0 354
290 A 486732 485942 53 63 122 13 0 0 0 539
291 C 494592 90 94 494139 44 0 0 4 0 221
292 A 432457 431904 44 149 85 2 0 0 0 273
293 A 433987 433514 35 67 134 4 0 0 0 233
294 G 428492 187 71 41 427938 0 0 0 5 250
295 A 341358 340889 46 31 95 0 0 0 0 297
296 G 345470 241 55 29 345001 0 0 0 2 142
297 A 326774 326103 59 40 263 2 0 0 0 307
298 G 331952 178 166 1232 330072 0 0 0 1 303
299 T 338689 243 335058 1063 34 0 1 0 0 2290
300 A 348890 347523 134 647 279 1 0 0 0 306
301 G 372436 76 244 232 371433 0 0 0 2 449
302 A 369002 368304 248 32 240 1 0 0 0 177
303 T 392466 467 391384 79 13 0 1 0 0 522
304 A 387359 386178 190 410 331 1 0 0 0 249
305 G 393170 157 386 175 392165 0 0 0 3 284
306 A 391770 390915 160 249 109 6 0 0 0 331
307 A 391554 390579 31 69 419 2 0 0 0 454
308 A 390497 389771 76 321 147 1 0 0 0 181
309 G 402415 92 101 327 401476 0 0 0 4 415
310 T 401929 40 400515 95 28 0 5 0 0 1246
311 G 408021 77 76 62 407537 0 0 0 2 267
312 G 408334 89 92 50 407747 0 0 0 2 354
313 A 408304 407145 75 238 121 7 0 0 0 718
314 T 411233 74 410643 255 61 0 1 0 0 199
315 G 422789 91 97 323 421800 0 0 0 0 478
316 A 424643 424148 49 82 93 1 0 0 0 270
317 G 425735 49 57 29 425316 0 0 0 5 279
318 G 423215 79 51 119 422594 0 0 0 1 371
319 G 424625 213 52 25 423511 0 0 0 3 821
320 A 427912 427533 32 6 67 0 0 0 0 274
321 A 432058 430617 28 31 83 1 0 0 0 1298
322 C 433863 55 54 433127 112 0 0 1 0 514
323 T 431056 59 430433 119 71 0 1 0 0 373
324 C 425057 73 80 424377 107 0 0 2 0 418
325 G 416821 106 124 51 416207 0 0 0 0 333
326 T 429190 48 428437 135 94 0 2 0 0 474
327 C 456431 58 124 455837 49 0 0 7 0 356
328 C 479115 107 52 478478 36 0 0 11 0 431
329 T 488969 38 488525 117 26 0 12 0 0 251
330 T 489016 73 488249 113 85 0 8 0 0 488
331 T 475517 3474 471556 108 65 0 4 0 0 310
332 A 439051 435645 2999 31 137 7 0 0 0 232
333 T 433091 131 429567 86 2928 0 4 0 0 375
334 G 435065 260 77 276 433995 0 0 0 5 452
335 A 381373 380458 187 148 88 4 0 0 0 488
336 C 387214 47 80 386650 68 0 0 6 0 363
337 A 341152 340788 50 40 52 0 0 0 0 222
338 A 346161 345835 25 11 66 2 0 0 0 222
339 A 351616 351187 34 13 185 2 0 0 0 195
340 G 397500 196 61 79 396854 0 0 0 2 308
341 A 408780 408232 68 128 100 1 0 0 0 251
342 A 403730 403199 66 62 128 3 0 0 0 272
343 G 448900 100 30 35 448245 0 0 0 3 487
344 A 467925 467526 30 39 118 2 0 0 0 210
345 A 469435 468665 47 30 79 2 0 0 0 612
346 A 470049 469399 122 26 83 1 0 0 0 418
347 T 464589 65 463997 65 78 0 7 0 0 377
348 A 459609 458854 76 35 141 6 0 0 0 497
349 A 456060 455532 77 41 168 3 0 0 0 239
350 G 450970 116 115 41 450345 0 0 0 2 351
351 G 450514 61 71 27 449924 0 0 0 3 428
352 C 433810 78 102 433163 45 0 0 1 0 421
353 G 431065 77 51 42 430544 0 0 0 2 349
354 A 441824 441293 31 37 56 3 0 0 0 404
355 A 456796 456249 16 11 51 2 0 0 0 467
356 T 454685 43 454079 77 6 0 4 0 0 476
357 C 454615 113 45 453633 27 0 0 4 0 793
358 T 444465 33 443667 102 28 0 3 0 0 632
359 G 449969 64 45 27 449504 0 0 0 1 328
360 G 439426 53 23 25 438537 0 0 0 2 786
361 C 447037 536 155 445911 91 0 0 1 0 343
362 G 447451 170 92 87 446430 0 0 0 2 670
363 C 444744 63 506 443583 72 0 0 2 0 518
364 C 432776 796 3119 424104 4033 0 0 4 0 720
365 A 433943 424964 7945 489 276 2 0 0 0 267
366 A 452573 444360 7509 97 203 3 0 0 0 401
367 G 506189 173 99 34 505505 0 0 0 9 369
368 C 502844 63 112 502218 130 0 0 11 0 310
369 C 530989 84 100 529991 191 0 0 5 0 618
370 A 530334 529669 107 50 153 5 0 0 0 350
371 A 537404 536852 81 45 159 3 0 0 0 264
372 T 548602 110 547664 105 131 0 2 0 0 590
373 A 542258 541443 160 108 215 6 0 0 0 326
374 A 545430 544370 152 97 272 4 0 0 0 535
375 T 520669 198 519736 131 140 0 3 0 0 461
376 G 490136 368 366 70 489093 0 0 0 5 234
377 G 448498 351 89 356 447438 0 0 0 3 261
378 T 413131 396 410662 238 160 0 3 0 0 1672
379 G 415569 914 459 610 413247 0 0 0 1 338
380 A 412228 409584 1052 817 408 2 0 0 0 365
381 T 411320 1374 408784 777 117 0 2 0 0 266
382 G 407069 407 162 113 405916 0 0 0 1 470
383 A 409059 408112 350 199 104 1 0 0 0 293
384 T 415323 228 413756 408 105 0 0 0 0 826
385 G 410588 260 61 148 409846 0 0 0 1 272
386 C 404823 101 175 403972 195 0 0 1 0 379
387 A 400593 399823 245 47 199 1 0 0 0 278
388 A 395810 393735 177 66 1407 2 0 0 0 423
389 C 385599 195 1283 383681 149 0 0 1 0 290
390 A 377297 375769 41 352 452 1 0 0 0 682
391 G 378855 52 64 58 378474 0 0 0 0 207
392 C 365941 69 31 365400 40 0 0 0 0 401
393 T 354488 197 353886 192 24 0 4 0 0 185
394 G 414031 126 51 42 413435 0 0 0 1 376
395 G 424561 73 56 25 424139 0 0 0 1 267
396 T 425190 111 423770 116 49 0 3 0 0 1141
397 C 457480 85 63 457008 68 0 0 1 0 255
398 T 444341 37 443522 201 20 0 1 0 0 560
399 G 512230 179 90 105 511549 0 0 0 6 301
400 A 513960 512718 126 45 171 8 0 0 0 892
401 C 543750 91 124 543017 73 0 0 13 0 432
402 T 554966 249 554100 222 29 0 7 0 0 359
403 C 554666 118 145 553944 82 0 0 10 0 367
404 A 553901 552798 88 91 152 4 0 0 0 768
405 C 593109 191 186 592374 41 0 0 5 0 312
406 A 592919 591815 277 40 161 9 0 0 0 617
407 T 608204 188 607527 99 41 0 6 0 0 343
408 G 576832 413 750 100 575069 0 0 0 6 494
409 A 598665 598057 67 40 129 5 0 0 0 367
410 T 579367 94 578701 93 27 0 2 0 0 450
411 G 584024 100 107 50 583203 0 0 0 6 558
412 A 571453 570151 668 8 116 10 0 0 0 500
413 T 566172 46 564767 97 623 0 6 0 0 633
414 C 514353 666 56 513169 80 0 0 2 0 380
415 T 509623 50 509065 144 43 0 6 0 0 315
416 G 494493 92 45 39 493693 0 0 0 1 623
417 G 497740 89 54 47 497184 0 0 0 6 360
418 C 485503 71 102 484315 43 0 0 4 0 968
419 A 482596 482027 35 21 75 2 0 0 0 436
420 T 475681 26 475095 83 22 0 0 0 0 455
421 T 472321 29 471922 79 13 0 5 0 0 273
422 C 473025 57 43 472268 35 0 0 1 0 621
423 C 471407 70 70 470741 31 0 0 4 0 491
424 A 471561 470983 77 8 55 3 0 0 0 435
425 A 469170 468511 21 68 48 1 0 0 0 521
426 T 464779 16 464314 58 77 0 1 0 0 313
427 T 464253 39 463691 132 43 0 2 0 0 346
428 T 458896 41 458006 89 20 0 1 0 0 739
429 G 461012 146 57 59 460549 0 0 0 1 200
430 A 450261 449503 42 23 99 2 0 0 0 592
431 A 449845 449504 24 26 88 2 0 0 0 201
432 T 453638 50 453004 81 33 0 3 0 0 467
433 G 424247 60 39 15 423895 0 0 0 3 235
434 A 456861 456270 47 7 63 1 0 0 0 473
435 T 453446 34 453043 69 12 0 3 0 0 285
436 A 453854 452960 245 28 197 5 0 0 0 419
437 C 487607 78 94 487187 36 0 0 5 0 207
438 A 463177 462429 28 263 162 6 0 0 0 289
439 A 545571 544895 43 33 112 6 0 0 0 482
440 C 551617 73 67 550997 41 0 0 8 0 431
441 A 557522 556986 31 40 69 8 0 0 0 388
442 T 572687 47 572077 117 13 0 7 0 0 426
443 A 483912 482689 46 43 49 4 0 0 0 1081
444 C 497315 75 100 496777 63 0 0 7 0 293
445 C 499554 61 73 499165 26 0 0 7 0 222
446 A 495251 493681 51 34 1154 8 0 0 0 323
447 G 508921 80 81 38 508286 0 0 0 9 427
448 A 459568 457950 34 1148 97 7 0 0 0 332
449 G 498652 89 32 27 497996 0 0 0 8 500
450 G 491217 77 48 24 490812 0 0 0 4 252
451 A 493778 492588 126 51 110 3 0 0 0 900
452 C 498924 89 62 498065 120 0 0 2 0 586
453 A 490105 489021 89 40 602 5 0 0 0 348
454 A 498212 497329 88 45 157 3 0 0 0 590
455 G 511450 100 84 29 510846 0 0 0 4 387
456 A 527732 526840 22 149 100 6 0 0 0 615
457 G 542700 113 75 72 541717 0 0 0 3 720
458 C 562014 81 69 561303 64 0 0 1 0 496
459 T 561288 56 560282 326 44 0 2 0 0 578
460 C 566318 195 93 565500 35 0 0 2 0 493
461 T 564664 71 563858 129 117 0 2 0 0 487
462 T 572176 132 571363 126 102 0 2 0 0 451
463 G 576279 119 717 127 574498 0 0 0 2 816
464 T 583496 193 581560 725 131 0 3 0 0 884
465 T 582608 1674 579824 359 171 0 2 0 0 578
466 C 586560 159 253 585183 179 0 0 1 0 785
467 G 584107 305 108 142 583197 0 0 0 0 355
468 C 597424 258 138 596226 167 0 0 3 0 632
469 A 591751 589081 370 100 288 0 0 0 0 1912
470 C 594249 93 1975 591446 177 0 0 1 0 557
471 C 590338 607 507 588034 600 0 0 1 0 589
472 G 599280 337 253 67 597834 0 0 0 2 787
473 G 603419 223 89 99 602338 0 0 0 4 666
474 C 633064 312 272 631989 89 0 0 5 0 397
475 A 636504 635148 178 287 275 4 0 0 0 612
476 T 673816 107 672987 225 42 0 6 0 0 449
477 G 671701 277 139 456 670184 0 0 0 1 644
478 G 708370 219 207 57 707436 0 0 0 6 445
479 A 743946 742854 120 37 205 11 0 0 0 719
480 T 757986 216 756711 230 121 0 9 0 0 699
481 C 704068 272 328 696876 6034 0 0 5 0 553
482 C 670288 220 285 668895 629 0 0 10 0 249
483 C 621738 3856 974 615404 996 0 0 5 0 503
484 A 631690 630785 115 114 274 7 0 0 0 395
485 G 664857 203 122 68 663716 0 0 0 11 737
486 G 635433 244 106 78 634638 0 0 0 10 357
487 A 607602 606112 229 392 160 6 0 0 0 703
488 T 532653 93 531919 126 139 0 2 0 0 374
489 G 539978 467 252 87 538480 0 0 0 0 692
490 T 523249 574 517241 107 4548 0 1 0 0 778
491 G 522274 715 133 4273 516803 0 0 0 3 347
492 C 525159 127 290 519979 4504 0 0 2 0 257
493 T 507972 80 506686 245 238 0 3 0 0 720
494 C 521927 105 76 521047 177 0 0 1 0 521
495 T 504595 85 503278 211 70 0 5 0 0 946
496 C 510748 140 94 509902 60 0 0 1 0 551
497 T 509282 88 508456 192 41 0 1 0 0 504
498 G 484488 101 114 46 484002 0 0 0 2 223
499 A 485450 484537 59 16 293 1 0 0 0 544
500 T 478628 71 477978 98 213 0 1 0 0 267
501 G 473146 132 77 227 471976 0 0 0 1 733
502 C 474783 134 124 473803 119 0 0 2 0 601
503 A 452327 451621 153 63 135 2 0 0 0 353
504 G 454650 95 115 78 453972 0 0 0 1 389
505 G 436601 103 59 24 436041 0 0 0 1 373
506 G 455309 123 65 81 454769 0 0 0 2 269
507 T 442803 97 438962 446 170 0 1 0 0 3127
508 T 445707 48 445174 52 5 0 2 0 0 426
509 C 445887 70 137 445043 40 0 0 2 0 595
510 G 446060 154 75 42 445371 0 0 0 2 416
511 A 450051 446952 49 13 78 0 0 1 0 2958
512 C 446961 30 60 446588 26 0 0 0 0 257
513 T 438341 67 437650 147 18 0 3 0 0 456
514 C 482434 88 60 482006 38 0 0 3 0 239
515 T 492903 73 492038 185 28 0 2 0 0 577
516 C 609402 103 214 608646 52 0 0 3 0 384
517 C 598141 133 110 597329 134 0 0 3 0 432
518 C 596604 137 107 595876 52 0 0 3 0 429
519 T 593200 165 591662 325 581 0 5 0 0 462
520 A 651935 651224 74 71 193 11 0 0 0 362
521 G 617703 153 105 50 616855 0 0 0 4 536
522 G 597154 133 89 66 596530 0 0 0 1 335
523 A 543611 542685 94 70 148 5 0 0 0 609
524 G 547632 545 45 20 546655 0 0 0 1 366
525 G 524945 403 56 31 523834 0 0 0 3 618
526 T 520015 71 517486 89 55 0 4 0 0 2310
527 C 513178 83 57 512599 49 0 0 4 0 386
528 T 528781 55 528058 347 53 0 3 0 0 265
529 G 530042 106 75 24 529214 0 0 0 6 617
530 G 532923 62 56 17 532470 0 0 0 5 313
531 A 531779 530231 29 10 194 1 0 0 0 1314
532 G 543971 163 224 80 543098 0 0 0 2 404
533 C 538475 236 105 537050 38 0 0 1 0 1045
534 T 527621 60 526284 379 317 0 1 0 0 580
535 G 529400 194 91 34 528734 0 0 0 3 344
536 C 533410 78 127 532966 61 0 0 2 0 176
537 A 535532 533780 126 39 782 4 0 0 0 801
538 G 552736 72 67 19 552334 0 0 0 1 243
539 G 562964 73 49 32 561541 0 0 0 2 1267
540 C 561248 86 113 560163 200 0 0 3 0 683
541 G 556932 628 130 91 555571 0 0 0 0 512
542 C 562470 83 478 561139 343 0 0 3 0 424
543 T 554132 92 552431 388 442 0 0 0 0 779
544 G 573695 791 88 97 572344 0 0 0 1 374
545 C 565105 128 404 563133 106 0 0 6 0 1328
546 A 600806 599668 109 216 204 3 0 0 0 606
547 G 620003 146 93 75 619125 0 0 0 5 559
548 T 629248 95 627976 130 97 0 6 0 0 944
549 C 639015 107 208 638224 92 0 0 2 0 382
550 A 635751 635012 53 136 132 6 0 0 0 412
551 A 631988 631095 70 45 168 2 0 0 0 608
552 A 632148 631263 86 64 439 3 0 0 0 293
553 G 613786 79 400 42 612389 0 0 0 8 868
554 G 632471 440 64 43 631525 0 0 0 4 395
555 A 573873 572258 100 45 629 7 0 0 0 834
556 G 565854 219 142 120 565040 0 0 0 0 333
557 T 554879 104 553203 124 70 0 5 0 0 1373
558 T 540797 110 540185 138 89 0 4 0 0 271
559 G 550093 90 74 182 549163 0 0 0 1 583
560 G 555254 117 63 204 554632 0 0 0 2 236
561 G 557930 413 51 54 556854 0 0 0 4 554
562 A 545923 544851 141 58 149 6 0 0 0 718
563 C 489046 100 95 488225 38 0 0 4 0 584
564 A 442553 442005 29 14 148 1 0 0 0 356
565 A 369351 368382 110 441 192 3 0 0 0 223
566 T 372036 55 371634 76 79 0 5 0 0 187
567 G 382904 398 145 183 381779 0 0 0 3 396
568 G 389428 122 60 45 388993 0 0 0 2 206
569 T 358081 76 355519 179 110 0 1 0 0 2196
570 G 358176 167 174 37 357559 0 0 0 5 234
571 A 355103 354187 387 21 76 0 0 0 0 432
572 T 355594 79 355140 43 60 0 4 0 0 268
573 G 349918 378 59 26 349215 0 0 0 4 236
574 G 320200 52 56 15 319886 0 0 0 3 188
575 A 388880 388243 95 31 115 6 0 0 0 390
576 G 406402 94 47 32 405896 0 0 0 3 330
577 T 397623 208 396266 232 56 0 3 0 0 858
578 T 452170 47 451493 209 103 0 7 0 0 311
579 G 481548 211 115 159 480758 0 0 0 6 299
580 A 484841 483983 82 182 233 10 0 0 0 351
581 T 473169 297 472436 126 32 0 3 0 0 275
582 A 469939 469146 145 45 264 5 0 0 0 334
583 A 460016 459122 59 296 136 9 0 0 0 394
584 G 486867 135 91 234 485810 0 0 0 9 588
585 G 519254 241 49 250 518439 0 0 0 12 263
586 A 521778 520842 123 18 330 5 0 0 0 460
587 T 480706 63 480131 75 157 0 5 0 0 275
588 G 497744 90 104 73 497216 0 0 0 1 260
589 A 501638 501056 54 15 99 2 0 0 0 412
590 T 503271 93 502660 170 12 0 3 0 0 333
591 C 500451 105 120 499711 37 0 0 3 0 475
592 A 497186 496021 714 25 85 8 0 0 0 333
593 A 483237 482001 14 667 161 1 0 0 0 393
594 A 484877 482955 679 61 118 2 0 0 0 1062
595 C 472824 60 99 472162 81 0 0 4 0 418
596 G 463388 141 87 34 462807 0 0 0 4 315
597 T 448323 35 447226 120 60 0 1 0 0 881
598 G 442554 91 51 33 442138 0 0 0 1 240
599 G 447219 94 80 26 446772 0 0 0 5 242
600 G 461279 113 62 54 460338 0 0 0 4 708
601 A 463027 462137 54 16 297 2 0 0 0 521
602 T 464003 36 463417 188 22 0 2 0 0 338
603 C 455103 55 65 454376 135 0 0 3 0 469
604 A 450256 449614 170 37 112 2 0 0 0 321
605 A 451512 451012 47 34 71 1 0 0 0 347
606 T 450400 65 449464 124 25 0 4 0 0 718
607 G 459683 182 50 12 459119 0 0 0 4 316
608 A 450861 449884 46 12 69 2 0 0 0 848
609 T 423560 125 423059 92 17 0 0 0 0 267
610 C 438598 357 101 437783 44 0 0 0 0 313
611 G 437474 112 99 32 436912 0 0 0 2 317
612 G 476260 115 74 169 475748 0 0 0 1 153
613 A 477501 476793 55 22 230 2 0 0 0 399
614 A 464057 462661 35 600 211 1 0 0 0 549
615 C 571471 62 78 570508 482 0 0 9 0 332
616 T 561055 82 560337 115 17 0 10 0 0 494
617 T 549195 136 548365 74 53 0 7 0 0 560
618 C 557500 112 68 556762 84 0 0 3 0 471
619 T 560041 60 559415 175 28 0 13 0 0 350
620 G 562241 149 86 29 561729 0 0 0 5 243
621 G 569043 78 78 55 568355 0 0 0 6 471
622 A 560561 559774 45 72 163 19 0 0 0 488
623 G 537521 55 75 24 537053 0 0 0 12 302
624 A 433720 433114 22 39 164 4 0 0 0 377
625 G 462414 92 60 43 461971 0 0 0 1 247
626 G 492447 107 55 22 492081 0 0 0 6 176
627 T 467004 80 460236 103 87 0 4 0 0 6494
628 G 462192 85 73 474 461310 0 0 0 4 246
629 A 460691 459720 478 16 101 3 0 0 0 373
630 A 464991 463788 485 20 113 1 0 0 0 584
631 A 467824 466390 294 195 460 0 0 0 0 485
632 A 463704 461579 348 1003 168 4 0 0 0 602
633 T 448280 530 446799 330 186 0 3 0 0 432
634 G 422922 101 70 90 422534 0 0 0 2 125
635 G 421323 60 119 106 420532 0 0 0 0 506
636 A 421453 420742 39 149 190 0 0 0 0 333
637 C 411774 156 100 411151 75 0 0 1 0 291
638 G 409470 155 51 30 408833 0 0 0 0 401
639 A 409589 409217 40 71 75 1 0 0 0 185
640 A 412865 412329 25 153 73 1 0 0 0 284
641 A 413953 413469 26 20 78 1 0 0 0 359
642 A 408868 408286 16 52 75 0 0 0 0 439
643 A 406611 405685 44 128 62 1 0 0 0 691
644 C 400289 71 31 399364 26 0 0 2 0 795
645 A 398890 398228 35 18 164 0 0 0 0 445
646 A 396812 396361 53 86 117 2 0 0 0 193
647 G 406131 115 96 92 405522 0 0 0 3 303
648 G 386430 66 210 30 385913 0 0 0 3 208
649 A 369594 369148 40 30 87 4 0 0 0 285
650 G 373427 61 159 80 372930 0 0 0 3 194
651 T 355806 58 353210 121 22 0 2 0 0 2393
652 G 367210 105 46 24 366762 0 0 0 3 270
653 C 362932 57 131 362582 29 0 0 2 0 131
654 T 357586 29 356805 145 8 0 2 0 0 597
655 T 379868 20 379562 72 4 0 2 0 0 208
656 A 361233 360760 44 17 42 6 0 0 0 364
657 C 396634 48 262 395947 34 0 0 2 0 341
658 G 395977 80 50 25 395649 0 0 0 5 168
659 A 354037 353584 27 6 87 7 0 0 0 326
660 G 395057 122 277 13 394482 0 0 0 6 157
661 A 322779 322359 32 18 103 3 0 0 0 264
662 G 331459 113 36 11 331107 0 0 0 4 188
663 A 323597 323288 25 4 87 2 0 0 0 191
664 A 274594 274186 87 7 55 3 0 0 0 256
665 T 276442 47 276019 46 69 0 2 0 0 259
666 G 287630 75 34 92 287017 0 0 0 5 407
667 T 343382 64 342204 62 17 0 5 0 0 1030
668 G 361311 76 80 17 360927 0 0 0 1 210
669 C 363505 33 126 362716 75 0 0 4 0 551
670 A 359059 358754 19 65 51 3 0 0 0 167
671 A 368436 367950 46 8 54 3 0 0 0 375
672 C 398277 45 45 397784 189 0 0 1 0 213
673 A 396633 396228 25 10 42 6 0 0 0 322
674 T 385676 22 385309 54 6 0 7 0 0 278
675 T 385679 21 385160 86 2 0 3 0 0 407
676 C 392821 27 36 392305 12 0 0 3 0 438
677 T 392092 47 391690 90 4 0 5 0 0 256
678 C 409407 40 78 408923 13 0 0 3 0 350
679 A 407755 407095 25 22 66 3 0 0 0 544
680 A 409209 408805 27 17 48 4 0 0 0 308
681 A 408863 407980 21 6 211 4 0 0 0 641
682 G 419496 88 47 13 419038 0 0 0 3 307
683 G 429071 70 39 57 428581 0 0 0 2 322
684 A 426332 425917 29 11 167 1 0 0 0 207
685 A 425347 424897 18 5 91 3 0 0 0 333
686 A 425694 425112 11 10 65 3 0 0 0 493
687 A 450620 450159 47 9 68 1 0 0 0 336
688 T 451954 34 451281 64 21 0 0 0 0 554
689 T 445107 25 444718 56 11 0 3 0 0 294
690 T 444714 48 444243 87 11 0 2 0 0 323
691 C 426734 66 73 425893 50 0 0 6 0 646
692 A 425428 424663 45 55 276 1 0 0 0 388
693 A 425851 425172 55 67 53 4 0 0 0 500
694 A 426502 426031 34 49 95 3 0 0 0 290
695 C 443428 71 83 442595 322 0 0 2 0 355
696 A 423275 422887 28 101 62 1 0 0 0 196
697 G 435606 581 49 149 434346 0 0 0 2 479
698 C 440416 69 67 439876 50 0 0 3 0 351
699 T 406223 62 405410 190 160 0 1 0 0 400
700 G 431113 246 95 44 430255 0 0 0 4 469
701 C 365933 70 139 365405 74 0 0 6 0 239
702 A 368177 367211 131 78 141 2 0 0 0 614
703 C 362597 103 51 361999 10 0 0 2 0 432
704 A 363278 362919 22 69 48 6 0 0 0 214
705 A 361690 361195 29 37 62 3 0 0 0 364
706 A 354779 354111 55 326 153 4 0 0 0 130
707 G 386459 543 63 66 385456 0 0 0 11 320
708 G 386942 510 40 41 386127 0 0 0 10 214
709 G 367226 84 111 62 366620 0 0 0 3 346
710 C 364198 60 81 363011 610 0 0 3 0 433
711 A 358169 357117 60 119 647 6 0 0 0 220
712 A 386238 385691 74 41 95 3 0 0 0 334
713 T 364240 77 363762 82 25 0 4 0 0 290
714 G 365545 119 69 48 364987 0 0 0 5 317
715 A 336864 335736 75 6 697 4 0 0 0 346
716 T 351535 53 350674 514 14 0 6 0 0 274
717 G 349249 545 317 17 348054 0 0 0 2 314
718 G 381576 102 74 50 381088 0 0 0 3 259
719 A 381722 381151 74 50 84 9 0 0 0 354
720 T 374264 45 373673 70 64 0 4 0 0 408
721 C 359714 39 34 359422 39 0 0 2 0 178
722 A 361650 361217 49 25 90 1 0 0 0 268
723 A 404872 404386 25 18 90 6 0 0 0 347
724 G 408457 114 56 43 407811 0 0 0 6 427
725 T 408712 75 407648 143 28 0 3 0 0 815
726 G 412734 97 57 38 412185 0 0 0 1 356
727 A 404729 403891 60 271 149 2 0 0 0 356
728 G 416717 124 62 36 416323 0 0 0 2 170
729 A 415489 414469 297 25 132 3 0 0 0 563
730 G 417993 63 33 41 417570 0 0 0 6 280
731 A 410530 409873 33 30 185 3 0 0 1 405
732 A 399668 399179 31 93 90 1 0 0 0 274
733 A 417621 416310 33 17 1003 0 0 0 0 258
734 G 422241 64 39 148 421625 0 0 0 2 363
735 T 421817 139 419577 115 736 0 3 0 0 1247
736 C 409820 68 68 409224 11 0 0 4 0 445
737 G 406953 115 64 27 406266 0 0 0 0 481
738 G 409577 101 44 28 409224 0 0 0 0 180
739 A 407261 406400 100 22 260 3 0 0 0 476
740 A 409872 408573 37 28 351 3 0 0 0 880
741 C 414412 76 107 413390 212 0 0 5 0 622
742 C 437575 42 43 437012 197 0 0 3 0 278
743 C 443698 78 70 443232 38 0 0 2 0 278
744 A 435380 434561 19 58 517 1 0 0 0 224
745 G 446489 102 107 32 446004 0 0 0 7 237
746 G 439550 77 50 36 439054 0 0 0 3 330
747 A 436224 435546 43 18 186 1 0 0 0 430
748 A 441229 440615 34 69 152 4 0 0 0 355
749 A 409868 409221 61 64 112 2 0 0 0 408
750 T 430576 72 429971 78 100 0 4 0 0 351
751 G 433032 283 54 48 432120 0 0 0 6 521
752 C 469205 102 280 468408 43 0 0 8 0 364
753 T 454067 32 453306 342 79 0 8 0 0 300
754 G 459396 80 63 28 458917 0 0 0 5 303
755 A 427600 427033 67 18 136 2 0 0 0 344
756 G 438606 87 54 22 438020 0 0 0 7 416
757 A 436456 435781 45 13 173 15 0 0 0 429
758 T 439695 39 439172 58 14 0 2 0 0 410
759 C 427519 61 152 426962 41 0 0 0 0 303
760 G 426512 170 56 29 426032 0 0 0 3 222
761 A 406774 406007 26 4 79 2 0 0 0 656
762 A 403722 403158 32 4 96 2 0 0 0 430
763 G 436481 48 62 39 435881 0 0 0 4 447
764 A 435786 434958 50 36 80 7 0 0 0 655
765 T 413592 108 413043 86 4 0 0 0 0 351
766 C 410865 52 190 410270 25 0 0 1 0 327
767 T 387827 51 387178 117 33 0 5 0 0 443
768 C 397375 121 107 396708 148 0 0 3 0 288
769 A 395915 394555 288 507 71 3 0 0 0 491
770 T 396792 45 396339 81 19 0 1 0 0 307
771 C 393272 134 60 392253 336 0 0 3 0 486
772 T 366370 29 366005 49 18 0 1 0 0 268
773 T 371434 17 370694 63 72 0 1 0 0 587
774 T 373236 28 372867 55 26 0 3 0 0 257
775 C 370556 52 64 369432 449 0 0 2 0 557
776 T 370136 54 369375 82 448 0 2 0 0 175
777 G 363464 94 48 419 362457 0 0 0 0 446
778 G 369511 242 84 46 368889 0 0 0 1 249
779 C 367487 78 80 366787 74 0 0 0 0 468
780 A 366819 366108 44 62 87 1 0 0 0 517
781 C 363381 40 95 362924 16 0 0 1 0 305
782 G 391019 75 28 7 390670 0 0 0 8 231
783 G 402983 90 27 150 402129 0 0 0 15 572
784 T 402157 21 401229 53 237 0 5 0 0 612
785 C 404128 66 43 403353 19 0 0 1 0 646
786 T 411185 40 410325 512 38 0 3 0 0 267
787 G 406086 236 113 29 405378 0 0 0 2 328
788 C 417011 114 109 416356 113 0 0 5 0 314
789 A 402364 400987 49 137 77 4 0 0 0 1110
790 C 398790 70 230 398193 35 0 0 5 0 257
791 T 365113 46 364729 97 20 0 3 0 0 218
792 C 386172 170 116 385437 130 0 0 3 0 316
793 A 396373 394615 125 87 1242 4 0 0 0 300
794 T 386540 71 385704 412 83 0 5 0 0 265
795 A 373443 370867 178 253 1666 2 0 0 0 477
796 T 391552 143 390569 577 35 0 4 0 0 224
797 T 394675 60 393783 82 39 0 8 0 0 703
798 G 435131 123 163 40 434587 0 0 0 4 214
799 A 419093 417912 54 63 148 4 0 0 0 912
800 G 448984 675 39 54 447944 0 0 0 2 270
801 A 408848 404499 67 42 256 1 0 0 0 3983
802 G 415229 78 156 71 414640 0 0 0 2 282
803 G 434249 76 122 147 433513 0 0 0 2 389
804 G 435540 109 64 229 434867 0 0 0 3 268
805 T 428569 77 426448 84 10 0 1 0 0 1949
806 C 430428 60 74 429655 16 0 0 3 0 620
807 A 426100 424932 52 39 109 1 0 0 0 967
808 G 433117 134 61 61 432357 0 0 0 1 503
809 T 431865 115 430779 73 61 0 1 0 0 836
810 T 428185 107 427624 147 31 0 1 0 0 275
811 G 430439 90 126 100 429303 0 0 0 0 820
812 C 415939 77 111 415249 126 0 0 0 0 376
813 T 415872 36 414135 198 230 0 0 0 0 1273
814 C 419225 74 61 418825 43 0 0 1 0 221
815 A 417679 416823 62 27 127 1 0 0 0 639
816 C 418889 80 76 411160 62 0 0 1 0 7510
817 A 413756 412993 72 24 70 1 0 0 0 596
818 A 415192 414682 38 23 91 2 0 0 0 356
819 A 414675 413559 52 14 231 2 0 0 0 817
820 T 412884 210 412201 90 44 0 5 0 0 334
821 C 408878 70 84 404660 87 0 0 1 0 3976
822 T 403808 247 403063 220 45 0 4 0 0 229
823 T 387605 55 386878 113 73 0 6 0 0 480
824 G 387320 104 67 53 386345 0 0 0 5 746
825 T 367378 93 366675 150 46 0 9 0 0 405
826 C 366964 50 122 366212 59 0 0 6 0 515
827 T 306408 44 303769 37 47 0 2 0 0 2509
828 G 305086 94 77 14 303804 0 0 0 4 1093
829 C 300732 87 127 300095 68 0 0 0 0 355
830 C 299343 75 76 298926 39 0 0 0 0 227
831 C 249762 85 144 249022 57 0 0 1 0 453
832 G 228190 140 79 57 227730 0 0 0 0 184
833 C 231716 64 102 231277 77 0 0 1 0 195
834 C 230332 74 65 229901 65 0 0 1 0 226
835 T 217864 22 217486 150 38 0 1 0 0 167
836 G 214773 83 58 20 214556 0 0 0 1 55
837 T 205364 47 204892 63 28 0 1 0 0 333
838 G 216958 83 38 9 216691 0 0 0 1 136
839 T 186403 32 186032 27 17 0 0 0 0 295
840 G 204208 135 48 53 203586 0 0 0 1 385
841 T 144704 42 144357 51 33 0 0 0 0 221
842 A 145597 144970 68 12 32 0 0 0 0 515
843 T 144083 27 141130 15 30 0 0 0 0 2881
844 G 142286 41 36 7 142163 0 0 0 0 39
845 G 160028 67 23 107 159341 0 0 0 0 490
846 A 156403 120951 53 34 323 1 0 0 0 35041
847 C 162126 415 1488 158680 1416 0 0 1 0 126
848 C 166989 180 1859 163464 1414 0 0 0 0 72
849 T 164536 594 161061 718 2058 0 0 0 0 105
850 G 282796 146 41 192 282275 0 0 0 5 137
851 C 285189 65 103 284674 174 0 0 3 0 170
852 C 284770 221 79 284349 18 0 0 3 0 100
853 G 284872 87 52 44 284446 0 0 0 0 243
854 T 302854 57 302513 72 15 0 1 0 0 196
855 A 312093 311565 41 24 68 1 0 0 0 394
856 G 326525 63 54 55 326083 0 0 0 2 268
857 C 326905 46 47 326548 26 0 0 1 0 237
858 C 340478 47 66 340206 48 0 0 1 0 110
859 A 412981 412443 41 37 49 2 0 0 0 409
860 G 418197 116 27 1186 416644 0 0 0 4 220
861 T 418376 42 417842 48 17 0 3 0 0 424
862 G 448997 57 34 15 448573 0 0 0 4 314
863 G 448635 42 43 17 448293 0 0 0 1 239
864 C 454302 85 75 453889 19 0 0 3 0 231
865 T 452284 47 448158 3388 26 0 1 0 0 664
866 A 455933 455241 60 11 147 4 0 0 0 470
867 C 453013 51 198 451943 25 0 0 5 0 791
868 G 490417 113 40 15 489756 0 0 0 2 491
869 A 491531 490686 29 13 56 1 0 0 0 746
870 C 495139 26 52 494710 16 0 0 1 0 334
871 T 487211 17 486830 75 21 0 2 0 0 266
872 T 489419 18 488999 71 15 0 0 0 0 316
873 C 489240 78 252 488118 29 0 0 2 0 761
874 G 491961 141 61 128 491407 0 0 0 3 221
875 A 492483 491655 44 100 235 0 0 0 0 449
876 A 492767 492305 59 61 204 1 0 0 0 137
877 A 492358 491516 17 101 230 0 0 0 0 494
878 A 493034 492177 38 16 248 2 0 0 0 553
879 A 492058 490663 206 113 294 2 0 0 0 780
880 G 494819 399 325 456 493227 0 0 0 2 410
881 A 487371 485920 84 224 707 4 0 0 0 432
882 G 483045 466 733 271 481331 0 0 0 2 242
883 G 481165 51 62 29 480616 0 0 0 2 405
884 G 477060 80 69 31 476426 0 0 0 1 453
885 A 463247 462478 49 17 134 1 0 0 0 568
886 T 459123 45 458752 57 7 0 1 0 0 261
887 A 412577 408416 31 5 72 0 0 0 0 4053
888 C 411091 47 51 410840 16 0 0 2 0 135
889 T 372478 71 371754 88 13 0 6 0 0 546
890 C 381265 56 57 380808 30 0 0 4 0 310
891 T 403899 218 403194 94 14 0 1 0 0 378
892 T 398130 99 397523 91 44 0 1 0 0 372
893 T 397999 62 397556 69 105 0 1 0 0 206
894 A 406715 406170 106 50 190 2 0 0 0 197
895 G 419565 86 83 29 419153 0 0 0 2 212
896 T 403052 72 402239 69 51 0 6 0 0 615
897 G 394236 141 65 34 393781 0 0 0 5 210
898 G 397694 70 61 25 397283 0 0 0 3 252
899 G 384970 92 45 29 384566 0 0 0 7 231
900 A 476858 476291 55 24 158 14 0 0 0 316
901 A 487209 486370 157 49 124 3 0 0 0 506
902 T 487850 151 487163 100 74 0 4 0 0 358
903 A 481023 479833 88 280 384 6 0 0 0 432
904 G 488310 156 123 38 487635 0 0 0 2 356
905 A 493447 489981 83 110 93 4 0 0 0 3176
906 C 505100 87 256 504465 83 0 0 4 0 205
907 C 498461 76 46 497969 40 0 0 1 0 329
908 C 547946 63 59 547535 25 0 0 4 0 260
909 T 548166 128 547302 213 73 0 6 0 0 444
910 T 557490 87 556464 164 288 0 6 0 0 481
911 T 532821 84 532215 153 41 0 4 0 0 324
912 C 534877 100 106 534197 197 0 0 3 0 274
913 A 533444 532629 35 70 104 3 0 0 0 603
914 A 537265 536320 60 25 125 0 0 0 0 735
915 A 544128 543414 47 70 121 2 0 0 0 474
916 C 544685 67 325 543456 34 0 0 3 0 800
917 T 537445 44 536897 122 26 0 2 0 0 354
918 G 544041 100 85 42 543610 0 0 0 3 201
919 C 549100 58 99 548178 40 0 0 4 0 721
920 T 550280 22 549770 106 70 0 5 0 0 307
921 T 549749 76 549086 101 83 0 2 0 0 401
922 C 556120 134 162 554892 84 0 0 4 0 844
923 A 554871 554102 70 91 197 4 0 0 0 407
924 A 555476 552892 1987 52 130 2 0 0 0 413
925 A 555547 552612 158 942 864 3 0 0 0 968
926 A 554618 551008 123 502 2433 2 0 0 0 550
927 C 557792 124 128 555689 1418 0 0 4 0 429
928 A 543859 542504 204 33 628 0 0 0 0 490
929 G 561586 151 147 787 560153 0 0 0 5 343
930 C 565803 81 112 564852 584 0 0 7 0 167
931 C 584226 220 168 582775 204 0 0 2 0 857
932 A 578270 577553 72 287 199 3 0 0 0 156
933 A 580339 579100 206 47 284 3 0 0 0 699
934 G 652106 232 233 82 651204 0 0 0 2 353
935 T 669855 85 668229 105 204 0 6 0 0 1226
936 A 649664 648837 96 51 254 6 0 0 0 420
937 T 637115 82 636309 114 28 0 8 0 0 574
938 A 616456 615403 76 27 128 12 0 0 0 810
939 C 594627 99 1937 592312 51 0 0 7 0 221
940 A 574892 573968 201 49 284 4 1 0 0 385
941 G 655377 166 124 220 654443 0 0 0 11 413
942 C 664773 106 172 663871 234 0 0 7 0 383
943 C 577055 217 88 576311 110 0 0 3 0 326
944 T 658805 110 658022 234 79 0 5 0 0 355
945 A 688365 687475 76 224 209 8 0 0 0 373
946 A 696839 695764 114 164 164 6 0 0 0 627
947 T 692845 69 691965 130 69 0 14 0 0 598
948 C 618912 217 167 617877 82 0 0 10 0 559
949 A 567034 566216 31 77 189 4 0 0 0 517
950 G 569631 102 53 34 569067 0 0 0 1 374
951 A 570525 569109 38 18 107 5 0 0 0 1248
952 C 574827 200 108 574093 121 0 0 4 0 301
953 C 565302 178 234 564332 190 0 0 4 0 364
954 G 570051 189 118 289 568921 0 0 0 1 533
955 A 579906 579058 155 139 137 1 0 0 0 416
956 A 594958 592848 134 833 480 1 0 0 0 662
957 C 586792 733 182 584904 330 0 0 2 0 641
958 G 586371 88 52 20 585353 0 0 0 3 855
959 A 597847 597291 60 37 130 1 0 0 0 328
960 G 600976 112 80 36 599886 0 0 0 1 861
961 A 610010 609431 35 62 104 3 0 0 0 375
962 A 630432 629661 55 30 107 4 0 0 0 575
963 T 628552 78 627106 145 41 0 4 0 0 1178
964 C 624860 94 106 623926 120 0 0 3 0 611
965 C 627753 140 141 626960 91 0 0 3 0 418
966 A 620738 619816 61 233 226 0 0 0 0 402
967 G 636044 298 701 128 634449 0 0 0 3 465
968 C 627740 165 280 626587 104 0 0 3 0 601
969 A 659357 657567 298 143 291 3 0 0 0 1055
970 C 683177 81 118 681755 49 1 0 6 0 1167
971 A 668356 667404 79 98 90 5 1 0 0 679
972 C 677742 130 228 676902 55 0 0 3 0 424
973 A 674277 673566 23 14 156 3 0 0 0 515
974 A 679056 678442 39 21 194 8 0 0 0 352
975 G 684854 184 50 18 683142 0 0 0 8 1452
976 A 640665 640159 47 14 100 6 0 0 0 339
977 G 646318 114 38 26 645355 0 0 0 6 779
978 T 565637 54 563137 108 14 0 2 0 1 2321
979 C 595776 88 99 595118 44 0 0 7 0 420
980 A 562838 562026 46 17 154 4 0 0 0 591
981 G 563205 83 68 44 562673 0 0 0 3 334
982 C 563060 105 498 561944 97 0 0 6 0 410
983 T 464727 156 464143 76 83 0 5 0 0 264
984 G 496714 148 74 146 495876 0 0 0 5 465
985 G 502769 66 88 59 502254 0 0 0 8 294
986 T 498147 56 496018 69 79 0 15 0 0 1910
987 G 569851 279 108 227 568686 0 0 0 7 544
988 T 552820 98 551442 99 92 0 8 0 0 1081
989 G 551272 191 112 51 550406 0 0 0 2 510
990 G 481545 158 84 25 480870 0 0 0 3 405
991 A 478039 477223 86 176 137 2 0 0 0 415
992 T 477732 87 476901 86 49 0 3 0 0 606
993 G 458456 199 139 159 457686 0 0 0 3 270
994 G 462619 97 83 53 461912 0 0 0 2 472
995 C 466000 88 123 465449 75 0 0 0 0 265
996 A 484148 483277 102 71 88 5 0 0 0 605
997 T 504052 142 503321 138 110 0 3 0 0 338
998 G 510794 140 185 77 509673 0 0 0 5 714
999 C 518945 113 635 517442 104 0 0 3 0 648
1000 A 517643 514038 2954 89 156 4 0 0 0 402
1001 A 525445 521632 81 73 3033 5 0 0 0 621
1002 T 526609 109 525891 108 62 0 7 0 0 432
1003 T 507450 42 506936 58 64 0 4 0 0 346
1004 C 501135 110 54 500340 141 0 0 4 0 486
1005 T 470325 64 469786 117 156 0 2 0 0 200
1006 G 479785 198 406 131 478375 0 0 0 4 671
1007 C 497801 86 508 496618 165 0 0 2 0 422
1008 T 470356 155 469252 225 279 0 4 0 0 441
1009 G 477362 69 89 277 476713 0 0 0 3 211
1010 C 449753 58 67 448768 411 0 0 4 0 445
1011 A 446680 445629 107 433 124 1 0 0 0 386
1012 T 460873 37 459607 591 68 0 0 0 0 570
1013 T 458887 565 457654 73 125 0 1 0 0 469
1014 T 459398 46 458116 188 693 0 1 0 0 354
1015 G 458876 67 50 20 458557 0 0 0 0 182
1016 A 448692 448132 47 2 77 4 0 0 0 430
1017 A 449117 448729 41 46 105 2 0 0 0 194
1018 G 434203 106 42 23 433482 0 0 0 1 549
1019 A 456975 456447 80 57 63 3 0 0 0 325
1020 T 460748 35 460134 82 85 0 1 0 0 411
1021 C 452811 59 36 452431 68 0 0 4 0 213
1022 T 455039 34 454620 134 18 0 2 0 0 231
1023 A 440130 439656 10 53 89 8 0 0 0 314
1024 A 441356 440850 98 30 96 1 0 0 0 281
1025 G 443871 103 41 108 443240 0 0 0 0 379
1026 A 432412 431704 52 101 128 7 0 0 0 420
1027 G 463532 123 42 65 463088 0 0 0 7 207
1028 T 392647 33 389048 107 28 0 4 0 0 3427
1029 A 387884 387473 32 65 98 4 0 0 0 212
1030 T 381454 34 381103 50 20 0 3 0 0 244
1031 T 378172 39 377809 49 16 0 7 0 0 252
1032 A 391268 390828 46 10 123 2 0 0 0 259
1033 A 351101 350602 83 14 78 2 0 0 0 322
1034 G 343405 67 25 41 342995 0 0 0 5 272
1035 C 343479 51 38 343057 56 0 0 2 0 275
1036 T 308628 9 308223 58 50 0 2 0 0 286
1037 T 359366 49 358901 93 32 0 4 0 0 287
1038 C 362610 46 89 362165 36 0 0 3 0 271
1039 A 373212 372712 70 20 164 3 0 0 0 243
1040 T 373552 34 373095 54 24 0 5 0 0 340
1041 C 373361 75 57 373000 21 0 0 5 0 203
1042 A 372084 371499 40 26 92 1 0 0 0 426
1043 G 357195 70 31 32 356610 0 0 0 2 450
1044 A 359167 358670 24 10 104 4 0 0 0 355
1045 G 347822 28 42 102 347379 0 0 0 2 269
1046 G 363684 131 38 25 363149 0 0 0 1 340
1047 G 433659 148 2992 186 430012 0 0 0 7 314
1048 A 434102 432662 145 81 189 4 0 0 0 1021
1049 C 439523 115 194 438782 94 0 0 1 0 337
1050 C 424903 114 130 422842 1288 0 0 3 0 526
1051 A 432199 431705 21 45 48 2 0 0 0 378
1052 A 462269 461746 28 9 194 5 0 0 0 287
1053 A 463810 463281 30 28 137 5 0 0 0 329
1054 G 471361 60 45 6 470895 0 0 0 4 351
1055 T 463641 45 462169 69 25 0 2 0 0 1331
1056 A 464901 463916 98 43 52 1 0 0 0 791
1057 T 470049 83 468785 539 61 0 4 0 0 577
1058 C 471623 104 99 470934 66 0 0 3 0 417
1059 C 468390 70 82 467974 48 0 0 9 0 207
1060 C 463045 62 83 462458 42 0 0 9 0 391
1061 C 440543 95 56 439936 44 0 0 2 0 410
1062 A 440449 439688 47 87 69 3 0 0 0 555
1063 A 434256 433644 74 4 94 2 0 0 0 438
1064 G 439722 89 108 11 439039 0 0 0 7 468
1065 G 429339 49 49 5 428911 0 0 0 5 320
1066 G 426131 84 42 15 425362 0 0 0 5 623
1067 G 399379 53 43 18 398884 0 0 0 2 379
1068 G 375651 126 35 20 375067 0 0 0 2 401
1069 A 372515 371937 25 11 135 3 0 0 0 404
1070 A 386744 386178 42 8 67 0 0 0 0 449
1071 A 389041 388383 30 66 111 2 0 0 0 449
1072 C 399743 82 57 399277 16 0 0 1 0 310
1073 T 383423 20 382930 144 8 0 2 0 0 319
1074 T 384916 13 384563 53 36 0 0 0 0 251
1075 T 396460 353 395093 375 184 0 1 0 0 454
1076 C 365663 172 332 364618 47 0 0 4 0 490
1077 C 389301 123 371 388351 214 0 0 5 0 237
1078 A 440670 439648 108 28 124 11 0 0 0 751
1079 C 455060 51 149 454364 48 0 0 3 0 445
1080 T 457907 39 457368 150 10 0 7 0 0 333
1081 A 445293 444304 47 464 80 4 0 0 0 394
1082 G 454856 99 57 14 454418 0 0 0 5 263
1083 A 462916 461966 32 17 641 5 0 0 0 255
1084 G 468226 62 41 12 467885 0 0 0 3 223
1085 G 492492 57 55 42 492075 0 0 0 4 259
1086 A 437969 437152 213 33 125 5 0 0 0 441
1087 G 491730 91 36 19 491068 0 0 0 5 511
1088 T 488269 40 484214 95 27 0 10 0 0 3883
1089 A 489825 488830 54 7 118 4 0 0 0 812
1090 C 497070 121 160 496497 65 0 0 4 0 223
1091 A 482305 481598 178 76 107 6 0 0 0 340
1092 A 481611 480503 97 30 582 4 0 0 0 395
1093 A 540423 539995 59 16 73 3 0 0 0 277
1094 T 530091 51 529244 58 29 0 5 0 0 704
1095 T 508033 57 507544 67 23 0 1 0 0 341
1096 G 453554 85 51 35 453090 0 0 0 1 292
1097 C 447981 48 37 447409 42 0 0 2 0 443
1098 T 447980 11 447673 79 40 0 0 0 0 177
1099 T 447409 274 446523 91 92 0 1 0 0 428
1100 C 445650 128 54 444690 315 0 0 1 0 462
1101 A 439367 438469 272 79 151 3 0 0 0 393
1102 A 445851 445051 24 42 168 1 0 0 0 565
1103 A 449109 448034 375 43 80 1 0 0 0 576
1104 T 450950 118 450141 75 56 0 0 0 0 560
1105 G 447742 105 44 100 447257 0 0 0 1 235
1106 A 444546 444001 54 20 59 1 0 0 0 411
1107 A 449486 448999 16 144 112 4 0 0 0 211
1108 A 450844 450209 92 52 77 5 0 0 0 409
1109 A 453030 451975 119 108 154 3 0 0 0 671
1110 C 471211 126 67 470477 72 0 0 3 0 466
1111 A 468842 467601 133 390 143 6 0 0 0 569
1112 T 490722 52 490161 80 35 0 3 0 0 391
1113 G 474329 198 109 108 473655 0 0 0 3 256
1114 G 471241 99 68 18 470657 0 0 0 1 398
1115 A 485335 484822 34 33 118 3 0 0 0 325
1116 T 481529 99 480413 101 138 0 1 0 0 777
1117 G 491480 325 176 35 490674 0 0 0 8 262
1118 C 561775 265 61 560896 62 0 0 14 0 477
1119 T 543610 41 541927 1244 17 0 14 0 0 367
1120 A 542630 522313 19842 27 103 2 0 0 0 343
1121 T 517917 39 498159 74 19176 0 3 0 1 465
1122 G 526275 19436 73 37 506549 0 0 0 10 170
1123 G 525316 102 79 392 524530 0 0 0 8 205
1124 A 499795 498650 422 29 220 5 0 0 0 469
1125 A 498858 497938 113 35 480 12 0 0 0 280
1126 T 442888 295 441554 80 269 0 5 0 0 685
1127 C 410957 71 56 410119 462 0 0 3 0 246
1128 A 402591 401914 194 35 155 1 0 0 0 292
1129 A 398827 398404 116 63 97 2 0 0 0 145
1130 G 402475 76 120 200 401875 0 0 0 2 202
1131 T 381587 64 380478 159 82 0 2 0 0 802
1132 A 374871 370552 35 385 82 3 0 0 0 3814
1133 C 402850 92 46 401779 364 0 0 2 0 567
1134 T 386394 151 385513 93 320 0 2 0 0 315
1135 C 397907 151 37 397324 19 0 0 0 0 376
1136 T 349862 30 349468 70 21 0 0 0 0 273
1137 T 352834 28 351731 83 580 0 3 0 0 409
1138 G 356104 56 48 599 355085 0 0 0 1 315
1139 A 368839 368429 21 17 95 2 0 0 0 275
1140 A 371187 370581 61 21 68 3 0 0 0 453
1141 C 372493 50 1158 370791 9 0 0 2 0 483
1142 T 360325 20 359893 71 23 0 2 0 0 316
1143 G 371272 77 32 38 370718 0 0 0 1 406
1144 A 382177 381723 61 27 85 4 0 0 0 277
1145 G 388406 85 58 13 387750 0 0 0 3 497
1146 A 386943 386489 54 14 78 2 0 0 0 306
1147 A 433271 432633 86 15 179 8 0 0 0 350
1148 G 440440 91 110 120 439653 0 0 0 7 459
1149 C 476602 154 207 475750 158 0 0 4 0 329
1150 A 474101 473120 73 184 250 2 0 0 0 472
1151 G 481332 525 92 120 480212 0 0 0 6 377
1152 G 552630 540 115 96 551469 0 0 0 9 401
1153 T 552377 145 532436 17460 85 0 6 0 0 2245
1154 A 557682 538995 118 17678 179 11 0 0 0 701
1155 C 568963 72 18075 550401 125 0 0 8 0 282
1156 T 537509 58 536664 135 99 0 13 0 0 540
1157 G 554710 105 115 45 554134 0 0 0 4 307
1158 G 560442 110 78 70 559579 0 0 0 2 603
1159 G 545597 224 202 71 544816 0 0 0 12 272
1160 C 587566 76 120 586487 166 0 0 8 0 709
1161 C 521441 93 480 520505 73 0 0 4 0 286
1162 A 538252 537511 89 31 77 2 0 0 0 542
1163 T 539034 61 538498 84 32 0 2 0 0 357
1164 A 532957 532322 19 21 177 1 0 0 0 417
1165 A 549248 548679 37 45 168 1 0 0 0 318
1166 G 539426 106 45 35 538706 0 0 0 5 529
1167 A 523179 522574 58 7 82 4 0 0 0 454
1168 A 520704 519443 69 37 94 1 0 0 1 1059
1169 C 519711 98 55 518982 50 0 0 0 0 526
1170 C 544264 121 67 543464 131 0 0 2 0 479
1171 A 531287 530572 73 245 135 1 0 0 0 261
1172 G 539345 123 69 41 538595 0 0 0 0 517
1173 A 539935 539193 202 48 207 0 0 0 0 285
1174 A 532918 531987 123 23 178 7 0 0 0 600
1175 G 543844 114 54 125 543065 0 0 0 6 480
1176 T 515773 177 513070 105 73 0 2 0 0 2346
1177 G 519090 65 57 31 518522 0 0 0 2 413
1178 G 525382 61 105 22 524831 0 0 0 2 361
1179 A 524972 524005 45 53 170 6 0 0 0 693
1180 G 533416 163 2783 16 529861 0 0 0 4 589
1181 G 536199 3179 166 28 532336 0 0 0 2 488
1182 A 500966 496982 115 57 3300 2 0 0 0 510
1183 A 504467 503757 196 45 216 4 0 0 0 249
1184 A 508284 507012 72 230 396 2 0 0 0 572
1185 C 520453 202 263 519362 249 0 0 4 0 373
1186 A 519502 512000 2517 3456 282 2 0 0 0 1245
1187 C 549907 317 365 541103 7718 0 0 1 1 402
1188 T 537618 352 529254 1443 6259 0 2 0 0 308
1189 A 580491 579244 234 235 387 4 0 0 0 387
1190 A 605924 604295 441 140 470 5 0 0 0 573
1191 T 602262 1641 598990 509 338 0 5 0 0 779
1192 C 605741 3072 203 602085 88 0 0 3 0 290
1193 A 581763 576036 86 176 4942 6 0 0 0 517
1194 A 582708 577287 2597 198 2204 5 0 0 0 417
1195 C 590266 227 227 587774 1585 0 0 2 0 451
1196 A 517978 513601 358 787 2839 6 0 0 0 387
1197 G 517104 1701 1176 547 513403 0 0 0 3 274
1198 A 471852 471194 62 67 217 0 0 0 0 312
1199 G 481400 95 62 49 480729 0 0 0 2 463
1200 G 500375 84 36 55 499727 0 0 0 2 471
1201 G 440279 20462 107 1704 417475 1 0 0 6 524
1202 C 446022 277 74 423000 22078 0 0 6 0 587
1203 C 451867 74 247 428191 23033 0 0 3 0 319
1204 T 451114 805 448966 226 355 0 3 0 0 759
1205 C 471445 292 203 469851 829 0 0 1 0 269
1206 T 457568 538 455514 381 523 0 5 0 0 607
1207 G 458329 224 228 88 457443 0 0 0 4 342
1208 C 453684 124 168 452976 114 0 0 3 0 299
1209 A 433529 432030 78 59 855 1 0 0 0 506
1210 G 457424 108 149 17 456886 0 0 0 2 262
1211 G 456746 92 156 166 455917 0 0 0 5 410
1212 T 460705 77 458265 186 230 0 1 0 0 1946
1213 C 461219 51 57 460714 25 0 0 2 0 370
1214 A 449146 448388 54 32 72 3 0 0 0 597
1215 A 475527 474998 65 9 98 4 0 0 0 353
1216 A 462749 462124 56 28 60 5 0 0 0 476
1217 T 466978 47 466346 90 16 0 4 0 0 475
1218 C 465414 114 57 464778 26 0 0 6 0 433
1219 A 440077 439495 25 10 129 2 0 0 0 416
1220 G 467879 67 38 193 467280 0 0 0 2 299
1221 T 453139 62 451867 87 170 0 5 0 0 948
1222 G 459795 119 104 19 459211 0 0 0 0 342
1223 T 454544 56 453351 122 22 0 4 0 0 989
1224 G 443007 385 55 27 442260 0 0 0 1 279
1225 C 455984 354 618 431915 22689 0 0 2 1 405
1226 A 452496 428535 987 22207 381 5 0 0 0 381
1227 A 462916 437830 16793 121 7353 4 0 0 1 814
1228 C 463556 103 131 462503 338 0 0 13 0 468
1229 C 460017 96 48 459476 96 0 0 7 0 294
1230 T 413631 102 412535 590 163 0 5 0 0 236
1231 G 428658 242 181 64 427836 0 0 0 7 328
1232 C 452566 69 127 451966 124 0 0 8 0 272
1233 A 443440 442624 54 136 126 2 0 0 0 498
1234 T 453322 106 452635 69 51 0 6 0 0 455
1235 T 451743 84 451233 57 42 0 5 0 0 322
1236 T 430875 1370 429008 132 78 0 3 0 0 284
1237 T 440284 108 439552 103 112 0 2 0 0 407
1238 C 414802 39 95 414273 95 0 0 2 0 298
1239 T 389828 120 389191 110 60 0 3 0 0 344
1240 G 418030 112 152 49 417405 0 0 0 1 311
1241 T 408207 49 407406 189 145 0 2 0 0 416
1242 G 417783 258 96 132 417033 0 0 0 4 260
1243 C 424900 333 4582 417911 1625 0 0 2 0 447
1244 A 420463 411540 998 5366 2139 6 0 0 0 414
1245 A 429892 425677 476 189 3282 0 0 0 0 268
1246 A 424296 423574 45 38 155 2 0 0 0 482
1247 G 438683 85 32 23 438362 0 0 0 2 179
1248 A 429061 428233 43 22 329 4 0 0 0 430
1249 A 396284 394638 401 630 218 2 0 0 0 395
1250 A 410898 406378 628 233 1016 2 0 0 0 2641
1251 C 413586 181 374 411573 1073 0 0 7 0 378
1252 C 437646 163 134 436995 69 0 0 7 0 278
1253 T 440099 81 439311 161 128 0 0 0 0 418
1254 C 436107 154 70 435521 61 0 0 2 0 299
1255 C 462155 119 63 461330 250 0 0 5 0 388
1256 C 455703 138 252 454928 113 0 0 4 0 268
1257 A 463072 462157 55 70 257 3 0 0 0 530
1258 T 469055 424 467628 291 295 0 4 0 0 413
1259 T 449981 423 447205 1770 183 0 1 0 0 399
1260 T 457337 107 454573 296 1944 0 6 0 0 411
1261 G 456174 2783 845 4701 447483 0 0 0 6 356
1262 A 466374 461212 3681 753 225 8 1 0 0 494
1263 C 465041 162 1102 460088 3274 0 0 5 0 410
1264 A 444632 440155 561 1152 2425 1 0 0 0 338
1265 A 460925 455994 936 330 3328 5 0 0 0 332
1266 A 464644 459475 820 316 3430 2 0 0 0 601
1267 C 486246 493 174 482478 2783 0 0 3 0 315
1268 C 479697 475 293 474431 4180 0 0 7 0 311
1269 A 440232 436108 245 929 2548 3 0 0 0 399
1270 A 460253 458150 232 305 603 3 0 0 0 960
1271 C 448132 283 710 446442 295 0 0 3 0 399
1272 C 476058 749 385 474202 331 0 0 6 0 385
1273 A 471690 470272 74 635 352 3 0 0 0 354
1274 T 476775 78 475624 379 32 0 6 0 0 656
1275 C 477159 105 101 476448 206 0 0 3 0 296
1276 A 461505 459066 1589 252 228 4 0 0 0 366
1277 T 475231 331 472698 327 1485 0 5 0 0 385
1278 G 460703 211 688 1132 458166 0 0 0 7 499
1279 G 457925 693 1321 216 455356 0 0 0 5 334
1280 C 429768 567 498 421861 6493 0 0 2 0 347
1281 A 411858 404017 5571 1115 675 3 1 0 0 476
1282 G 424045 350 101 164 423154 0 0 0 3 273
1283 C 417110 87 181 416033 198 0 0 2 0 609
1284 A 412477 411691 80 57 275 1 0 0 0 373
1285 T 414207 79 413651 94 25 0 0 0 0 358
1286 T 401724 867 400360 96 41 0 0 0 0 360
1287 C 406845 84 928 405362 89 0 0 0 0 382
1288 A 402493 401089 193 45 409 4 0 0 0 753
1289 C 384434 287 110 383188 427 0 0 2 0 420
1290 T 386853 93 385587 419 427 0 3 0 0 324
1291 G 418885 247 902 292 417124 0 0 0 4 316
1292 G 432600 475 897 140 430830 0 0 0 6 252
1293 G 445828 246 313 854 444093 0 0 0 7 315
1294 A 436263 433520 427 1115 645 6 0 0 0 550
1295 A 449943 447835 539 509 633 2 0 0 0 425
1296 T 428296 539 426191 500 769 0 2 0 0 295
1297 A 465912 462653 1531 762 413 4 0 0 0 549
1298 C 507369 1615 2709 502170 520 0 0 5 0 350
1299 A 493242 489329 1573 573 1404 4 0 0 0 359
1300 G 499347 586 1127 164 497026 0 0 0 4 440
1301 A 482874 479845 212 2086 207 5 0 1 0 518
1302 G 512074 242 870 666 509997 0 0 0 3 296
1303 G 504060 97 114 23 503515 0 0 0 7 304
1304 G 502570 166 69 49 502008 0 0 0 3 275
1305 A 501625 500567 106 14 598 3 0 0 0 337
1306 A 493095 492318 38 63 158 3 0 0 0 515
1307 G 501144 107 72 45 500129 0 0 0 3 788
1308 A 499219 498458 45 32 153 4 0 0 0 527
1309 A 517140 515511 464 32 520 1 0 0 0 612
1310 C 552602 525 129 551280 90 0 0 2 0 576
1311 A 531941 530353 845 165 268 5 0 0 0 305
1312 T 541167 87 539383 125 1002 0 5 0 0 565
1313 C 527973 107 619 526880 129 0 0 3 0 235
1314 A 522395 519939 364 422 1235 4 0 0 0 431
1315 G 530602 1006 31 32 529148 0 0 0 6 379
1316 A 517104 515012 1136 39 91 5 0 0 0 821
1317 C 523077 56 1185 521302 54 0 0 3 0 477
1318 A 515968 514415 437 63 553 2 0 0 0 498
1319 T 494417 127 492936 533 358 0 2 0 0 461
1320 G 512314 152 145 51 511503 0 0 0 2 461
1321 A 495431 494794 40 25 121 4 0 0 0 447
1322 G 504458 59 65 42 503696 0 0 0 4 592
1323 G 510257 88 87 30 509586 0 0 0 3 463
1324 G 502312 4636 213 145 496725 0 0 0 3 590
1325 C 502500 227 843 499901 973 0 0 3 0 553
1326 A 493311 491120 283 1107 515 1 0 0 0 285
1327 G 509422 114 51 29 508945 0 0 0 2 281
1328 A 511776 511149 75 23 119 3 0 0 0 407
1329 A 519815 519043 41 32 152 5 0 0 0 542
1330 A 536131 529702 1802 4004 117 5 0 0 0 501
1331 T 542327 4172 535590 102 1884 1 6 0 0 572
1332 T 572522 191 563723 121 8029 0 3 0 0 455
1333 A 577410 576572 182 125 177 4 0 0 0 350
1334 T 572530 92 571519 168 277 0 4 0 0 470
1335 A 572182 571416 96 131 266 2 0 0 0 271
1336 A 554374 552060 574 467 913 1 1 0 0 358
1337 G 580110 367 315 912 578276 0 0 0 8 232
1338 G 581747 511 231 874 579910 0 0 0 21 200
1339 A 602029 599669 745 689 220 15 0 0 0 691
1340 T 529022 167 527536 226 635 0 4 0 0 454
1341 G 520781 191 330 299 519503 0 0 0 0 458
1342 A 506590 505586 127 154 140 4 0 0 0 579
1343 T 510475 168 509770 104 64 0 3 0 0 366
1344 G 498054 247 91 65 497366 0 0 0 6 279
1345 G 505793 99 61 110 505197 0 0 0 10 316
1346 A 477146 476212 123 39 269 4 0 0 0 499
1347 A 489804 489149 55 37 284 2 0 0 0 277
1348 G 495278 1019 1654 228 491842 0 0 0 3 532
1349 G 551137 1966 196 722 547888 0 0 0 1 364
1350 T 534452 139 529605 1844 251 0 3 0 0 2610
1351 G 520982 2599 329 481 516798 0 0 0 2 773
1352 C 520840 828 987 506564 12046 0 0 2 0 413
1353 A 509519 505825 736 365 2110 3 0 0 0 480
1354 A 509544 508715 100 107 105 2 0 0 0 515
1355 A 515592 514959 66 17 153 2 0 0 0 395
1356 A 520386 518979 98 199 110 3 0 0 0 997
1357 C 525305 197 119 524311 379 0 0 5 0 294
1358 C 497234 358 145 495787 538 0 0 2 0 404
1359 A 471490 470525 340 58 302 2 0 0 0 263
1360 G 485429 276 352 840 483647 0 0 0 1 313
1361 A 477842 473797 387 1509 1817 0 0 0 1 331
1362 A 493372 490607 1393 803 308 2 0 0 0 259
1363 G 501202 5158 265 4516 490816 0 0 0 3 444
1364 A 492121 485028 2882 2752 905 1 0 0 0 553
1365 A 486391 473682 1339 165 10761 3 0 0 0 441
1366 A 485399 479819 498 695 3766 3 0 0 0 618
1367 T 484404 178 479738 1137 2999 0 3 0 0 349
1368 G 486345 1117 437 2022 482494 0 0 0 4 271
1369 T 466027 144 465243 144 130 0 1 0 0 365
1370 C 469010 162 116 468134 113 0 0 5 0 480
1371 C 460501 144 268 459754 91 0 0 4 0 240
1372 T 458649 96 457719 131 43 0 1 0 0 659
1373 T 461320 136 460702 146 112 0 1 0 0 223
1374 C 464367 140 179 463693 159 0 0 2 0 194
1375 C 461551 3846 85 455255 2141 0 0 1 0 223
1376 A 449173 439130 314 511 8902 2 0 0 0 314
1377 G 447759 548 1193 2121 443673 0 0 0 3 221
1378 G 443890 169 296 417 442412 0 0 0 3 593
1379 G 440889 100 201 187 440196 0 0 0 3 202
1380 G 409291 143 112 390 408190 0 0 0 0 456
1381 C 364340 186 108 363573 246 0 0 1 0 226
1382 G 360247 188 88 109 359714 0 0 0 0 148
1383 G 367047 97 105 34 366533 0 0 0 3 275
1384 G 366040 74 107 142 365492 0 0 0 0 225
1385 G 371351 204 53 215 370512 0 0 0 2 365
1386 A 339646 325095 255 29 450 3 0 0 1 13813
1387 G 337317 153 46 25 336639 0 0 0 3 451
1388 T 318123 17 302524 172 73 0 2 0 0 15335
1389 C 325436 1010 97 323229 670 0 0 1 0 429
1390 T 312910 42 312173 373 34 0 0 0 0 288
1391 T 312828 28 312237 398 21 0 1 0 0 143
1392 C 312004 57 85 310689 343 0 0 0 0 830
1393 G 362590 99 43 16 360125 0 0 0 1 2306
1394 A 355900 354469 15 21 98 5 0 0 0 1292
1395 G 363639 43 43 14 362895 0 0 0 4 640
1396 C 328741 678 1097 326245 270 0 0 0 0 451
1397 T 321967 974 319173 758 330 0 1 0 0 731
1398 C 309263 704 818 307071 508 0 0 2 0 160
1399 T 307677 215 306990 99 109 0 0 0 0 264
1400 C 310710 81 284 309975 137 0 0 0 0 233
1401 G 312321 232 50 85 311659 0 0 0 0 295
1402 G 342027 97 1209 10 340093 0 0 0 1 617
1403 A 373640 371236 40 86 1538 0 0 0 0 740
1404 C 389825 115 92 389080 48 0 0 0 0 490
1405 G 412447 185 57 105 411843 0 0 0 0 257
1406 A 449278 448544 153 43 198 5 0 0 0 335
1407 A 445659 444964 58 46 208 2 0 0 0 381
1408 A 449481 448604 39 415 112 1 0 0 0 310
1409 G 459613 106 87 8 458078 0 0 0 3 1331
1410 G 462817 96 32 398 461764 0 0 0 5 522
1411 G 449434 90 61 25 448940 0 0 0 1 317
1412 C 456841 72 155 455867 102 0 0 1 0 644
1413 A 454071 453480 30 33 244 3 0 0 0 281
1414 G 468292 320 149 53 467233 0 0 0 2 535
1415 C 462089 101 212 461473 47 0 0 1 0 255
1416 G 512538 257 102 72 511697 0 0 0 3 407
1417 A 519458 514244 76 4596 102 5 0 0 0 435
1418 A 526381 520166 45 54 4701 5 0 0 0 1410
1419 C 527942 4592 194 522357 102 0 0 2 0 695
1420 C 523703 53 123 523355 26 0 0 4 0 142
1421 C 511333 71 74 510586 77 0 0 3 0 522
1422 G 509794 201 60 23 509004 0 0 0 8 498
1423 A 511452 510702 53 60 138 2 0 0 0 497
1424 T 512475 53 511452 67 17 0 3 0 0 883
1425 C 494631 64 90 493952 47 0 0 3 0 475
1426 G 486407 142 70 209 485176 0 0 0 2 808
1427 T 469877 210 468458 309 98 0 0 0 0 802
1428 G 454332 458 44 62 453311 0 0 0 3 454
1429 C 453869 55 65 453096 34 0 0 3 0 616
1430 C 456052 37 50 455610 8 0 0 1 0 346
1431 C 455590 49 146 454678 12 0 0 0 0 705
1432 T 445155 40 444422 351 27 0 1 0 0 314
1433 C 487561 201 100 486654 71 0 0 6 0 529
1434 T 481536 104 480249 460 196 0 7 0 0 520
1435 T 564646 785 562868 514 31 0 0 0 0 448
1436 T 515863 249 514688 247 19 0 2 0 0 658
1437 T 524581 379 523646 82 207 0 7 0 0 260
1438 G 522831 211 244 134 521636 0 0 0 1 605
1439 A 518498 517401 65 189 238 5 0 0 0 600
1440 C 536527 106 152 535803 175 0 0 3 0 288
1441 A 532791 531742 437 37 97 2 0 0 0 476
1442 T 477396 80 476612 68 388 0 3 0 0 245
1443 G 598808 165 49 26 598316 0 0 0 8 244
1444 A 594409 593523 49 24 132 13 0 0 0 668
1445 G 677580 113 65 17 677054 0 0 0 13 318
1446 T 683079 70 680800 138 25 0 7 0 0 2039
1447 A 668267 667318 445 9 85 14 0 0 0 396
1448 A 677177 675995 468 3 62 0 0 0 0 649
1449 T 676526 459 675481 99 30 0 6 0 0 451
1450 G 678108 153 99 31 677236 0 0 0 11 578
1451 A 651270 650119 470 136 89 8 0 0 0 448
1452 A 605482 604367 44 398 224 6 0 0 1 442
1453 G 604861 246 352 119 603882 0 0 0 7 255
1454 G 554643 73 282 24 553367 0 0 0 4 893
1455 A 550910 549790 331 99 284 3 0 0 0 403
1456 T 559772 46 558715 54 5 0 2 0 0 950
1457 C 555283 51 48 554928 25 0 0 2 0 229
1458 T 546826 46 546074 190 3 0 0 0 0 513
1459 T 551075 17 550641 222 0 0 2 0 0 193
1460 A 551547 550341 22 2 60 1 0 0 0 1121
1461 T 550360 42 549983 45 2 0 1 0 0 287
1462 T 547402 52 546310 75 4 0 0 0 0 961
1463 T 541935 55 541581 61 2 0 1 0 0 235
1464 C 539134 43 28 538671 20 0 0 2 0 370
1465 T 519499 13 519107 72 4 0 1 0 0 302
1466 T 517061 214 515997 49 8 0 1 0 0 792
1467 C 515282 60 61 514871 17 0 0 1 0 272
1468 G 512824 107 76 23 511345 0 0 0 2 1271
1469 G 516428 48 51 15 516169 0 0 0 1 144
1470 A 518860 518130 37 12 121 2 0 0 0 558
1471 G 528636 53 51 20 528155 0 0 0 6 351
1472 A 527752 526678 60 14 142 2 0 0 0 856
1473 C 540575 39 67 540125 51 0 0 0 0 293
1474 A 529847 529125 26 22 67 2 0 0 0 605
1475 A 584583 584115 73 20 95 4 0 0 0 276
1476 T 604207 88 603468 83 22 0 4 0 0 542
1477 G 644168 480 123 93 643123 0 0 0 6 343
1478 C 661782 137 318 660805 111 0 0 2 0 409
1479 A 640625 639885 104 17 266 9 0 0 0 344
1480 G 645003 85 63 42 644396 0 0 0 3 414
1481 A 666589 665889 70 21 186 10 0 0 0 413
1482 G 554181 181 58 68 553559 0 0 0 8 307
1483 G 582126 332 135 18 581420 0 0 0 14 207
1484 A 483027 482219 87 54 171 15 0 0 0 481
1485 G 493330 120 221 13 492631 0 0 0 3 342
1486 T 472423 48 469293 70 140 0 4 0 0 2868
1487 A 466172 465348 83 92 235 6 0 0 0 408
1488 C 467322 184 248 466563 38 0 0 3 0 286
1489 G 446730 1522 354 390 444312 0 0 0 4 148
1490 A 446401 440927 1665 604 2360 9 0 0 0 836
1491 C 432176 176 696 429250 1865 0 0 9 0 180
1492 A 357899 355251 260 1071 750 1 0 0 0 566
1493 A 358660 355675 944 691 1201 1 0 0 0 148
1494 T 333104 1394 329259 598 1676 0 1 0 0 176