# amino-acid counts among definitively called codons
# POSITION TOTAL_COUNTS WT N_A N_C N_D N_E N_F N_G N_H N_I N_K N_L N_M N_N N_P N_Q N_R N_S N_T N_V N_W N_Y N_STOP
1 678635 M 0 0 1 0 0 0 3 184 62 46 678143 0 0 0 7 0 90 98 1 0 0
2 655012 A 654599 0 0 59 0 48 5 0 0 1 0 0 23 2 3 51 39 181 1 0 0
3 689174 S 31 23 2 0 70 6 7 29 4 399 0 11 239 0 10 687889 49 6 1 397 1
4 694178 Q 144 130 25 148 461 21 148 291 110 3379 17 287 28 687010 114 269 279 559 3 671 84
5 634050 G 35 61 107 0 0 633546 2 0 0 70 0 1 2 0 22 150 3 51 0 0 0
6 568397 T 71 0 0 0 0 0 6 56 0 1 0 34 6 1 0 37 568185 0 0 0 0
7 567109 K 0 3 0 61 0 0 0 21 566860 0 0 71 0 12 60 0 7 0 1 1 12
8 497569 R 0 1 0 0 0 14 1 0 0 79 0 1 24 81 497243 1 7 1 116 0 0
9 521516 S 34 15 0 0 52 4 3 22 0 56 9 30 50 16 0 521095 55 12 0 49 14
10 569427 Y 507 102 15 7 57 7 178 10 41 31 21 40 5 2 0 79 31 67 2 568133 92
11 514114 E 8 0 42 513699 1 76 0 9 97 2 1 4 1 22 9 0 8 38 42 0 55
12 483038 Q 284 81 16 16 17 6 240 125 953 80 1 84 14 480005 134 644 149 27 4 2 156
13 576921 M 5 51 24 2 1 0 31 165 32 51 576307 28 21 3 10 7 77 64 3 6 33
14 563745 E 8 0 22 563330 1 135 1 2 101 5 0 0 2 26 6 1 2 44 1 0 58
15 529548 T 76 2 0 8 0 1 15 35 1 7 0 43 21 7 2 71 529255 1 3 0 0
16 580687 D 16 0 580223 73 0 107 29 4 0 0 1 70 3 0 4 23 1 51 1 71 10
17 573867 G 13 1 0 56 0 573379 0 3 8 4 1 2 158 6 77 17 2 59 81 0 0
18 568846 E 43 7 20 568008 0 171 2 0 123 50 0 47 175 50 7 14 10 39 1 46 33
19 569118 R 6 129 1 0 2 32 226 1 0 65 1 10 69 2 568504 51 11 0 0 8 0
20 580266 Q 2 2 0 17 0 5 58 1 51 52 1 0 878 576510 188 2411 17 6 0 1 66
21 553532 N 1 5 77 1781 0 13 11 33 149 13 2 550925 27 6 22 217 222 1 0 23 4
22 560669 A 559154 14 180 52 8 80 29 49 84 20 1 8 54 68 120 146 276 305 0 0 21
23 597979 T 107 9 7 12 6 9 116 46 11 31 4 257 42 309 32 291 596613 11 48 16 2
24 569287 E 8 0 90 568629 0 118 7 3 114 15 1 6 3 33 25 51 34 88 0 13 49
25 473789 I 2 0 2 1 23 6 1 473095 51 14 17 32 63 137 184 5 56 80 1 3 16
26 517841 R 51 1 0 2 0 150 0 33 81 9 2 0 6 1 517365 56 27 3 0 7 47
27 497251 A 495880 4 0 79 0 47 16 3 6 2 3 10 23 11 665 189 103 177 7 1 25
28 538924 S 40 35 0 3 105 20 7 1 7 7 1 9 78 1 11 538491 37 3 0 67 1
29 523776 V 71 3 32 3 36 4 0 260 1 14 0 0 16 1 2 42 4 523265 0 0 22
30 543610 G 44 1 2 96 0 540292 5 0 1 37 0 0 95 2678 201 20 1 64 70 1 2
31 541003 K 1 2 1 299 0 5 4 2 540391 2 35 60 1 20 113 1 12 0 0 1 53
32 534921 M 3 0 12 0 0 5 4 166 52 48 527925 243 3 2 6 4232 74 2139 0 4 3
33 542163 I 6 10 8 2 44 10 3 539307 1 2379 13 42 1 2 3 3 127 154 41 3 4
34 534958 D 256 13 532129 342 66 134 46 29 16 59 12 111 26 601 157 501 290 102 4 57 7
35 490970 G 20 25 12 55 9 490493 1 20 0 10 2 23 4 1 114 50 11 50 3 8 59
36 516512 I 1 0 0 0 167 1 53 515995 1 18 14 28 7 12 74 6 54 70 0 0 11
37 488827 G 24 1 6 61 0 488524 7 0 2 4 0 0 0 3 84 4 0 44 1 0 62
38 438065 R 3 0 2 0 3 29 1 2 1 48 0 11 29 109 437708 5 1 2 8 3 100
39 484978 F 645 8 1 1 483924 31 0 31 6 152 4 6 23 6 28 38 21 7 0 42 4
40 470081 Y 1 84 9 1 39 5 148 4 6 2 1 45 3 2 22 7 17 0 2 469577 106
41 423484 I 11 80 0 24 20 22 21 422494 3 135 20 36 7 1 4 230 321 46 1 3 5
42 418114 Q 11 1 0 16 0 2 17 1 420 19 0 3 24 417483 62 3 4 0 0 0 48
43 406784 M 11 0 0 0 1 3 14 115 60 108 406253 2 9 5 60 5 44 45 1 0 48
44 447800 C 3 447344 0 1 38 9 0 39 49 9 0 6 4 3 68 64 0 1 33 61 68
45 434129 T 58 12 3 2 0 5 0 40 0 58 0 51 6 0 5 62 433797 28 0 0 2
46 467516 E 23 10 37 466815 12 59 0 4 70 4 0 8 9 19 365 5 2 16 4 0 54
47 541722 L 1 2 0 0 48 1 18 38 23 541407 1 1 72 1 75 5 18 11 0 0 0
48 550788 K 258 0 1 82 4 2 1 17 550048 5 0 74 19 10 60 108 42 1 0 0 56
49 555576 L 2560 4 1 7 50 72 41 50 16 551037 34 22 263 31 1005 21 167 77 79 2 37
50 552860 S 546 43 63 540 0 4034 207 53 22 29 3 53 102 81 155 546230 621 20 17 11 30
51 607159 D 24 4 606295 43 2 186 14 43 3 150 21 79 110 1 5 23 38 42 1 68 7
52 648189 Y 190 92 13 5 124 27 218 13 3 51 10 24 6 0 39 967 1132 2 25 645160 88
53 621108 E 31 1 175 620296 2 132 8 3 97 8 12 3 1 11 147 13 1 58 1 0 108
54 559564 G 116 10 1 75 1 558794 7 6 6 4 3 3 31 5 120 106 8 53 86 0 129
55 528287 R 21 15 9 2 0 97 38 9 3 74 1 1 77 153 527547 8 17 5 0 0 210
56 522701 L 47 207 26 1 9 37 7 12 0 521666 115 221 150 35 64 10 46 30 3 4 11
57 549656 I 9 0 52 13 41 25 1 545630 4 3502 76 39 15 1 41 17 85 93 1 7 4
58 530331 Q 44 5 1 30 3 12 72 0 68 64 4 30 42 529598 196 64 5 20 4 1 68
59 509171 N 46 7 96 12 6 31 2 34 74 36 1 508383 6 7 108 87 24 18 0 38 155
60 409488 S 3 52 1 3 1 79 1 34 2 10 5 37 3 1 72 409132 43 4 1 4 0
61 409254 L 11 1 0 0 38 9 1 58 2 408660 2 4 53 5 3 191 77 81 0 3 55
62 380773 T 82 11 0 0 9 16 4 74 37 20 6 9273 644 6 49 80 370454 4 1 1 2
63 400925 I 9 0 2 0 5 5 0 400109 29 55 106 3 336 3 29 6 70 87 0 1 70
64 411138 E 20 1 34 410373 15 115 15 10 44 19 0 33 127 13 15 8 37 25 0 13 221
65 392051 R 6 0 13 24 2 80 6 47 137 4 0 8 26 1 391597 36 19 6 1 3 35
66 403938 M 1 0 1 1 0 1 1 115 31 26 403636 8 0 1 6 1 51 47 2 0 9
67 385876 V 49 3 0 41 0 9 0 2 1 60 56 0 0 0 2 0 2 385651 0 0 0
68 414377 L 17 3 1 0 52 1 14 62 1 414086 0 1 88 0 14 2 4 29 1 1 0
69 431740 S 18 16 0 1 37 38 42 32 2 6 0 2 83 1 7 431286 72 0 0 54 43
70 456595 A 455123 11 341 4 1 497 16 8 1 3 2 19 20 0 2 116 147 80 0 1 203
71 441115 F 47 10 46 3 439878 149 1 20 13 100 1 1 155 0 3 60 3 23 3 592 7
72 440913 D 8 5 440403 74 1 84 19 0 4 6 0 62 4 0 50 5 23 22 110 28 5
73 407403 E 141 34 30 405342 2 75 27 1 120 3 3 0 2 23 12 37 207 1096 200 0 48
74 416101 R 2 0 0 4 1 112 4 36 82 121 2 1 13 1 415613 49 15 6 15 0 24
75 424519 R 32 38 0 4 9 59 11 2 77 3 42 25 3 0 423860 49 223 5 27 0 50
76 445072 N 34 24 71 24 0 0 3 35 38 73 0 444608 0 1 15 89 20 4 0 33 0
77 442410 K 55 259 10 115 11 30 108 151 439571 303 0 95 219 17 1162 46 24 82 0 1 151
78 343776 Y 35 50 33 0 153 4 63 13 3 2 1 19 8 0 16 9 4 1 2 343298 62
79 336118 L 52 23 1 3 0 1 0 8 23 335741 38 1 71 52 28 25 6 34 2 3 6
80 311428 E 25 1 33 310660 5 57 56 12 41 39 6 94 1 12 12 18 169 121 7 32 27
81 290881 E 2 12 23 290421 10 55 4 11 52 38 0 11 15 11 27 38 6 104 0 6 35
82 331652 H 40 3 18 9 25 4 330037 10 262 60 70 49 19 440 198 14 60 51 72 207 4
83 443255 P 107 33 1 0 8 51 54 145 6 93 64 8 441320 895 150 73 193 27 1 7 19
84 444448 S 77 757 11 1 0 1022 0 32 6 14 24 193 11 18 117 441593 489 38 24 4 17
85 466749 A 463777 4 3 48 6 114 18 4 15 10 5 7 58 3 1164 459 947 98 0 1 8
86 507476 G 93 9 3 71 4 505677 572 1 6 118 7 371 160 15 88 43 78 76 56 1 27
87 528125 K 0 0 6 143 1 4 2 1 527554 3 40 130 15 6 128 22 15 7 1 1 46
88 539220 D 6 9 538531 60 2 108 39 37 3 23 12 126 9 5 11 43 18 63 1 42 72
89 498669 P 597 35 5 23 808 252 117 17 0 119 9 11 492502 27 127 2846 61 899 10 94 110
90 500250 K 96 23 37 134 2 136 255 91 497826 318 106 177 1 6 260 408 319 16 8 0 31
91 460014 K 9 1 0 64 15 1 5 11 459710 6 0 14 4 1 101 15 6 6 2 1 42
92 419247 T 63 2 0 0 1 39 5 22 0 14 0 44 43 3 0 28 418956 4 0 0 23
93 415350 G 9 1 0 43 0 415014 0 0 2 0 0 2 52 8 93 10 6 50 1 3 56
94 392009 G 12 0 4 47 0 391805 10 0 0 2 0 0 2 1 52 1 6 22 1 2 42
95 414287 P 19 20 1 0 0 2 47 17 20 34 0 1 413864 3 6 191 61 0 0 1 0
96 455551 I 10 1 36 0 0 0 4 455067 38 134 46 1 14 4 30 4 53 55 2 33 19
97 480782 Y 10 77 6 1 39 17 89 11 1 1 0 32 2 14 5 20 7 0 0 480375 75
98 419251 K 1 1 0 76 0 0 33 3 418796 14 15 33 21 65 116 2 42 1 0 0 32
99 319861 R 2 6 0 3 8 76 4 31 220 1 0 0 4 7 319404 41 18 7 0 1 28
100 311312 V 75 12 30 65 24 8 49 76 18 260 47 6 649 9 3 52 9 309877 1 39 3
101 363764 D 4 2 363079 45 1 51 14 1 0 197 0 59 11 20 180 8 9 43 0 40 0
102 373374 R 3 7 0 2 2 281 3 32 130 342 0 2 12 3 372342 136 37 2 8 5 25
103 388625 K 253 2 1 64 0 46 10 3 387917 8 12 54 21 18 96 1 43 53 1 1 21
104 393964 W 3 50 2 1 12 11 1 5 1 50 0 1 6 1 109 47 3 8 393538 3 112
105 403622 M 14 12 4 4 12 3 21 139 30 43 402965 4 166 7 43 7 56 90 0 1 1
106 420644 R 10 0 1 3 1 79 0 0 44 0 54 0 2 0 420319 76 12 0 43 0 0
107 416148 E 3 1 43 415726 2 65 1 0 206 3 0 4 1 19 0 1 0 26 0 4 43
108 420875 L 3 5 0 0 36 44 31 36 0 420499 1 0 92 26 19 3 18 61 1 0 0
109 407361 V 87 56 27 0 27 20 8 101 0 26 0 0 7 5 8 29 3 406952 0 3 2
110 439196 L 0 1 2 3 33 5 21 81 0 438910 0 3 75 3 17 6 13 22 0 1 0
111 416978 Y 1 124 2 1 24 2 82 15 1 16 2788 15 4 2 0 1 24 47 1 413767 61
112 365642 D 12 0 364934 57 1 66 15 2 0 125 4 198 108 1 2 15 3 49 12 36 2
113 338238 K 0 0 0 48 1 0 0 18 338031 2 0 20 1 11 50 5 4 4 7 3 33
114 390105 E 4 0 28 389645 13 71 0 13 85 14 0 5 43 24 4 14 74 24 0 6 38
115 431773 E 17 0 27 431475 0 80 4 1 71 3 0 3 8 12 17 4 9 23 0 0 19
116 456461 I 2 29 0 1 7 1 4 456016 31 40 120 16 7 4 5 5 51 74 5 0 43
117 436293 R 12 20 9 4 2 77 0 0 65 5 56 1 9 6 435869 49 17 47 16 5 24
118 422513 R 1 2 0 2 0 38 1 1 1 48 0 0 32 67 422219 0 6 1 9 3 82
119 450785 I 0 0 2 0 8 1 0 450585 0 4 17 28 0 7 2 5 74 47 0 5 0
120 422741 W 4 29 4 0 0 15 0 5 1 36 0 0 1 0 109 13 4 0 422425 0 95
121 437752 R 20 120 0 0 2 52 153 7 1 65 1 5 41 0 436760 485 9 15 0 0 16
122 416456 Q 19 116 0 22 2819 53 97 318 49 49 2 0 5 408625 70 18 379 3760 1 0 54
123 474008 A 473535 2 38 15 2 45 0 1 0 4 1 2 18 0 29 81 121 93 14 1 6
124 519141 N 7 3 78 0 17 60 19 45 58 11 1 518668 4 16 10 69 10 6 36 22 1
125 504943 N 26 3 89 10 5 64 19 36 39 85 6 504211 14 17 31 189 19 12 2 56 10
126 403204 G 115 65 81 102 3 402178 3 10 1 43 0 149 1 3 49 358 4 29 4 3 3
127 401397 D 24 1 398672 57 300 81 35 22 1 90 4 119 4 218 300 32 737 610 3 52 35
128 389719 D 54 12 388623 49 3 70 17 31 21 35 1 274 13 35 11 62 64 263 0 54 27
129 397934 A 397245 1 1 61 0 92 2 10 5 82 1 11 27 13 20 126 152 80 0 0 5
130 356107 T 62 4 1 1 7 9 8 51 84 34 58 57 6 6 18 22 354567 1003 99 2 8
131 332990 A 332744 3 41 0 0 35 5 0 1 5 1 6 33 4 1 55 33 22 0 0 1
132 410409 G 17 36 38 1 1 410099 4 10 1 5 1 0 6 14 13 113 0 37 0 12 1
133 433423 L 43 0 1 2 0 1 1 19 1 433110 42 0 124 28 17 2 13 15 0 1 3
134 511418 T 91 18 1 20 0 1 7 54 0 7 0 42 13 6 17 126 510948 58 0 1 8
135 532706 H 47 27 15 8 21 5 532144 12 10 49 2 70 24 91 72 7 13 3 0 57 29
136 558178 M 10 0 4 3 35 11 7 920 34 140 556662 8 4 6 18 6 81 119 4 28 78
137 570014 M 2 0 10 0 2 3 5 142 41 43 569513 4 8 7 19 6 75 110 1 22 1
138 511881 I 22 0 0 0 34 12 3 510981 4 15 28 30 1 1 2 11 66 76 0 0 595
139 489371 W 3 82 0 1 0 27 0 2 0 40 2 0 5 0 167 23 1 0 488849 0 169
140 468142 H 2 1 37 0 0 2 467813 3 0 29 0 50 4 27 65 3 12 0 1 93 0
141 466190 S 9 26 0 0 40 2 1 0 2 2 0 0 75 0 2 465954 22 1 0 54 0
142 462249 N 1 1 53 0 0 0 6 20 25 1 0 462016 1 0 3 106 4 0 0 10 2
143 452621 L 0 0 2 0 68 6 0 4 2 452350 22 3 7 2 0 77 4 33 5 4 32
144 430589 N 10 0 74 2 0 5 4 10 37 3 2 430303 1 15 1 80 6 2 0 26 8
145 412392 D 3 0 412157 28 0 54 10 2 0 0 1 55 2 2 1 1 1 37 0 36 2
146 397961 T 122 0 21 0 0 2 3 48 20 9 2 6 6 3 23 205 397470 19 0 1 1
147 516605 T 100 1 2 5 0 0 6 60 43 0 0 2 8 3 38 37 516292 4 0 2 2
148 466042 Y 1 39 5 0 31 2 92 8 0 1 2 24 8 1 2 24 5 1 1 465692 103
149 465778 Q 1 19 0 12 2 4 56 4 35 37 0 0 20 464449 1075 2 9 6 1 1 45
150 442160 R 2 1 1 1 1 80 2 0 65 1 25 0 4 5 441883 42 17 0 28 0 2
151 472970 T 85 0 9 1 0 8 0 56 43 1 0 3 15 1 47 97 472547 2 0 0 55
152 490574 R 0 0 0 2 42 147 2 29 78 4 4 1 8 13 490167 21 16 1 7 0 32
153 530127 A 529745 1 57 1 0 35 1 2 1 23 2 1 46 1 1 75 79 38 0 1 17
154 562569 L 2 1 2 8 42 3 38 91 3 562118 2 6 87 4 76 13 14 19 2 2 36
155 569283 V 81 2 62 6 52 38 3 88 5 36 1 5 4 84 21 565 16 568144 1 0 69
156 579650 R 9 134 5 64 5 55 182 0 2 63 0 0 78 2 578838 106 2 40 17 12 36
157 582098 T 229 96 1 0 0 16 6 1911 8 7 3 34 10 30 33 281 579377 41 3 4 8
158 591155 G 60 57 140 15 3 590241 3 14 2 15 0 58 18 0 33 256 10 56 0 0 174
159 610946 M 55 5 3 13 1 3 4 234 27 360 609842 1 20 6 20 15 104 193 2 7 31
160 697236 D 13 9 696498 65 1 154 20 9 1 7 65 125 4 8 17 5 14 31 1 66 123
161 615535 P 4674 5 15 12 3 425 84 41 19 84 1 30 609533 5 79 259 115 127 1 2 21
162 578577 R 9 12 0 8 5 208 0 7 125 7 75 1 8 1 577915 79 33 8 30 15 31
163 522890 M 0 35 1 6 16 29 1 335 35 360 521737 9 0 32 14 65 64 95 41 1 14
164 511048 C 4196 505539 2 3 72 169 1 6 15 11 4 447 0 12 85 94 17 36 29 210 100
165 485104 S 99 23 6 0 40 123 7 0 0 17 5 14 207 2 5 484436 36 10 0 70 4
166 479581 L 17 1 5 8 3 4 0 5 0 479182 88 0 126 54 13 8 26 16 4 0 21
167 469337 M 9 1 2 4 0 196 0 179 29 48 468679 21 8 3 7 1 74 68 1 2 5
168 443093 Q 31 0 0 32 17 2 54 39 68 38 1 5 12 442533 128 14 1 46 0 8 64
169 409667 G 57 35 39 0 0 409365 0 5 51 9 0 0 5 0 20 29 2 42 0 3 5
170 437971 S 3 0 1 0 11 1 1 0 2 123 0 1 43 0 18 437651 34 0 17 0 65
171 430907 T 74 1 0 0 2 0 0 41 0 6 6 25 4 1 3 60 430678 2 0 0 4
172 461887 L 5 4 3 4 31 7 46 65 1 461547 3 0 114 5 5 10 13 18 0 0 6
173 588495 P 96 6 2 6 4 12 90 1 9 82 0 13 587935 4 24 77 103 17 2 2 10
174 589693 R 2 1 27 5 14 117 2 4 89 5 74 1 9 11 589182 62 32 5 34 0 17
175 459578 R 0 0 0 1 0 119 0 0 459 7 27 3 0 13 458807 38 16 4 45 6 33
176 497152 S 34 8 0 0 41 14 7 0 3 11 0 2 72 0 2 496848 38 4 0 62 6
177 519915 G 12 0 0 51 0 519620 3 4 2 11 4 1 1 1 105 1 2 34 0 0 63
178 505656 A 505095 3 47 4 0 17 2 0 28 41 4 3 27 0 8 69 111 51 0 141 5
179 525191 A 524625 3 0 76 0 52 0 0 0 5 0 0 28 1 3 85 191 121 0 0 1
180 542029 G 25 57 59 0 0 541756 0 5 3 4 1 0 2 3 18 56 0 34 2 0 4
181 544211 A 543114 2 51 0 0 220 4 2 1 28 367 0 19 12 75 108 159 34 3 3 9
182 560922 A 559464 2 1 71 4 55 41 3 2 14 0 5 32 3 7 113 717 383 0 1 4
183 609869 V 63 16 50 1 33 16 2 76 2 42 1 11 8 3 26 31 37 609431 0 1 19
184 625156 K 17 1 2 103 4 5 5 33 624595 27 0 88 9 44 157 10 12 5 1 0 38
185 539500 G 26 5 3 90 10 538860 1 2 0 8 0 0 10 2 82 1 5 32 1 1 361
186 536744 V 77 42 36 8 35 6 6 161 0 103 0 4 6 1 9 11 33 536157 0 46 3
187 532222 G 27 1 4 91 0 531707 1 1 3 3 3 0 154 11 91 14 1 54 52 3 1
188 437224 T 75 0 2 27 0 4 1 75 32 5 0 1 19 12 29 97 436821 6 0 1 17
189 365963 M 1 1 4 0 2 50 0 118 35 503 365001 5 16 4 8 21 50 135 4 2 3
190 353597 V 112 5 2 44 1 103 16 23 1 41 48 0 6 6 0 16 42 353125 0 6 0
191 340738 M 3 8 2 1 3 5 3 89 55 339 340082 5 3 1 25 2 35 59 15 0 3
192 310290 E 1 3 22 310033 5 70 0 0 33 3 1 1 2 10 3 14 2 55 0 0 32
193 388642 L 12 0 3 0 51 9 2 5 2 388128 118 0 90 5 12 140 10 28 4 1 22
194 467928 I 8 8 114 5 0 1 0 467250 26 54 84 1 31 130 8 4 85 102 2 3 12
195 443205 R 3 0 0 39 0 82 0 4 58 5 69 3 83 1 442616 57 133 5 23 2 22
196 463846 M 9 16 1 0 0 59 9 132 44 33 463220 0 1 1 12 4 58 241 1 3 2
197 495863 I 4 0 8 3 43 6 0 495441 4 8 25 69 7 0 0 3 157 78 1 1 5
198 471010 K 7 0 0 57 3 10 2 9 470024 1 0 56 1 18 127 636 21 1 1 6 30
199 443317 R 3 62 0 0 1 25 108 1 0 45 0 0 27 3 442937 42 2 35 0 0 26
200 437614 G 18 2 4 70 0 437286 14 3 0 8 0 1 4 1 88 0 2 67 42 0 4
201 434763 I 77 5 2 1 36 4 2 434310 1 7 26 19 4 1 6 6 72 181 0 0 3
202 444703 N 3 1 82 0 16 22 5 16 50 9 1 444273 18 2 2 48 7 3 1 144 0
203 415618 D 6 1 415281 27 0 52 9 1 92 1 0 63 1 0 2 2 0 38 0 36 6
204 432423 R 2 2 1 0 0 13 1 1 0 70 0 0 23 108 432073 10 2 28 87 0 2
205 447555 N 138 13 70 6 3 1 7 12 48 15 1 446602 4 0 2 177 431 2 1 19 3
206 536111 F 1 31 0 0 535635 0 1 22 43 185 0 0 0 8 4 70 5 16 2 54 34
207 551913 W 1 71 1 7 1 12 0 8 1 70 0 4 5 0 189 20 2 4 551312 4 201
208 408183 R 4 0 2 0 3 116 0 38 39 12 0 0 5 2 407884 38 10 0 1 0 29
209 429077 G 11 47 65 1 0 428782 7 1 1 3 5 12 1 4 27 61 6 39 0 0 4
210 458288 E 6 1 32 457521 0 75 1 0 78 447 0 3 6 12 0 0 4 30 0 1 71
211 444488 N 211 0 50 0 103 65 2 34 27 90 13 443056 137 1 4 160 449 65 10 11 0
212 415940 G 88 3 1 50 1 415509 2 0 1 65 13 4 1 1 105 14 1 37 0 0 44
213 406848 R 7 0 3 0 0 63 0 4 1 45 0 59 17 89 406475 0 5 2 2 0 76
214 398626 K 0 0 0 41 10 20 13 4 398312 4 1 22 10 116 46 4 7 6 2 2 6
215 395536 T 44 1 0 0 1 8 0 21 34 3 0 7 89 28 14 41 395238 6 0 0 1
216 373049 R 6 1 0 1 29 76 31 2 56 0 39 1 0 0 372694 43 57 3 8 1 1
217 344881 S 0 27 1 0 0 57 0 117 1 17 3 45 0 12 46 344466 70 19 0 0 0
218 354922 A 354559 1 46 1 0 23 1 0 7 0 0 0 19 0 0 47 92 126 0 0 0
219 348255 Y 0 41 4 0 37 0 65 2 1 4 0 6 1 0 0 6 10 0 0 348023 55
220 349877 E 3 1 234 349414 0 69 0 1 60 0 0 0 0 20 2 1 1 25 0 1 45
221 310809 R 0 0 1 4 0 92 5 25 96 7 1 2 0 1 310520 13 10 2 0 0 30
222 265374 M 0 61 0 5 5 2 1 96 25 16 265057 4 0 0 3 2 43 47 0 6 1
223 337091 C 0 336738 0 0 29 7 0 0 0 35 0 0 0 0 62 78 0 7 30 74 31
224 353074 N 0 0 50 1 2 0 49 29 198 14 0 352658 0 1 0 55 4 0 0 13 0
225 372833 I 0 1 0 0 20 2 0 372695 0 5 0 18 0 1 0 2 53 35 0 1 0
226 389943 L 0 0 0 0 29 0 47 27 0 389740 0 0 80 0 3 5 0 12 0 0 0
227 404075 K 9 0 0 56 0 0 0 22 403860 2 0 26 0 20 48 1 7 1 0 0 23
228 413380 G 17 0 0 65 0 413118 0 0 0 4 0 2 2 0 60 1 36 33 0 0 42
229 423159 K 3 0 0 72 1 16 2 10 422932 0 0 49 0 3 48 1 6 0 0 0 16
230 441101 F 0 8 0 2 440877 0 1 32 0 87 0 0 4 3 2 51 0 18 0 16 0
231 419779 Q 16 2 0 13 3 9 19 2 49 28 1 8 14 419282 253 18 4 10 0 4 44
232 405051 T 87 7 0 0 3 1 2 70 51 4 0 1 23 13 291 22 404471 3 2 0 0
233 399559 A 398719 3 56 0 0 34 2 0 0 4 20 0 122 6 2 49 507 35 0 0 0
234 350567 A 350111 6 2 55 2 46 3 65 0 2 0 7 28 1 0 70 107 60 1 0 1
235 346587 Q 2 1 0 8 0 0 28 0 49 21 0 0 9 346331 42 0 50 0 0 0 46
236 344644 R 13 2 0 0 0 126 1 6 475 5 49 0 5 2 343832 44 40 1 15 0 28
237 340673 A 339861 59 7 34 1 481 0 0 5 15 0 1 26 6 5 51 57 62 0 1 1
238 355380 M 11 8 0 1 0 3 0 143 31 23 354970 9 7 17 4 14 51 63 0 0 25
239 309252 M 355 2 0 6 0 1 0 138 28 38 308306 1 0 1 6 28 41 295 2 0 4
240 369735 D 19 0 369359 38 0 65 15 0 0 35 0 82 0 0 1 32 5 36 0 47 1
241 351679 Q 3 0 0 28 0 4 26 0 29 44 1 0 13 351413 80 5 4 1 0 0 28
242 402203 V 131 1 0 44 1 11 7 1 1 51 107 0 4 8 10 1 3 401810 0 0 12
243 402049 R 19 0 2 5 1 104 0 38 103 4 0 0 1 6 401644 37 15 15 1 0 54
244 392875 E 9 0 88 392455 0 172 1 4 45 9 0 1 13 13 6 5 5 19 0 2 28
245 413758 S 117 17 0 0 8 873 0 19 0 0 5 63 10 0 46 412569 19 6 5 1 0
246 401933 R 1 2 0 1 0 6 0 1 0 59 1 3 22 103 401664 0 4 2 51 0 13
247 404374 N 3 80 56 1 2 196 12 32 75 1 0 403803 0 6 7 66 20 2 5 7 0
248 409882 P 168 1 0 1 0 0 0 2 1 51 0 0 409485 66 23 30 30 13 9 0 2
249 412530 G 20 2 3 60 2 412204 0 0 1 24 0 2 7 2 110 6 1 20 0 4 62
250 388243 N 32 1 71 1 2 20 10 20 48 10 21 387864 25 4 16 71 5 2 3 17 0
251 409940 A 409401 4 81 3 1 34 0 169 2 19 0 1 21 1 1 43 106 53 0 0 0
252 395062 E 5 15 38 394731 4 99 0 12 52 2 0 0 8 13 3 1 2 43 0 1 33
253 414110 I 7 1 5 5 38 4 0 413790 0 12 25 22 0 1 0 4 48 143 0 3 2
254 398101 E 2 0 29 397744 0 68 0 0 154 0 0 0 0 24 4 7 0 24 0 0 45
255 404142 D 5 0 403856 27 0 68 8 1 0 4 1 35 29 0 5 3 1 41 0 18 40
256 385823 L 0 6 1 0 37 1 44 45 1 385523 2 0 113 3 14 3 0 21 7 0 2
257 389410 I 3 0 0 0 75 3 2 388432 0 693 9 40 3 1 0 17 69 63 0 0 0
258 359932 F 3 55 0 1 359676 4 0 21 1 84 0 4 0 1 1 58 0 10 0 9 4
259 357151 L 9 1 0 7 1 379 1 14 0 356563 34 1 58 43 4 7 1 14 12 0 2
260 364876 A 364335 0 31 37 2 34 6 0 0 1 0 0 25 1 10 51 236 76 16 1 14
261 321706 R 0 0 0 0 0 16 0 0 0 22 0 0 6 67 321516 0 0 0 79 0 0
262 397850 S 199 13 17 16 40 4 0 1 3 1 0 0 50 0 1 397457 17 1 0 29 1
263 389235 A 388679 28 0 56 1 38 3 2 0 1 0 36 24 2 0 108 153 95 1 0 8
264 345394 L 3 2 5 0 71 6 25 42 1 345119 0 6 64 4 6 3 12 19 2 1 3
265 363318 I 190 33 0 1 0 8 8 361060 17 54 770 4 17 3 32 16 162 906 3 3 31
266 379838 L 2 9 1 13 41 4 2 107 1 379478 28 0 1 6 2 73 2 13 10 5 40
267 367769 R 19 6 0 1 0 99 2 25 550 4 0 11 2 1 366971 39 10 2 1 0 26
268 404912 G 4 1 2 64 12 404436 0 2 1 0 0 0 56 3 81 82 3 105 56 0 4
269 419719 S 5 0 1 0 0 0 3 5 3 64 0 4 80 0 1 419430 61 3 1 1 57
270 426203 V 63 2 46 0 30 12 0 55 1 39 0 64 7 3 45 3 1 425831 0 1 0
271 410344 A 409883 0 31 1 22 64 2 0 0 1 21 1 29 0 59 57 65 65 0 5 38
272 409421 H 2 2 11 1 1 16 409017 3 6 48 0 43 15 79 101 11 4 10 0 48 3
273 411252 K 17 0 0 44 0 0 3 16 410968 12 0 52 1 8 47 4 2 9 0 2 67
274 392822 S 9 35 0 2 38 16 2 6 7 21 0 3 60 1 2 392403 151 14 1 35 16
275 365460 C 6 365077 3 0 23 25 24 4 4 10 2 4 7 1 77 42 13 17 3 52 66
276 300308 L 7 29 3 1 6 2 0 1 1 300095 43 1 24 37 14 2 0 41 1 0 0
277 246917 P 38 1 0 0 1 4 67 0 0 45 1 0 246549 0 29 103 65 13 1 0 0
278 224434 A 223997 1 48 11 4 50 0 31 4 3 7 0 31 0 21 73 94 57 1 0 1
279 199011 C 5 198659 0 5 38 18 0 0 1 11 0 0 0 4 123 24 4 5 7 68 39
280 183535 V 24 2 0 32 0 9 0 36 0 32 31 0 1 0 0 1 0 183363 0 0 4
281 122874 Y 0 21 0 1 10 0 29 4 1 12 1 25 1 1 4 2 3 28 6 122712 13
282 104710 G 78 4 2 45 0 104500 1 0 1 2 0 0 1 1 28 1 7 13 2 0 24
283 140899 P 189 2 6 10 0 1074 70 134 43 1433 40 26 137368 4 159 122 80 98 36 4 1
284 280254 A 279774 0 23 0 1 13 0 0 36 0 0 0 35 0 139 37 99 95 1 0 1
285 282691 V 53 0 2 28 1 3 9 78 4 65 0 1 10 0 2 1 3 282423 0 5 3
286 325313 A 325064 3 27 6 0 13 0 0 0 15 0 0 35 2 3 39 60 32 5 0 9
287 411295 S 0 37 0 0 3 49 0 24 0 0 0 113 4 3 82 409809 1171 0 0 0 0
288 446453 G 17 33 40 0 0 446248 1 0 1 0 0 0 0 0 14 55 0 43 0 0 1
289 446943 Y 6 85 3 0 38 2 3288 1 7 2 5 13 0 1 33 23 0 14 0 443377 45
290 487517 D 5 0 487235 32 1 54 10 0 0 5 0 112 5 0 0 2 1 23 1 31 0
291 484645 F 1 2 0 1 484358 10 0 10 3 171 0 0 0 0 1 61 3 9 1 12 2
292 489635 E 7 0 16 489077 0 182 0 12 122 5 0 1 65 8 50 28 1 27 0 0 34
293 484478 K 1 1 1 50 0 168 88 29 484014 2 0 20 1 7 66 9 6 6 0 0 9
294 476942 E 193 258 207 474996 0 372 9 0 84 34 1 269 1 373 45 17 6 44 0 1 32
295 456654 G 16 1 6 70 0 456360 0 1 0 0 0 1 12 1 59 0 2 66 0 0 59
296 396162 Y 0 54 4 0 27 0 37 1 0 0 0 21 0 0 6 3 4 0 0 395947 58
297 360766 S 4 15 1 0 34 3 5 2 0 14 0 0 57 3 3 360518 56 5 0 46 0
298 342653 L 5 21 0 0 32 0 7 25 1 342375 0 2 1 1 59 51 1 32 1 1 38
299 386679 V 52 1 2 32 0 15 0 0 1 51 60 4 5 2 6 5 8 386395 11 0 29
300 286725 G 16 1 0 81 2 286469 2 0 0 2 0 0 0 0 63 16 3 36 1 0 33
301 477015 I 12 9 1 9 0 9 2 476264 60 61 277 6 8 9 25 21 61 91 27 55 8
302 472952 D 37 1 472420 74 7 71 20 2 0 28 1 121 12 1 13 42 11 44 0 46 1
303 469684 P 24 0 8 5 0 0 46 1 0 47 2 0 469426 0 11 45 63 2 2 0 2
304 531228 F 29 9 1 33 530533 29 0 78 2 198 0 0 17 4 1 108 0 141 0 40 5
305 530940 K 11 1 0 84 2 3 2 27 530526 8 17 67 7 32 118 2 5 5 0 0 23
306 529837 L 7 2 0 3 0 2 0 13 0 529578 43 1 100 20 7 10 2 21 10 3 15
307 546717 L 11 2 0 0 54 5 16 41 0 546410 2 0 91 5 44 13 0 22 0 0 1
308 551666 Q 18 34 4 33 6 1 1862 6 58 28 1 41 13 549267 138 50 12 28 18 0 48
309 547522 N 64 1 75 45 1 640 16 31 168 44 22 544183 11 17 1563 98 386 23 116 15 3
310 536011 S 457 133 1 4 2 106 7 75 2 5 2 116 2 2 96 534723 215 45 3 9 6
311 571314 Q 127 2 4 34 1 11 21 4 65 41 0 75 12 570502 180 88 54 23 0 0 70
312 617122 V 83 8 0 46 0 17 1 107 1 97 107 0 9 10 5 8 3 616462 1 20 137
313 572178 Y 1 69 3 0 48 15 82 6 0 9 2 34 3 4 10 29 2 5 0 571747 109
314 568488 S 96 141 5 2 1 136 0 66 0 4 0 107 6 4 130 567609 96 43 10 24 8
315 552643 L 27 1 3 26 0 27 8 167 3 552085 11 2 160 44 27 6 14 25 1 2 4
316 610738 I 5 25 3 1 36 13 2 610230 0 116 36 42 8 0 7 11 83 112 0 3 5
317 557218 R 1 1 1 1 0 177 9 47 86 3 0 1 6 0 556814 28 18 3 0 3 19
318 550028 P 77 12 1 6 2 28 95 4 7 105 110 0 549228 65 133 78 63 6 6 1 1
319 559621 N 16 0 42 9 0 39 10 29 102 56 3 558309 5 5 202 222 537 12 3 17 3
320 581484 E 30 7 87 581037 0 112 0 0 83 1 0 0 0 20 2 0 3 58 1 1 42
321 605365 N 4 4 77 5 0 1 42 27 53 5 4 604977 9 7 16 91 8 16 1 17 1
322 615208 P 30 17 33 0 9 29 0 6 5 95 2 0 614684 86 31 49 78 28 5 4 17
323 622293 A 620902 0 8 80 0 63 2 52 1 73 21 40 43 16 32 635 174 132 2 6 11
324 662746 H 10 0 24 0 0 5 662219 2 0 64 1 57 33 113 80 35 17 10 1 74 1
325 664593 K 6 0 0 140 0 0 0 0 664125 2 31 59 0 11 182 3 11 3 0 0 20
326 553493 S 0 36 0 0 0 81 0 24 0 3 0 105 0 0 63 553156 23 1 0 0 1
327 548401 Q 0 0 5 31 0 1 73 6 70 33 0 0 14 547923 150 0 0 3 0 0 92
328 446034 L 2 0 3 4 1 20 60 8 2 445654 44 9 56 38 30 6 9 39 1 27 21
329 491072 V 60 9 1 36 0 25 1 8 0 87 47 4 3 0 7 5 3 490742 20 2 12
330 468493 W 2 58 25 2 0 16 1 3 29 79 0 2 5 0 95 33 2 14 467925 0 202
331 439290 M 0 6 0 16 1 14 4 266 42 177 438547 3 25 1 5 1 58 91 16 16 1
332 456355 A 455903 2 4 72 2 42 0 5 1 4 4 2 39 0 14 79 69 106 1 5 1
333 494653 C 1 493981 0 0 69 54 0 19 1 11 28 0 2 2 121 64 48 41 41 123 47
334 511160 N 2 2811 62 8 4 78 54 34 29 6 31 507835 0 22 7 108 21 3 1 35 9
335 467111 S 23 84 1 2 40 33 0 4 0 4 1 1 51 1 4 466722 26 3 1 50 60
336 449615 A 448702 84 65 3 1 58 1 4 2 350 1 2 22 4 2 65 169 79 0 0 1
337 436987 A 436378 25 2 44 0 94 0 0 2 5 1 1 25 5 239 52 56 57 0 1 0
338 451978 F 6 6 0 1 451173 50 0 25 0 87 0 0 1 486 65 62 0 8 0 5 3
339 443183 E 2 0 62 442871 0 75 0 1 60 0 0 1 0 19 0 0 0 44 0 0 48
340 409020 D 5 0 408712 21 13 54 4 0 0 1 0 71 18 0 1 3 28 65 1 23 0
341 435829 L 33 0 0 0 0 0 3 45 1 435576 0 0 80 28 14 8 9 32 0 0 0
342 423249 R 28 0 0 6 1 52 5 26 68 1 3 8 0 2 422898 105 12 6 3 0 25
343 380333 V 56 2 0 26 0 25 0 58 7 92 1 0 0 0 0 0 46 380020 0 0 0
344 373433 L 4 2 0 0 38 2 2 24 1 373260 0 0 3 0 6 37 5 11 0 1 37
345 331588 S 7 50 0 17 0 47 0 21 0 3 0 42 2 1 64 331323 9 1 1 0 0
346 301694 F 24 9 1 3 301445 9 0 6 1 90 0 0 1 1 8 51 0 11 1 28 5
347 371238 I 0 18 0 0 39 0 0 370896 0 18 12 29 3 1 3 6 47 162 0 2 2
348 349419 R 1 0 3 1 0 74 0 26 59 4 0 0 1 1 349169 23 24 1 0 0 32
349 331873 G 18 0 1 38 1 331620 83 1 0 4 1 0 0 0 39 5 0 26 31 0 5
350 416734 T 70 1 71 0 65 34 1 50 5 55 5 31 14 1 5 62 416242 1 21 0 0
351 426821 K 0 0 0 44 0 0 6 24 426458 0 0 43 0 38 173 4 8 3 0 0 20
352 449075 V 66 0 0 40 0 14 0 49 0 39 0 0 0 0 0 10 0 448853 0 4 0
353 456559 S 5 14 0 0 51 41 0 15 36 15 0 0 492 0 11 455776 29 13 0 61 0
354 430553 P 20 0 4 2 0 8 3 2 2 47 0 1 430238 67 24 54 51 6 2 1 21
355 418826 R 0 0 0 0 3 86 0 0 86 49 51 0 0 0 418469 50 11 0 21 0 0
356 368350 G 17 0 1 43 0 368129 0 0 0 0 0 0 0 0 87 0 0 39 30 4 0
357 368321 K 3 0 1 120 2 6 0 24 368003 6 0 70 1 1 60 1 1 1 0 2 19
358 376334 L 0 0 0 2 31 1 12 28 0 376129 0 4 90 0 1 1 20 10 5 0 0
359 358487 S 119 11 0 2 42 0 123 223 0 55 0 7 100 1 32 357685 38 11 0 38 0
360 435561 T 66 0 1 2 64 31 5 48 0 3 0 40 7 0 2 54 435212 23 2 0 1
361 419722 R 0 1 0 3 8 70 0 35 80 8 0 6 1 1 419441 18 13 3 0 5 29
362 404631 G 22 0 1 39 0 404423 5 1 1 0 0 5 0 0 39 1 14 45 1 0 34
363 475163 V 92 3 2 32 4 11 0 85 3 42 3 0 0 0 4 1 0 474881 0 0 0
364 477821 Q 5 3 1 23 9 19 30 26 57 123 1 5 5 477285 78 52 17 15 0 0 67
365 500131 I 2 10 0 0 26 12 1 499892 2 20 10 43 1 2 0 5 50 53 1 0 1
366 439735 A 439478 1 34 11 2 25 1 3 0 2 0 0 27 0 7 42 71 29 0 0 2
367 433466 S 55 3 0 6 7 14 2 0 1 42 2 5 43 26 6 433079 34 0 53 26 62
368 441253 N 24 0 59 24 0 18 5 299 28 2 11 440622 6 23 7 53 10 43 2 16 1
369 436036 E 11 0 19 435706 1 46 65 27 71 2 1 0 8 14 2 0 0 22 0 0 41
370 447237 N 5 8 53 0 1 0 5 26 50 69 0 446752 0 1 45 95 96 18 2 11 0
371 446479 M 1 1 1 5 2 12 3 230 28 461 445529 0 5 1 14 19 46 112 0 2 7
372 462791 D 2 16 462258 222 0 93 15 0 1 0 0 68 0 1 2 2 28 33 0 50 0
373 464697 A 464032 5 67 3 0 30 0 0 1 6 1 173 20 1 8 168 130 47 3 0 2
374 513356 M 0 7 0 0 0 12 0 276 34 60 493736 0 7 0 16 1 66 80 5 2 19054
375 487922 E 24 0 112 487007 0 200 0 13 63 357 0 15 3 16 2 0 2 33 6 16 53
376 370873 S 34 24 0 1 2 205 4 4 17 39 0 2 42 4 18 370322 100 5 0 0 50
377 376169 S 10 23 1 5 12 66 6 51 1 35 5 53 2 0 63 375741 83 4 3 4 1
378 344600 T 54 0 3 11 1 5 1 34 39 1 1 25 75 0 277 80 343992 1 0 0 0
379 347404 L 0 0 1 0 23 4 26 38 1 347120 91 1 68 0 9 7 1 11 1 0 2
380 351951 E 2 23 33 351140 0 58 0 0 53 3 0 3 11 586 0 0 0 17 0 1 21
381 356863 L 0 2 0 1 22 1 1 2 2 356683 39 1 67 14 10 5 1 7 4 1 0
382 376486 R 0 0 0 2 4 79 0 25 59 24 0 1 1 1 376199 31 11 2 0 8 39
383 430476 S 18 31 13 2 1 74 1 36 4 0 0 59 8 3 94 430001 50 71 0 7 3
384 457052 R 13 7 2 9 1 188 8 3 454 17 45 37 7 3 456067 53 76 21 38 1 2
385 541479 Y 16 67 9 1 65 28 91 3 1 17 0 63 17176 1 66 37 5 30 0 523737 66
386 524243 W 15 58 0 0 2 76 3 4 5 96 1 4 2 0 127 24 4 6 523651 4 161
387 469809 A 469130 0 56 1 0 65 5 0 0 0 0 0 43 1 20 240 146 99 0 1 2
388 528923 I 2 1 3 2 0 2 3 528464 33 71 150 2 6 4 16 8 68 68 0 1 19
389 497649 R 7 1 8 6 4 107 1 20 73 9 1 4 5 0 497332 29 15 3 0 1 23
390 513564 T 65 2 6 0 0 3 0 33 3 3 0 71 7 2 21 62 513246 19 2 3 16
391 522468 R 12 2 0 9 1 100 0 39 70 12 9 18 3 1 522075 38 18 6 0 8 47
392 499519 S 32 36 0 3 1 113 3 28 44 2 0 45 2 5 57 499108 16 14 7 0 3
393 509520 G 20 3 0 47 0 509211 4 3 1 6 0 1 0 0 79 1 0 93 2 1 48
394 475901 G 22 0 0 60 0 472883 0 69 1 1 0 0 0 0 84 0 2 56 1 2 2720
395 488030 N 96 106 72 4 7 15 25 38 80 3 0 487132 0 4 176 146 76 22 0 28 0
396 495390 T 81 46 3 0 29 31 89 67 41 91 6 82 41 53 7410 2409 484706 164 5 29 7
397 566791 N 32 99 58 0 70 29 11 39 1341 19 2 564411 0 10 218 96 67 261 6 17 5
398 565518 Q 20 69 11 23 7 14 87 13 1412 43 2 22 21 558864 4648 67 97 17 9 10 62
399 508363 Q 129 107 5 183 3 872 109 20 79 136 6 2 551 504086 1733 15 71 181 7 8 60
400 454448 R 3 0 0 10 0 185 17 1 63 4 45 0 0 0 453997 53 24 5 40 0 1
401 433474 A 411026 2 34 226 1 76 2 0 1 14 2 1 131 7 21682 98 108 57 2 4 0
402 434892 S 74 17 23 61 27 28 81 0 24 10 0 2 101 2 704 433481 38 143 0 76 0
403 430271 A 429478 14 0 69 2 77 19 0 0 20 0 19 42 5 17 174 181 141 2 9 2
404 442227 G 82 79 65 4 8 441695 0 10 1 3 3 7 0 0 10 108 22 121 1 4 4
405 442695 Q 1 1 0 16 1 7 26 0 43 49 0 2 12 442424 62 16 0 1 0 0 34
406 457374 I 0 0 0 1 28 3 2 457123 2 18 13 35 2 1 5 19 63 55 0 0 4
407 422574 S 0 15 1 0 1 117 0 19 0 4 8 59 0 0 60 422114 171 2 0 3 0
408 432906 V 108 3 1 51 0 9 0 1 0 114 105 0 0 1 4 0 1 432507 0 0 1
409 432395 Q 20436 15 0 35 11 87 147 34 41 34 78 54 7 409920 64 267 18 757 78 178 134
410 390728 P 295 43 0 4 0 16 76 0 0 38 0 0 390046 12 29 79 86 3 0 0 1
411 408014 A 407365 70 2 51 0 25 4 0 0 4 0 1 43 1 8 102 226 111 0 0 1
412 421921 F 1 12 0 0 420229 15 1 44 0 1438 13 34 0 3 6 55 2 28 0 37 3
413 383026 S 21 13 0 0 36 23 3 1 0 29 1 3 59 3 2 382749 28 25 1 28 1
414 402737 V 172 92 0 41 0 25 0 0 0 87 94 0 2 1 10 5 9 402192 0 0 7
415 415539 Q 667 9 0 51 5 60 11 7 69 170 0 23 20 406939 2022 4421 194 806 2 0 63
416 410807 R 1 12 0 18 0 130 1 28 52 4 0 2 2 3 410492 20 19 0 0 0 23
417 383790 N 4 7 56 7 2 8 136 93 70 287 0 381903 132 2 587 57 57 131 230 20 1
418 415348 L 9 79 1 2 29 3 33 109 0 414838 0 0 105 34 14 18 24 48 2 0 0
419 449393 P 47 10 0 3 1 31 12 2 32 79 1 0 448754 81 42 43 77 167 0 0 11
420 436222 F 30 9 2 22 433427 19 197 57 0 248 0 103 3 1 6 1766 69 166 4 92 1
421 448997 D 18 34 439733 78 21 88 3596 8 0 781 1721 904 2 224 69 613 61 888 0 145 13
422 435549 K 139 0 58 89 507 1967 2 18 430948 291 1 100 0 27 1096 21 171 98 0 2 14
423 428854 P 39 2 3 9 0 2156 14 134 64 64 13 9 424598 269 1171 164 86 25 2 29 3
424 439680 T 95 8 8 87 11 4 82 168 2 135 9 47 46 23 10 420 438102 384 3 4 32
425 448133 I 210 7 2 8 24 7 0 446915 0 606 17 46 5 1 8 19 132 112 0 14 0
426 437455 M 55 1292 6 18 2 6 15 167 119 193 435044 102 2 33 25 89 150 122 12 2 1
427 408022 A 400329 974 1 65 8 5183 64 8 42 19 2 378 107 2 7 63 178 439 152 1 0
428 405035 A 404240 20 6 46 2 35 9 16 13 41 3 0 24 8 127 41 284 113 0 0 7
429 399543 F 0 7 0 2 398377 10 1 23 4 126 9 6 27 5 21 54 15 13 0 841 2
430 368761 T 64 3 0 0 2 196 0 26 63 1 1 208 16 4 53 185 367792 75 66 4 2
431 400154 G 64 3 1 131 527 398429 137 136 0 58 2 13 30 11 116 35 7 156 133 162 3
432 411307 N 96 208 95 2 60 41 282 56 74 30 0 408686 39 549 169 192 279 376 4 38 31
433 441388 T 82 18 0 15 208 203 6 1681 77 318 11 2 289 118 171 59 436829 102 28 1167 4
434 452485 E 460 7 67 449826 0 135 0 6 200 38 1 16 80 24 30 1000 334 148 8 49 56
435 480301 G 24 3 10 135 0 479842 1 2 2 1 0 2 0 0 111 24 0 63 22 1 58
436 484851 R 2 0 3 14 0 105 2 40 83 3 1 2 18 1 484456 38 22 28 0 0 33
437 493101 T 83 6 398 5 0 16 3 60 46 54 1 6 4 5 24 370 491967 6 11 2 34
438 515916 S 376 3 3 5 1 65 10 3 11 70 12 0 71 9 23 514597 47 526 5 1 78
439 505701 D 8 0 504429 72 0 80 13 915 2 9 0 61 1 1 9 3 22 50 0 23 3
440 490202 M 442 6 5 4 0 23 4 165 44 68 488891 1 3 3 44 24 61 71 274 52 17
441 483060 R 20 0 1 0 0 89 0 0 53 1 56 1 3 1 482706 74 15 4 35 0 1
442 489651 A 483745 31 0 70 29 888 5 512 85 137 11 35 30 9 13 91 3833 113 4 0 10
443 503260 E 8 1 50 502882 0 89 2 2 72 6 27 1 2 19 1 10 6 40 0 4 38
444 505991 I 14 1 0 3 24 24 2 499946 29 69 3 48 9 3911 10 16 72 67 1721 19 3
445 569204 I 9 6 4 2 5 32 0 568323 40 124 139 1 0 3 173 27 149 126 0 21 20
446 516172 R 224 152 149 20 0 398 4 26 126 104 123 5 7 26 513883 244 455 38 25 5 158
447 494059 M 21 16 11 6 187 16 7 212 38 282 492315 2 3 15 527 119 71 130 4 9 68
448 488049 M 14 0 11 0 0 2 0 195 50 126 487319 5 7 90 42 21 66 98 0 0 3
449 449087 E 14 1 34 448505 4 248 1 3 50 56 1 10 9 32 4 5 9 55 2 0 44
450 464722 G 22 72 72 5 5 461732 13 44 3 60 1 286 115 4 71 100 543 74 1 1499 0
451 506995 A 493198 68 8 117 12 9757 14 6 89 303 0 546 133 2 1579 61 293 643 142 17 7
452 497383 K 6 2 0 72 14 2 2 14 496861 12 0 143 0 19 135 2 9 21 3 52 14
453 463012 P 17 8 0 2 0 262 0 0 6 75 0 0 461990 302 178 57 32 52 30 0 1
454 475325 E 1340 20 80 470695 84 1746 1 15 97 222 2 0 5 732 19 29 131 63 0 5 39
455 476224 E 68 25 108 466046 7 445 8 2167 57 170 12 34 453 3657 29 434 2046 386 1 38 33
456 479839 M 991 14 0 7 31 2027 58 214 44 94 474503 12 27 15 596 45 82 717 322 20 20
457 449698 S 22 18 31 34 52 20 5 10 2 27 1 7 95 20 3 449238 51 15 0 45 2
458 455742 F 18 12 1 0 455002 7 1 89 0 252 0 2 26 0 1 99 0 17 81 125 9
459 430156 Q 8 2 18 79 11 1835 61 4 76 209 0 81 383 420784 6413 15 45 72 4 4 52
460 383115 G 168 228 2 47 4 382029 23 1 0 45 11 3 1 8 366 30 1 121 19 7 1
461 357110 R 83 0 0 8 0 145 2 0 0 86 0 0 21 177 356483 4 0 0 101 0 0
462 317635 G 87 10 1 164 16 317043 0 1 0 2 0 0 110 3 90 9 0 32 2 0 65
463 293323 V 140 9 14 0 15 9 2 79 0 25 4 0 1 0 4 44 17 292959 0 0 1
464 305874 F 5 16 1 0 305261 4 0 31 0 116 0 0 310 0 0 72 8 24 0 25 1
465 350405 E 13 0 35 350115 0 85 0 0 76 2 3 0 0 12 7 1 7 9 2 5 33
466 288072 L 140 154 4 5 373 37 62 326 5 285464 184 4 392 397 12 59 49 54 54 291 6
467 306309 S 2 5 1 2 5 100 2 122 16 117 31 3 44 4 15 305731 41 3 13 2 50
468 334571 D 5 1143 333129 41 5 79 10 1 1 5 0 39 0 0 0 9 53 24 0 27 0
469 402469 E 37 0 28 401837 0 140 0 3 165 62 2 0 2 17 28 4 4 85 4 8 43
470 433917 R 1 0 0 0 0 101 0 0 88 18 65 0 2 7 433567 43 4 0 17 0 4
471 430619 A 430164 0 3 64 0 72 0 0 0 1 0 0 16 3 1 41 88 148 0 0 18
472 453506 A 452720 0 0 58 10 28 3 5 3 0 0 2 44 3 6 103 296 194 0 30 1
473 505924 N 18 1 66 1 0 3 7 25 49 10 0 501080 5 9 4491 79 14 10 29 26 1
474 503874 P 23 0 0 0 0 1 1 0 0 72 0 0 503471 70 71 117 47 0 0 0 1
475 483334 I 10 5 0 0 25 8 1 482984 0 60 17 40 1 1 1 5 52 114 0 10 0
476 450377 V 123 21 0 202 0 66 0 0 0 65 129 0 168 1 5 0 0 449597 0 0 0
477 445375 P 34 1 0 0 0 0 37 0 0 49 0 0 445132 0 7 63 52 0 0 0 0
478 435879 S 2 7 0 0 27 0 12 1 4 34 2 2 129 122 55 435385 26 25 0 46 0
479 506742 F 6 5 1 1 505205 8 104 674 2 344 2 3 113 0 3 123 2 12 0 130 4
480 514481 D 19 0 513547 59 0 228 27 1 3 3 1 138 100 1 5 7 53 57 3 228 1
481 465453 M 2 2 1 1 1 3 1 119 52 69 464666 1 0 17 17 4 57 83 354 2 1
482 581929 S 0 48 1 11 0 113 0 52 1 2 0 90 0 0 89 581506 15 1 0 0 0
483 660866 N 1 0 82 0 1 1 5 30 43 417 16 660179 0 1 2 59 2 0 0 24 3
484 594292 E 98 0 42 593407 1 70 0 0 100 5 11 0 0 23 3 11 21 427 6 3 64
485 536551 G 12 27 2 41 181 535775 0 0 0 31 0 0 0 4 319 2 9 54 0 21 73
486 543400 S 1 18 0 0 39 4 0 4 0 2 0 0 53 0 0 543194 37 0 0 48 0
487 543429 Y 0 56 0 0 13 0 218 5 0 3 0 11 0 0 0 2 0 0 0 543080 41
488 531399 F 0 2 0 0 531121 0 0 51 0 111 0 0 0 0 0 57 0 3 0 54 0
489 508885 F 0 5 0 2 508468 0 0 11 0 142 0 0 0 0 2 48 0 2 0 205 0
490 507793 G 14 0 1 43 1 507486 0 0 0 0 0 3 1 0 123 0 0 47 0 0 74
491 515095 D 9 0 514747 48 3 122 16 0 0 3 0 46 0 0 1 4 1 51 4 37 3
492 524800 N 0 4 67 0 0 0 9 49 59 13 5 524477 1 1 24 68 8 0 0 15 0
493 619811 A 618693 1 0 93 5 78 30 1 0 22 7 0 30 7 20 94 458 265 1 1 5
494 502223 E 8 1 105 501804 0 123 1 4 52 6 1 0 0 26 6 4 2 35 0 0 45
495 481786 E 12 0 42 481152 0 140 0 10 69 34 17 169 0 13 4 41 6 25 4 0 48
496 461746 Y 24 147 3 1 42 71 59 1 0 4 0 40 0 1 6 7 2 31 6 461220 81
497 429112 D 239 14 423470 173 202 2279 348 102 14 32 546 465 0 1 7 28 336 727 0 127 2
498 330321 N 124 38 35 10 30 352 255 434 1439 160 113 325955 23 224 370 221 403 57 12 18 48
