# amino-acid counts among definitively called codons
# POSITION TOTAL_COUNTS WT N_A N_C N_D N_E N_F N_G N_H N_I N_K N_L N_M N_N N_P N_Q N_R N_S N_T N_V N_W N_Y N_STOP
1 654185 M 0 0 0 0 0 0 5 150 65 45 653687 1 0 0 5 0 93 133 1 0 0
2 618960 A 618571 0 0 40 0 30 0 0 0 0 0 0 13 0 4 20 54 228 0 0 0
3 655260 S 63 19 2 0 147 0 10 2 0 972 0 0 162 34 8 653640 51 19 1 130 0
4 658469 Q 582 72 17 39 2882 322 67 10625 70 3652 25 5631 91 620401 174 8743 1782 100 3034 100 60
5 588711 G 157 61 129 1 0 587629 35 7 15 1 0 9 100 0 92 403 49 18 1 4 0
6 509402 T 91 0 0 0 0 0 7 50 2 2 0 18 16 2 0 45 509169 0 0 0 0
7 508277 K 0 0 0 58 0 0 0 12 508047 0 0 72 3 12 45 0 5 0 0 0 23
8 452252 R 0 0 0 0 0 19 2 0 0 23 0 0 12 60 452011 0 4 3 115 1 2
9 468541 S 981 13 15 0 55 19 5 1 0 1236 44 2 77 3 5 465792 58 9 160 65 1
10 511421 Y 79 213 5 3 24 8 863 826 8 126 23 17 27 44 5 140 77 58 1 508782 92
11 468274 E 4 15 39 467903 0 104 0 0 74 3 0 7 2 29 7 8 14 47 0 0 18
12 439748 Q 37 62 1 34 411 7 1121 10 857 449 284 312 79 426529 7718 1651 23 25 11 51 76
13 540136 M 26 0 47 60 0 3 2 145 54 49 539578 0 1 3 4 2 77 79 5 0 1
14 528254 E 11 2 25 527844 0 108 3 5 147 4 0 20 0 23 7 4 5 20 1 2 23
15 496086 T 89 0 0 2 0 1 7 68 0 136 1 30 10 1 1 32 495707 1 0 0 0
16 557869 D 14 0 557386 68 0 156 11 0 0 1 1 60 0 1 88 18 0 33 0 19 13
17 551826 G 124 1 0 57 0 551142 3 1 9 4 1 3 86 11 88 3 14 215 64 0 0
18 543072 E 21 1 128 542182 1 171 3 2 133 231 1 11 66 17 2 13 13 47 0 12 17
19 547440 R 7 128 30 0 0 19 234 1 0 47 0 3 38 1 546833 38 13 48 0 0 0
20 563043 Q 23 0 0 23 0 0 44 1 30 50 0 0 703 561870 211 0 1 0 1 0 86
21 543198 N 8 0 71 2 1 8 49 36 38 134 2 542404 46 13 81 217 23 39 0 24 2
22 561699 A 560490 7 1 42 10 31 7 1 53 1 0 0 51 19 326 222 245 177 3 5 8
23 587758 T 1417 37 7 3 331 157 262 41 26 257 9 62 65 120 488 580 583695 69 16 112 4
24 558190 E 23 2 37 557668 3 116 4 30 97 7 4 1 29 46 21 10 8 53 0 4 27
25 495714 I 0 0 1 2 37 4 6 495371 1 6 17 34 3 0 0 22 68 134 1 0 7
26 535226 R 2 0 0 6 0 174 0 33 92 62 0 0 12 1 534742 22 13 1 0 25 41
27 512378 A 511028 0 3 38 9 30 24 1 0 83 0 0 12 155 199 30 81 684 0 0 1
28 550470 S 25 30 0 1 100 97 10 0 16 9 1 8 101 11 27 549956 48 2 0 25 3
29 530564 V 76 1 39 0 17 10 1 167 0 9 0 2 0 0 93 6 27 530112 2 0 2
30 553166 G 131 0 0 51 0 551711 0 0 0 12 0 40 70 817 213 4 17 35 49 0 16
31 549275 K 2 1 1 98 0 29 14 8 548796 9 30 32 3 8 180 3 18 8 0 3 32
32 539706 M 1 0 2 1 15 5 0 102 30 39 538997 347 0 0 15 4 63 82 0 0 3
33 544975 I 302 240 17 1 33 15 0 543797 4 28 15 52 0 3 9 124 97 195 0 2 41
34 540405 D 93 38 538940 269 2 188 115 44 4 16 16 318 2 17 36 34 41 154 8 69 1
35 487109 G 63 1 0 56 3 486555 27 4 4 12 0 7 4 3 136 7 148 36 1 7 35
36 515999 I 0 0 1 1 15 5 0 515504 0 50 1 35 2 9 56 10 223 82 0 5 0
37 485497 G 23 0 1 51 0 484429 6 0 2 1 0 0 6 1 99 754 0 45 4 0 75
38 442131 R 4 0 0 0 6 20 2 3 0 56 0 5 30 106 441753 1 10 1 0 4 130
39 487813 F 33 60 0 0 487335 0 0 34 3 145 5 6 28 6 6 74 3 30 0 29 16
40 472196 Y 15 102 15 1 43 16 157 12 3 7 0 41 19 0 13 15 6 22 6 471659 44
41 423938 I 93 4 171 4 34 320 10 421400 0 30 7 32 19 85 21 344 1151 77 59 61 16
42 414885 Q 2 0 1 16 2 3 7 2 30 28 0 3 33 414631 66 2 2 4 1 1 51
43 403492 M 36 2 0 0 0 0 2 88 22 34 403150 8 12 2 2 9 59 61 1 1 3
44 425654 C 11 425257 0 1 18 65 3 0 0 10 2 3 15 1 71 52 9 0 15 95 26
45 407297 T 70 0 2 1 0 0 0 57 1 6 6 23 23 1 1 61 407045 0 0 0 0
46 443228 E 3 1 31 442941 0 59 0 1 65 4 0 14 27 15 3 6 16 22 0 0 20
47 506108 L 0 0 0 0 48 1 12 47 1 505702 0 3 70 2 9 1 29 182 0 1 0
48 510055 K 11 0 0 69 6 1 0 19 509719 11 1 68 3 1 50 2 9 3 0 0 82
49 514778 L 30 35 19 16 74 35 15 107 5 513994 1 54 112 36 28 23 37 136 0 9 12
50 515102 S 9276 331 3 40 1082 914 891 111 57 615 399 138 2344 189 329 497828 287 130 1 88 49
51 568465 D 218 17 563016 80 3 105 291 152 5 193 9 1214 28 2227 8 304 59 494 0 36 6
52 596174 Y 265 104 8 1 51 130 150 29 1 7 10 14 3 2 11 88 191 20 0 595037 52
53 562417 E 246 44 125 560849 2 217 0 16 88 9 1 33 12 86 10 373 209 55 0 3 39
54 507442 G 84 18 40 68 0 506831 1 3 4 11 0 1 13 105 102 86 6 23 41 0 5
55 482166 R 30 0 8 0 8 51 96 122 6 113 1 4 36 112 481339 5 22 52 0 14 147
56 478468 L 41 75 5 4 2 37 13 35 2 476575 40 772 222 70 27 150 154 53 12 10 169
57 507280 I 106 5 5 3 28 42 5 506157 0 56 8 32 20 3 23 30 166 581 0 8 2
58 489844 Q 21 2 31 23 1 37 29 6 47 43 1 52 62 489247 119 13 32 3 3 3 69
59 473468 N 8 8 71 16 9 131 7 38 50 25 0 471881 10 2 24 91 1035 4 15 24 19
60 386834 S 14 33 2 1 2 244 5 19 0 52 1 84 2 6 54 386208 88 15 1 1 2
61 386859 L 10 1 1 0 32 115 23 21 2 386240 0 9 9 10 15 116 26 181 1 0 47
62 360650 T 105 6 7 1 1 43 10 63 23 15 1 759 70 4 9 137 359351 15 0 3 27
63 392545 I 41 9 4 1 15 5 14 391181 31 857 110 8 13 6 12 23 146 62 1 0 6
64 405953 E 8 4 27 405576 7 108 6 18 50 18 3 8 14 14 14 25 2 21 0 3 27
65 385126 R 2 3 0 7 1 67 0 15 52 1 1 2 31 2 384852 29 6 16 1 0 38
66 401542 M 0 0 6 4 0 3 9 99 43 33 401196 4 0 9 4 3 57 71 0 1 0
67 391622 V 74 0 0 38 0 83 0 1 0 31 69 0 0 1 1 21 0 391296 0 7 0
68 421268 L 9 7 0 0 39 7 37 30 1 420779 0 67 70 51 20 136 0 11 0 4 0
69 436705 S 4 15 3 0 37 8 2 0 0 3 0 0 90 4 3 436473 28 2 0 28 5
70 464050 A 463011 7 75 2 0 229 0 0 0 7 0 0 28 0 26 170 443 45 0 1 6
71 451462 F 19 8 70 1 450575 17 0 23 52 140 1 6 6 108 260 56 2 43 41 30 4
72 451486 D 12 0 451098 58 1 93 11 0 1 2 0 57 6 1 55 1 23 42 0 22 3
73 421588 E 2 0 27 420339 1 95 15 53 160 257 0 0 1 12 5 193 102 297 0 5 24
74 429096 R 15 0 0 4 0 99 1 22 61 3 0 0 2 1 428813 34 9 0 0 0 32
75 438783 R 1 6 24 1 1 96 11 2 87 0 33 2 2 1 438451 28 10 0 27 0 0
76 474589 N 33 4 88 16 7 1 2 87 49 7 0 474034 0 19 1 121 13 11 77 19 0
77 475019 K 19 145 3 85 6 74 2 53 473352 35 179 460 5 11 338 21 60 101 6 3 61
78 363979 Y 7 33 3 0 28 2 141 7 0 0 0 37 1 1 8 5 1 70 0 363614 21
79 356613 L 0 2 0 18 0 2 9 30 1 356354 24 0 96 33 11 4 5 12 0 0 12
80 329024 E 8 1 31 328567 75 81 14 15 46 6 1 9 6 30 6 26 7 53 2 20 20
81 311872 E 5 0 30 311537 3 65 6 3 58 17 4 23 2 11 10 18 23 38 0 1 18
82 356121 H 8 139 10 3 6 3 355470 8 9 23 37 87 8 45 87 48 36 38 16 40 0
83 460755 P 84 5 1 10 7 13 69 8 2 46 1 13 460100 131 24 104 30 45 10 1 51
84 460329 S 3509 18 0 1 2 453 39 36 10 16 70 96 10 17 82 455830 117 13 6 1 3
85 486179 A 485230 1 2 42 3 93 8 1 6 57 5 37 48 3 133 112 286 106 0 0 6
86 537061 G 70 1 2 71 0 536019 43 4 9 60 0 67 12 60 150 338 16 78 46 9 6
87 560779 K 7 7 0 199 0 3 6 5 560103 3 27 123 6 6 135 21 13 22 1 0 92
88 571006 D 9 30 570437 68 10 120 17 24 1 15 1 87 2 3 7 24 9 65 0 28 49
89 519688 P 375 84 3 13 60 77 92 15 1 130 4 18 517830 3 35 95 49 489 78 21 216
90 521061 K 28 10 3 87 9 60 156 88 517669 346 25 1235 1 228 765 69 190 30 41 1 20
91 476323 K 2 0 1 70 0 1 11 4 475912 4 0 19 2 1 98 4 10 3 2 1 178
92 427340 T 53 0 1 0 8 2 0 22 0 4 2 34 33 0 1 23 427150 0 2 0 5
93 423432 G 8 0 0 39 0 423212 0 1 1 0 4 1 0 27 72 1 5 16 3 3 39
94 397825 G 9 3 1 46 0 397512 4 1 0 9 0 0 1 0 63 1 0 17 2 0 156
95 414395 P 13 0 1 0 1 70 34 1 0 41 0 2 414102 4 17 56 33 15 0 0 5
96 454436 I 5 23 0 4 17 1 1 453861 27 89 57 3 19 1 8 6 83 193 0 23 15
97 483505 Y 14 74 4 3 152 1 85 16 10 25 2 47 5 11 13 16 7 36 0 482944 40
98 415409 K 24 9 2 97 0 2 34 9 414458 152 23 76 6 19 290 101 34 45 2 5 21
99 312360 R 1 1 2 6 0 66 3 23 69 7 0 0 3 0 311987 24 140 0 0 0 28
100 308772 V 533 26 3 28 0 36 71 176 4 4147 1 25 278 44 81 119 150 303025 3 2 20
101 368216 D 24 2 367611 26 0 55 16 25 1 37 0 78 89 5 16 76 57 71 0 23 4
102 378511 R 0 0 0 0 1 85 2 23 72 12 0 2 17 7 378103 114 13 5 2 10 43
103 398182 K 13 4 1 61 0 13 4 0 397481 7 8 341 7 4 134 42 31 9 1 0 21
104 408761 W 1 28 0 1 23 9 1 4 1 28 0 0 16 0 81 28 20 5 408357 1 157
105 419652 M 4 1 9 1 73 14 15 102 42 51 419043 0 17 5 23 49 49 115 4 31 4
106 438941 R 4 0 0 6 0 101 1 0 65 2 41 0 0 1 438617 41 15 10 33 1 3
107 435794 E 2 4 40 435379 0 56 0 0 225 1 1 4 9 16 1 0 1 24 0 0 31
108 435714 L 5 0 0 0 42 10 36 34 0 435439 0 0 107 0 9 10 11 11 0 0 0
109 421737 V 72 7 30 30 19 18 0 111 9 22 0 0 0 6 6 36 12 421351 0 0 8
110 457997 L 0 0 0 0 49 0 19 36 0 457764 0 3 94 0 10 6 1 12 0 0 3
111 450599 Y 2 98 4 0 114 3 107 0 2 144 31 24 6 5 0 8 1167 71 0 448760 53
112 398181 D 14 2 397558 68 0 95 12 0 0 87 0 183 2 1 3 4 2 49 0 95 6
113 366453 K 0 0 0 52 4 0 9 22 366227 9 0 18 4 27 53 1 1 2 1 1 22
114 441573 E 3 0 39 441177 0 91 5 5 83 4 0 2 3 23 6 2 6 16 68 6 34
115 495125 E 4 3 18 494798 1 94 1 12 86 16 0 4 1 5 18 4 11 30 0 0 19
116 522875 I 20 24 0 0 5 17 7 522329 38 46 122 15 13 1 7 7 121 86 0 4 13
117 494036 R 2 22 1 8 23 156 48 9 163 475 49 20 6 36 492377 50 333 126 25 98 9
118 480590 R 4 5 0 0 0 25 8 3 1 35 0 0 22 98 480174 1 0 2 0 5 207
119 508847 I 0 3 1 1 9 3 0 508614 0 13 7 41 5 0 2 10 64 72 0 0 2
120 480002 W 0 24 0 0 4 24 0 0 1 21 10 1 4 3 129 11 2 5 479625 1 137
121 491836 R 5 134 0 3 5 28 151 0 0 169 0 8 26 7 491227 42 18 4 0 2 7
122 466723 Q 1 3 3 11 3 14 78 687 26 203 2 1 12 465492 96 2 8 20 2 3 56
123 538002 A 537214 13 31 0 2 116 1 0 0 41 1 2 21 4 109 179 164 103 0 0 1
124 599869 N 1 53 96 11 16 1 30 53 63 7 0 599020 7 15 9 401 9 0 1 41 35
125 585106 N 19 13 133 0 10 38 6 69 48 142 6 584180 3 1 26 212 26 24 1 52 97
126 455331 G 78 38 68 1 0 454457 11 2 3 166 16 5 19 8 125 165 130 32 6 0 1
127 452407 D 423 58 449797 75 30 567 16 289 0 123 1 123 240 19 323 24 74 117 5 90 13
128 440732 D 368 56 438086 133 82 137 133 14 25 85 10 113 45 19 19 137 203 142 0 919 6
129 444819 A 444015 4 2 23 10 102 11 2 4 34 3 19 13 1 43 52 322 149 0 1 9
130 394635 T 60 0 0 0 1 0 14 44 114 13 0 2 24 2 25 51 394270 14 0 1 0
131 366348 A 366005 8 22 0 0 13 12 0 0 0 0 0 159 2 0 50 34 41 0 2 0
132 437213 G 12 21 56 0 0 436969 0 18 0 14 5 3 0 5 20 76 1 11 0 0 2
133 460421 L 9 0 9 0 1 3 2 41 56 460043 36 6 133 24 10 8 8 24 2 1 5
134 538042 T 115 23 7 0 4 3 2 57 0 2 0 21 29 7 1 72 537656 40 0 2 1
135 560701 H 16 0 18 3 0 29 560188 6 13 73 0 39 36 59 119 17 7 4 0 66 8
136 596581 M 2203 133 9 22 19 25 7 1075 48 328 590678 13 11 1161 27 27 501 271 2 4 17
137 608732 M 17 1 0 0 1 0 5 152 48 41 608216 1 17 2 7 1 91 124 1 4 3
138 537129 I 7 1 1 0 42 13 1 536799 0 43 18 43 10 0 3 6 63 65 5 2 7
139 507629 W 7 43 0 2 1 24 26 0 2 36 2 1 2 11 181 30 9 0 506994 13 245
140 482184 H 0 0 20 0 0 11 481834 3 0 31 3 50 13 39 56 4 7 12 0 101 0
141 478574 S 7 23 1 0 38 14 0 9 0 2 2 3 103 0 1 478311 29 1 0 25 5
142 474508 N 0 2 56 0 0 6 13 24 27 3 0 474238 46 0 4 53 7 5 0 22 2
143 464655 L 0 0 1 1 39 50 4 97 0 464277 22 5 8 1 2 69 27 9 3 5 35
144 446544 N 10 5 106 3 0 1 3 25 44 1 0 446217 0 0 0 59 32 0 0 38 0
145 435243 D 7 0 434891 36 1 124 9 2 4 0 2 48 2 0 2 4 51 35 0 20 5
146 424003 T 130 0 0 0 0 3 0 55 22 0 1 2 4 2 11 38 423727 5 0 2 1
147 533560 T 121 32 1 0 1 2 8 55 33 0 0 3 5 3 12 41 533206 33 0 2 2
148 482713 Y 0 57 4 1 35 8 53 7 0 3 0 33 7 0 4 13 5 0 0 482444 39
149 482351 Q 5 0 1 14 3 3 30 7 24 29 1 2 24 481995 141 2 8 6 0 0 56
150 452477 R 1 1 4 6 0 125 1 0 58 3 20 0 1 2 452188 33 13 0 19 2 0
151 491294 T 106 0 2 2 1 7 1 56 35 7 2 2 11 2 9 64 490984 0 0 1 2
152 515300 R 6 0 0 14 1 118 35 31 81 7 1 1 7 10 514877 26 15 0 2 13 55
153 567089 A 566793 3 33 1 5 20 1 3 3 5 0 2 16 6 1 49 97 39 2 6 4
154 603187 L 1 3 2 4 51 13 33 125 4 602594 0 1 84 2 13 12 5 228 0 1 11
155 612957 V 106 4 63 0 14 48 1 86 0 9 1 0 1 0 14 8 3 612589 0 3 7
156 622869 R 27 126 0 2 1 34 230 1 2 43 0 0 33 1 622306 46 1 5 0 5 6
157 626982 T 173 12 0 0 3 10 8 189 2 17 1 23 29 4 15 6952 619467 62 0 0 15
158 639131 G 103 46 210 5 0 637834 111 4 1 198 24 9 10 6 44 418 41 44 0 5 18
159 656691 M 21 1 11 1 7 6 9 342 42 558 655393 2 12 10 23 9 86 135 5 3 15
160 736784 D 9 6 735967 129 0 161 270 23 0 7 0 72 2 7 12 5 3 66 3 25 17
161 652817 P 43 13 1 2 1 247 53 5 18 103 3 1 652022 9 42 160 63 9 2 3 17
162 616013 R 1 0 4 8 7 236 8 18 82 15 30 6 22 2 615430 37 21 3 22 3 58
163 565018 M 38 24 1 6 1 20 0 175 27 456 562907 13 1 6 25 15 475 810 3 2 13
164 554413 C 9 553069 1 3 39 5 1 55 8 18 135 3 11 12 66 289 13 383 19 229 45
165 521443 S 158 22 2 2 42 42 1 7 2 9 0 26 92 5 5 520936 45 1 2 40 4
166 519810 L 8 8 1 738 1 13 3 46 5 517769 37 0 136 950 7 65 5 14 0 0 4
167 508549 M 1 10 1 0 1 0 0 220 42 66 508004 1 0 0 5 3 70 100 1 0 24
168 473483 Q 15 8 2 13 0 4 56 11 37 26 0 5 28 472919 194 11 2 3 2 2 145
169 438923 G 32 15 36 0 1 438699 0 14 6 6 0 6 1 0 17 52 9 25 1 0 3
170 471079 S 7 1 1 0 1 1 4 5 1 159 0 0 54 2 7 470738 53 8 13 2 22
171 462242 T 80 7 1 0 0 3 1 42 0 4 8 17 11 8 11 57 461978 11 0 1 2
172 495101 L 172 9 0 5 35 3 41 77 0 494477 1 8 155 15 20 55 10 12 1 0 5
173 645293 P 147 0 4 1 3 11 59 18 3 92 0 9 644484 162 15 108 64 13 0 21 79
174 652608 R 0 0 4 1 0 128 0 22 65 9 41 65 10 3 652120 39 30 0 39 5 27
175 529737 R 0 0 1 2 0 138 0 0 52 6 19 2 3 0 529435 41 10 1 27 0 0
176 568609 S 15 11 1 1 41 4 0 20 0 5 0 0 88 2 12 568324 33 7 2 40 3
177 589417 G 11 1 0 70 0 589126 0 7 0 2 0 0 1 0 128 2 0 27 4 0 38
178 564237 A 563694 0 36 1 0 12 1 5 9 4 1 10 171 3 2 124 83 77 0 1 3
179 580687 A 580171 11 0 32 0 32 0 0 0 2 0 0 14 0 0 46 253 125 0 0 1
180 592352 G 37 32 52 1 2 592099 2 1 1 4 0 5 0 1 17 62 1 25 2 1 7
181 587707 A 587023 1 37 31 0 17 13 6 11 9 0 8 31 70 16 173 204 54 0 0 3
182 603858 A 602644 2 2 49 0 70 13 1 3 12 2 197 18 2 6 64 263 296 1 0 213
183 658253 V 129 9 40 1 17 11 0 65 1 11 2 2 10 6 1 23 9 657912 2 0 2
184 671694 K 3 10 0 113 0 183 4 42 670954 5 0 110 2 75 89 11 10 1 1 2 79
185 568865 G 75 0 5 85 0 568402 0 1 1 3 0 3 1 14 184 6 15 25 1 9 35
186 558804 V 76 15 38 1 45 28 147 162 9 44 6 3 39 3351 12 24 177 554620 5 0 2
187 553273 G 39 4 4 77 0 552873 3 0 6 2 0 1 23 2 109 8 5 36 57 4 20
188 440821 T 96 0 12 3 0 8 15 52 15 9 0 3 16 9 16 82 440484 1 0 0 0
189 366922 M 15 26 0 4 1 41 1 114 23 77 366388 3 6 2 11 28 95 68 7 11 1
190 356169 V 231 5 6 46 5 620 0 13 1 33 49 9 3 3 1 16 136 354983 1 4 4
191 343404 M 2 0 0 0 3 3 0 87 32 70 343076 4 0 4 8 0 42 70 2 0 1
192 318225 E 7 0 12 318010 0 96 0 1 32 0 0 0 6 3 1 0 0 31 0 0 26
193 394779 L 0 6 2 85 26 85 2 3 38 394183 134 3 4 1 3 66 23 86 2 0 27
194 474560 I 7 4 5 65 3 20 2 473886 27 69 88 1 0 21 137 11 83 121 0 2 8
195 449192 R 3 0 1 0 0 122 7 0 59 8 50 1 2 0 448877 27 5 1 27 0 2
196 471831 M 2 1 1 0 0 15 2 106 46 35 471443 2 6 11 5 8 68 69 2 0 9
197 509405 I 539 32 25 8 43 3 2 508351 0 7 18 81 2 3 2 21 172 94 0 1 1
198 483244 K 0 0 0 59 2 0 0 4 483003 1 2 55 0 33 66 5 6 0 0 0 8
199 452755 R 4 56 0 3 0 11 96 0 5 31 0 0 9 0 452505 30 1 4 0 0 0
200 448483 G 15 0 1 80 1 448189 0 5 1 1 4 0 3 2 97 0 1 42 38 0 3
201 448416 I 39 3 2 0 48 4 4 447900 0 17 13 25 1 0 0 7 79 272 0 1 1
202 462579 N 2 0 97 0 1 2 35 30 39 6 5 462206 5 4 15 80 21 13 0 17 1
203 437604 D 8 1 437383 33 0 53 8 4 1 6 0 47 0 1 1 0 2 32 0 21 3
204 454983 R 21 0 2 10 0 10 0 1 0 34 0 9 14 114 454625 2 1 5 102 30 3
205 475751 N 35 2 66 3 1 33 10 13 44 12 0 475325 2 1 1 145 24 3 10 20 1
206 565218 F 2 3 0 0 564863 2 0 29 0 162 0 1 20 2 2 82 4 18 0 25 3
207 582847 W 4 41 1 5 5 14 0 3 0 52 0 0 0 2 233 28 0 0 582274 2 183
208 431007 R 1 0 0 0 0 126 2 25 26 3 0 2 7 4 430686 63 13 2 2 0 45
209 467496 G 7 26 71 0 2 467292 0 0 0 1 0 15 0 3 6 57 0 16 0 0 0
210 497484 E 5 0 42 497097 0 104 0 0 83 0 0 0 1 8 42 8 2 37 8 1 46
211 482324 N 3 3 128 1 0 8 16 41 43 78 467 481203 73 0 4 100 23 97 9 15 12
212 451991 G 18 3 8 48 0 451715 3 1 10 9 13 2 0 0 100 1 0 27 1 0 32
213 442798 R 1 0 3 6 3 11 2 0 0 24 0 2 10 93 442525 2 5 6 0 0 105
214 435787 K 128 2 1 59 0 0 6 12 435268 25 0 29 0 10 207 0 8 16 9 1 6
215 436441 T 32 0 0 0 1 43 0 38 28 1 0 11 63 30 8 354 435807 25 0 0 0
216 406841 R 0 1 0 0 0 82 2 0 55 1 46 3 0 1 406587 44 3 0 13 0 3
217 378415 S 87 44 0 5 0 126 1 12 2 21 7 105 1 5 77 377836 48 33 1 4 0
218 398186 A 397947 0 18 4 0 14 0 0 0 0 0 0 20 2 0 53 85 43 0 0 0
219 395773 Y 0 78 3 2 26 8 79 1 0 7 0 9 2 0 2 7 22 1 0 395475 51
220 409075 E 5 0 5621 403193 0 87 0 2 64 2 5 1 0 11 1 10 0 41 0 2 30
221 371204 R 1 0 0 13 4 75 0 7 38 2 0 1 0 1 371007 21 7 0 0 0 27
222 326376 M 3 1 0 1 17 15 0 80 27 21 326081 6 1 1 3 11 46 59 0 3 0
223 405170 C 1 404833 1 0 23 8 0 0 0 7 1 0 0 1 69 70 0 5 26 101 24
224 417514 N 2 0 75 0 0 1 13 39 31 1 0 417255 0 0 0 68 6 0 0 23 0
225 431821 I 0 1 0 0 20 1 1 431631 0 7 4 13 0 1 1 14 63 50 14 0 0
226 449331 L 1 0 0 1 35 5 54 21 0 449097 0 3 92 0 4 6 0 12 0 0 0
227 462446 K 0 0 0 60 0 0 0 28 462230 2 0 19 0 20 64 0 2 0 0 0 21
228 470266 G 18 0 0 77 0 470034 0 1 0 4 0 0 3 0 69 5 0 30 0 2 23
229 479454 K 1 0 1 72 13 2 0 15 479205 0 0 66 3 1 53 0 2 0 1 0 19
230 497470 F 3 6 0 35 497053 7 46 43 0 150 0 1 1 3 0 82 9 2 1 28 0
231 469046 Q 7 1 0 16 2 4 37 0 38 26 0 1 38 468619 181 20 4 7 0 1 44
232 442416 T 73 2 2 0 0 8 2 51 26 25 0 112 105 6 10 31 441960 3 0 0 0
233 436923 A 436423 0 39 2 0 3 2 0 0 11 20 1 148 1 8 20 194 50 0 0 1
234 385699 A 385297 0 11 28 0 14 8 0 2 5 1 1 32 0 1 52 174 69 3 0 1
235 372861 Q 20 45 1 10 0 340 31 0 38 213 2 0 73 371949 51 3 30 11 0 0 44
236 367037 R 0 1 0 0 0 162 0 1 87 4 26 1 16 0 366673 27 11 8 19 0 1
237 363350 A 362994 3 1 10 0 59 0 1 0 3 5 0 20 14 2 69 65 104 0 0 0
238 379428 M 8 5 14 5 0 4 1 97 32 26 379047 16 3 25 12 14 46 61 1 0 11
239 336727 M 16 0 2 3 1 13 2 175 20 39 336169 1 4 5 22 11 71 172 1 0 0
240 402866 D 30 2 402516 54 0 97 10 4 0 1 1 60 0 4 13 4 2 42 2 22 2
241 383728 Q 0 0 2 12 0 9 21 0 22 32 0 12 12 383455 102 5 1 0 1 0 42
242 441817 V 72 3 1 58 8 17 0 4 2 19 98 0 5 9 16 11 9 441479 1 5 0
243 441031 R 1 3 19 4 0 80 3 32 101 2 0 3 8 0 440661 58 11 1 0 1 43
244 436098 E 6 0 14 435820 1 103 0 9 67 5 0 1 4 16 10 2 3 16 1 0 20
245 469859 S 1 9 1 0 0 194 2 12 0 15 0 60 73 12 55 469398 13 12 0 1 1
246 459332 R 0 1 0 0 0 17 1 0 0 32 0 1 15 129 458955 13 18 1 93 39 17
247 465640 N 2 3 79 18 4 4 3 36 79 15 4 465266 3 0 6 69 26 3 0 19 1
248 486427 P 1177 5 0 2 1 51 1 0 0 51 0 2 484488 48 11 53 517 8 5 0 7
249 507777 G 46 1 0 76 0 507456 1 1 1 5 0 2 3 3 102 1 1 19 0 2 57
250 485484 N 45 268 107 0 0 2 7 22 48 13 22 484767 5 12 30 81 11 7 9 18 10
251 519333 A 519023 1 48 0 1 19 0 0 0 8 0 0 5 4 2 21 98 103 0 0 0
252 500282 E 19 0 31 499952 0 102 0 0 79 4 0 0 2 11 3 2 2 35 0 1 39
253 524635 I 13 1 2 1 40 4 0 524273 19 11 31 38 1 1 9 11 61 106 7 5 1
254 508434 E 5 1 33 508068 0 75 0 0 161 0 1 0 0 23 1 1 4 29 0 0 32
255 514084 D 6 0 513835 26 2 64 4 0 0 0 0 37 3 1 2 0 3 54 0 41 6
256 490356 L 8 17 0 11 35 87 50 34 2 489910 0 1 118 0 14 22 36 11 0 0 0
257 492538 I 1 20 0 0 149 148 4 491884 0 116 6 41 14 8 3 12 62 68 0 0 2
258 447459 F 13 8 0 0 447172 8 0 24 5 120 2 2 3 1 7 60 0 9 2 16 7
259 435966 L 10 17 1 1 6 30 0 76 1 435543 29 3 93 35 16 65 4 21 4 3 8
260 442120 A 441741 2 0 39 1 33 5 0 2 3 2 0 23 0 0 28 104 128 1 0 8
261 374789 R 1 0 0 3 0 13 0 1 4 22 0 0 7 75 374559 0 1 0 102 0 1
262 458333 S 102 23 0 0 46 3 1 1 0 5 0 4 71 195 2 457550 30 269 0 29 2
263 450037 A 448799 1 10 32 0 86 1 1 0 5 0 155 18 2 4 58 595 262 3 0 5
264 385120 L 46 11 2 0 60 30 47 20 14 384735 0 0 89 2 5 8 24 15 1 10 1
265 420272 I 26 140 2 0 0 13 10 419087 25 242 84 1 108 7 6 80 100 334 0 4 3
266 437754 L 2 0 1 30 45 39 11 15 555 436703 38 0 6 1 37 89 83 60 6 4 29
267 427040 R 1 1 1 3 0 107 0 19 101 2 0 2 0 11 426704 36 23 0 0 0 29
268 472063 G 11 22 0 48 0 471264 10 0 0 1 0 0 5 1 111 392 93 47 36 0 22
269 534083 S 14 0 0 0 0 2 5 4 0 57 0 1 90 1 2 533696 152 8 0 0 51
270 550802 V 67 3 48 0 27 8 10 78 1 61 2 3 5 56 5 8 10 550409 0 0 1
271 543546 A 543169 1 31 1 1 27 1 8 0 8 0 0 17 3 2 37 151 78 0 0 11
272 561937 H 16 0 52 0 2 4 561490 2 0 78 1 37 14 50 72 17 5 7 0 80 10
273 567834 K 8 2 3 58 8 0 0 42 567466 7 6 73 5 24 59 3 8 8 1 0 53
274 558038 S 4 2 0 0 41 18 0 3 0 24 0 0 65 3 5 557796 41 0 6 22 8
275 527802 C 143 527032 0 5 14 23 1 13 7 9 7 11 22 0 101 120 90 33 4 63 104
276 457210 L 5 6 1 0 0 6 4 6 7 456780 40 76 42 114 19 15 27 60 2 0 0
277 392686 P 57 6 0 5 3 37 53 18 0 65 15 3 391771 30 25 491 101 2 0 1 3
278 365605 A 364553 32 34 3 20 96 0 0 4 78 13 0 168 6 5 39 271 280 0 0 3
279 334077 C 210 332176 0 0 17 515 2 0 0 397 11 99 9 2 205 138 41 122 11 83 39
280 319279 V 111 3 1 32 1 20 2 112 9 28 110 0 14 0 16 7 17 318786 7 3 0
281 235102 Y 5 38 12 5 16 1 53 0 0 4 2 13 4 8 8 7 1 4 13 234867 41
282 197578 G 120 2 11 47 14 197054 0 19 16 64 0 0 6 5 74 31 18 39 2 30 26
283 253392 P 3447 26 7 227 82 37335 1223 15 8 741 294 252 197696 4996 3188 1879 217 1417 340 1 1
284 392305 A 390642 1 27 0 24 12 1 0 53 0 0 0 25 15 836 87 203 116 253 3 7
285 365185 V 55 0 1 20 0 117 134 120 0 70 334 0 25 0 5 62 10 364216 0 15 1
286 404329 A 404033 5 21 0 0 8 3 0 0 4 2 1 24 13 2 71 67 41 34 0 0
287 479066 S 0 37 0 0 0 72 0 15 1 1 7 129 3 7 2091 476655 47 1 0 0 0
288 528642 G 70 101 65 14 24 528184 0 54 0 0 0 1 1 0 14 94 0 19 1 0 0
289 529072 Y 202 105 6 0 35 53 22068 8 200 627 3 136 3 1703 495 78 0 20 0 503302 28
290 560182 D 6 1 559889 35 1 69 6 0 0 0 0 123 1 2 4 0 2 22 0 13 8
291 544125 F 348 208 1 0 539290 695 0 35 61 228 17 0 77 5 113 380 3 46 0 2611 7
292 549070 E 16 17 18 548346 1 123 0 1 149 163 69 8 10 10 26 3 8 67 0 7 28
293 544288 K 3 3 13 178 0 8 0 21 543377 1 1 17 3 6 615 7 1 23 0 2 9
294 536266 E 11606 26 46 516233 0 726 1391 6 296 109 1 5 11 451 215 7 437 4676 0 0 24
295 517422 G 15 0 7 78 0 517152 0 14 0 0 0 0 0 1 68 0 1 49 0 0 37
296 449542 Y 1 86 2 1 34 2 87 5 0 7 15 26 3 12 3 5 5 1 0 449203 44
297 407587 S 2 8 0 0 22 4 0 0 0 16 0 0 68 0 0 407370 31 1 0 27 38
298 350481 L 0 0 7 1 28 0 0 6 1 350326 7 1 2 1 5 53 0 3 0 0 40
299 385901 V 48 0 0 34 1 19 0 0 1 30 46 0 0 1 2 6 3 385681 9 0 20
300 299717 G 11 0 1 57 3 299533 1 5 1 4 0 0 1 0 45 1 0 18 3 1 32
301 451772 I 5 0 0 8 14 6 3 450402 80 83 163 21 8 29 459 102 88 174 0 104 23
302 451762 D 75 63 449920 42 6 74 14 1 3 84 0 174 948 55 66 21 30 90 17 72 7
303 430770 P 1704 0 1 2 1 46 42 0 0 51 2 0 428845 9 3 34 24 3 2 0 1
304 483905 F 2 5 4 3 483446 34 1 49 1 133 4 2 0 0 4 99 1 70 1 45 1
305 486665 K 41 7 1 105 3 562 4 41 485018 32 0 54 3 401 169 34 167 6 0 1 16
306 479913 L 546 157 0 4 9 130 65 56 5 469640 23 1 101 1726 5986 228 1182 26 27 1 0
307 497776 L 30 2057 24 1 38 8 13 30 18 495365 0 0 94 2 13 5 39 30 2 2 5
308 502439 Q 339 27 0 32 17 183 287 48 40 71 100 8 15 500089 160 24 7 738 210 1 43
309 495780 N 120 9 59 5 36 2569 28 158 355 135 1 477613 340 149 12541 629 966 28 12 26 1
310 485640 S 4108 1950 2 6 0 1095 577 816 0 258 36 153 3 160 186 476167 56 48 2 7 10
311 521426 Q 2 0 2 15 0 392 29 2 63 34 1 21 16 513764 2805 511 3701 7 1 15 45
312 568434 V 162 5 2 126 0 32 85 117 0 98 80 0 7 698 7 16 44 566244 702 3 6
313 531424 Y 11 99 9 0 48 22 69 8 2 30 0 26 18 2 32 13 12 6 5 530962 50
314 533628 S 462 61 3 1 12 361 5 39 0 7 0 116 19 5 85 532409 37 6 0 0 0
315 534014 L 15 199 4 2 119 10 3 69 3 532881 2 11 182 46 203 73 145 33 2 4 8
316 576781 I 37 105 0 0 42 4 0 576192 0 101 17 38 35 1 5 9 71 120 2 1 1
317 542544 R 1 5 2 0 3 180 2 13 85 9 0 2 0 3 542168 28 14 8 0 0 21
318 551871 P 287 125 18 3 7 83 4 3 14 231 1 19 549567 103 680 371 162 90 3 100 0
319 563599 N 10 10 65 9 7 292 15 115 232 73 8 557236 4 0 152 139 18 5190 1 19 4
320 582025 E 6 2 37 581595 5 121 0 1 95 5 2 0 1 14 7 16 1 79 0 2 36
321 615095 N 10 4 89 2 3 19 3 39 68 7 1 614284 2 2 370 88 10 14 4 72 4
322 624427 P 17 15 1 1 7 13 0 1 0 113 42 23 624004 46 19 57 58 7 2 0 1
323 632939 A 631827 1 1 53 41 97 22 23 2 36 7 0 19 150 173 179 126 164 1 12 5
324 679548 H 1 0 15 7 1 0 679108 1 1 70 0 37 23 78 100 4 25 0 0 76 1
325 679610 K 0 0 0 216 0 0 0 0 679078 4 57 38 0 10 166 3 14 0 2 7 15
326 574632 S 0 37 1 0 0 89 1 19 0 3 0 115 2 3 62 574287 9 3 1 0 0
327 569317 Q 1 2 4 19 0 8 39 2 36 35 2 160 15 568682 176 18 0 0 0 4 114
328 483539 L 20 3 0 3 1 9 7 2 6 483053 30 1 69 26 79 21 5 177 11 2 14
329 524898 V 62 140 4 38 7 35 6 149 4 117 73 2 1 0 7 25 7 524202 10 1 8
330 524669 W 1 51 21 8 1 13 2 10 0 53 13 0 3 3 268 18 0 43 523866 12 283
331 497953 M 49 19 3 2 0 6 0 155 52 169 497197 39 8 2 12 16 67 129 4 0 24
332 515913 A 513364 2 8 49 9 107 4 3 28 12 0 3 25 3 10 68 2042 154 4 0 18
333 543352 C 322 540668 1 21 38 79 2 18 1 14 1242 14 9 4 150 468 39 6 27 178 51
334 550730 H 5 12 18 8 1 7 550303 5 0 43 3 73 23 38 66 6 0 1 3 114 1
335 516917 S 75 51 2 1 58 39 1 2 1 17 0 2 56 0 7 516522 44 4 3 31 1
336 472427 A 471879 1 27 1 3 126 3 0 0 16 0 0 13 0 57 53 173 75 0 0 0
337 449089 A 448641 4 0 28 2 132 0 0 0 7 0 5 15 5 24 33 116 77 0 0 0
338 457493 F 0 135 0 0 455929 805 5 34 0 109 39 1 28 0 13 136 207 23 4 24 1
339 449335 E 5 0 309 448758 0 108 0 1 61 2 0 1 1 8 4 1 3 42 7 1 23
340 414465 D 5 0 414130 29 24 50 26 0 1 15 0 80 0 0 1 48 2 32 0 21 1
341 441745 L 0 1 0 4 0 5 1 92 2 441436 0 1 167 19 5 5 1 6 0 0 0
342 428777 R 31 1 1 5 1 277 4 36 63 2 0 0 7 17 428200 98 15 1 0 0 18
343 392648 V 57 3 0 24 0 10 0 77 1 109 0 0 0 0 0 3 0 392362 0 1 1
344 383182 L 4 7 0 4 31 1 0 32 0 382950 0 0 0 1 3 60 57 0 0 0 32
345 343279 S 1 19 2 0 1 55 20 100 1 2 0 50 3 0 41 342963 15 4 1 1 0
346 297473 F 14 5 1 2 297081 4 0 24 1 91 101 0 0 9 18 73 2 25 1 19 2
347 364843 I 7 6 0 0 23 1 3 364604 0 17 15 30 0 0 11 5 53 62 0 1 5
348 351555 R 0 2 0 2 0 80 0 19 34 0 0 0 1 2 351350 25 16 1 0 0 23
349 340388 G 18 0 1 38 0 340185 0 0 0 4 1 0 3 3 58 2 5 34 36 0 0
350 452782 T 875 36 35 0 57 8 1 82 1 0 0 25 21 1 19 54 451428 34 102 1 2
351 459653 K 3 7 0 60 0 1 1 25 459337 0 0 51 2 41 68 2 8 21 0 0 26
352 487201 V 68 0 1 34 0 7 0 84 1 22 0 0 0 2 1 9 2 486954 2 14 0
353 494987 S 11 10 0 0 47 7 20 20 2 4 0 0 586 0 199 493996 43 5 4 33 0
354 467711 P 32 3 1 0 15 22 0 2 0 44 0 0 467182 72 48 85 64 28 0 113 0
355 455351 R 0 1 1 0 0 118 0 0 100 7 39 0 0 0 455011 39 8 0 25 0 2
356 407307 G 11 0 0 41 1 407161 0 0 0 0 0 0 0 0 40 3 0 24 22 0 4
357 407532 K 2 0 0 105 0 3 0 14 407232 0 1 62 0 9 73 4 4 0 0 0 23
358 414696 L 0 4 1 0 31 1 9 16 3 414494 0 0 103 0 5 2 18 9 0 0 0
359 402921 S 34 8 1 0 53 10 9 0 3 229 0 5 102 43 494 401853 36 13 0 27 1
360 478624 T 112 0 0 0 0 1 2 45 0 5 0 28 9 2 0 57 478354 4 0 1 4
361 455916 R 0 1 0 1 1 94 0 27 58 8 0 1 1 0 455629 28 10 33 0 0 24
362 423459 G 21 1 5 29 0 423285 0 0 1 0 0 0 5 4 44 2 0 20 5 0 37
363 501712 V 126 67 3 55 1 12 0 82 0 41 1 4 0 0 4 36 2 501276 0 1 1
364 497768 Q 1 1 0 16 0 15 41 0 38 44 6 5 10 497361 73 1 30 37 2 11 76
365 511459 I 0 0 0 2 37 4 16 511020 1 126 23 33 0 3 0 8 75 96 0 0 15
366 442559 A 442269 2 24 1 19 30 0 0 0 6 0 0 9 0 0 38 76 77 0 0 8
367 437634 S 8 0 0 0 13 1 2 0 1 30 6 25 55 0 17 437363 65 5 0 1 42
368 446764 N 5 0 41 37 1 17 5 24 95 8 8 446309 69 23 3 70 20 4 0 22 3
369 440730 E 5 4 12 440436 0 59 0 0 71 2 0 2 0 21 17 12 42 23 0 3 21
370 452198 N 0 3 74 3 0 3 32 33 34 10 3 451790 0 42 2 52 90 4 9 10 4
371 447601 M 4 11 6 4 2 8 4 185 30 47 447069 2 1 1 17 60 66 67 1 3 13
372 461334 D 5 0 461047 49 0 88 7 0 0 4 5 71 3 0 2 10 1 26 0 16 0
373 453864 A 452433 1 35 2 1 20 0 3 0 3 3 23 29 2 865 41 211 183 7 2 0
374 500664 M 11 10 11 0 0 15 0 258 40 79 500016 0 2 1 28 11 70 87 12 12 1
375 475657 E 16 0 75 475162 1 138 0 0 57 17 0 31 2 21 9 9 0 94 1 1 23
376 363204 S 6 9 0 1 4 50 0 4 7 32 2 5 64 19 18 362855 34 6 41 17 30
377 368549 S 11 31 0 0 1 161 6 16 2 152 7 98 8 5 71 367950 17 3 1 2 7
378 336643 T 79 0 6 0 0 1 0 30 9 1 15 9 2 1 139 43 336307 1 0 0 0
379 339550 L 3 3 0 1 24 9 17 30 1 339252 33 0 69 7 5 2 0 90 3 1 0
380 344866 E 3 0 31 344636 1 43 1 0 65 0 0 1 1 38 1 0 1 34 2 0 8
381 347804 L 2 6 7 6 0 15 0 6 8 345687 47 0 81 10 11 19 1722 176 0 0 1
382 365485 R 0 1 1 6 0 84 2 15 35 4 0 0 2 1 365280 25 7 2 0 1 19
383 422511 S 19 11 0 1 3 171 3 21 6 7 17 76 3 2 63 422001 85 17 0 0 5
384 450596 R 46 8 0 8 7 215 26 0 39 5 26 1 3 2 450096 41 14 8 48 3 0
385 534272 Y 4 102 19 0 26 17 107 4 0 26 1 80 2 3 22 22 6 14 13 533758 46
386 518535 W 1 43 1 3 0 15 1 8 4 66 0 1 2 0 160 33 7 6 518012 5 167
387 481605 A 481191 0 28 3 0 44 0 7 0 0 0 0 32 6 7 70 113 104 0 0 0
388 530538 I 2 3 0 0 0 4 5 530047 31 87 152 3 8 2 10 7 92 66 0 7 12
389 494053 R 1 0 1 9 0 113 0 19 82 1 0 2 2 0 493743 30 8 0 0 9 33
390 507127 T 72 3 0 2 5 5 22 39 1 5 0 30 8 0 21 56 506846 7 0 0 5
391 514581 R 0 2 0 3 12 114 1 27 86 1 0 2 2 2 514216 30 29 0 5 4 45
392 496112 S 36 20 0 3 0 85 1 18 3 13 2 66 2 2 49 495801 9 1 0 0 1
393 508540 G 90 3 1 56 0 508206 0 0 1 0 0 1 0 4 92 1 4 54 1 0 26
394 487718 G 20 1 1 60 0 487479 0 0 2 2 0 1 0 0 93 1 0 21 0 0 37
395 492882 N 260 16 91 9 3 16 64 35 57 0 0 491976 1 6 39 213 60 5 0 29 2
396 496298 T 662 73 2 2 13 105 21 51 25 40 4 26 24 63 887 301 493733 2 81 167 16
397 570879 N 13 77 71 4 167 2 8 43 65 14 7 570027 4 21 179 95 21 25 0 33 3
398 576845 Q 15 28 3 24 16 22 142 16 42 2389 1 129 71 572568 1260 27 1 14 5 3 69
399 519473 Q 52 37 4 16 14 161 44 60 259 224 1 1 66 517094 1126 29 57 34 109 3 82
400 466980 R 8 4 0 10 0 189 9 0 97 5 42 2 1 1 466502 42 24 0 38 0 6
401 453447 A 452243 0 33 1 0 63 37 4 14 6 0 3 41 0 707 39 143 112 0 1 0
402 456107 S 51 10 0 1 35 20 23 4 0 15 0 6 102 5 48 455639 105 1 0 40 2
403 458527 A 458059 9 0 31 0 26 1 0 3 4 0 10 18 2 30 38 116 174 2 1 3
404 485421 G 35 35 68 0 0 485174 1 1 0 1 1 3 1 0 17 51 5 20 0 0 8
405 485763 Q 3 15 1 8 0 0 33 3 111 22 0 0 21 485407 59 33 1 0 0 0 46
406 505823 I 0 0 1 1 27 0 1 505487 6 21 19 39 1 4 3 44 75 88 0 5 1
407 461778 S 4 14 0 0 0 125 1 12 1 10 0 78 0 0 72 461447 12 2 0 0 0
408 467905 V 109 1 0 44 0 9 0 0 0 30 126 0 2 0 0 4 6 467566 0 0 8
409 461974 Q 98 22 0 23 0 28 154 17 36 35 6 14 7 460855 83 67 208 108 6 0 207
410 419962 P 202 157 0 0 0 11 59 1 0 30 0 1 419332 5 60 68 31 4 0 0 1
411 447302 A 446586 61 0 30 0 21 5 1 0 1 0 2 23 0 3 97 293 175 0 0 4
412 458512 F 1 11 2 1 458200 1 1 90 0 93 5 1 2 0 0 41 0 53 1 8 1
413 401227 S 1 9 0 0 51 18 2 2 5 4 0 1 55 2 7 401031 21 0 0 15 3
414 425007 V 128 9 1 54 0 19 0 11 1 304 112 0 5 3 3 5 48 424300 4 0 0
415 440545 Q 436 2 1 34 3 324 20 2 569 921 1 4 7 430225 4128 3204 28 89 460 1 86
416 443119 R 4 2 0 31 6 149 1 26 60 4 0 2 2 0 442748 33 17 5 0 0 29
417 410387 N 11 8 68 1 45 24 33 188 285 26 0 409063 49 1 44 230 135 49 2 124 1
418 442311 L 7 195 0 3 34 7 31 71 2 430309 11374 0 124 2 10 5 6 124 6 0 1
419 468125 P 71 0 0 15 0 1 17 4 2 65 3 0 467645 32 119 44 49 51 2 0 5
420 442262 F 141 10 2 2 441678 21 2 88 5 117 0 3 0 16 6 104 3 14 3 44 3
421 453404 D 3175 4 447328 50 2 105 229 392 16 96 46 468 0 0 61 1035 76 289 0 26 6
422 440341 K 18 1 1 91 147 540 16 27 436997 25 0 78 1 36 1253 314 208 504 1 67 16
423 434217 P 195 360 1 0 16 2554 7 38 19 95 9 0 429852 338 545 83 51 38 3 11 2
424 451471 T 155 45 11 7 2 23 8 65 3 289 0 165 31 53 19 269 450267 54 1 3 1
425 459807 I 172 37 14 5 27 14 4 459195 0 61 17 37 4 8 1 12 99 91 0 8 1
426 437796 M 70 198 0 9 3 4 4 1574 33 346 434951 10 2 43 28 10 303 184 5 19 0
427 396985 A 394936 1 8 23 0 960 6 10 2 19 1 181 31 6 143 60 483 110 0 5 0
428 392026 A 391243 21 1 36 102 49 7 0 0 12 0 0 17 7 8 107 282 131 2 1 0
429 388860 F 6 107 0 5 387296 29 4 13 2 119 13 0 1 0 10 62 2 8 6 1173 4
430 349828 T 86 16 0 3 5 519 1 34 2 15 0 30 9 3 28 169 348884 7 1 14 2
431 380767 G 34 52 4 58 51 380036 70 11 10 154 0 8 4 5 118 28 25 56 34 9 0
432 387277 N 466 16 78 2 22 38 3 34 33 13 53 385944 30 13 73 242 67 93 3 49 5
433 408784 T 110 51 5 3 3 47 2 403 28 359 21 0 41 15 34 115 407500 34 2 9 2
434 416774 E 41 0 55 416048 1 171 2 0 57 15 2 1 9 15 13 191 6 67 43 1 36
435 448425 G 13 2 5 111 0 448111 0 0 7 1 1 1 0 0 79 11 2 18 4 1 58
436 454258 R 5 1 3 11 0 98 1 28 88 11 2 2 4 6 453922 31 13 1 3 0 28
437 457538 T 82 7 51 5 0 7 4 47 62 13 0 5 7 4 13 66 457143 9 1 2 10
438 479181 S 16 7 9 1 1 1923 42 2 1 69 1 290 59 2 12 476544 55 114 2 0 31
439 468356 D 10 0 465915 28 0 73 7 2203 0 1 0 56 1 1 2 3 1 33 6 16 0
440 452648 M 43 1 1 43 1 39 4 95 45 45 452105 12 4 18 29 2 61 68 11 18 3
441 436930 R 2 1 6 2 0 155 70 1 53 9 74 1 0 1 436474 43 9 3 26 0 0
442 445095 A 440428 4 0 37 3 2665 4 7 0 15 699 30 148 3 4 684 199 134 11 19 1
443 452756 E 5 4 25 452222 0 67 1 0 56 0 0 0 3 76 6 0 0 275 0 0 16
444 455326 I 36 40 8 2 24 36 4 454785 1 64 7 44 0 1 7 11 133 96 5 20 2
445 519492 I 45 48 4 8 2 36 0 518747 39 48 136 28 29 4 60 26 77 111 8 9 27
446 469968 R 424 11 720 1475 0 1329 7 126 225 173 410 57 9 3 464286 275 54 169 139 14 62
447 447940 M 53 55 11 26 37 58 222 164 33 238 445763 2 3 161 231 62 189 608 13 6 5
448 452009 M 0 8 7 2 0 9 7 132 33 131 451377 0 0 0 56 4 85 130 26 0 2
449 413815 E 5 6 147 413271 0 225 1 1 52 0 6 0 1 13 23 0 9 28 0 0 27
450 432097 G 38 58 76 1 0 430471 4 136 0 13 1 0 226 0 21 181 806 59 1 4 1
451 491132 A 484684 71 4 107 3 3286 0 0 280 874 3 701 20 4 305 45 439 286 11 5 4
452 484658 K 4 1 0 81 0 11 0 19 484150 22 0 179 1 9 133 4 19 21 0 0 4
453 483004 P 8 47 1 0 0 139 4 2 0 45 1 2 482301 38 325 57 30 1 0 2 1
454 507116 E 90 3 38 505775 0 95 0 0 289 222 6 2 26 20 32 117 0 209 0 165 27
455 529374 E 208 58 55 527404 5 126 47 122 79 421 23 159 8 99 6 254 62 212 1 0 25
456 546630 M 1 153 1 0 0 226 0 151 283 2108 540900 15 1 414 1037 247 401 104 5 4 579
457 531456 S 68 22 52 1 44 89 2 1 0 2209 0 8 182 3 5 528669 55 6 10 24 6
458 564295 F 1 6 5 1 563608 5 2 101 1 161 1 0 0 0 11 175 9 39 44 114 11
459 544726 Q 3 2 7 108 1 53 48 1 155 68 2 1 135 541524 2212 250 26 59 5 0 66
460 506859 G 200 7 0 55 0 506232 25 0 0 4 21 1 1 3 267 8 3 22 9 0 1
461 494332 R 105 4 0 1 0 89 0 0 2 54 0 0 24 160 493803 1 1 1 85 0 2
462 464634 G 51 11 0 234 2 460471 0 0 1 3656 1 2 2 2 109 13 0 24 1 0 54
463 446524 V 75 5 23 0 15 8 264 893 0 55 36 0 0 0 12 7 5 445126 0 0 0
464 455946 F 67 7 37 0 455357 49 7 26 3 176 0 0 2 0 0 113 0 74 0 28 0
465 518226 E 23 5 46 517764 0 171 0 0 109 0 0 1 0 16 35 4 0 15 0 0 37
466 433289 L 48 11 25 12 382 6 1204 273 77 429580 142 16 427 24 12 72 99 100 682 93 4
467 452718 S 2 4 0 18 5 39 0 6 1 6087 5 6 75 5 27 446293 32 34 17 20 42
468 491543 D 6 3 491172 34 1 126 7 0 0 0 1 67 0 0 0 7 82 24 0 10 3
469 555212 E 15 1 86 554024 1 246 16 97 364 17 1 8 108 21 45 19 9 108 0 4 22
470 588014 R 1 0 9 1 0 149 0 0 248 4 70 1 2 0 587374 115 6 0 34 0 0
471 556453 A 555850 0 0 31 0 128 0 0 0 12 0 0 11 4 1 40 144 230 0 1 1
472 564480 A 563391 2 0 46 1 32 0 1 0 3 0 2 18 3 12 145 530 276 0 18 0
473 602932 N 2 19 72 1 0 3 5 29 57 9 0 600903 3 0 277 1506 16 8 0 22 0
474 582357 P 16 0 1 0 0 0 0 0 0 130 0 0 582004 63 25 57 61 0 0 0 0
475 556321 I 12 7 1 0 42 2 3 555920 1 43 10 50 2 0 3 10 76 136 0 3 0
476 508313 V 140 39 1 25 0 24 0 1 5 24 178 0 0 1 8 12 0 507855 0 0 0
477 498612 P 20 1 1 0 0 1 26 1 0 51 0 1 498403 0 12 66 28 0 0 1 0
478 479839 S 9 17 0 0 98 10 3 2 0 76 0 0 119 14 12 479407 25 10 1 35 1
479 521974 F 60 21 7 2 521358 4 1 32 4 286 3 0 0 0 16 79 3 26 0 68 4
480 524156 D 41 21 523203 160 1 99 18 0 7 4 1 126 7 0 24 186 90 132 0 34 2
481 448403 M 3 3 0 0 0 9 1 113 23 32 447867 0 0 1 28 4 63 124 132 0 0
482 549502 S 0 52 0 3 0 143 1 37 8 0 0 98 0 0 67 549077 12 4 0 0 0
483 614798 N 0 0 64 0 0 0 8 30 43 1 12 614563 2 0 0 46 4 1 0 21 3
484 539680 E 92 0 72 538829 3 66 0 7 172 3 4 0 2 14 0 41 6 344 0 0 25
485 486514 G 97 3 1 52 0 486042 0 1 1 1 0 5 0 1 233 15 6 25 0 1 30
486 493377 S 7 6 0 0 28 1 0 2 0 1 0 4 53 1 0 493207 34 0 0 33 0
487 492936 Y 0 47 3 0 32 0 127 7 3 6 0 6 0 0 0 2 0 0 0 492669 34
488 482484 F 0 2 0 0 482270 0 0 20 0 85 0 0 0 0 0 61 0 9 0 37 0
489 460586 F 0 3 0 0 460333 0 0 14 0 112 0 0 0 0 3 37 56 3 0 25 0
490 460681 G 9 0 0 33 0 460472 0 0 0 5 0 0 0 0 103 2 0 28 0 0 29
491 470840 D 9 15 470447 34 1 132 7 0 1 3 5 55 0 1 4 3 1 108 0 13 1
492 480525 N 0 32 95 0 0 1 10 19 89 3 5 480090 0 18 4 134 2 1 0 17 5
493 574753 A 573186 1 0 73 0 26 0 4 13 8 7 31 42 27 203 206 398 525 0 0 3
494 477771 E 9 0 61 477268 0 244 0 4 71 3 2 0 0 13 31 0 4 28 0 0 33
495 472716 E 5 0 208 471920 0 246 0 7 104 7 17 9 6 17 37 12 0 47 43 6 25
496 455554 Y 8 128 10 2 123 18 82 38 0 1 0 46 0 0 6 14 2 7 5 455010 54
497 423920 D 319 11 421223 151 57 594 9 31 1 204 0 138 1 1 9 804 76 182 15 87 7
498 327599 N 117 15 40 2 5 158 87 215 371 86 172 324035 2 15 1772 76 122 266 1 25 17
