# nucleotide counts
# upper case indicates nucleotide called by both reads
# lower case indicates nucleotide called by one read with other ambiguous
# N indicates disagreement between reads, or both ambiguous
# POSITION WT COUNTS A T C G a t c g N
1 A 656694 656416 44 9 133 17 0 0 0 75
2 T 659002 73 658753 95 7 0 25 0 0 49
3 G 659219 96 50 13 659030 0 0 0 6 24
4 G 652966 57 21 19 652823 0 0 0 17 29
5 C 623728 41 230 623365 38 0 0 8 0 46
6 G 644242 147 35 10 643959 0 0 0 17 74
7 T 659261 55 657689 1183 86 0 8 0 0 240
8 C 664756 176 1154 663353 28 0 0 12 0 33
9 C 666343 1081 100 665067 38 0 0 15 0 42
10 C 664511 18420 17656 627273 1076 8 6 42 0 30
11 A 661655 629131 17449 11197 3744 80 8 3 0 43
12 A 662057 646283 6123 5013 4565 13 0 0 0 60
13 G 663534 213 396 240 662624 0 1 0 33 27
14 G 674543 214 30 674 673522 0 0 0 44 59
15 C 617974 47 81 617736 52 0 0 26 0 32
16 A 550030 549180 37 48 101 11 0 0 0 653
17 C 540023 33 53 539874 14 0 0 29 0 20
18 C 523068 62 41 522838 10 0 0 54 0 63
19 A 521219 521085 25 17 60 21 0 0 0 11
20 A 519160 519042 12 11 49 25 0 0 0 21
21 A 518122 517880 18 57 80 29 0 0 0 58
22 C 519847 29 138 519573 34 0 0 34 0 39
23 G 484596 64 27 26 484411 0 0 0 28 40
24 G 492835 66 25 14 492689 0 0 0 21 20
25 T 495653 116 493602 411 1089 0 24 0 0 411
26 C 524876 95 1358 523153 203 0 2 44 0 21
27 T 562296 1466 560299 134 332 0 53 0 0 12
28 T 522367 1075 519926 1070 154 0 99 0 0 43
29 A 525158 523445 1092 241 329 32 0 0 0 19
30 T 517549 315 515160 1788 108 0 132 0 0 46
31 G 534630 130 45 47 534353 0 0 0 27 28
32 A 553768 553435 67 39 151 50 0 0 0 26
33 A 517733 517436 56 73 101 15 0 0 0 52
34 C 500592 5039 668 494721 109 1 0 26 0 28
35 A 448605 437307 1228 163 9853 14 1 0 4 35
36 G 519598 1991 4882 755 511895 0 1 0 30 44
37 A 543330 542971 53 10 220 18 0 0 0 58
38 T 545792 171 545436 106 12 0 32 0 0 35
39 G 549094 168 99 21 548769 0 0 0 21 16
40 G 534729 187 33 31 534337 1 0 0 109 31
41 A 535644 535399 30 23 125 13 0 0 0 54
42 A 546830 546568 47 23 113 11 0 0 0 68
43 A 548088 547649 30 187 119 13 0 0 0 90
44 C 589862 53 235 589469 30 0 0 40 0 35
45 T 550124 147 549730 165 14 0 15 0 0 53
46 G 563307 159 42 16 563046 0 0 0 20 24
47 A 560328 559885 36 25 273 11 0 0 0 98
48 T 562447 75 562021 70 182 0 65 0 0 34
49 G 561484 108 72 115 561121 0 0 0 17 51
50 G 568191 86 229 238 567583 0 0 0 36 19
51 G 564892 148 58 248 564404 0 0 0 15 19
52 G 569526 181 47 320 568899 0 0 0 13 66
53 A 548219 547550 295 112 191 9 0 1 0 61
54 A 551310 550429 305 146 275 19 0 0 0 136
55 C 561498 66 141 561040 189 0 0 18 0 44
56 G 562021 277 103 62 561442 0 0 0 18 119
57 C 572266 39 76 572036 68 0 0 14 0 33
58 C 568857 34 87 568613 72 0 0 20 0 31
59 A 565900 564751 51 741 234 33 0 2 0 88
60 G 579321 118 65 19 579063 0 0 0 18 38
61 A 577025 576363 117 318 148 46 0 0 0 33
62 A 597062 596362 236 171 241 15 0 0 0 37
63 T 569098 79 568568 311 87 0 8 0 0 45
64 G 592766 320 260 417 591623 0 0 0 50 96
65 C 605031 137 201 604246 396 0 0 34 0 17
66 A 578108 577186 229 428 172 61 0 0 0 32
67 A 614552 610658 1117 988 1685 15 0 0 0 89
68 C 609838 600 712 607716 775 1 0 16 1 17
69 T 602704 774 598800 2456 575 0 40 2 1 56
70 G 606452 171 50 131 606052 0 0 0 23 25
71 A 564755 564270 98 78 161 102 0 0 0 46
72 G 604882 282 94 36 604392 0 0 0 41 37
73 A 563526 563173 81 16 172 29 0 0 0 55
74 T 611535 69 611195 123 13 0 52 0 0 83
75 C 578481 66 81 578201 78 0 0 32 0 23
76 A 543768 543215 70 141 188 109 0 0 0 45
77 G 564630 128 98 32 564314 0 0 0 20 38
78 A 562042 561614 36 71 212 16 0 0 0 93
79 G 591082 91 99 457 590380 0 0 0 28 27
80 C 574985 225 800 573656 238 0 0 28 0 38
81 A 547717 546318 635 314 310 69 1 0 0 70
82 T 558963 75 558486 157 127 0 30 1 0 87
83 C 560818 74 116 560392 157 0 0 23 0 56
84 C 566595 107 116 566220 97 0 0 20 0 35
85 G 551921 344 34 12 551472 0 0 0 24 35
86 T 556226 45 555750 128 146 0 30 0 0 127
87 C 555259 144 207 554806 53 0 0 22 0 27
88 G 558290 290 74 998 556855 0 0 0 9 64
89 G 561223 987 49 228 559904 0 0 0 44 11
90 G 574064 177 76 171 573609 0 0 0 15 16
91 A 572769 572397 41 100 155 13 0 0 0 63
92 A 571555 571180 58 29 235 18 0 0 0 35
93 G 559844 186 33 45 559519 0 0 0 19 42
94 A 550281 550020 60 6 100 21 0 0 0 74
95 T 543791 384 543276 72 22 0 6 0 0 31
96 G 549819 81 42 365 549234 0 0 0 18 79
97 A 571134 569999 442 35 570 39 0 0 0 49
98 T 570297 83 569283 523 353 0 24 0 0 31
99 T 557734 559 556575 517 29 0 21 0 0 33
100 G 559189 501 166 172 558295 0 0 0 30 25
101 A 555092 554315 241 173 284 10 0 0 0 69
102 T 544979 170 544188 269 299 0 16 0 0 37
103 G 538208 302 50 261 537557 0 0 0 21 17
104 G 551643 216 64 218 551080 0 0 0 37 28
105 A 538364 537799 101 272 122 20 0 0 0 50
106 A 524066 523800 28 61 90 9 0 0 0 78
107 T 528574 53 528176 235 67 0 14 0 0 29
108 T 522933 251 522345 107 95 0 110 0 0 25
109 G 533525 95 915 43 532396 0 1 0 36 39
110 G 526113 67 49 855 525079 0 0 1 34 28
111 A 505771 505128 65 40 322 24 0 0 0 192
112 C 516941 53 158 516593 42 0 0 44 0 51
113 G 456693 124 67 52 456356 0 0 0 35 59
114 A 519517 519229 55 65 99 35 0 0 0 34
115 T 527325 59 527010 133 76 0 13 0 0 34
116 T 490950 60 490629 139 70 0 15 1 0 36
117 C 492680 82 82 492391 81 0 0 18 0 26
118 T 484091 77 483594 197 70 0 110 0 0 43
119 A 502860 502389 88 51 158 38 0 0 0 136
120 C 501509 80 149 501137 36 0 0 32 0 75
121 A 457651 456552 205 151 684 16 0 0 0 43
122 T 466565 388 463923 1419 759 0 21 0 0 55
123 C 435700 189 251 434684 518 0 0 46 0 12
124 C 439656 38 64 439489 28 0 0 12 0 25
125 A 437599 437326 37 42 74 46 0 0 0 74
126 A 422268 422069 19 12 65 16 0 0 0 87
127 A 422093 421887 31 40 103 7 0 0 0 25
128 T 406041 38 405839 115 12 0 14 0 0 23
129 G 457952 113 44 54 457648 0 0 0 42 51
130 T 436445 53 435837 102 89 0 49 0 0 315
131 G 437902 111 31 54 437657 0 0 0 15 34
132 C 437717 41 278 437319 37 0 0 15 0 27
133 A 431548 431179 61 34 78 9 0 0 0 187
134 C 427991 29 71 427847 10 0 0 10 0 24
135 T 412106 59 411737 226 22 0 14 0 0 48
136 G 451849 102 27 47 451622 0 0 0 24 27
137 A 471146 470915 30 53 94 12 0 0 0 42
138 A 485382 485012 74 30 115 20 0 0 0 131
139 C 514340 82 59 513966 186 0 0 22 0 25
140 T 514057 19 513822 114 10 0 57 0 0 35
141 T 513268 93 512844 228 16 0 43 0 0 44
142 A 517263 517023 92 14 84 32 0 0 0 18
143 A 517052 516833 40 25 66 37 0 0 0 51
144 A 551877 551460 44 47 112 23 0 0 0 191
145 C 556877 230 188 556151 249 0 0 30 0 29
146 T 519276 162 518725 212 117 0 6 0 0 54
147 C 535371 431 221 534444 214 0 0 26 0 35
148 A 520505 503569 2168 4195 10525 15 1 1 0 31
149 G 565624 1523 2415 12976 548657 0 2 2 30 19
150 T 562364 1174 547323 10828 2618 0 16 0 0 405
151 G 614356 1936 163 3046 609131 0 0 0 61 19
152 A 628881 626933 985 376 478 24 0 0 0 85
153 T 588836 2447 583888 1835 540 1 81 0 1 43
154 T 608827 273 607893 175 434 0 27 0 0 25
155 A 609459 608405 121 537 276 75 0 2 1 42
156 T 611474 452 610501 224 219 0 36 0 1 41
157 G 613228 482 390 114 612183 0 0 0 41 18
158 A 570445 569099 86 793 397 26 0 2 0 42
159 G 573221 188 421 296 572268 0 1 0 24 23
160 G 527346 103 152 157 526901 0 0 0 10 23
161 G 514503 228 38 190 513905 0 0 0 9 133
162 G 513833 891 76 340 512465 1 0 0 17 43
163 C 486856 337 180 486105 146 0 0 16 0 72
164 G 492633 244 309 95 491902 0 0 0 13 70
165 A 492788 491826 150 323 190 7 0 0 0 292
166 C 493778 1339 589 491659 165 0 0 6 0 20
167 T 490664 1379 488414 599 186 1 12 0 0 73
168 G 485955 291 874 622 484110 0 0 3 27 28
169 A 529275 528123 130 111 830 29 0 0 1 51
170 T 515026 98 514428 314 98 0 10 0 0 78
171 C 508473 161 127 507553 592 0 0 6 0 34
172 C 508133 167 91 507719 122 0 0 16 0 18
173 A 491301 490808 55 121 175 115 0 0 0 27
174 G 494744 131 123 91 494353 0 0 0 19 27
175 A 476005 475591 85 53 235 12 0 0 1 28
176 A 476342 474791 78 1096 277 9 0 0 1 90
177 C 479055 194 201 477527 1083 0 0 31 0 19
178 A 392497 392020 67 90 287 12 0 0 0 21
179 G 401720 106 105 133 401339 0 0 0 7 30
180 C 398682 55 387 398124 88 0 0 5 0 23
181 T 396653 95 396077 127 313 0 19 0 0 22
182 T 400827 85 400384 139 191 0 11 0 0 17
183 A 394477 393942 187 90 163 65 0 0 0 30
184 A 422789 422163 227 117 206 38 0 0 0 38
185 C 447815 907 114 446585 108 0 0 38 0 63
186 A 424304 422865 147 1141 92 34 0 1 0 24
187 A 441445 440238 107 933 117 31 0 0 0 19
188 T 402979 72 402518 227 34 0 101 0 0 27
189 A 417282 416037 100 85 1031 20 0 0 0 9
190 G 424659 96 68 56 424393 0 0 0 23 23
191 A 434315 433987 68 52 142 42 0 0 0 24
192 G 438528 110 63 86 438209 0 0 0 36 24
193 A 397635 397322 60 45 97 41 0 0 0 70
194 G 414574 82 36 52 414331 0 0 0 23 50
195 A 417570 417218 67 20 178 36 0 0 0 51
196 A 426970 426762 22 44 96 16 0 0 0 30
197 T 429672 88 429386 62 24 0 20 0 0 92
198 G 418002 67 62 22 417733 0 0 0 40 78
199 G 422812 98 31 14 422612 0 0 0 16 41
200 T 399855 47 398899 78 112 0 18 0 0 701
201 G 432178 125 26 70 431902 0 0 0 19 36
202 C 431520 110 185 431139 31 0 0 18 0 37
203 T 432177 165 431631 225 42 0 13 0 0 101
204 C 439927 130 126 439510 121 0 0 10 0 30
205 T 440138 203 439735 103 18 0 18 0 0 61
206 C 471742 46 43 471363 246 0 0 19 0 25
207 T 469631 45 469120 380 21 0 23 0 0 42
208 G 476635 474 191 48 475872 0 0 0 27 23
209 C 476816 86 56 476353 279 0 0 13 0 29
210 T 466416 243 465779 255 83 0 16 0 0 40
211 T 475448 90 474679 476 177 0 11 0 0 15
212 T 468501 272 467711 103 338 0 51 0 0 26
213 T 455339 97 454560 125 519 0 8 0 0 30
214 G 459036 168 28 23 458783 0 0 0 7 27
215 A 453837 453486 45 47 161 6 0 0 0 92
216 C 463241 52 365 462634 113 0 0 31 0 46
217 G 448432 354 247 314 447401 0 0 0 20 96
218 A 429311 428199 627 330 110 21 0 0 0 24
219 A 430403 429639 311 299 107 17 0 0 0 30
220 A 431959 431538 39 211 122 11 0 0 0 38
221 G 435669 76 25 32 435515 0 0 0 7 14
222 A 441953 441656 26 35 195 9 0 0 0 32
223 A 441269 440955 37 113 124 9 0 0 0 31
224 G 460320 131 38 18 460100 0 0 0 13 20
225 G 516922 214 32 54 516541 0 0 0 30 51
226 A 507230 506866 127 30 157 19 0 0 0 31
227 A 528462 527986 130 63 217 37 0 0 0 29
228 T 502926 116 502427 178 108 1 39 0 0 57
229 A 499629 498605 269 327 295 115 1 0 0 17
230 A 500455 499287 397 116 613 23 1 0 0 18
231 A 490239 488865 681 226 411 38 0 0 0 18
232 T 492488 95 491997 220 115 0 32 0 0 29
233 A 436055 435764 129 23 57 34 0 0 0 48
234 T 378822 30 378575 103 80 0 9 0 0 25
235 C 385819 69 79 385579 40 0 0 36 0 16
236 T 361902 72 361655 113 27 1 15 0 0 19
237 G 364018 236 56 46 363623 0 0 0 30 27
238 G 354812 100 143 59 354469 0 0 0 12 29
239 A 348691 348334 159 39 111 30 0 0 0 18
240 A 330444 330097 58 156 85 14 0 0 0 34
241 G 343012 137 45 49 342701 0 0 0 23 57
242 A 334397 334153 75 52 87 13 0 0 0 17
243 A 372845 372498 77 75 107 15 0 0 0 73
244 C 376079 218 279 375491 67 0 0 9 0 15
245 A 363041 362497 112 87 265 42 0 0 0 38
246 T 474339 225 473674 133 164 0 48 0 0 95
247 C 467458 72 176 466998 156 0 0 30 0 26
248 C 487859 294 116 487302 69 0 0 34 0 44
249 C 488740 195 958 487269 253 0 0 32 0 33
250 A 468369 463953 122 106 4082 55 0 0 1 50
251 G 503801 172 146 3938 499495 0 0 0 21 29
252 C 499156 1175 399 494536 3013 0 0 12 0 21
253 G 498199 408 135 196 497422 0 0 0 8 30
254 C 504673 105 177 504015 302 0 0 12 1 61
255 G 506162 345 159 239 505353 0 0 1 38 27
256 G 550368 232 422 206 549462 0 0 0 30 16
257 G 543780 269 146 430 542891 0 0 0 15 29
258 G 564152 217 467 568 562855 0 2 0 23 20
259 A 566128 565651 105 27 234 12 0 0 0 99
260 A 562614 562222 57 30 183 74 0 0 0 48
261 G 573344 326 130 53 572776 0 0 0 26 33
262 G 582943 161 131 42 582482 1 0 0 62 64
263 A 580843 580397 127 28 196 6 0 0 0 89
264 T 579462 97 578991 179 88 0 19 0 0 88
265 C 551414 107 575 549708 991 0 0 6 0 27
266 C 542107 374 714 540669 289 0 0 40 0 21
267 T 527381 949 523936 1887 529 0 29 0 0 51
268 A 527530 525953 120 1207 219 9 0 0 0 22
269 A 527352 525557 514 268 982 7 0 0 0 24
270 G 526744 805 1523 668 523693 0 1 0 20 34
271 A 502791 502406 201 25 109 31 0 0 0 19
272 A 491168 490965 12 22 119 12 0 1 0 37
273 A 480473 480145 28 15 250 18 0 0 0 17
274 A 448131 447900 39 41 58 8 0 0 0 85
275 C 451970 47 38 451756 9 0 0 10 0 110
276 T 434059 30 433007 127 845 0 15 0 1 34
277 G 431736 85 45 37 431540 0 0 0 11 18
278 G 430288 87 22 20 430049 0 0 0 8 102
279 A 424749 423849 37 43 702 18 0 0 0 100
280 G 419459 55 167 25 419148 0 0 0 14 50
281 G 414160 121 27 12 413929 0 0 0 10 61
282 A 402180 401426 42 9 216 4 0 0 0 483
283 C 430758 46 61 430508 102 0 0 13 0 28
284 C 422604 52 60 422375 91 0 0 8 0 18
285 C 421165 328 54 420697 55 0 0 13 0 18
286 A 465810 465308 129 73 212 31 0 0 0 57
287 T 457465 67 457131 110 48 0 81 1 0 27
288 A 540923 540424 146 86 182 59 0 0 0 26
289 T 539406 105 538997 156 71 0 43 0 0 34
290 A 488149 487479 235 44 101 179 0 0 0 111
291 C 496610 95 155 496266 41 0 0 38 0 15
292 A 429360 428718 148 245 180 50 0 0 0 19
293 A 431249 430494 236 176 309 15 0 0 0 19
294 G 425250 365 166 216 424399 0 1 0 47 56
295 A 335444 335245 32 34 81 26 0 0 0 26
296 G 340196 85 31 148 339904 0 0 0 12 16
297 A 319396 319039 34 146 128 10 0 0 0 39
298 G 325730 394 191 4807 320318 0 0 1 7 12
299 T 332671 203 329988 1186 193 1 28 0 0 1072
300 A 346392 344387 703 667 600 20 0 0 0 15
301 G 376395 176 108 152 375912 0 0 0 34 13
302 A 372480 371932 135 249 81 15 0 0 0 68
303 T 399325 94 398822 215 145 0 20 0 0 29
304 A 391542 390652 164 576 93 22 0 0 0 35
305 G 400379 117 41 127 400034 0 0 0 45 15
306 A 399023 397982 513 128 375 15 0 0 0 10
307 A 400094 399853 67 48 99 7 0 0 0 20
308 A 399203 398899 24 97 160 5 0 0 0 18
309 G 413087 111 377 65 412492 0 0 0 30 12
310 T 414547 58 413962 80 17 0 14 0 0 416
311 G 422322 106 64 64 422053 0 0 0 8 27
312 G 422856 116 74 33 422604 0 0 0 0 29
313 A 422823 422397 153 63 143 26 0 0 0 41
314 T 426596 110 426249 76 96 0 8 0 0 57
315 G 439334 80 97 227 438888 0 0 0 21 21
316 A 442114 441866 42 36 121 13 0 0 0 36
317 G 443526 77 54 24 443320 0 0 0 6 45
318 G 441052 97 23 43 440837 0 0 0 8 44
319 G 442358 233 37 27 441967 0 0 0 12 82
320 A 444001 443790 26 12 61 16 0 0 0 96
321 A 445769 445220 27 27 143 14 0 0 0 338
322 C 447416 53 61 447245 27 0 0 12 0 18
323 T 444621 36 444318 142 19 0 13 0 0 93
324 C 438682 69 123 438424 24 0 0 27 0 15
325 G 430169 137 69 35 429900 0 0 0 6 22
326 T 442475 87 442084 124 44 0 30 0 0 106
327 C 470114 92 97 469839 23 0 0 26 0 37
328 C 494493 44 139 494214 15 0 0 55 0 26
329 T 516259 30 516046 116 11 0 28 0 0 28
330 T 516470 117 516073 171 47 0 46 0 0 16
331 T 502517 1473 500596 300 101 0 28 0 0 19
332 A 471886 470014 374 1223 105 113 1 0 0 56
333 T 465905 142 464833 680 190 0 31 0 0 29
334 G 467385 244 132 117 466817 0 0 0 46 29
335 A 413408 412965 140 35 121 15 0 0 0 132
336 C 420003 150 97 419624 48 0 0 34 0 50
337 A 368862 368688 29 62 54 10 0 0 0 19
338 A 374548 374412 37 7 55 14 0 0 0 23
339 A 381715 381400 26 23 227 16 0 0 0 23
340 G 448911 106 116 33 448586 0 0 0 23 47
341 A 463615 463354 29 16 183 11 0 0 0 22
342 A 458015 457673 41 30 219 16 0 0 0 36
343 G 514495 134 28 28 514185 0 0 0 37 83
344 A 534579 534192 64 21 140 99 0 0 0 63
345 A 535358 535152 58 19 101 14 0 0 0 14
346 A 536367 536079 98 39 126 7 0 0 0 18
347 T 530638 82 530185 165 50 0 67 0 0 89
348 A 525219 524846 108 61 161 32 0 0 0 11
349 A 516528 515196 691 273 314 22 0 0 0 32
350 G 510608 379 684 373 509148 0 0 0 9 15
351 G 510342 106 243 218 509738 0 0 0 7 30
352 C 491821 188 226 491302 40 0 0 6 0 59
353 G 488991 114 41 31 488700 0 0 0 12 93
354 A 498115 497885 46 30 100 30 0 0 0 24
355 A 513674 513498 23 20 79 16 0 0 0 38
356 T 511355 45 510998 77 11 0 10 0 0 214
357 C 511249 48 48 511120 9 0 0 13 0 11
358 T 500678 53 500378 112 32 0 23 0 0 80
359 G 505944 87 51 23 505652 0 0 0 39 92
360 G 494165 81 20 33 493986 0 0 0 15 30
361 C 500321 62 158 499939 46 0 0 9 0 107
362 G 500297 181 188 59 499780 0 0 0 19 70
363 C 496895 119 70 496498 163 0 0 24 0 21
364 C 483862 776 211 482656 50 0 0 17 0 152
365 A 483046 481809 1024 26 127 15 0 0 0 45
366 A 503892 502785 670 78 306 11 0 0 0 42
367 G 566502 313 72 180 565872 0 0 0 32 33
368 C 565956 44 153 565307 405 0 0 21 0 26
369 C 607792 94 281 607269 78 0 0 32 0 38
370 A 609249 608537 454 68 110 52 0 0 0 28
371 A 619885 619122 80 334 208 104 0 0 0 37
372 T 631985 387 631288 198 42 0 33 0 0 37
373 A 624164 623411 182 185 224 125 1 0 0 36
374 A 628849 628167 267 63 299 28 0 0 0 25
375 T 601370 243 600587 339 98 0 41 0 0 62
376 G 564415 429 75 308 563522 0 0 0 36 45
377 G 516872 100 221 245 516248 0 0 0 32 26
378 T 465616 183 464195 415 185 0 15 0 0 623
379 G 468903 577 326 552 467412 0 1 0 15 20
380 A 464331 461964 571 755 990 18 0 0 2 31
381 T 462816 816 460450 629 844 0 23 1 1 52
382 G 458074 396 1246 288 456106 0 1 0 19 18
383 A 459185 457755 350 771 235 13 0 0 0 61
384 T 466000 167 464465 998 313 0 13 0 0 44
385 G 459848 393 86 62 459236 0 0 0 30 41
386 C 452199 73 204 451720 167 0 0 9 0 26
387 A 446860 446384 138 101 167 39 0 0 1 30
388 A 441726 441393 53 81 88 43 0 0 0 68
389 C 426492 146 81 426195 34 0 0 19 0 17
390 A 415195 414843 85 42 187 13 0 0 0 25
391 G 416673 45 63 202 416307 0 0 0 16 40
392 C 398612 45 46 398459 29 0 0 10 0 23
393 T 385709 68 385096 284 199 0 28 0 0 34
394 G 439681 87 50 28 439464 0 0 0 29 23
395 G 450716 65 58 30 450500 0 0 0 19 44
396 T 451275 78 450772 99 32 0 4 0 0 290
397 C 482782 154 80 482407 50 0 0 29 0 62
398 T 470468 105 470077 162 21 0 72 0 0 31
399 G 537664 172 64 111 537216 0 0 0 63 38
400 A 539271 538711 83 40 166 9 0 0 0 262
401 C 569519 46 105 569280 49 0 0 17 0 22
402 T 580812 382 579851 348 153 1 23 0 0 54
403 C 583697 107 82 583318 72 0 0 78 0 40
404 A 582766 582193 87 73 175 21 0 0 0 217
405 C 633517 169 132 633055 44 0 0 65 0 52
406 A 633352 628993 350 1391 2572 14 0 0 0 32
407 T 649397 1319 644854 2925 199 0 55 2 0 43
408 G 614825 1871 2124 495 610290 0 0 0 27 18
409 A 637179 636777 52 34 146 125 0 0 0 45
410 T 617451 62 617156 133 13 0 23 0 0 64
411 G 623139 116 41 69 622842 0 0 0 30 41
412 A 606362 606062 75 54 103 10 0 0 0 58
413 T 599906 58 599633 92 30 0 38 0 0 55
414 C 538456 95 61 538221 36 0 0 23 0 20
415 T 529828 50 529408 230 47 0 32 0 0 61
416 G 512462 192 42 52 512126 0 0 0 13 37
417 G 514572 131 40 86 514271 0 0 0 10 34
418 C 499950 68 104 499675 51 0 0 9 0 43
419 A 497029 496812 54 21 73 12 0 0 0 57
420 T 487697 38 487507 91 41 0 6 0 0 14
421 T 483842 51 483569 104 24 0 6 0 0 88
422 C 484644 34 52 484493 47 0 0 4 0 14
423 C 483009 60 92 482671 143 0 0 14 0 29
424 A 483822 483615 29 68 69 9 0 0 0 32
425 A 480824 480642 32 57 65 4 0 0 0 24
426 T 476058 37 475856 101 8 0 8 0 0 48
427 T 475603 157 475279 65 63 0 19 0 0 20
428 T 469862 47 469598 106 65 0 26 0 0 20
429 G 473544 227 46 85 473094 0 0 0 9 83
430 A 463210 463002 46 4 124 4 0 0 0 30
431 A 462804 462595 31 44 69 12 0 0 0 53
432 T 469821 80 469581 100 8 0 24 0 0 28
433 G 444983 115 27 12 444776 0 0 0 28 25
434 A 481028 480706 41 63 146 31 0 0 0 41
435 T 478412 58 478096 169 56 0 12 0 0 21
436 A 478882 478473 40 18 157 57 0 1 0 136
437 C 512745 43 66 512543 26 0 0 43 0 24
438 A 488070 487574 28 64 276 97 0 0 2 29
439 A 565006 564608 79 18 160 44 1 0 0 96
440 C 569217 55 90 568979 48 0 0 27 0 18
441 A 570756 570301 35 191 89 100 0 0 0 40
442 T 587421 64 587179 85 16 0 52 0 0 25
443 A 499798 499177 47 26 87 96 0 0 0 365
444 C 516501 44 65 516318 36 0 0 21 0 17
445 C 518495 53 66 518270 33 0 0 43 0 30
446 A 510536 510219 51 46 158 42 0 0 0 20
447 G 527547 135 36 30 527287 0 0 0 37 22
448 A 470036 469655 31 113 148 45 0 0 0 44
449 G 516942 85 28 24 516750 0 0 0 26 29
450 G 510999 238 26 77 510590 0 0 0 12 56
451 A 513084 512717 79 17 119 29 0 0 0 123
452 C 519238 48 70 519046 23 0 0 21 0 30
453 A 509244 508941 41 39 102 51 0 0 0 70
454 A 521139 518701 77 2159 138 31 0 0 0 33
455 G 539693 164 41 31 539399 0 1 0 15 42
456 A 558128 557742 54 71 169 25 0 0 0 67
457 G 577565 115 67 32 577303 0 0 0 17 31
458 C 600548 62 55 600345 32 0 0 14 0 40
459 T 599680 56 598464 1005 26 0 33 2 0 94
460 C 605814 141 100 605248 249 0 0 16 0 60
461 T 604082 58 603839 103 30 0 26 0 0 26
462 T 613001 104 612452 138 249 0 26 0 0 32
463 G 618251 99 37 18 618064 0 0 0 8 25
464 T 624388 71 624005 124 77 0 20 0 0 91
465 T 624039 245 623533 108 65 0 14 0 0 74
466 C 628862 51 152 628499 70 0 0 28 0 62
467 G 626719 245 50 72 626284 0 0 0 15 53
468 C 642631 453 371 641657 87 0 0 8 0 55
469 A 636054 628127 7003 59 251 6 0 0 0 608
470 C 639453 49 273 639032 48 0 0 13 0 38
471 C 634145 399 331 626294 7055 0 0 16 1 49
472 G 646374 434 250 281 645315 0 0 0 52 42
473 G 654293 356 273 245 653359 0 0 0 10 50
474 C 680183 201 349 678782 756 0 0 28 0 67
475 A 682617 681734 469 170 178 23 0 0 0 43
476 T 712249 110 711804 141 48 0 79 0 0 67
477 G 711710 850 162 118 710457 1 0 0 78 44
478 G 746502 111 65 289 745958 0 0 0 25 54
479 A 779310 778867 99 20 204 26 0 0 0 94
480 T 791917 176 791291 224 66 0 34 0 0 126
481 C 740489 124 238 739692 355 0 0 46 0 34
482 C 701026 103 136 700310 370 0 0 84 0 23
483 C 659066 233 182 658381 161 0 0 69 1 39
484 A 668436 667842 107 102 294 43 0 0 0 48
485 G 702083 171 92 47 701668 0 0 0 76 29
486 G 676247 211 64 42 675822 0 0 0 47 61
487 A 642617 640886 562 37 1005 40 0 0 0 87
488 T 572795 68 571998 529 88 0 25 0 0 87
489 G 584353 173 67 474 583557 0 0 0 34 48
490 T 565989 302 564831 107 417 0 55 0 0 277
491 G 567912 274 633 246 566724 0 0 0 11 24
492 C 571164 514 125 570153 321 0 0 20 0 31
493 T 551884 196 551238 124 208 0 42 0 0 76
494 C 572454 86 63 572017 190 0 0 24 0 74
495 T 545913 109 545347 232 153 0 16 0 0 56
496 C 554727 119 152 553553 855 0 0 14 0 34
497 T 552573 1864 550368 221 59 0 17 0 0 44
498 G 525190 1014 69 66 523952 0 0 0 49 40
499 A 525572 525293 92 27 110 12 0 0 0 38
500 T 518015 70 517764 77 22 0 48 0 0 34
501 G 511333 188 48 55 510999 0 0 0 14 29
502 C 512826 73 174 512450 41 0 2 33 0 53
503 A 482799 482433 40 54 224 7 0 0 0 41
504 G 486369 130 68 39 486099 0 0 0 12 21
505 G 463688 97 25 22 463526 0 0 0 6 12
506 G 484980 60 51 58 484736 0 0 0 18 57
507 T 472645 45 471329 158 120 0 8 0 0 985
508 T 476418 63 476153 80 22 0 41 0 0 59
509 C 478734 34 176 478447 28 0 0 16 0 33
510 G 478875 171 60 44 478519 0 0 0 42 39
511 A 484311 483120 61 28 103 10 0 0 0 989
512 C 481125 34 71 480930 34 0 0 7 0 49
513 T 468028 135 467607 176 32 0 15 0 0 63
514 C 521195 136 90 520717 195 0 0 27 0 30
515 T 530629 76 529904 428 88 0 31 0 0 102
516 C 664943 3622 242 660910 68 1 0 62 0 38
517 C 655701 126 187 655148 182 0 0 18 0 40
518 C 653263 336 135 652597 63 0 0 115 0 17
519 T 649508 507 648309 494 120 1 37 0 0 40
520 A 708065 707469 87 46 181 210 0 0 0 72
521 G 678340 166 76 44 677983 0 0 0 51 20
522 G 660688 124 131 38 660316 0 0 0 33 46
523 A 608568 608217 56 22 175 14 0 0 0 84
524 G 615402 63 28 33 615219 0 0 0 35 24
525 G 596554 101 26 38 596337 0 0 0 33 19
526 T 587936 59 586942 116 30 0 25 0 0 764
527 C 582635 47 77 582431 35 0 0 16 0 29
528 T 598216 57 597440 544 100 0 35 0 0 40
529 G 598750 106 46 36 598450 0 0 0 94 18
530 G 601073 74 36 15 600872 0 0 0 17 59
531 A 598945 598586 90 7 162 13 0 0 0 87
532 G 612693 148 104 191 612161 0 0 0 10 79
533 C 606271 66 95 605987 54 0 0 20 0 49
534 T 582939 61 582476 278 31 0 13 0 0 80
535 G 584883 258 54 16 584514 0 0 0 7 34
536 C 587092 34 130 586830 50 0 0 18 0 30
537 A 589423 588542 94 65 673 8 0 0 2 39
538 G 603070 80 48 20 602809 0 0 0 18 95
539 G 610392 72 33 43 610180 0 0 0 29 35
540 C 607327 58 161 606940 89 0 0 10 0 69
541 G 600619 244 183 146 599980 0 0 0 9 57
542 C 604720 179 73 604394 48 0 0 8 0 18
543 T 594771 109 594164 332 102 0 18 0 0 46
544 G 614495 499 306 37 613612 0 0 0 16 25
545 C 606255 267 311 605343 295 1 0 15 0 23
546 A 646815 645986 365 72 298 36 0 0 0 58
547 G 667592 100 33 28 667346 0 0 0 24 61
548 T 677231 53 676760 158 83 0 28 0 0 149
549 C 686111 63 170 685762 75 0 1 14 0 26
550 A 681777 681129 103 93 302 104 0 0 0 46
551 A 677429 676978 48 23 292 57 0 0 0 31
552 A 677529 676463 71 258 620 34 0 0 0 83
553 G 657998 224 51 23 657648 0 0 0 36 16
554 G 679514 134 35 104 679170 0 0 0 43 28
555 A 603269 602347 117 357 291 30 0 0 0 127
556 G 593236 381 97 3701 589024 0 0 0 13 20
557 T 576409 3615 572073 312 79 1 26 0 0 303
558 T 561411 413 557189 298 3438 0 31 0 0 42
559 G 570658 111 96 45 570320 0 0 0 62 24
560 G 574785 126 39 76 574474 0 0 0 25 45
561 G 576962 218 34 46 576617 0 0 0 30 17
562 A 560312 559729 105 82 163 44 0 0 0 189
563 C 500856 65 71 500605 28 0 0 40 0 47
564 A 444882 444559 105 47 72 72 0 0 0 27
565 A 369653 369325 105 53 134 12 0 0 0 24
566 T 373098 46 372775 140 93 0 6 0 0 38
567 G 384125 154 68 72 383808 0 0 0 9 14
568 G 391690 213 55 31 391351 0 0 0 22 18
569 T 358851 72 356953 393 636 0 14 1 0 782
570 G 359003 232 674 161 357854 0 0 0 27 55
571 A 355721 355493 55 33 84 14 0 0 0 42
572 T 356191 45 356010 49 15 0 33 0 0 39
573 G 352460 64 34 19 352325 0 0 0 13 5
574 G 328231 35 26 10 328134 0 0 0 17 9
575 A 391656 391393 39 17 127 40 0 0 0 40
576 G 411539 113 10 14 411329 0 0 0 29 44
577 T 401798 210 401060 70 260 0 13 0 0 185
578 T 460324 175 459855 100 118 0 59 0 0 17
579 G 486374 363 52 121 485807 0 0 0 16 15
580 A 489684 489112 73 174 227 40 0 0 1 57
581 T 478875 127 478434 97 179 0 19 0 0 19
582 A 475711 475255 45 191 111 92 0 0 0 17
583 A 465075 464655 35 197 135 40 0 0 0 13
584 G 495424 78 64 13 495233 0 0 0 20 16
585 G 528246 218 201 11 527774 0 0 0 14 28
586 A 529860 529615 43 37 100 23 0 0 0 42
587 T 487291 67 487051 82 41 0 13 0 0 37
588 G 510165 91 47 30 509897 0 0 0 71 29
589 A 513694 512870 89 12 680 12 0 0 0 31
590 T 515452 125 514452 742 51 0 13 0 0 69
591 C 512826 84 89 512462 143 0 0 18 0 30
592 A 509731 509532 15 36 66 56 0 0 0 26
593 A 493255 493116 9 6 72 36 0 0 0 16
594 A 494922 494637 18 49 112 19 0 0 0 87
595 C 483074 48 61 482881 35 0 0 9 0 40
596 G 474568 109 42 20 474375 0 0 0 7 15
597 T 457344 38 456846 90 49 0 26 0 0 295
598 G 452049 94 43 21 451869 0 0 0 5 17
599 G 457720 88 54 21 457509 0 0 0 15 33
600 G 474563 125 44 18 474342 0 0 0 13 21
601 A 476288 475763 65 25 360 15 0 0 0 60
602 T 480307 38 480045 140 18 0 15 0 0 51
603 C 470943 610 136 470091 59 0 0 30 0 17
604 A 466823 466554 35 64 115 15 0 0 0 40
605 A 468146 467924 55 44 83 7 0 0 0 33
606 T 467059 50 466820 119 43 0 4 0 0 23
607 G 477698 61 27 19 477461 0 0 0 20 110
608 A 468606 468427 45 10 65 24 0 0 0 35
609 T 445044 38 444882 55 5 0 19 0 0 45
610 C 460568 82 137 460260 50 0 0 15 0 24
611 G 459323 173 40 37 459018 0 0 0 38 17
612 G 503151 164 446 91 502399 0 0 0 32 19
613 A 504377 504082 57 18 150 23 0 0 0 47
614 A 491912 491444 30 76 197 15 0 0 0 150
615 C 599227 88 90 598910 47 0 0 40 0 52
616 T 587956 38 587696 135 22 0 29 0 0 36
617 T 576920 31 576701 107 12 0 22 0 0 47
618 C 587845 60 68 587662 20 0 0 19 0 16
619 T 589825 73 589312 186 30 0 190 0 0 34
620 G 592612 108 60 34 592363 0 0 0 25 22
621 G 598286 98 48 19 598074 0 0 0 31 16
622 A 587785 587379 61 51 166 33 0 0 0 95
623 G 563672 43 37 24 563498 0 0 0 42 28
624 A 458557 458171 55 44 203 19 0 0 0 65
625 G 497129 86 40 7 496957 0 0 0 23 16
626 G 529486 104 22 9 529302 0 0 0 31 18
627 T 503207 81 500625 142 82 0 21 0 0 2256
628 G 500424 132 59 9 500177 0 0 0 14 33
629 A 498899 498530 37 12 199 93 0 0 0 28
630 A 502820 502635 22 37 96 14 0 0 0 16
631 A 505991 505383 90 152 266 10 0 0 0 90
632 A 502060 500987 773 112 132 17 0 0 0 39
633 T 484954 112 483987 250 554 0 13 0 0 38
634 G 458227 107 43 33 457996 0 0 0 10 38
635 G 458176 76 50 19 458009 0 0 0 6 16
636 A 458546 458128 37 53 215 8 0 0 0 105
637 C 447289 71 110 447054 30 0 0 4 0 20
638 G 444913 109 33 18 444725 0 0 0 3 25
639 A 445349 445181 22 34 85 9 0 0 0 18
640 A 449559 449156 25 126 216 15 0 0 0 21
641 A 450822 450337 59 143 234 12 0 0 0 37
642 A 448553 448093 31 113 272 7 0 0 0 37
643 A 446641 446010 369 104 104 8 1 1 0 44
644 C 440361 70 65 440115 55 0 0 23 0 33
645 A 438684 438331 100 33 197 9 0 0 0 14
646 A 436389 436148 23 20 128 46 0 0 0 24
647 G 449574 78 61 6 449385 0 0 0 30 14
648 G 424988 133 37 18 424761 0 0 0 19 20
649 A 406039 405599 58 69 271 9 0 0 0 33
650 G 413396 128 75 142 412998 0 0 0 14 39
651 T 391119 94 389834 139 102 0 7 0 0 943
652 G 410808 109 41 26 410589 0 0 0 15 28
653 C 405479 24 44 405349 35 0 0 8 0 19
654 T 400238 28 400053 72 21 0 48 0 0 16
655 T 427746 38 427555 95 16 0 23 0 0 19
656 A 408988 408652 36 34 90 104 0 0 0 72
657 C 449290 58 116 449027 34 0 0 27 0 28
658 G 448492 100 35 16 448249 0 0 0 35 57
659 A 412925 412720 51 7 109 9 0 0 0 29
660 G 462740 58 6816 11 455760 1 3 0 67 24
661 A 383597 383398 33 8 92 38 1 0 0 27
662 G 394019 59 15 11 393879 0 0 0 18 37
663 A 385271 385094 20 13 88 25 0 0 0 31
664 A 337198 337028 55 2 79 14 0 0 0 20
665 T 337634 43 337460 63 23 0 18 0 0 27
666 G 350620 77 54 30 350416 0 0 0 18 25
667 T 410151 61 409729 71 15 0 33 0 0 242
668 G 426311 108 37 12 426048 0 0 0 45 61
669 C 428389 28 180 428079 44 0 0 20 0 38
670 A 423170 422983 24 15 80 41 0 0 0 27
671 A 431834 431619 43 10 69 11 0 0 0 82
672 C 462691 29 50 462553 10 0 0 25 0 24
673 A 457707 457557 41 10 55 23 0 0 0 21
674 T 444294 20 444129 69 31 0 8 0 0 37
675 T 444389 32 444194 80 27 0 20 0 0 36
676 C 451665 24 42 451536 19 0 0 9 0 35
677 T 450560 60 450333 106 10 0 7 0 0 44
678 C 467920 38 62 467748 16 0 0 11 0 45
679 A 465981 465816 23 23 60 14 0 0 0 45
680 A 466880 466744 30 2 65 7 0 0 0 32
681 A 466357 466123 13 7 181 11 0 0 0 22
682 G 478014 57 31 23 477862 0 0 0 12 29
683 G 487283 84 36 28 487098 0 0 0 9 28
684 A 482552 482248 66 21 177 14 0 0 0 26
685 A 480983 480849 34 4 76 4 0 0 0 16
686 A 481254 481126 28 6 58 24 0 0 0 12
687 A 509214 508986 80 12 72 12 0 0 0 52
688 T 510127 54 509819 167 48 0 8 0 0 31
689 T 501131 115 500846 96 15 0 12 0 0 47
690 T 500385 44 500118 114 54 0 26 0 0 29
691 C 476335 44 70 476110 36 0 0 46 0 29
692 A 474749 474368 37 75 189 12 0 0 0 68
693 A 473740 473526 44 32 110 10 0 0 0 18
694 A 474522 474143 33 164 88 23 0 0 0 71
695 C 492012 149 84 491720 25 0 0 21 0 13
696 A 460557 460061 57 238 168 11 0 0 0 22
697 G 475344 230 23 179 474857 0 0 0 12 43
698 C 480776 55 87 480578 17 0 0 21 0 18
699 T 443389 65 442863 141 202 0 36 0 0 82
700 G 472580 217 77 61 472143 0 0 0 31 51
701 C 399774 57 80 399525 41 0 0 50 0 21
702 A 401751 401368 69 50 114 12 0 0 0 138
703 C 395798 75 95 395156 403 0 0 14 0 55
704 A 395332 394356 249 139 489 53 0 0 0 46
705 A 389529 388291 668 52 471 29 0 0 0 18
706 A 377426 377124 27 52 184 21 0 0 1 17
707 G 416217 108 41 34 415980 0 0 0 26 28
708 G 415563 127 24 44 415322 0 0 0 17 29
709 G 391326 90 65 49 391055 0 0 0 21 46
710 C 388025 25 128 387723 89 0 0 19 0 41
711 A 382721 382404 40 28 114 94 0 0 0 41
712 A 409833 409582 60 38 97 39 0 0 0 17
713 T 387858 98 387595 64 36 0 17 0 0 48
714 G 389513 108 63 38 389255 0 0 0 29 20
715 A 362729 362417 43 21 222 9 0 0 0 17
716 T 378036 45 377706 112 52 0 55 0 0 66
717 G 376574 197 57 22 376268 1 0 0 13 16
718 G 413488 75 35 26 413311 0 0 0 24 17
719 A 413647 413382 53 38 121 9 0 0 0 44
720 T 406926 60 406653 108 25 0 21 0 0 59
721 C 392024 43 46 391878 23 0 0 14 0 20
722 A 393338 393097 35 15 124 47 0 0 0 20
723 A 442873 442548 24 31 198 24 0 0 0 48
724 G 447293 121 43 35 447072 0 0 0 12 10
725 T 448057 82 447612 97 45 0 7 0 0 214
726 G 453429 222 82 60 453008 0 0 0 25 32
727 A 443036 442727 54 70 107 37 0 0 0 41
728 G 459684 142 37 28 459408 0 0 0 20 49
729 A 458204 457693 84 49 325 10 0 0 0 43
730 G 461394 96 31 21 461165 0 0 0 11 70
731 A 453399 453184 33 16 119 13 0 0 0 34
732 A 443778 443555 27 10 136 27 0 0 0 23
733 A 472542 472138 23 116 209 20 0 0 0 36
734 G 481880 80 40 98 481619 0 0 0 12 31
735 T 481914 59 481333 97 130 0 7 0 0 288
736 C 468556 121 160 468224 20 0 0 3 0 28
737 G 464192 188 34 44 463864 0 0 0 36 26
738 G 469148 116 81 2391 466481 0 0 0 25 54
739 A 466979 466774 30 24 107 9 0 0 0 35
740 A 470940 470392 64 33 83 9 0 0 0 359
741 C 478066 115 556 477336 24 0 0 8 0 27
742 C 516148 543 79 514134 1324 0 0 36 0 32
743 C 527287 56 63 527019 88 0 0 36 0 25
744 A 526064 523901 61 901 1132 37 0 0 0 32
745 G 544625 102 68 24 544341 0 0 0 65 25
746 G 539723 90 28 53 539505 0 0 0 14 33
747 A 536101 535738 47 54 186 28 0 0 0 48
748 A 542158 541456 357 60 182 50 0 0 0 53
749 A 508032 507447 66 74 388 32 0 0 0 25
750 T 537548 166 536798 404 56 0 61 0 0 63
751 G 544070 102 28 30 543863 0 0 0 11 36
752 C 583444 62 122 583175 30 0 0 26 0 29
753 T 564950 42 564632 181 34 0 24 0 0 37
754 G 571216 93 52 21 570957 0 0 0 59 34
755 A 537958 537655 45 32 125 48 0 0 0 53
756 G 548678 93 37 9 548485 0 0 0 17 37
757 A 546945 546653 63 23 134 4 0 0 0 68
758 T 551044 71 550774 86 33 0 19 0 0 61
759 C 537511 85 127 537197 60 0 0 12 1 29
760 G 535249 188 36 26 534884 0 0 0 73 42
761 A 515756 515580 30 12 78 12 0 0 0 44
762 A 512417 512219 26 12 108 14 0 0 0 38
763 G 547194 43 51 10 547046 0 0 0 18 26
764 A 546439 546097 61 13 72 21 0 0 0 175
765 T 522879 44 522606 127 7 0 12 0 0 83
766 C 520567 92 80 520187 131 0 0 22 0 55
767 T 491599 66 491144 179 124 0 41 0 0 45
768 C 500984 72 250 500594 23 0 0 13 0 32
769 A 499188 498595 186 142 223 10 0 0 0 32
770 T 499948 56 499566 81 187 0 20 0 0 38
771 C 495064 52 189 494766 19 0 0 21 0 17
772 T 455929 39 455695 108 34 0 12 0 0 41
773 T 458739 30 458567 81 32 0 7 0 0 22
774 T 458909 54 458679 99 19 0 13 0 0 45
775 C 454740 142 205 454287 69 0 0 17 0 20
776 T 452966 58 452585 169 97 0 20 0 0 37
777 G 441580 125 85 143 441169 0 0 0 33 25
778 G 447239 115 35 35 447017 0 0 0 14 23
779 C 444338 56 134 444024 42 0 0 8 0 74
780 A 443040 442718 65 29 117 3 0 0 0 108
781 C 438276 51 128 438031 20 0 0 23 0 23
782 G 455402 93 26 15 455175 0 0 0 31 62
783 G 463820 84 16 9 463684 0 0 0 14 13
784 T 462711 39 461720 271 377 0 14 0 0 290
785 C 464785 230 322 464157 29 0 0 19 0 28
786 T 474229 511 472690 784 100 0 113 0 0 31
787 G 468073 777 70 28 467126 1 0 0 45 26
788 C 480368 215 284 479704 113 0 0 22 0 30
789 A 463428 462207 627 54 117 16 0 0 0 407
790 C 459409 65 162 459028 97 0 0 33 0 24
791 T 411863 78 411489 197 54 0 20 0 0 25
792 C 446910 209 106 446438 76 0 0 35 0 46
793 A 454699 453590 256 370 415 23 0 0 0 45
794 T 443870 57 443197 311 217 1 57 0 0 30
795 A 431140 430218 529 115 104 9 0 0 0 165
796 T 449114 733 448035 92 139 0 99 0 0 16
797 T 454267 657 453233 186 97 0 25 0 0 69
798 G 497469 208 96 79 496990 0 0 0 43 53
799 A 481441 480966 35 48 138 22 0 0 0 232
800 G 518349 137 26 41 518067 0 0 0 43 35
801 A 474719 472605 38 17 237 15 0 0 0 1807
802 G 482470 465 204 32 481722 0 0 0 17 30
803 G 515306 79 50 245 514886 0 0 0 22 24
804 G 528790 116 370 290 527814 0 0 0 19 181
805 T 540759 160 539796 102 25 0 20 0 0 656
806 C 545140 44 73 544667 23 0 0 17 0 316
807 A 540740 540031 57 26 212 44 0 0 0 370
808 G 555980 100 35 138 555199 0 0 0 13 495
809 T 554746 119 554430 86 23 0 3 0 0 85
810 T 552833 101 552348 181 76 0 12 0 0 115
811 G 561314 171 49 28 560705 0 0 0 14 347
812 C 552675 49 97 552422 36 0 0 16 0 55
813 T 554413 88 552832 173 44 0 4 0 0 1272
814 C 566911 51 107 566606 80 0 0 9 0 58
815 A 565477 564708 91 52 82 7 0 0 0 537
816 C 574382 79 81 571267 34 0 0 13 0 2908
817 A 569010 568778 74 39 77 12 1 0 0 29
818 A 578754 578498 72 24 72 30 0 0 0 58
819 A 578724 578112 93 13 152 3 0 0 0 351
820 T 577141 109 576714 109 22 0 26 0 0 161
821 C 572804 36 76 570553 99 0 0 10 0 2030
822 T 570027 46 569575 282 33 0 58 0 0 33
823 T 552387 221 551716 129 227 0 16 0 0 78
824 G 552140 106 80 312 551098 0 0 1 24 519
825 T 529109 269 528196 351 74 0 11 0 0 208
826 C 529060 168 101 528488 76 0 0 23 0 204
827 T 462510 209 460841 87 50 0 11 0 0 1312
828 G 462513 183 193 65 460123 0 0 0 6 1943
829 C 456930 293 493 455970 133 0 0 11 0 30
830 C 454749 110 126 454199 216 0 0 38 0 60
831 C 396336 77 295 395785 148 0 0 13 0 18
832 G 370132 295 127 233 369354 0 0 0 17 106
833 C 379029 50 398 378426 138 0 0 8 0 9
834 C 377296 268 154 376621 159 0 0 16 0 78
835 T 360594 212 358750 632 923 0 10 0 1 66
836 G 355721 197 563 365 354533 0 0 0 26 37
837 T 343024 260 341699 598 243 0 32 0 0 192
838 G 365508 288 51 40 365044 0 0 0 27 58
839 T 323947 49 323552 150 56 0 28 0 0 112
840 G 347040 200 71 190 346238 1 1 0 57 282
841 T 260846 24 260631 82 28 1 14 0 0 66
842 A 260160 259658 30 18 68 44 0 0 0 342
843 T 258730 54 256551 206 41 1 10 0 0 1867
844 G 262343 156 98 101 261943 0 0 0 36 9
845 G 294120 141 152 174 293285 0 0 0 19 349
846 A 288859 218535 165 110 311 10 0 1 0 69727
847 C 291933 1216 2114 244193 44317 0 0 14 4 75
848 C 293186 7336 2744 238287 44771 1 1 18 17 11
849 T 282904 7302 267227 6107 2058 1 67 1 1 140
850 G 410334 1215 417 49 408574 1 0 0 50 28
851 C 410791 117 154 409273 1214 0 0 22 0 11
852 C 397308 163 183 395804 1112 0 0 16 0 30
853 G 386804 472 139 182 385971 0 0 0 17 23
854 T 383797 177 383166 166 131 0 79 0 0 78
855 A 391593 390762 100 207 490 10 0 0 0 24
856 G 405687 74 107 47 405423 0 0 0 10 26
857 C 405588 40 48 405422 54 0 0 8 0 16
858 C 417922 17 86 417722 67 0 0 10 0 20
859 A 480447 480145 44 121 73 36 0 0 0 28
860 G 487765 137 25 57 487505 0 0 0 24 17
861 T 488637 54 486376 62 1982 0 6 0 0 157
862 G 531253 150 127 14 530915 0 0 0 14 33
863 G 530651 80 97 73 530387 0 0 0 4 10
864 C 536298 106 126 535934 66 0 0 23 0 43
865 T 533668 413 507571 25347 299 0 17 0 0 21
866 A 536515 534573 730 256 752 69 1 0 0 134
867 C 532859 2071 634 529207 927 0 0 2 0 18
868 G 563362 125 23 13 563167 0 0 0 11 23
869 A 563471 563190 23 12 85 8 0 0 0 153
870 C 567012 40 85 566823 14 0 0 10 0 40
871 T 546083 117 544543 290 1095 0 7 0 0 31
872 T 548298 2705 543703 821 1026 0 4 0 0 39
873 C 548006 264 317 547059 330 0 0 3 0 33
874 G 551225 236 215 53 550676 0 0 0 12 33
875 A 551626 551080 301 39 177 4 0 0 0 25
876 A 551691 551199 43 59 349 22 0 0 0 19
877 A 552576 551744 22 553 230 5 0 0 0 22
878 A 554728 553970 47 15 642 16 0 0 0 38
879 A 553567 551779 32 585 1113 16 0 0 0 42
880 G 557306 839 109 2159 554139 0 0 0 19 41
881 A 546763 528324 4969 12365 1025 25 0 0 0 55
882 G 544574 1564 1779 15243 525900 0 1 3 22 62
883 G 543539 73 39 16 543368 0 0 0 25 18
884 G 539128 92 64 19 538882 0 0 0 42 29
885 A 524438 524049 55 5 166 15 0 0 0 148
886 T 518168 86 517833 125 11 0 33 0 0 80
887 A 464308 462863 66 16 98 19 0 0 0 1246
888 C 465880 61 49 465673 38 0 0 28 0 31
889 T 424707 110 424392 93 10 0 35 0 0 67
890 C 437799 58 41 437545 98 0 0 21 0 36
891 T 449491 66 449113 169 38 0 45 0 0 60
892 T 434872 22 434678 91 15 0 55 0 0 11
893 T 422810 50 422604 75 23 0 43 0 0 15
894 A 403176 402894 49 13 132 63 0 0 0 25
895 G 415703 60 65 12 415524 0 0 0 29 13
896 T 400508 58 400024 56 54 0 24 0 0 292
897 G 392412 73 39 40 392234 0 0 0 20 6
898 G 393201 51 54 25 393001 0 0 0 57 13
899 G 380696 75 35 16 380527 0 0 0 28 15
900 A 451187 450785 93 37 197 23 0 0 0 52
901 A 460135 459093 291 511 195 22 0 0 0 23
902 T 460914 266 459897 187 499 1 34 0 0 30
903 A 454828 454180 141 95 264 109 0 0 0 39
904 G 462696 239 268 1100 461041 0 0 0 14 34
905 A 467108 464390 190 1133 244 15 0 0 0 1136
906 C 477274 300 426 476162 324 0 0 10 0 52
907 C 470629 29 40 468683 1850 0 0 15 0 12
908 C 500447 56 63 500221 59 0 0 35 0 13
909 T 499636 56 498775 557 225 0 6 0 0 17
910 T 508516 81 508142 90 138 0 34 0 0 31
911 T 484833 58 484583 102 46 0 11 0 0 33
912 C 488892 75 119 488469 108 0 0 93 0 28
913 A 487605 486241 64 545 715 15 0 0 0 25
914 A 490866 489734 84 246 760 11 0 1 0 30
915 A 496504 494848 93 875 557 2 0 0 0 129
916 C 497334 2337 467 493795 714 0 0 11 0 10
917 T 485987 1835 475527 2165 6408 0 5 0 0 47
918 G 495358 433 1072 2885 490939 1 0 0 8 20
919 C 499650 88 2129 497311 94 0 0 1 0 27
920 T 500221 66 497835 172 2123 0 6 0 0 19
921 T 500666 134 500093 341 40 0 9 0 0 49
922 C 507421 222 337 505490 1327 0 0 18 2 25
923 A 505376 503328 987 389 593 26 0 0 0 53
924 A 506424 504537 378 252 1201 5 0 0 0 51
925 A 506444 489324 558 13615 2924 8 0 0 0 15
926 A 504418 486175 367 1908 15803 14 1 0 5 145
927 C 507769 2388 11955 490561 2825 0 4 15 1 20
928 A 493424 484909 2257 861 5353 17 0 0 0 27
929 G 520141 994 1321 4554 513206 0 0 1 18 47
930 C 525743 4207 1346 518518 1638 1 0 14 0 19
931 C 535932 3921 587 530949 423 0 0 23 0 29
932 A 527619 519900 45 4309 3275 6 0 0 0 84
933 A 528602 521991 1827 2210 2501 45 1 3 3 21
934 G 595643 256 821 889 593588 0 1 0 48 40
935 T 610014 1018 607502 251 829 0 94 0 0 320
936 A 596182 593094 157 1101 1780 20 0 0 0 30
937 T 587273 73 586944 119 50 0 32 0 0 55
938 A 566179 565585 98 61 173 133 0 0 0 129
939 C 551772 62 429 551145 82 0 0 38 0 16
940 A 537950 536869 102 73 844 32 0 0 0 30
941 G 619345 146 74 565 618499 0 0 0 25 36
942 C 627992 78 185 627322 331 0 0 36 0 40
943 C 556627 270 446 555817 65 0 0 11 0 18
944 T 610150 87 608980 439 479 0 128 0 0 37
945 A 640217 638713 549 241 539 113 0 0 0 62
946 A 643814 643187 204 151 195 35 0 0 0 42
947 T 650164 48 649660 177 150 0 35 0 0 94
948 C 591856 84 210 591326 181 0 0 33 0 22
949 A 550532 549883 38 341 198 43 0 1 0 28
950 G 556690 96 33 17 556463 0 0 0 13 68
951 A 558672 557944 333 14 133 5 0 0 0 243
952 C 574696 269 565 573342 487 0 0 10 0 23
953 C 565486 265 337 563892 956 0 0 9 0 27
954 G 568841 743 588 922 566512 0 0 0 30 46
955 A 580870 574016 106 181 6531 15 0 0 0 21
956 A 590957 583397 6682 75 676 21 2 0 0 104
957 C 586972 5873 330 580487 153 0 0 9 0 120
958 G 586728 106 60 22 586492 0 0 0 9 39
959 A 605659 605307 100 25 146 25 0 0 0 56
960 G 610334 86 60 46 610106 0 0 0 7 29
961 A 618697 617967 93 370 134 34 1 1 0 97
962 A 641414 640785 67 31 486 12 0 0 0 33
963 T 639042 83 638171 594 70 0 13 0 0 111
964 C 636307 138 82 636012 39 0 0 13 0 23
965 C 639278 72 171 638937 61 0 0 14 0 23
966 A 629662 628660 112 107 597 52 0 0 0 134
967 G 645419 456 134 234 644508 0 0 0 22 65
968 C 637810 248 272 636813 419 0 0 13 0 45
969 A 675978 674958 192 236 300 34 0 0 0 258
970 C 705508 68 82 705285 23 0 0 25 0 25
971 A 684364 683832 74 52 107 61 0 0 0 238
972 C 695368 91 306 694921 26 0 0 9 0 15
973 A 690204 689809 26 16 224 95 0 0 0 34
974 A 698182 697834 63 18 177 55 0 0 0 35
975 G 703645 141 41 12 703257 0 0 0 27 167
976 A 665153 664861 49 14 110 21 0 0 0 98
977 G 671084 132 30 22 670826 0 0 0 30 44
978 T 584418 55 583405 96 16 0 49 0 0 797
979 C 609873 236 150 609334 38 0 0 65 0 50
980 A 581555 581208 40 33 198 30 0 0 0 46
981 G 583345 226 42 194 582812 0 0 0 44 27
982 C 583428 72 539 582515 227 0 0 40 0 35
983 T 499234 55 498869 118 119 0 39 0 0 34
984 G 527244 720 210 56 526205 0 1 0 25 27
985 G 535145 247 252 62 534523 0 0 0 29 32
986 T 529220 56 528176 86 223 0 14 0 0 665
987 G 613800 495 426 108 612699 0 0 0 59 13
988 T 596868 241 596007 122 109 0 109 0 0 280
989 G 597844 239 145 28 597339 0 0 0 60 33
990 G 540479 283 81 20 540056 0 0 0 14 25
991 A 536433 535779 134 124 202 36 0 0 0 158
992 T 543580 130 543137 146 53 0 21 0 0 93
993 G 528690 152 151 118 528178 0 0 0 29 62
994 G 525815 2129 82 48 523520 0 0 0 12 24
995 C 530643 116 182 530107 164 0 1 17 0 56
996 A 536520 535738 277 72 368 24 0 0 0 41
997 T 555336 1460 553221 142 458 0 8 0 0 47
998 G 559187 242 1401 814 556654 0 0 0 31 45
999 C 568486 438 520 566042 1428 0 0 19 0 39
1000 C 566077 85 143 565697 40 0 0 35 0 77
1001 A 560615 560356 55 33 93 8 0 0 0 70
1002 T 562140 54 561896 104 33 0 19 0 0 34
1003 T 546459 183 545981 72 127 1 55 0 0 40
1004 C 541398 40 83 540988 223 0 0 25 0 39
1005 T 520761 84 520329 177 79 0 54 0 0 38
1006 G 524503 250 68 48 524104 0 0 0 7 26
1007 C 539180 34 107 538772 211 0 0 23 0 33
1008 T 488774 76 488126 333 178 0 18 0 1 42
1009 G 494573 137 43 53 494303 0 0 0 15 22
1010 C 461396 39 87 461043 185 0 0 12 0 30
1011 A 457219 456736 29 218 147 8 0 0 0 81
1012 T 471405 296 470121 90 847 0 24 0 0 27
1013 T 463706 31 462263 376 990 0 36 0 0 10
1014 T 464674 357 463234 385 650 0 30 0 0 18
1015 G 462561 76 35 11 462394 0 0 0 15 30
1016 A 454393 454174 45 11 123 13 0 0 0 27
1017 A 454867 454275 310 17 220 14 0 0 0 31
1018 G 441125 131 60 46 440848 0 0 0 13 27
1019 A 461169 460855 77 21 97 29 0 0 0 90
1020 T 464241 39 464001 125 29 0 9 0 0 38
1021 C 456370 103 37 456177 17 0 0 20 0 16
1022 T 458270 29 457991 185 12 0 33 0 0 20
1023 A 445368 445119 20 28 95 90 0 0 0 16
1024 A 444881 444323 91 93 330 29 0 0 0 15
1025 G 448522 92 41 126 448201 0 0 0 12 50
1026 A 437697 437186 61 193 201 16 0 0 0 40
1027 G 474678 88 122 9 474392 0 0 0 43 24
1028 T 402021 29 400959 65 17 0 10 0 0 941
1029 A 397366 397069 79 12 166 14 0 0 0 26
1030 T 390290 90 390029 130 12 0 8 0 0 21
1031 T 387621 35 387320 121 14 0 110 0 0 21
1032 A 399791 399453 45 128 119 33 0 0 0 13
1033 A 363066 362902 26 37 67 19 0 0 0 15
1034 G 353333 77 111 24 353096 0 0 0 10 15
1035 C 354726 40 77 354506 30 0 0 21 0 52
1036 T 304633 136 304333 90 47 0 4 0 0 23
1037 T 356865 44 356607 101 40 0 39 0 0 34
1038 C 361774 67 92 361384 182 0 0 20 0 29
1039 A 371680 371481 50 28 70 21 0 0 0 30
1040 T 372288 40 372104 68 24 0 13 0 0 39
1041 C 366464 38 61 366278 28 0 0 45 0 14
1042 A 366046 365824 31 32 92 29 0 0 0 38
1043 G 357463 39 21 23 357342 0 0 0 8 30
1044 A 359724 359495 25 9 144 3 0 0 0 48
1045 G 356577 55 43 17 356426 0 0 0 16 20
1046 G 379401 47 40 29 379244 0 0 0 24 17
1047 G 461704 135 31 15 461425 0 0 0 47 51
1048 A 464179 462507 247 31 992 21 0 0 0 381
1049 C 470262 67 182 469765 199 0 0 23 0 26
1050 C 460405 93 185 459911 141 0 0 40 0 35
1051 A 467441 467171 33 59 86 66 0 0 0 26
1052 A 500103 499914 47 14 90 18 0 0 0 20
1053 A 498326 497852 42 34 347 6 0 0 0 45
1054 G 506456 100 36 11 506263 0 0 0 8 38
1055 T 498965 71 498339 76 27 0 20 0 0 432
1056 A 502292 501971 81 5 121 46 0 0 0 68
1057 T 508033 249 506925 673 25 0 26 0 0 135
1058 C 510975 55 88 510559 238 0 0 19 0 16
1059 C 507604 83 61 507243 182 0 0 5 0 30
1060 C 501758 102 212 501306 83 0 0 25 0 30
1061 C 477434 194 90 477039 82 0 0 10 0 19
1062 A 476231 475728 211 101 104 34 1 0 0 52
1063 A 469287 469064 40 9 124 6 0 0 0 44
1064 G 475962 109 47 8 475750 0 0 0 12 36
1065 G 466320 65 29 12 466183 0 0 0 11 20
1066 G 462807 32 36 13 462677 0 0 0 18 31
1067 G 432827 50 25 16 432692 0 0 0 18 26
1068 G 413217 106 29 13 413005 0 0 0 24 40
1069 A 410481 410234 25 10 116 8 0 0 0 88
1070 A 424829 424673 20 9 93 15 0 0 0 19
1071 A 427341 427068 25 51 79 12 0 0 0 106
1072 C 438493 70 49 438327 11 0 0 13 0 23
1073 T 421270 14 421062 158 10 0 10 0 0 16
1074 T 422637 23 422479 80 16 0 7 0 0 32
1075 T 435601 92 434597 756 78 0 26 0 0 52
1076 C 408886 88 301 407889 551 0 0 33 0 24
1077 C 434307 59 126 433300 787 0 0 8 0 27
1078 A 483951 483528 55 32 118 36 0 0 0 182
1079 C 496563 37 66 496370 13 0 0 26 0 51
1080 T 498225 30 497964 82 68 0 33 0 0 48
1081 A 481792 481255 34 234 136 95 0 0 0 38
1082 G 490270 67 72 16 490079 0 0 0 15 21
1083 A 495308 494831 40 13 346 36 0 0 0 42
1084 G 500769 50 50 22 500599 0 0 0 18 30
1085 G 524618 60 22 33 524441 0 0 0 38 24
1086 A 456294 455886 60 15 226 32 0 0 0 75
1087 G 516543 123 103 20 516240 0 0 0 26 31
1088 T 511361 65 509790 134 133 0 34 0 0 1205
1089 A 512782 512210 165 18 170 33 0 0 0 186
1090 C 520029 81 102 519710 70 0 0 34 0 32
1091 A 500690 500342 88 44 91 109 0 0 0 16
1092 A 500581 500314 92 11 104 32 0 0 0 28
1093 A 553586 553155 130 93 121 42 0 0 0 45
1094 T 542672 71 542423 84 17 0 45 0 0 32
1095 T 518615 32 518236 105 157 0 41 0 0 44
1096 G 457939 87 63 23 457731 0 0 0 12 23
1097 C 450295 32 104 450078 44 0 0 8 0 29
1098 T 450547 21 450349 74 48 0 9 0 0 46
1099 T 450151 113 449908 69 15 0 14 0 0 32
1100 C 448716 61 59 448509 35 0 0 16 0 36
1101 A 442499 442285 37 55 87 9 0 0 0 26
1102 A 449834 449519 56 106 106 4 0 0 0 43
1103 A 453259 452962 47 124 67 6 0 0 0 53
1104 T 455446 76 455024 152 168 0 5 0 0 21
1105 G 452333 136 42 24 452102 0 0 0 8 21
1106 A 448605 448401 26 62 90 10 0 0 0 16
1107 A 452880 452666 22 21 131 8 0 0 0 32
1108 A 454258 454035 35 77 85 11 0 0 0 15
1109 A 456348 456055 52 97 71 5 0 0 0 68
1110 C 474106 87 42 473892 44 0 0 6 0 35
1111 A 470148 469857 129 21 97 18 0 0 0 26
1112 T 489184 74 488827 147 77 0 28 0 0 31
1113 G 471775 255 90 47 471353 0 0 0 12 18
1114 G 468687 79 27 15 468498 0 0 0 45 23
1115 A 481161 480914 37 19 98 7 0 0 0 86
1116 T 476271 48 476066 91 25 0 7 0 0 34
1117 G 480935 248 54 908 479677 0 0 0 12 36
1118 C 546954 74 210 545608 982 0 0 43 0 37
1119 T 528265 25 527359 255 533 0 58 0 1 34
1120 A 527932 527583 98 47 138 20 0 0 0 46
1121 T 504447 66 504176 85 78 0 16 0 0 26
1122 G 514512 227 83 54 513995 0 0 0 128 25
1123 G 515506 114 49 32 515254 0 0 0 21 36
1124 A 486445 486066 125 24 161 30 0 0 0 39
1125 A 486100 485694 49 100 161 30 0 0 0 66
1126 T 430090 63 429756 115 70 0 42 0 0 44
1127 C 400918 83 50 400600 140 0 0 36 0 9
1128 A 394500 394138 89 35 208 9 0 0 0 21
1129 A 390722 390162 126 191 197 28 0 0 0 18
1130 G 394392 128 198 99 393942 0 0 0 15 10
1131 T 373165 75 372494 157 221 0 24 0 0 194
1132 A 366449 365206 21 25 93 19 0 0 1 1084
1133 C 394332 31 54 394015 181 0 0 29 1 21
1134 T 375824 157 375470 86 31 1 14 0 0 65
1135 C 387624 81 41 387312 146 0 0 22 0 22
1136 T 341101 27 340960 75 22 0 5 0 0 12
1137 T 343212 28 342895 107 111 0 46 0 1 24
1138 G 348115 68 11 41 347968 0 0 0 9 18
1139 A 359189 359022 38 5 53 30 0 0 0 41
1140 A 361511 361354 32 9 50 8 0 0 0 58
1141 C 363233 1794 64 361133 206 1 0 10 0 25
1142 T 350039 35 348064 1865 37 0 11 1 0 26
1143 G 361804 1900 92 197 359593 0 0 0 5 17
1144 A 370197 369971 27 40 94 14 0 0 0 51
1145 G 377425 48 22 11 377297 0 0 0 24 23
1146 A 375940 375757 18 13 116 10 0 0 0 26
1147 A 424539 424181 76 23 209 34 0 0 0 16
1148 G 431710 95 65 162 431355 0 0 0 14 19
1149 C 468802 186 189 468182 154 0 0 33 0 58
1150 A 466135 465452 78 250 284 16 0 0 1 54
1151 G 468421 81 50 71 468136 0 0 0 59 24
1152 G 543834 233 93 109 543328 0 0 0 55 16
1153 T 542832 101 541741 147 57 0 19 0 0 767
1154 A 547792 547327 75 33 165 19 0 0 0 173
1155 C 563124 82 188 562712 76 0 0 40 0 26
1156 T 530727 58 530345 149 27 0 112 0 0 36
1157 G 546302 114 85 44 546009 0 0 0 21 29
1158 G 556038 114 48 30 555794 0 0 0 24 28
1159 G 543301 147 57 63 542964 0 0 0 6 64
1160 C 578809 42 129 578453 76 0 0 34 0 75
1161 C 522369 280 135 521799 73 0 0 41 0 41
1162 A 539056 538772 106 32 77 34 0 0 0 35
1163 T 539351 66 539065 106 24 0 30 0 1 59
1164 A 533265 532954 76 27 172 6 0 0 0 30
1165 A 549293 548953 52 95 150 21 0 0 0 22
1166 G 539215 114 24 12 538973 0 0 0 63 29
1167 A 515229 515010 38 10 109 19 0 0 0 43
1168 A 512641 512147 62 59 87 11 0 0 0 275
1169 C 511498 57 56 511322 43 0 0 7 0 13
1170 C 537226 57 94 536944 97 0 0 15 0 19
1171 A 522300 521754 71 273 124 43 0 2 0 33
1172 G 533863 109 41 37 533628 0 0 0 24 24
1173 A 534355 533910 55 34 314 18 0 0 0 24
1174 A 528579 528293 87 26 137 8 0 0 0 28
1175 G 543360 81 37 103 543106 0 0 0 12 21
1176 T 513185 51 512203 113 39 0 30 0 0 749
1177 G 516890 87 32 17 516713 0 0 0 14 27
1178 G 528332 65 54 95 528084 0 0 0 19 15
1179 A 528422 527448 57 24 752 35 0 0 0 106
1180 G 536989 89 47 17 536798 0 0 0 18 20
1181 G 537553 80 27 28 537327 0 0 0 31 60
1182 A 509581 509307 50 14 135 28 0 0 0 47
1183 A 509080 508347 162 104 397 29 0 0 0 41
1184 A 510472 509698 45 436 180 12 0 0 0 101
1185 C 522665 419 219 521919 71 0 0 13 0 24
1186 A 521866 519028 638 981 785 22 0 0 0 412
1187 C 552910 328 113 551229 1204 0 0 22 0 14
1188 T 539647 1016 536899 1023 629 0 40 1 0 39
1189 A 582071 581378 319 185 124 44 0 0 0 21
1190 A 612318 611548 285 83 352 30 0 0 0 20
1191 T 609974 143 609227 237 199 0 97 0 0 71
1192 C 616797 1239 186 615222 78 0 0 33 0 39
1193 A 593604 589480 2499 120 1356 115 3 0 3 28
1194 A 598353 594834 106 2701 597 27 0 0 0 88
1195 C 607549 1033 320 605821 304 1 0 46 0 24
1196 A 527651 525564 345 207 1482 30 0 0 0 23
1197 G 523233 336 303 409 522104 0 0 0 32 49
1198 A 477241 476819 59 75 219 34 0 0 0 35
1199 G 485356 123 50 43 485093 0 0 0 27 20
1200 G 515106 94 42 69 514836 0 0 0 30 35
1201 G 459739 632 37 340 458679 0 0 0 13 38
1202 C 467151 93 124 466093 783 0 0 6 0 52
1203 C 472236 541 105 471149 363 0 0 29 0 49
1204 T 468527 129 468023 193 78 0 57 0 0 47
1205 C 491834 84 58 491515 88 0 0 24 0 65
1206 T 480377 79 479847 320 69 0 21 0 0 41
1207 G 482909 159 42 47 482619 0 0 0 11 31
1208 C 481230 55 187 480853 85 0 0 20 0 30
1209 A 463569 463134 70 46 245 36 0 0 0 38
1210 G 499458 63 47 19 499289 0 0 0 16 24
1211 G 499538 75 26 45 499365 0 0 0 10 17
1212 T 504500 91 503074 248 463 0 9 0 0 615
1213 C 505088 119 96 504781 12 0 0 12 0 68
1214 A 491998 491717 26 60 76 87 0 0 0 32
1215 A 521903 521613 59 11 170 25 0 0 0 25
1216 A 509846 509586 90 23 92 22 0 0 0 33
1217 T 514209 66 513958 127 7 0 7 0 0 44
1218 C 512608 65 73 512384 30 0 0 25 0 31
1219 A 479006 478747 28 24 148 31 0 0 0 28
1220 G 508754 83 26 30 508559 0 0 0 26 30
1221 T 493014 71 492589 74 22 0 27 0 0 231
1222 G 496356 133 41 11 496088 0 0 0 12 71
1223 T 490304 57 489877 130 12 0 20 0 0 208
1224 G 476503 303 28 15 476076 0 0 0 44 37
1225 C 487904 305 327 486897 271 0 1 61 0 42
1226 A 480705 479893 173 416 146 26 0 0 0 51
1227 A 487800 486589 468 227 193 10 0 0 0 313
1228 C 488634 44 229 488093 231 0 0 10 0 27
1229 C 488141 72 39 487746 241 1 0 25 0 17
1230 T 444136 57 443200 660 160 0 21 0 1 37
1231 G 458329 310 179 34 457752 0 0 0 21 33
1232 C 495464 44 201 495016 125 0 0 35 0 43
1233 A 485992 485510 119 132 158 22 0 0 0 51
1234 T 494969 103 494632 71 66 0 77 0 0 20
1235 T 491464 13 491312 47 17 0 56 0 0 19
1236 T 465244 58 464972 86 48 0 35 0 0 45
1237 T 468158 96 467895 93 24 0 29 0 0 21
1238 C 437487 29 61 437279 95 0 0 6 0 17
1239 T 407824 42 407479 172 81 0 18 0 0 32
1240 G 442911 180 271 67 442345 0 0 0 24 24
1241 T 430509 60 430076 192 52 0 9 0 0 120
1242 G 443318 221 54 111 442887 0 0 0 17 28
1243 C 449919 1065 3763 444140 895 0 1 20 0 35
1244 A 444463 434624 1025 3682 5041 68 1 0 1 21
1245 A 453161 446295 4714 143 1959 15 1 0 0 34
1246 A 451470 451158 39 39 199 13 0 0 0 22
1247 G 466769 112 41 29 466504 0 0 0 34 49
1248 A 462019 461752 42 15 156 30 0 0 0 24
1249 A 420645 419933 368 143 158 14 0 0 0 29
1250 A 440249 438371 339 429 170 15 0 0 0 925
1251 C 443661 437 271 442584 301 0 0 37 0 31
1252 C 469018 12804 323 455688 154 6 0 23 0 20
1253 T 470175 41 469635 162 246 0 24 0 0 67
1254 C 462397 90 70 450458 11744 0 0 18 1 16
1255 C 485968 64 52 485653 141 0 0 41 0 17
1256 C 474767 71 128 474376 127 0 0 9 0 56
1257 A 477594 477262 95 69 127 14 0 0 0 27
1258 T 481843 156 481300 111 217 0 25 0 0 34
1259 T 456177 82 455708 219 79 0 41 0 0 48
1260 T 461490 72 460951 229 196 0 16 0 0 26
1261 G 459818 1196 974 337 457251 1 0 0 12 47
1262 A 469388 463559 882 4471 373 13 0 2 0 88
1263 C 468076 3890 1065 462547 514 3 0 18 0 39
1264 A 447848 445099 530 963 1180 26 1 0 0 49
1265 A 462232 459012 720 534 1938 12 0 0 0 16
1266 A 465008 461604 1353 452 1427 11 1 0 0 160
1267 C 486491 214 544 482406 3273 0 0 20 1 33
1268 C 480322 432 235 475488 4112 0 0 40 0 15
1269 A 443715 440901 1123 137 1497 26 1 0 0 30
1270 A 460941 459810 435 147 260 26 0 0 0 263
1271 C 458693 256 411 457720 241 1 1 26 0 37
1272 C 486133 219 208 485252 422 0 0 23 0 9
1273 A 481143 480620 87 83 305 12 0 0 1 35
1274 T 485236 82 484672 294 63 0 23 0 0 102
1275 C 485071 118 118 484657 127 0 0 27 0 24
1276 A 468048 466954 316 403 306 31 1 0 0 37
1277 T 476202 133 475294 435 271 0 18 0 0 51
1278 G 455211 1639 362 419 452731 0 0 0 32 28
1279 G 451860 860 78 161 450725 0 0 0 17 19
1280 C 421269 239 148 419720 1129 0 0 5 0 28
1281 A 399523 397585 336 928 609 27 0 0 0 38
1282 G 410924 306 234 41 410275 0 0 0 18 50
1283 C 402376 55 253 401924 100 0 0 19 0 25
1284 A 398304 397655 228 228 124 7 0 0 0 62
1285 T 400078 34 399874 81 48 1 16 0 0 24
1286 T 390023 1195 388559 71 159 0 15 0 0 24
1287 C 394403 39 554 393652 88 0 0 27 0 43
1288 A 388348 387168 186 44 737 24 0 0 0 189
1289 C 364478 58 63 363671 651 0 0 12 0 23
1290 T 367028 60 366088 765 71 0 10 0 0 34
1291 G 399623 146 177 284 398961 0 0 0 37 18
1292 G 411065 174 278 88 410484 0 0 0 18 23
1293 G 421265 324 202 122 420563 0 0 0 27 27
1294 A 412692 411582 154 117 746 35 0 0 0 58
1295 A 425692 424368 238 657 366 48 0 0 0 15
1296 T 402391 114 401202 753 221 0 73 0 1 27
1297 A 434597 433645 175 435 202 41 0 0 0 99
1298 C 467137 79 936 465870 188 0 0 39 0 25
1299 A 450030 448537 522 255 642 42 0 0 1 31
1300 G 457903 121 242 43 457454 0 0 0 27 16
1301 A 441516 440771 92 234 316 32 0 0 0 71
1302 G 475399 132 204 45 474947 0 0 0 27 44
1303 G 468228 85 76 11 468019 0 0 0 17 20
1304 G 468534 156 22 26 468241 0 0 0 44 45
1305 A 467919 466669 119 33 1032 10 0 0 0 56
1306 A 460587 460289 42 61 122 55 0 0 0 18
1307 G 468741 114 43 32 468291 0 0 0 9 252
1308 A 466429 466180 42 18 109 25 0 0 0 55
1309 A 479851 479454 92 24 158 13 0 0 0 110
1310 C 513340 149 72 513017 40 0 0 36 0 26
1311 A 493157 492743 146 37 148 40 0 0 0 43
1312 T 500943 382 498162 134 2180 0 11 0 0 74
1313 C 488223 393 195 485541 2053 1 0 13 0 27
1314 A 483628 480336 105 1296 1814 36 0 0 0 41
1315 G 490350 2274 27 12 487998 1 0 0 14 24
1316 A 477648 474836 2563 14 86 28 2 0 0 119
1317 C 482389 21 1399 480904 32 0 0 11 0 22
1318 A 473961 473570 74 51 204 21 0 0 0 41
1319 T 455241 148 454826 117 87 0 29 0 0 34
1320 G 464113 117 73 43 463837 0 0 0 21 22
1321 A 446498 446163 38 76 173 11 0 0 0 37
1322 G 454410 148 89 11 454119 0 0 0 15 28
1323 G 460180 76 170 19 459831 0 0 0 8 76
1324 G 454070 1632 113 169 452121 0 0 0 10 25
1325 C 454578 97 892 450114 3405 0 0 9 0 61
1326 A 447527 442338 761 3394 976 17 0 1 0 40
1327 G 457609 62 20 82 457411 0 0 0 14 20
1328 A 459214 458791 293 8 99 5 0 0 0 18
1329 A 466120 465645 23 286 125 7 0 0 0 34
1330 A 483184 482740 126 56 194 15 1 0 0 52
1331 T 493382 91 492927 182 120 0 34 0 0 28
1332 T 520637 144 520115 196 134 0 25 0 0 23
1333 A 526226 525731 169 42 205 40 0 0 0 39
1334 T 521724 125 521136 171 232 0 38 0 0 22
1335 A 521543 520963 141 114 227 83 0 0 0 15
1336 A 505668 496687 494 3995 4461 12 0 0 0 19
1337 G 533729 2771 945 735 529224 1 0 0 36 17
1338 G 537522 1114 1881 804 533685 0 0 0 27 11
1339 A 554488 552575 365 628 819 45 0 0 0 56
1340 T 476067 494 474771 315 426 0 26 0 0 35
1341 G 476381 235 784 418 474834 0 0 0 66 44
1342 A 466534 466017 134 102 155 77 0 0 0 49
1343 T 470391 58 470045 100 133 0 16 0 0 39
1344 G 461466 112 160 23 461137 0 0 0 18 16
1345 G 468241 87 42 39 467998 1 0 0 54 20
1346 A 440735 440369 39 15 266 16 0 0 0 30
1347 A 452634 452263 56 116 124 25 0 0 0 50
1348 G 459250 1166 84 267 457687 3 0 0 22 21
1349 G 528235 99 216 1156 526706 0 0 0 29 29
1350 T 512542 626 510311 406 264 0 9 0 0 926
1351 G 501349 1482 148 1236 498452 1 0 0 13 17
1352 C 501316 1140 1209 495084 3839 0 0 16 0 28
1353 A 492385 487269 1436 2546 1035 56 0 0 2 41
1354 A 492919 492636 8 86 125 20 0 0 0 44
1355 A 500960 500671 64 28 155 15 0 0 0 27
1356 A 522568 521989 37 219 142 16 0 0 0 165
1357 C 531587 48 116 531197 171 0 0 24 0 31
1358 C 514365 55 54 513651 577 0 0 14 0 14
1359 A 492486 491631 162 32 630 9 0 1 0 21
1360 G 514049 327 469 144 513058 0 0 0 30 21
1361 A 509212 508359 440 229 149 18 0 0 0 17
1362 A 530277 529280 145 392 414 22 0 0 0 24
1363 G 549005 661 217 571 547511 0 0 0 14 31
1364 A 547944 546221 839 375 397 52 0 0 0 60
1365 A 543014 541581 484 483 389 15 0 0 0 62
1366 A 549709 545691 3100 553 335 13 0 0 0 17
1367 T 552911 1298 549459 651 1440 0 31 0 1 31
1368 G 560263 1222 181 168 558656 0 0 0 12 24
1369 T 547325 92 544425 2490 229 0 9 0 0 80
1370 C 559318 109 2324 556688 165 0 0 12 0 20
1371 C 550377 173 2461 547606 70 0 0 25 0 42
1372 T 566483 158 566101 114 53 0 22 0 0 35
1373 T 571831 130 571363 157 112 0 15 0 0 54
1374 C 576539 96 205 576117 75 0 0 33 0 13
1375 C 573458 710 110 572354 238 0 0 18 0 28
1376 A 571541 568357 149 230 2676 74 0 0 3 52
1377 G 572278 431 393 233 571174 0 0 0 28 19
1378 G 573876 328 30 69 573412 1 0 0 23 13
1379 G 573410 94 51 231 572952 0 0 0 22 60
1380 G 541452 200 48 96 541065 0 0 0 19 24
1381 C 502234 97 92 501773 208 0 0 27 0 37
1382 G 498328 166 55 136 497934 0 0 0 14 23
1383 G 512801 99 62 32 512517 0 0 0 68 23
1384 G 512585 97 3915 28 508471 0 1 0 13 60
1385 G 519612 278 3938 73 515240 0 2 0 33 48
1386 A 487690 471156 83 41 4189 11 0 0 0 12210
1387 G 491320 976 82 285 489871 0 0 0 37 69
1388 T 471448 307 456662 99 35 0 5 0 1 14339
1389 C 478967 982 380 477277 163 1 1 32 0 131
1390 T 463128 32 462640 128 235 0 10 0 0 83
1391 T 463174 75 462765 188 59 1 67 0 0 19
1392 C 463395 46 235 462407 130 0 0 19 0 558
1393 G 529465 146 44 21 528792 0 0 0 66 396
1394 A 521759 520229 16 24 218 18 0 0 0 1254
1395 G 531224 67 36 50 530964 0 0 0 25 82
1396 C 488432 753 1531 485616 245 0 0 20 0 267
1397 T 477650 1722 473967 711 918 0 10 0 0 322
1398 C 456617 399 1545 453366 1241 0 0 12 0 54
1399 T 453755 60 453407 117 94 0 7 0 0 70
1400 C 457400 97 6212 450947 91 0 2 22 0 29
1401 G 459692 127 58 195 459227 0 0 1 13 71
1402 G 502037 159 21 13 501801 0 0 0 28 15
1403 A 539844 538469 31 153 170 29 0 0 0 992
1404 C 556187 65 135 555679 205 0 0 26 0 77
1405 G 571104 521 30 199 570289 0 0 0 25 40
1406 A 610425 609492 230 140 336 112 1 0 0 114
1407 A 603113 602366 222 224 271 9 0 0 0 21
1408 A 606528 606104 117 42 168 42 0 0 0 55
1409 G 614399 264 77 90 613649 0 0 0 23 296
1410 G 616921 125 114 16 616570 0 0 0 60 36
1411 G 588721 153 48 33 588444 0 0 0 16 27
1412 C 587973 38 249 587394 136 0 0 20 0 136
1413 A 578095 577472 56 85 366 29 0 0 0 87
1414 G 588911 577 168 37 588071 0 0 0 16 42
1415 C 573306 71 287 572789 79 0 0 16 0 64
1416 G 619839 148 90 24 619474 0 0 0 55 48
1417 A 622513 620573 1484 306 89 12 0 0 0 49
1418 A 625650 623145 47 1461 442 27 0 0 0 528
1419 C 622288 256 101 620377 1492 0 0 14 0 48
1420 C 616931 66 63 616676 18 0 0 73 0 35
1421 C 590732 64 134 590473 26 0 0 20 0 15
1422 G 587139 155 83 22 586801 0 0 0 29 49
1423 A 587126 586798 67 49 157 9 0 0 0 46
1424 T 587653 62 587401 98 18 0 15 0 0 59
1425 C 565589 27 115 565310 45 0 0 16 0 76
1426 G 553956 203 83 20 553597 0 0 0 30 23
1427 T 535205 39 534622 163 90 0 43 1 0 247
1428 G 510538 201 38 60 510191 0 0 0 4 44
1429 C 508416 32 70 508232 25 0 0 8 0 49
1430 C 508251 29 54 508110 15 0 0 9 0 34
1431 C 506635 35 58 506488 8 0 0 15 0 31
1432 T 490409 28 490056 223 30 0 13 0 0 59
1433 C 528814 58 202 528457 44 0 0 23 0 30
1434 T 520660 137 519794 614 77 0 14 0 0 24
1435 T 588964 73 588574 104 106 0 50 0 0 57
1436 T 530997 82 530681 127 61 0 31 0 0 15
1437 T 536827 195 536110 152 142 0 143 0 0 85
1438 G 531453 253 253 57 530836 0 0 0 22 32
1439 A 526833 526083 139 353 147 26 0 0 0 85
1440 C 542579 134 375 541857 175 0 0 17 0 21
1441 A 537312 536877 183 23 159 33 0 0 0 37
1442 T 458174 28 457834 71 189 0 26 0 0 26
1443 G 570698 100 47 23 570446 0 0 0 62 20
1444 A 563881 563562 52 9 158 35 0 0 0 65
1445 G 635167 118 44 15 634925 0 0 0 39 26
1446 T 638931 64 638204 79 26 0 24 0 0 534
1447 A 621740 621487 24 11 66 129 0 0 0 23
1448 A 629231 629057 47 6 47 27 0 0 0 47
1449 T 627278 45 626876 123 20 0 102 0 0 112
1450 G 628241 273 35 16 627854 0 0 0 30 33
1451 A 596074 595386 398 108 120 23 0 0 0 39
1452 A 549364 548686 103 343 184 24 0 1 0 23
1453 G 548419 222 52 48 548052 0 0 0 27 18
1454 G 502871 64 28 119 502604 0 0 0 26 30
1455 A 498879 497748 847 19 204 8 0 0 0 53
1456 T 507391 41 507217 59 9 0 5 0 0 60
1457 C 503436 39 34 503312 8 0 0 25 0 18
1458 T 494946 38 494785 69 9 0 17 0 0 28
1459 T 499022 17 498798 130 4 0 20 0 0 53
1460 A 499622 499477 48 2 48 31 0 0 0 16
1461 T 498257 31 498098 53 11 0 10 0 0 54
1462 T 495313 20 495173 63 9 0 11 0 0 37
1463 T 490761 38 490616 80 2 0 9 0 0 16
1464 C 488684 14 34 488589 14 0 0 12 0 21
1465 T 469253 74 469055 90 3 0 8 0 0 23
1466 T 466996 25 466838 98 8 0 5 0 0 22
1467 C 466066 82 69 465835 15 0 0 10 0 55
1468 G 463829 92 32 16 463653 0 0 0 16 20
1469 G 467764 33 34 11 467621 0 0 0 31 34
1470 A 470018 469809 45 0 96 5 0 0 0 63
1471 G 481028 71 33 12 480872 0 0 0 13 27
1472 A 482448 482021 123 21 179 5 0 0 0 99
1473 C 494827 61 70 494619 37 0 0 17 0 23
1474 A 483924 483627 110 33 97 25 0 0 0 32
1475 A 535218 534881 34 59 152 31 0 0 0 61
1476 T 553723 90 553302 210 58 1 27 0 0 35
1477 G 596530 661 220 87 595460 0 0 0 51 51
1478 C 614790 159 569 613721 264 0 0 37 0 40
1479 A 595393 594796 108 24 244 185 0 0 0 36
1480 G 600911 118 44 40 600662 0 0 0 31 16
1481 A 623648 623026 50 20 392 86 0 0 0 74
1482 G 530992 389 53 21 530491 0 0 0 18 20
1483 G 558572 211 85 36 558185 0 0 0 35 20
1484 A 473057 472538 78 22 341 32 0 0 0 46
1485 G 482446 140 314 29 481930 0 0 0 13 20
1486 T 463231 93 461957 90 49 0 31 0 0 1011
1487 A 457419 456817 170 86 158 76 0 0 1 111
1488 C 458275 117 184 457899 37 0 0 15 0 23
1489 G 438648 284 1015 194 437091 0 0 0 34 30
1490 A 438528 436021 488 1232 670 25 0 0 0 92
1491 C 426069 1100 496 424227 122 0 0 37 0 87
1492 A 351455 350133 111 484 710 8 0 0 0 9
1493 A 351789 348089 853 302 2512 6 0 0 1 26
1494 T 328931 1285 325535 546 1547 0 4 0 0 14