# amino-acid counts among definitively called codons
# POSITION TOTAL_COUNTS WT N_A N_C N_D N_E N_F N_G N_H N_I N_K N_L N_M N_N N_P N_Q N_R N_S N_T N_V N_W N_Y N_STOP
1 619611 M 0 0 0 0 1 0 5 139 35 53 619178 0 0 0 6 0 91 102 1 0 0
2 588428 A 588141 0 0 44 0 22 0 0 0 1 0 0 6 1 1 26 28 158 0 0 0
3 616516 S 6 20 0 0 69 0 0 1 0 1 0 0 111 1 1 616241 34 3 0 28 0
4 618568 Q 0 0 0 16 1 0 48 5 46 33 0 2 12 618199 122 2 0 0 0 0 82
5 562272 G 27 54 95 0 0 561788 0 0 0 0 1 1 1 0 12 265 0 28 0 0 0
6 500227 T 75 1 0 0 0 0 7 41 0 1 0 9 7 0 0 25 500061 0 0 0 0
7 498875 K 0 0 0 46 0 0 0 17 498679 0 0 49 0 14 57 1 3 0 0 0 9
8 437418 R 0 0 0 0 0 15 0 0 0 25 0 1 9 49 437222 0 3 0 93 0 1
9 450603 S 13 6 0 0 41 0 0 0 0 3 0 0 54 0 0 450442 26 2 0 16 0
10 488974 Y 1 92 5 0 17 0 211 1 0 7 7 10 0 3 1 2 0 0 0 488561 56
11 438851 E 3 0 42 438579 0 83 0 0 74 0 0 3 0 9 1 1 0 29 0 0 27
12 405150 Q 0 1 0 8 0 0 40 0 40 40 0 0 7 404862 85 0 0 0 0 0 67
13 498061 M 0 0 7 1 0 0 0 106 40 42 497720 0 0 2 5 0 60 77 1 0 0
14 489460 E 3 0 17 489227 0 89 0 1 48 0 0 0 0 13 0 0 4 21 1 0 36
15 461312 T 75 0 0 0 0 0 0 23 0 4 15 21 17 0 0 29 461128 0 0 0 0
16 523661 D 5 10 523367 43 0 92 12 1 0 0 6 51 0 0 1 0 0 40 0 20 13
17 518150 G 9 0 1 62 0 517897 0 0 2 0 0 0 1 0 64 0 0 50 64 0 0
18 512093 E 3 0 22 511813 0 98 0 1 108 0 0 3 0 17 0 0 0 14 0 1 13
19 520792 R 3 124 0 0 0 13 181 0 0 38 0 0 29 1 520388 14 1 0 0 0 0
20 533925 Q 1 0 0 15 0 0 43 0 28 40 0 0 423 533101 221 0 0 0 0 0 53
21 512489 N 0 0 55 1 0 0 2 28 27 2 0 512250 0 0 0 85 9 0 1 29 0
22 526007 A 525648 2 0 34 0 24 0 0 0 0 0 0 21 2 0 22 132 119 0 0 3
23 551539 T 87 0 1 0 0 0 1 34 0 1 0 29 6 0 2 40 551338 0 0 0 0
24 526264 E 16 0 31 525954 0 113 0 0 78 0 0 0 0 13 4 0 0 36 0 0 19
25 470660 I 0 0 1 0 38 0 0 470430 0 2 16 33 1 1 0 4 54 80 0 0 0
26 505530 R 0 0 0 0 1 165 0 22 68 3 2 0 1 0 505192 20 6 0 0 0 50
27 483639 A 483389 0 0 33 0 5 0 1 0 0 1 0 17 1 2 25 70 95 0 0 0
28 519382 S 11 15 0 0 33 1 0 0 0 0 0 0 86 0 0 519160 42 0 1 33 0
29 500273 V 72 0 38 0 10 5 0 121 0 7 0 0 0 1 1 1 0 500017 0 0 0
30 521580 G 19 1 0 68 0 521222 0 0 0 0 0 0 0 0 195 1 0 44 30 0 0
31 517499 K 0 0 1 91 0 0 0 0 517173 1 38 37 0 0 113 0 6 0 0 0 39
32 507283 M 0 0 0 0 0 0 0 86 23 35 506991 1 0 1 8 0 62 76 0 0 0
33 513641 I 1 1 1 1 40 0 0 513390 0 2 3 39 0 1 0 6 74 82 0 0 0
34 510029 D 3 0 509441 272 1 124 12 0 0 0 0 95 0 0 0 0 2 50 0 29 0
35 461663 G 14 1 0 35 0 461443 0 1 2 0 0 0 20 0 87 0 0 37 1 0 22
36 485206 I 0 0 0 0 16 0 0 485002 0 9 10 25 0 3 1 9 63 67 0 0 1
37 456336 G 8 1 4 52 0 456159 0 0 1 0 0 0 0 1 58 1 0 25 0 0 26
38 416443 R 1 0 0 0 0 19 0 0 0 21 0 0 12 81 416215 0 0 0 0 0 94
39 458612 F 0 1 0 0 458348 0 0 28 0 145 0 0 1 0 0 51 1 8 0 28 1
40 443864 Y 0 91 4 1 40 0 198 0 0 3 0 23 0 1 0 5 4 0 1 443461 32
41 397203 I 1 0 0 0 23 0 0 397036 3 9 8 18 0 1 1 9 54 40 0 0 0
42 390472 Q 0 0 0 9 0 1 7 0 40 32 0 0 8 390291 46 0 0 0 0 0 38
43 378276 M 0 0 0 0 0 0 0 55 13 15 378119 1 0 0 3 1 36 33 0 0 0
44 409320 C 1 409042 0 0 13 7 0 0 0 6 0 0 0 0 74 61 0 1 21 76 18
45 393281 T 53 0 0 1 0 0 0 47 0 0 2 16 3 2 0 37 393120 0 0 0 0
46 433376 E 1 0 43 433167 0 51 0 0 54 0 0 0 0 17 1 0 0 22 0 0 20
47 506037 L 0 1 0 0 33 0 13 23 0 505838 0 0 105 0 8 0 8 7 1 0 0
48 510282 K 0 0 0 65 0 0 0 12 510025 0 0 65 1 5 65 0 5 0 0 0 39
49 503640 L 0 1 0 0 42 0 23 11 0 503464 0 0 85 7 2 1 2 2 0 0 0
50 502479 S 5 26 0 0 0 140 1 23 0 2 0 52 0 1 71 502155 3 0 0 0 0
51 561007 D 3 0 560716 39 0 93 8 0 0 0 0 61 1 2 0 0 0 48 0 32 4
52 597935 Y 0 85 3 0 32 0 117 0 0 6 9 7 0 0 0 2 0 0 0 597600 74
53 569140 E 9 0 64 568717 0 164 0 0 77 1 1 0 0 10 4 0 0 52 0 0 41
54 510996 G 10 0 0 61 0 510352 0 0 427 1 0 1 1 0 78 1 0 19 44 0 1
55 482252 R 0 0 219 0 0 40 0 1 1 18 0 0 16 114 481708 0 0 1 0 0 134
56 478088 L 0 0 0 0 0 0 1 0 0 477912 8 0 129 19 8 0 0 11 0 0 0
57 507368 I 0 1 0 0 41 0 0 507050 0 6 65 34 1 1 1 9 91 68 0 0 0
58 488740 Q 1 39 0 10 0 0 38 0 32 24 2 0 6 488418 103 1 0 0 0 0 66
59 470513 N 0 0 65 0 0 0 3 27 85 1 0 470230 0 0 1 66 5 0 0 30 0
60 371519 S 0 10 0 0 0 51 31 17 0 5 0 28 0 0 38 371322 17 0 0 0 0
61 372753 L 0 1 0 0 49 0 0 12 0 372500 0 0 25 0 1 117 0 15 0 1 32
62 347358 T 46 0 0 1 0 1 0 33 13 0 0 0 2 2 3 22 347235 0 0 0 0
63 372572 I 0 0 0 0 0 0 0 372307 19 20 97 0 1 1 4 0 71 50 0 0 2
64 387447 E 1 0 32 387234 0 79 0 0 33 0 0 0 1 11 1 0 2 28 0 0 25
65 374455 R 0 1 0 4 0 79 0 16 46 0 0 0 1 1 374240 22 10 0 0 0 35
66 392952 M 2 0 0 1 0 0 0 82 27 27 392710 4 0 0 2 0 41 53 3 0 0
67 382168 V 76 1 0 57 0 6 0 2 0 26 61 0 0 0 2 0 0 381936 1 0 0
68 411268 L 0 2 0 0 46 0 22 23 0 411107 0 0 48 0 9 0 0 9 0 2 0
69 427766 S 3 10 0 0 31 0 0 0 0 3 0 0 81 0 0 427587 26 0 0 25 0
70 453474 A 453247 6 20 0 1 10 0 0 0 1 0 0 8 0 0 13 120 47 0 0 1
71 440324 F 1 4 0 0 440116 0 0 23 0 104 0 0 1 0 0 59 0 3 0 12 1
72 440417 D 3 1 440149 36 0 78 11 0 0 0 0 73 0 0 0 0 19 33 0 14 0
73 410426 E 5 0 11 410216 0 63 0 0 82 1 0 0 0 9 5 0 0 24 0 0 10
74 419181 R 0 0 0 2 0 90 0 12 45 0 0 0 0 0 418974 30 11 0 0 0 17
75 429626 R 0 0 0 0 0 74 0 0 56 0 26 2 0 0 429403 36 3 0 26 0 0
76 466751 N 0 0 76 14 0 0 1 44 45 0 0 466449 1 0 0 82 7 0 0 32 0
77 467952 K 0 0 0 69 0 0 0 25 467710 1 0 36 1 0 68 0 6 0 0 0 36
78 367055 Y 0 43 4 0 14 0 60 1 1 2 0 35 0 0 1 3 0 1 1 366858 31
79 360421 L 0 3 0 0 0 2 0 0 0 360244 22 0 103 34 6 1 0 5 0 0 1
80 334881 E 1 1 15 334741 0 51 0 0 30 0 0 0 0 10 1 1 0 11 0 0 19
81 317559 E 1 0 25 317370 0 51 0 1 52 0 0 2 0 17 0 0 0 17 0 0 23
82 359054 H 0 0 4 0 0 0 358884 1 0 20 0 20 6 31 46 0 5 0 0 37 0
83 468083 P 9 0 0 1 1 0 35 2 0 53 0 0 467893 1 6 53 29 0 0 0 0
84 467362 S 2 8 0 0 0 106 0 28 0 3 0 70 3 0 56 467078 8 0 0 0 0
85 498157 A 497791 0 0 21 0 29 0 1 0 0 0 0 15 8 31 43 160 58 0 0 0
86 549072 G 19 0 0 68 0 548819 0 0 1 0 0 0 0 0 87 0 1 37 40 0 0
87 572365 K 0 0 1 172 0 1 0 0 571864 0 33 110 1 10 123 0 6 0 0 0 44
88 583103 D 3 0 582830 42 0 69 9 14 0 0 0 69 0 0 0 1 0 44 0 22 0
89 526732 P 8 0 0 0 0 0 35 1 0 61 0 0 526538 0 14 46 29 0 0 0 0
90 527556 K 0 4 0 68 0 0 0 0 527349 0 10 27 1 3 84 0 3 0 0 0 7
91 484208 K 0 1 0 85 0 0 0 10 484017 1 0 12 0 0 65 0 2 0 0 0 15
92 439377 T 36 0 0 0 0 0 0 15 2 7 0 18 16 0 0 33 439250 0 0 0 0
93 434521 G 5 1 0 33 0 434359 0 0 0 0 0 0 0 0 71 0 0 24 1 0 27
94 409200 G 6 0 0 29 0 409067 0 0 0 0 0 0 0 1 54 0 0 16 0 0 27
95 427771 P 12 0 0 0 0 0 30 0 0 31 0 0 427635 1 4 33 25 0 0 0 0
96 468792 I 0 1 0 0 0 1 0 468520 38 40 61 0 5 0 7 0 51 62 0 6 0
97 493133 Y 0 64 7 0 48 1 94 1 0 0 0 35 0 5 1 2 0 0 0 492841 34
98 422181 K 0 0 0 82 0 0 0 1 421925 5 26 33 0 2 79 0 6 0 0 1 21
99 307806 R 0 0 0 0 0 49 0 12 34 2 0 0 0 0 307667 25 3 0 0 0 14
100 303744 V 51 0 0 22 0 2 0 46 0 17 0 0 1 3 1 0 0 303601 0 0 0
101 359577 D 3 1 359371 41 0 63 8 0 0 0 0 35 0 0 1 0 0 37 0 16 1
102 369097 R 0 0 0 0 0 41 0 14 57 2 0 0 0 0 368940 18 6 0 0 0 19
103 388459 K 0 0 0 54 0 0 0 0 388290 0 12 23 0 1 50 0 6 0 0 0 23
104 399546 W 0 33 0 0 0 4 0 0 0 12 0 0 0 0 76 12 0 3 399321 1 84
105 411613 M 0 0 0 0 0 1 0 102 35 31 411318 0 0 0 1 0 59 66 0 0 0
106 432806 R 0 0 0 1 0 85 0 0 51 0 27 0 0 1 432567 35 9 0 30 0 0
107 430430 E 1 0 38 430030 0 66 0 0 219 0 0 1 0 19 0 0 1 23 0 0 32
108 430052 L 0 0 0 1 31 0 30 15 0 429890 0 0 70 0 2 0 2 10 0 0 1
109 414954 V 64 0 30 0 22 5 0 94 0 13 0 0 0 0 0 0 0 414726 0 0 0
110 453747 L 0 0 0 0 29 1 19 35 0 453557 0 0 88 0 9 2 0 6 0 0 1
111 442642 Y 0 74 4 0 34 0 84 0 0 4 22 6 0 0 0 7 1 0 0 442360 46
112 394543 D 5 0 394190 23 0 73 9 0 0 0 0 172 0 0 0 0 2 49 0 19 1
113 364469 K 0 0 0 44 0 0 0 17 364309 0 0 30 0 17 39 0 2 0 0 0 11
114 436882 E 2 0 17 436707 0 64 0 1 51 0 0 0 0 5 5 0 0 18 1 0 11
115 493509 E 4 0 25 493267 0 71 0 0 71 0 0 0 0 8 18 0 0 25 0 0 20
116 522322 I 0 0 0 0 0 0 1 521911 26 39 101 14 0 1 4 0 137 84 0 2 2
117 496454 R 0 0 0 0 0 114 0 0 44 1 60 0 0 0 496162 36 9 0 28 0 0
118 484347 R 0 0 0 0 0 29 0 0 0 36 0 0 17 82 484119 0 0 0 0 0 64
119 515149 I 0 1 0 0 12 0 0 514948 0 4 7 39 0 0 0 1 62 75 0 0 0
120 485408 W 1 20 0 0 0 12 0 0 0 19 1 0 0 0 124 9 0 0 485099 0 123
121 498050 R 2 132 0 0 0 30 130 0 0 33 0 0 21 0 497665 36 0 1 0 0 0
122 471792 Q 0 0 1 17 0 0 39 0 19 24 0 0 10 471557 67 0 0 0 0 0 58
123 544622 A 544356 0 29 0 0 10 1 0 1 0 0 0 20 0 0 43 98 64 0 0 0
124 603444 N 1 0 83 0 0 0 6 59 64 1 0 603132 2 12 0 58 6 0 0 20 0
125 585196 N 0 0 74 0 0 0 5 32 39 2 3 584912 0 1 0 68 9 0 2 41 8
126 458132 G 12 35 56 0 0 457918 0 0 0 2 1 1 0 0 10 81 0 14 1 1 0
127 454072 D 3 0 453804 41 0 81 7 1 0 0 0 83 0 0 0 0 1 33 0 18 0
128 442713 D 8 0 442465 36 0 87 8 0 0 0 0 59 0 0 1 0 0 28 0 21 0
129 450195 A 449899 1 0 22 0 18 0 0 1 0 0 0 16 0 0 29 146 63 0 0 0
130 400412 T 59 0 0 0 0 0 0 31 21 0 0 0 3 0 2 21 400275 0 0 0 0
131 370904 A 370781 1 16 1 0 13 0 0 0 0 0 0 9 0 0 17 39 26 0 1 0
132 448808 G 14 22 41 0 0 448623 0 28 0 0 0 1 0 0 8 61 0 10 0 0 0
133 472380 L 0 0 2 0 0 0 0 88 0 472089 25 0 132 20 9 0 3 12 0 0 0
134 554041 T 81 0 2 0 1 1 0 49 0 0 0 28 5 0 0 67 553806 0 0 0 1
135 575528 H 0 0 15 0 0 0 575197 0 1 52 1 34 11 48 98 3 1 1 0 66 0
136 608918 M 1 1 0 1 0 0 2 140 44 41 608443 0 0 2 7 0 90 145 0 1 0
137 619161 M 0 0 0 1 0 0 0 119 52 57 618720 0 0 1 9 1 89 112 0 0 0
138 551377 I 0 0 1 0 33 0 0 551156 2 4 15 30 0 1 0 2 60 73 0 0 0
139 522642 W 1 60 0 0 0 29 0 0 0 21 0 0 0 0 192 16 0 0 522183 0 140
140 498033 H 0 0 20 0 0 0 497774 1 0 30 0 30 5 20 71 2 0 0 0 80 0
141 494436 S 2 14 0 0 54 0 0 0 0 0 0 0 88 0 0 494219 27 0 0 32 0
142 490037 N 0 0 72 0 0 0 6 21 29 0 0 489842 0 0 0 40 10 0 0 17 0
143 479958 L 0 0 0 0 37 0 0 0 0 479785 27 0 1 0 1 77 0 4 7 0 19
144 460157 N 0 0 70 0 0 0 1 16 43 0 0 459916 0 1 0 82 2 0 0 26 0
145 447739 D 5 0 447532 27 0 55 8 2 0 1 0 43 0 0 0 0 2 38 0 26 0
146 438312 T 103 0 0 0 1 0 0 60 23 1 1 2 2 1 15 37 438066 0 0 0 0
147 554109 T 105 0 0 0 0 0 5 45 17 0 0 6 7 0 16 48 553855 1 0 3 1
148 500740 Y 0 50 1 1 25 0 62 8 0 0 0 21 1 1 0 5 1 0 1 500531 32
149 502421 Q 0 0 0 13 0 0 33 0 25 39 0 0 18 502089 140 0 3 1 0 1 59
150 471764 R 0 0 2 2 0 95 1 0 61 2 21 0 0 1 471515 22 14 0 27 0 1
151 513490 T 88 0 1 0 0 0 0 76 16 1 0 0 1 1 16 74 513216 0 0 0 0
152 536698 R 0 1 0 1 1 103 0 18 66 0 0 0 0 5 536438 24 7 0 0 0 34
153 590733 A 590538 1 29 1 0 15 0 0 0 0 0 1 13 1 0 37 70 27 0 0 0
154 631204 L 0 0 0 0 29 0 45 37 0 630991 0 0 81 0 3 2 0 16 0 0 0
155 642752 V 92 1 51 0 16 9 1 67 1 6 0 0 0 0 0 1 0 642507 0 0 0
156 651495 R 0 146 0 0 2 17 222 1 0 23 0 0 14 0 651026 43 1 0 0 0 0
157 654938 T 102 0 0 0 0 1 0 97 1 0 0 17 7 0 1 70 654640 1 1 0 0
158 669547 G 25 34 171 1 0 669038 0 1 0 1 0 0 1 0 13 236 0 26 0 0 0
159 689048 M 0 2 0 0 0 0 2 202 36 62 688512 0 1 1 11 1 100 117 0 0 1
160 781350 D 5 2 780976 62 0 126 6 0 0 0 0 97 0 4 1 0 1 45 0 25 0
161 695350 P 19 0 1 0 0 0 61 0 0 76 0 0 695042 4 14 94 37 1 1 0 0
162 659554 R 1 1 0 0 0 183 0 0 58 1 66 0 0 4 659164 38 16 2 19 0 1
163 603263 M 0 0 2 0 0 6 0 152 27 46 602846 0 0 0 4 2 61 116 1 0 0
164 593617 C 1 593132 0 0 37 9 0 0 0 5 1 0 0 0 87 73 2 0 24 200 46
165 562322 S 22 13 0 1 57 0 1 0 0 2 0 0 100 0 1 562086 18 0 0 20 1
166 563186 L 0 1 2 2 1 0 0 1 0 562917 54 0 142 46 9 1 0 10 0 0 0
167 553263 M 1 0 2 0 0 0 0 160 42 47 552864 1 0 1 9 0 81 55 0 0 0
168 518113 Q 2 0 0 18 0 1 48 0 27 21 0 0 17 517710 176 0 0 0 0 0 93
169 479628 G 6 17 51 0 0 479483 0 0 0 2 0 1 0 0 7 44 0 17 0 0 0
170 510488 S 1 1 0 0 0 1 0 0 0 129 0 0 47 1 2 510235 29 0 9 0 33
171 501111 T 74 0 2 1 0 0 0 38 0 3 1 19 5 3 2 55 500903 5 0 0 0
172 536154 L 0 0 0 0 42 0 39 34 0 535886 0 0 130 1 4 7 1 10 0 0 0
173 701116 P 14 0 0 1 0 0 55 1 1 79 0 0 700839 1 12 73 39 0 1 0 0
174 703416 R 0 0 0 0 0 143 0 1 70 0 40 0 2 0 703079 30 12 0 35 0 4
175 560125 R 0 0 0 0 0 116 1 0 51 4 11 0 0 1 559882 22 6 0 30 0 1
176 599913 S 10 13 0 0 52 0 0 0 0 1 0 0 86 0 1 599690 23 2 1 34 0
177 621161 G 8 0 0 67 0 620903 0 0 1 1 0 0 0 0 122 1 0 15 1 0 42
178 596850 A 596661 0 17 1 0 10 0 0 0 1 0 0 12 0 0 27 64 56 0 0 1
179 614844 A 614404 3 1 44 0 12 0 0 0 2 0 0 21 2 0 30 228 95 0 0 2
180 628013 G 8 35 53 0 0 627837 0 0 0 0 0 0 1 1 8 47 0 20 2 0 1
181 624850 A 624536 1 30 0 1 7 2 0 1 3 0 0 8 0 0 32 186 42 0 0 1
182 644495 A 643871 0 1 34 0 30 0 0 0 0 0 0 17 0 1 32 257 252 0 0 0
183 699703 V 102 1 47 2 15 6 0 72 0 16 0 0 0 1 0 12 1 699428 0 0 0
184 711033 K 0 0 1 115 0 0 0 41 710604 0 0 96 0 42 89 1 8 0 2 0 34
185 602077 G 11 0 1 92 0 601819 0 0 2 0 0 0 0 0 81 0 0 21 0 0 50
186 589991 V 69 5 37 2 37 7 0 101 0 13 0 0 0 8 0 4 2 589703 0 0 3
187 583275 G 21 0 4 93 0 582986 0 0 0 3 0 1 2 0 99 0 1 22 42 0 1
188 468729 T 100 1 1 0 0 0 0 66 15 4 0 0 4 7 17 51 468463 0 0 0 0
189 390629 M 0 0 0 0 0 0 0 69 20 29 390402 0 0 0 4 0 47 54 4 0 0
190 377756 V 80 0 0 34 0 9 0 0 0 13 33 0 0 0 0 1 0 377585 0 0 1
191 364024 M 0 0 0 0 0 0 0 73 40 48 363754 0 0 0 6 0 48 54 1 0 0
192 335945 E 5 0 10 335762 0 86 0 0 22 0 1 0 0 10 0 2 0 26 0 0 21
193 416235 L 0 0 0 0 26 0 0 0 0 416075 33 0 0 1 2 64 0 20 0 0 14
194 502288 I 0 0 14 6 0 0 0 501976 17 52 88 0 0 0 4 1 56 68 0 0 6
195 474885 R 0 0 1 1 0 78 0 0 47 1 37 0 0 0 474639 34 15 0 32 0 0
196 494048 M 0 1 0 0 0 1 0 120 46 42 493691 0 0 1 8 0 72 65 0 0 1
197 532162 I 0 1 14 0 41 0 0 531844 0 6 15 61 0 0 0 15 89 76 0 0 0
198 504990 K 0 0 1 65 0 0 0 9 504770 1 0 50 0 19 57 1 2 0 0 0 15
199 475659 R 0 75 0 0 0 16 85 0 0 23 0 0 11 1 475411 33 0 4 0 0 0
200 470341 G 8 1 0 51 0 470139 0 0 1 0 0 0 0 0 85 0 0 29 27 0 0
201 471088 I 1 0 0 0 29 0 0 470846 0 2 15 19 0 0 0 2 58 116 0 0 0
202 483301 N 0 0 101 0 0 0 9 15 30 1 0 483068 0 2 0 50 4 0 0 21 0
203 456791 D 2 1 456581 27 0 52 7 0 0 0 0 60 0 0 0 0 1 49 0 11 0
204 473781 R 0 0 1 0 0 7 1 0 0 42 0 0 7 114 473518 1 0 0 90 0 0
205 495167 N 0 0 63 3 0 0 2 14 18 0 0 494941 1 0 0 103 3 0 0 19 0
206 590058 F 0 0 0 0 589780 0 0 15 0 157 0 0 0 0 0 77 1 13 0 15 0
207 608191 W 0 38 1 4 0 10 0 0 0 56 0 0 0 1 195 24 0 0 607662 1 199
208 448895 R 0 2 0 3 0 107 2 14 31 0 0 0 0 4 448641 52 6 0 0 0 33
209 486390 G 7 33 50 0 0 486215 0 0 0 0 0 0 0 1 13 57 0 14 0 0 0
210 514736 E 6 1 28 514430 0 95 0 0 63 0 0 0 0 9 0 1 0 44 0 0 59
211 500418 N 0 0 186 0 0 0 3 49 33 1 19 500030 0 0 0 72 9 0 0 16 0
212 468646 G 11 0 4 45 2 468444 0 0 2 1 0 0 0 0 89 0 0 12 0 0 36
213 459694 R 0 0 3 3 0 15 1 0 1 16 0 0 5 89 459447 0 4 0 0 0 110
214 452119 K 0 0 0 57 0 0 0 5 451949 0 0 26 0 7 57 1 4 0 0 0 13
215 452210 T 56 0 0 0 0 1 0 20 15 0 0 3 61 26 4 46 451978 0 0 0 0
216 424304 R 1 0 0 2 0 72 0 0 38 1 41 0 0 0 424098 23 12 0 16 0 0
217 391372 S 0 19 0 2 0 67 0 7 0 1 0 53 0 0 48 391171 3 1 0 0 0
218 412016 A 411832 2 32 0 0 11 0 0 0 0 0 0 6 0 0 30 69 34 0 0 0
219 410473 Y 0 65 3 0 26 0 60 0 0 1 0 4 0 0 0 4 10 0 0 410254 46
220 421761 E 9 0 19 421481 0 84 0 0 76 0 0 0 0 11 2 1 2 42 0 1 33
221 373510 R 0 0 0 4 0 77 0 16 42 8 0 1 0 1 373304 12 8 0 0 0 37
222 329764 M 0 0 0 1 0 0 0 69 29 36 329545 1 0 0 3 0 33 47 0 0 0
223 407524 C 0 407199 0 0 30 11 0 0 0 6 0 0 0 2 81 72 0 2 18 83 20
224 421480 N 0 0 64 0 0 0 12 33 20 1 0 421268 0 0 0 54 5 0 0 23 0
225 439127 I 0 1 0 0 32 0 1 438909 0 17 4 19 0 0 0 9 86 49 0 0 0
226 457474 L 0 0 0 1 34 0 27 18 0 457289 0 0 83 1 5 3 0 13 0 0 0
227 470772 K 0 1 0 56 0 0 0 21 470601 0 0 19 0 11 44 1 2 0 0 0 16
228 479577 G 9 0 0 54 0 479418 0 0 0 0 0 0 0 0 55 0 0 19 0 0 22
229 490123 K 0 0 0 51 0 0 0 8 489934 0 0 61 0 2 49 0 4 0 0 0 14
230 510662 F 0 2 0 0 510426 0 0 40 0 91 0 0 4 1 0 73 1 10 0 14 0
231 483429 Q 0 0 0 11 0 0 17 0 35 18 0 0 2 483162 128 12 0 0 0 0 44
232 456207 T 65 0 0 0 0 0 0 43 14 0 0 1 17 6 7 17 456036 1 0 0 0
233 451058 A 450884 0 17 0 0 14 0 0 0 1 0 0 9 2 0 17 68 46 0 0 0
234 396225 A 395954 0 0 20 0 18 1 1 0 0 0 0 18 0 0 12 138 63 0 0 0
235 387922 Q 0 0 0 6 0 1 24 0 15 21 0 0 20 387708 57 0 11 0 0 0 59
236 380673 R 0 1 1 0 0 135 0 1 66 2 28 0 0 1 380394 27 5 0 12 0 0
237 378079 A 377834 2 0 23 0 26 0 0 0 3 1 0 14 9 1 24 54 88 0 0 0
238 395760 M 0 0 0 0 0 0 1 93 26 19 395498 0 0 0 4 0 60 52 0 0 7
239 351731 M 0 0 0 0 0 0 0 100 38 41 351409 0 0 2 7 0 48 86 0 0 0
240 420744 D 7 0 420506 46 0 77 5 0 1 0 0 46 1 0 0 0 1 32 0 22 0
241 399104 Q 1 0 1 9 0 0 18 1 22 36 0 0 7 398876 94 1 0 0 0 0 38
242 460495 V 64 0 0 41 0 5 1 0 1 16 83 0 1 0 2 0 5 460276 0 0 0
243 459902 R 0 0 0 3 1 98 0 25 63 0 0 0 0 0 459609 36 15 0 1 0 51
244 450777 E 1 0 15 450559 0 93 0 0 41 0 1 0 0 13 7 0 1 32 0 0 14
245 483013 S 0 12 1 0 0 124 0 11 1 0 0 52 0 0 50 482749 8 5 0 0 0
246 472245 R 0 0 0 1 0 11 0 0 0 43 2 0 7 130 471950 0 1 0 100 0 0
247 478440 N 0 0 76 1 0 0 3 22 45 0 0 478203 0 0 0 68 9 0 0 13 0
248 505256 P 7 0 0 0 0 0 0 0 1 46 0 0 505095 37 14 30 26 0 0 0 0
249 529269 G 12 0 0 54 0 529048 0 0 0 0 0 3 0 0 87 0 0 29 0 0 36
250 508227 N 0 1 84 0 1 0 6 23 40 0 9 507988 0 1 0 58 0 0 0 15 1
251 539768 A 539489 1 38 0 0 21 0 0 0 4 0 0 8 0 0 27 96 84 0 0 0
252 519018 E 8 0 25 518732 1 101 0 0 73 1 0 0 0 15 1 0 0 33 0 0 28
253 542416 I 0 0 3 0 40 0 0 542143 0 2 25 44 0 0 1 2 71 84 1 0 0
254 525157 E 4 0 36 524827 1 77 0 0 120 0 0 2 0 16 1 0 0 36 0 0 37
255 526761 D 6 0 526562 29 0 75 4 2 0 0 0 23 0 0 0 1 0 40 0 19 0
256 503074 L 0 0 0 1 32 0 58 15 0 502819 0 1 126 1 7 3 0 11 0 0 0
257 506370 I 1 0 1 0 17 0 2 506092 0 15 5 44 0 0 0 57 70 66 0 0 0
258 460943 F 1 3 0 0 460706 0 0 25 0 113 0 0 1 0 0 75 0 7 0 12 0
259 450527 L 0 0 0 0 0 2 0 0 0 450377 26 0 51 47 6 1 0 14 3 0 0
260 456876 A 456573 0 0 29 0 22 2 0 0 0 0 0 20 1 1 21 99 108 0 0 0
261 388827 R 0 1 0 2 0 11 0 0 1 22 0 0 4 77 388617 0 1 0 91 0 0
262 479815 S 7 16 0 0 37 1 1 1 0 0 0 0 58 0 0 479636 32 1 0 25 0
263 470104 A 469661 0 6 23 0 21 0 0 1 0 0 0 20 2 0 31 202 137 0 0 0
264 394023 L 0 0 0 0 43 0 27 16 0 393855 0 0 66 1 3 5 1 6 0 0 0
265 434986 I 1 0 0 0 0 0 5 434708 16 31 71 4 1 1 3 6 79 58 0 2 0
266 460439 L 0 0 0 6 34 0 0 3 0 460266 33 0 0 0 0 52 0 12 4 3 26
267 465881 R 1 0 0 3 1 111 0 17 58 4 0 0 0 3 465616 31 7 0 0 0 29
268 525776 G 12 2 0 55 0 525552 0 0 0 0 0 0 1 0 89 0 0 30 35 0 0
269 571944 S 4 0 0 0 0 1 0 2 0 55 0 0 84 1 1 571693 37 6 0 0 60
270 587741 V 57 0 36 0 15 6 0 79 0 9 0 0 0 3 0 6 1 587529 0 0 0
271 578370 A 578091 0 29 0 0 15 1 0 0 1 0 0 11 2 0 31 99 90 0 0 0
272 591300 H 0 0 10 0 0 0 590965 0 0 90 0 34 8 41 75 7 1 0 0 69 0
273 592407 K 0 0 0 58 0 0 0 23 592166 1 0 64 0 12 59 0 6 0 0 0 18
274 574935 S 2 6 0 0 31 0 0 0 0 12 0 0 75 0 0 574759 28 0 0 21 1
275 541786 C 0 541541 0 0 15 5 0 0 0 2 0 0 0 2 87 20 0 1 4 44 65
276 467412 L 0 3 0 0 0 0 0 0 0 467290 37 0 21 42 5 0 1 13 0 0 0
277 388658 P 20 1 0 0 0 0 40 0 0 76 0 0 388330 1 20 138 32 0 0 0 0
278 357835 A 357551 0 26 0 0 12 0 0 0 1 0 0 31 0 0 29 145 40 0 0 0
279 332171 C 0 331810 0 0 15 24 0 0 0 2 0 0 1 1 176 21 0 1 4 80 36
280 316164 V 44 1 0 31 0 9 0 0 0 20 59 0 1 0 0 0 0 315999 0 0 0
281 231268 Y 0 29 2 0 26 0 52 0 0 0 0 18 0 0 0 2 1 1 3 231110 24
282 176786 G 6 0 3 57 0 176639 0 0 1 0 0 0 0 0 49 0 1 5 0 0 25
283 212144 P 13 0 0 0 0 14 20 0 0 21 1 0 212000 2 6 52 15 0 0 0 0
284 382170 A 381769 1 22 0 0 11 0 0 1 1 0 0 20 0 2 39 154 150 0 0 0
285 375760 V 111 1 0 26 0 5 0 104 0 26 0 0 0 1 4 1 1 375480 0 0 0
286 423848 A 423680 0 23 0 0 4 0 0 0 1 0 0 10 0 0 49 47 34 0 0 0
287 512625 S 0 42 0 0 0 68 0 18 0 2 0 126 2 11 218 512120 18 0 0 0 0
288 561396 G 5 15 46 0 0 561223 0 0 0 0 0 1 0 0 19 69 0 17 0 0 1
289 561724 Y 1 67 4 0 47 1 288 0 0 2 0 19 0 2 1 4 1 1 0 561257 29
290 600572 D 2 1 600295 30 0 87 8 0 0 0 0 110 0 0 0 0 0 22 0 17 0
291 581755 F 0 3 0 0 581424 1 0 8 0 135 1 0 5 1 0 134 0 7 0 36 0
292 586558 E 3 0 10 586252 0 123 0 0 95 0 0 0 0 11 15 4 0 24 0 0 21
293 577374 K 0 0 0 79 0 1 0 13 577165 0 0 26 0 2 72 0 5 0 0 0 11
294 562266 E 20 1 38 561859 0 186 2 0 82 0 0 0 0 5 20 0 0 34 0 0 19
295 533047 G 13 0 4 89 0 532755 0 4 0 1 0 0 0 0 82 0 0 51 0 0 48
296 458909 Y 0 80 2 0 33 0 59 1 0 0 0 31 0 0 0 2 1 0 0 458670 30
297 403845 S 1 10 0 0 27 0 0 0 1 6 0 0 51 0 0 403699 34 0 0 16 0
298 383429 L 0 0 0 0 28 0 0 13 0 383301 0 0 1 0 2 50 0 2 0 0 32
299 418532 V 63 0 1 31 0 3 0 0 0 24 49 0 0 1 1 11 5 418330 11 0 2
300 297798 G 18 0 2 80 0 297608 0 0 0 1 0 0 0 1 51 0 0 21 0 0 16
301 483508 I 0 0 0 0 1 0 0 483109 35 51 143 7 1 0 11 1 77 65 0 0 7
302 481622 D 0 0 481301 35 4 43 19 0 1 0 0 130 1 0 5 1 5 36 0 41 0
303 465950 P 12 0 0 2 0 1 33 0 0 33 0 0 465820 0 9 28 11 1 0 0 0
304 540078 F 0 6 0 0 539793 2 0 26 0 119 0 1 0 0 0 96 0 1 0 34 0
305 539793 K 0 0 0 73 0 0 0 27 539538 0 0 57 0 17 50 0 5 0 0 0 26
306 536178 L 1 0 0 0 0 1 0 0 0 536041 14 0 91 16 5 0 0 9 0 0 0
307 553932 L 7 2 0 0 40 12 15 17 0 553718 0 1 96 0 10 1 0 13 0 0 0
308 557934 Q 0 0 0 13 0 0 40 0 36 20 0 0 5 557681 93 9 0 0 0 0 37
309 554023 N 0 0 66 0 0 1 3 34 54 0 0 553660 0 2 6 76 110 0 0 11 0
310 541721 S 2 31 0 0 0 94 0 19 0 3 0 117 0 1 64 541365 25 0 0 0 0
311 587592 Q 0 0 0 12 0 0 16 0 38 39 0 0 7 587290 104 1 0 0 0 0 85
312 641558 V 90 0 0 34 0 7 0 87 0 40 0 0 0 0 1 1 0 641296 1 1 0
313 598128 Y 0 97 3 0 54 0 84 1 0 0 0 37 0 1 0 6 1 0 0 597807 37
314 596449 S 2 26 1 0 0 179 1 37 0 1 0 74 1 4 55 596050 17 0 1 0 0
315 584752 L 0 0 0 0 0 0 0 38 0 584493 0 2 166 27 8 1 0 14 0 0 3
316 629005 I 1 0 0 0 39 0 0 628749 0 8 18 41 0 0 0 5 72 72 0 0 0
317 583115 R 0 0 0 0 0 184 0 20 80 1 0 2 0 0 582766 33 9 0 0 0 20
318 582679 P 45 0 1 0 0 2 1 0 0 80 0 0 582406 41 11 67 25 0 0 0 0
319 594788 N 0 0 56 0 0 0 2 27 32 0 0 594527 1 0 2 94 17 2 0 27 1
320 615312 E 5 0 39 615017 0 67 0 1 101 0 0 0 0 13 0 0 0 48 0 0 21
321 649660 N 0 0 69 0 0 0 4 42 59 1 0 649375 0 0 2 74 9 0 0 25 0
322 663489 P 7 0 0 0 0 0 0 2 0 103 0 0 663212 49 26 52 38 0 0 0 0
323 676398 A 676080 0 3 40 0 17 0 0 0 0 0 0 20 2 0 38 98 100 0 0 0
324 725054 H 0 0 14 0 0 0 724657 0 0 106 0 27 13 58 91 1 2 0 0 85 0
325 729609 K 0 0 0 198 0 0 0 0 729087 0 43 46 0 12 177 0 20 0 0 0 26
326 616587 S 0 53 0 0 0 104 0 6 0 0 0 103 1 0 70 616244 4 1 0 1 0
327 603606 Q 0 0 0 15 0 0 49 0 48 23 1 0 8 603229 166 0 0 0 1 0 66
328 503315 L 3 0 1 0 0 0 0 0 0 503169 37 0 69 19 4 0 0 12 0 0 1
329 553599 V 57 0 0 43 0 16 0 0 0 22 51 0 0 0 2 0 0 553399 9 0 0
330 543143 W 0 35 9 0 0 14 0 1 0 44 0 0 0 0 93 22 0 1 542742 0 182
331 515859 M 0 1 0 0 0 1 0 138 47 33 515483 0 0 0 9 0 62 83 2 0 0
332 533556 A 533213 1 0 22 0 29 2 0 0 0 0 0 12 0 0 31 120 126 0 0 0
333 565136 C 2 564737 0 0 36 5 0 1 0 0 3 0 0 0 105 56 0 0 21 129 41
334 577668 H 1 0 16 0 1 0 577359 0 0 41 0 39 17 40 62 0 1 0 0 90 1
335 543383 S 5 12 0 0 34 0 2 1 0 3 0 0 59 0 0 543211 30 0 0 26 0
336 499868 A 499581 0 36 0 0 11 0 0 0 2 0 0 12 2 1 30 126 67 0 0 0
337 474265 A 474051 1 0 32 0 14 0 0 0 0 0 0 11 0 0 25 74 57 0 0 0
338 483374 F 1 4 0 0 483126 2 0 33 0 100 1 0 0 0 1 72 0 16 2 16 0
339 474441 E 2 0 45 474171 0 103 0 0 53 0 1 1 0 13 0 0 1 27 0 0 24
340 440356 D 5 0 440154 34 0 59 3 1 0 0 0 48 0 0 1 0 1 31 0 19 0
341 468365 L 0 0 1 0 0 0 0 32 0 468176 0 0 103 27 5 7 1 13 0 0 0
342 455080 R 0 0 0 6 0 50 0 19 59 0 0 0 1 3 454873 38 9 0 0 0 22
343 410080 V 71 1 0 15 0 5 0 56 0 27 0 0 0 0 0 1 0 409904 0 0 0
344 400374 L 0 0 0 0 31 1 0 26 0 400223 0 0 0 1 0 45 0 8 0 1 38
345 355796 S 0 9 0 0 0 41 0 17 0 0 0 47 0 0 36 355640 5 0 0 1 0
346 310284 F 0 4 0 0 310108 0 0 9 0 78 0 0 0 0 0 50 0 7 0 28 0
347 382615 I 0 0 0 0 28 0 1 382401 3 9 6 34 0 0 0 5 56 71 0 1 0
348 369802 R 0 0 1 0 0 81 0 24 30 0 0 0 0 1 369601 30 8 0 0 0 26
349 356886 G 8 0 0 34 0 356755 0 0 0 0 0 0 0 0 48 0 0 16 25 0 0
350 465304 T 99 0 24 0 0 0 0 46 0 0 0 19 5 0 0 48 465063 0 0 0 0
351 472500 K 0 0 0 51 0 0 1 19 472265 0 0 36 0 36 56 0 9 0 0 0 27
352 501985 V 67 0 0 30 0 4 0 55 0 22 0 0 0 0 1 16 1 501778 0 11 0
353 510038 S 5 8 0 0 41 0 0 20 0 0 0 0 492 0 0 509418 27 1 0 26 0
354 480541 P 12 0 0 0 0 0 1 0 2 38 0 0 480336 66 14 36 35 0 0 0 1
355 466761 R 0 0 0 0 0 109 0 0 68 5 41 0 0 0 466488 25 7 0 18 0 0
356 418664 G 13 0 0 39 0 418515 0 0 0 0 0 0 0 0 47 0 0 27 23 0 0
357 418517 K 0 0 0 96 0 0 0 11 418252 0 0 79 0 3 55 0 3 0 0 0 18
358 424259 L 0 0 0 0 43 0 10 14 0 424093 0 0 78 0 1 1 10 9 0 0 0
359 411519 S 5 9 0 1 36 0 0 0 0 2 0 0 95 0 0 411317 30 0 0 24 0
360 487727 T 76 1 0 0 0 1 1 42 0 2 0 16 6 0 2 51 487529 0 0 0 0
361 463123 R 0 0 0 3 0 75 0 26 52 2 0 0 0 1 462901 22 13 0 0 0 28
362 429197 G 9 0 0 35 0 429040 0 0 1 0 0 0 1 0 52 2 0 31 0 0 26
363 504691 V 102 0 1 36 2 10 0 97 0 34 0 0 0 0 0 1 0 504408 0 0 0
364 499643 Q 0 0 0 13 0 0 41 0 28 40 0 0 9 499391 62 0 3 0 0 2 54
365 514366 I 0 0 0 0 33 0 0 514154 0 9 8 34 0 0 0 4 63 58 0 0 3
366 445575 A 445439 1 10 0 0 8 0 0 0 2 0 0 7 0 0 20 54 34 0 0 0
367 439379 S 6 0 0 0 2 0 0 0 0 42 0 0 57 0 0 439209 37 0 0 0 26
368 448220 N 0 0 48 0 0 0 7 18 27 0 1 448062 0 0 0 34 6 0 0 17 0
369 442133 E 2 0 13 441954 0 57 0 0 50 0 0 0 0 11 0 0 0 19 0 0 27
370 454408 N 0 0 72 0 1 0 7 27 16 1 0 454147 0 0 0 53 75 0 0 9 0
371 451579 M 0 0 0 0 0 0 1 177 25 33 451221 0 0 2 9 0 46 64 1 0 0
372 465445 D 1 0 465216 46 0 69 8 0 0 0 0 60 0 0 0 1 1 17 1 25 0
373 459905 A 459697 1 26 2 0 16 0 0 0 0 1 0 14 0 3 14 94 37 0 0 0
374 513835 M 0 0 0 0 0 0 0 197 33 64 513396 0 0 0 1 0 69 71 1 3 0
375 488981 E 1 0 31 488719 0 90 0 0 43 0 0 8 0 10 0 0 1 43 0 0 35
376 375722 S 7 0 0 0 0 0 0 1 0 30 0 0 52 2 0 375586 19 0 0 0 25
377 380810 S 0 32 0 0 0 62 0 14 0 0 0 62 0 0 33 380600 6 1 0 0 0
378 349985 T 54 0 0 0 0 0 1 29 0 1 0 8 3 0 1 25 349862 1 0 0 0
379 358500 L 0 0 0 0 27 2 20 24 0 358350 0 0 63 0 6 3 0 5 0 0 0
380 362810 E 3 0 28 362625 0 51 0 0 55 0 0 0 0 4 0 0 1 26 0 0 17
381 366555 L 0 0 0 0 0 0 0 0 0 366433 15 1 85 10 4 0 1 5 0 0 1
382 384209 R 0 0 0 3 0 95 0 15 42 0 0 0 0 1 383995 27 8 0 0 0 23
383 443185 S 0 12 1 2 0 74 0 17 1 0 0 71 0 1 50 442944 12 0 0 0 0
384 472405 R 0 0 0 0 0 177 0 0 39 2 28 0 0 1 472101 18 6 0 33 0 0
385 560436 Y 0 99 5 0 33 1 107 0 0 1 0 59 1 0 0 11 2 11 0 560080 26
386 542828 W 0 38 0 0 1 4 0 0 0 55 0 4 0 0 134 15 0 2 542418 0 157
387 502224 A 501915 0 38 1 0 38 1 0 0 0 0 0 19 1 0 28 91 92 0 0 0
388 555469 I 0 0 0 0 0 1 8 555076 20 59 135 0 4 1 7 0 80 73 0 1 4
389 519601 R 0 0 0 3 0 80 0 19 57 0 0 0 1 2 519367 41 3 0 0 0 28
390 533073 T 67 0 0 0 0 0 0 26 0 1 0 29 6 0 0 54 532888 0 0 0 2
391 541456 R 0 0 0 2 1 102 0 21 57 4 0 1 1 1 541204 30 5 0 0 0 27
392 522453 S 1 17 0 1 0 73 2 4 3 0 0 35 0 0 36 522274 7 0 0 0 0
393 536290 G 13 1 0 30 0 536098 0 0 0 0 0 1 0 1 83 0 0 27 0 0 36
394 514695 G 12 0 0 48 0 514500 0 0 0 0 0 0 0 0 73 0 1 32 0 0 29
395 519283 N 2 0 84 1 0 0 10 32 51 0 0 518973 0 0 0 58 50 0 0 22 0
396 522378 T 55 1 0 0 0 0 8 42 0 2 0 16 12 3 1 42 522195 0 0 0 1
397 596882 N 0 1 86 0 0 1 3 36 71 2 0 596573 0 1 0 57 22 0 1 25 3
398 598796 Q 0 0 8 16 0 0 50 1 37 21 0 15 10 598475 101 3 0 0 0 0 59
399 538068 Q 0 0 84 10 0 3 33 1 35 32 0 0 21 537665 111 1 12 0 0 0 60
400 482495 R 0 1 0 11 0 159 0 0 67 3 48 0 0 0 482047 30 9 0 33 0 87
401 460595 A 460355 0 35 2 0 23 0 0 0 0 0 0 33 0 1 19 46 81 0 0 0
402 464156 S 8 12 0 4 25 0 0 0 0 2 1 0 95 0 0 463951 25 0 0 32 1
403 465967 A 465666 0 0 28 0 12 0 0 0 0 0 0 15 3 0 25 85 133 0 0 0
404 486908 G 16 47 67 0 0 486714 0 0 0 1 0 1 0 0 12 38 0 12 0 0 0
405 486421 Q 0 3 0 7 0 0 24 0 25 28 0 0 3 486190 72 13 0 2 0 0 54
406 509203 I 0 0 1 0 29 0 0 508950 0 15 11 31 0 1 0 13 73 79 0 0 0
407 461151 S 0 15 0 0 0 130 0 20 1 4 0 70 0 0 72 460829 8 2 0 0 0
408 467872 V 98 1 1 46 0 7 0 0 0 29 93 0 0 1 0 0 0 467583 13 0 0
409 461971 Q 0 0 0 24 0 0 44 0 46 24 0 3 7 461571 59 0 7 0 0 0 186
410 422306 P 7 0 0 15 0 0 43 0 0 54 0 5 422102 2 5 59 13 0 0 0 1
411 455836 A 455452 6 0 29 1 19 2 0 1 1 0 1 10 0 0 45 191 78 0 0 0
412 472813 F 0 3 0 0 472576 1 4 65 1 89 0 0 1 0 2 52 0 4 0 14 1
413 418942 S 0 9 0 0 37 0 0 0 0 6 0 1 47 2 0 418804 25 0 0 11 0
414 441906 V 95 4 0 41 0 12 0 0 0 39 78 0 0 2 0 1 0 441634 0 0 0
415 456701 Q 15 0 0 24 0 3 28 1 36 35 0 4 12 456414 72 0 1 0 0 0 56
416 460895 R 0 0 0 17 0 139 0 16 51 0 0 2 0 0 460613 29 13 0 0 0 15
417 426867 N 0 0 58 0 0 1 5 24 43 0 0 426584 0 0 1 66 61 0 0 24 0
418 451565 L 0 0 0 0 29 1 35 32 0 451323 2 1 124 1 3 5 1 8 0 0 0
419 485972 P 20 0 0 0 0 0 9 0 0 52 0 0 485748 37 12 46 48 0 0 0 0
420 456934 F 1 5 0 0 456698 0 0 41 0 110 0 0 0 0 0 36 0 19 0 24 0
421 467909 D 9 0 467564 35 0 97 14 2 0 0 0 85 0 0 0 3 3 54 1 36 6
422 447957 K 0 0 0 52 0 1 0 25 447603 0 5 153 0 22 70 0 4 1 0 0 21
423 444125 P 15 0 0 1 0 2 0 0 0 38 0 2 443936 24 10 61 34 0 0 0 2
424 461669 T 76 0 1 6 0 0 0 60 0 2 0 21 12 3 0 29 461458 0 0 0 1
425 470452 I 0 2 0 3 27 0 0 470187 0 11 14 45 2 0 0 4 97 60 0 0 0
426 446080 M 0 0 0 1 0 0 2 137 30 51 445719 0 0 0 4 0 70 62 2 0 2
427 403286 A 403002 0 0 28 0 23 0 0 0 12 0 0 13 1 0 29 86 92 0 0 0
428 397473 A 397247 0 0 21 0 10 0 6 0 0 0 0 14 0 0 28 88 59 0 0 0
429 394986 F 0 1 0 0 394797 1 0 19 0 86 0 1 0 1 0 51 0 7 0 22 0
430 362619 T 60 0 1 0 0 0 0 35 0 0 0 17 2 2 0 34 362466 0 2 0 0
431 389086 G 12 0 0 50 0 388883 0 0 1 2 0 0 0 0 84 0 0 26 28 0 0
432 397699 N 0 0 88 2 0 2 1 40 27 4 0 397440 1 1 0 55 3 0 0 35 0
433 423021 T 94 0 0 0 0 0 1 91 35 0 0 2 1 7 11 39 422740 0 0 0 0
434 434753 E 12 1 33 434415 0 148 1 0 45 1 0 1 0 7 14 1 1 34 1 1 37
435 467180 G 8 0 19 138 0 466858 0 2 1 0 11 0 0 1 84 1 1 28 0 0 28
436 475847 R 3 0 16 8 0 109 0 28 64 0 0 0 0 0 475555 26 8 2 1 0 27
437 480533 T 69 0 1 0 1 1 1 48 17 1 1 0 7 2 5 42 480337 0 0 0 0
438 501711 S 5 0 1 0 2 0 0 2 0 46 0 0 65 1 0 501512 37 0 0 1 39
439 489856 D 5 0 489623 41 0 61 9 1 0 0 0 58 0 1 0 2 0 39 0 16 0
440 472294 M 1 0 0 1 0 2 2 108 21 43 471968 0 0 1 3 0 67 77 0 0 0
441 454119 R 0 0 0 2 0 108 0 0 56 0 39 1 0 0 453785 80 16 0 32 0 0
442 457825 A 457525 0 0 24 0 36 0 0 0 1 0 29 16 4 0 24 103 63 0 0 0
443 465182 E 1 1 39 464840 0 59 0 125 51 0 0 0 0 14 0 0 0 22 0 0 30
444 468026 I 0 0 0 0 21 0 1 467645 3 14 196 23 0 0 0 6 69 48 0 0 0
445 526828 I 0 0 0 0 0 0 0 526130 27 51 115 0 0 13 343 0 60 77 0 9 3
446 475427 R 0 0 0 9 0 159 0 0 75 0 53 0 0 0 475060 23 16 1 31 0 0
447 461374 M 0 0 3 0 0 1 0 131 31 27 461019 0 0 0 4 0 72 85 0 1 0
448 463805 M 1 0 6 3 0 0 0 93 56 60 463394 1 0 0 6 2 84 92 3 4 0
449 419267 E 3 0 26 419022 0 105 0 2 51 1 0 0 0 10 4 0 2 21 0 1 19
450 436801 G 1 40 62 0 0 436612 0 0 0 0 0 0 0 0 12 58 0 16 0 0 0
451 495113 A 494422 65 8 69 0 29 0 0 1 0 0 1 19 2 1 28 252 214 1 0 1
452 488108 K 0 0 0 68 0 1 0 14 487801 0 0 144 0 12 55 0 5 0 0 0 8
453 483173 P 7 0 0 0 0 0 0 0 0 34 0 0 483038 28 10 35 21 0 0 0 0
454 506707 E 2 1 40 506462 0 64 0 0 87 0 0 0 0 15 1 0 0 16 0 0 19
455 524798 E 3 0 34 524556 0 93 0 0 49 0 0 0 0 9 3 0 1 26 0 0 24
456 536959 M 0 7 0 0 0 0 0 100 40 29 536641 1 0 2 10 0 69 60 0 0 0
457 525670 S 9 6 1 0 53 0 0 0 0 3 0 0 110 2 0 525425 45 3 0 13 0
458 565412 F 0 5 0 0 565051 0 0 30 0 152 0 0 1 0 0 121 0 1 0 51 0
459 546093 Q 0 0 0 39 1 1 42 1 29 58 1 0 59 545470 320 0 0 0 0 1 71
460 507574 G 9 0 1 63 0 507348 0 0 0 1 0 0 1 8 100 0 3 34 6 0 0
461 491777 R 130 0 0 6 0 60 0 0 0 38 0 0 19 155 491290 0 0 0 79 0 0
462 458342 G 10 0 0 176 0 457994 0 0 0 1 0 0 1 2 83 0 0 25 0 0 50
463 440353 V 58 1 13 0 10 1 0 61 0 6 0 0 1 0 2 5 0 440195 0 0 0
464 451440 F 0 3 0 0 451170 0 0 20 1 126 0 0 0 0 0 84 0 4 0 32 0
465 504849 E 5 0 24 504608 0 87 0 0 80 1 0 0 0 10 0 0 7 4 0 0 23
466 418482 L 0 0 0 0 35 0 15 20 0 418329 0 0 68 0 3 1 1 9 0 0 1
467 438506 S 3 1 1 0 0 2 0 0 0 122 0 0 75 2 0 438232 21 0 13 0 34
468 476932 D 2 0 476673 28 0 112 8 0 0 0 0 64 0 0 0 1 12 21 0 10 1
469 536838 E 2 0 27 536478 0 111 0 0 124 3 1 0 1 16 20 0 1 27 0 0 27
470 571382 R 1 0 0 0 0 150 0 0 71 0 67 0 0 0 570990 59 6 0 38 0 0
471 539755 A 539402 0 0 27 0 37 0 0 0 1 0 0 5 5 0 27 54 197 0 0 0
472 545849 A 545368 1 0 30 0 14 0 0 0 0 0 0 12 4 7 34 191 188 0 0 0
473 581386 N 0 0 75 2 0 0 0 31 31 2 0 581112 1 0 0 99 9 0 0 24 0
474 558760 P 11 0 0 0 0 0 0 0 0 78 0 0 558546 40 16 46 22 0 0 0 1
475 529676 I 0 0 0 0 23 0 0 529443 0 3 13 39 0 0 0 2 54 99 0 0 0
476 482746 V 87 1 2 33 0 3 0 0 0 30 147 0 0 0 3 0 0 482440 0 0 0
477 475341 P 26 0 0 0 0 0 18 0 0 39 0 0 475165 0 11 64 18 0 0 0 0
478 456355 S 1 5 0 0 23 0 0 0 0 11 0 0 69 0 1 456197 21 0 0 27 0
479 495775 F 0 5 0 0 495448 0 0 10 0 169 0 0 0 0 0 120 0 1 0 20 2
480 497042 D 10 0 496557 21 0 85 14 0 0 0 0 91 0 0 0 2 67 55 0 138 2
481 426794 M 0 0 0 1 0 0 0 106 21 37 426476 0 0 1 6 0 61 84 1 0 0
482 525434 S 0 39 0 6 0 109 0 20 1 0 2 68 0 0 41 525136 10 2 0 0 0
483 587384 N 0 0 73 0 0 0 4 35 42 2 13 587123 0 0 0 60 3 0 0 27 2
484 513387 E 1 0 41 513131 0 57 0 0 65 0 0 0 0 12 0 0 0 43 0 0 37
485 456827 G 10 0 0 33 0 456629 0 1 0 0 0 0 0 0 85 0 0 41 0 0 28
486 463135 S 2 6 0 0 30 1 0 5 0 0 0 0 61 0 0 462986 22 0 0 22 0
487 463184 Y 0 48 3 0 16 0 67 5 0 1 0 6 0 0 0 0 0 0 0 463010 28
488 454739 F 0 1 0 0 454567 0 0 18 0 70 0 0 0 0 1 48 0 3 0 31 0
489 435157 F 0 1 0 0 434960 0 0 15 0 104 0 0 4 0 0 49 0 3 0 21 0
490 434772 G 9 0 0 25 6 434578 0 0 0 0 0 0 0 0 104 0 1 18 0 0 31
491 443561 D 4 0 443304 24 0 117 9 1 0 0 1 43 0 0 2 0 1 35 0 20 0
492 451237 N 0 0 78 0 0 0 7 32 39 0 1 451002 1 1 1 50 1 0 0 24 0
493 539632 A 539050 0 0 38 0 20 0 0 0 3 1 0 20 1 1 35 326 137 0 0 0
494 453520 E 7 1 33 453273 0 88 0 0 49 0 0 0 0 15 2 0 0 25 0 0 27
495 447192 E 4 0 16 446934 0 93 0 0 81 0 0 0 2 6 0 3 0 21 0 0 32
496 430542 Y 0 94 4 0 28 0 66 0 0 2 0 27 0 0 0 9 2 0 0 430265 45
497 399445 D 3 0 399077 42 0 115 14 0 0 0 0 134 0 0 1 0 1 38 0 20 0
498 309006 N 0 1 56 0 0 0 4 45 35 2 0 308799 0 2 1 40 1 1 0 19 0
