# nucleotide counts
# upper case indicates nucleotide called by both reads
# lower case indicates nucleotide called by one read with other ambiguous
# N indicates disagreement between reads, or both ambiguous
# POSITION WT COUNTS A T C G a t c g N
1 A 594947 594519 33 4 91 220 0 0 0 80
2 T 597677 51 597368 71 8 0 87 0 0 92
3 G 597901 87 36 13 597581 0 0 0 37 147
4 G 596487 33 61 15 596307 0 0 0 47 24
5 C 576145 46 129 575767 29 0 0 48 0 126
6 G 589704 101 18 8 589476 0 0 0 40 61
7 T 604399 34 604119 90 5 0 25 0 0 126
8 C 607832 42 45 607513 21 0 0 95 0 116
9 C 609036 58 53 608741 15 0 0 88 0 81
10 C 607475 69 76 607115 13 0 0 137 0 65
11 A 604679 604305 48 10 112 144 0 0 0 60
12 A 605737 605442 28 5 111 105 0 0 0 46
13 G 607899 53 35 9 607622 0 0 0 114 66
14 G 615868 93 30 31 615584 0 0 0 48 82
15 C 572163 53 78 571875 22 0 0 54 0 81
16 A 524210 523669 24 12 78 41 0 0 0 386
17 C 507635 16 40 507466 16 0 0 52 0 45
18 C 494466 54 34 494217 17 0 0 104 0 40
19 A 492150 491923 17 4 43 95 0 0 0 68
20 A 489170 488950 25 5 39 37 0 0 0 114
21 A 487372 487161 16 21 46 46 0 0 0 82
22 C 484924 24 103 484708 11 0 0 22 0 56
23 G 449686 42 33 8 449548 0 0 0 31 24
24 G 450024 32 11 6 449830 0 0 0 95 50
25 T 452924 24 452440 41 10 0 81 1 0 327
26 C 467546 22 35 467365 8 0 0 60 0 56
27 T 503810 12 503577 73 7 0 27 0 0 114
28 T 463146 10 462977 51 2 0 36 0 0 70
29 A 466552 466332 23 0 52 107 0 0 0 38
30 T 459866 40 459578 48 9 0 129 0 0 62
31 G 472705 59 26 11 472497 0 0 0 66 46
32 A 490900 490621 37 3 66 64 0 0 0 109
33 A 458664 458438 22 8 49 19 0 0 1 127
34 C 441688 21 63 441496 5 0 0 71 0 32
35 A 401362 401124 22 10 75 66 0 0 0 65
36 G 452962 32 21 10 452766 0 0 0 94 39
37 A 474179 473907 31 2 71 68 0 0 0 100
38 T 476365 30 476128 39 1 0 33 0 0 134
39 G 480181 56 44 13 479975 0 0 0 62 31
40 G 468469 39 30 10 468226 0 0 0 104 60
41 A 470998 470735 29 3 65 123 0 0 0 43
42 A 483166 482900 14 5 62 100 0 0 0 85
43 A 485645 485381 26 21 50 23 0 0 0 144
44 C 517437 20 25 517319 4 0 0 43 0 26
45 T 486888 21 486694 80 9 0 25 0 0 59
46 G 499078 38 41 11 498775 0 0 0 153 60
47 A 496034 495668 29 4 75 180 0 0 0 78
48 T 498450 41 498158 50 8 0 59 0 0 134
49 G 497741 47 59 13 497552 0 0 0 18 52
50 G 505683 49 70 14 505473 0 0 0 39 38
51 G 502343 84 51 17 502063 0 0 0 58 70
52 G 506636 84 23 19 506390 0 0 0 71 49
53 A 488447 488256 27 5 66 24 0 0 0 69
54 A 490196 489978 8 7 59 29 0 0 0 115
55 C 495502 17 92 495334 13 0 0 29 0 17
56 G 490460 129 45 29 490077 0 0 0 37 143
57 C 495003 34 32 494745 11 0 0 149 0 32
58 C 491166 55 56 490843 17 0 0 119 0 76
59 A 488186 487815 24 9 132 144 0 0 0 62
60 G 497145 30 33 12 496912 0 0 0 136 22
61 A 494586 494406 20 7 41 25 0 0 0 87
62 A 501426 501218 25 8 42 35 0 0 0 98
63 T 471691 14 471509 32 11 0 33 0 0 92
64 G 486445 83 35 21 486192 0 0 0 56 58
65 C 493303 37 111 493060 20 0 0 56 0 19
66 A 473494 473317 24 6 58 22 0 0 0 67
67 A 500786 500506 40 9 53 56 0 0 0 122
68 C 495375 23 30 495204 10 0 0 34 0 74
69 T 489145 19 488786 85 15 0 136 1 0 103
70 G 493570 64 46 18 493253 0 0 0 158 31
71 A 461115 460936 25 7 62 44 0 0 0 41
72 G 489598 27 27 11 489444 0 0 0 23 66
73 A 445980 445696 27 3 52 30 0 0 0 172
74 T 490812 38 490497 47 3 0 43 0 0 184
75 C 456644 29 43 456490 15 0 0 49 0 18
76 A 431866 431641 39 5 95 43 0 0 0 43
77 G 446299 27 41 16 446107 0 0 0 70 38
78 A 443298 442956 15 5 65 138 0 0 0 119
79 G 466862 35 40 10 466557 0 0 0 120 100
80 C 455285 26 75 455102 10 0 0 53 0 19
81 A 440278 440094 19 4 52 32 0 0 0 77
82 T 450951 32 450797 64 4 0 8 0 0 46
83 C 452028 35 26 451854 12 0 0 53 0 48
84 C 458455 33 64 458176 17 0 0 53 0 112
85 G 441814 76 17 6 441672 0 0 0 22 21
86 T 449775 25 449533 48 2 0 40 0 0 127
87 C 448650 26 78 448474 5 0 0 32 0 35
88 G 450626 107 51 9 450274 0 0 0 148 37
89 G 452084 34 43 12 451803 1 0 0 153 38
90 G 459398 41 32 13 459230 0 0 0 48 34
91 A 458260 458020 38 2 64 30 0 0 0 106
92 A 456564 456380 32 4 71 10 0 0 0 67
93 G 444801 16 21 7 444646 0 0 0 76 35
94 A 438488 438265 37 2 46 76 0 0 0 62
95 T 431246 15 431035 48 3 0 100 0 0 45
96 G 436480 37 34 8 436216 0 0 0 108 77
97 A 458112 457923 25 1 48 12 0 0 0 103
98 T 458030 24 457847 39 4 0 45 0 0 71
99 T 449385 25 449225 63 2 0 34 0 0 36
100 G 450773 36 22 11 450487 0 0 0 107 110
101 A 448402 448141 37 2 59 105 0 0 0 58
102 T 442149 24 442001 39 5 0 14 0 0 66
103 G 438020 41 31 16 437841 0 0 0 40 51
104 G 447339 35 33 10 447187 0 0 0 56 18
105 A 438304 437961 23 2 67 117 0 0 0 134
106 A 425893 425634 18 1 54 110 0 0 0 76
107 T 427869 27 427780 30 0 0 11 0 0 21
108 T 423237 18 423082 39 2 0 33 0 0 63
109 G 425690 46 37 12 425549 0 0 0 31 15
110 G 420540 43 34 7 420311 0 0 0 49 96
111 A 406658 406271 22 3 96 113 0 0 0 153
112 C 417373 38 87 417097 17 0 0 98 0 36
113 G 373582 48 34 12 373398 0 0 0 49 41
114 A 413331 413179 21 5 25 65 0 0 0 36
115 T 419714 23 419524 31 3 0 27 0 0 106
116 T 385209 27 385003 22 1 0 34 0 0 122
117 C 386443 30 27 386311 13 0 0 22 0 40
118 T 380015 26 379839 67 0 0 58 0 0 25
119 A 388502 388244 30 5 63 59 0 0 0 101
120 C 386689 21 50 386527 13 0 0 22 0 56
121 A 348171 347990 14 2 28 32 0 0 0 105
122 T 354139 30 353967 41 2 0 44 0 0 55
123 C 329653 23 20 329511 5 0 0 72 0 22
124 C 334305 28 34 334158 7 0 0 56 0 22
125 A 332853 332683 9 4 52 69 0 0 0 36
126 A 320264 320041 5 3 30 112 0 0 0 73
127 A 320142 319984 18 1 23 62 0 0 0 54
128 T 307906 7 307793 20 4 0 32 0 0 50
129 G 387301 61 23 10 387138 0 0 0 46 23
130 T 371213 35 370925 52 8 0 27 0 0 166
131 G 373730 41 29 13 373600 0 0 0 13 34
132 C 373170 22 110 372969 16 0 0 20 0 33
133 A 368393 368076 32 1 48 27 0 0 0 209
134 C 365791 13 29 365684 7 0 0 26 0 32
135 T 353686 19 353534 59 1 0 18 0 0 55
136 G 386766 44 17 15 386627 0 0 0 32 31
137 A 405471 405300 12 1 37 89 0 0 0 32
138 A 425174 424808 17 8 68 118 0 0 0 155
139 C 451100 16 31 450986 3 0 0 35 0 29
140 T 451326 14 451180 41 4 0 17 0 0 70
141 T 450201 28 450071 48 1 0 18 0 0 35
142 A 454261 454135 24 0 42 30 0 0 0 30
143 A 454096 453739 13 2 34 217 0 0 0 91
144 A 479391 478989 20 27 44 193 0 0 0 118
145 C 476674 13 23 476487 9 0 0 40 0 102
146 T 446473 13 446295 69 5 0 16 0 0 75
147 C 455746 41 42 455500 7 0 0 108 0 48
148 A 444942 444649 14 7 76 102 0 0 0 94
149 G 473937 27 6 8 473823 0 0 0 39 34
150 T 471172 47 470793 62 14 0 15 0 0 241
151 G 512806 43 42 4 512518 0 0 0 53 146
152 A 530208 529933 25 1 62 74 0 0 0 113
153 T 503591 39 503346 45 4 0 95 0 0 62
154 T 526929 12 526704 60 2 0 102 0 0 49
155 A 528784 528551 38 6 56 84 0 0 0 49
156 T 536810 47 536554 53 13 0 53 0 0 90
157 G 537964 67 44 15 537748 0 0 0 62 28
158 A 515419 515062 43 9 124 91 0 0 0 90
159 G 517745 47 64 10 517455 0 0 0 130 39
160 G 484300 34 63 13 484101 0 0 0 35 54
161 G 471788 56 17 11 471617 0 0 0 26 61
162 G 471325 27 29 21 471180 0 0 0 31 37
163 C 436524 32 90 436220 33 0 0 48 0 101
164 G 441430 80 43 12 441207 0 0 0 44 44
165 A 441489 441065 43 4 42 43 0 0 0 292
166 C 442793 8 38 442652 10 0 0 47 0 38
167 T 440144 23 439999 72 7 0 13 0 0 30
168 G 433883 40 34 18 433740 0 0 0 35 16
169 A 477368 477157 27 4 41 109 0 0 0 30
170 T 457929 32 457540 47 6 0 114 1 0 189
171 C 448772 31 38 448505 10 0 0 109 0 79
172 C 448343 41 55 448118 20 0 0 88 0 21
173 A 431977 431755 23 7 74 57 0 0 0 61
174 G 435054 45 27 8 434938 0 0 0 21 15
175 A 412536 412371 17 2 35 22 0 0 0 89
176 A 413056 412868 24 4 43 28 0 0 0 89
177 C 414701 22 32 414528 10 0 0 82 0 27
178 A 326567 326393 2 7 37 63 0 0 0 65
179 G 333184 15 22 6 333075 0 0 0 35 31
180 C 329430 15 16 329324 5 0 0 20 0 50
181 T 328327 18 328175 21 3 0 26 0 0 84
182 T 331473 30 331303 47 0 0 67 0 0 26
183 A 326544 326356 26 2 34 78 0 0 0 48
184 A 345026 344844 24 6 29 74 0 0 0 49
185 C 356934 27 26 356712 7 0 0 106 0 56
186 A 336923 336731 20 7 40 43 0 0 0 82
187 A 339528 339399 24 3 33 38 0 0 0 31
188 T 309384 29 309254 26 2 0 44 0 0 29
189 A 318871 318723 21 2 69 18 0 0 0 38
190 G 322061 36 33 12 321899 0 0 0 13 68
191 A 326391 326209 16 6 53 17 0 0 0 90
192 G 330041 23 21 5 329904 0 0 0 38 50
193 A 305179 305049 20 4 41 22 0 0 0 43
194 G 317836 28 15 5 317730 0 0 0 27 31
195 A 320181 320033 17 3 33 28 0 0 0 67
196 A 325660 325533 16 1 34 20 0 0 0 56
197 T 327837 23 327621 36 2 0 38 0 0 117
198 G 317133 32 43 12 316942 0 0 0 63 41
199 G 320870 37 22 7 320657 0 0 0 102 45
200 T 297722 26 297216 42 3 0 83 0 0 352
201 G 322595 49 25 9 322434 0 0 0 38 40
202 C 321877 15 29 321652 11 0 0 129 0 41
203 T 322423 15 322185 42 8 0 92 0 0 81
204 C 329823 23 17 329733 5 0 0 9 0 36
205 T 329712 20 329558 51 1 0 14 0 0 68
206 C 363850 31 22 363730 6 0 0 8 0 53
207 T 361430 27 361237 61 9 0 33 0 0 63
208 G 366762 67 31 15 366591 0 0 0 35 23
209 C 366974 26 16 366852 21 0 0 17 0 42
210 T 357631 9 357472 66 2 0 28 0 0 54
211 T 368060 9 367957 35 3 0 27 0 0 29
212 T 360497 10 360387 29 1 0 57 0 0 13
213 T 347047 8 346896 48 13 0 42 0 0 40
214 G 349960 42 13 12 349856 0 0 0 7 30
215 A 345338 345108 21 10 62 66 0 0 0 71
216 C 355903 21 144 355619 15 0 0 65 0 39
217 G 344881 48 29 16 344695 0 0 0 76 17
218 A 321608 321444 16 2 33 80 0 0 0 33
219 A 322438 322350 10 0 39 22 0 0 0 17
220 A 323931 323735 15 1 51 71 0 0 0 58
221 G 326594 16 19 6 326424 0 0 0 66 63
222 A 332355 332193 23 4 53 37 0 0 0 45
223 A 332357 332182 17 5 50 39 0 0 0 64
224 G 343598 31 32 8 343468 0 0 0 37 22
225 G 373621 28 22 8 373446 0 0 0 73 44
226 A 366166 365981 23 1 44 27 0 0 0 90
227 A 377483 377246 27 0 47 68 0 0 0 95
228 T 359337 39 359122 36 0 0 74 0 0 66
229 A 357095 356924 14 2 53 63 0 0 0 39
230 A 357659 357512 13 0 25 83 0 0 0 26
231 A 352525 352358 25 2 15 77 0 0 0 48
232 T 354744 30 354533 40 0 0 64 0 0 77
233 A 324653 324521 18 0 33 55 0 0 0 26
234 T 292664 16 292544 32 2 0 23 0 0 47
235 C 299043 14 18 298951 4 0 0 32 0 24
236 T 280682 15 280526 58 6 0 37 0 0 40
237 G 282697 38 24 14 282496 0 0 0 60 65
238 G 274334 21 21 7 274214 0 0 0 26 45
239 A 270939 270827 17 1 38 24 0 0 0 32
240 A 258280 258170 7 1 58 16 0 0 0 28
241 G 269271 22 12 10 269159 0 0 0 43 25
242 A 263758 263609 16 2 28 29 0 0 0 74
243 A 299355 299216 22 4 54 7 0 0 0 52
244 C 301657 17 40 301537 9 0 0 18 0 36
245 A 285016 284885 17 7 41 21 0 0 0 45
246 T 397907 43 397705 61 2 0 38 0 0 58
247 C 391148 26 44 390978 13 0 0 23 0 64
248 C 411611 40 33 411415 14 0 0 13 0 96
249 C 412666 45 40 412497 15 0 0 31 0 38
250 A 394072 393883 9 11 76 36 0 0 0 57
251 G 427770 21 38 8 427652 0 0 0 21 30
252 C 423178 31 100 422906 41 0 0 12 0 88
253 G 417318 58 43 42 417072 0 0 0 11 92
254 C 422408 33 56 422210 35 0 0 18 0 56
255 G 422064 63 61 51 421828 0 0 0 37 24
256 G 455641 39 61 14 455461 0 0 0 43 23
257 G 449959 35 47 18 449673 0 0 0 118 68
258 G 467165 55 40 14 466784 0 0 0 181 91
259 A 468740 468425 38 0 116 70 0 0 0 91
260 A 466360 466042 17 6 80 171 0 0 0 44
261 G 478512 68 67 15 478156 0 0 0 183 23
262 G 484831 50 29 10 484653 0 0 0 59 30
263 A 484151 483872 34 2 56 46 0 0 0 141
264 T 483326 34 483101 66 0 0 38 0 0 87
265 C 467456 26 25 467281 10 0 0 46 1 67
266 C 462378 62 31 462195 15 0 0 54 0 21
267 T 450116 15 449923 78 5 0 46 0 0 49
268 A 450196 449963 10 4 59 36 0 0 0 124
269 A 450281 450125 10 2 56 41 0 0 0 47
270 G 450083 21 13 9 449944 0 0 0 47 49
271 A 437131 436981 13 3 47 50 0 0 0 37
272 A 430896 430740 14 2 51 36 0 0 0 53
273 A 423050 422958 7 0 31 17 0 0 0 37
274 A 399172 398950 19 28 29 82 0 0 0 64
275 C 402817 21 24 402600 2 0 0 105 0 65
276 T 388756 15 388600 54 3 0 50 0 0 34
277 G 386628 45 30 20 386459 0 0 0 37 37
278 G 384449 27 26 9 384356 0 0 0 17 14
279 A 380886 380565 19 5 86 76 0 0 0 135
280 G 375472 30 30 6 375324 0 0 0 72 10
281 G 371821 26 22 5 371732 0 0 0 8 28
282 A 359987 359562 33 2 45 13 0 0 0 332
283 C 386350 18 32 386235 13 0 0 34 0 18
284 C 377943 38 20 377751 7 0 0 61 0 66
285 C 376404 45 44 376207 12 1 0 64 0 31
286 A 410102 409987 24 1 32 37 0 0 0 21
287 T 400040 29 399777 32 0 0 31 1 0 170
288 A 469303 469085 32 0 42 30 0 0 0 114
289 T 467448 42 467166 51 1 0 73 0 0 115
290 A 413479 413146 38 8 47 104 0 0 0 136
291 C 419704 33 31 419541 8 0 0 75 0 16
292 A 363767 363568 20 3 70 42 0 0 0 64
293 A 364279 364069 23 10 55 10 0 0 0 112
294 G 359227 30 21 4 359043 0 0 0 78 51
295 A 278003 277814 14 1 35 66 0 0 0 73
296 G 281551 14 17 7 281435 0 0 0 48 30
297 A 264227 264086 21 1 34 27 0 0 0 58
298 G 269477 26 14 1 269369 0 0 0 23 44
299 T 276255 26 275648 25 4 0 33 0 0 519
300 A 286789 286651 20 2 47 24 0 0 0 45
301 G 303235 16 22 6 303134 0 0 0 35 22
302 A 300956 300763 27 0 23 92 0 0 0 51
303 T 319465 32 319256 24 3 0 100 0 0 50
304 A 316584 316497 11 3 39 17 0 0 0 17
305 G 317089 21 14 10 317009 0 0 0 17 18
306 A 316150 316058 13 1 35 21 0 0 0 22
307 A 314503 314386 12 1 38 20 0 0 0 46
308 A 313988 313890 10 3 26 12 0 0 0 47
309 G 323106 17 9 1 323024 0 0 0 36 19
310 T 324431 23 324116 36 2 0 29 0 0 225
311 G 329082 35 23 11 328975 0 0 0 18 20
312 G 329258 21 20 2 329167 0 0 0 6 42
313 A 329218 329101 23 1 33 18 0 0 0 42
314 T 332196 30 332020 26 6 0 72 0 0 42
315 G 343553 48 32 7 343366 0 0 0 69 31
316 A 346063 345846 21 1 54 75 0 0 0 66
317 G 347169 30 38 7 346951 0 0 0 100 43
318 G 345298 28 27 18 345143 0 0 0 42 40
319 G 346482 161 23 13 346150 0 0 0 103 32
320 A 348495 348290 15 2 47 100 0 0 0 41
321 A 349735 349452 19 6 41 40 0 0 0 177
322 C 351077 20 42 350931 5 0 0 38 0 41
323 T 348449 25 348283 46 1 0 18 0 0 76
324 C 341828 30 50 341635 3 0 0 61 0 49
325 G 334502 46 18 10 334334 0 0 0 45 49
326 T 345842 21 345645 51 5 0 7 0 0 113
327 C 370556 25 36 370413 12 0 0 15 0 55
328 C 384097 29 21 383943 8 0 0 56 0 40
329 T 392540 14 392303 63 3 0 48 0 0 109
330 T 391103 22 390951 24 3 0 48 0 0 55
331 T 380565 20 380439 46 3 0 14 0 0 43
332 A 348586 348451 36 2 41 30 0 0 0 26
333 T 345105 32 344975 47 13 0 11 0 0 27
334 G 347378 59 18 12 347205 1 0 0 40 43
335 A 300834 300586 41 5 48 39 0 0 0 115
336 C 304909 19 33 304756 9 0 0 31 0 61
337 A 268096 267998 11 7 28 8 0 0 0 44
338 A 271885 271809 10 1 25 21 0 0 0 19
339 A 275590 275468 13 5 45 27 0 0 0 32
340 G 306653 15 16 6 306489 0 0 0 73 54
341 A 318781 318593 16 1 35 93 0 0 0 43
342 A 314992 314797 17 3 57 62 0 0 0 56
343 G 352447 39 18 5 352238 0 0 0 99 48
344 A 375814 375580 27 0 55 106 0 0 0 46
345 A 377399 377236 19 2 45 41 0 0 0 56
346 A 378379 378244 22 1 36 29 0 0 0 47
347 T 374018 21 373752 44 0 1 34 0 0 166
348 A 370436 370307 11 3 44 39 0 0 0 32
349 A 374541 374328 21 9 69 44 0 0 0 70
350 G 375818 34 29 5 375681 0 0 0 43 26
351 G 375899 18 17 10 375735 0 0 0 38 81
352 C 364590 33 48 364325 15 0 0 39 0 130
353 G 362707 51 33 8 362500 0 0 0 52 63
354 A 377827 377679 28 4 26 35 0 0 0 55
355 A 393354 393139 12 0 42 46 0 0 0 115
356 T 391950 28 391708 30 0 0 39 0 0 145
357 C 391965 23 26 391808 4 0 0 46 0 58
358 T 382247 27 381969 76 3 0 82 0 0 90
359 G 390694 30 26 5 390547 0 0 0 59 27
360 G 376738 21 25 1 376651 0 0 0 19 21
361 C 382806 43 89 382477 21 0 0 81 0 95
362 G 382982 84 36 17 382687 0 0 0 69 89
363 C 380245 20 23 380123 9 0 0 35 0 35
364 C 368686 23 37 368327 6 0 0 35 0 258
365 A 368705 368533 16 0 50 18 0 0 0 88
366 A 382977 382787 15 2 54 34 0 0 0 85
367 G 427625 53 33 16 427441 0 0 0 27 55
368 C 424249 27 66 424048 13 0 0 51 0 44
369 C 443646 25 52 443414 12 0 0 90 0 53
370 A 444426 444222 15 11 48 39 0 0 0 91
371 A 449116 448945 36 3 36 29 0 0 0 67
372 T 457973 51 457786 54 1 0 27 0 0 54
373 A 452456 452116 25 5 43 169 0 0 0 98
374 A 454931 454632 29 2 44 150 0 0 0 74
375 T 436971 25 436782 32 5 0 56 0 0 71
376 G 415718 36 49 12 415465 0 0 0 91 65
377 G 376218 25 14 4 376012 0 0 0 108 55
378 T 351799 20 351407 63 5 0 49 0 0 255
379 G 353876 31 24 9 353675 0 0 0 73 64
380 A 352015 351829 24 2 31 68 0 0 0 61
381 T 352393 29 352178 44 3 0 31 0 0 108
382 G 348969 29 19 9 348844 0 0 0 26 42
383 A 351513 351351 27 1 26 58 0 0 0 50
384 T 358034 26 357853 54 4 0 43 0 0 54
385 G 354414 83 31 10 354153 0 0 0 36 101
386 C 350520 20 52 350364 12 0 0 35 0 37
387 A 346609 346466 10 0 50 19 0 0 0 64
388 A 341778 341622 24 4 38 44 0 0 0 46
389 C 325373 23 29 325239 14 0 0 48 0 20
390 A 317385 317236 13 3 33 18 0 0 0 82
391 G 318666 25 26 7 318530 1 0 0 18 59
392 C 308306 19 12 308218 10 0 0 21 0 26
393 T 295715 8 295594 35 3 0 24 0 0 51
394 G 352170 42 30 9 352042 0 0 0 34 13
395 G 360605 24 16 11 360437 0 0 0 24 93
396 T 361147 23 360893 35 2 0 4 0 0 190
397 C 393445 17 30 393343 12 0 0 14 0 29
398 T 380183 8 380005 104 5 0 36 0 0 25
399 G 440657 49 30 15 440458 0 0 0 67 38
400 A 442135 441746 44 3 58 104 0 0 0 180
401 C 466755 18 35 466441 21 0 0 82 0 158
402 T 476574 28 476284 81 5 0 74 0 0 102
403 C 472578 43 47 472352 12 0 0 96 0 28
404 A 468093 467849 43 4 67 32 0 0 0 98
405 C 500103 22 76 499899 11 0 0 41 0 54
406 A 499972 499643 21 4 75 74 0 0 1 154
407 T 514142 35 513838 69 3 0 89 0 0 108
408 G 490011 46 38 12 489781 0 0 0 98 36
409 A 508469 508201 33 1 60 122 0 0 0 52
410 T 494090 35 493871 58 7 0 31 0 0 88
411 G 497953 56 16 7 497716 0 0 0 88 70
412 A 488636 488367 26 2 55 71 0 0 0 115
413 T 484939 28 484704 40 1 0 102 0 0 64
414 C 449491 19 22 449308 12 0 0 102 0 28
415 T 445064 16 444807 106 7 0 47 0 0 81
416 G 430912 55 37 16 430685 0 0 0 45 74
417 G 434411 58 29 19 434195 0 0 0 77 33
418 C 426678 46 55 426412 21 0 0 61 0 83
419 A 424246 424065 26 3 54 34 0 0 0 64
420 T 419208 11 419083 47 4 0 11 0 0 52
421 T 415986 13 415810 62 0 0 22 0 0 79
422 C 416605 40 32 416428 10 0 0 74 0 21
423 C 415218 48 37 415002 17 0 0 85 0 29
424 A 413617 413482 14 1 58 47 0 0 0 15
425 A 410563 410438 19 0 32 11 0 0 0 63
426 T 406186 16 406101 27 2 0 14 0 0 26
427 T 405632 17 405471 26 3 0 79 0 0 36
428 T 402297 13 402106 40 3 0 97 0 0 38
429 G 404148 37 25 16 403996 0 0 0 47 27
430 A 391856 391651 23 3 65 15 0 0 0 99
431 A 391318 391166 13 3 52 20 0 0 0 64
432 T 391888 23 391710 43 5 0 76 0 0 31
433 G 362368 36 32 4 362108 0 0 0 71 117
434 A 391304 391134 25 3 36 75 0 0 0 31
435 T 388456 23 388204 45 2 0 57 0 0 125
436 A 388697 388437 33 3 76 58 0 0 0 90
437 C 419561 23 56 419382 8 0 0 79 0 13
438 A 400711 400457 10 11 77 78 0 0 0 78
439 A 476499 476212 40 4 70 72 0 0 0 101
440 C 483706 33 29 483528 4 0 0 23 0 89
441 A 490447 490191 25 14 43 39 0 0 0 135
442 T 502179 21 502005 52 2 0 68 0 0 31
443 A 422450 422108 23 5 35 59 0 0 0 220
444 C 435107 28 38 434857 11 0 0 36 0 137
445 C 437982 29 39 437777 7 0 0 39 0 91
446 A 439905 439528 28 5 106 83 0 0 0 155
447 G 454311 24 38 11 454073 0 0 0 143 22
448 A 410820 410628 17 2 58 69 0 0 0 46
449 G 452329 47 43 12 452161 0 0 0 22 44
450 G 446711 38 19 14 446564 0 0 0 22 54
451 A 456447 456150 47 1 67 22 0 0 0 160
452 C 461245 12 54 461058 11 0 0 90 0 20
453 A 455756 455485 28 5 44 162 0 0 0 32
454 A 470422 470139 14 7 66 100 0 0 0 96
455 G 484429 33 16 6 484261 0 0 0 70 43
456 A 505529 505274 15 5 76 44 0 0 0 115
457 G 521236 34 41 14 521088 0 0 0 35 24
458 C 543810 42 35 543627 18 0 0 48 0 40
459 T 543442 12 543245 68 3 0 31 0 0 83
460 C 548961 20 40 548743 7 0 0 75 0 76
461 T 547763 33 547500 57 4 0 66 0 0 103
462 T 554104 32 553916 62 4 0 37 0 0 53
463 G 558103 48 19 9 557906 0 0 0 73 48
464 T 568685 41 568436 48 9 0 49 0 0 102
465 T 567508 23 567233 58 8 0 76 0 0 110
466 C 573439 48 107 573137 24 0 0 78 0 45
467 G 571288 166 53 19 570865 0 0 0 119 66
468 C 583710 35 64 583363 16 0 0 162 0 70
469 A 579106 578555 40 6 69 55 0 0 0 381
470 C 582019 14 63 581715 16 0 0 135 0 76
471 C 579987 52 109 579660 8 1 1 124 0 32
472 G 592014 180 39 11 591616 0 0 0 132 36
473 G 595831 127 42 35 595404 0 0 0 113 110
474 C 629622 48 80 629314 27 0 0 27 0 126
475 A 634649 634305 43 7 94 56 0 0 0 144
476 T 684393 26 684149 86 7 0 58 0 0 67
477 G 685335 75 82 24 685019 0 0 0 70 65
478 G 715174 67 45 16 714884 0 0 0 91 71
479 A 750112 749720 33 0 104 54 0 0 0 201
480 T 765576 53 765061 91 7 0 98 0 0 266
481 C 711319 51 73 711014 24 0 0 88 0 69
482 C 682167 64 66 681906 19 0 0 63 0 49
483 C 630507 103 87 630176 18 0 0 73 0 50
484 A 641353 640998 18 9 190 28 0 0 0 110
485 G 676907 100 62 15 676575 0 0 0 45 110
486 G 647712 47 31 11 647495 0 0 0 65 63
487 A 623825 623534 37 4 75 26 0 0 0 149
488 T 549994 31 549687 52 10 0 128 0 0 86
489 G 561498 65 36 16 561188 0 0 0 167 26
490 T 546459 48 545893 88 19 0 208 0 0 203
491 G 547130 129 46 11 546636 0 0 0 253 55
492 C 552103 44 44 551825 19 0 0 75 0 96
493 T 536239 20 535993 90 11 0 35 0 0 90
494 C 550166 35 41 550002 13 0 0 38 0 37
495 T 533752 20 533546 70 2 0 19 0 0 95
496 C 538497 42 33 538306 10 0 0 40 0 66
497 T 537733 32 537483 110 9 0 29 0 0 70
498 G 511573 48 33 8 511328 0 0 0 32 124
499 A 513427 513165 41 3 44 80 0 0 0 94
500 T 506289 42 506042 75 7 0 58 0 0 65
501 G 501355 102 42 18 501125 0 0 0 40 28
502 C 503477 39 95 503239 19 0 0 49 0 36
503 A 481505 481250 18 6 148 18 0 0 0 65
504 G 485397 36 42 6 485258 0 1 0 41 13
505 G 468013 30 28 12 467796 0 0 0 93 54
506 G 486957 40 19 13 486705 0 0 0 137 43
507 T 471145 17 470332 61 0 0 59 0 0 676
508 T 474242 26 474108 35 2 0 26 0 0 45
509 C 472934 31 95 472768 9 0 0 16 0 15
510 G 473152 101 40 10 472866 0 0 0 30 105
511 A 476473 475726 50 5 45 85 0 0 0 562
512 C 471885 18 35 471616 6 0 0 127 0 83
513 T 462704 16 462403 56 8 0 123 0 0 98
514 C 507041 51 23 506828 14 0 0 114 0 11
515 T 521841 30 521471 129 6 0 47 0 0 158
516 C 635622 48 133 635259 16 0 0 83 0 83
517 C 621071 51 57 620831 12 0 0 34 0 86
518 C 620038 63 59 619734 14 0 0 67 0 101
519 T 615573 49 615326 74 4 0 83 0 0 37
520 A 677684 677245 43 6 119 167 0 0 0 104
521 G 634332 45 56 11 633992 0 0 0 122 106
522 G 613010 42 38 12 612748 0 0 0 85 85
523 A 564800 564346 41 7 95 71 0 0 0 240
524 G 567456 33 41 8 567265 0 0 0 96 13
525 G 544621 36 14 9 544435 0 0 0 85 42
526 T 541999 20 541400 66 10 0 26 0 0 477
527 C 535196 38 35 535015 10 0 0 56 0 42
528 T 551405 23 550860 212 10 0 77 0 0 223
529 G 552290 43 54 18 552003 0 0 0 141 31
530 G 553879 32 32 5 553616 1 0 0 152 41
531 A 552790 552553 15 4 77 40 0 0 0 101
532 G 562678 40 34 15 562520 0 0 0 26 43
533 C 557385 31 54 557240 7 0 0 23 0 30
534 T 548386 6 548111 98 7 0 118 0 0 46
535 G 548735 179 36 20 548324 0 0 0 121 55
536 C 553949 36 98 553735 18 0 0 15 0 47
537 A 555859 555395 41 18 221 55 0 0 0 129
538 G 573562 28 46 8 573394 0 0 0 54 32
539 G 583544 28 29 12 583375 0 0 0 73 27
540 C 580099 37 93 579740 18 0 0 94 0 117
541 G 574359 131 39 17 574120 0 0 0 31 21
542 C 579199 34 32 578911 7 0 0 52 0 163
543 T 568874 9 568599 132 5 0 65 0 0 64
544 G 586777 182 50 12 586445 0 0 0 42 46
545 C 575441 56 217 575069 30 0 0 25 0 44
546 A 599937 599671 39 9 137 21 0 0 0 60
547 G 613068 54 19 11 612710 0 0 0 121 153
548 T 618265 52 617854 66 25 0 142 0 0 126
549 C 625860 41 69 625399 18 0 0 275 0 58
550 A 621281 620794 39 22 70 257 0 0 0 99
551 A 616260 616010 23 9 51 31 0 0 0 136
552 A 616396 615982 32 44 192 82 0 0 0 64
553 G 592034 38 33 6 591817 0 0 0 92 48
554 G 606198 44 33 12 605988 0 0 0 70 51
555 A 548435 548196 35 7 88 26 0 0 0 83
556 G 540928 46 31 5 540606 0 0 0 14 226
557 T 531516 22 531145 62 8 0 49 0 0 230
558 T 515578 14 515282 58 16 0 123 0 0 85
559 G 523337 51 68 19 523053 0 0 0 105 41
560 G 521292 66 37 13 521088 0 0 0 29 59
561 G 523750 84 35 27 523395 0 0 0 17 192
562 A 512410 512028 45 21 87 43 0 0 0 186
563 C 450562 39 46 450348 7 0 0 79 0 43
564 A 403650 403469 28 5 67 41 0 0 0 40
565 A 317148 317036 23 2 35 34 0 0 0 18
566 T 318303 17 318155 20 8 0 35 0 0 68
567 G 327019 33 22 4 326879 0 0 0 31 50
568 G 331190 19 21 5 331079 0 0 0 50 16
569 T 304926 24 304437 42 3 0 27 0 0 393
570 G 304864 35 27 7 304719 0 0 0 17 59
571 A 301261 301146 33 0 39 8 0 0 0 35
572 T 301917 19 301742 30 3 0 35 0 0 88
573 G 293809 25 28 5 293668 0 0 0 62 21
574 G 261917 19 17 12 261756 0 0 0 53 60
575 A 319951 319733 27 3 77 25 0 0 0 86
576 G 333954 18 14 5 333870 0 0 0 28 19
577 T 327640 22 327429 30 8 0 21 0 0 130
578 T 364771 26 364610 55 5 0 45 0 0 30
579 G 387290 43 29 6 387063 0 0 0 67 82
580 A 389757 389443 39 1 51 79 0 0 0 144
581 T 378362 23 378184 37 1 0 60 0 0 57
582 A 375664 375514 12 3 50 62 0 0 0 23
583 A 368295 368149 23 5 63 26 0 0 0 29
584 G 386310 25 38 15 386162 0 0 0 20 50
585 G 409943 20 22 8 409794 0 0 0 13 86
586 A 412587 412362 29 0 46 36 0 0 0 114
587 T 380454 30 380280 34 3 0 74 0 0 33
588 G 387790 43 23 9 387624 0 0 0 72 19
589 A 390197 389878 25 3 44 182 1 0 0 64
590 T 391296 43 390892 54 1 0 178 0 0 128
591 C 388282 19 31 388119 7 0 0 8 0 98
592 A 385426 385305 8 7 50 31 0 0 0 25
593 A 373148 373032 4 3 32 56 0 0 0 21
594 A 374305 374136 13 6 34 43 0 0 0 73
595 C 365168 11 23 365062 3 0 0 10 0 59
596 G 357769 36 22 6 357654 0 0 0 19 32
597 T 346262 10 345956 48 4 0 26 0 0 218
598 G 340953 26 32 11 340830 0 0 0 39 15
599 G 344317 31 38 10 344122 0 0 0 100 16
600 G 354923 46 22 9 354701 0 0 0 95 50
601 A 356217 356016 40 2 50 41 0 0 0 68
602 T 355951 16 355831 29 0 0 28 0 0 47
603 C 348084 20 31 347993 6 0 0 19 0 15
604 A 343071 342936 14 3 64 8 0 0 0 46
605 A 342435 342329 17 3 31 10 0 0 0 45
606 T 341548 17 341441 44 5 0 6 0 0 35
607 G 347440 31 20 11 347289 0 0 0 44 45
608 A 341829 341653 37 6 35 36 0 0 0 62
609 T 315761 23 315654 25 0 0 30 0 0 29
610 C 330478 16 66 330327 6 0 0 29 0 34
611 G 329201 76 38 12 328878 0 0 0 48 149
612 G 360814 31 21 15 360641 0 0 0 95 11
613 A 361227 361071 10 1 45 60 0 0 0 40
614 A 348996 348796 8 5 48 27 0 0 0 112
615 C 433280 16 20 433134 2 0 0 88 0 20
616 T 424089 19 423825 39 3 0 36 0 0 167
617 T 414815 13 414652 41 1 0 56 0 0 52
618 C 421554 17 23 421446 10 0 0 37 0 21
619 T 423297 32 423067 83 3 0 44 0 0 68
620 G 424958 52 43 20 424799 0 0 0 17 27
621 G 430377 33 37 4 430144 0 0 0 54 105
622 A 424539 424187 29 5 104 53 0 0 0 161
623 G 407944 26 29 2 407806 0 0 0 66 15
624 A 334286 334068 14 15 54 72 0 0 0 63
625 G 353761 24 32 15 353585 0 0 0 87 18
626 G 376870 32 19 8 376607 0 0 0 127 77
627 T 358608 28 357045 58 24 0 129 0 0 1324
628 G 353772 46 40 12 353626 0 0 0 32 16
629 A 352966 352811 25 4 60 43 0 0 0 23
630 A 357761 357657 17 1 43 17 0 0 0 26
631 A 361382 361290 7 3 34 20 0 0 0 28
632 A 358646 358437 46 1 27 57 0 0 0 78
633 T 347363 12 347226 29 8 0 66 0 0 22
634 G 332327 46 33 5 332172 0 0 0 15 56
635 G 331125 21 19 6 331038 0 0 0 29 12
636 A 331270 331059 19 3 74 45 0 0 0 70
637 C 323815 17 78 323631 12 0 0 20 0 57
638 G 322105 62 20 9 321926 0 0 0 41 47
639 A 322012 321898 13 0 38 48 0 0 0 15
640 A 324497 324397 9 4 32 39 0 0 0 16
641 A 325331 325167 8 2 18 41 0 0 0 95
642 A 317557 317496 6 4 22 13 0 0 0 16
643 A 315505 315364 25 16 33 10 0 0 0 57
644 C 308603 19 10 308544 3 0 0 14 0 13
645 A 307646 307555 8 4 46 23 0 0 0 10
646 A 305613 305449 22 3 54 25 0 0 0 60
647 G 311034 15 26 1 310960 0 0 0 11 21
648 G 295005 22 24 6 294713 0 0 0 156 84
649 A 282475 282237 21 2 33 142 0 0 0 40
650 G 286496 23 10 4 286398 0 0 0 28 33
651 T 274471 25 273887 40 7 0 26 0 0 486
652 G 283821 28 26 7 283668 0 0 0 22 70
653 C 281130 12 25 281027 15 0 0 8 0 43
654 T 276587 5 276487 32 1 0 14 0 0 48
655 T 298904 14 298819 32 3 0 0 0 0 36
656 A 283547 283424 10 10 27 36 0 0 0 40
657 C 314465 18 51 314285 17 0 0 33 0 61
658 G 314178 63 36 14 313931 0 0 0 79 55
659 A 278155 277976 23 6 31 48 0 0 0 71
660 G 308946 12 21 3 308827 0 0 0 42 41
661 A 253777 253662 13 3 36 27 0 0 0 36
662 G 261678 22 21 9 261527 0 0 0 31 68
663 A 256461 256378 12 1 21 17 0 0 0 32
664 A 216541 216439 12 1 19 11 0 0 0 59
665 T 219000 12 218911 20 6 0 12 0 0 39
666 G 227378 26 16 4 227289 0 0 0 15 28
667 T 273041 25 272840 51 7 0 9 0 0 109
668 G 289029 39 37 9 288894 0 0 0 18 32
669 C 290872 25 61 290683 14 0 0 43 0 46
670 A 287447 287312 11 3 51 45 0 0 0 25
671 A 293312 293163 20 1 18 56 0 0 0 54
672 C 316092 9 18 315964 5 0 0 71 0 25
673 A 315248 315107 22 1 37 26 0 0 0 55
674 T 306872 12 306732 38 0 0 72 0 0 18
675 T 306507 7 306366 27 1 0 86 0 0 20
676 C 312136 14 25 311982 5 0 0 34 0 76
677 T 311732 26 311564 70 3 0 21 0 0 48
678 C 326452 19 27 326284 8 0 0 9 0 105
679 A 324930 324830 10 6 35 16 0 0 0 33
680 A 325942 325862 17 0 24 14 0 0 0 25
681 A 325658 325471 11 3 69 85 0 0 0 19
682 G 333557 32 25 8 333364 0 0 0 101 27
683 G 343829 22 22 9 343652 0 0 0 86 38
684 A 342348 342184 21 2 55 65 0 0 0 21
685 A 341648 341468 7 1 43 101 0 0 0 28
686 A 341933 341754 12 2 22 125 0 0 0 18
687 A 358806 358673 27 2 23 54 0 0 0 27
688 T 359705 21 359575 32 3 0 19 0 0 55
689 T 353710 5 353597 33 1 0 15 0 0 59
690 T 352861 18 352723 52 2 0 34 0 0 32
691 C 338965 27 27 338834 15 0 0 42 0 20
692 A 337730 337564 12 8 74 43 0 0 0 29
693 A 337880 337740 5 3 36 40 0 0 0 56
694 A 338223 338068 10 12 44 30 0 0 0 59
695 C 350210 18 33 350100 7 0 0 42 0 10
696 A 333270 333117 9 2 23 26 0 0 0 93
697 G 341305 14 28 11 341122 0 0 0 89 41
698 C 345225 29 26 345043 9 0 0 77 0 41
699 T 306933 11 306748 52 2 0 52 0 0 68
700 G 324549 99 29 20 324330 0 0 0 48 23
701 C 269187 29 42 269036 17 0 0 21 0 42
702 A 270659 270469 24 9 46 25 0 0 0 86
703 C 265841 19 29 265722 3 0 0 17 0 51
704 A 265458 265333 5 10 29 34 0 0 0 47
705 A 264234 264137 15 1 26 35 0 0 0 20
706 A 257254 257144 8 4 54 16 0 0 0 28
707 G 279888 38 34 4 279742 0 0 0 38 32
708 G 280602 30 19 7 280407 0 0 0 47 92
709 G 269612 34 15 18 269445 0 0 0 33 67
710 C 267539 16 60 267408 15 0 0 10 0 30
711 A 263769 263686 8 6 42 17 0 0 0 10
712 A 282752 282641 18 1 26 32 0 0 0 34
713 T 266724 16 266572 29 5 0 27 0 0 75
714 G 268286 31 22 13 268136 0 0 0 24 60
715 A 247763 247633 23 3 30 51 0 0 0 23
716 T 263176 26 263058 28 3 0 47 0 0 14
717 G 262169 35 24 9 262076 0 0 0 9 16
718 G 284995 21 20 10 284873 0 0 0 44 27
719 A 285240 285026 27 2 41 31 0 0 0 113
720 T 279764 26 279603 24 1 0 73 0 0 37
721 C 269713 17 27 269577 4 0 0 66 0 22
722 A 270531 270440 8 5 49 16 0 0 0 13
723 A 307375 307237 12 5 42 33 0 0 0 46
724 G 310533 24 14 8 310397 0 0 0 31 59
725 T 310938 16 310752 30 3 0 20 0 0 117
726 G 314398 25 24 12 314292 0 0 0 10 35
727 A 309584 309466 31 4 53 10 0 0 0 20
728 G 319636 16 26 8 319518 0 0 0 37 31
729 A 318514 318299 21 4 89 39 0 0 0 62
730 G 320858 29 16 6 320647 0 0 0 109 51
731 A 314971 314767 18 0 45 110 0 0 0 31
732 A 307199 307090 14 7 28 37 0 0 0 23
733 A 325588 325401 11 2 55 80 0 0 0 39
734 G 329895 29 12 10 329746 0 0 0 59 39
735 T 330119 24 329889 24 1 0 12 0 0 169
736 C 321287 21 53 321165 9 0 0 9 0 30
737 G 321252 50 38 3 321069 0 0 0 53 39
738 G 323710 30 17 7 323566 0 0 0 60 30
739 A 322047 321941 13 2 35 20 0 0 0 36
740 A 324447 324171 11 2 37 67 0 0 0 159
741 C 328169 17 25 328025 4 0 0 78 0 20
742 C 377694 22 22 377572 7 0 0 36 0 35
743 C 389466 44 56 389308 9 0 0 27 0 22
744 A 384583 384435 20 7 75 15 0 0 0 31
745 G 399086 37 42 9 398837 0 0 0 70 91
746 G 395411 25 21 7 395233 0 0 0 86 39
747 A 394129 393931 18 1 45 52 0 0 0 82
748 A 398104 397939 13 2 53 43 0 0 0 54
749 A 376625 376512 22 0 35 16 0 0 0 40
750 T 396324 16 396178 40 5 0 30 0 0 55
751 G 398974 50 36 17 398772 0 0 0 54 45
752 C 431045 34 34 430825 10 0 0 56 0 86
753 T 421832 12 421608 100 7 0 9 0 0 96
754 G 427419 51 40 8 427254 0 0 0 33 33
755 A 406191 406032 20 4 59 25 0 0 0 51
756 G 409124 23 16 3 408869 0 0 0 182 31
757 A 405585 405213 21 1 47 200 0 0 0 103
758 T 407891 35 407678 37 1 0 59 0 0 81
759 C 400313 21 65 400132 9 0 0 31 0 55
760 G 399751 78 31 15 399562 0 0 0 28 37
761 A 384314 384191 21 1 43 28 0 0 0 30
762 A 382351 382200 12 3 47 44 0 0 0 45
763 G 405073 18 17 11 404965 0 0 0 26 36
764 A 404455 404172 22 1 39 63 0 0 0 158
765 T 389522 24 389326 34 1 0 59 0 0 78
766 C 387654 20 25 387452 8 0 0 110 0 39
767 T 367916 27 367621 65 4 0 149 0 0 50
768 C 376167 28 42 375967 11 0 0 63 0 56
769 A 374868 374733 10 0 43 16 0 0 0 66
770 T 375649 23 375501 40 3 0 10 0 0 72
771 C 373041 15 17 372947 8 0 0 29 0 25
772 T 341736 22 341595 44 2 0 30 0 0 43
773 T 344492 14 344364 41 0 0 39 0 0 34
774 T 346587 15 346392 37 3 0 82 1 0 57
775 C 342830 16 23 342672 6 0 0 56 0 57
776 T 341141 24 341029 40 1 0 24 0 0 23
777 G 332187 32 26 11 332050 0 0 0 51 17
778 G 337592 53 23 15 337348 0 0 0 59 94
779 C 335441 33 63 335232 11 1 0 65 0 36
780 A 334881 334682 19 5 52 44 0 0 0 79
781 C 331822 15 89 331680 4 0 0 12 0 22
782 G 349510 39 21 3 349367 0 0 0 55 25
783 G 351844 22 10 6 351640 0 0 0 46 120
784 T 350712 8 350436 40 4 0 36 0 0 188
785 C 352046 18 33 351922 12 0 0 21 0 40
786 T 362521 14 362266 130 8 0 46 0 0 57
787 G 353586 73 29 16 353421 0 0 0 27 20
788 C 363298 41 87 363031 10 0 0 34 0 95
789 A 348101 347664 31 1 51 72 0 0 0 282
790 C 337712 8 29 337507 10 1 0 98 0 59
791 T 295275 17 295097 50 3 0 43 0 0 65
792 C 307648 22 35 307450 11 0 0 99 0 31
793 A 318089 317866 14 4 42 84 0 0 0 79
794 T 309988 20 309797 41 0 0 23 0 0 107
795 A 301622 301366 14 1 32 10 0 0 0 199
796 T 328899 18 328765 24 3 0 46 0 0 43
797 T 336223 13 336022 47 5 0 46 0 0 90
798 G 388982 33 33 7 388830 0 0 0 31 48
799 A 387857 387470 34 7 70 15 0 0 0 261
800 G 421125 31 35 12 420933 0 0 0 58 56
801 A 395641 389850 18 7 102 50 0 0 0 5614
802 G 403451 55 34 8 403298 0 0 0 21 35
803 G 424252 35 36 10 424126 0 0 0 22 23
804 G 425417 28 37 10 425243 0 0 0 4 95
805 T 418379 31 418019 58 2 0 9 0 0 260
806 C 420239 24 47 420052 5 0 0 29 0 82
807 A 416742 416457 36 2 86 35 0 0 0 126
808 G 422511 15 16 4 422202 0 0 0 22 252
809 T 421353 25 421202 25 0 0 8 0 0 93
810 T 417708 23 417541 43 6 0 22 0 0 73
811 G 419524 55 30 18 419256 0 0 0 23 142
812 C 407780 25 54 407633 16 0 0 25 0 27
813 T 407681 12 406966 66 1 0 37 0 0 599
814 C 410315 28 46 410144 13 0 0 25 0 59
815 A 408718 408316 38 6 52 156 0 0 0 150
816 C 409370 18 44 405524 4 0 0 200 0 3580
817 A 404767 404609 13 2 33 54 0 0 0 56
818 A 405059 404899 18 0 39 14 0 0 0 89
819 A 404444 404233 27 2 31 8 0 0 0 143
820 T 402167 8 401983 44 0 0 15 0 0 117
821 C 398286 13 21 397513 4 0 0 23 0 712
822 T 387585 20 387443 42 1 0 20 0 0 59
823 T 373268 7 373140 48 11 0 41 0 0 21
824 G 372782 34 22 2 372580 0 0 0 52 92
825 T 356702 43 356446 60 2 0 92 0 0 59
826 C 354084 19 36 353861 14 0 0 115 0 39
827 T 308704 35 308510 10 6 0 32 0 0 111
828 G 307308 29 32 5 306923 0 0 0 19 300
829 C 304259 32 107 304061 16 0 0 10 0 33
830 C 302109 43 55 301958 20 0 0 15 0 18
831 C 222290 45 60 222141 17 0 0 8 0 19
832 G 192301 64 34 14 192138 0 0 0 8 43
833 C 192723 22 25 192649 3 0 0 7 0 17
834 C 190546 29 21 190420 4 0 0 22 0 50
835 T 180563 7 180361 138 8 0 22 0 0 27
836 G 177141 34 8 4 176995 0 0 0 58 42
837 T 168435 15 168282 23 3 0 38 0 0 74
838 G 175875 13 15 2 175797 0 0 0 6 42
839 T 148314 12 148192 23 7 0 4 0 0 76
840 G 164269 22 9 2 164031 0 0 0 9 196
841 T 114857 6 114764 16 0 0 19 0 0 52
842 A 115263 114959 11 1 14 14 0 0 0 264
843 T 112791 17 111305 14 8 0 8 0 0 1439
844 G 110711 17 17 5 110645 0 0 0 21 6
845 G 127837 21 9 5 127481 0 0 1 16 304
846 A 124134 52808 12 5 19 24 0 1 0 71265
847 C 130235 6 29 130159 6 0 0 19 0 16
848 C 133108 19 22 133037 4 0 0 17 0 9
849 T 131116 11 131056 19 9 0 9 0 0 12
850 G 231775 75 35 16 231596 0 0 0 33 20
851 C 234017 19 61 233899 9 0 0 9 0 20
852 C 235233 13 71 235090 4 0 0 4 0 51
853 G 235824 53 14 5 235735 0 0 0 3 14
854 T 256448 22 256354 27 5 0 24 0 0 16
855 A 262366 262272 5 4 48 21 0 0 0 16
856 G 272909 32 32 8 272761 0 0 0 31 45
857 C 273715 28 23 273484 7 0 0 34 1 138
858 C 287507 22 36 287416 10 0 0 12 0 11
859 A 362816 362690 19 5 47 41 0 0 0 14
860 G 368286 26 19 10 368190 0 0 0 38 3
861 T 368578 46 368398 33 3 0 54 0 0 44
862 G 403067 66 31 7 402821 0 0 0 85 57
863 G 403755 31 24 10 403629 0 0 0 48 13
864 C 409196 31 34 408974 5 0 0 121 0 31
865 T 409098 17 408890 72 1 0 92 0 0 26
866 A 413007 412853 24 2 47 41 0 0 0 40
867 C 412724 17 79 412549 9 0 0 24 0 46
868 G 454215 55 16 4 454075 0 0 0 34 31
869 A 456284 455986 26 2 44 70 0 0 0 156
870 C 459562 11 29 459441 6 0 0 48 0 27
871 T 458654 12 458452 64 2 0 80 0 0 44
872 T 460427 23 460239 44 1 0 79 0 0 41
873 C 460496 37 73 460164 17 0 0 178 0 27
874 G 462989 71 21 17 462686 0 0 0 163 31
875 A 463018 462909 17 1 71 5 0 0 0 15
876 A 463340 463183 10 0 51 9 0 0 0 87
877 A 462443 462373 9 0 46 5 0 0 0 10
878 A 463416 463312 8 1 23 50 0 0 0 22
879 A 463414 463162 13 4 152 57 0 0 0 26
880 G 465003 36 21 6 464892 0 0 0 12 36
881 A 459065 458823 23 4 99 11 0 0 0 105
882 G 451442 34 40 9 451255 0 0 0 76 28
883 G 449256 38 49 13 448870 0 0 0 229 57
884 G 445447 56 38 13 445120 0 0 0 156 64
885 A 426079 425828 33 3 57 11 0 0 0 147
886 T 422824 34 422647 37 0 0 14 0 0 92
887 A 372643 371905 31 2 34 10 0 0 0 661
888 C 370065 22 15 369939 6 0 0 21 0 62
889 T 326022 18 325870 40 0 0 37 0 0 57
890 C 330653 16 18 330539 3 0 0 34 0 43
891 T 343892 8 343781 42 3 0 13 0 0 45
892 T 338190 16 338083 23 2 0 23 0 0 43
893 T 339268 23 339141 33 7 0 47 0 0 17
894 A 344089 343907 22 4 61 38 0 0 0 57
895 G 352897 29 25 4 352646 0 0 0 74 119
896 T 339325 31 338887 29 24 1 70 0 0 283
897 G 333586 23 57 11 333452 0 0 0 19 24
898 G 338145 24 47 8 338017 0 0 0 30 19
899 G 314275 51 19 16 314105 0 0 0 39 45
900 A 400122 399905 27 2 52 13 0 0 0 123
901 A 408854 408682 34 1 47 14 0 0 0 76
902 T 409108 19 408974 36 1 0 20 0 0 58
903 A 403928 403746 18 0 101 49 0 0 0 14
904 G 409939 47 24 16 409758 0 0 0 33 61
905 A 415593 414597 29 10 47 74 0 0 0 836
906 C 424317 24 29 423908 8 0 0 89 0 259
907 C 417605 21 24 417493 17 0 0 22 0 28
908 C 444876 51 21 444601 8 0 0 168 0 27
909 T 444968 27 444637 102 10 0 141 0 0 51
910 T 451867 29 451671 55 4 0 33 0 0 75
911 T 428790 35 428527 71 3 0 14 0 0 140
912 C 430327 23 47 430212 14 0 0 12 0 19
913 A 429134 428970 19 8 57 26 0 0 0 54
914 A 432506 432233 25 4 35 158 0 0 0 51
915 A 439741 439343 22 11 35 204 0 0 0 126
916 C 440272 13 29 440094 6 0 0 86 0 44
917 T 435188 7 435042 69 2 0 30 0 0 38
918 G 439118 46 38 10 438962 0 0 0 42 20
919 C 442355 27 26 442213 9 0 0 65 0 15
920 T 443505 8 443288 59 3 0 65 0 0 82
921 T 442800 39 442613 46 3 0 64 0 0 35
922 C 449394 32 34 449242 16 0 0 32 0 38
923 A 448092 447942 14 6 62 46 0 0 0 22
924 A 448110 447967 12 4 35 54 0 0 0 38
925 A 448417 448242 11 2 42 14 0 0 0 106
926 A 447203 447019 21 19 47 10 0 0 0 87
927 C 449703 21 49 449558 13 0 0 35 0 27
928 A 440545 440423 11 4 49 37 0 0 0 21
929 G 450271 63 33 21 450098 0 0 0 36 20
930 C 452823 32 42 452659 10 0 0 30 0 50
931 C 465323 23 48 465149 13 0 0 43 0 47
932 A 459716 459325 32 6 44 215 0 0 0 94
933 A 461591 461288 14 7 52 184 0 0 0 46
934 G 515989 36 22 5 515841 0 0 0 56 29
935 T 529786 27 529420 47 4 0 13 0 0 275
936 A 512305 511973 32 1 41 31 0 0 0 227
937 T 501207 29 501003 48 4 0 40 0 0 83
938 A 488220 487982 36 6 57 29 0 0 0 110
939 C 473022 34 168 472714 24 0 0 41 0 41
940 A 455247 455004 19 15 102 33 0 0 0 74
941 G 524980 46 40 20 524474 0 0 0 184 216
942 C 532182 35 43 531800 28 0 0 182 0 94
943 C 456577 25 32 456346 13 0 0 84 0 77
944 T 548812 31 548490 128 2 0 125 1 0 35
945 A 575715 575514 23 2 53 82 1 0 0 40
946 A 584617 584336 41 5 41 22 0 0 0 172
947 T 583444 42 583151 58 2 0 19 0 0 172
948 C 521622 50 56 521186 15 0 0 79 0 236
949 A 483308 483046 15 8 126 80 0 0 0 33
950 G 485429 22 34 9 485279 0 0 0 60 25
951 A 486743 486411 24 3 66 50 0 0 0 189
952 C 489697 16 32 489516 14 0 0 59 0 60
953 C 483794 39 72 483514 7 0 0 34 0 128
954 G 491695 67 28 9 491549 0 0 0 25 17
955 A 500357 500230 32 3 42 24 0 0 0 26
956 A 516796 516627 15 0 67 30 0 0 0 57
957 C 510051 12 120 509808 7 0 0 28 0 76
958 G 509632 65 31 6 509326 0 0 0 145 59
959 A 522013 521686 43 5 59 183 0 0 0 37
960 G 524676 39 32 11 524510 0 0 0 52 32
961 A 533840 533706 14 2 36 40 0 0 0 42
962 A 549161 548999 18 3 39 57 0 0 0 45
963 T 547903 38 547654 60 3 0 49 0 0 99
964 C 545996 43 33 545792 7 0 0 81 0 40
965 C 548159 44 64 547913 19 0 1 80 0 38
966 A 543720 543442 11 12 114 26 0 0 0 115
967 G 555104 68 35 22 554735 0 0 1 173 70
968 C 548263 43 71 547930 14 0 0 166 0 39
969 A 568226 567890 67 11 67 40 0 0 0 151
970 C 586117 25 71 585905 10 0 0 58 0 48
971 A 572318 571955 61 7 55 50 0 0 0 190
972 C 580786 28 47 580648 11 0 0 13 0 39
973 A 578289 578035 19 4 104 80 0 0 0 47
974 A 581885 581454 32 16 90 214 0 0 0 79
975 G 587253 35 30 9 586814 0 0 0 199 166
976 A 551696 551391 35 2 74 49 0 0 0 145
977 G 556983 38 28 8 556812 0 0 0 41 56
978 T 498180 42 497635 56 4 0 71 0 0 372
979 C 526655 35 70 526431 17 0 0 54 0 48
980 A 492407 492136 18 5 85 14 0 0 0 149
981 G 492583 42 25 16 492402 0 0 0 18 80
982 C 492352 41 100 492100 13 0 0 21 0 77
983 T 400075 18 399896 50 9 0 43 0 0 59
984 G 433407 43 39 13 433222 0 0 0 71 19
985 G 438748 34 29 4 438520 0 0 0 43 118
986 T 435390 24 434863 45 15 0 19 0 0 424
987 G 497581 47 32 10 497426 0 0 0 32 34
988 T 485729 22 485411 44 8 0 59 0 0 185
989 G 482489 71 52 13 482290 0 0 0 30 33
990 G 403176 25 28 8 403041 0 0 0 29 45
991 A 400670 400411 28 2 45 35 0 0 0 149
992 T 400552 30 400367 25 4 0 43 0 0 83
993 G 388604 54 25 14 388340 1 0 0 132 38
994 G 388234 54 38 7 387982 0 0 0 136 17
995 C 391830 41 75 391577 17 0 0 47 0 73
996 A 401745 401523 32 2 46 38 0 0 0 104
997 T 421055 38 420823 84 4 0 12 0 0 94
998 G 428859 74 33 11 428676 0 0 0 29 36
999 C 434527 31 93 434331 15 0 0 27 0 30
1000 A 433547 433330 15 5 61 61 0 0 0 75
1001 A 439689 439381 23 3 34 144 0 0 0 104
1002 T 441012 17 440746 41 1 0 141 0 0 66
1003 T 424448 25 424263 35 3 0 75 0 0 47
1004 C 417912 24 24 417778 9 0 0 59 0 18
1005 T 395447 12 395305 77 3 0 19 0 0 31
1006 G 400878 93 32 17 400670 0 0 0 15 51
1007 C 414826 31 55 414634 9 0 0 60 0 37
1008 T 395751 17 395539 68 5 0 69 0 0 53
1009 G 400227 49 41 9 400014 0 0 0 57 57
1010 C 380722 20 37 380558 11 0 0 32 0 64
1011 A 376227 376063 15 0 55 32 0 0 0 62
1012 T 389499 14 389368 32 1 0 68 0 0 16
1013 T 388655 9 388505 42 1 0 52 0 0 46
1014 T 388663 20 388536 59 1 0 26 0 0 21
1015 G 388174 37 30 10 387954 0 0 0 31 112
1016 A 378357 378205 19 3 65 20 0 0 0 45
1017 A 378644 378399 21 9 88 113 0 0 0 14
1018 G 369095 20 12 5 368878 0 0 0 151 29
1019 A 380311 380129 27 4 46 51 0 0 0 54
1020 T 382399 25 382184 30 0 0 38 0 0 122
1021 C 373755 23 25 373586 10 0 0 52 0 59
1022 T 375130 20 374983 64 2 0 41 0 0 20
1023 A 361705 361536 13 3 45 34 0 0 0 74
1024 A 361243 361127 19 2 49 15 0 0 0 31
1025 G 363413 26 21 10 363289 0 0 0 21 46
1026 A 353534 353351 21 2 49 51 0 0 0 60
1027 G 374937 17 10 6 374750 0 0 0 130 24
1028 T 314545 15 313791 32 4 0 59 0 0 644
1029 A 310271 310083 22 2 29 40 0 0 0 95
1030 T 303574 19 303458 23 6 0 48 0 0 20
1031 T 301096 29 300943 30 4 0 40 0 0 50
1032 A 311110 310949 18 3 52 64 0 0 0 24
1033 A 268690 268566 5 0 24 60 0 0 1 34
1034 G 262285 9 12 7 262154 0 0 0 32 71
1035 C 262611 17 16 262517 1 0 0 43 0 17
1036 T 239512 3 239448 35 0 0 8 0 0 18
1037 T 285285 26 285165 36 0 0 27 0 0 31
1038 C 288383 16 26 288281 10 0 0 40 0 10
1039 A 298819 298617 31 1 51 46 0 0 0 73
1040 T 299079 24 298950 35 2 0 18 0 0 50
1041 C 298984 24 25 298888 3 0 0 19 0 25
1042 A 301928 301814 17 6 48 18 0 0 0 25
1043 G 289705 13 21 7 289615 0 0 0 21 28
1044 A 292720 292571 16 3 52 14 0 0 0 64
1045 G 285506 22 29 2 285399 0 0 0 21 33
1046 G 302599 22 22 5 302460 0 0 0 61 29
1047 G 355992 60 21 9 355809 0 0 0 53 40
1048 A 355093 354767 22 7 56 25 0 0 0 216
1049 C 359992 28 41 359831 7 0 0 24 0 61
1050 C 348146 42 36 347999 8 0 0 23 0 38
1051 A 354199 354009 10 19 44 96 0 0 0 21
1052 A 377590 377337 17 0 38 137 0 0 0 61
1053 A 378447 378137 17 12 71 89 0 0 0 121
1054 G 384290 34 29 8 384094 0 0 0 39 86
1055 T 378679 32 378367 34 13 0 16 0 0 217
1056 A 378377 378219 41 2 25 58 0 0 0 32
1057 T 381519 38 381315 52 3 0 37 0 0 74
1058 C 380341 21 35 380168 8 0 0 38 0 71
1059 C 377326 35 39 377073 13 0 0 46 0 120
1060 C 372728 47 26 372501 8 0 0 105 0 41
1061 C 354389 48 37 354117 7 0 0 152 0 28
1062 A 353948 353752 13 18 45 98 0 0 0 22
1063 A 349020 348858 13 4 69 28 0 0 0 48
1064 G 353214 35 50 4 353058 0 0 0 20 47
1065 G 345094 25 41 5 344970 0 0 0 11 42
1066 G 342928 18 42 9 342781 0 0 0 40 38
1067 G 325626 21 32 16 325502 0 0 0 31 24
1068 G 305674 80 14 11 305508 0 0 0 19 42
1069 A 302601 302489 13 1 45 10 0 0 0 43
1070 A 315526 315376 14 2 35 51 0 0 0 48
1071 A 316160 315989 10 25 29 69 0 0 0 38
1072 C 322106 28 22 321986 2 0 0 43 0 25
1073 T 308598 8 308435 55 0 0 5 0 0 95
1074 T 307896 10 307815 49 2 0 4 0 0 16
1075 T 315832 30 315692 44 5 0 11 0 0 50
1076 C 288166 20 26 288069 9 0 0 22 0 20
1077 C 303129 21 35 303025 8 0 0 17 0 23
1078 A 331324 331048 39 12 45 14 0 0 0 166
1079 C 339881 19 22 339744 10 0 0 46 0 40
1080 T 340816 20 340629 42 4 0 89 0 0 32
1081 A 329774 329604 19 3 41 67 0 0 0 40
1082 G 331436 25 29 5 331321 0 0 0 30 26
1083 A 333849 333673 12 1 41 14 0 0 0 108
1084 G 335103 20 43 8 334924 0 0 0 51 57
1085 G 351558 24 44 9 351361 0 0 0 87 33
1086 A 303816 303618 19 3 42 43 0 0 0 91
1087 G 335743 21 12 6 335627 0 0 0 46 31
1088 T 331599 25 330948 33 4 0 17 0 0 572
1089 A 332652 332337 32 3 53 54 0 0 0 173
1090 C 337938 27 38 337768 3 1 0 69 0 32
1091 A 324200 324061 15 3 34 36 0 0 0 51
1092 A 324032 323851 21 0 18 92 0 0 0 50
1093 A 376655 376461 25 1 25 84 0 0 0 59
1094 T 368877 15 368691 35 2 0 24 0 0 110
1095 T 353461 13 353356 43 6 0 28 0 0 15
1096 G 316290 31 27 20 316169 0 0 0 16 27
1097 C 313112 21 17 312977 4 0 0 62 0 31
1098 T 313406 6 313263 27 3 0 59 0 0 48
1099 T 313015 25 312848 34 0 0 31 0 0 77
1100 C 311819 20 21 311712 8 0 0 30 0 28
1101 A 306378 306287 16 4 37 15 0 0 0 19
1102 A 310169 310088 14 0 29 20 0 0 0 18
1103 A 312905 312810 8 0 25 11 0 0 0 51
1104 T 314245 17 314144 35 2 0 19 0 0 28
1105 G 311340 24 27 6 311217 0 0 0 36 30
1106 A 309115 309000 17 2 38 21 0 0 0 37
1107 A 313356 313232 7 0 24 73 0 0 0 20
1108 A 314231 314075 6 4 34 75 0 0 0 37
1109 A 315925 315755 22 46 31 15 0 0 0 56
1110 C 330095 10 23 329937 2 0 0 98 0 25
1111 A 328731 328510 31 5 35 84 0 0 0 66
1112 T 346400 20 346269 28 4 0 48 0 0 31
1113 G 333156 45 37 7 333009 0 0 0 36 22
1114 G 330937 23 28 10 330782 0 0 0 21 73
1115 A 342257 342075 24 2 48 42 0 0 0 66
1116 T 339784 29 339608 47 5 0 31 0 0 64
1117 G 344456 33 23 20 344304 0 0 0 25 51
1118 C 390773 25 27 390606 16 0 0 72 0 27
1119 T 379851 6 379631 68 1 0 44 0 0 101
1120 A 380455 380225 29 4 46 92 0 0 0 59
1121 T 365844 29 365610 36 5 0 117 0 0 47
1122 G 373146 39 29 8 372964 0 0 0 77 29
1123 G 374285 28 26 12 374151 0 0 0 29 39
1124 A 358544 358391 22 6 41 15 0 0 0 69
1125 A 358829 358667 16 2 35 19 0 0 0 90
1126 T 319622 20 319422 34 2 0 111 0 0 33
1127 C 306191 25 20 306012 5 0 0 95 0 34
1128 A 297960 297842 16 3 64 15 0 0 0 20
1129 A 296031 295864 17 3 37 15 0 0 0 95
1130 G 298504 24 14 4 298404 0 0 0 22 36
1131 T 281867 22 281691 25 3 0 29 0 0 97
1132 A 279532 278859 13 3 32 58 0 0 0 567
1133 C 303492 10 22 303378 9 0 0 59 0 14
1134 T 290873 11 290698 38 3 0 17 0 0 106
1135 C 301185 14 15 301097 7 0 0 19 0 33
1136 T 265586 10 265464 49 4 0 37 0 0 22
1137 T 268110 20 267971 50 1 0 37 0 0 31
1138 G 269981 28 18 6 269909 0 0 0 15 5
1139 A 282695 282594 16 2 24 10 0 0 0 49
1140 A 285027 284850 19 3 39 14 0 0 0 102
1141 C 285832 9 26 285711 8 0 0 57 0 21
1142 T 277954 2 277826 50 7 0 53 0 0 16
1143 G 286494 36 27 7 286343 0 0 0 57 24
1144 A 293843 293636 10 4 56 59 0 0 0 78
1145 G 298875 20 9 4 298793 0 0 0 14 35
1146 A 297441 297310 20 3 45 44 0 0 0 19
1147 A 334829 334687 7 2 36 58 0 0 0 39
1148 G 341667 21 12 9 341465 0 0 0 41 119
1149 C 376713 15 51 376526 19 0 0 49 0 53
1150 A 374881 374658 23 4 125 22 0 0 0 49
1151 G 376015 15 20 11 375887 0 0 0 69 13
1152 G 435922 44 18 5 435750 0 0 0 84 21
1153 T 435209 33 434504 40 16 0 42 0 0 574
1154 A 442597 442278 33 1 38 46 0 0 0 201
1155 C 455555 33 42 455384 3 0 0 41 0 52
1156 T 430146 16 429964 69 3 0 62 0 0 32
1157 G 441598 49 77 15 441386 0 0 0 36 35
1158 G 447688 55 35 19 447449 0 0 0 55 75
1159 G 435498 58 30 37 435205 0 0 0 58 110
1160 C 472782 37 68 472563 15 0 0 43 0 56
1161 C 429164 43 50 428945 11 0 0 71 0 44
1162 A 446625 446424 62 7 42 72 0 0 0 18
1163 T 447102 23 446891 50 1 0 73 0 0 64
1164 A 441893 441594 7 1 99 78 0 0 0 114
1165 A 463934 463775 21 6 71 11 0 0 0 50
1166 G 456950 27 19 4 456712 0 0 0 138 50
1167 A 442771 442555 20 2 45 114 0 0 0 35
1168 A 441016 440736 33 5 46 31 0 0 0 165
1169 C 440168 15 24 439992 8 0 0 54 0 75
1170 C 469092 35 30 468946 10 0 0 32 0 39
1171 A 459123 458910 24 9 84 18 0 0 0 78
1172 G 468020 17 27 3 467938 0 0 0 22 13
1173 A 468527 468367 25 0 50 10 0 0 0 75
1174 A 463642 463453 20 1 47 64 0 0 0 57
1175 G 476335 38 16 2 476153 0 0 0 78 48
1176 T 453093 22 452433 48 3 0 68 0 0 519
1177 G 456082 49 33 14 455894 0 0 0 63 29
1178 G 462168 38 43 6 462002 0 0 0 27 52
1179 A 462630 462317 35 4 133 65 0 0 0 76
1180 G 473650 35 35 12 473380 0 0 0 122 66
1181 G 476760 46 36 16 476521 0 0 0 85 56
1182 A 439938 439753 25 3 53 31 0 0 0 73
1183 A 439320 439152 18 3 63 26 0 0 0 58
1184 A 438541 438277 24 24 42 94 0 0 0 80
1185 C 447261 30 42 446886 7 0 0 226 1 69
1186 A 447732 447209 47 13 55 155 0 0 0 253
1187 C 466704 23 35 466550 9 0 0 48 0 39
1188 T 454754 36 454532 68 10 0 18 0 0 90
1189 A 484139 483950 18 2 66 59 0 0 0 44
1190 A 506693 506449 19 0 43 50 0 0 0 132
1191 T 503872 51 503578 49 2 0 78 0 0 114
1192 C 506305 38 39 506097 10 0 0 67 0 54
1193 A 489956 489754 19 9 61 39 0 0 0 74
1194 A 491831 491619 24 8 46 39 0 0 0 95
1195 C 500277 34 45 500040 7 0 0 99 0 52
1196 A 435381 435001 22 11 82 84 0 0 0 181
1197 G 428182 23 37 7 428053 0 0 0 37 25
1198 A 391633 391455 22 6 86 12 0 0 0 52
1199 G 395857 36 52 9 395680 0 0 0 26 54
1200 G 415030 44 21 10 414822 0 0 0 106 27
1201 G 355012 31 25 19 354768 0 0 0 77 92
1202 C 361456 27 59 361287 14 0 0 34 0 35
1203 C 367434 24 27 367316 6 0 0 27 0 34
1204 T 367074 29 366859 45 5 0 69 0 0 67
1205 C 385499 23 26 385331 6 0 0 95 0 18
1206 T 372965 13 372710 80 8 0 48 0 0 106
1207 G 374664 45 32 20 374491 0 0 0 28 48
1208 C 370490 28 109 370284 18 0 0 25 0 26
1209 A 358031 357834 17 5 107 33 0 0 0 35
1210 G 379792 26 34 8 379666 0 0 0 37 21
1211 G 378949 46 11 11 378782 0 0 0 22 77
1212 T 382148 22 381634 70 8 0 28 0 0 386
1213 C 382864 19 40 382723 5 0 0 30 0 47
1214 A 370891 370704 27 18 43 76 0 0 0 23
1215 A 395455 395288 27 2 34 60 0 0 0 44
1216 A 384080 383913 29 3 36 18 0 0 0 81
1217 T 386142 17 385905 39 0 0 36 0 0 145
1218 C 384569 27 29 384399 6 0 0 76 0 32
1219 A 360225 360054 13 9 67 52 0 0 0 30
1220 G 381419 27 19 8 381266 0 0 0 77 22
1221 T 367699 32 367384 43 3 0 101 0 0 136
1222 G 370730 48 13 8 370432 0 0 0 112 117
1223 T 364638 34 364304 62 2 0 69 0 0 167
1224 G 350859 99 24 14 350663 0 0 0 23 36
1225 C 363568 31 128 363315 15 0 0 57 0 22
1226 A 362899 362701 17 2 35 54 0 0 0 90
1227 A 372474 372182 29 9 33 38 0 0 0 183
1228 C 371453 8 36 371315 10 0 0 44 0 40
1229 C 363486 25 27 363311 4 0 0 77 0 42
1230 T 339519 16 339323 106 2 0 51 0 0 21
1231 G 349118 118 28 11 348864 0 0 0 15 82
1232 C 375770 20 65 375576 17 0 0 22 0 70
1233 A 368879 368672 15 9 65 50 0 0 1 67
1234 T 377446 35 377276 37 0 0 64 0 0 34
1235 T 375276 7 375166 29 1 0 46 0 0 27
1236 T 357244 17 357071 50 2 0 19 0 0 85
1237 T 362568 15 362439 40 3 0 10 0 0 61
1238 C 339019 22 25 338841 6 0 0 70 0 55
1239 T 319264 13 319086 53 5 0 74 0 0 33
1240 G 334893 45 21 9 334748 0 0 0 45 25
1241 T 327325 39 327095 42 11 0 48 0 0 90
1242 G 334220 71 36 15 334013 0 0 0 39 46
1243 C 336985 35 50 336738 26 0 0 76 0 60
1244 A 331515 331317 18 11 50 89 0 0 0 30
1245 A 339165 339068 7 2 26 35 0 0 0 27
1246 A 337609 337434 7 1 54 59 0 0 0 54
1247 G 348586 27 22 7 348422 0 0 0 64 44
1248 A 344993 344800 22 1 44 75 0 0 0 51
1249 A 313465 313317 13 1 27 53 0 0 0 54
1250 A 327060 326512 15 7 33 14 0 0 0 479
1251 C 325645 17 26 325520 4 0 1 45 0 32
1252 C 346650 32 29 346490 10 0 0 35 0 54
1253 T 348977 23 348713 87 5 0 75 0 0 74
1254 C 340076 35 28 339870 17 0 0 74 0 52
1255 C 362952 47 28 362791 17 0 0 41 0 28
1256 C 356140 50 33 355976 6 0 0 32 0 43
1257 A 360906 360765 21 7 25 23 0 0 0 65
1258 T 362073 26 361945 28 3 0 32 0 0 39
1259 T 337202 12 337089 29 4 0 32 0 0 36
1260 T 342737 18 342570 78 9 0 29 0 0 33
1261 G 340146 59 26 12 339935 0 0 0 36 78
1262 A 347061 346808 39 6 74 48 0 0 0 86
1263 C 343997 26 55 343843 5 0 0 32 0 36
1264 A 327933 327782 7 11 34 82 0 0 0 17
1265 A 339728 339571 14 1 28 84 0 0 0 30
1266 A 343438 343182 8 9 31 76 0 0 0 132
1267 C 359756 15 20 359566 5 0 0 89 0 61
1268 C 356640 24 30 356484 6 0 0 50 0 46
1269 A 324712 324594 19 3 26 46 0 0 0 24
1270 A 340349 340138 15 3 37 29 0 0 0 127
1271 C 334471 19 27 334357 4 0 0 20 0 44
1272 C 357630 25 25 357492 12 0 0 27 0 49
1273 A 355504 355297 23 2 38 47 0 0 0 97
1274 T 360854 26 360595 33 0 0 68 0 0 132
1275 C 362182 33 24 362066 11 0 0 28 0 20
1276 A 348886 348702 22 3 56 65 0 0 0 38
1277 T 358288 19 358097 42 2 0 57 0 0 71
1278 G 347777 57 25 10 347565 0 0 0 48 72
1279 G 347068 54 24 18 346880 0 0 0 42 50
1280 C 324371 37 55 324190 21 0 0 34 0 34
1281 A 312572 312376 13 5 71 57 0 0 0 50
1282 G 322482 56 24 15 322332 0 0 0 35 20
1283 C 318368 16 54 318218 9 0 0 43 0 28
1284 A 312960 312758 26 3 47 64 0 0 1 61
1285 T 314380 13 314258 26 4 0 49 0 0 30
1286 T 307842 20 307721 25 3 0 17 0 0 56
1287 C 312036 24 23 311923 10 0 0 32 0 24
1288 A 309498 309229 23 3 44 46 0 0 0 153
1289 C 295957 4 17 295841 1 0 0 52 0 42
1290 T 297677 4 297547 57 17 0 24 0 0 28
1291 G 317181 38 38 6 316985 0 0 0 35 79
1292 G 325226 14 29 7 325111 0 0 0 29 36
1293 G 333731 36 31 23 333522 0 0 0 39 80
1294 A 324745 324560 18 0 50 27 0 0 0 90
1295 A 334086 333978 25 1 32 17 0 0 0 33
1296 T 316278 16 316174 21 0 0 25 0 0 42
1297 A 345360 345166 25 9 49 33 0 0 0 78
1298 C 385748 33 88 385455 9 0 0 39 0 124
1299 A 380656 380338 34 18 121 51 0 0 0 94
1300 G 383286 20 30 15 383130 0 0 0 62 29
1301 A 375551 375347 26 2 77 34 0 0 0 65
1302 G 394809 32 46 5 394658 0 0 0 47 21
1303 G 389733 27 44 20 389520 0 0 0 52 70
1304 G 387343 63 30 16 387123 0 0 0 61 50
1305 A 386614 386318 29 1 92 103 0 0 0 71
1306 A 381706 381496 31 3 45 81 0 0 0 50
1307 G 389562 36 25 5 389361 0 0 0 30 105
1308 A 387912 387767 17 1 46 17 0 0 0 64
1309 A 407733 407522 25 3 48 8 0 0 0 127
1310 C 434553 20 42 434403 9 0 0 48 0 31
1311 A 420788 420522 42 6 48 77 0 0 0 93
1312 T 427965 34 427697 40 0 0 116 0 0 78
1313 C 418778 32 44 418551 12 0 0 91 0 48
1314 A 413918 413655 14 8 133 40 0 0 0 68
1315 G 419568 32 21 6 419396 0 0 0 80 33
1316 A 408320 408067 27 3 45 86 0 0 0 92
1317 C 412411 11 54 412243 15 0 0 22 0 66
1318 A 404715 404559 18 4 52 17 0 0 0 65
1319 T 387856 23 387685 41 3 0 20 0 0 84
1320 G 394095 40 28 5 393962 0 0 0 14 46
1321 A 378205 378055 17 3 59 12 0 0 0 59
1322 G 382724 32 46 8 382585 0 0 0 30 23
1323 G 384656 34 22 11 384467 0 0 0 67 55
1324 G 378260 58 29 14 377986 0 0 0 128 45
1325 C 378663 46 57 378364 12 0 1 146 0 37
1326 A 371960 371729 23 2 66 96 0 0 0 44
1327 G 378485 27 13 7 378362 0 0 0 39 37
1328 A 378982 378874 10 1 33 21 0 0 0 43
1329 A 383956 383839 19 2 40 24 0 0 0 32
1330 A 393809 393687 17 2 24 46 0 0 0 33
1331 T 391913 23 391755 38 1 0 45 0 0 51
1332 T 414042 16 413908 40 2 0 11 0 0 65
1333 A 416466 416280 35 2 42 30 0 0 0 77
1334 T 412287 30 412090 35 2 0 50 0 0 80
1335 A 411874 411648 14 3 92 76 0 0 0 41
1336 A 398123 397922 23 9 83 47 0 0 0 39
1337 G 420078 39 47 8 419833 0 0 0 87 64
1338 G 432293 43 24 6 432047 0 0 0 96 77
1339 A 455387 455131 33 0 67 21 0 0 0 135
1340 T 403365 24 403203 37 6 0 27 0 0 68
1341 G 391622 41 34 10 391449 0 0 0 59 29
1342 A 377256 377028 29 6 64 50 0 0 0 79
1343 T 381367 50 381148 43 3 0 53 0 0 70
1344 G 369523 57 44 14 369308 0 0 0 48 52
1345 G 376357 34 27 8 376143 0 0 0 59 86
1346 A 355384 355110 19 2 89 116 0 0 1 47
1347 A 380369 380121 25 5 81 111 0 0 0 26
1348 G 385173 42 29 5 385025 0 0 0 45 27
1349 G 430135 46 12 6 429993 0 0 0 58 20
1350 T 419367 28 418637 76 36 0 10 0 0 580
1351 G 410152 185 60 14 409811 0 0 0 23 59
1352 C 410027 35 157 409748 41 0 0 20 0 26
1353 A 402987 402756 18 28 69 76 0 0 0 40
1354 A 402954 402795 10 2 39 64 0 0 0 44
1355 A 408827 408740 4 5 31 13 0 0 0 34
1356 A 415504 415225 17 31 37 19 0 0 0 175
1357 C 419608 18 26 419511 3 0 0 22 0 28
1358 C 400612 21 29 400533 9 0 0 8 0 12
1359 A 383824 383681 23 2 69 13 0 0 0 36
1360 G 390553 23 27 9 390458 0 0 0 29 7
1361 A 386129 385939 17 0 32 77 0 0 0 64
1362 A 399210 399010 15 0 53 90 0 0 0 42
1363 G 405825 24 13 9 405677 0 0 0 67 35
1364 A 399714 399504 28 1 39 75 0 0 0 67
1365 A 396404 396257 31 4 43 45 0 0 0 24
1366 A 397266 397165 21 1 39 8 0 0 0 32
1367 T 398180 26 398026 55 4 0 11 0 0 58
1368 G 400524 45 25 7 400357 0 0 0 6 84
1369 T 395304 27 395126 51 0 0 9 0 0 91
1370 C 399410 29 27 399251 2 0 0 64 0 37
1371 C 391929 32 26 391683 8 0 0 148 0 32
1372 T 398869 22 398625 65 1 0 125 0 0 31
1373 T 401172 30 400909 79 2 0 37 0 0 115
1374 C 402748 52 49 402529 17 0 1 43 0 57
1375 C 400503 51 57 400266 18 0 0 47 0 64
1376 A 396731 396342 40 46 222 58 0 0 0 23
1377 G 398505 87 60 10 398282 0 0 0 48 18
1378 G 395660 17 26 2 395537 0 0 0 38 40
1379 G 398937 34 27 15 398772 0 0 0 43 46
1380 G 373065 35 48 24 372872 0 0 0 37 49
1381 C 332427 23 86 332147 113 0 0 28 0 30
1382 G 329178 76 59 108 328839 0 0 0 77 19
1383 G 341207 48 68 15 340912 0 0 0 91 73
1384 G 340569 55 52 17 340349 0 0 0 26 70
1385 G 346872 128 27 14 346610 0 0 0 16 77
1386 A 316946 292193 15 1 112 23 0 0 0 24602
1387 G 310831 23 14 7 310714 0 0 0 47 26
1388 T 294441 12 280770 32 1 0 13 0 0 13613
1389 C 301794 12 21 301625 6 0 0 16 0 114
1390 T 289461 13 289288 48 9 0 44 0 0 59
1391 T 290093 24 289909 53 3 0 63 0 0 41
1392 C 291438 27 60 290890 12 0 0 35 0 414
1393 G 352334 52 37 8 351962 0 0 0 32 243
1394 A 348141 347453 11 5 36 9 0 0 0 627
1395 G 357906 20 32 7 357781 0 0 0 36 30
1396 C 336345 16 25 336139 7 0 0 28 0 130
1397 T 332836 9 332517 40 2 0 41 1 0 226
1398 C 322356 19 35 322190 14 0 0 44 0 54
1399 T 320867 16 320682 56 2 0 14 0 0 97
1400 C 324816 24 68 324677 9 0 0 17 0 21
1401 G 326660 58 25 11 326520 0 0 0 11 35
1402 G 354817 29 16 6 354701 0 0 0 27 38
1403 A 390106 389637 14 3 97 11 0 0 0 344
1404 C 404325 25 75 404145 5 0 0 24 0 51
1405 G 435859 71 25 43 435625 0 0 0 23 72
1406 A 466365 466159 25 2 103 46 0 0 0 30
1407 A 463877 463571 21 4 72 163 0 0 0 46
1408 A 468535 468166 23 11 76 170 0 0 0 89
1409 G 484058 41 71 14 483213 0 0 0 34 685
1410 G 486872 46 37 13 486662 0 0 0 38 76
1411 G 476040 56 34 20 475882 0 0 0 16 32
1412 C 479540 37 120 479176 29 0 0 87 0 91
1413 A 475690 475275 28 8 177 77 0 0 0 125
1414 G 484320 49 39 17 484122 0 0 0 29 64
1415 C 476056 34 143 475762 14 0 0 20 0 83
1416 G 510898 103 26 13 510679 0 0 0 33 44
1417 A 514891 514676 24 3 28 100 0 0 0 60
1418 A 516995 516552 23 3 50 101 0 0 0 266
1419 C 518338 16 54 518066 15 0 0 115 0 72
1420 C 515032 31 33 514702 14 0 0 227 0 25
1421 C 499131 70 59 498789 17 1 0 131 0 64
1422 G 496634 80 20 2 496442 0 0 0 50 40
1423 A 496727 496506 23 3 52 60 0 0 0 83
1424 T 497317 27 497110 31 1 0 42 0 0 106
1425 C 478810 26 67 478641 10 0 0 14 0 52
1426 G 466637 114 23 5 466450 0 0 0 13 32
1427 T 450696 16 450387 83 6 0 12 0 0 192
1428 G 425727 116 42 6 425473 0 0 0 26 64
1429 C 425155 31 56 424947 9 0 0 48 0 64
1430 C 426206 22 40 426030 5 0 0 56 0 53
1431 C 424107 45 61 423894 15 0 0 63 0 29
1432 T 407968 16 407804 55 2 0 34 0 0 57
1433 C 436602 28 35 436492 8 0 0 29 0 10
1434 T 428827 20 428493 154 5 0 20 0 0 135
1435 T 488295 15 488090 40 3 0 74 0 0 73
1436 T 426596 11 426465 32 3 0 61 0 0 24
1437 T 429101 25 428908 51 42 0 54 0 0 21
1438 G 421240 89 30 11 421039 0 0 0 39 32
1439 A 414779 414401 53 34 57 74 0 0 0 160
1440 C 427428 53 52 427107 18 0 0 74 0 124
1441 A 423940 423728 27 6 61 28 0 0 0 90
1442 T 374482 16 374324 51 3 0 38 0 0 50
1443 G 461250 48 54 8 461037 0 0 0 68 35
1444 A 455043 454743 39 3 76 49 0 0 0 133
1445 G 517142 45 17 7 516895 0 0 0 80 98
1446 T 518575 36 518106 55 15 0 32 0 0 331
1447 A 501274 501057 15 1 51 71 0 0 0 79
1448 A 507500 507345 36 1 36 49 1 0 0 32
1449 T 504222 43 503845 45 3 0 204 0 0 82
1450 G 504716 48 51 11 504314 0 0 0 207 85
1451 A 478388 478138 42 5 45 89 0 0 0 69
1452 A 444613 444352 29 3 47 60 0 0 0 122
1453 G 441546 30 38 12 441423 0 0 0 30 13
1454 G 403782 24 27 10 403653 0 0 0 45 23
1455 A 399196 398965 23 1 43 39 0 0 1 124
1456 T 404830 29 404658 45 2 0 47 0 0 49
1457 C 402048 15 21 401770 7 0 0 127 0 108
1458 T 394933 29 394728 43 7 0 100 0 0 26
1459 T 398662 5 398500 52 0 0 47 0 0 58
1460 A 399287 399169 21 0 33 43 0 0 0 21
1461 T 399080 23 398967 37 1 0 10 0 0 42
1462 T 397642 17 397537 36 2 0 11 0 0 39
1463 T 394394 22 394279 55 3 0 14 0 0 21
1464 C 393976 17 26 393883 7 0 0 23 0 20
1465 T 379214 13 379068 51 3 0 30 0 0 49
1466 T 376355 23 376107 36 0 0 140 0 0 49
1467 C 373475 37 42 373240 5 0 0 120 0 31
1468 G 370989 76 39 9 370827 0 0 0 15 23
1469 G 373672 20 25 15 373549 0 0 0 20 43
1470 A 374898 374762 20 2 73 3 0 0 0 38
1471 G 382469 20 19 10 382253 0 0 0 29 138
1472 A 380948 380777 36 4 45 23 0 0 0 63
1473 C 389770 13 48 389638 5 0 0 39 0 27
1474 A 381478 381337 13 4 51 34 0 0 0 39
1475 A 419347 419209 18 2 47 40 0 0 0 31
1476 T 433904 15 433553 50 5 0 116 0 0 165
1477 G 462092 72 30 12 461743 0 0 0 110 125
1478 C 476913 60 103 476606 16 0 0 79 0 49
1479 A 462456 462104 29 7 119 96 0 0 0 101
1480 G 466787 32 49 9 466655 0 0 0 18 24
1481 A 492524 492248 21 5 75 39 0 0 0 136
1482 G 424751 40 53 7 424531 0 0 0 43 77
1483 G 449938 38 25 10 449768 0 0 0 57 40
1484 A 379368 379138 14 11 52 16 0 0 0 137
1485 G 387368 32 20 13 387200 0 0 0 39 64
1486 T 372499 29 371758 34 4 0 79 0 0 595
1487 A 367242 366950 20 4 59 62 0 0 0 147
1488 C 367902 27 75 367732 9 0 0 24 0 35
1489 G 351995 67 30 15 351801 0 0 0 35 47
1490 A 351561 351316 39 6 73 45 0 0 0 82
1491 C 340712 11 22 340546 11 0 0 92 0 30
1492 A 282997 282835 17 3 29 80 0 0 0 33
1493 A 283368 283256 16 4 28 35 0 0 0 29
1494 T 265650 14 265567 25 3 0 6 0 0 35