# amino-acid counts among definitively called codons
# POSITION TOTAL_COUNTS WT N_A N_C N_D N_E N_F N_G N_H N_I N_K N_L N_M N_N N_P N_Q N_R N_S N_T N_V N_W N_Y N_STOP
1 543643 M 0 0 0 0 0 0 3 115 44 44 543244 0 0 1 4 0 88 99 1 0 0
2 518493 A 518189 0 0 21 0 22 1 0 0 0 0 0 8 0 6 15 35 196 0 0 0
3 544578 S 54 13 0 4 127 1 0 7 0 1097 3 1 99 8 40 542725 60 18 206 113 2
4 546787 Q 131 99 1 823 728 12 176 4005 73 4767 0 317 93 527760 110 330 3525 53 1 3718 65
5 493065 G 57 186 76 0 16 491651 0 0 0 0 0 0 47 0 390 363 243 25 0 11 0
6 429158 T 74 0 0 0 0 0 7 38 1 1 0 8 8 0 0 20 429000 0 0 1 0
7 427949 K 1 5 0 50 0 0 7 12 427755 0 0 51 2 13 40 0 2 0 0 0 11
8 377236 R 0 0 0 0 0 9 0 0 1 33 0 0 7 67 377017 0 2 1 99 0 0
9 392741 S 432 13 0 0 54 6 2 4 2 189 24 0 111 0 6 391782 55 19 0 42 0
10 426798 Y 21 72 8 12 23 6 348 36 0 3479 29 25 245 261 12 17 43 4296 0 417799 66
11 391919 E 15 6 33 391583 2 74 1 0 62 2 2 10 3 12 13 13 21 30 1 1 35
12 366528 Q 533 0 6 9 88 0 9055 39 1552 443 28 4494 154 347038 952 1876 186 12 14 7 42
13 441008 M 3 0 8 2 2 4 0 112 29 61 440619 6 2 7 9 7 64 66 2 1 4
14 427656 E 5 1 25 427352 1 93 1 7 48 17 2 25 2 7 8 7 3 31 0 0 21
15 404603 T 58 0 0 1 0 0 7 30 1 5 0 33 46 4 0 30 404388 0 0 0 0
16 453513 D 6 1 453235 34 1 100 8 0 0 3 4 61 2 0 0 3 2 27 0 17 9
17 448688 G 10 30 1 54 0 448293 3 0 0 2 0 4 36 23 135 11 13 23 49 0 1
18 442856 E 26 0 23 442397 1 91 35 0 99 2 0 0 36 11 6 31 45 43 0 1 9
19 446896 R 2 109 1 0 0 6 157 1 6 23 0 0 36 4 446525 13 8 2 0 3 0
20 459939 Q 0 2 0 13 0 0 24 0 14 34 1 0 487 459123 168 1 1 1 0 0 70
21 447681 N 2 7 77 2 0 11 27 36 36 21 10888 435981 28 19 42 295 162 11 3 31 2
22 465504 A 462570 4 2 27 4 29 14 21 62 3 0 25 58 21 120 139 495 1904 2 3 1
23 479840 T 159 2 0 2 38 16 2522 442 147 111 5 49 41 767 1467 1030 472626 71 0 336 9
24 455990 E 37 3 27 455482 0 103 0 14 83 19 7 0 4 94 27 8 21 32 1 0 28
25 405084 I 1 0 0 0 20 38 2 404437 0 7 12 24 2 5 413 4 48 67 0 0 4
26 434866 R 0 0 2 2 0 139 0 29 59 3 0 0 12 0 434528 22 11 4 8 3 44
27 415432 A 413410 1 1 19 0 47 7 2 1 31 5 46 8 2 18 20 86 1721 0 6 1
28 444390 S 10 11 0 0 22 60 0 0 1 25 0 0 68 5 9 444108 41 4 3 19 4
29 429540 V 48 1 29 0 6 5 1 104 0 8 0 0 4 0 6 9 1 429311 0 0 7
30 447008 G 62 3 0 51 0 446456 0 0 6 4 0 0 14 8 163 16 0 25 37 2 161
31 443618 K 7 33 1 79 2 4 2 11 443226 10 28 34 8 0 109 20 12 0 0 1 31
32 435895 M 7 3 3 6 0 11 17 93 34 40 435522 7 12 5 3 21 46 52 1 1 11
33 438579 I 55 29 2 6 26 5 1 437967 1 107 39 66 19 2 6 21 85 137 0 2 3
34 434286 D 89 76 432962 327 180 173 35 57 6 67 1 68 2 1 7 59 28 126 1 18 3
35 391590 G 13 4 1 67 3 390891 19 9 0 7 0 3 14 8 78 361 3 71 1 4 33
36 409035 I 191 2 0 1 16 53 0 408465 2 8 4 23 2 2 9 91 121 44 0 0 1
37 380650 G 16 16 12 28 2 380344 0 0 3 3 0 0 62 1 63 22 0 21 6 0 51
38 346319 R 10 0 11 3 1 10 50 0 0 19 0 2 180 73 345850 4 20 0 0 2 84
39 384778 F 53 4 4 2 384266 2 3 32 0 136 3 0 43 10 5 169 3 4 0 38 1
40 371893 Y 74 85 10 8 34 8 192 0 1 33 9 29 5 3 11 15 7 10 1 371332 26
41 335297 I 1 75 0 1 31 187 17 333395 0 34 9 35 1001 56 31 173 80 63 67 25 16
42 329425 Q 22 0 0 8 0 2 19 4 23 13 1 0 27 329201 52 13 2 0 0 1 37
43 319644 M 10 1 1 0 0 6 2 64 12 20 319420 3 4 0 3 11 52 34 0 1 0
44 344692 C 16 344204 0 2 23 41 0 15 0 52 0 19 8 1 74 54 64 12 23 56 28
45 331270 T 49 0 0 1 1 1 0 35 1 2 0 7 23 0 0 38 331069 0 0 0 43
46 364745 E 2 0 26 364542 0 43 1 2 41 4 2 2 38 12 2 2 0 14 0 0 12
47 423246 L 0 0 0 13 40 252 19 19 0 422699 1 6 75 2 10 7 26 73 0 3 1
48 428592 K 0 0 2 44 1 0 0 12 428259 20 0 56 6 1 37 4 100 0 0 0 50
49 426728 L 22 29 7 5 41 5 52 32 11 426033 48 28 167 9 33 80 68 30 2 5 21
50 426809 S 102 81 22 68 488 589 134 20 6 754 0 49 2754 104 261 420977 28 253 3 40 76
51 472169 D 148 0 468837 70 2 87 17 94 7 165 2 56 22 1 56 27 2316 229 0 20 13
52 500264 Y 81 81 3 7 36 155 64 3 1 18 12 427 6 0 329 113 366 88 49 498362 63
53 475558 E 1330 29 76 472934 41 354 4 0 55 11 2 5 41 189 24 351 22 39 3 12 36
54 427182 G 22 4 1 68 3 426739 2 0 1 7 0 2 95 17 84 70 11 24 29 2 1
55 405259 R 9 5 4 1 62 43 106 0 162 39 12 1 52 94 404391 15 29 10 3 117 104
56 401953 L 260 0 8 0 2 41 13 86 1 400477 13 329 112 40 44 415 47 46 14 2 3
57 430144 I 17 10 7 18 42 19 5 429619 1 60 16 48 9 2 11 16 84 149 0 3 8
58 414274 Q 17 1 3 21 0 26 30 0 34 52 1 105 44 413677 114 18 19 19 0 30 63
59 400090 N 14 6 97 9 5 37 84 37 28 26 4 399317 16 22 42 101 37 163 6 27 12
60 319533 S 85 62 1 2 1 416 4 13 1 21 0 31 1 0 29 318825 34 3 3 1 0
61 320623 L 25 0 1 3 23 9 7 33 7 320347 3 4 4 19 10 55 8 30 1 0 34
62 298491 T 63 30 3 3 6 219 8 44 14 10 0 682 45 12 464 223 296630 1 12 14 8
63 316063 I 19 29 1 2 18 2 2 315069 47 70 164 3 6 6 200 59 125 233 0 5 3
64 328011 E 5 3 30 327592 1 80 24 9 57 19 0 3 48 10 14 35 17 28 0 0 36
65 314533 R 7 3 0 7 1 143 0 24 37 4 1 3 11 1 314202 23 32 2 1 2 29
66 328372 M 19 10 0 4 12 0 0 65 32 28 328082 5 0 21 4 1 34 51 2 1 1
67 318292 V 50 0 0 44 0 20 1 2 0 17 41 1 0 2 0 1 1 318111 0 0 1
68 339507 L 4 2 0 1 43 19 30 22 0 339222 2 2 88 5 14 7 5 14 0 1 26
69 352438 S 5 14 0 6 15 7 1 3 0 8 7 0 115 0 8 352178 27 18 0 25 1
70 371483 A 370736 3 81 3 2 130 1 4 0 4 0 5 24 0 4 100 327 34 1 23 1
71 357782 F 41 9 0 2 356526 5 3 21 52 90 1 39 4 5 119 41 14 6 5 23 776
72 356712 D 5 5 356370 26 0 71 10 9 1 1 20 34 5 2 97 2 15 27 0 8 4
73 332686 E 20 8 15 331529 16 51 2 73 86 563 6 0 1 23 64 26 0 189 1 1 12
74 339333 R 0 0 0 4 1 70 0 9 56 173 0 0 2 0 338858 23 13 109 1 0 14
75 347130 R 2 2 0 1 0 76 0 2 105 1 21 2 1 0 346864 23 8 0 20 0 2
76 379542 N 7 0 53 23 1 0 1 51 65 110 0 379107 2 2 0 57 19 0 16 28 0
77 382554 K 109 13 1 76 2 125 1 157 381373 25 0 72 14 15 224 126 131 44 2 0 44
78 300959 Y 1 23 1 1 12 1 38 5 2 0 0 35 1 2 16 11 1 5 0 300761 43
79 296314 L 1 1 0 0 21 2 1 4 2 296111 21 3 75 27 7 1 4 23 0 1 9
80 276411 E 25 0 13 276149 8 39 16 22 34 20 0 13 4 5 3 10 10 22 3 3 12
81 264119 E 2 12 104 263717 6 68 6 5 53 9 0 1 7 15 7 5 6 25 0 49 22
82 299051 H 16 21 7 1 0 3 298041 41 5 21 100 68 2 299 131 6 14 28 2 235 10
83 392359 P 55 4 2 13 0 35 25 6 4 47 2 36 390790 1090 42 136 55 3 1 5 8
84 393293 S 53 34 1 0 1 220 3 14 2 47 0 237 12 3 94 392215 113 41 184 0 19
85 417654 A 416416 16 12 35 1 399 15 18 4 7 3 34 28 278 81 59 149 88 1 0 10
86 457863 G 202 9 12 65 3 456948 33 2 21 33 0 137 17 8 198 19 95 27 26 4 4
87 476290 K 0 6 1 164 0 11 5 5 475772 2 23 76 8 12 129 18 7 10 0 7 34
88 483764 D 2 10 483276 39 4 115 15 28 1 10 0 52 7 4 5 47 7 37 2 30 73
89 439765 P 158 22 11 3 126 38 52 7 5 268 8 1 437473 4 47 180 30 1043 208 42 39
90 440969 K 34 21 67 71 9 135 83 1959 437017 26 18 121 6 28 386 59 312 319 63 162 73
91 403726 K 40 44 5 62 8 1 8 7 403289 2 2 18 37 1 127 4 11 0 3 0 57
92 365203 T 37 1 10 1 0 1 8 27 0 6 0 59 16 3 4 38 364981 4 1 0 6
93 361757 G 5 2 0 32 0 361571 20 4 1 5 0 0 3 0 80 1 1 14 5 0 13
94 341052 G 2 0 1 31 0 340930 0 2 0 0 0 1 2 0 48 1 1 13 0 0 20
95 355686 P 10 0 5 0 0 49 29 1 0 39 0 1 355436 1 15 57 35 0 2 6 0
96 389697 I 2 0 0 0 46 6 2 388843 23 315 59 2 13 1 23 5 287 46 0 10 14
97 407874 Y 55 54 4 16 57 11 60 8 294 13 0 24 4 10 9 7 14 6 0 407177 51
98 348500 K 55 56 3 89 0 13 9 0 347426 42 34 94 8 5 141 229 249 2 4 2 39
99 256660 R 1 0 4 1 1 47 0 9 18 5 0 2 3 0 256473 29 14 7 0 28 18
100 253615 V 64 15 2 35 8 23 23 75 0 47 8 6 135 6 118 37 6 252998 2 0 7
101 295456 D 28 6 294809 38 1 50 9 46 0 27 0 48 197 1 7 64 85 26 0 11 3
102 301596 R 9 3 4 4 28 48 7 11 42 4 0 27 18 2 301203 46 13 3 93 0 31
103 317309 K 10 4 4 33 1 1 154 0 316847 33 7 14 7 8 120 8 9 32 1 0 16
104 325160 W 15 20 1 1 1 15 0 64 0 26 1 5 19 4 58 3 9 178 324653 6 81
105 334619 M 0 11 1 3 4 5 15 87 24 46 334260 0 4 9 1 5 39 101 2 1 1
106 351717 R 1 0 0 2 0 91 0 2 48 48 28 1 2 0 351413 39 9 6 27 0 0
107 349985 E 48 0 27 349571 0 55 2 0 177 0 0 3 13 15 0 33 0 22 1 0 18
108 350026 L 0 0 0 0 27 5 27 26 3 349840 0 0 66 2 6 5 3 9 0 7 0
109 337245 V 66 2 33 11 12 22 1 81 0 15 0 0 17 19 23 9 44 336863 4 3 20
110 363729 L 6 0 16 0 29 0 12 36 1 363524 0 1 81 1 9 3 0 7 1 1 1
111 355212 Y 3 70 9 23 26 3 243 34 4 41 12 7 36 0 2 70 61 11 0 354518 39
112 317031 D 7 15 316529 21 0 94 19 0 0 36 1 134 11 1 101 0 5 37 0 14 6
113 292600 K 1 0 1 33 4 1 3 14 292425 3 0 22 7 24 34 7 13 0 0 0 8
114 352745 E 0 6 104 352415 3 63 0 17 41 8 2 0 7 15 8 1 7 19 0 18 11
115 399376 E 3 0 25 399145 0 45 2 0 56 6 0 11 7 8 18 10 0 22 0 1 17
116 422679 I 16 70 3 0 0 5 3 421467 23 67 89 18 18 6 37 8 242 594 0 6 7
117 407356 R 3 52 0 6 9 148 40 19 52 30 1750 4 1 28 404534 396 158 97 25 2 2
118 397411 R 2 5 0 1 0 15 21 0 12 27 0 0 29 99 397134 7 1 2 0 3 53
119 424776 I 1 0 1 1 11 0 0 424629 0 10 10 22 0 0 2 2 36 51 0 0 0
120 402728 W 2 24 0 1 0 43 0 4 0 14 0 0 2 4 125 6 0 17 402186 225 75
121 413154 R 8 125 6 4 0 39 134 14 0 61 4 9 22 0 412395 304 19 5 0 5 0
122 392358 Q 8 43 1 8 0 7 34 0 20 73 16 0 8 391913 75 20 19 15 0 0 98
123 449491 A 449087 0 36 2 2 30 3 1 1 56 0 2 38 8 8 35 90 89 0 3 0
124 494916 N 28 0 89 6 93 5 10 28 48 7 45 494068 69 13 37 302 16 17 26 9 0
125 480647 N 20 4 76 5 44 26 3 26 25 172 24 479704 3 47 82 99 25 30 3 222 7
126 378147 G 258 76 53 7 0 377404 18 0 2 38 1 9 7 0 104 70 43 42 9 6 0
127 373989 D 112 41 371986 204 1 315 17 2 25 12 1 68 17 899 41 17 56 144 12 17 2
128 363796 D 60 0 362627 40 503 118 12 2 14 106 1 62 12 19 51 22 44 78 4 19 2
129 367387 A 366560 5 6 29 13 23 0 1 132 35 11 1 10 8 41 290 129 92 0 1 0
130 324039 T 54 48 1 0 0 2 11 24 30 7 12 0 13 5 40 27 323757 7 0 1 0
131 298264 A 291586 2 11 0 20 7 10 0 5 3 1 1 6496 1 4 26 52 26 1 4 8
132 363932 G 13 20 44 2 2 363678 0 65 0 5 0 1 3 4 18 50 5 17 2 1 2
133 380420 L 7 2 0 0 7 2 0 211 1 379969 29 1 146 17 7 5 4 8 3 0 1
134 444740 T 110 0 8 0 4 9 5 55 0 4 0 17 46 1 3 66 444395 14 0 0 3
135 459803 H 12 2 9 14 2 12 459331 4 6 65 6 37 32 32 115 38 17 0 1 62 6
136 485446 M 117 192 20 190 1 61 18 801 33 152 483128 5 25 135 16 247 200 88 0 2 15
137 492919 M 1 2 0 2 8 1 2 76 44 67 492501 0 26 5 8 10 89 75 0 0 2
138 439471 I 1 0 0 0 39 0 2 439230 3 8 10 24 23 0 1 11 58 59 0 0 2
139 416438 W 7 60 0 6 0 18 13 3 1 169 1 0 3 3 177 15 1 8 415788 3 162
140 396942 H 4 0 18 2 0 9 396676 7 0 33 0 21 7 17 68 0 1 2 0 77 0
141 394355 S 3 11 0 0 33 8 0 0 0 3 0 2 73 0 1 394160 40 1 0 20 0
142 391221 N 3 1 56 0 0 7 6 13 15 29 2 391035 2 1 0 31 10 0 0 8 2
143 382531 L 4 3 1 1 30 18 26 4 0 382280 16 3 7 6 1 76 5 8 13 6 23
144 368433 N 0 7 63 0 0 4 3 11 40 3 58 368113 31 0 0 57 14 0 0 29 0
145 361749 D 3 0 361535 14 0 47 6 2 19 4 1 47 1 1 8 2 2 35 0 22 0
146 345977 T 93 1 1 4 1 22 1 56 16 6 0 0 6 2 15 37 345709 5 0 2 0
147 452496 T 101 0 0 1 0 0 4 53 15 3 2 3 8 8 19 41 452230 7 0 0 1
148 416944 Y 0 45 5 1 30 3 64 5 0 2 0 21 8 0 1 14 3 1 1 416694 46
149 421920 Q 0 0 0 11 1 22 35 0 17 30 0 0 16 421626 114 1 5 5 1 3 33
150 407165 R 0 0 3 1 0 84 1 0 89 1 22 0 4 0 406914 17 10 2 16 0 1
151 446700 T 106 0 4 5 1 4 0 72 46 10 0 0 9 1 12 56 446349 4 0 0 21
152 470477 R 1 2 0 1 1 84 1 12 78 6 2 0 7 12 470206 21 4 0 0 0 39
153 518010 A 517616 1 20 4 3 18 0 5 0 5 0 5 34 5 26 121 95 41 6 3 2
154 552451 L 6 0 0 3 46 1 43 247 1 551872 0 0 125 2 16 10 2 25 1 3 48
155 561624 V 77 3 46 5 17 13 0 80 1 11 2 1 11 1 15 26 8 561300 0 0 7
156 570490 R 14 123 0 0 0 23 197 4 7 21 0 4 19 2 569982 64 8 1 1 5 15
157 573368 T 116 13 52 6 0 8 5 850 5 6 4 23 9 10 9 123 572052 65 0 7 5
158 585419 G 88 65 146 25 2 584307 71 10 0 181 2 54 9 20 49 304 23 45 1 8 9
159 603978 M 11 7 6 2 0 4 14 167 42 237 603189 10 16 1 30 24 87 123 2 0 6
160 684005 D 13 2 683523 75 2 100 5 22 1 14 0 107 8 7 15 1 28 32 2 28 20
161 604303 P 26 2 1 0 10 45 38 8 8 63 1 4 603867 6 47 96 39 34 0 3 5
162 571222 R 3 5 2 20 4 183 0 8 92 38 43 3 20 13 570610 26 23 11 29 7 82
163 522748 M 2 117 3 11 25 17 2 1141 17 74 520972 1 2 7 16 48 89 168 19 0 17
164 512936 C 294 511958 0 1 19 11 2 25 1 72 1 6 60 44 79 72 17 67 13 168 26
165 484199 S 237 8 1 0 47 6 9 0 3 8 4 14 115 0 3 483669 35 2 1 33 4
166 479723 L 17 1 6 12 3 14 5 14 19 479174 52 4 115 90 12 153 0 19 5 1 7
167 470245 M 6 0 1 1 6 9 1 159 26 109 469744 0 5 4 21 10 68 68 0 2 5
168 440468 Q 108 10 1 33 3 1 41 6 24 30 15 0 26 439784 162 40 10 2 3 4 165
169 408531 G 44 8 38 3 0 408292 5 2 0 15 0 2 0 0 9 43 5 17 7 3 38
170 438625 S 3 3 0 1 10 8 0 4 1 116 0 0 56 2 5 438333 30 3 14 2 34
171 432307 T 91 1 1 0 0 6 1 45 7 2 24 14 18 2 12 63 432002 13 0 0 5
172 464588 L 182 10 1 3 30 7 29 64 2 463976 0 0 129 3 34 13 3 89 2 9 2
173 616182 P 44 0 3 72 0 13 49 2 439 99 2 0 615265 6 22 76 56 18 0 10 6
174 624437 R 0 1 0 0 0 100 1 1 65 14 30 6 10 0 624087 52 16 8 32 3 11
175 506155 R 1 5 1 5 2 94 0 1 40 12 17 0 2 0 505886 22 13 1 32 0 21
176 542356 S 9 6 1 0 34 12 13 0 0 8 0 0 91 7 2 542075 32 13 1 35 17
177 562072 G 9 3 1 39 0 561860 0 0 0 11 0 1 2 2 73 2 0 18 2 0 49
178 541338 A 540931 8 89 0 0 20 13 2 4 5 1 33 27 4 2 71 51 64 2 3 8
179 559811 A 559285 8 1 22 27 24 1 3 0 10 9 0 13 0 1 48 222 110 1 2 24
180 572274 G 13 21 46 0 2 572098 1 0 1 1 0 0 0 2 6 58 1 18 2 1 3
181 569389 A 568438 18 26 0 529 63 8 1 1 14 8 0 16 20 11 35 142 57 0 1 1
182 584141 A 583411 1 1 34 0 25 5 1 0 10 2 0 17 6 4 61 226 329 7 1 0
183 629141 V 92 1 50 2 8 13 39 91 12 34 1 0 10 0 13 27 23 628723 0 0 2
184 638032 K 3 0 1 115 1 17 0 40 637449 18 0 95 7 45 90 10 20 63 0 7 51
185 538126 G 57 2 0 97 0 537690 2 9 0 36 0 2 11 23 77 10 19 13 0 10 68
186 524649 V 65 14 30 1 17 18 59 100 38 54 0 10 9 60 2 22 15 524125 0 4 6
187 516630 G 128 20 6 98 0 516035 0 0 5 1 0 1 4 1 184 46 9 28 49 0 15
188 402480 T 94 6 3 5 4 6 4 63 8 12 1 1 6 16 29 106 402112 3 0 0 1
189 322407 M 0 2 0 7 0 9 2 60 25 263 321812 3 8 4 1 24 38 108 3 0 38
190 311140 V 247 32 5 33 0 68 5 6 0 15 46 2 0 1 3 29 56 310579 2 8 3
191 298463 M 1 5 0 1 0 15 4 73 29 40 298102 3 1 0 34 4 51 97 1 0 2
192 274680 E 3 0 8 274524 2 70 0 0 18 0 1 2 2 5 2 0 2 23 0 1 17
193 343301 L 3 50 1 12 19 14 1 20 0 330278 22 0 16 1 7 12790 14 18 1 11 23
194 413045 I 21 0 17 9 0 3 0 412642 30 60 80 0 2 0 5 14 72 75 1 5 9
195 386725 R 1 4 1 5 0 79 0 2 51 0 27 2 12 20 386452 46 8 0 13 0 2
196 403599 M 5 1 0 4 3 16 5 91 29 48 403235 0 2 1 21 1 47 84 2 2 2
197 433477 I 76 2 9 0 47 0 0 433014 0 4 13 62 15 0 1 75 75 83 1 0 0
198 412242 K 0 1 0 54 0 21 0 9 411995 11 0 50 0 14 70 7 2 1 0 0 7
199 389636 R 1 51 0 1 0 13 76 0 0 15 2 1 32 1 389382 22 2 3 0 0 34
200 385416 G 12 2 0 45 0 385178 0 1 0 1 0 0 0 1 84 3 45 26 17 0 1
201 385048 I 2 0 1 0 39 4 0 384817 5 7 7 16 3 0 5 3 56 81 0 1 1
202 394839 N 67 0 95 1 2 0 52 16 39 23 1 394462 8 2 2 41 9 2 0 14 3
203 375615 D 7 0 375381 49 0 46 4 3 1 1 0 53 7 0 2 2 0 42 0 10 7
204 389113 R 4 3 0 0 0 12 21 0 0 46 0 1 14 77 388798 4 34 1 69 25 4
205 405351 N 4 0 54 0 1 83 4 11 21 2 9 404874 0 20 3 93 13 127 1 28 3
206 484574 F 5 1 0 0 484301 0 4 21 0 132 0 0 7 1 3 57 1 11 0 23 7
207 498620 W 1 27 1 5 2 12 0 0 0 54 0 0 19 10 171 14 3 1 498101 1 198
208 361332 R 0 0 0 2 0 113 0 16 53 8 7 8 3 0 361036 44 10 1 2 0 29
209 392149 G 8 13 65 0 0 391866 2 2 0 3 0 0 1 1 14 46 1 15 0 108 4
210 414332 E 7 0 17 414024 0 69 0 2 62 2 0 4 2 3 10 2 31 38 0 0 59
211 403125 N 42 0 73 2 5 80 6 35 28 17 7 402570 31 2 0 54 55 13 2 100 3
212 377965 G 12 1 4 49 4 377736 0 0 20 5 5 0 2 0 76 5 1 16 0 0 29
213 371544 R 8 0 3 14 1 23 0 0 5 19 0 0 12 77 371266 3 7 2 0 6 98
214 366330 K 27 1 2 50 13 15 19 10 365990 2 0 17 5 11 96 29 3 35 2 0 3
215 367098 T 40 0 1 0 0 5 0 24 15 1 3 9 63 36 11 59 366826 2 0 0 3
216 345460 R 1 0 0 3 0 62 2 4 41 1 21 2 0 0 345259 40 9 2 13 0 0
217 320601 S 203 25 0 2 0 163 0 5 1 279 24 40 2 19 49 318872 904 7 0 4 2
218 336586 A 336364 8 17 0 0 17 1 0 0 1 0 0 19 2 0 71 66 20 0 0 0
219 335211 Y 1 57 10 0 14 5 62 0 0 10 0 8 2 0 4 14 17 0 0 334964 43
220 341752 E 2 0 25 341528 0 68 0 0 60 0 6 0 4 6 6 0 1 18 8 0 20
221 299280 R 12 0 0 5 0 77 0 11 39 5 0 1 0 1 299080 20 7 4 1 0 17
222 266370 M 12 0 0 1 7 3 0 78 34 20 266130 5 2 2 6 3 27 37 2 0 1
223 325353 C 0 325065 0 1 13 8 0 0 1 30 6 0 0 0 58 68 0 2 15 78 8
224 335443 N 1 0 60 3 0 0 35 26 12 1 0 335239 0 0 0 47 1 0 0 18 0
225 349329 I 1 5 0 8 18 2 1 349168 0 6 1 14 0 0 1 17 55 32 0 0 0
226 364188 L 0 0 0 0 22 9 28 11 0 364009 0 0 84 0 6 5 0 14 0 0 0
227 374997 K 1 0 1 43 1 0 0 24 374819 8 0 18 0 16 43 3 3 0 0 0 17
228 381553 G 21 0 0 37 4 381366 0 3 0 3 0 0 5 0 51 16 0 23 0 0 24
229 389539 K 0 3 0 60 2 5 7 9 389316 2 0 61 0 6 49 0 2 3 1 1 12
230 406846 F 1 53 4 5 406370 3 0 30 0 107 0 0 6 0 8 55 0 7 189 8 0
231 387260 Q 7 5 0 16 6 12 56 13 43 23 0 3 25 386817 151 20 13 5 0 1 44
232 365228 T 59 0 0 1 0 0 229 33 25 29 1 3 52 3 20 74 364690 7 0 1 1
233 364504 A 362391 1 18 0 7 1 2 1 27 4 0 0 1947 3 4 19 47 31 0 0 1
234 324061 A 323714 16 2 16 2 82 1 0 0 0 0 5 7 0 2 22 132 50 3 5 2
235 318238 Q 19 5 8 10 14 0 20 4 19 18 0 2 32 317933 78 15 19 0 0 2 40
236 314391 R 0 2 1 3 6 135 0 5 59 2 21 14 7 8 313707 19 349 0 11 0 42
237 314696 A 314285 0 4 20 0 142 4 0 1 1 2 12 16 12 23 40 52 82 0 0 0
238 329434 M 47 1 1 0 8 12 2 88 25 72 328893 64 17 44 35 29 35 57 0 0 4
239 293642 M 1 10 4 9 0 43 11 90 30 32 293255 0 2 0 11 11 44 85 0 4 0
240 349877 D 22 3 349543 24 0 62 68 3 0 6 0 59 0 0 0 2 43 21 0 19 2
241 332218 Q 51 1 0 6 2 1 22 2 13 28 5 0 7 331947 89 7 1 0 3 0 33
242 384752 V 42 9 39 32 1 12 6 0 0 42 80 0 7 4 11 2 42 384420 3 0 0
243 384888 R 15 9 5 7 0 84 1 23 69 10 1 4 2 2 384544 37 8 24 0 1 42
244 377916 E 30 4 76 377556 0 86 0 1 45 7 5 5 22 7 4 17 6 34 0 0 11
245 406892 S 13 9 2 5 0 432 4 9 10 4 0 54 17 7 58 406238 23 3 1 2 1
246 398752 R 2 2 3 1 0 9 8 4 2 30 1 1 17 136 398448 5 1 1 78 0 3
247 404217 N 0 1 65 2 0 11 1 23 36 3 0 403775 21 0 21 219 13 6 1 10 9
248 426283 P 16 951 1 0 0 15 9 1 5 50 0 13 425024 33 11 66 82 0 0 6 0
249 449225 G 12 0 0 62 0 448974 1 0 0 2 0 1 4 2 88 14 1 12 0 0 52
250 432334 N 14 9 73 1 7 10 24 23 39 22 15 431945 28 3 5 60 12 16 11 15 2
251 459629 A 459310 3 37 1 1 23 0 10 0 23 0 6 9 5 0 23 99 70 0 0 9
252 440733 E 16 0 9 440474 1 91 4 0 62 1 0 2 0 11 6 2 0 30 3 0 21
253 459823 I 0 0 5 10 22 19 0 459543 0 4 21 25 1 4 6 2 89 68 3 1 0
254 444603 E 0 0 28 444305 0 67 0 0 115 0 0 1 0 19 0 1 0 39 0 0 28
255 446121 D 2 0 445935 23 0 52 10 7 0 0 0 28 0 0 2 9 9 33 0 11 0
256 425555 L 2 10 1 3 26 14 42 24 0 424794 0 98 123 301 20 51 2 11 0 0 33
257 428231 I 45 31 0 0 23 1 8 427431 1 335 10 30 17 2 3 175 51 62 2 4 0
258 389044 F 2 1 0 2 388807 3 3 26 1 78 0 2 6 4 25 51 5 3 1 24 0
259 381125 L 32 6 3 3 22 5 1 13 2 380004 22 5 97 40 13 52 3 755 2 5 40
260 386889 A 386530 1 0 18 0 24 2 1 0 6 0 0 12 0 0 58 106 125 0 1 5
261 330500 R 0 0 0 0 0 15 0 2 0 14 0 0 6 69 330284 4 6 1 88 0 11
262 409957 S 26 7 1 6 28 7 4 11 3 4 1 0 51 0 7 409723 32 20 0 22 4
263 402653 A 398413 36 0 45 0 25 4 0 3 23 0 5 17 0 7 202 3094 757 8 0 14
264 336646 L 7 1 0 10 50 5 47 15 0 336313 0 1 81 42 5 3 40 16 6 0 4
265 368229 I 145 11 11 1 0 6 5 367440 22 129 64 8 99 38 2 29 90 123 0 2 4
266 387889 L 22 8 1 8 38 6 6 12 18 387412 18 3 1 7 131 114 5 35 15 7 22
267 388863 R 2 8 3 0 0 106 0 12 42 7 1 2 20 4 388581 33 16 0 0 0 26
268 434061 G 10 2 0 43 0 433759 0 13 1 0 0 0 28 2 84 48 1 48 22 0 0
269 487422 S 25 4 0 0 0 6 0 6 1 55 1 0 84 2 1 487140 60 1 5 0 31
270 507466 V 52 3 40 6 16 2 6 82 2 36 0 3 0 9 18 4 22 507155 1 1 8
271 501264 A 495727 4 30 0 4 5248 2 2 0 7 0 2 15 4 0 25 117 76 0 0 1
272 515541 H 7 0 12 1 10 7 515185 8 0 66 1 22 11 42 74 19 4 6 1 59 6
273 518198 K 0 1 0 65 1 3 2 40 517865 4 1 63 0 18 53 15 9 5 1 5 47
274 508509 S 4 8 0 3 31 10 0 1 0 16 0 1 55 0 2 508285 51 3 0 27 12
275 483839 C 23 482692 1 0 15 137 5 48 27 12 0 192 44 1 109 157 208 30 2 65 71
276 421271 L 25 6 0 0 2 24 15 60 0 420630 24 6 110 37 16 231 6 72 0 0 7
277 361849 P 39 2 2 0 1 201 47 1 10 70 1 40 360757 4 45 563 52 2 1 4 7
278 336184 A 335369 5 18 6 1 20 8 7 6 12 2 182 58 2 21 33 219 209 2 2 2
279 310478 C 11 309616 1 1 18 166 0 0 0 45 3 12 20 4 198 76 25 133 27 86 36
280 306237 V 66 11 1 35 12 12 1 190 12 144 169 3 11 8 15 5 1 305528 1 5 7
281 234479 Y 28 49 6 4 26 4 55 3 2 63 1 29 10 3 7 5 7 4 3 234145 25
282 191367 G 26 18 10 62 1 190847 43 9 1 120 1 1 2 6 111 31 2 35 4 7 30
283 243698 P 1590 1 3 8 4 6056 121 587 73 326 1 232 206739 25790 177 1166 94 14 82 629 5
284 370038 A 366097 3 29 2 0 20 0 0 0 19 0 16 22 31 3237 132 131 299 0 0 0
285 347840 V 68 16 2 23 2 7 1 93 0 64 2 6 86 0 7 9 3 347446 1 0 4
286 383196 A 382981 0 14 0 1 7 5 1 0 22 0 0 17 0 3 55 44 41 4 1 0
287 448985 S 0 22 0 0 0 76 1 14 0 1 0 76 3 1 69 448699 21 1 0 1 0
288 490950 G 103 96 49 1 8 490468 0 1 0 0 0 1 0 0 18 138 0 23 0 0 44
289 489597 Y 266 109 3 0 30 11 2313 42 227 2485 1706 19 13 2 33 1710 19 16 0 480574 19
290 512626 D 5 32 511855 21 0 71 7 0 0 2 0 93 480 0 0 21 2 22 0 15 0
291 496436 F 517 13 0 1 487274 960 283 62 0 180 0 10 14 6 30 7016 4 22 0 42 2
292 500027 E 10 4 47 497204 1 290 0 6 120 1630 1 1 428 7 187 19 33 23 0 1 15
293 494008 K 0 0 1 57 0 14 1 17 493776 0 3 33 5 4 75 0 12 2 0 0 8
294 483211 E 129 577 433 459779 1 1506 13 1 490 46 7 3286 12 6105 212 10341 5 249 0 3 16
295 459901 G 9 0 13 76 0 459658 2 1 0 2 0 1 0 0 73 2 1 30 2 1 30
296 393154 Y 5 93 3 1 50 3 122 4 0 2 1 34 5 8 6 45 14 2 1 392726 29
297 372156 S 10 13 1 1 24 0 0 0 8 9 0 1 65 0 2 371921 66 6 0 27 2
298 334414 L 4 2 0 0 40 7 1 10 11 334233 0 2 0 3 10 54 2 1 2 0 32
299 354539 V 44 1 0 38 0 3 0 2 6 26 21 2 0 0 1 9 7 354367 8 1 3
300 276055 G 4 9 0 65 6 275688 1 25 1 0 0 1 0 0 57 169 1 11 0 0 17
301 403060 I 6 3 0 5 10 86 0 402381 24 43 149 8 2 10 156 14 57 73 0 4 29
302 400323 D 157 10 398157 33 8 72 18 20 1 9 0 306 1256 1 174 13 10 58 0 18 2
303 378701 P 12 4 0 0 0 7 26 0 0 27 0 1 378528 2 25 38 13 3 0 2 13
304 414696 F 7 9 5 3 414298 7 2 41 0 92 0 2 10 5 2 73 100 14 0 22 4
305 414408 K 3 47 2 68 51 9 7 17 413947 7 2 47 2 17 75 57 15 7 0 1 27
306 406487 L 787 22 0 5 17 501 1 65 3 391948 45 712 65 1710 10517 29 42 12 6 0 0
307 418056 L 17 3 2 23 45 61 20 8 1 417757 3 1 67 0 12 4 5 24 0 0 3
308 419875 Q 50 0 150 9 539 1 42 991 15 1380 0 1 17 416446 90 17 60 1 0 18 48
309 414651 N 250 3 66 5 5 5869 8 124 406 126 3 402108 51 11 4783 478 87 256 0 11 1
310 406172 S 112 22787 0 10 88 775 1 1053 0 254 4 391 9 18 743 379682 30 191 6 16 2
311 482618 Q 4 2 0 16 1 40 23 7 1271 33 2 1 13 391527 84489 1315 3811 5 11 0 47
312 522339 V 60 13 0 35 4 81 4 81 8 97 5 112 2 10 23 11 11 521761 1 20 0
313 469300 Y 6 88 9 0 41 113 74 11 0 13 3 16 6 24 38 19 6 1 6 468793 33
314 470700 S 16 27 2 1 3 414 2 20 0 2 1 60 13 32 73 469922 14 88 6 0 4
315 480872 L 76 56 9 8 10 6 16 78 7 480166 1 24 125 57 133 6 4 73 2 10 5
316 533237 I 9 40 8 25 35 17 0 532651 1 237 19 51 4 2 5 14 64 52 0 0 3
317 513296 R 1 13 3 0 0 206 0 8 62 11 0 0 7 1 512917 32 10 1 0 0 24
318 518993 P 113 8 2 3 7 13 12 77 4 290 0 11 517577 25 57 731 35 17 3 0 8
319 536287 N 2 13 57 0 11 25 42 20 36 36 0 535432 12 72 139 241 58 70 0 19 2
320 556323 E 5 1 29 555985 0 111 1 0 88 8 1 6 1 11 2 3 0 48 0 0 23
321 586670 N 7 1 78 9 0 32 40 45 69 8 56 583477 4 4 2679 74 6 4 43 34 0
322 590892 P 30 0 0 1 1 8 18 2 0 84 2 4 590524 32 26 40 102 7 7 0 4
323 600756 A 599562 1 6 34 80 71 7 30 2 362 28 13 26 33 70 144 103 156 3 2 23
324 635222 H 1 0 16 4 8 3 634639 11 1 88 0 25 40 70 67 138 6 17 14 74 0
325 633191 K 0 0 0 183 0 0 2 0 632667 0 34 26 9 8 213 1 16 0 0 0 32
326 493868 S 1 39 0 0 0 72 0 14 0 0 0 69 1 2 150 493506 10 0 0 4 0
327 494078 Q 1 2 0 19 1 2 27 2 24 27 0 0 23 493748 126 5 2 0 1 0 68
328 431071 L 18 2 0 8 7 6 4 6 6 430718 25 4 54 20 33 4 7 133 13 1 2
329 475543 V 48 2 11 40 2 41 6 15 2 391 299 6 4 8 39 2 29 474562 31 3 2
330 474434 W 5 27 57 2 3 33 2 34 0 31 1 0 11 0 96 55 3 8 473913 7 146
331 450798 M 20 12 0 1 1 13 4 141 39 50 450255 4 35 2 14 43 57 93 1 3 10
332 465698 A 465057 1 19 27 15 50 1 5 5 7 4 5 23 6 13 38 305 114 0 2 1
333 489839 C 19 487474 2 14 21 1796 2 2 4 7 2 1 24 59 109 89 10 49 21 112 22
334 498452 H 4 2 12 7 3 7 498074 6 0 56 0 60 15 27 55 19 1 21 0 80 3
335 464751 S 4 21 0 2 45 16 3 3 2 16 0 1 45 0 5 464474 42 3 3 63 3
336 424880 A 424436 3 31 1 0 95 0 2 0 74 1 3 11 0 2 32 135 53 0 1 0
337 400099 A 399768 0 0 23 0 76 0 0 0 0 2 0 24 0 12 44 72 67 11 0 0
338 405761 F 4 10 0 1 405460 17 9 33 0 98 8 9 1 6 9 49 15 10 2 12 8
339 397405 E 2 0 44 397127 0 94 1 0 44 11 1 1 2 4 2 0 3 50 4 1 14
340 367282 D 31 0 366964 26 0 62 20 0 0 0 1 81 0 0 4 41 0 41 0 10 1
341 391513 L 14 0 1 0 1 4 3 23 1 391271 0 0 83 24 18 6 12 47 0 3 2
342 380172 R 1 20 0 4 2 105 2 9 42 16 111 1 1 8 379779 31 9 3 3 2 23
343 342013 V 57 0 2 18 0 2 0 31 0 35 4 0 3 0 2 0 0 341859 0 0 0
344 334081 L 1 4 0 0 23 6 0 23 7 333914 0 3 10 2 0 27 1 7 0 5 48
345 296363 S 9 17 0 7 6 78 0 18 0 2 0 44 6 1 40 296106 12 15 0 0 2
346 256905 F 3 1 0 2 256676 22 1 6 1 72 1 8 3 0 17 41 4 19 0 27 1
347 316350 I 2 3 0 0 18 5 3 316098 5 32 5 23 0 1 12 30 61 50 0 2 0
348 305001 R 5 0 1 6 0 72 9 15 26 1 1 0 1 1 304807 19 7 3 0 0 27
349 294274 G 5 0 1 40 0 293857 0 0 0 16 1 0 1 0 39 4 1 288 21 0 0
350 388903 T 81 58 24 0 188 22 2 55 1 16 0 19 22 0 24 104 388276 4 1 1 5
351 395352 K 0 0 0 43 4 5 9 28 395118 5 0 26 1 28 52 3 5 0 1 0 24
352 421509 V 61 1 0 21 0 11 0 56 1 23 7 1 3 0 3 10 10 421291 0 10 0
353 428874 S 0 18 0 0 36 4 0 31 0 34 0 0 382 1 2039 426249 37 12 0 29 2
354 403540 P 263 4 3 2 1 12 1 1 8 51 0 4 403045 52 14 29 23 22 1 3 1
355 390638 R 0 0 0 0 0 93 0 0 79 1 31 0 1 0 390379 34 7 0 13 0 0
356 351955 G 8 0 0 36 2 351829 0 1 1 0 0 0 0 0 43 0 0 14 21 0 0
357 351820 K 0 0 0 74 0 1 0 20 351602 0 0 52 0 3 47 0 3 2 0 0 16
358 356475 L 0 1 2 0 29 0 11 13 0 356284 0 2 76 0 11 2 14 25 0 0 5
359 346078 S 4 9 2 2 47 2 0 1 19 1 0 22 73 204 27 345610 26 1 0 28 0
360 409132 T 67 6 1 0 1 0 6 44 7 26 0 14 16 1 23 49 408792 76 1 0 2
361 388345 R 8 0 0 3 2 71 0 15 64 8 0 4 0 0 388109 22 3 2 0 2 32
362 359376 G 8 0 0 36 0 359232 1 0 0 1 0 0 3 0 36 4 0 24 0 0 31
363 425035 V 433 3 3 26 18 30 0 62 0 16 0 1 1 1 4 7 4 424424 0 2 0
364 420500 Q 0 0 1 13 0 12 39 0 27 34 0 3 8 420125 57 35 19 72 0 4 51
365 428756 I 3 5 8 15 25 7 1 427800 4 670 6 25 0 9 4 6 91 52 19 0 6
366 368790 A 368610 1 15 5 0 7 0 4 0 2 0 0 13 0 0 55 44 34 0 0 0
367 364401 S 11 37 1 4 3 4 0 1 0 36 3 0 56 1 54 362738 1418 3 0 13 18
368 371573 N 8 1 26 0 3 45 6 12 23 8 3 371227 6 3 47 42 87 7 0 19 0
369 367361 E 4 1 17 367114 1 74 0 2 58 4 0 0 1 10 2 4 6 40 0 1 22
370 378143 N 0 1 77 4 11 6 26 21 26 7 1 377773 6 22 24 51 72 1 0 8 6
371 377241 M 29 27 1 2 0 29 3 128 27 63 376812 1 1 1 6 15 26 63 6 0 1
372 390318 D 5 2 390081 41 1 64 7 0 0 5 0 57 2 0 0 5 0 17 2 17 12
373 385154 A 384524 2 35 0 1 29 8 0 4 2 0 63 8 6 20 148 84 183 29 6 2
374 430753 M 3 28 2 0 0 86 3 212 30 116 430003 2 3 72 22 0 87 81 0 3 0
375 410401 E 8 2 35 410095 13 71 2 0 48 13 1 6 9 21 2 6 0 40 0 0 29
376 316462 S 3 6 1 1 0 167 1 0 0 27 2 26 52 14 1 316076 29 14 5 0 37
377 320145 S 1 32 2 1 0 95 0 14 1 102 38 54 7 0 67 319675 28 25 0 0 3
378 292699 T 78 3 0 0 1 12 0 57 8 5 0 11 4 1 10 24 292474 9 1 1 0
379 299038 L 2 136 1 1 27 0 16 18 0 298670 1 1 67 1 20 20 13 40 2 1 1
380 303208 E 13 1 26 303021 0 47 0 1 40 5 0 1 2 6 2 1 3 21 3 5 10
381 305619 L 5 0 1 3 1 2 1 14 0 304586 9 37 75 12 7 12 840 10 0 3 1
382 320384 R 1 2 0 0 0 130 0 8 34 11 5 0 3 1 320137 23 5 2 0 1 21
383 367933 S 76 13 2 1 6 170 9 26 5 16 2 98 1 62 42 367147 186 63 0 1 7
384 389978 R 7 9 2 3 28 196 31 3 58 6 35 214 1 6 389284 35 10 13 32 2 3
385 460000 Y 39 80 10 0 31 12 113 1 3 11 0 66 5 2 25 22 8 427 23 459088 34
386 444619 W 8 26 1 5 0 22 4 0 7 55 0 2 9 5 115 9 4 37 444188 5 117
387 413563 A 413286 1 26 2 0 44 0 0 0 0 0 3 18 2 4 38 76 63 0 0 0
388 462675 I 10 0 0 0 1 4 7 462282 27 69 101 9 1 3 10 10 59 62 5 2 13
389 432496 R 488 0 1 4 1 95 0 9 57 11 1 0 1 0 431696 27 7 2 0 10 86
390 446558 T 59 9 0 0 2 5 0 23 1 1 0 31 83 0 7 40 446289 5 0 1 2
391 452253 R 4 2 1 2 1 118 0 33 47 8 0 1 1 1 451943 25 18 5 5 0 38
392 436499 S 34 24 0 2 2 69 3 8 4 7 6 38 3 0 68 436210 3 6 3 1 8
393 447492 G 11 5 1 29 0 447278 2 0 9 0 0 0 8 4 75 4 2 26 2 0 36
394 430534 G 11 0 1 43 0 430328 7 1 0 0 0 2 5 0 75 0 0 25 0 0 36
395 435494 N 8 2 67 1 4 9 3 27 46 2 4 435061 2 5 22 141 38 15 0 32 5
396 436969 T 531 125 33 2 54 6 13 75 9 244 8 19 84 12 341 129 435178 13 33 6 54
397 499835 N 407 37 53 1 20 21 4 60 58 58 0 498801 5 7 36 129 71 18 16 29 4
398 504823 Q 26 9 26 15 204 5 455 117 357 19 0 30 23 502633 820 11 4 6 2 3 58
399 456959 Q 80 14 0 35 33 48 1254 4 51 31 2 12 98 454707 188 102 115 47 0 84 54
400 415682 R 7 2 1 8 0 139 2 6 65 7 35 1 56 0 415263 23 7 6 45 1 8
401 402876 A 392521 0 25 10 1 65 0 1 26 3 1 2 44 0 8394 1605 54 86 8 30 0
402 403726 S 8 15 6 12 19 20 161 0 2 5 2 0 169 34 202 402991 37 3 3 37 0
403 401490 A 400973 18 0 23 0 39 12 3 36 4 0 5 23 2 35 30 120 162 3 1 1
404 417789 G 70 22 58 3 177 417367 0 3 10 0 0 2 0 0 8 50 0 16 0 2 1
405 417092 Q 4 1 0 13 0 1 22 0 19 27 0 0 8 416845 54 13 37 0 0 0 48
406 435162 I 4 0 0 5 23 0 0 434919 0 14 6 34 0 2 3 11 64 63 0 14 0
407 398173 S 1 16 0 0 0 184 0 7 0 1 0 39 0 1 58 397855 6 5 0 0 0
408 405162 V 87 6 0 39 5 8 0 0 1 19 107 0 0 0 0 0 0 404890 0 0 0
409 401173 Q 184 112 0 26 3 9 179 34 23 29 7 14 3 399855 95 91 26 269 1 2 211
410 364764 P 138 7 0 1 0 3 44 0 0 23 1 5 364424 17 9 67 24 0 0 0 1
411 391221 A 390545 10 0 21 7 25 2 0 0 0 1 1 14 1 3 61 222 306 0 0 2
412 401527 F 3 19 1 1 401266 13 1 43 6 69 0 1 0 0 1 48 0 43 0 7 5
413 349254 S 2 16 0 0 34 62 0 2 2 8 0 12 41 4 2 348971 55 6 31 6 0
414 365804 V 87 6 0 36 0 32 0 0 11 99 84 0 2 2 2 4 1 365437 0 0 1
415 373643 Q 39 14 4 23 3 389 17 5 104 1441 111 3 9 370285 341 80 11 557 149 0 58
416 373646 R 30 29 0 27 0 125 1 11 41 6 0 4 1 2 373315 19 14 2 2 1 16
417 344406 N 68 2 52 3 4 41 5 63 72 38 15 343499 11 4 367 46 97 2 0 17 0
418 382775 L 3 1 0 3 37 11 34 15 0 382195 0 0 125 11 75 5 1 250 0 0 9
419 414315 P 13 12 0 21 1 9 24 5 2 55 2 7 414022 25 22 48 31 11 0 3 2
420 394060 F 36 16 3 2 393188 15 188 57 1 265 2 8 0 12 16 88 11 105 0 43 4
421 404257 D 69 2 399395 31 10 97 2899 123 4 109 16 900 0 1 58 76 51 368 0 27 21
422 386622 K 2 51 0 65 20 665 6 34 384856 40 17 79 7 145 421 33 13 73 4 3 88
423 380495 P 58 9 4 39 1 357 184 8 118 86 4 17 375846 554 2790 273 48 41 0 47 11
424 391638 T 57 1 0 20 1 11 17 63 8 503 5 25 12 13 19 104 390748 20 10 1 0
425 392310 I 9 40 2 11 30 2 1 390278 16 6 13 39 9 0 15 16 53 1767 1 1 1
426 370471 M 17 10 1 0 1 2 4 112 28 1544 368082 1 20 1 323 95 145 81 1 0 3
427 330167 A 329256 7 0 18 2 143 2 0 0 136 1 0 21 22 1 43 429 78 0 1 7
428 325321 A 324529 7 0 21 0 35 57 40 5 8 0 0 13 11 12 27 508 41 2 5 0
429 324086 F 0 2 2 0 323676 16 2 69 0 87 0 1 5 0 24 55 0 11 6 97 33
430 294476 T 86 0 2 0 1 121 4 23 8 17 1 22 21 2 168 3610 290349 36 1 1 3
431 334204 G 8 0 4 46 30 333554 233 7 4 6 0 5 20 4 87 88 3 74 22 0 9
432 337099 N 35 11 63 4 12 102 24 192 26 42560 0 293438 46 6 7 386 16 117 3 48 3
433 345633 T 59 47 0 4 25 12 0 183 16 391 5 1 25 15 29 125 344622 52 5 8 9
434 355192 E 18 3 33 354580 1 141 5 29 50 18 0 1 4 26 10 205 7 31 7 0 23
435 382570 G 19 0 11 113 5 382221 0 2 0 1 0 3 21 8 96 1 3 47 0 0 19
436 389398 R 7 1 9 20 0 122 1 14 75 6 0 1 8 1 389049 25 17 10 1 1 30
437 395031 T 69 51 102 0 2 10 15 41 39 12 1 5 4 11 15 35 394590 3 1 0 25
438 414384 S 182 1 7 8 3 483 4 1 2 44 26 5 77 10 8 413446 38 5 1 5 28
439 408358 D 6 1 408042 29 0 73 26 0 0 11 0 82 5 19 1 6 1 38 0 14 4
440 398093 M 150 45 161 2 1 9 7 162 25 47 397280 8 0 10 28 12 52 73 19 0 2
441 386574 R 2 5 0 2 1 84 8 2 32 1 46 0 3 1 386179 168 11 2 27 0 0
442 391491 A 390045 85 3 67 6 52 6 0 3 556 10 96 22 1 32 51 155 295 5 0 1
443 397825 E 5 0 29 397618 2 51 0 0 31 3 1 0 0 30 7 7 1 20 0 0 20
444 398116 I 32 799 0 6 29 26 2 396736 30 39 4 13 3 0 9 47 77 68 189 0 7
445 453572 I 572 14 10 16 46 7 0 452449 29 36 103 0 0 13 41 16 100 96 1 12 11
446 405971 R 351 25 161 73 4 295 16 27 51 413 137 13 1 11 402735 152 42 1397 51 6 10
447 382433 M 48 15 7 27 15 465 4 117 31 49 381258 7 73 9 102 55 52 69 20 8 2
448 390178 M 2 0 9 8 0 13 0 97 54 71 389738 1 3 4 21 2 61 90 1 3 0
449 360036 E 5 1 18 359635 0 118 0 0 52 96 1 12 23 8 4 16 3 21 0 0 23
450 378004 G 9 81 89 3 7 377633 3 11 0 12 0 0 13 0 8 92 7 30 1 3 2
451 431064 A 427614 55 32 90 5 689 282 1 2 971 0 68 23 11 54 29 396 736 3 0 3
452 426913 K 22 2 0 72 0 17 2 193 426303 1 0 125 1 24 90 8 22 13 0 2 16
453 423430 P 23 0 5 12 0 38 2 0 0 54 0 0 422096 25 936 165 33 26 15 0 0
454 444012 E 2 132 42 443414 13 136 2 49 48 97 8 1 0 6 1 14 0 33 0 4 10
455 464448 E 127 15 89 463563 23 257 5 58 54 20 2 18 28 8 34 37 5 82 0 5 18
456 477808 M 2 9 0 0 21 96 6 127 730 142 474957 10 9 45 1228 58 82 96 162 25 3
457 469268 S 24 16 29 1 44 5 1 1 3 40 1 25 80 9 2 468913 47 9 0 18 0
458 513475 F 0 5 1 0 512857 29 2 158 0 171 0 4 1 1 1 122 5 18 0 99 1
459 499022 Q 20 2 0 69 15 12393 47 5 32 168 1 479 316 481598 3724 70 10 14 2 6 51
460 473926 G 28 15 1 71 0 471956 1 0 359 1222 1 10 10 6 187 11 10 13 13 0 12
461 452743 R 167 3 1 19 0 75 5 0 14 105 0 0 11 193 451966 2 0 5 82 0 95
462 428615 G 21 5 0 166 3 428234 3 0 0 5 0 0 26 1 77 6 0 16 0 0 52
463 415347 V 79 78 21 0 5 45 1 107 0 14 10 0 0 0 7 20 38 414913 0 9 0
464 426019 F 29 6 0 0 425444 3 1 28 1 143 0 5 0 1 1 83 49 192 1 32 0
465 487560 E 4 0 16 487237 0 119 0 2 94 1 0 15 1 13 9 1 2 23 1 0 22
466 414730 L 148 29 20 36 75 16 625 113 1 413177 105 2 118 1 61 24 40 71 66 2 0
467 433520 S 2 0 1 2 33 36 0 35 12 124 36 10 54 32 76 432942 65 18 6 0 36
468 467700 D 5 0 467365 26 0 152 6 2 0 4 0 64 1 0 1 26 6 28 1 13 0
469 524917 E 11 1 45 523881 0 166 2 29 290 149 5 4 0 173 40 7 6 38 0 42 28
470 554119 R 1 0 0 0 1 146 0 0 92 0 56 0 0 0 553753 34 10 0 24 0 2
471 522075 A 521650 4 0 22 0 36 0 1 2 4 0 5 14 3 6 24 121 183 0 0 0
472 525471 A 524813 2 0 28 1 27 0 7 0 1 0 0 12 3 3 37 216 316 2 3 0
473 551282 N 22 0 66 3 0 2 14 47 35 0 0 549281 5 1609 39 72 56 4 0 27 0
474 517523 P 22 0 0 0 0 0 0 0 0 78 0 0 517213 59 80 42 19 9 1 0 0
475 493618 I 7 15 0 0 30 1 1 493233 4 11 4 43 1 0 4 33 92 122 1 16 0
476 449739 V 97 0 0 25 0 42 0 0 0 23 164 2 1 0 11 0 17 449357 0 0 0
477 442743 P 12 0 0 0 0 0 15 0 0 47 0 0 442579 0 10 55 23 0 0 0 2
478 423780 S 26 5 0 0 31 3 74 1 2 47 0 0 85 5 3 423404 34 0 0 19 41
479 443921 F 7 115 8 1 443134 38 0 56 2 235 0 0 0 0 26 261 1 16 1 17 3
480 439000 D 25 0 438067 24 0 105 19 2 1 0 0 92 54 4 38 258 56 120 23 112 0
481 372492 M 4 14 0 1 8 11 3 66 22 49 372136 1 1 1 7 5 48 94 19 2 0
482 450661 S 0 30 231 4 0 93 2 15 1 1 5 93 1 0 55 450125 4 1 0 0 0
483 501117 N 1 0 61 0 0 1 1 37 42 3 14 500871 1 0 3 46 6 4 0 23 3
484 432860 E 12 0 29 432354 0 92 0 198 78 3 0 0 6 8 1 0 3 44 4 4 24
485 382468 G 9 9 2 24 237 381907 0 0 2 4 0 0 0 1 228 2 8 26 1 0 8
486 387246 S 2 6 0 0 20 2 0 0 0 0 0 1 57 0 1 387098 33 0 0 26 0
487 386330 Y 0 41 4 0 17 0 68 1 4 2 0 7 0 1 15 3 0 0 0 386153 14
488 378094 F 0 1 0 0 377933 7 0 13 0 56 0 0 0 0 0 46 0 14 0 22 2
489 363779 F 0 1 0 0 360146 1 0 7 0 73 0 1 2 0 2 34 1 1 0 3510 0
490 363707 G 10 0 0 16 2 363499 0 0 8 0 0 0 0 0 78 49 0 19 0 0 26
491 370992 D 11 11 370707 26 0 104 11 1 0 3 1 38 0 0 5 3 4 47 14 6 0
492 378543 N 12 0 44 1 0 0 5 29 49 2 2 378340 1 1 1 45 4 0 0 7 0
493 459075 A 458153 1 0 35 2 35 1 4 1 140 11 0 18 6 11 33 305 211 0 108 0
494 388917 E 14 24 52 388496 0 93 0 1 62 22 1 36 0 28 17 7 2 42 2 2 16
495 386570 E 10 14 25 385865 0 383 0 7 71 20 0 9 7 12 7 15 9 38 21 1 56
496 374677 Y 40 111 12 2 40 26 59 1 2 3 0 28 0 0 21 11 2 21 1 374265 32
497 349253 D 235 56 347195 127 17 635 11 18 1 24 7 124 0 0 9 62 26 363 0 342 1
498 273554 N 244 22 37 11 148 360 50 161 77 76 28 271042 65 34 680 180 142 46 13 17 121
