# nucleotide counts
# upper case indicates nucleotide called by both reads
# lower case indicates nucleotide called by one read with other ambiguous
# N indicates disagreement between reads, or both ambiguous
# POSITION WT COUNTS A T C G a t c g N
1 A 801674 801143 47 16 130 252 0 0 0 86
2 T 804683 70 804223 135 15 0 114 0 0 126
3 G 804833 107 71 14 804405 0 0 0 47 189
4 G 800010 50 45 19 799797 0 0 0 58 41
5 C 768751 52 240 768225 48 0 1 48 0 137
6 G 782725 187 27 10 782372 0 0 0 46 83
7 T 799424 24 799011 171 8 0 35 0 0 175
8 C 803444 43 97 802962 29 0 0 144 0 169
9 C 804314 86 95 803910 19 0 0 136 0 68
10 C 801354 122 97 800868 19 0 0 158 0 90
11 A 798394 797899 43 19 173 163 0 0 0 97
12 A 798762 798302 55 8 171 174 0 0 0 52
13 G 800739 212 84 12 800194 0 0 0 172 65
14 G 811609 119 38 53 811249 0 0 0 65 85
15 C 752792 44 86 752482 27 0 0 79 0 74
16 A 689480 688736 37 33 120 68 0 0 0 486
17 C 664732 37 57 664493 10 0 0 75 0 60
18 C 647619 64 46 647298 16 0 0 125 0 70
19 A 643941 643628 20 15 87 100 0 0 0 91
20 A 637407 637127 25 7 54 73 0 0 0 121
21 A 635509 635188 23 52 67 81 0 0 0 98
22 C 632702 38 131 632381 31 0 0 29 0 92
23 G 584171 88 40 18 583979 0 0 0 21 25
24 G 574467 60 27 14 574195 0 0 0 114 57
25 T 576838 20 576257 73 16 0 109 0 0 363
26 C 593760 69 55 593438 30 0 0 71 0 97
27 T 636214 51 635614 342 19 0 39 0 0 149
28 T 573769 53 573308 267 15 0 44 0 0 82
29 A 576256 575865 68 13 163 112 0 0 0 35
30 T 565495 92 564983 135 73 0 139 0 0 73
31 G 580503 242 64 54 580016 0 0 0 79 48
32 A 598795 598233 69 71 177 99 0 0 0 146
33 A 553340 552919 92 19 132 32 0 0 0 146
34 C 525831 149 128 525378 47 0 0 100 0 29
35 A 467042 466486 115 24 311 51 0 0 0 55
36 G 532349 173 104 139 531791 0 0 0 97 45
37 A 557728 557290 122 6 113 70 0 0 0 127
38 T 559790 215 559098 237 49 0 16 0 0 175
39 G 563497 291 61 43 562997 0 0 0 70 35
40 G 546348 80 45 2847 543161 0 0 1 133 81
41 A 547387 545000 2043 10 131 143 1 0 0 59
42 A 560994 558531 16 131 2085 120 0 0 1 110
43 A 563393 561282 33 1791 91 19 0 0 0 177
44 C 603339 1535 144 601555 12 0 0 59 0 34
45 T 565101 26 564645 133 201 0 38 0 0 58
46 G 577329 161 65 20 576872 0 0 0 167 44
47 A 574007 573476 39 49 151 198 0 0 1 93
48 T 576782 113 576291 73 78 0 60 0 0 167
49 G 575998 118 111 16 575665 0 0 0 19 69
50 G 585048 80 82 14 584785 0 0 0 33 54
51 G 581812 148 67 44 581405 0 0 0 68 80
52 G 586774 137 36 14 586460 0 0 0 85 42
53 A 568533 568220 40 7 148 27 0 0 0 91
54 A 571439 570849 316 8 115 23 0 0 0 128
55 C 581762 34 130 581539 20 0 0 19 0 20
56 G 579611 186 166 50 579042 0 0 0 37 130
57 C 587233 39 51 586808 125 0 0 165 0 45
58 C 583577 30 66 583158 108 0 0 151 0 64
59 A 580941 579623 34 845 205 161 0 0 0 73
60 G 592097 75 39 18 591783 0 0 0 160 22
61 A 590198 589951 28 10 64 51 0 0 0 94
62 A 602975 602646 29 17 107 53 0 0 0 123
63 T 568506 461 567771 96 19 0 26 0 0 133
64 G 590761 557 48 36 589958 1 0 0 81 80
65 C 600339 57 485 599668 29 0 0 79 0 21
66 A 574983 573988 33 465 378 32 0 0 0 87
67 A 607699 607111 276 9 86 61 0 0 0 156
68 C 601867 52 469 601031 144 0 0 55 0 116
69 T 594794 74 593653 238 541 0 159 0 0 129
70 G 598245 289 58 53 597622 1 0 0 183 39
71 A 559614 558891 72 402 131 62 0 0 0 56
72 G 594591 158 52 46 594227 0 0 0 30 78
73 A 544754 544317 34 18 150 43 0 0 0 192
74 T 602961 89 602406 90 122 0 48 0 0 206
75 C 560759 128 64 560124 350 0 0 62 0 31
76 A 530167 529744 57 18 247 46 0 0 0 55
77 G 547302 65 290 56 546745 0 0 0 92 54
78 A 544996 544254 23 9 388 181 0 1 0 140
79 G 575346 115 48 24 574924 0 0 0 146 89
80 C 560741 110 117 560361 49 0 0 68 0 36
81 A 538647 538377 40 22 91 24 0 0 0 93
82 T 550357 49 550080 121 36 0 8 0 0 63
83 C 551538 74 39 551275 37 0 0 40 0 73
84 C 558005 88 103 557599 25 0 0 43 0 147
85 G 536998 193 20 12 536715 0 0 0 31 27
86 T 545187 52 544836 81 27 0 30 0 0 161
87 C 544026 82 129 543743 10 0 0 25 0 37
88 G 546426 192 71 23 545963 0 0 0 128 49
89 G 548463 83 57 22 548092 0 0 0 154 55
90 G 558022 131 43 23 557712 0 0 0 79 34
91 A 556461 556142 47 11 100 50 0 0 0 111
92 A 554645 554369 40 11 129 6 0 0 0 90
93 G 539106 74 44 52 538826 0 0 0 81 29
94 A 530962 530659 46 6 94 92 0 0 0 65
95 T 522511 41 522179 65 39 0 129 0 0 58
96 G 528045 134 36 13 527614 0 0 0 144 104
97 A 550893 550558 45 11 142 21 0 0 0 116
98 T 550307 72 549917 111 66 0 61 0 0 80
99 T 539464 239 538932 129 68 0 45 0 0 51
100 G 540748 629 72 186 539617 0 1 0 121 122
101 A 537211 536065 92 246 600 123 0 0 0 85
102 T 528562 397 527167 783 123 0 18 0 0 74
103 G 522529 653 130 52 521605 0 0 0 32 57
104 G 529252 85 52 53 528976 0 0 0 67 19
105 A 515441 514709 32 234 169 135 0 1 0 161
106 A 498721 498359 37 13 95 119 0 0 0 98
107 T 501502 41 501314 94 10 0 10 0 0 33
108 T 496294 77 495985 85 45 0 41 0 0 61
109 G 498855 282 41 100 498400 0 0 0 20 12
110 G 492692 107 238 43 492113 0 0 0 52 139
111 A 469439 468755 36 35 291 111 0 0 0 211
112 C 479754 94 93 479377 55 0 0 96 0 39
113 G 426374 133 53 21 426082 0 0 0 59 26
114 A 474496 474155 77 41 92 82 0 0 0 49
115 T 481687 64 481332 106 35 0 28 0 0 122
116 T 440016 56 439679 72 26 0 40 0 0 143
117 C 441448 92 60 441198 32 0 0 30 0 36
118 T 434106 77 433701 213 21 0 65 0 0 29
119 A 446237 445828 113 16 111 65 0 0 0 104
120 C 443485 60 107 442515 693 0 0 24 0 86
121 A 396495 395833 35 381 84 36 0 0 0 126
122 T 403656 440 402899 116 56 0 52 0 0 93
123 C 374538 64 156 374183 15 0 0 92 0 28
124 C 377662 59 103 377366 20 0 0 83 0 31
125 A 376001 375684 24 99 62 82 0 0 0 50
126 A 360512 360229 13 12 51 114 0 0 0 93
127 A 360315 360141 23 8 39 47 0 0 0 57
128 T 345671 24 345497 50 15 0 34 0 0 51
129 G 413991 65 28 13 413795 1 0 0 52 37
130 T 395865 49 395523 85 17 0 22 0 0 169
131 G 396674 77 31 25 396449 0 0 0 12 80
132 C 395984 44 120 395749 20 0 0 22 0 29
133 A 390895 390555 29 10 67 20 0 0 0 214
134 C 387030 28 37 386902 8 0 0 23 0 32
135 T 373592 22 373419 83 6 0 17 0 0 45
136 G 411777 58 31 13 411625 0 0 0 23 27
137 A 430425 430098 11 127 52 100 0 0 0 37
138 A 445044 444482 59 120 98 121 0 0 0 164
139 C 473909 64 60 473705 8 0 0 44 0 28
140 T 474036 71 473654 215 9 0 16 0 0 71
141 T 472813 78 472528 148 7 0 15 0 0 37
142 A 476478 476182 69 75 86 24 0 0 0 42
143 A 476052 475596 17 6 128 209 0 0 1 95
144 A 504412 503859 19 48 146 193 0 0 0 147
145 C 501315 44 59 501067 19 0 0 35 0 91
146 T 466539 43 466278 110 7 0 20 0 0 81
147 C 477272 63 72 476956 20 0 0 112 0 49
148 A 464319 463903 32 26 139 111 0 0 0 108
149 G 499131 46 30 19 498974 0 0 0 34 28
150 T 496353 67 495866 106 19 0 20 0 0 275
151 G 540904 66 31 19 540605 0 0 0 45 138
152 A 556376 556000 30 15 141 71 0 1 1 117
153 T 524959 39 524637 82 11 0 114 0 0 76
154 T 548411 27 548118 91 14 0 105 0 0 56
155 A 550104 549635 54 17 266 75 0 0 0 57
156 T 554777 608 553908 102 32 0 44 0 0 83
157 G 556219 212 420 159 555335 0 0 0 59 34
158 A 524035 523396 39 12 400 100 0 0 0 88
159 G 526324 1886 113 17 524124 0 0 0 143 41
160 G 485071 142 378 1629 482829 0 0 0 50 43
161 G 471855 115 30 1556 470071 0 0 0 26 57
162 G 470342 344 41 456 469441 0 0 0 31 29
163 C 437134 48 152 436754 40 0 0 42 0 98
164 G 440993 135 563 27 440182 0 0 0 37 49
165 A 440741 439816 52 488 73 45 0 0 0 267
166 C 441499 32 337 441034 23 0 0 34 0 39
167 T 439174 29 438983 123 5 0 11 0 0 23
168 G 433367 78 233 11 432991 0 0 0 42 12
169 A 472914 472512 152 9 69 143 0 0 0 29
170 T 456051 28 455568 91 66 0 130 0 0 168
171 C 448439 41 64 448147 13 0 0 96 0 78
172 C 448003 49 67 447770 16 0 0 87 0 14
173 A 432882 432643 28 5 89 59 0 0 0 58
174 G 435537 84 44 17 435367 0 0 0 9 16
175 A 414404 414195 35 11 57 19 0 0 0 87
176 A 414770 414524 23 12 70 30 0 0 0 111
177 C 416343 24 52 416145 9 0 0 68 0 45
178 A 328601 328419 8 11 44 55 0 0 0 64
179 G 335503 39 23 17 335379 0 0 0 27 18
180 C 332089 31 40 331888 17 0 0 34 0 79
181 T 331063 15 330834 67 7 0 36 0 0 104
182 T 334306 49 334037 112 20 0 75 0 0 13
183 A 329610 329192 37 13 226 82 0 0 0 60
184 A 350657 350165 124 167 80 74 0 1 0 46
185 C 363984 165 35 363084 552 1 0 88 0 59
186 A 343912 343141 154 15 490 31 0 0 0 81
187 A 353734 353478 75 72 45 35 0 0 0 29
188 T 320693 96 320438 79 11 0 43 0 0 26
189 A 332086 331871 35 10 117 13 0 0 0 40
190 G 337216 37 43 8 337033 0 0 0 32 63
191 A 344179 343846 28 9 172 37 0 0 0 87
192 G 347312 41 18 10 347163 0 0 0 40 40
193 A 319040 318778 30 100 64 18 0 0 0 50
194 G 334607 39 22 31 334463 0 0 0 28 24
195 A 337279 337029 31 9 85 30 0 0 0 95
196 A 345464 345267 32 12 55 28 0 0 0 70
197 T 347556 43 347359 39 6 0 29 0 0 80
198 G 336717 621 28 16 335953 0 0 0 54 45
199 G 340477 63 22 14 340195 0 0 0 129 54
200 T 318641 31 317814 59 344 0 111 0 0 282
201 G 344274 270 22 11 343898 0 0 0 29 44
202 C 343724 16 38 343305 194 0 0 120 0 51
203 T 344665 23 344394 55 9 0 93 0 0 91
204 C 351217 44 30 351088 5 0 0 16 0 34
205 T 351422 16 351200 96 9 0 37 0 0 64
206 C 381654 31 26 381516 11 0 0 27 0 43
207 T 379699 39 379472 84 12 0 36 0 0 56
208 G 384956 113 27 11 384729 0 0 0 41 35
209 C 385013 34 51 384854 21 0 0 21 0 32
210 T 376119 13 375326 661 16 0 30 0 0 73
211 T 385894 552 385214 51 12 0 29 0 0 36
212 T 379704 39 379007 33 528 0 76 0 0 21
213 T 368107 469 367434 58 34 0 58 0 0 54
214 G 371107 78 37 12 370959 0 0 0 6 15
215 A 366922 366241 30 17 489 59 0 0 0 86
216 C 376029 30 158 375701 32 0 0 71 0 37
217 G 364611 122 21 23 364366 0 0 0 60 19
218 A 341503 341309 26 5 60 68 0 0 0 35
219 A 342255 342133 12 7 66 12 0 0 0 25
220 A 343597 343400 16 6 56 56 0 0 0 63
221 G 346247 68 19 7 346017 0 0 0 57 79
222 A 351828 351655 25 4 73 30 0 0 0 41
223 A 351775 351561 27 39 64 35 0 0 0 49
224 G 365966 47 32 7 365812 0 0 0 42 26
225 G 406665 85 24 15 406399 0 0 0 71 71
226 A 399431 399169 24 0 89 30 0 0 0 119
227 A 415022 414759 27 2 85 59 0 0 0 90
228 T 393982 50 393659 126 5 0 63 0 0 79
229 A 391509 391303 22 7 69 65 0 0 0 43
230 A 392704 392503 18 9 61 79 0 0 0 34
231 A 386304 386085 34 6 52 69 0 0 0 58
232 T 388933 40 388660 68 2 0 70 0 0 93
233 A 349725 349551 21 12 38 63 0 0 0 40
234 T 306756 22 306576 61 9 0 23 0 0 65
235 C 313581 29 34 313456 9 0 0 34 0 19
236 T 293599 21 293385 100 13 0 38 0 0 42
237 G 295300 93 22 14 295023 0 0 0 68 80
238 G 286487 39 22 6 286335 0 0 0 42 43
239 A 281865 281711 17 2 61 25 0 0 0 49
240 A 267842 267717 9 6 54 13 0 0 0 43
241 G 278877 62 25 5 278712 0 0 0 58 15
242 A 272204 272012 20 0 49 62 0 0 0 61
243 A 317347 317198 21 9 67 12 0 0 0 40
244 C 319734 31 52 319580 16 0 0 15 0 40
245 A 305998 305865 19 8 37 22 0 0 0 47
246 T 423682 50 423401 81 26 0 43 0 0 81
247 C 417378 38 59 417182 10 0 0 24 0 65
248 C 440258 50 55 440014 21 0 0 9 0 109
249 C 441034 75 54 440820 15 0 0 22 0 48
250 A 423906 423675 6 20 113 34 0 0 0 58
251 G 457312 98 38 119 456983 0 0 1 36 37
252 C 452995 238 134 452454 50 0 0 22 0 97
253 G 448696 229 43 50 448277 0 0 0 6 91
254 C 453892 26 109 453541 140 0 0 16 1 59
255 G 454043 158 71 62 453678 0 0 0 39 35
256 G 489824 80 60 13 489598 0 0 0 45 28
257 G 483701 74 66 21 483313 0 0 0 142 85
258 G 500638 95 51 22 500145 1 0 0 234 90
259 A 502429 502022 42 13 169 90 0 0 0 93
260 A 499664 499311 24 5 103 179 0 0 0 42
261 G 509700 83 106 17 509298 0 0 0 179 17
262 G 516292 90 34 10 516071 0 0 0 62 25
263 A 514770 514425 51 6 80 49 0 0 0 159
264 T 513767 40 513477 123 6 0 42 0 0 79
265 C 493304 54 47 493071 12 0 0 61 0 59
266 C 486232 54 44 485972 75 0 0 62 0 25
267 T 474310 53 473912 225 13 0 49 0 0 58
268 A 474305 474034 14 12 73 30 0 0 0 142
269 A 474327 474070 12 76 75 37 0 0 0 57
270 G 473673 65 32 9 473474 0 0 0 53 40
271 A 456294 456122 21 3 63 51 1 0 0 33
272 A 447773 447613 16 3 62 37 0 0 0 42
273 A 437301 437152 9 3 85 16 0 0 0 36
274 A 405615 405383 22 26 48 78 0 0 0 58
275 C 408707 35 26 408485 9 0 0 98 0 54
276 T 392281 23 392088 66 19 0 57 0 0 28
277 G 389798 54 40 18 389595 0 0 0 50 41
278 G 387790 42 24 5 387677 0 0 0 26 16
279 A 383385 382999 22 7 137 99 0 0 0 121
280 G 375363 54 32 13 375160 0 0 0 90 14
281 G 370787 34 15 9 370687 0 0 0 12 30
282 A 355790 355296 28 19 89 15 0 0 0 343
283 C 379315 36 28 379188 17 0 0 29 0 17
284 C 370570 43 40 370360 7 0 0 51 0 69
285 C 368835 59 46 368614 17 0 0 55 0 44
286 A 403385 403220 37 12 47 41 0 0 0 28
287 T 393013 37 392742 42 9 0 27 0 0 156
288 A 463798 463541 41 9 50 36 0 0 0 121
289 T 462285 43 461982 91 6 0 66 0 0 97
290 A 408882 408535 40 11 62 92 0 0 0 142
291 C 415370 32 46 415214 11 0 0 59 0 8
292 A 356506 356303 16 10 86 33 0 0 0 58
293 A 357100 356861 20 11 78 19 0 0 0 111
294 G 351432 61 25 8 351179 0 0 0 98 61
295 A 267929 267710 19 3 58 58 0 0 0 81
296 G 271497 24 22 7 271364 0 0 0 55 25
297 A 254846 254682 18 4 50 42 0 0 0 50
298 G 260050 50 7 6 259911 0 0 0 18 58
299 T 266728 23 266051 52 13 0 34 0 0 555
300 A 281450 281292 22 6 69 20 0 0 0 41
301 G 303283 47 20 5 303165 0 0 0 28 18
302 A 300988 300760 29 3 47 81 0 0 0 68
303 T 323241 31 323026 64 8 0 84 0 0 28
304 A 320432 320319 16 5 53 12 0 0 0 27
305 G 325229 57 13 6 325115 0 0 0 23 15
306 A 324500 324391 13 1 63 9 0 0 0 23
307 A 324860 324754 15 3 39 10 0 0 0 39
308 A 324244 324109 4 3 52 17 0 0 0 59
309 G 335110 64 11 7 334982 0 0 0 35 11
310 T 337219 38 336848 37 6 0 20 0 0 270
311 G 343435 49 23 13 343317 0 0 0 12 21
312 G 343834 26 18 5 343724 0 0 0 11 50
313 A 343846 343652 34 1 74 23 0 0 0 62
314 T 347248 17 347060 40 3 0 77 0 0 51
315 G 358756 70 24 9 358552 0 0 0 76 25
316 A 361431 361173 29 4 80 77 0 0 1 67
317 G 362618 55 43 9 362343 0 0 0 123 45
318 G 360715 58 26 15 360496 0 0 0 59 61
319 G 362097 186 32 8 361725 0 0 0 110 36
320 A 363862 363628 18 2 59 104 1 0 1 49
321 A 365267 364944 26 12 51 37 0 0 0 197
322 C 366557 20 33 366417 4 0 0 42 0 41
323 T 364102 24 363917 69 2 0 7 0 0 83
324 C 358379 31 60 358177 13 0 0 46 0 52
325 G 351037 75 20 14 350851 0 0 0 44 33
326 T 363921 33 363747 54 7 0 9 0 0 71
327 C 390933 29 37 390770 14 0 0 20 0 63
328 C 411341 44 44 411151 10 0 0 51 0 41
329 T 431760 12 431486 85 12 0 41 0 0 124
330 T 431321 28 431137 55 8 0 42 0 0 51
331 T 421045 32 420855 84 7 0 17 0 0 50
332 A 391579 391378 46 4 81 31 0 0 0 39
333 T 388202 34 388023 76 24 0 7 0 0 38
334 G 390542 172 25 13 390229 0 0 0 44 59
335 A 340029 339732 36 14 78 52 0 0 0 117
336 C 345370 33 39 345187 11 0 0 36 0 64
337 A 305533 305416 10 17 43 10 0 0 0 37
338 A 309474 309369 14 5 46 19 0 0 0 21
339 A 314840 314611 12 6 138 26 0 0 0 47
340 G 360365 52 20 6 360144 0 0 0 91 52
341 A 374990 374717 22 4 65 118 0 0 0 64
342 A 370646 370410 21 8 77 79 0 0 0 51
343 G 417671 74 19 9 417370 0 0 0 137 62
344 A 443942 443625 28 3 96 154 0 0 0 36
345 A 444919 444709 23 7 60 45 0 0 0 75
346 A 445874 445645 28 6 79 43 0 0 0 73
347 T 441182 56 440818 67 4 0 56 0 0 181
348 A 437095 436896 23 3 103 44 0 0 0 26
349 A 435620 435314 23 16 118 49 0 0 0 100
350 G 433380 52 38 10 433175 0 0 0 56 49
351 G 433319 58 15 13 433080 0 0 0 44 109
352 C 419367 41 62 419059 31 0 0 21 0 153
353 G 417250 65 32 9 417037 0 0 0 37 70
354 A 431401 431230 28 6 50 32 0 0 0 55
355 A 447357 447164 16 7 44 57 0 0 0 69
356 T 445421 20 445161 51 1 0 51 0 0 137
357 C 445402 50 26 445219 8 0 0 50 0 49
358 T 435354 24 435050 105 11 0 100 0 0 64
359 G 443507 63 28 10 443328 0 0 0 62 16
360 G 429855 42 18 6 429745 0 0 0 27 17
361 C 435835 50 122 435436 30 0 0 114 0 83
362 G 435911 140 33 23 435512 0 0 0 102 101
363 C 432678 27 37 432530 13 0 0 33 0 38
364 C 420418 36 41 420016 15 0 0 36 0 274
365 A 419744 419531 20 8 86 16 0 0 0 83
366 A 437183 436966 25 9 62 32 0 0 0 89
367 G 489401 110 52 25 489085 0 0 0 44 85
368 C 487378 32 73 487126 30 0 0 58 0 59
369 C 517617 41 67 517343 11 1 0 91 0 63
370 A 518795 518520 18 17 88 43 0 0 0 109
371 A 526845 526612 45 5 55 31 0 0 0 97
372 T 536904 91 536599 119 8 0 24 0 0 63
373 A 529978 529601 51 1 71 162 0 0 0 92
374 A 533358 532995 37 7 58 151 0 0 0 110
375 T 510416 41 510156 56 10 0 62 0 0 91
376 G 481516 59 44 16 481224 0 0 0 109 64
377 G 435071 59 25 11 434769 0 0 0 151 56
378 T 400210 40 399620 77 22 0 70 0 0 381
379 G 402515 163 31 12 402184 0 0 0 80 45
380 A 399845 399555 37 11 88 75 0 0 0 79
381 T 398864 43 398616 47 23 0 35 0 0 100
382 G 394900 91 22 6 394704 0 0 0 28 49
383 A 396906 396686 28 5 74 52 0 0 0 61
384 T 404269 40 404037 69 13 0 55 0 0 55
385 G 399702 116 24 14 399386 0 0 0 45 117
386 C 394711 38 67 394486 22 0 0 35 0 63
387 A 390927 390738 14 9 73 33 0 0 0 60
388 A 385703 385456 35 10 65 45 0 0 0 92
389 C 364930 42 35 364777 10 0 0 44 0 22
390 A 355796 355638 10 4 55 18 0 0 0 71
391 G 357132 47 29 6 356982 0 0 0 22 46
392 C 340879 23 13 340783 10 0 0 20 0 30
393 T 328490 15 328309 43 44 0 25 0 0 54
394 G 385033 119 33 10 384806 0 0 0 49 16
395 G 394592 36 130 13 394289 0 0 0 34 90
396 T 395159 146 394747 56 5 0 5 0 0 200
397 C 426829 218 48 426501 7 0 0 16 0 39
398 T 414884 21 414664 128 5 0 32 0 0 34
399 G 477689 109 41 326 477100 0 0 0 73 40
400 A 479263 478838 41 8 77 115 0 0 0 184
401 C 506178 64 45 505769 22 0 0 116 0 162
402 T 516970 84 516545 104 11 0 109 0 0 117
403 C 515930 38 54 515624 23 0 0 143 0 48
404 A 512347 511960 147 16 82 34 0 0 0 108
405 C 552442 30 90 552031 173 0 0 60 0 58
406 A 552371 551911 34 40 123 67 0 0 0 196
407 T 566965 46 566593 82 6 0 90 0 0 148
408 G 538523 91 79 9 538173 0 0 0 122 49
409 A 557846 557280 40 7 319 155 0 0 0 45
410 T 540904 46 540419 75 243 0 25 0 0 96
411 G 545571 93 36 12 545263 0 0 0 93 74
412 A 533397 533060 40 2 76 76 0 0 0 143
413 T 529173 30 528877 57 9 0 125 0 0 75
414 C 481304 58 48 481029 10 0 0 130 0 29
415 T 474272 36 473960 129 27 0 47 0 0 73
416 G 458260 83 25 18 457993 0 0 0 65 76
417 G 460591 82 24 25 460341 0 0 0 85 34
418 C 449338 47 89 449020 21 0 0 66 0 95
419 A 446985 446787 22 8 64 34 0 0 0 70
420 T 440314 9 440167 60 8 0 5 0 0 65
421 T 437018 15 436843 70 6 0 20 0 0 64
422 C 437655 33 46 437459 13 0 0 88 0 16
423 C 436041 47 51 435795 17 0 0 100 0 31
424 A 435681 435509 18 7 75 35 0 0 0 37
425 A 432417 432257 25 4 49 8 0 0 0 74
426 T 427757 18 427634 52 9 0 12 0 0 32
427 T 427127 19 426938 68 2 0 76 0 0 24
428 T 423142 15 422905 72 10 0 89 0 0 51
429 G 425393 72 29 14 425217 0 0 0 35 26
430 A 413176 412936 31 4 87 15 0 0 0 103
431 A 412637 412454 14 9 65 17 0 0 0 78
432 T 415895 36 415661 69 11 0 86 0 0 32
433 G 386365 49 25 14 386091 0 0 0 81 105
434 A 419709 419480 31 4 52 96 0 0 0 46
435 T 417092 27 416795 60 2 0 63 0 0 145
436 A 417458 417124 36 2 105 56 0 0 0 135
437 C 449304 42 69 449072 10 0 0 80 0 31
438 A 433624 433313 20 20 96 85 0 0 0 90
439 A 518701 518295 51 14 118 99 0 0 0 124
440 C 526495 51 62 526231 13 0 0 38 0 100
441 A 534619 534290 32 27 80 43 0 0 0 147
442 T 549388 35 549144 88 7 0 82 0 0 32
443 A 467180 466792 44 13 41 62 0 0 0 228
444 C 482583 39 40 482322 17 0 0 37 0 128
445 C 485696 44 88 485422 13 0 0 49 0 80
446 A 492766 492330 40 22 137 56 0 0 0 181
447 G 508408 82 32 13 508113 0 0 0 150 18
448 A 460576 460321 21 4 99 76 0 0 1 54
449 G 507195 81 38 13 506995 0 0 0 22 46
450 G 501833 77 21 10 501653 0 0 0 23 49
451 A 510218 509836 56 5 106 28 0 0 0 187
452 C 516819 25 63 516575 19 0 0 110 0 27
453 A 509915 509546 32 9 103 180 0 0 0 45
454 A 530127 529750 27 15 114 115 0 0 0 106
455 G 545740 78 33 8 545486 0 0 0 82 53
456 A 572751 572458 13 8 93 62 0 0 0 117
457 G 591472 71 30 9 591304 0 0 0 27 31
458 C 617601 51 22 617406 17 0 0 50 0 55
459 T 617424 19 617155 103 7 0 40 0 0 100
460 C 623710 45 51 623447 12 0 0 79 0 76
461 T 622469 41 622135 103 5 0 76 0 0 109
462 T 630265 44 630031 78 4 0 34 0 0 74
463 G 634496 68 20 10 634270 0 0 0 71 57
464 T 644750 59 644406 83 9 0 45 0 0 148
465 T 643914 35 643584 102 15 0 73 0 0 105
466 C 650299 53 151 649944 26 0 0 82 0 43
467 G 647960 214 38 27 647514 0 0 0 120 47
468 C 661452 56 84 661050 14 0 0 177 0 71
469 A 656285 655646 39 17 97 73 0 0 0 413
470 C 658910 30 117 658525 16 0 0 152 0 70
471 C 655691 86 197 655186 43 0 0 146 0 33
472 G 667034 231 51 18 666560 1 0 0 137 36
473 G 671783 161 44 30 671298 0 0 0 140 110
474 C 707157 55 99 706817 30 0 0 33 0 123
475 A 711440 710999 69 15 113 64 0 0 0 180
476 T 760634 31 760337 104 18 0 62 0 0 82
477 G 764967 141 89 22 764580 0 0 0 65 70
478 G 798812 130 39 15 798468 0 0 0 103 57
479 A 835366 834876 45 5 151 66 0 0 0 223
480 T 849864 73 849220 172 10 0 115 0 0 274
481 C 789308 53 87 788964 27 0 0 101 0 76
482 C 753421 108 74 753100 14 0 0 70 0 55
483 C 695103 102 85 694763 26 0 1 90 0 36
484 A 705499 705028 28 34 219 37 0 0 0 153
485 G 742662 95 79 18 742300 0 0 0 54 116
486 G 709122 105 40 24 708804 0 0 0 73 76
487 A 679497 679145 59 16 126 25 0 0 0 126
488 T 597591 24 597274 55 15 0 136 0 0 87
489 G 608836 134 32 10 608441 0 0 0 169 50
490 T 591790 54 591177 76 11 0 207 0 0 265
491 G 590580 177 43 16 590000 0 0 0 287 57
492 C 595168 25 90 594824 23 0 0 98 0 108
493 T 576571 44 576253 111 21 0 41 0 0 101
494 C 592107 40 52 591871 27 0 0 51 0 66
495 T 569916 28 569675 76 16 0 29 0 0 92
496 C 574288 114 53 573995 23 0 0 43 0 60
497 T 573040 49 572744 130 12 0 21 0 0 84
498 G 543367 77 36 14 543105 0 0 0 19 116
499 A 544606 544315 39 3 86 83 0 0 0 80
500 T 537510 47 537241 77 5 0 72 0 0 68
501 G 530276 118 31 9 530043 0 0 0 42 33
502 C 532603 45 127 532318 18 0 0 53 0 42
503 A 506943 506642 27 16 180 13 0 0 0 65
504 G 508762 49 57 3 508597 0 0 0 31 25
505 G 487213 31 21 14 487014 0 0 0 82 51
506 G 508311 45 26 6 508051 0 0 0 148 35
507 T 492685 14 491869 82 4 0 73 0 0 643
508 T 497199 27 497039 64 4 0 19 0 0 46
509 C 496834 33 124 496631 17 0 0 6 0 23
510 G 497025 174 45 13 496664 0 0 0 31 98
511 A 500503 499633 56 17 93 97 0 0 0 607
512 C 495980 30 46 495651 13 1 0 146 0 93
513 T 485843 31 485485 123 5 0 104 0 0 95
514 C 537878 36 45 537659 13 0 0 110 0 15
515 T 558478 34 558057 157 16 0 48 0 0 166
516 C 697693 43 147 697285 20 0 0 96 0 102
517 C 683556 76 72 683254 20 0 0 33 0 101
518 C 682411 103 94 682015 18 0 0 73 0 108
519 T 678349 71 678021 121 11 0 85 0 0 40
520 A 753225 752697 41 14 177 198 0 0 0 98
521 G 709973 80 51 19 709550 0 0 0 160 113
522 G 685087 103 32 16 684698 0 0 0 135 103
523 A 635449 634880 31 5 176 83 0 0 0 274
524 G 639385 53 32 11 639182 0 0 0 81 26
525 G 617716 109 26 16 617462 0 0 0 70 33
526 T 612507 36 611845 100 14 0 25 0 0 487
527 C 605406 47 50 605185 21 0 0 63 0 40
528 T 625556 46 624837 288 16 0 73 0 0 296
529 G 626490 103 70 16 626098 0 0 0 157 46
530 G 627342 86 39 16 626981 0 0 0 166 54
531 A 626181 625862 28 5 129 38 0 0 0 119
532 G 636926 91 39 20 636703 0 0 0 29 44
533 C 632106 44 76 631917 8 0 0 26 0 35
534 T 620886 15 620512 148 15 0 138 0 0 58
535 G 621792 246 48 22 621289 0 0 0 142 45
536 C 626236 49 133 625957 27 0 0 8 0 62
537 A 628697 628088 63 42 327 40 0 0 0 137
538 G 646332 81 48 17 646089 0 0 0 46 51
539 G 655304 69 29 9 655090 0 0 0 69 38
540 C 651304 51 121 650846 52 0 0 105 0 129
541 G 645442 204 56 14 645088 0 0 0 42 38
542 C 649474 55 57 649101 8 0 0 50 0 203
543 T 638321 24 637923 220 32 0 57 1 0 64
544 G 656776 250 43 19 656368 0 0 0 40 56
545 C 645500 59 288 645036 28 0 0 33 0 56
546 A 679004 678717 33 13 147 22 0 0 0 72
547 G 694515 90 28 17 694061 0 0 0 143 176
548 T 701608 51 701064 111 44 0 178 1 0 159
549 C 709059 76 111 708476 28 0 0 324 0 44
550 A 705126 704511 39 45 105 320 0 0 0 106
551 A 700528 700142 47 10 91 38 0 0 0 200
552 A 700631 699970 60 49 387 90 0 0 1 74
553 G 672811 93 45 11 672505 0 0 0 106 51
554 G 690830 120 36 17 690542 0 0 0 64 51
555 A 616543 616184 51 15 163 38 0 0 0 92
556 G 606415 157 33 20 605906 0 0 0 27 272
557 T 591820 52 591367 81 19 0 56 0 0 245
558 T 575374 33 574962 102 21 0 155 0 0 101
559 G 583357 103 71 26 582981 0 0 0 130 46
560 G 582136 124 51 25 581844 0 0 0 22 70
561 G 584456 148 40 25 584022 0 0 0 21 200
562 A 571835 571359 81 28 132 49 0 0 0 186
563 C 499021 51 86 498275 477 0 0 84 0 48
564 A 439477 439241 34 10 96 38 0 0 0 58
565 A 336482 336231 18 124 51 35 0 0 0 23
566 T 338555 47 338350 41 13 0 34 0 0 70
567 G 347936 71 30 9 347738 0 0 0 39 49
568 G 353312 51 31 11 353137 0 0 0 62 20
569 T 324791 34 324247 61 12 0 23 0 0 414
570 G 324766 61 33 12 324587 0 0 0 17 56
571 A 321029 320889 38 7 41 17 0 0 0 37
572 T 321382 27 321165 45 12 0 39 0 0 94
573 G 314741 43 29 9 314588 0 0 0 46 26
574 G 281407 20 13 9 281259 0 0 0 40 66
575 A 344688 344445 21 6 103 20 0 0 0 93
576 G 360923 65 14 3 360775 0 0 0 34 32
577 T 353599 28 353353 48 11 0 34 0 0 125
578 T 402688 42 402469 68 7 0 62 0 0 40
579 G 425137 80 30 12 424850 0 0 0 60 105
580 A 427740 427382 39 3 80 89 0 0 0 147
581 T 416121 25 415909 61 7 0 64 0 0 55
582 A 413158 412970 23 4 68 57 0 0 0 36
583 A 404562 404353 27 11 102 13 0 0 0 56
584 G 427149 51 48 11 426950 0 0 0 27 62
585 G 457500 70 28 8 457295 0 0 0 18 81
586 A 459377 459116 29 2 70 49 0 0 0 111
587 T 422406 33 422191 57 9 0 91 0 0 25
588 G 436369 68 33 6 436157 0 0 0 83 22
589 A 439062 438648 21 5 85 211 0 0 0 92
590 T 440494 60 440024 55 3 0 217 0 0 135
591 C 437796 37 52 437574 16 0 0 4 0 113
592 A 435201 435033 9 27 69 35 0 0 0 28
593 A 421249 421112 5 10 51 55 0 0 0 16
594 A 422713 422473 15 36 67 43 0 0 0 79
595 C 411876 24 55 411687 19 0 0 12 0 79
596 G 404752 94 32 21 404561 0 0 0 17 27
597 T 391295 16 390928 51 38 0 17 0 0 245
598 G 386466 71 38 18 386279 0 1 0 46 13
599 G 390457 58 31 14 390216 0 0 0 110 28
600 G 404571 60 32 10 404317 0 0 0 95 57
601 A 406027 405765 44 7 108 38 0 0 0 65
602 T 409623 24 409454 60 2 0 33 0 0 50
603 C 400565 30 52 400426 12 0 0 19 0 26
604 A 396754 396584 14 8 88 13 0 0 0 47
605 A 396749 396621 14 1 60 10 0 0 0 43
606 T 395725 26 395588 50 7 0 9 0 0 45
607 G 403007 51 31 5 402799 0 0 0 59 62
608 A 396388 396207 32 5 45 45 0 0 0 54
609 T 371253 40 371071 42 7 0 47 0 0 46
610 C 386500 40 75 386302 3 0 0 41 0 39
611 G 385407 100 37 13 384980 0 0 0 96 181
612 G 425212 95 33 16 424899 0 0 0 141 28
613 A 425933 425747 11 6 67 57 0 0 0 45
614 A 413455 413169 12 4 96 31 0 0 0 143
615 C 506386 34 44 506180 18 0 0 80 0 30
616 T 494673 27 494351 68 11 0 48 0 0 168
617 T 483842 18 483562 66 8 0 80 0 0 108
618 C 492114 45 38 491933 6 0 0 70 0 22
619 T 494261 47 493912 148 7 0 57 0 0 90
620 G 496200 85 60 25 495990 0 0 0 15 25
621 G 503005 77 23 18 502698 0 0 0 68 121
622 A 495720 495263 52 4 130 64 0 0 0 207
623 G 474788 40 33 12 474613 0 0 0 77 13
624 A 389237 388941 27 14 116 69 0 0 0 70
625 G 415886 56 31 12 415682 0 0 0 76 29
626 G 444189 50 18 8 443857 0 0 0 180 76
627 T 421436 27 419502 111 40 0 189 0 0 1567
628 G 417456 85 50 10 417261 0 0 0 30 20
629 A 416430 416219 33 4 113 39 0 0 0 22
630 A 420326 420154 15 18 84 15 0 0 0 40
631 A 423871 423713 17 9 51 30 0 0 0 51
632 A 420704 420410 65 10 53 61 0 0 1 104
633 T 406238 20 406042 62 19 0 65 0 0 30
634 G 386295 65 37 15 386089 0 0 0 26 63
635 G 385836 52 18 13 385705 0 0 0 36 12
636 A 386094 385835 23 5 118 37 0 0 0 76
637 C 376456 32 104 376202 13 0 0 14 0 91
638 G 374427 88 25 10 374226 0 0 0 36 42
639 A 374469 374348 17 1 54 35 0 0 0 14
640 A 377327 377195 8 5 47 54 0 0 0 18
641 A 378066 377830 10 3 49 63 0 0 0 111
642 A 370118 370029 9 12 32 13 0 0 0 23
643 A 367670 367455 29 70 51 8 0 0 0 57
644 C 361074 42 24 360963 7 0 0 13 0 25
645 A 359949 359800 12 9 76 34 0 0 0 18
646 A 357812 357593 15 11 89 36 0 0 0 68
647 G 365850 72 39 9 365703 0 0 0 14 13
648 G 344815 66 27 8 344393 0 0 0 198 123
649 A 330285 329930 25 3 74 191 0 0 0 62
650 G 334752 47 11 10 334618 0 0 0 24 42
651 T 317966 24 317371 48 7 0 19 0 0 497
652 G 331332 102 36 8 331111 0 0 0 21 54
653 C 327509 25 38 327357 17 0 0 11 0 61
654 T 322812 15 322669 34 7 0 19 0 0 68
655 T 346135 9 346029 48 6 0 7 0 0 36
656 A 328949 328789 14 11 48 40 0 0 0 47
657 C 365522 31 89 365317 14 0 0 23 0 48
658 G 365041 58 40 9 364789 0 0 0 100 45
659 A 332173 331912 24 5 57 72 0 0 0 103
660 G 372075 37 42 3 371895 0 0 0 54 44
661 A 303732 303541 18 5 72 55 0 0 0 41
662 G 312076 36 17 9 311893 0 0 0 54 67
663 A 305300 305169 14 2 73 13 0 0 0 29
664 A 257952 257814 10 4 31 17 0 0 0 76
665 T 260701 23 260592 26 6 0 19 0 0 35
666 G 270297 38 14 3 270193 0 0 0 22 27
667 T 326224 40 325926 70 11 0 8 0 0 169
668 G 342368 57 36 27 342187 0 0 0 21 40
669 C 344425 33 95 344185 29 0 0 41 0 42
670 A 340577 340412 12 17 59 43 0 0 0 34
671 A 347080 346829 28 14 50 78 0 0 0 81
672 C 374290 23 40 374093 6 0 0 84 1 43
673 A 371232 371069 25 8 40 25 0 0 0 65
674 T 360670 11 360458 57 9 0 92 0 0 43
675 T 361029 10 360795 50 4 0 129 0 0 41
676 C 366699 22 24 366510 10 0 0 49 0 84
677 T 366181 40 365971 100 4 0 26 0 0 40
678 C 382329 28 46 382104 8 0 0 14 0 129
679 A 381041 380891 20 10 51 14 0 0 0 55
680 A 381861 381744 20 7 48 18 0 0 0 24
681 A 381538 381290 12 4 110 106 0 0 0 16
682 G 390655 39 21 5 390416 0 0 0 133 41
683 G 401970 55 17 11 401756 0 0 0 78 53
684 A 399521 399298 31 3 110 57 0 0 0 22
685 A 398526 398327 14 1 68 95 0 0 0 21
686 A 398785 398569 12 3 50 138 0 0 0 13
687 A 420107 419893 59 5 44 74 0 0 0 32
688 T 420783 37 420588 68 4 0 27 0 0 59
689 T 413877 14 413708 56 6 0 24 0 0 69
690 T 413084 25 412902 63 7 0 37 0 0 50
691 C 393736 38 67 393540 20 0 0 51 0 20
692 A 392437 392191 16 9 141 44 0 0 0 36
693 A 391928 391764 13 8 47 40 0 0 0 56
694 A 392368 392154 12 24 51 38 0 0 0 89
695 C 406338 39 39 406175 16 0 0 57 0 12
696 A 384301 384107 13 7 60 34 0 0 0 80
697 G 394870 57 20 12 394648 0 0 0 105 28
698 C 399260 38 47 399040 9 0 0 90 0 36
699 T 361722 18 361472 73 6 0 70 0 0 83
700 G 383306 129 26 16 383039 0 0 0 66 30
701 C 314508 31 44 314340 19 0 0 26 0 48
702 A 315964 315701 31 11 67 24 0 0 0 130
703 C 309850 32 39 309714 7 0 0 14 0 44
704 A 310594 310434 9 18 44 37 0 0 0 52
705 A 309155 309028 19 3 46 37 0 0 0 22
706 A 301679 301508 13 6 103 14 0 0 0 35
707 G 331568 66 30 6 331379 0 0 0 47 40
708 G 331563 64 21 10 331317 0 0 0 59 92
709 G 316038 52 27 17 315831 0 0 0 34 77
710 C 313715 21 79 313515 44 0 0 17 0 39
711 A 309650 309525 16 15 56 23 0 0 0 15
712 A 332529 332364 23 5 43 33 0 0 0 61
713 T 312526 25 312357 41 8 0 20 0 0 75
714 G 313869 48 30 11 313681 0 0 0 19 80
715 A 290891 290686 22 2 83 65 0 0 0 33
716 T 310094 27 309950 45 1 0 52 0 0 19
717 G 309195 90 29 7 309041 0 0 0 12 16
718 G 337986 79 40 6 337780 0 0 0 50 31
719 A 338156 337886 31 2 63 38 0 0 0 136
720 T 332199 32 331969 54 6 0 93 1 0 44
721 C 321043 19 24 320867 5 0 0 94 0 34
722 A 322279 322139 22 11 77 8 0 0 0 22
723 A 368485 368301 26 4 61 40 0 0 0 53
724 G 372528 65 21 6 372319 0 0 0 57 60
725 T 373743 29 373422 70 3 0 47 0 0 172
726 G 377948 81 22 8 377765 0 0 0 27 45
727 A 370722 370556 46 8 73 11 0 0 0 28
728 G 382953 65 24 10 382764 0 0 0 44 46
729 A 381755 381442 33 11 143 45 0 0 0 81
730 G 384268 57 10 4 384010 0 0 0 127 60
731 A 377863 377604 9 3 76 134 0 0 0 37
732 A 369056 368923 11 5 50 40 0 0 0 27
733 A 393366 393108 11 5 121 77 0 0 0 44
734 G 398853 43 11 9 398676 0 0 0 68 46
735 T 398948 35 398663 48 4 0 12 0 0 186
736 C 387785 25 65 387636 13 0 0 11 0 35
737 G 385935 117 40 12 385669 0 0 0 63 34
738 G 389020 80 18 6 388785 0 0 0 71 60
739 A 387346 387188 16 5 64 20 0 0 0 53
740 A 390147 389783 26 7 46 74 0 1 0 210
741 C 395043 27 51 394837 17 0 0 88 0 23
742 C 446947 35 31 446779 9 0 0 44 0 49
743 C 459217 61 60 459025 17 0 0 32 0 22
744 A 457316 457122 13 26 96 16 0 0 0 43
745 G 472850 59 30 11 472590 0 0 0 85 75
746 G 465324 55 21 13 465067 0 0 0 94 74
747 A 463292 462983 26 3 102 60 0 0 0 118
748 A 468115 467891 16 8 55 63 0 0 0 82
749 A 438881 438724 26 9 63 21 0 0 0 38
750 T 463984 40 463752 78 16 0 27 0 0 71
751 G 468533 97 31 21 468264 0 0 0 59 61
752 C 507793 48 69 507506 19 0 0 63 0 88
753 T 495677 13 495403 137 10 0 10 0 0 104
754 G 501291 65 34 21 501109 0 0 0 31 31
755 A 474554 474329 27 9 100 32 0 0 0 57
756 G 475442 49 21 12 475128 1 0 0 203 28
757 A 472269 471860 31 4 66 205 0 0 1 102
758 T 474781 23 474572 36 7 0 65 0 0 78
759 C 464693 59 117 464398 20 0 0 33 0 66
760 G 462923 126 35 22 462659 0 0 0 37 44
761 A 443845 443661 34 2 65 41 0 0 0 42
762 A 441185 440945 21 8 101 55 0 0 0 55
763 G 467990 41 21 9 467859 0 0 0 23 37
764 A 467264 466935 29 3 67 54 0 0 0 176
765 T 448374 33 448143 80 4 0 45 0 0 69
766 C 446212 21 32 445986 9 0 0 124 0 40
767 T 421427 37 421071 83 4 0 182 0 0 50
768 C 428975 33 116 428683 7 0 0 80 0 56
769 A 427612 427394 12 58 55 22 0 0 0 71
770 T 428249 36 427972 60 98 0 10 0 0 73
771 C 424429 28 26 424300 7 0 0 41 0 27
772 T 385431 21 385249 77 1 0 28 0 0 55
773 T 387484 10 387366 43 4 0 36 0 0 25
774 T 388774 23 388549 61 4 0 60 0 0 77
775 C 384491 24 35 384319 3 0 0 40 0 70
776 T 382514 26 382346 50 19 0 33 0 0 40
777 G 372102 68 27 8 371936 0 0 0 51 12
778 G 377730 67 16 21 377456 0 0 0 69 101
779 C 375492 49 76 375242 22 0 0 64 0 39
780 A 374820 374547 28 8 100 43 0 0 0 94
781 C 371251 22 97 371089 13 0 0 13 0 17
782 G 385893 76 22 7 385719 0 0 0 46 23
783 G 388705 75 11 12 388405 0 0 0 55 147
784 T 387522 27 387198 44 4 0 52 0 0 197
785 C 389003 43 32 388840 15 0 0 31 0 42
786 T 397790 25 397513 149 13 0 34 0 0 56
787 G 388762 167 27 31 388486 0 0 0 28 23
788 C 398881 43 97 398575 24 0 0 51 0 91
789 A 381805 381294 26 19 52 97 0 0 0 317
790 C 370425 41 68 370113 13 0 0 130 0 60
791 T 326805 21 326580 88 11 0 55 0 0 50
792 C 345678 33 76 345418 18 0 0 87 0 46
793 A 353745 353462 29 12 64 80 0 0 0 98
794 T 343907 28 343674 58 3 0 23 0 0 121
795 A 333944 333561 29 7 54 11 0 0 0 282
796 T 359654 18 359460 45 26 0 64 0 0 41
797 T 367591 24 367355 63 15 0 50 0 0 84
798 G 421958 84 33 13 421734 0 0 0 30 64
799 A 424152 423689 31 17 100 14 0 0 0 301
800 G 464564 174 21 16 464247 0 0 0 54 52
801 A 433940 426793 19 10 174 50 0 0 0 6894
802 G 440289 76 31 12 440090 0 0 0 35 45
803 G 462151 59 60 11 461976 0 0 0 22 23
804 G 463279 73 45 14 463048 0 0 0 13 86
805 T 456193 41 455749 96 6 0 15 0 0 286
806 C 457894 30 64 457632 18 0 0 34 0 116
807 A 454475 454138 34 11 114 33 0 0 0 145
808 G 461247 57 20 7 460910 0 0 0 10 243
809 T 460244 36 460038 60 11 0 6 0 0 93
810 T 457280 47 457033 76 3 0 26 0 0 95
811 G 459881 86 41 15 459533 0 0 0 40 166
812 C 448330 25 69 448138 24 0 0 46 0 28
813 T 448428 28 447515 110 6 0 56 0 0 713
814 C 450690 32 66 450479 15 0 0 28 0 70
815 A 449235 448801 37 8 52 166 0 1 0 170
816 C 449816 36 58 445779 10 2 0 222 0 3709
817 A 445011 444816 15 9 37 77 0 0 0 57
818 A 445352 445170 23 3 49 12 0 0 0 95
819 A 444849 444549 55 5 53 9 0 0 0 178
820 T 442437 25 442199 63 2 0 18 0 0 130
821 C 438330 15 37 437449 7 0 0 29 0 793
822 T 427339 18 427115 103 8 0 31 0 0 64
823 T 412064 7 411917 50 21 0 51 0 0 18
824 G 411521 52 20 5 411256 0 0 0 65 123
825 T 394029 65 393724 79 7 0 95 0 0 59
826 C 391271 34 59 391004 11 0 0 122 0 41
827 T 338161 24 337977 23 9 0 30 0 0 98
828 G 336195 26 21 8 335849 0 0 0 22 269
829 C 332390 42 118 332141 32 0 0 8 0 49
830 C 329927 55 61 329748 20 0 0 12 0 31
831 C 250339 43 80 250174 19 0 0 8 0 15
832 G 219331 88 34 19 219133 0 0 0 7 50
833 C 220166 21 48 220050 16 0 0 14 0 17
834 C 218145 41 42 217958 5 0 0 24 0 75
835 T 208163 15 207906 156 19 0 24 0 0 43
836 G 203057 47 20 5 202885 0 1 0 63 36
837 T 193379 21 193187 32 14 0 43 0 0 82
838 G 202421 15 17 3 202338 0 0 0 7 41
839 T 169614 15 169478 31 7 0 5 0 0 78
840 G 189566 53 16 2 189260 0 0 0 14 221
841 T 124645 11 124549 28 2 0 14 0 0 41
842 A 124364 124019 12 1 20 17 0 0 0 295
843 T 121752 8 120071 24 12 0 6 0 1 1630
844 G 119841 47 17 5 119751 0 0 0 20 1
845 G 140870 34 7 3 140467 1 0 0 15 343
846 A 137121 57814 15 11 44 19 0 0 0 79218
847 C 149494 20 41 149398 6 0 0 16 0 13
848 C 153154 24 32 153066 5 0 0 13 0 14
849 T 153815 15 153728 33 11 0 11 0 0 17
850 G 286709 128 31 37 286440 0 0 0 48 25
851 C 289735 26 79 289575 19 0 0 12 0 24
852 C 291081 57 103 290821 23 0 0 11 0 66
853 G 291538 72 31 9 291414 0 0 0 4 8
854 T 313209 37 313043 74 6 0 32 0 0 17
855 A 320820 320661 14 3 94 20 0 0 0 28
856 G 334573 44 33 13 334401 0 0 0 31 51
857 C 335413 27 33 335110 7 0 1 33 0 202
858 C 349733 21 48 349636 11 0 0 7 0 10
859 A 429839 429601 29 73 52 60 0 0 0 24
860 G 435627 106 24 23 435397 0 0 0 63 14
861 T 435929 39 435680 34 38 0 76 0 0 62
862 G 469502 53 20 7 469228 0 0 0 113 81
863 G 470038 34 24 4 469911 0 0 0 51 14
864 C 475141 37 46 474835 19 0 0 136 0 68
865 T 475021 13 474316 535 4 0 119 0 0 34
866 A 478464 478253 34 7 77 41 0 0 0 52
867 C 478209 25 131 477974 13 0 0 26 0 40
868 G 517468 143 20 4 517207 0 0 0 48 46
869 A 519311 519003 11 5 70 70 0 0 1 151
870 C 522878 25 33 522742 7 0 0 40 0 31
871 T 521937 8 521662 83 5 0 118 0 0 61
872 T 523753 23 523448 73 5 0 139 0 0 65
873 C 523801 55 95 523386 16 0 0 217 0 32
874 G 525918 126 21 18 525527 0 0 0 186 40
875 A 525854 525674 16 4 134 3 0 0 0 23
876 A 526123 525930 16 1 57 7 0 0 0 112
877 A 525441 525352 7 10 55 1 0 0 0 16
878 A 525983 525832 12 2 56 55 0 0 0 26
879 A 524771 524395 17 9 268 53 0 0 0 29
880 G 526585 222 27 12 526273 0 0 0 23 28
881 A 518964 518625 20 7 172 13 0 0 0 127
882 G 509815 93 44 11 509556 0 0 0 79 32
883 G 507606 64 50 11 507113 0 0 0 279 89
884 G 503500 87 48 8 503082 0 0 1 219 55
885 A 480201 479895 38 2 105 14 0 0 0 147
886 T 476339 47 476083 64 8 0 7 0 0 130
887 A 410237 409402 26 9 78 9 0 0 0 713
888 C 407069 32 20 406901 8 0 0 33 0 75
889 T 352008 30 351829 53 3 0 38 0 0 55
890 C 358167 22 17 358057 9 0 0 23 0 39
891 T 373482 10 373313 68 13 0 12 0 0 66
892 T 368388 14 368259 35 5 0 21 0 0 54
893 T 369396 32 369183 94 8 0 50 1 0 28
894 A 372358 372154 20 4 78 41 0 0 0 61
895 G 383929 60 31 3 383624 0 0 0 81 130
896 T 368726 32 368212 52 42 0 81 0 0 307
897 G 361111 65 46 16 360929 0 0 0 23 32
898 G 362433 1443 34 15 360894 0 0 0 34 13
899 G 320518 63 1734 12 318641 0 0 0 42 26
900 A 405430 402556 2644 9 102 8 0 0 0 111
901 A 415910 415686 41 8 88 14 0 0 0 73
902 T 416389 60 416180 61 13 0 11 0 0 64
903 A 411030 407755 38 8 3150 60 0 0 0 19
904 G 417815 3293 36 15 414367 0 0 0 40 64
905 A 423389 422355 32 13 75 60 0 0 0 854
906 C 432430 51 49 431994 23 0 0 79 0 234
907 C 426401 28 45 426273 10 0 0 28 0 17
908 C 463931 61 43 463649 8 0 0 148 0 22
909 T 464140 36 463743 150 27 0 138 0 0 46
910 T 471780 22 471561 89 5 0 43 0 0 60
911 T 451536 31 451246 96 4 0 19 0 0 140
912 C 452936 26 71 452786 11 0 0 14 0 28
913 A 451816 451643 14 17 58 22 0 0 0 62
914 A 455248 454943 41 4 74 148 0 0 0 38
915 A 462802 462338 33 19 62 192 0 0 1 157
916 C 463266 33 26 463064 11 0 0 71 0 61
917 T 458259 15 458116 69 6 0 19 0 0 34
918 G 463640 96 36 15 463418 0 0 0 49 26
919 C 467303 23 47 467093 52 0 0 80 0 8
920 T 468340 23 468018 82 41 0 69 0 0 107
921 T 467678 39 467438 92 6 0 63 0 0 40
922 C 473643 34 56 473466 17 0 0 35 0 35
923 A 472357 472137 22 17 88 61 0 0 0 32
924 A 472578 472398 37 16 43 66 0 0 0 18
925 A 472905 472693 11 10 48 19 0 0 0 124
926 A 472043 471760 28 95 82 8 0 0 0 70
927 C 475713 31 55 475525 26 0 0 47 0 29
928 A 464955 464746 71 11 61 53 0 0 0 13
929 G 480784 91 35 16 480577 0 0 0 41 24
930 C 484274 43 47 484076 21 0 0 21 0 66
931 C 501163 49 79 500906 19 0 0 56 0 54
932 A 495540 495127 33 9 82 190 0 0 0 99
933 A 496978 496672 15 8 79 156 0 0 0 48
934 G 560125 118 27 8 559895 0 0 0 46 31
935 T 575890 51 575421 74 9 0 29 0 0 306
936 A 559075 558685 40 7 88 30 0 0 0 225
937 T 548590 35 548322 84 8 0 44 0 0 97
938 A 532753 532452 45 4 80 44 0 0 0 128
939 C 516680 42 185 516343 27 0 0 60 0 23
940 A 502311 501982 20 24 141 46 0 0 0 98
941 G 578074 79 40 30 577488 0 0 0 177 260
942 C 589597 48 69 589220 24 0 0 173 0 63
943 C 515069 37 52 514795 11 0 0 88 0 86
944 T 607508 43 607108 164 15 0 140 0 0 38
945 A 638167 637893 21 12 101 91 0 0 0 49
946 A 648994 648666 42 14 67 27 0 0 0 178
947 T 648521 60 648173 89 5 0 16 0 0 178
948 C 585419 62 92 584955 20 0 0 95 0 195
949 A 544060 543675 17 18 204 110 0 0 0 36
950 G 545850 80 28 9 545648 0 0 0 71 14
951 A 547574 547183 23 11 108 47 0 0 0 202
952 C 551213 34 56 550963 12 0 0 60 0 88
953 C 544289 59 87 543920 8 0 0 63 0 152
954 G 553957 123 46 12 553707 0 0 0 54 15
955 A 564001 563826 29 5 64 33 0 0 0 44
956 A 582735 582482 22 10 96 42 0 0 0 83
957 C 575462 37 155 575100 18 0 0 36 0 116
958 G 574923 90 35 15 574567 0 0 0 163 53
959 A 590732 590325 58 6 98 196 0 0 0 49
960 G 594120 65 34 14 593916 0 0 0 49 42
961 A 605032 604820 17 3 70 60 0 0 0 62
962 A 623942 623681 25 6 94 74 0 0 0 62
963 T 622637 50 622287 127 14 1 53 0 0 105
964 C 620561 56 48 620297 13 0 0 90 0 57
965 C 623148 57 94 622839 31 0 0 87 0 40
966 A 617326 616927 30 26 182 29 0 0 0 132
967 G 630880 90 43 23 630451 0 0 0 183 90
968 C 623365 64 139 622876 26 0 0 203 0 57
969 A 652854 652385 74 11 129 73 0 0 0 182
970 C 677178 40 74 676912 25 0 0 75 0 52
971 A 661700 661198 91 21 87 68 0 0 0 235
972 C 671133 55 79 670908 22 0 0 25 0 44
973 A 668145 667762 25 15 155 119 0 0 0 69
974 A 673237 672631 50 21 183 256 0 0 0 96
975 G 678964 139 41 12 678330 1 0 0 220 221
976 A 639803 639459 36 7 99 70 0 0 0 132
977 G 644983 99 27 16 644724 0 0 0 49 68
978 T 569975 47 569296 99 11 0 86 0 0 436
979 C 604440 45 88 604134 23 0 0 66 0 84
980 A 566531 566165 19 8 186 16 0 0 0 137
981 G 567806 66 39 15 567567 0 0 0 28 91
982 C 568003 49 147 567717 11 0 0 27 0 52
983 T 467781 25 467548 67 14 0 56 0 0 71
984 G 499293 62 35 20 499069 0 0 0 75 32
985 G 504922 57 32 9 504658 0 0 0 44 122
986 T 501041 39 500468 62 29 0 26 0 0 417
987 G 574057 198 28 11 573726 0 0 0 35 59
988 T 558769 26 558322 77 50 0 60 0 0 234
989 G 553330 155 60 33 552998 0 0 0 49 35
990 G 473223 56 42 8 473032 0 0 0 20 65
991 A 469810 469523 33 2 92 24 0 0 0 136
992 T 469458 37 469194 64 18 0 36 0 0 109
993 G 454535 82 34 21 454202 0 0 0 158 38
994 G 456371 70 34 16 456056 0 0 0 168 27
995 C 459881 37 87 459585 20 0 0 54 0 98
996 A 473816 473515 37 6 75 52 0 0 0 131
997 T 493826 36 493503 136 9 0 15 0 0 127
998 G 500790 137 37 17 500513 0 0 0 36 50
999 C 506077 44 120 505817 28 0 0 29 0 39
1000 A 504805 504512 29 9 91 47 0 0 0 117
1001 A 510305 509896 40 3 73 163 0 0 0 130
1002 T 511275 22 510883 89 4 0 195 0 0 82
1003 T 491015 39 490770 61 2 0 90 0 0 53
1004 C 483103 31 48 482943 16 0 0 47 0 18
1005 T 456386 41 456138 92 17 0 30 0 0 68
1006 G 460950 132 42 25 460677 0 0 0 22 52
1007 C 474602 88 57 474303 20 0 0 85 0 49
1008 T 447265 16 446936 114 16 0 102 0 0 81
1009 G 451758 80 37 15 451491 0 0 0 61 74
1010 C 426069 27 69 425723 132 0 0 30 0 88
1011 A 419612 419367 13 22 71 44 0 0 0 95
1012 T 433664 191 433336 40 3 0 66 0 0 28
1013 T 432231 198 431870 58 11 0 47 0 0 47
1014 T 432231 51 431794 315 12 0 36 0 0 23
1015 G 431644 52 65 10 431336 0 0 0 37 144
1016 A 420084 419842 32 9 135 29 0 0 0 37
1017 A 420613 420271 35 42 132 99 0 0 0 34
1018 G 402531 110 14 5 402239 0 0 0 127 36
1019 A 414774 414538 36 2 84 51 0 0 0 63
1020 T 416768 25 416501 50 4 0 50 0 0 138
1021 C 407897 28 34 407693 7 0 0 69 0 66
1022 T 409418 25 409193 106 7 0 47 0 0 40
1023 A 394395 394172 8 0 86 44 0 0 0 85
1024 A 392218 392094 16 4 71 13 0 0 0 20
1025 G 394277 65 24 3 394129 0 0 0 20 36
1026 A 384020 383772 22 5 86 51 0 0 0 84
1027 G 412518 64 27 11 412247 0 0 0 135 34
1028 T 344871 24 343904 78 5 0 73 0 1 786
1029 A 340450 340224 13 2 61 51 0 0 0 99
1030 T 333443 20 333300 31 7 0 54 0 0 31
1031 T 330943 35 330754 38 6 0 44 0 0 66
1032 A 341785 341598 30 9 67 61 0 0 0 20
1033 A 299274 299119 7 3 34 75 0 0 0 36
1034 G 290504 35 18 9 290349 0 0 0 32 61
1035 C 290794 21 26 290675 6 0 0 49 0 17
1036 T 259725 10 259625 49 5 0 4 0 0 32
1037 T 312656 23 312528 60 5 0 19 0 0 21
1038 C 316830 30 41 316671 13 0 0 48 0 27
1039 A 327328 327101 37 9 55 43 0 0 0 83
1040 T 327767 30 327612 44 5 0 12 0 0 64
1041 C 327630 32 44 327500 16 0 0 23 0 15
1042 A 329480 329311 23 7 82 21 0 0 0 36
1043 G 315633 37 22 5 315491 0 0 0 31 47
1044 A 318959 318777 27 5 70 12 0 0 0 68
1045 G 311385 28 33 9 311267 0 0 0 17 31
1046 G 332322 39 14 5 332179 0 0 0 56 29
1047 G 403777 116 27 4 403519 0 0 0 55 56
1048 A 407549 407181 36 4 95 16 0 0 0 217
1049 C 412629 45 44 412430 15 0 0 19 0 76
1050 C 401647 46 38 401490 14 0 0 19 0 40
1051 A 408049 407779 29 32 55 129 0 0 0 25
1052 A 435310 434993 21 8 61 184 0 0 0 43
1053 A 436656 436212 22 23 120 98 0 0 0 181
1054 G 443166 57 28 11 442929 0 0 0 50 91
1055 T 437281 37 436950 75 15 0 18 0 0 186
1056 A 439041 438755 74 5 102 69 0 0 0 36
1057 T 443304 33 442698 426 5 0 51 0 0 91
1058 C 444513 34 69 444294 10 0 0 26 0 80
1059 C 441501 45 32 441218 14 0 0 41 0 151
1060 C 436796 56 37 436526 10 0 0 123 0 44
1061 C 416735 86 48 416376 18 0 0 169 0 38
1062 A 416938 416669 30 45 61 112 0 0 0 21
1063 A 411538 411303 44 4 92 32 0 0 1 62
1064 G 416432 102 56 3 416215 0 0 0 16 40
1065 G 407298 50 36 4 407129 0 0 0 11 68
1066 G 404694 31 33 9 404522 0 0 0 55 44
1067 G 381518 33 16 7 381412 0 0 0 28 22
1068 G 360632 118 21 14 360409 0 0 0 23 47
1069 A 357957 357791 16 2 98 14 0 0 0 36
1070 A 371209 371030 19 6 43 63 0 0 0 48
1071 A 372536 372239 22 52 59 92 0 0 0 72
1072 C 380389 68 31 380195 6 0 0 51 0 38
1073 T 365353 12 365085 116 6 0 10 0 0 124
1074 T 365370 23 365243 63 5 0 6 0 0 30
1075 T 375966 36 375802 72 7 0 13 0 0 36
1076 C 346414 23 48 346254 18 0 0 40 0 31
1077 C 366318 34 53 366163 13 0 0 31 0 24
1078 A 404942 404623 32 28 71 18 0 0 0 170
1079 C 415035 39 41 414813 15 0 0 54 0 73
1080 T 416280 24 416026 71 7 0 108 0 0 44
1081 A 403591 403347 35 6 68 78 0 0 0 57
1082 G 406073 66 32 9 405916 0 0 0 26 24
1083 A 410026 409778 16 3 70 12 0 0 0 147
1084 G 412344 28 25 13 412148 0 0 0 61 69
1085 G 431327 33 30 9 431101 0 0 0 116 38
1086 A 368889 368599 33 13 97 57 0 0 0 90
1087 G 413134 72 40 12 412917 0 0 0 62 31
1088 T 408780 34 407873 71 12 0 31 0 0 759
1089 A 409804 409362 55 11 90 77 0 0 0 209
1090 C 415558 44 60 415324 6 0 0 87 0 37
1091 A 399704 399514 21 16 49 53 0 0 0 51
1092 A 399565 399321 31 4 50 116 0 0 0 43
1093 A 454145 453882 43 13 55 100 0 0 0 52
1094 T 444939 33 444647 73 4 0 18 0 0 164
1095 T 426031 26 425880 58 15 0 35 0 0 17
1096 G 377009 49 27 19 376860 0 0 0 26 28
1097 C 371172 15 42 370994 9 0 0 71 0 41
1098 T 371584 12 371403 68 10 0 60 0 0 31
1099 T 371202 32 370974 49 6 0 42 0 0 99
1100 C 369966 35 33 369830 12 0 0 35 0 21
1101 A 363841 363716 19 5 60 22 0 0 0 19
1102 A 369028 368908 11 2 44 39 0 0 0 24
1103 A 372197 372062 16 3 38 16 0 0 0 62
1104 T 373781 25 373644 46 5 0 22 0 0 39
1105 G 370541 58 33 8 370363 0 0 0 50 29
1106 A 367747 367597 17 6 66 32 0 0 0 29
1107 A 371435 371229 6 2 72 101 0 0 0 25
1108 A 372459 372248 8 9 47 98 0 0 0 49
1109 A 374441 374200 15 82 47 25 0 0 0 72
1110 C 389870 35 39 389664 4 0 0 112 0 16
1111 A 387413 387176 28 10 49 72 0 0 0 78
1112 T 405456 28 405279 57 20 0 41 0 0 31
1113 G 390233 129 46 7 389993 0 0 0 27 31
1114 G 387548 60 35 11 387348 0 0 0 7 87
1115 A 399713 399498 15 6 72 41 0 0 0 81
1116 T 396184 30 395985 58 10 0 34 0 0 67
1117 G 400851 82 24 14 400639 0 0 0 38 54
1118 C 459293 35 38 459084 28 0 0 86 0 22
1119 T 445572 12 445250 124 8 0 37 0 0 141
1120 A 445689 445392 46 5 58 99 0 0 0 89
1121 T 427612 38 427312 60 6 0 132 0 0 64
1122 G 436544 149 37 15 436232 0 0 0 74 37
1123 G 437284 63 33 15 437102 0 0 0 33 38
1124 A 415219 414989 30 7 84 29 0 0 0 80
1125 A 414902 414661 29 17 74 19 0 0 0 102
1126 T 364812 22 364568 44 7 0 122 0 0 49
1127 C 345248 25 31 345042 5 0 0 103 0 42
1128 A 338657 338502 26 3 82 13 0 0 0 31
1129 A 336206 335993 17 8 67 20 0 0 0 101
1130 G 339355 73 12 9 339199 0 0 0 28 34
1131 T 321379 24 321152 72 2 0 27 0 0 102
1132 A 318897 318103 18 5 59 52 0 0 0 660
1133 C 345462 17 30 345326 3 0 0 72 0 14
1134 T 330599 20 330373 57 2 0 18 0 0 129
1135 C 342656 19 36 342514 9 0 0 26 0 52
1136 T 302594 15 302429 77 7 0 36 0 0 30
1137 T 304927 17 304787 69 7 0 25 0 0 22
1138 G 307860 40 18 9 307767 0 0 0 11 15
1139 A 321045 320898 24 3 51 17 0 0 0 52
1140 A 323222 323018 26 7 60 14 0 0 0 97
1141 C 324432 18 42 324291 7 0 0 51 0 23
1142 T 314814 9 314629 82 8 0 47 0 0 39
1143 G 324512 77 23 6 324308 0 0 0 71 27
1144 A 333029 332785 21 4 83 60 0 0 0 76
1145 G 339105 28 15 8 339005 0 0 0 9 40
1146 A 337820 337694 17 1 51 43 0 0 0 14
1147 A 383289 383083 12 6 92 64 0 0 0 32
1148 G 389827 65 20 15 389534 0 0 0 42 151
1149 C 429241 72 115 428891 30 0 0 67 0 66
1150 A 427098 426718 79 26 174 35 0 0 0 66
1151 G 428570 56 24 54 428321 0 0 0 100 15
1152 G 499569 110 23 64 499216 0 0 0 120 36
1153 T 498653 118 497794 89 20 0 53 0 0 579
1154 A 505563 505145 49 13 71 51 0 0 0 234
1155 C 521625 47 118 521359 10 0 0 31 0 60
1156 T 492250 85 491960 92 9 1 68 0 0 35
1157 G 504956 68 72 12 504733 0 0 0 38 33
1158 G 512799 51 35 11 512536 0 0 0 67 99
1159 G 499697 93 39 52 499295 0 0 0 74 144
1160 C 539514 40 89 539224 40 0 0 49 0 72
1161 C 489452 54 84 489150 14 0 0 94 0 56
1162 A 507235 506997 54 17 65 66 0 0 1 35
1163 T 507785 42 507485 61 5 0 99 0 0 93
1164 A 501854 501480 20 3 107 97 0 0 0 147
1165 A 522754 522548 23 22 107 13 0 0 0 41
1166 G 513743 87 14 8 513469 0 0 0 131 34
1167 A 492201 491947 29 3 82 114 0 0 0 26
1168 A 489931 489617 28 14 54 41 0 0 0 177
1169 C 488702 38 36 488469 10 0 0 67 0 82
1170 C 518251 59 43 518050 20 0 0 33 0 46
1171 A 505906 505631 30 15 118 25 0 0 0 87
1172 G 515256 66 21 9 515126 0 0 0 20 14
1173 A 515717 515464 35 3 107 6 0 0 0 102
1174 A 509859 509586 19 13 80 82 0 0 0 79
1175 G 523360 65 23 12 523118 0 0 0 100 42
1176 T 496774 33 496072 52 12 0 69 0 0 536
1177 G 499381 52 37 22 499179 0 0 0 67 24
1178 G 508265 53 47 12 508072 0 0 0 32 49
1179 A 507744 507329 54 3 204 65 0 0 0 89
1180 G 516087 64 49 9 515776 0 0 0 112 77
1181 G 519484 70 45 16 519214 0 0 0 86 53
1182 A 481589 481322 32 3 111 40 0 0 0 81
1183 A 481047 480825 13 20 70 29 0 0 0 90
1184 A 480037 479698 36 51 63 84 0 0 0 105
1185 C 489682 50 74 489274 19 0 0 199 1 65
1186 A 490458 489898 55 35 61 130 0 0 0 279
1187 C 515717 32 45 515532 24 0 0 42 0 42
1188 T 503553 45 503229 145 20 0 30 0 0 84
1189 A 538678 538432 39 23 77 54 0 0 0 53
1190 A 571580 571257 48 9 73 49 0 0 0 144
1191 T 568820 68 568389 103 47 0 90 0 0 123
1192 C 574519 120 64 574169 46 0 0 71 0 49
1193 A 555431 555013 29 15 260 31 0 0 0 83
1194 A 559509 559180 38 30 114 41 0 0 0 106
1195 C 568639 92 76 568234 20 0 0 128 0 89
1196 A 491503 490979 32 63 139 123 0 0 0 167
1197 G 485708 96 48 14 485474 0 0 0 44 32
1198 A 443628 443323 31 10 197 20 0 0 0 47
1199 G 450471 98 65 15 450219 0 0 0 29 45
1200 G 476654 81 30 12 476438 0 0 0 69 24
1201 G 412825 77 34 25 412534 0 0 0 51 104
1202 C 419809 71 66 419551 30 0 0 29 0 62
1203 C 427098 67 53 426882 11 0 0 29 0 56
1204 T 425372 81 425005 105 25 0 82 0 0 74
1205 C 445309 66 40 445052 10 0 0 115 0 26
1206 T 433387 48 432985 156 11 0 45 0 0 142
1207 G 435143 105 47 27 434896 0 0 0 19 49
1208 C 431163 27 137 430922 15 0 0 37 0 25
1209 A 416566 416274 28 14 161 56 0 0 0 33
1210 G 440458 46 32 16 440287 0 0 0 44 33
1211 G 440010 56 13 17 439777 0 0 0 41 106
1212 T 443323 27 442672 119 16 0 41 0 0 448
1213 C 443873 36 66 443668 15 0 0 29 0 59
1214 A 431250 431052 24 30 63 55 0 0 0 26
1215 A 458190 457974 26 7 68 52 0 0 0 63
1216 A 446195 446002 40 10 58 14 0 0 0 71
1217 T 448950 49 448589 94 3 1 43 0 0 171
1218 C 447335 54 55 447100 21 0 0 74 0 31
1219 A 419462 419136 25 13 223 43 0 0 0 22
1220 G 443560 103 26 9 443314 0 0 0 83 25
1221 T 428432 40 428095 63 14 0 89 0 0 131
1222 G 430601 148 24 36 430118 0 0 0 125 150
1223 T 425586 50 424801 443 13 0 104 0 0 175
1224 G 411005 493 83 21 410350 0 0 0 22 36
1225 C 424537 45 205 422145 2032 0 0 65 0 45
1226 A 421731 421494 22 12 53 49 0 0 0 101
1227 A 428961 425226 3409 17 57 45 0 0 0 207
1228 C 428509 42 64 424742 3559 0 0 56 0 46
1229 C 426280 65 36 426031 8 0 0 99 0 41
1230 T 391916 40 391579 174 37 0 58 0 0 28
1231 G 405443 172 58 37 405022 0 0 0 27 127
1232 C 442502 47 91 442198 35 0 0 25 0 106
1233 A 432830 432556 26 20 81 70 0 1 0 76
1234 T 442295 43 442046 73 16 0 76 0 0 41
1235 T 438045 31 437874 62 12 0 33 0 0 33
1236 T 413044 22 412758 110 17 0 24 0 0 113
1237 T 418131 21 417944 68 12 0 12 0 0 74
1238 C 387276 27 43 387053 11 0 0 70 0 72
1239 T 360513 39 360235 119 21 0 66 0 0 33
1240 G 385638 126 44 14 385385 0 0 0 51 18
1241 T 375570 37 375211 72 51 0 50 0 0 149
1242 G 386611 195 59 31 386236 0 0 0 36 54
1243 C 392266 52 60 391969 51 0 0 66 0 68
1244 A 387698 387431 34 40 73 82 0 0 0 38
1245 A 395965 395799 32 10 62 35 0 0 0 27
1246 A 394561 394268 12 8 131 71 0 0 0 71
1247 G 407388 81 46 17 407117 0 0 0 69 58
1248 A 402749 402517 16 5 89 81 0 0 0 41
1249 A 367766 367557 12 22 55 63 0 0 0 57
1250 A 387006 386273 25 78 54 12 0 0 0 564
1251 C 389453 52 30 389253 14 0 0 52 0 52
1252 C 417871 38 142 417548 17 0 0 42 0 84
1253 T 421387 34 420890 123 151 0 98 2 0 89
1254 C 417971 47 62 417676 29 1 0 104 0 52
1255 C 444332 65 54 444099 43 0 0 44 0 27
1256 C 437454 67 65 437216 20 0 0 47 1 38
1257 A 443576 443298 44 30 72 37 0 1 0 94
1258 T 445281 41 445020 117 20 0 34 0 0 49
1259 T 421674 40 421450 79 20 0 42 0 0 43
1260 T 429176 130 428678 239 44 0 44 0 0 41
1261 G 427245 133 154 24 426822 0 0 0 42 70
1262 A 436909 436549 80 18 103 66 0 0 0 93
1263 C 434326 39 81 434064 32 0 0 59 0 51
1264 A 416483 416198 36 42 83 102 0 0 0 22
1265 A 430498 430135 64 9 162 95 0 0 0 33
1266 A 434379 433827 69 135 116 84 0 0 0 148
1267 C 454395 50 89 454019 59 0 0 105 0 73
1268 C 450838 90 55 450566 26 0 0 49 0 52
1269 A 415022 414781 52 13 98 41 0 0 0 37
1270 A 433502 433172 49 17 82 31 0 0 0 151
1271 C 431070 124 55 430755 52 0 0 28 0 56
1272 C 459409 88 182 458971 37 0 0 38 0 93
1273 A 456969 456439 108 18 213 67 0 0 0 124
1274 T 458838 47 458180 283 130 0 87 1 0 110
1275 C 459415 199 72 459007 61 0 0 50 0 26
1276 A 444223 443748 199 25 99 95 0 0 0 57
1277 T 454264 50 453852 152 51 0 71 0 0 88
1278 G 436407 125 485 17 435665 0 0 0 38 77
1279 G 434399 380 77 553 433290 0 0 0 31 68
1280 C 403702 43 664 402853 53 0 0 37 0 52
1281 A 386182 385850 72 21 129 56 0 0 0 54
1282 G 397669 143 120 25 397314 0 0 0 35 32
1283 C 391859 42 94 391523 125 0 0 26 0 49
1284 A 386601 386308 36 13 53 98 0 0 0 93
1285 T 388403 44 388033 63 149 0 82 0 0 32
1286 T 380489 43 380285 44 7 0 40 0 0 70
1287 C 385526 31 63 385325 28 0 0 53 0 26
1288 A 381679 381336 31 11 81 46 0 0 0 174
1289 C 360712 29 37 360519 20 0 0 59 0 48
1290 T 364333 33 364139 84 21 0 30 0 0 26
1291 G 395965 87 69 8 395688 0 0 0 39 74
1292 G 406752 103 35 18 406507 0 0 0 41 48
1293 G 416722 138 70 17 416356 0 0 0 37 104
1294 A 407911 407519 156 22 72 43 0 0 0 99
1295 A 420005 419596 53 57 226 30 0 0 0 43
1296 T 399186 208 398744 98 13 0 45 0 0 78
1297 A 435616 435123 204 33 99 54 0 0 0 103
1298 C 483844 72 366 483168 24 0 0 58 0 156
1299 A 472371 471886 43 32 238 63 0 0 0 109
1300 G 476773 125 67 19 476436 0 0 0 81 45
1301 A 465150 464755 47 24 201 53 1 0 0 69
1302 G 495238 172 112 17 494833 0 0 0 60 44
1303 G 486831 96 56 16 486524 0 0 0 64 75
1304 G 486143 158 52 23 485752 0 0 0 88 70
1305 A 485316 484798 69 17 170 164 0 0 0 98
1306 A 479005 478588 38 16 154 147 0 0 0 62
1307 G 489478 116 30 18 489165 0 0 0 44 105
1308 A 487467 487143 57 15 124 40 0 0 0 88
1309 A 506012 505643 51 32 98 13 0 0 0 175
1310 C 541076 67 91 540803 39 0 0 38 0 38
1311 A 522780 522347 50 22 192 64 0 0 0 105
1312 T 531692 148 531173 101 21 0 161 0 0 88
1313 C 519670 49 124 519250 75 0 0 127 0 45
1314 A 514534 514062 55 21 277 37 0 0 0 82
1315 G 521465 107 33 32 521171 0 0 0 75 47
1316 A 509187 508760 101 24 89 83 0 0 0 130
1317 C 514778 44 120 514489 26 0 0 23 0 76
1318 A 506153 505933 37 14 71 28 0 0 0 70
1319 T 486904 29 486693 66 10 0 20 0 0 86
1320 G 495613 75 29 14 495402 0 0 0 22 71
1321 A 476302 476000 29 5 183 17 0 0 0 68
1322 G 482488 71 75 20 482254 0 0 0 41 27
1323 G 486605 85 200 16 486127 0 0 0 102 75
1324 G 479504 300 45 55 478895 0 0 0 166 43
1325 C 479762 177 108 479240 25 0 0 178 0 34
1326 A 472516 472028 149 11 131 121 0 0 0 76
1327 G 481798 76 66 8 481520 0 0 0 43 85
1328 A 482984 482700 54 8 113 50 0 0 0 59
1329 A 489297 488970 25 7 201 56 0 0 0 38
1330 A 504580 504308 37 11 129 52 0 0 1 42
1331 T 508268 89 507947 76 27 0 61 0 0 68
1332 T 538653 73 538315 68 87 0 16 0 0 94
1333 A 542357 541975 84 17 127 42 0 0 0 112
1334 T 537338 74 536945 117 24 0 64 0 0 114
1335 A 537015 536610 49 14 193 106 0 0 0 43
1336 A 519980 519549 40 35 233 60 0 0 0 63
1337 G 548719 167 77 14 548297 0 0 0 92 72
1338 G 559281 117 21 14 558920 0 0 0 116 93
1339 A 586724 586040 68 178 210 47 0 0 0 181
1340 T 509501 46 509150 62 100 0 40 0 0 103
1341 G 501006 114 217 107 500479 0 0 0 67 22
1342 A 487374 486991 62 17 142 65 0 0 0 97
1343 T 492327 290 491766 71 22 0 71 0 0 107
1344 G 479942 143 38 18 479617 0 0 0 76 50
1345 G 488381 75 35 12 488059 0 1 0 89 110
1346 A 460634 460230 39 10 161 133 0 0 0 61
1347 A 492050 491734 29 10 122 124 0 0 0 31
1348 G 500364 82 48 7 500126 0 0 0 67 34
1349 G 565719 67 35 18 565477 0 0 0 88 34
1350 T 550708 55 549704 101 91 0 23 0 0 734
1351 G 538758 275 116 34 538230 0 0 0 32 71
1352 C 538606 124 215 538079 124 0 0 35 0 29
1353 A 529983 529588 19 109 139 89 0 0 0 39
1354 A 530068 529819 14 15 68 82 0 0 0 70
1355 A 538018 537824 24 16 65 35 0 0 0 54
1356 A 550733 550170 30 179 71 43 0 1 0 239
1357 C 557019 35 63 556823 10 0 0 34 0 54
1358 C 537560 47 56 537363 54 0 0 19 0 21
1359 A 515527 515199 42 111 107 19 0 0 0 49
1360 G 525768 97 33 109 525474 0 0 0 46 9
1361 A 519975 519596 24 8 104 138 0 0 0 105
1362 A 541740 541023 35 18 447 169 0 0 0 48
1363 G 551589 447 20 12 550962 0 0 0 96 52
1364 A 546778 546343 33 5 161 124 0 0 0 112
1365 A 541946 541689 30 8 86 82 0 0 0 51
1366 A 545655 545517 29 3 63 13 0 0 0 30
1367 T 547062 72 546777 85 41 0 15 0 0 72
1368 G 550937 97 31 11 550678 0 0 0 12 108
1369 T 540059 42 539731 108 11 0 18 0 0 149
1370 C 545907 41 66 545582 45 0 0 103 0 70
1371 C 536773 91 86 536356 15 0 0 193 0 32
1372 T 545119 34 544763 119 15 0 130 0 0 58
1373 T 547875 50 547546 112 7 0 30 0 0 130
1374 C 550737 56 89 550451 26 0 0 60 0 55
1375 C 547706 91 74 547340 36 1 0 54 0 110
1376 A 542754 542085 47 84 420 78 0 0 0 40
1377 G 542901 201 80 8 542507 0 0 0 71 34
1378 G 539921 197 26 7 539593 0 0 0 39 59
1379 G 540787 93 42 24 540527 0 0 0 47 54
1380 G 501455 76 32 33 501201 0 0 0 63 50
1381 C 455023 66 130 454508 212 0 0 43 0 64
1382 G 451542 216 85 146 450988 0 0 0 82 25
1383 G 466806 108 61 18 466413 0 0 0 117 89
1384 G 466156 94 78 36 465841 0 0 0 33 74
1385 G 473857 219 30 19 473492 0 0 0 12 85
1386 A 433512 404793 30 1 228 28 0 0 5 28427
1387 G 422765 84 19 6 422565 0 0 0 57 34
1388 T 402844 15 385089 55 8 0 26 0 0 17651
1389 C 412046 30 45 411762 9 0 0 33 0 167
1390 T 395928 27 395655 86 17 0 74 0 0 69
1391 T 396394 30 396112 81 9 0 99 0 0 63
1392 C 399350 42 94 398589 13 0 1 38 0 573
1393 G 490570 121 70 12 489582 0 0 0 44 741
1394 A 485327 484340 20 8 251 9 0 0 0 699
1395 G 497529 207 25 13 497175 0 0 0 32 77
1396 C 465458 187 55 464989 30 0 0 31 0 166
1397 T 459584 26 458858 282 41 0 49 0 0 328
1398 C 440800 39 32 440596 10 0 0 56 0 67
1399 T 439116 16 438896 78 4 0 16 0 0 106
1400 C 444147 51 119 443900 20 0 0 23 0 34
1401 G 446597 90 49 9 446391 0 0 0 29 29
1402 G 488152 73 26 7 487959 0 0 0 36 51
1403 A 541800 541071 19 30 171 21 0 0 0 488
1404 C 560516 57 157 560168 39 0 0 30 0 65
1405 G 599965 172 32 43 599620 0 0 0 15 83
1406 A 642024 641706 29 11 176 57 0 0 0 45
1407 A 638729 638245 27 17 145 248 0 0 0 47
1408 A 643866 643244 38 25 175 249 0 0 0 135
1409 G 658648 119 96 7 657436 0 0 0 30 960
1410 G 662086 90 27 28 661805 0 0 0 46 90
1411 G 644771 86 36 21 644553 0 0 1 31 43
1412 C 647890 53 244 647297 48 0 0 114 0 134
1413 A 642229 641481 45 41 375 104 0 0 0 183
1414 G 652195 206 54 19 651784 0 0 0 34 98
1415 C 641542 58 245 641048 49 0 0 32 0 110
1416 G 690099 192 40 18 689754 0 0 0 42 53
1417 A 694445 694080 31 3 87 158 0 0 0 86
1418 A 698496 697916 40 14 102 153 0 0 0 271
1419 C 698126 67 99 697701 19 0 0 149 0 91
1420 C 693701 47 47 693250 18 0 0 308 0 31
1421 C 672759 89 100 672304 22 0 0 167 0 77
1422 G 670320 147 41 19 669991 0 0 0 75 47
1423 A 670330 669970 44 6 125 75 0 0 0 110
1424 T 670964 42 670680 67 8 0 37 0 0 130
1425 C 646876 34 108 646556 96 0 0 14 0 68
1426 G 631069 286 39 15 630678 0 0 0 15 36
1427 T 609846 34 609350 113 127 0 27 0 0 195
1428 G 573848 155 39 16 573526 0 0 0 29 83
1429 C 573117 37 84 572607 235 0 0 63 0 91
1430 C 573711 37 57 573102 347 0 0 74 0 94
1431 C 571421 61 78 571175 14 0 0 65 0 28
1432 T 551838 29 551541 129 45 0 32 0 0 62
1433 C 589310 48 94 589100 12 0 0 29 0 27
1434 T 579186 74 578541 318 61 0 27 0 0 165
1435 T 655558 130 655106 73 7 0 116 1 0 125
1436 T 567778 72 567380 148 38 0 98 0 0 42
1437 T 571261 171 570800 90 92 0 79 0 0 29
1438 G 557990 223 40 24 557605 0 0 0 54 44
1439 A 550877 550317 64 95 114 79 0 0 0 208
1440 C 567216 116 83 566741 21 0 0 79 0 176
1441 A 562502 561899 34 17 371 55 0 0 0 126
1442 T 488779 33 488553 84 19 1 35 0 0 54
1443 G 611602 111 60 11 611316 0 0 0 76 28
1444 A 603641 603173 59 15 155 49 0 0 0 190
1445 G 684313 93 644 14 683347 0 0 0 94 121
1446 T 685808 59 685144 114 24 0 48 0 0 419
1447 A 663032 662727 24 3 96 78 0 0 0 104
1448 A 670453 670249 48 10 68 46 0 0 0 32
1449 T 666310 45 665724 97 19 0 291 0 1 133
1450 G 666521 111 43 20 665952 1 0 0 287 107
1451 A 624394 624025 64 7 85 113 0 0 0 100
1452 A 575367 574955 41 15 100 92 0 0 0 164
1453 G 572821 172 53 19 572519 0 0 0 38 20
1454 G 523526 51 37 12 523335 0 0 0 54 37
1455 A 518624 518267 52 5 96 60 0 0 0 144
1456 T 526799 48 526559 57 2 0 55 0 0 78
1457 C 523218 44 34 522851 11 0 0 154 0 124
1458 T 514711 25 514450 78 7 0 119 0 0 32
1459 T 519628 11 519356 107 1 0 53 0 1 99
1460 A 520408 520235 26 2 53 50 0 0 0 42
1461 T 519753 37 519571 44 19 0 19 0 0 63
1462 T 517643 24 517466 62 26 0 15 0 0 50
1463 T 513949 61 513788 61 4 0 7 0 0 28
1464 C 512946 16 29 512793 62 0 0 17 0 29
1465 T 493464 16 493275 72 6 0 27 0 0 68
1466 T 490454 24 490128 54 4 0 191 0 0 53
1467 C 488008 30 69 487608 86 0 0 179 0 36
1468 G 485618 110 47 24 485380 0 0 0 16 41
1469 G 489422 33 31 14 489274 0 0 0 23 47
1470 A 491393 491163 37 3 120 13 0 0 0 57
1471 G 501979 53 75 15 501591 0 0 0 28 217
1472 A 501740 501411 43 26 157 29 0 0 0 74
1473 C 513474 38 88 513181 79 0 0 53 0 35
1474 A 502740 502335 21 190 103 47 0 0 0 44
1475 A 556290 555609 375 19 191 57 0 0 0 39
1476 T 575768 190 574672 255 254 0 132 1 0 264
1477 G 618209 504 68 558 616792 0 0 0 135 152
1478 C 637463 572 173 636492 42 0 0 129 0 55
1479 A 618667 618088 56 17 200 154 1 0 0 151
1480 G 624051 88 579 22 623310 0 0 0 26 26
1481 A 654988 654543 37 10 162 64 0 0 0 172
1482 G 559999 131 41 15 559647 0 0 0 63 102
1483 G 592255 133 47 36 591895 0 0 0 88 56
1484 A 495297 494906 33 57 111 25 0 0 0 165
1485 G 505440 164 34 13 505075 0 0 0 79 75
1486 T 485918 34 484970 82 16 1 121 0 0 694
1487 A 479931 479256 62 195 112 85 0 0 0 221
1488 C 480607 70 132 480317 24 0 0 38 0 26
1489 G 460986 181 38 167 460510 0 0 0 37 53
1490 A 460508 460168 62 9 125 55 0 0 0 89
1491 C 447247 104 53 446922 15 0 0 124 0 29
1492 A 369001 368754 34 43 47 95 0 0 0 28
1493 A 369301 369013 144 3 51 58 0 0 0 32
1494 T 346296 145 346055 39 10 0 6 0 0 41