# amino-acid counts among definitively called codons
# POSITION TOTAL_COUNTS WT N_A N_C N_D N_E N_F N_G N_H N_I N_K N_L N_M N_N N_P N_Q N_R N_S N_T N_V N_W N_Y N_STOP
1 509483 M 0 0 0 0 0 0 4 197 34 31 508994 0 0 1 3 0 94 119 6 0 0
2 489269 A 486065 62 58 120 46 345 163 84 55 218 1 74 555 98 314 214 239 393 45 66 54
3 512162 S 192 104 84 62 103 41 147 93 58 186 8 66 487 71 187 509681 236 67 47 161 81
4 513338 Q 315 116 89 127 133 233 280 229 260 589 47 167 848 507696 606 461 498 173 59 149 263
5 465915 G 174 117 187 25 64 463548 107 72 28 185 5 80 343 88 172 254 230 100 22 66 48
6 412974 T 159 72 87 69 86 106 127 195 135 229 19 128 316 110 150 314 410241 107 29 123 172
7 408818 K 266 67 67 107 90 219 112 140 405402 293 36 175 436 147 231 303 312 154 47 106 108
8 359703 R 105 17 31 57 51 138 162 115 91 328 35 76 349 194 357091 193 214 124 184 74 74
9 363376 S 146 64 90 54 83 167 96 112 77 229 14 69 286 90 222 360971 213 166 36 107 84
10 384992 Y 192 139 76 92 62 264 190 136 109 312 55 135 392 90 296 276 280 175 39 381551 131
11 352357 E 134 41 73 350391 41 220 30 91 123 138 18 68 195 35 129 153 196 118 20 51 92
12 332907 Q 182 95 56 55 55 162 233 116 73 286 28 126 490 329654 339 302 274 110 31 78 162
13 401752 M 198 85 95 62 67 235 212 319 160 307 397907 170 414 139 317 275 255 232 68 94 141
14 395017 E 185 53 79 392019 32 304 124 78 106 237 13 54 572 115 245 269 187 125 23 81 116
15 377120 T 183 22 51 50 21 103 59 77 44 135 17 51 195 40 137 133 375630 65 19 39 49
16 420172 D 113 29 418637 86 43 196 47 41 38 70 25 89 151 45 110 105 91 105 19 79 53
17 416505 G 159 42 64 110 40 414150 97 103 72 164 21 69 284 58 267 194 194 145 141 63 68
18 414369 E 181 28 70 411826 41 272 93 65 200 116 22 57 496 82 183 204 161 92 12 68 100
19 414777 R 180 230 47 30 36 148 316 58 42 178 8 57 360 64 412490 140 173 86 22 36 76
20 423054 Q 212 82 79 74 62 199 218 69 133 341 34 77 408 419517 618 221 230 184 26 74 196
21 402537 N 176 53 97 77 20 151 126 107 145 244 46 399718 381 119 235 267 270 117 18 87 83
22 412646 A 408280 43 99 129 112 312 189 157 150 273 42 135 471 160 359 464 495 441 63 108 164
23 427805 T 329 84 75 75 74 171 195 201 137 256 47 138 487 160 368 344 424207 157 28 127 145
24 410012 E 202 61 162 406280 103 277 122 175 169 270 38 114 307 174 344 306 263 234 75 115 221
25 361321 I 81 50 54 64 57 102 100 359162 65 139 34 80 304 77 187 201 224 145 29 73 93
26 392345 R 132 82 50 81 29 409 97 109 96 178 21 74 420 60 389701 260 201 93 45 57 150
27 379076 A 376877 37 32 89 35 223 49 61 44 159 11 44 320 70 168 167 211 340 52 37 50
28 409143 S 158 76 58 78 99 151 80 40 45 197 19 56 371 55 163 406978 198 133 31 92 65
29 391119 V 170 32 90 62 82 126 61 152 44 160 9 37 236 42 178 170 115 389238 13 47 55
30 409459 G 158 52 58 100 53 407306 60 32 25 192 9 10 301 61 402 151 110 138 131 52 58
31 405288 K 142 57 47 97 46 91 68 96 403218 170 47 101 241 72 197 169 149 116 21 62 81
32 397073 M 151 85 82 65 76 190 104 248 108 211 394175 122 162 94 234 220 221 229 39 122 135
33 402293 I 101 92 55 61 115 151 102 399767 82 251 38 149 74 116 306 200 84 195 75 121 158
34 399924 D 210 71 397012 132 51 272 124 121 82 204 39 134 206 103 229 227 226 182 50 131 118
35 364812 G 165 91 60 125 54 362422 105 69 76 166 66 64 246 92 276 195 179 137 24 54 146
36 378247 I 74 8 12 17 50 70 69 376757 28 145 22 51 219 57 211 126 157 88 5 24 57
37 350684 G 89 29 34 54 17 349540 51 19 19 84 7 42 113 21 170 101 81 88 22 24 79
38 324659 R 97 1 38 24 18 40 91 43 39 145 6 36 300 145 323244 92 112 36 0 29 123
39 345715 F 113 51 28 28 343864 94 57 95 56 269 24 25 294 63 165 154 105 62 31 61 76
40 332199 Y 140 189 82 102 87 200 164 115 100 185 54 97 114 3 242 166 167 154 64 329599 175
41 296058 I 81 49 22 43 41 94 67 294482 51 123 28 85 163 60 133 133 150 77 37 57 82
42 290896 Q 92 36 35 54 37 101 90 103 79 174 15 52 200 289141 192 135 140 66 19 48 87
43 283141 M 45 13 15 23 20 46 33 124 44 64 282152 42 117 43 77 85 63 69 17 25 24
44 320155 C 60 319058 9 22 43 54 51 28 23 87 13 23 121 35 132 137 53 20 19 106 61
45 310829 T 114 44 36 34 36 79 49 88 35 112 10 59 193 48 117 129 309514 47 12 32 41
46 338222 E 89 44 61 336710 35 122 41 50 91 112 25 44 147 51 142 153 100 85 13 35 72
47 388256 L 49 12 13 19 76 43 61 65 33 387134 13 47 179 43 119 109 139 24 10 36 32
48 394220 K 34 6 14 88 35 55 23 55 393140 83 9 94 80 44 96 82 69 33 4 38 138
49 392554 L 344 119 160 152 134 315 268 205 168 387192 72 168 675 220 634 459 493 257 60 198 261
50 389913 S 247 134 124 84 100 674 164 159 80 393 25 135 642 126 589 385323 366 200 96 123 129
51 424930 D 124 27 422762 149 63 122 63 160 71 162 37 130 215 33 65 110 231 189 29 110 78
52 452830 Y 288 152 123 109 112 394 184 174 127 308 67 127 243 63 325 354 253 222 89 448915 201
53 438006 E 302 59 267 434357 58 495 94 106 145 173 41 75 312 133 327 251 252 233 65 68 193
54 401387 G 217 29 38 145 36 399238 43 63 39 157 27 32 215 49 329 169 175 164 140 36 46
55 373477 R 183 43 44 28 45 217 134 62 23 276 12 46 454 156 371004 97 165 94 40 37 317
56 370863 L 201 69 81 60 64 243 174 98 49 367913 56 84 589 119 286 210 204 162 44 67 90
57 390731 I 136 67 93 70 104 273 89 387850 93 244 35 141 208 90 286 267 265 212 32 73 103
58 376435 Q 181 95 98 122 91 320 200 121 138 400 56 75 426 372305 619 318 262 223 110 82 193
59 360085 N 314 133 185 128 113 435 191 174 200 445 78 355209 304 153 528 348 332 350 90 187 188
60 288899 S 123 57 41 53 48 195 55 65 39 140 16 94 130 49 210 287253 115 59 37 51 69
61 286899 L 124 53 79 48 69 152 58 96 53 285172 23 55 130 59 138 167 121 110 27 61 104
62 267114 T 262 96 70 69 58 182 156 167 104 278 49 109 480 91 256 323 264025 125 23 103 88
63 279485 I 129 58 67 35 56 147 95 277031 93 219 141 85 301 94 191 208 207 125 33 72 98
64 286358 E 127 43 97 283834 53 192 147 102 78 197 15 78 419 72 193 221 192 128 17 65 88
65 277856 R 127 34 48 75 67 128 79 130 97 170 15 56 297 50 275736 224 185 122 13 84 119
66 288182 M 10 10 5 11 7 11 25 87 45 64 287576 19 68 15 37 29 57 47 8 17 34
67 279347 V 49 3 3 40 1 35 1 1 5 37 36 3 15 3 23 16 5 279041 9 6 15
68 301987 L 42 23 22 20 59 40 67 48 12 301053 4 10 216 31 91 77 62 53 22 18 17
69 315689 S 113 50 45 35 67 97 44 58 48 164 25 49 259 41 134 314098 128 69 24 84 57
70 336361 A 334166 68 110 53 46 169 73 86 50 173 25 69 228 103 156 149 356 156 17 32 76
71 324205 F 138 63 64 58 322320 105 73 90 58 256 17 43 174 56 114 169 139 106 29 70 63
72 324503 D 87 34 322767 92 34 210 92 34 50 119 19 92 184 41 117 145 120 108 24 82 52
73 297966 E 69 16 63 296696 29 137 53 41 89 125 7 16 143 26 90 86 92 72 22 26 68
74 305005 R 91 31 23 31 34 158 66 76 73 155 11 26 199 14 303625 129 100 64 16 18 65
75 314425 R 101 34 35 22 36 144 55 51 99 106 83 37 160 38 312934 161 106 77 48 39 59
76 332576 N 116 41 86 44 44 64 71 71 64 131 15 331066 186 34 117 136 103 52 13 57 65
77 336204 K 121 54 49 124 32 108 70 74 334237 175 46 110 209 38 217 145 134 89 22 55 95
78 278674 Y 108 74 51 49 60 118 98 128 75 164 42 91 105 47 133 145 123 98 34 276829 102
79 274115 L 151 67 75 73 37 145 93 115 117 271718 36 80 323 101 237 238 153 163 38 48 107
80 256233 E 227 95 103 252704 109 143 167 156 145 324 45 100 399 138 292 302 289 198 25 89 183
81 244314 E 167 79 110 241308 101 254 96 118 191 243 46 128 240 128 230 201 159 216 43 82 174
82 281018 H 102 66 70 89 55 214 278223 153 145 266 38 108 182 135 280 199 180 173 45 135 160
83 365266 P 247 163 116 112 100 356 121 171 120 415 61 103 361322 105 407 326 279 307 93 142 200
84 366173 S 174 159 93 88 111 418 70 208 119 180 15 125 152 72 284 363257 194 143 57 129 125
85 383843 A 381048 72 68 95 64 314 63 77 67 162 42 57 226 60 390 305 264 264 47 54 104
86 416127 G 264 97 104 163 75 412690 123 126 95 268 22 105 329 130 407 252 199 294 135 86 163
87 434682 K 262 76 60 367 121 375 126 109 430250 296 73 302 412 145 457 397 296 240 45 92 181
88 446739 D 261 127 442077 173 76 632 181 176 94 401 57 143 390 181 455 323 260 348 83 159 142
89 413722 P 511 238 156 168 193 577 324 251 205 717 110 215 406985 238 699 590 481 470 115 179 300
90 415145 K 343 190 147 285 207 550 144 299 409542 475 151 245 133 112 539 431 348 400 117 159 328
91 385775 K 263 98 76 172 84 113 114 147 382241 311 49 111 295 106 395 372 299 197 55 106 171
92 346294 T 134 47 48 34 53 104 89 83 44 141 17 79 192 48 155 186 344606 93 20 65 56
93 341982 G 129 42 48 72 27 340521 49 35 52 77 12 56 121 48 247 121 98 93 23 42 69
94 320274 G 73 18 27 70 20 319238 30 25 16 82 9 23 98 28 182 59 60 79 20 15 102
95 328313 P 92 33 9 17 23 39 83 35 10 120 8 13 327409 25 95 113 81 40 8 24 36
96 349685 I 102 39 39 32 40 66 70 348140 63 184 53 43 182 39 119 91 153 108 21 34 67
97 361424 Y 92 102 58 49 72 123 104 83 59 145 27 75 173 48 145 143 112 104 15 359591 104
98 313716 K 154 66 41 180 53 105 95 81 311384 174 38 95 301 87 259 147 148 115 26 84 83
99 239198 R 96 42 40 50 34 196 53 66 32 128 24 37 177 48 237773 130 91 88 14 35 44
100 236488 V 200 51 60 70 67 104 84 105 43 186 18 59 355 67 139 179 128 234457 15 45 56
101 276453 D 134 72 274284 57 58 142 90 103 53 200 24 87 244 67 180 173 166 138 23 68 90
102 283123 R 160 55 38 47 62 145 59 67 70 121 30 61 267 60 281259 194 177 82 15 58 96
103 294341 K 77 17 37 58 32 77 35 22 293230 70 15 42 189 34 129 80 82 27 15 28 45
104 299366 W 102 109 38 23 53 87 79 50 28 264 17 42 301 72 169 208 113 71 297346 73 121
105 305769 M 35 36 26 12 19 56 46 113 62 117 304642 32 98 24 82 57 104 123 26 21 38
106 321462 R 44 22 16 19 22 202 34 43 60 79 117 30 155 22 320257 126 91 35 48 19 21
107 319021 E 43 19 44 318012 19 112 36 25 209 56 8 17 93 37 45 68 34 56 14 15 59
108 319592 L 65 48 21 15 69 70 69 49 21 318459 13 14 190 46 138 82 62 84 15 16 46
109 309903 V 153 23 59 34 49 146 44 139 16 122 10 22 120 36 117 118 68 308534 24 33 36
110 336213 L 113 50 57 38 86 72 87 120 23 334591 9 39 281 77 183 105 88 64 39 33 58
111 325070 Y 84 113 36 45 67 147 106 75 48 133 32 69 124 30 105 121 90 107 15 323427 96
112 290146 D 180 37 288214 65 28 183 74 78 34 164 19 103 226 48 99 144 118 147 28 73 84
113 270273 K 127 61 28 37 37 121 81 104 268348 207 23 61 237 65 219 173 119 96 20 51 58
114 311798 E 121 41 47 309956 62 146 59 68 90 200 21 35 183 53 138 142 147 90 27 85 87
115 352374 E 80 34 64 350783 27 186 50 45 122 144 14 48 151 53 128 99 108 71 34 54 79
116 378927 I 113 70 57 86 68 172 80 376140 107 311 207 115 298 62 180 222 240 166 39 94 100
117 367902 R 107 62 46 59 84 286 61 73 95 163 126 63 138 92 365733 248 143 105 65 59 94
118 361740 R 63 34 8 16 32 63 75 35 15 153 3 19 154 164 360590 70 77 41 5 33 90
119 389829 I 27 27 10 17 33 48 16 389105 24 67 28 47 32 12 43 80 93 75 9 21 15
120 365716 W 77 82 25 28 31 133 13 33 38 126 13 22 78 39 320 122 62 59 364224 23 168
121 379263 R 163 247 62 22 62 163 243 90 30 203 29 51 322 49 376836 286 174 106 36 44 45
122 359937 Q 201 63 67 92 32 254 148 60 106 101 20 47 272 357355 346 149 160 169 74 49 172
123 408992 A 406586 69 88 56 57 294 48 60 40 193 27 42 221 63 207 215 237 317 41 58 73
124 444171 N 130 59 113 73 63 197 110 134 129 296 28 441564 225 90 188 214 159 135 58 117 89
125 433534 N 168 90 151 77 121 190 96 228 158 308 58 430060 240 94 323 330 233 169 64 182 194
126 353141 G 226 134 109 82 60 350305 89 122 74 186 24 91 277 61 305 329 211 197 41 80 138
127 350235 D 167 70 347590 119 62 291 108 105 94 145 8 130 210 76 253 219 194 178 18 93 105
128 340999 D 128 60 338904 97 50 234 68 109 88 155 29 107 122 71 132 169 122 163 34 75 82
129 347205 A 344943 59 57 67 33 171 70 121 58 175 38 62 163 67 167 200 370 236 13 45 90
130 304554 T 113 32 12 20 54 62 58 117 63 108 17 50 124 62 132 144 303179 75 26 44 62
131 277738 A 276487 22 59 29 25 86 45 67 42 102 10 49 120 45 114 117 141 100 12 26 40
132 341906 G 119 69 64 43 57 340422 40 65 33 117 14 45 76 31 155 183 90 122 29 68 64
133 357955 L 117 25 50 51 35 115 85 43 67 356183 37 45 392 77 193 120 93 132 20 33 42
134 420425 T 325 75 93 88 59 263 225 151 118 227 9 126 752 150 398 304 416732 141 17 87 85
135 432587 H 181 94 133 72 59 216 429170 166 129 331 44 180 310 153 377 310 237 146 30 131 118
136 450727 M 212 106 128 157 99 317 157 336 245 390 446079 179 275 118 381 313 312 390 86 186 261
137 460012 M 226 56 76 72 49 163 140 194 106 249 456945 71 364 106 277 249 199 235 35 79 121
138 419018 I 121 48 36 51 67 90 86 417201 62 110 45 104 167 70 174 167 186 110 17 49 57
139 398351 W 70 124 24 33 10 84 17 19 36 106 13 21 85 31 384 84 71 60 396806 26 247
140 382645 H 57 15 37 26 17 46 381566 32 36 62 16 88 106 68 127 43 72 49 5 147 30
141 380338 S 64 33 24 40 64 49 24 49 35 71 19 21 179 19 78 379279 127 45 6 75 37
142 375560 N 60 34 113 22 31 66 65 69 88 97 2 374239 131 34 128 141 100 47 18 40 35
143 367826 L 53 26 39 43 84 87 83 79 54 366316 42 37 155 60 110 182 117 92 16 59 92
144 346695 N 65 32 148 23 22 74 38 72 79 118 11 345184 96 48 151 211 132 76 17 47 51
145 332976 D 5 50 331640 49 33 125 44 71 48 125 26 84 98 57 73 102 108 109 8 59 62
146 326132 T 275 33 43 26 15 91 46 103 54 83 14 43 175 29 125 143 324679 87 12 21 35
147 418350 T 236 37 26 33 24 135 54 80 53 115 13 24 155 38 141 140 416882 65 36 35 28
148 385040 Y 131 76 63 40 65 190 116 79 58 150 29 67 187 40 146 204 104 92 34 383081 88
149 389986 Q 129 43 77 88 42 133 139 54 50 215 16 44 261 387699 412 144 109 134 39 58 100
150 377652 R 75 31 46 41 42 203 48 45 136 83 77 27 110 34 376219 142 108 74 33 26 52
151 417117 T 198 23 65 71 37 137 73 132 108 175 15 70 256 69 175 209 415047 120 15 44 78
152 442865 R 215 72 61 71 103 307 97 204 157 337 35 130 325 70 439570 340 243 200 25 104 199
153 490644 A 487280 85 128 77 90 227 154 129 113 310 58 108 335 109 269 336 320 223 65 100 128
154 523182 L 179 98 116 158 153 344 180 184 115 519192 64 112 398 159 498 342 249 232 65 85 259
155 531271 V 272 80 108 157 89 372 103 212 124 388 47 88 243 125 447 309 233 527510 55 95 214
156 546006 R 293 331 120 142 100 318 658 148 124 434 70 132 433 126 541238 447 324 238 87 88 155
157 548360 T 448 140 134 101 74 405 184 441 135 292 40 183 420 125 498 464 543674 263 28 130 181
158 558381 G 420 231 485 118 125 553001 166 123 89 423 42 102 522 116 701 735 275 395 23 98 191
159 583712 M 429 79 195 181 151 345 280 522 202 553 576714 204 794 137 612 673 539 571 52 189 290
160 660506 D 463 147 653857 236 148 942 250 345 222 453 80 304 489 160 458 451 387 473 110 294 237
161 584601 P 349 175 188 190 142 633 259 240 159 607 72 167 578623 133 682 596 432 464 104 157 229
162 552078 R 424 203 180 260 206 930 168 237 334 577 176 200 363 207 545447 575 350 464 211 186 380
163 508063 M 256 117 149 154 105 402 157 318 167 386 503417 183 115 133 447 427 311 313 115 173 218
164 498686 C 217 494565 104 77 160 287 92 171 128 325 45 149 267 118 388 358 269 193 121 466 186
165 476275 S 211 111 96 90 146 337 115 69 147 329 35 119 368 130 382 472795 205 187 74 172 157
166 466560 L 144 142 72 106 94 264 87 162 103 463231 117 67 355 122 443 286 166 233 113 83 170
167 457771 M 154 82 59 97 77 215 64 459 122 270 454622 102 179 56 272 196 263 206 59 75 142
168 430969 Q 134 83 78 91 74 197 209 125 158 342 56 108 275 427473 553 211 136 159 52 94 361
169 397601 G 152 128 120 78 52 395459 41 93 65 164 26 85 132 49 236 206 125 189 70 64 67
170 425022 S 127 79 39 38 82 125 85 66 56 408 25 59 203 61 264 422801 159 95 73 85 92
171 418576 T 250 63 40 19 43 188 66 141 74 196 18 81 287 58 205 215 416347 114 31 49 91
172 447827 L 201 106 97 105 137 301 147 206 104 444234 65 50 474 106 360 334 202 241 58 108 191
173 567248 P 359 113 166 149 163 524 293 241 178 539 78 177 561945 157 463 506 371 268 82 216 260
174 573474 R 133 89 72 86 158 366 121 218 171 427 111 130 361 110 569454 485 252 243 105 154 228
175 471930 R 110 53 28 58 55 353 70 87 135 204 62 56 154 60 469649 216 161 163 110 62 84
176 509145 S 89 105 50 69 152 111 86 139 87 232 44 66 285 64 161 506786 185 133 54 117 130
177 533216 G 69 83 37 101 66 530896 72 90 71 270 53 50 128 71 330 197 121 174 49 71 217
178 517495 A 515005 90 97 51 89 201 99 86 77 173 30 89 318 53 192 216 235 195 41 78 80
179 536344 A 533884 39 46 104 47 137 60 79 59 159 14 61 121 52 91 298 611 346 24 53 59
180 552288 G 80 164 101 39 55 550726 35 71 26 127 8 51 99 31 150 173 83 160 30 39 40
181 548096 A 545216 90 118 62 77 168 71 87 64 250 54 54 274 70 208 251 566 191 57 60 108
182 560495 A 556288 99 89 139 58 437 108 83 72 214 22 68 237 75 398 304 745 880 54 57 68
183 589181 V 209 150 137 102 130 370 124 233 85 300 33 123 330 89 341 352 210 585492 82 110 179
184 597111 K 273 93 93 234 106 371 85 145 592816 324 64 324 255 213 470 286 258 266 52 138 245
185 511942 G 282 115 130 253 103 507852 131 140 162 271 49 130 308 132 475 340 277 317 82 117 276
186 499943 V 288 110 132 112 87 413 125 287 174 264 68 108 283 123 386 276 199 496193 65 110 140
187 490151 G 225 64 52 169 74 487232 125 80 58 246 40 73 336 91 371 205 182 178 188 79 83
188 388258 T 230 78 70 67 48 131 79 156 76 179 28 47 188 75 189 162 386073 151 27 66 138
189 305506 M 76 37 40 49 30 125 60 144 82 159 303681 60 153 49 188 137 153 148 36 39 60
190 296177 V 180 59 57 76 19 195 48 71 48 139 46 45 104 58 151 137 97 294516 28 35 68
191 281686 M 109 35 32 29 33 106 53 141 56 130 280027 39 143 69 158 94 154 112 67 38 61
192 253488 E 103 33 78 252218 24 228 32 12 61 97 7 23 64 42 116 74 57 96 24 27 72
193 312112 L 91 44 41 40 94 117 59 62 39 310464 37 54 151 47 195 198 95 121 26 58 79
194 365518 I 158 72 64 55 45 277 115 362655 61 204 110 71 512 85 269 183 221 177 34 63 87
195 346896 R 155 54 33 51 45 288 146 71 81 166 115 65 428 73 344510 199 160 81 56 38 81
196 359133 M 144 75 99 42 29 266 93 137 65 197 356611 40 300 66 265 112 172 158 90 76 96
197 378679 I 165 46 35 47 55 156 63 376670 35 119 44 85 301 52 233 124 161 160 24 46 58
198 359699 K 54 30 36 116 10 119 40 35 358519 88 8 33 129 63 110 93 78 33 14 25 66
199 338255 R 67 83 25 22 20 78 125 30 29 128 8 23 174 55 337054 99 92 55 24 16 48
200 334053 G 96 31 37 74 22 332853 38 46 32 72 6 28 97 37 166 89 67 113 87 23 39
201 332582 I 116 39 41 37 70 117 56 330989 38 108 30 57 177 57 140 114 110 148 29 31 78
202 339297 N 82 30 149 44 18 83 75 72 80 134 33 337585 276 43 140 167 119 68 28 38 33
203 315681 D 94 45 313930 104 40 262 40 88 48 106 20 109 83 52 136 127 94 120 31 76 76
204 330222 R 177 74 68 52 84 198 51 95 81 250 27 71 145 188 327822 206 179 136 167 55 96
205 344600 N 113 72 97 59 78 138 58 114 75 161 25 342619 186 42 129 200 119 117 38 68 92
206 399807 F 142 45 53 75 397662 146 77 71 59 298 20 69 337 81 151 167 106 105 26 61 56
207 410807 W 153 137 76 61 56 203 103 96 47 314 41 81 341 64 426 274 125 174 407828 62 145
208 312235 R 152 72 37 50 43 303 86 97 71 224 38 40 330 64 309889 223 150 143 38 72 113
209 331938 G 112 62 85 48 41 330580 27 55 60 108 14 24 122 52 83 188 76 95 24 38 44
210 351155 E 122 48 76 349443 27 196 77 66 116 109 13 23 120 48 119 89 100 123 29 28 183
211 342637 N 89 45 74 36 28 148 51 65 63 142 45 341185 128 41 118 139 83 61 18 29 49
212 324844 G 122 43 37 78 28 323393 25 47 40 118 14 38 130 21 192 112 92 133 25 41 115
213 318162 R 91 29 38 24 29 146 59 49 24 152 6 40 259 121 316602 105 114 71 21 38 144
214 309908 K 77 32 24 79 43 126 49 55 308654 118 17 57 93 33 120 58 75 82 24 38 54
215 306271 T 98 15 26 10 31 52 25 43 34 78 11 27 103 36 65 111 305397 34 25 20 30
216 285007 R 66 19 13 29 8 185 26 20 55 62 68 12 36 23 284120 105 59 36 30 16 19
217 265465 S 57 52 20 32 14 124 30 62 35 77 11 81 108 21 154 264352 79 69 19 34 34
218 275555 A 274811 17 32 17 12 91 10 25 8 37 12 14 52 14 65 85 96 78 27 9 43
219 274959 Y 38 64 15 20 29 70 54 21 20 66 8 18 54 8 47 55 37 30 17 274217 71
220 282307 E 23 11 42 281633 8 97 17 20 72 34 3 15 54 16 33 36 35 69 5 11 73
221 256031 R 67 18 29 43 10 129 20 42 84 58 8 5 57 23 255193 71 41 59 9 23 42
222 225052 M 32 8 16 10 17 22 9 62 19 53 224478 14 46 18 28 57 50 67 10 15 21
223 282757 C 0 282446 1 0 29 5 1 0 0 19 0 1 1 1 66 43 2 2 18 101 21
224 295439 N 11 3 51 2 4 12 20 30 16 12 2 295147 14 1 11 49 8 13 4 20 9
225 308256 I 17 5 5 7 19 27 6 307957 4 15 5 10 9 2 26 8 53 52 5 12 12
226 320816 L 11 4 1 1 28 17 30 20 11 320510 1 4 104 4 6 24 15 15 0 2 8
227 333238 K 24 14 12 57 2 33 8 31 332764 18 1 37 33 16 81 31 17 19 11 5 24
228 340340 G 37 20 8 42 11 339802 10 13 1 55 6 12 40 8 93 34 25 51 6 7 59
229 350333 K 69 25 21 79 15 155 20 64 349195 74 7 66 83 22 140 69 62 58 45 22 42
230 360936 F 62 43 15 32 359778 99 36 72 31 176 5 8 105 9 87 157 37 74 36 30 44
231 341693 Q 72 25 45 27 58 85 59 63 66 131 17 43 200 340019 307 142 97 74 16 49 98
232 325713 T 127 35 19 11 21 46 51 78 42 68 10 39 199 28 68 116 324634 50 3 38 30
233 313824 A 312279 55 74 40 31 153 73 18 34 107 4 43 193 40 132 155 123 148 33 35 54
234 270359 A 269143 43 20 44 19 88 25 26 23 74 7 13 113 18 85 137 262 131 31 28 29
235 265194 Q 70 28 30 35 27 103 54 38 33 100 8 28 92 264068 149 89 68 63 16 34 61
236 261758 R 68 46 21 30 35 232 49 65 65 144 79 34 221 39 260182 124 102 78 44 43 57
237 262913 A 260899 42 53 90 62 226 42 61 49 155 13 45 185 35 203 172 180 256 36 51 58
238 272532 M 30 65 31 52 73 127 57 181 111 178 270451 87 149 81 223 174 143 135 45 52 87
239 241677 M 76 36 31 50 30 104 38 148 47 151 240283 35 72 36 111 108 67 141 34 11 68
240 287728 D 82 40 286447 73 24 239 52 35 13 67 8 53 73 39 147 68 63 93 23 58 31
241 275905 Q 171 57 59 81 72 198 102 106 80 193 26 44 171 273451 362 200 155 160 43 52 122
242 320675 V 192 57 57 89 28 242 52 62 41 207 69 48 167 48 198 154 75 318750 52 25 62
243 322562 R 145 76 52 68 54 213 83 126 71 198 31 61 214 61 320385 264 121 145 51 49 94
244 319411 E 175 51 82 317132 57 266 61 77 137 174 36 42 244 85 150 151 162 150 36 73 70
245 346054 S 97 54 38 46 33 245 59 98 72 117 31 91 180 66 230 344267 96 112 34 35 53
246 338569 R 102 45 32 43 44 95 48 54 55 151 15 53 135 167 337035 121 69 77 135 39 54
247 343508 N 43 24 96 37 38 96 17 73 72 76 12 342407 43 19 112 128 62 41 22 41 49
248 375171 P 67 45 27 29 22 75 23 31 36 130 25 24 374069 90 128 87 78 73 15 41 56
249 394379 G 109 57 61 108 57 392477 43 63 57 116 24 89 129 57 294 137 78 134 39 51 199
250 382316 N 171 118 104 122 71 295 78 168 125 240 44 379374 194 73 251 227 152 169 63 113 164
251 406023 A 404819 20 44 33 20 109 22 41 33 100 22 16 72 26 92 97 174 206 17 8 52
252 400354 E 88 85 58 398556 44 263 45 47 100 157 13 50 118 43 172 154 77 114 38 34 98
253 412799 I 84 25 26 25 46 110 6 411757 24 96 9 33 63 33 129 60 64 116 17 16 60
254 399876 E 9 2 22 399488 0 82 2 5 127 6 5 3 3 11 13 15 3 36 5 4 35
255 403791 D 80 26 402461 57 41 152 70 70 35 145 15 75 88 29 92 81 45 96 19 45 69
256 385107 L 63 74 63 52 92 160 97 117 57 383171 30 51 208 72 188 136 89 149 40 80 118
257 388104 I 90 59 51 43 71 122 116 386300 12 224 8 51 248 50 150 139 73 144 36 46 71
258 350615 F 110 59 33 73 348436 114 94 112 83 298 18 74 202 76 154 237 141 104 36 64 97
259 339970 L 112 37 48 37 50 118 60 78 52 338334 48 54 195 91 112 135 100 174 35 36 64
260 346350 A 345092 15 31 57 18 105 35 27 39 61 0 35 81 22 97 117 188 247 15 14 54
261 293366 R 21 18 9 17 6 81 30 27 27 79 15 12 91 103 292524 36 50 25 142 19 34
262 361700 S 110 43 44 24 74 111 44 59 50 115 18 45 146 57 122 360276 95 103 25 67 72
263 352213 A 350032 59 43 82 48 159 47 66 64 162 24 62 83 59 193 168 350 345 26 65 76
264 294414 L 118 77 55 59 108 173 76 112 70 292492 24 44 120 58 209 163 87 171 38 66 94
265 307214 I 169 76 70 92 55 190 131 304359 133 255 89 64 238 72 291 183 259 219 40 85 144
266 329018 L 175 51 60 84 103 211 77 74 52 326833 65 40 168 83 218 230 138 136 41 55 124
267 345267 R 162 45 49 78 78 343 81 112 95 218 36 76 411 62 342739 261 139 116 38 54 74
268 385571 G 13 26 21 57 22 384400 27 29 18 88 12 17 220 35 200 88 78 68 94 24 34
269 399514 S 56 20 29 29 22 68 41 33 23 148 10 25 255 40 97 398315 103 63 21 30 86
270 404137 V 145 29 48 38 55 138 54 87 33 155 13 37 141 30 133 123 96 402673 36 35 38
271 392351 A 390746 56 53 27 40 143 58 42 26 133 21 52 128 48 112 167 235 168 24 33 39
272 392634 H 277 133 56 103 116 312 388272 178 136 415 61 182 540 207 420 343 216 226 84 163 194
273 390266 K 212 108 122 275 184 285 166 364 385243 570 114 279 189 172 382 389 333 307 66 165 341
274 370915 S 272 134 105 115 179 218 142 232 112 419 53 129 403 93 244 367137 307 239 41 171 170
275 339332 C 247 334596 128 136 148 388 153 235 139 403 65 137 411 111 465 406 309 302 92 174 287
276 287992 L 130 61 40 9 27 150 66 79 35 286217 64 57 126 77 279 178 117 108 91 37 44
277 213824 P 173 48 37 37 51 186 82 62 72 183 30 66 211692 32 198 429 188 138 50 27 43
278 184973 A 183232 36 86 79 39 155 40 60 64 112 22 49 163 25 158 139 201 188 20 31 74
279 159494 C 87 157530 29 57 52 131 45 21 30 214 25 26 197 38 469 150 74 86 56 109 68
280 145177 V 134 78 58 48 38 115 31 26 30 90 30 19 53 37 95 104 52 143978 38 46 77
281 98019 Y 47 57 61 59 64 126 81 72 53 175 33 57 61 29 106 96 62 104 51 96512 113
282 54578 G 210 66 43 91 51 52537 46 55 51 204 35 32 152 45 271 194 98 182 74 63 78
283 118869 P 163 73 42 78 52 256 96 53 41 239 42 57 116688 37 291 210 82 181 61 49 78
284 248617 A 247478 9 31 24 9 90 35 21 29 53 21 11 102 24 80 96 255 167 28 9 45
285 254437 V 116 34 41 24 40 73 30 125 24 162 5 24 156 19 102 122 55 253148 23 53 61
286 292069 A 291373 12 22 4 28 26 20 34 13 77 7 7 124 11 34 85 102 42 15 12 21
287 373271 S 0 33 0 2 2 51 4 28 0 3 0 35 6 12 47 372959 84 4 0 0 1
288 409748 G 49 41 54 5 8 409286 11 14 2 26 6 5 9 4 37 88 12 62 9 8 12
289 415869 Y 14 58 5 19 34 35 150 10 7 41 4 29 25 11 42 33 9 36 8 415264 35
290 455898 D 24 14 455120 25 27 82 26 18 21 75 2 85 53 16 69 86 45 28 9 49 24
291 460280 F 53 44 31 26 459092 90 20 41 26 234 17 31 56 20 58 189 38 68 27 61 58
292 464719 E 49 28 33 463710 14 173 37 24 123 55 7 12 47 22 95 60 52 87 6 15 70
293 460944 K 44 34 20 71 10 78 46 79 459943 59 12 52 73 46 106 67 67 43 22 9 63
294 449584 E 58 27 104 448437 23 203 28 26 60 66 10 33 54 39 103 67 60 70 10 17 89
295 424699 G 51 10 10 69 5 424084 9 35 22 44 11 20 26 21 87 38 28 58 0 12 59
296 364237 Y 67 115 31 31 39 84 107 49 21 75 16 56 36 15 87 56 45 45 24 363150 88
297 314408 S 100 50 41 70 53 156 43 55 43 173 19 77 169 48 147 312794 101 104 44 61 60
298 292160 L 162 75 95 69 54 162 51 84 76 290205 20 72 134 77 164 185 124 129 22 74 126
299 317872 V 164 77 71 75 44 217 44 40 55 172 62 67 114 42 205 180 112 315959 53 53 66
300 225480 G 134 52 42 155 68 223839 50 63 37 122 12 50 86 39 211 117 79 139 34 52 99
301 367872 I 157 73 81 73 71 177 77 365304 87 214 237 63 167 75 219 215 157 185 65 84 91
302 368096 D 155 66 365841 109 16 421 76 48 25 138 29 92 198 47 228 180 116 132 37 73 69
303 356707 P 104 37 33 36 22 143 133 31 50 178 23 27 355119 59 179 180 102 98 40 52 61
304 399909 F 147 78 54 79 397518 282 65 87 68 244 30 40 108 42 230 303 93 174 68 75 124
305 400766 K 183 54 54 155 49 194 50 68 398831 148 33 85 84 57 187 152 133 135 6 32 76
306 399621 L 83 59 28 48 17 171 33 24 44 398203 53 16 192 49 199 116 56 115 36 20 59
307 413184 L 130 50 43 47 78 263 51 77 27 411354 23 43 181 43 298 118 48 167 43 25 75
308 417934 Q 78 40 32 47 40 46 40 39 62 126 21 33 78 416549 271 127 60 99 51 20 75
309 415581 N 126 43 106 102 45 305 61 64 72 130 20 413670 89 38 154 184 89 126 55 37 65
310 408051 S 144 91 41 44 38 411 27 78 29 135 33 195 87 48 285 405912 112 163 64 42 72
311 432743 Q 113 33 70 61 54 284 70 78 80 273 30 35 177 430404 349 143 120 162 47 38 122
312 462762 V 181 71 53 104 54 250 68 144 61 221 28 45 189 82 313 187 103 460392 69 59 88
313 433996 Y 188 216 102 93 124 388 113 109 64 252 53 121 215 79 350 275 210 194 78 430578 194
314 433068 S 307 174 116 104 65 616 59 116 39 239 36 106 205 62 497 429749 178 182 90 59 69
315 425986 L 317 148 109 171 194 432 147 207 125 421175 78 108 548 155 593 339 239 425 121 147 208
316 489643 I 226 88 78 75 73 287 74 486957 49 197 57 92 194 74 299 202 151 272 38 60 100
317 458612 R 143 78 60 68 55 583 31 119 79 176 40 43 133 57 456251 168 145 129 60 68 126
318 458863 P 189 80 64 67 68 311 86 103 62 314 36 46 456234 93 343 262 130 155 62 80 78
319 470598 N 166 71 116 107 82 364 80 117 101 218 39 467690 164 55 299 319 145 209 68 86 102
320 494445 E 164 71 100 492026 91 446 45 50 122 178 39 47 67 44 198 190 76 244 70 44 133
321 523916 N 197 60 111 85 48 457 46 126 92 202 29 521185 164 57 248 263 106 204 82 85 69
322 533270 P 278 92 81 134 71 517 99 123 83 397 47 74 529496 169 392 342 255 271 98 80 171
323 538867 A 535051 116 77 166 102 332 113 160 96 295 61 92 243 75 384 401 369 458 79 74 123
324 567812 H 73 81 49 40 104 178 564798 133 107 347 77 84 296 199 338 283 145 151 25 184 120
325 568388 K 61 20 26 253 56 86 13 45 566817 106 70 107 81 26 305 91 80 78 4 22 41
326 490578 S 6 38 7 24 1 107 5 45 1 13 0 99 35 0 58 490076 20 18 6 9 10
327 484658 Q 33 51 21 56 10 86 93 10 99 75 22 25 68 483223 418 90 35 38 30 37 138
328 401075 L 234 90 120 139 74 350 118 149 111 397520 117 96 278 143 450 289 173 262 102 81 179
329 437793 V 214 66 105 200 57 380 49 104 92 230 92 50 156 126 335 194 129 434901 80 59 174
330 404150 W 154 141 83 82 68 259 69 107 87 234 53 88 160 58 296 213 161 189 401340 71 237
331 378303 M 196 91 73 111 62 332 101 202 96 270 374961 65 285 90 281 233 209 282 121 73 169
332 392115 A 389093 61 100 137 70 254 97 96 53 181 54 45 273 56 263 291 387 335 81 61 127
333 420845 C 134 416849 76 79 146 296 111 153 92 407 98 94 280 91 549 281 209 249 109 287 255
334 432346 N 97 55 119 75 84 101 101 155 113 242 34 430044 150 74 165 182 105 157 41 125 127
335 393666 S 160 54 67 145 120 262 65 120 109 228 52 90 143 70 295 390981 227 183 67 99 129
336 374812 A 372716 55 105 112 37 212 39 67 62 127 25 51 110 40 160 161 333 230 52 42 76
337 359735 A 358021 51 59 104 39 223 34 54 44 102 19 50 82 34 183 137 161 209 40 35 54
338 371186 F 82 47 40 51 369622 286 18 59 22 158 19 19 78 25 196 115 67 153 50 28 51
339 362416 E 84 15 126 361257 15 273 21 12 55 46 18 11 47 31 129 53 25 90 15 20 73
340 335809 D 59 48 334395 52 65 192 61 43 26 129 12 67 115 20 116 102 53 130 26 59 39
341 349114 L 39 4 5 11 8 64 25 39 11 348433 5 8 162 41 97 52 36 57 3 2 12
342 337269 R 108 62 34 90 34 225 38 66 55 188 24 22 101 26 335705 156 68 117 42 39 69
343 301768 V 60 11 18 50 18 90 21 82 25 89 8 18 35 24 74 29 28 301038 14 12 24
344 293427 L 64 45 34 31 60 179 31 71 23 292247 15 28 78 11 121 113 60 94 23 32 67
345 253208 S 109 78 28 27 26 176 44 67 38 104 21 61 97 32 183 251801 81 114 30 37 54
346 230038 F 74 38 33 38 228973 142 26 38 16 151 7 10 51 26 109 96 36 86 20 32 36
347 290186 I 56 39 30 17 59 139 27 289068 15 71 28 51 56 31 155 64 99 107 17 28 29
348 275323 R 65 34 38 30 29 175 28 79 50 72 10 23 44 17 274276 114 60 76 21 25 57
349 266067 G 78 26 27 63 15 265254 21 27 12 60 8 18 50 15 99 65 33 105 65 5 21
350 336692 T 148 65 31 9 28 139 23 57 19 113 11 36 164 27 180 157 335289 89 19 46 42
351 345391 K 75 45 39 69 24 106 37 55 344224 77 11 110 35 51 141 71 70 65 22 13 51
352 363434 V 94 22 22 65 35 116 26 116 35 138 18 13 63 41 62 82 41 362338 23 33 51
353 367820 S 26 14 18 7 52 20 12 49 8 84 14 12 100 20 71 367151 39 35 10 58 20
354 346871 P 110 73 59 65 48 153 11 69 52 85 33 38 345241 103 145 140 122 154 29 42 99
355 338827 R 8 7 3 1 8 174 4 1 46 16 81 3 12 2 338358 56 10 8 19 2 8
356 304439 G 22 16 7 44 13 304016 11 21 2 26 3 3 13 9 79 25 22 47 42 7 11
357 303307 K 37 14 18 129 24 39 11 23 302536 38 6 69 43 21 86 66 20 31 16 38 42
358 307136 L 55 27 28 23 52 123 23 56 26 306158 8 14 98 26 105 68 56 97 23 22 48
359 291194 S 66 9 27 52 66 82 29 39 37 65 11 26 79 18 85 290289 68 53 3 54 36
360 335638 T 145 48 38 54 53 130 46 54 37 127 13 53 53 58 133 127 334238 111 36 30 54
361 315454 R 125 77 37 88 97 203 48 118 55 207 41 39 79 56 313533 168 82 168 52 65 116
362 291595 G 122 24 28 60 12 290579 16 25 18 64 15 12 83 36 161 73 47 110 32 15 63
363 336699 V 156 38 21 44 21 125 23 86 22 124 21 27 60 24 108 62 29 335601 21 30 56
364 334841 Q 85 60 38 64 30 156 58 59 88 153 13 24 115 333192 206 135 66 131 27 41 100
365 354386 I 105 51 23 47 45 165 40 352998 39 110 24 49 85 37 167 96 80 88 58 28 51
366 312284 A 311194 36 51 35 12 109 18 42 38 75 21 26 65 30 110 87 136 122 23 24 30
367 306470 S 113 42 32 60 43 170 41 49 26 158 36 34 102 42 151 305035 61 104 55 39 77
368 313263 N 63 26 58 51 44 109 38 67 44 110 18 312011 98 24 121 122 60 78 26 48 47
369 309375 E 78 34 40 308306 30 153 27 33 67 86 12 23 65 40 73 72 56 94 19 16 51
370 319232 N 14 40 52 28 26 77 29 54 53 64 6 318319 35 11 107 65 93 54 21 47 37
371 316500 M 63 59 27 31 18 111 33 131 52 99 315214 33 74 23 116 102 99 81 30 34 70
372 329469 D 61 30 328426 59 17 153 32 27 18 77 12 55 78 13 85 71 58 81 13 59 44
373 328300 A 326954 51 63 40 32 162 17 37 44 124 10 33 67 18 142 110 139 153 13 40 51
374 361593 M 125 30 45 40 26 211 27 118 56 104 359966 33 116 23 163 121 131 158 49 22 29
375 347662 E 89 14 66 346136 22 246 18 40 81 149 28 36 114 55 110 73 67 149 43 27 99
376 273216 S 95 54 30 43 30 207 25 49 32 137 29 21 104 27 193 271759 83 97 42 37 122
377 278169 S 116 76 40 45 40 286 72 61 40 136 34 78 100 37 231 276488 78 72 44 34 61
378 258198 T 143 49 32 33 11 158 27 50 68 64 17 31 53 29 167 110 256968 81 40 28 39
379 264949 L 48 37 35 29 44 114 48 59 14 263877 14 15 150 22 150 70 43 85 25 23 47
380 267689 E 92 38 60 266549 28 159 19 29 56 58 13 15 66 34 106 102 52 102 28 20 63
381 273705 L 56 31 31 41 30 106 33 32 34 272580 27 24 139 55 146 84 60 91 27 30 48
382 287708 R 52 47 61 64 45 315 48 92 90 168 26 46 115 36 285898 192 151 128 17 23 94
383 328228 S 205 139 60 105 89 302 62 134 77 161 56 133 117 66 220 325750 114 190 50 62 136
384 350603 R 199 112 64 84 64 596 50 89 85 187 81 61 62 81 347921 229 125 223 135 48 107
385 409280 Y 160 140 79 93 100 280 101 99 68 287 42 114 123 44 258 234 138 257 67 406444 152
386 401362 W 174 132 80 112 40 440 74 87 92 304 60 49 128 94 486 173 167 216 398145 76 233
387 371433 A 369406 31 90 79 3 319 63 51 48 127 23 31 225 48 201 136 227 242 10 13 60
388 417823 I 186 94 75 100 70 253 82 414231 126 400 325 95 193 116 359 283 180 233 76 91 255
389 401521 R 160 80 90 100 102 373 72 201 114 286 35 58 106 70 398641 211 153 295 20 110 244
390 412775 T 229 149 90 99 132 349 97 170 94 401 64 124 202 131 365 377 409052 259 82 107 202
391 425204 R 212 145 99 163 130 600 87 260 185 473 98 108 258 82 420804 435 276 304 98 103 284
392 411262 S 202 164 97 117 93 371 113 141 99 265 43 116 194 109 384 407990 207 200 84 88 185
393 419285 G 141 50 27 85 30 417770 41 79 40 109 16 37 87 41 220 107 78 136 40 49 102
394 396962 G 95 62 42 105 62 395384 28 56 37 113 21 35 112 29 281 128 66 117 27 38 124
395 404050 N 210 129 157 113 108 354 126 153 113 260 59 400417 178 114 373 349 179 302 91 119 146
396 405342 T 336 161 130 144 119 441 139 219 116 342 57 114 254 106 513 379 401072 325 94 113 168
397 451420 N 222 134 154 113 88 389 116 159 138 305 40 447809 120 105 366 349 154 237 109 154 159
398 455073 Q 251 131 98 95 103 428 160 171 125 214 6 123 312 451273 482 317 161 227 88 97 211
399 413411 Q 252 85 76 157 111 677 187 84 93 340 55 63 321 409299 571 249 172 288 87 66 178
400 374179 R 181 87 54 79 49 593 53 65 83 138 102 41 126 59 371751 193 106 165 126 34 94
401 353503 A 351642 40 52 74 40 352 41 42 31 115 19 24 184 29 176 147 165 225 28 22 55
402 357834 S 177 44 58 86 48 418 66 74 50 166 30 23 267 49 244 355536 112 168 49 91 78
403 359043 A 355927 119 40 112 78 528 79 71 68 219 24 65 225 62 223 299 229 373 104 89 109
404 370394 G 270 168 133 99 77 368049 20 64 42 177 32 30 110 27 209 263 108 262 79 57 118
405 367896 Q 65 6 41 79 42 36 118 99 115 226 31 58 329 366073 99 102 152 119 3 19 84
406 382668 I 35 19 19 19 40 43 23 381783 15 92 17 41 81 15 53 94 137 77 3 33 29
407 349618 S 22 39 12 13 25 213 17 45 2 59 5 40 36 11 77 348868 21 55 12 26 20
408 353783 V 90 14 15 39 7 81 7 8 7 55 66 6 4 8 51 25 3 353258 18 3 18
409 353081 Q 211 83 70 80 50 376 95 89 88 304 46 58 168 349740 361 238 158 236 67 60 503
410 329697 P 181 68 59 90 16 313 95 35 52 187 31 27 327466 75 255 262 86 186 75 48 90
411 348181 A 345761 95 46 99 31 319 51 70 39 100 34 58 133 57 256 158 440 254 36 50 94
412 356830 F 204 94 67 99 354134 548 16 131 62 175 62 32 133 39 249 209 100 257 61 54 104
413 317588 S 126 105 75 102 165 539 69 135 87 258 62 69 185 63 234 314620 150 220 73 116 135
414 329144 V 252 74 55 128 59 486 60 64 60 178 93 50 142 39 332 213 124 326538 67 33 97
415 337355 Q 212 49 53 104 40 395 45 64 77 231 45 36 108 334787 356 157 85 201 101 27 182
416 339646 R 166 52 61 88 75 444 59 97 86 184 9 60 104 61 337271 228 104 236 45 78 138
417 315054 N 93 67 70 48 34 181 50 50 63 94 12 313522 66 41 142 147 90 134 44 43 63
418 334560 L 136 44 43 60 102 361 75 134 34 332442 23 20 228 56 248 153 102 124 76 38 61
419 360019 P 257 87 105 112 55 326 51 150 77 300 53 69 357071 130 305 265 174 225 27 68 112
420 336874 F 234 75 87 111 333533 467 76 137 62 314 42 55 128 82 396 294 151 261 138 93 138
421 343299 D 181 97 340780 110 89 302 56 75 51 181 31 134 117 41 224 204 118 246 23 103 136
422 332332 K 118 46 66 135 87 442 63 99 329966 142 24 79 127 70 226 185 105 175 37 51 89
423 325581 P 184 84 75 94 55 573 106 91 73 236 23 58 322651 134 348 248 126 166 80 70 106
424 338249 T 277 101 128 110 121 504 84 194 79 279 34 83 241 86 351 334 334643 314 86 82 118
425 343502 I 173 92 81 88 89 365 84 340702 60 223 45 107 139 44 271 204 202 271 87 73 102
426 331726 M 176 98 44 93 70 243 79 169 90 247 328865 50 179 68 312 198 221 224 87 69 144
427 305151 A 302877 97 55 109 55 297 52 53 51 117 16 44 162 68 213 198 207 304 46 56 74
428 301792 A 299431 51 81 97 58 359 46 73 49 173 36 36 122 39 236 195 279 245 40 53 93
429 299987 F 166 96 91 79 297139 359 55 121 91 307 34 75 128 53 277 208 135 201 94 115 163
430 276439 T 163 47 43 78 54 145 34 93 30 107 40 61 47 35 114 151 274946 105 37 43 66
431 292589 G 112 75 56 116 88 290186 521 91 44 112 15 38 70 57 218 205 110 206 129 54 86
432 296500 N 191 108 162 100 77 424 114 142 86 237 38 293275 216 63 303 298 166 189 104 100 107
433 316159 T 219 106 48 69 73 174 42 237 69 196 48 54 110 69 232 241 313732 165 76 66 133
434 328264 E 253 70 135 325105 44 675 47 80 99 185 57 38 102 70 359 191 136 260 112 52 194
435 349621 G 283 72 83 243 41 347124 44 67 68 182 33 39 84 67 392 159 73 275 83 54 155
436 355620 R 308 81 99 207 97 872 58 166 211 277 53 91 154 107 351711 237 186 362 89 77 177
437 363814 T 270 83 99 157 49 592 54 139 102 239 45 73 146 94 381 237 360460 246 109 61 178
438 378391 S 189 68 76 151 42 535 49 67 67 254 31 50 147 75 296 375670 133 205 64 46 176
439 368231 D 149 34 366248 123 36 471 54 65 39 143 19 54 72 34 189 125 67 140 46 67 56
440 355589 M 151 59 57 94 60 372 45 158 76 194 353086 53 94 77 249 159 172 215 96 37 85
441 342474 R 56 33 14 40 10 365 11 19 77 57 144 18 36 19 341231 83 59 83 59 16 44
442 344788 A 342668 78 76 132 36 343 33 58 35 144 30 34 116 57 190 174 188 267 45 22 62
443 351860 E 103 58 93 350099 32 359 22 50 113 127 28 32 59 43 150 92 81 167 39 31 82
444 351435 I 221 112 99 109 82 618 75 347965 74 251 50 98 113 76 457 226 127 337 128 72 145
445 391574 I 282 143 170 179 72 620 84 387047 142 355 262 115 166 107 427 328 258 389 116 98 214
446 354668 R 395 210 179 209 170 973 114 156 189 492 197 107 271 168 349002 478 221 485 278 148 226
447 347170 M 257 108 116 96 96 592 81 204 83 268 343396 67 181 67 423 296 187 284 123 95 150
448 344798 M 125 42 60 69 33 249 21 223 78 152 342684 50 64 38 216 139 123 251 62 42 77
449 318839 E 80 52 65 317087 47 363 36 28 119 124 32 38 97 44 159 118 53 135 57 26 79
450 340796 G 111 108 97 59 35 339173 28 32 44 98 21 34 67 42 218 286 63 147 43 38 52
451 377439 A 374453 146 59 82 37 400 34 48 42 141 18 41 82 38 232 166 640 634 67 34 45
452 372306 K 112 36 32 106 23 188 49 78 370587 81 24 129 86 46 218 125 101 125 39 40 81
453 361406 P 70 29 32 23 20 188 31 21 19 100 15 21 360317 90 87 100 59 82 24 25 53
454 370108 E 88 42 55 368892 49 168 27 25 54 94 7 33 61 35 112 91 50 98 19 27 81
455 375561 E 235 152 128 372158 88 357 68 134 145 262 57 101 140 113 315 298 148 284 73 79 226
456 383720 M 133 97 46 87 84 206 56 229 91 296 380786 59 135 78 246 282 221 264 85 83 156
457 371462 S 241 181 104 140 165 284 102 138 99 303 57 116 228 93 306 368022 232 227 66 193 165
458 380824 F 173 148 115 164 376543 724 96 145 92 408 89 68 145 86 303 398 165 360 182 170 250
459 360831 Q 232 70 77 107 68 582 168 131 116 390 45 60 292 356557 1004 204 140 352 87 30 119
460 329372 G 208 150 88 207 112 326473 46 110 87 263 58 63 153 91 263 238 93 372 60 83 154
461 315403 R 441 77 42 86 91 686 98 79 24 361 44 44 285 277 311809 189 124 243 225 60 118
462 284550 G 402 149 129 314 69 280459 129 77 41 308 37 41 442 140 615 305 143 300 130 91 229
463 274773 V 286 78 72 79 99 250 79 196 48 340 71 49 228 68 282 263 129 271879 82 66 129
464 288115 F 356 253 196 156 282637 588 117 309 112 680 100 146 190 139 229 587 272 583 86 169 210
465 350671 E 291 165 146 345843 197 512 131 161 234 629 98 124 135 141 282 510 218 183 161 188 322
466 304648 L 179 127 85 102 256 413 157 159 95 301233 64 83 273 109 238 269 114 316 104 126 146
467 324000 S 37 114 28 66 117 181 70 105 75 427 66 79 150 77 273 321390 196 187 112 87 163
468 354611 D 163 125 351968 130 70 502 40 84 26 142 38 94 65 49 178 262 144 226 79 102 124
469 425548 E 223 151 181 420459 290 527 119 269 287 457 61 125 260 110 314 476 221 462 74 228 254
470 454019 R 296 142 108 155 115 880 148 171 227 471 226 123 326 158 449021 459 266 317 110 93 207
471 448960 A 444379 116 81 156 67 753 142 110 110 362 52 109 579 132 328 257 399 480 113 77 158
472 457092 A 455239 25 38 64 64 83 25 64 29 71 13 35 134 9 13 307 281 520 8 48 22
473 483824 N 53 25 109 66 19 167 68 44 80 101 15 482280 140 61 161 141 104 55 31 47 57
474 473760 P 117 53 40 75 25 364 38 19 27 212 4 28 471726 130 276 189 109 156 77 14 81
475 454891 I 159 128 92 129 95 560 70 451687 121 259 61 108 51 79 302 210 167 303 107 80 123
476 410784 V 289 93 57 144 55 600 45 54 58 246 247 56 121 72 290 226 110 407720 110 65 126
477 400842 P 163 74 66 70 55 212 114 109 80 238 30 58 398519 70 190 252 142 202 30 50 118
478 380192 S 183 89 67 114 99 377 54 71 53 214 46 39 231 70 263 377576 153 209 71 101 112
479 385686 F 105 92 55 89 383448 349 40 76 54 369 36 48 69 33 174 178 73 207 68 60 63
480 376160 D 104 33 374663 75 21 268 38 26 23 65 13 86 64 16 102 104 163 144 27 80 45
481 326466 M 128 72 45 59 32 213 42 165 59 161 324326 32 125 33 222 161 136 236 80 54 85
482 388734 S 117 139 48 130 39 835 29 74 50 84 34 125 98 19 316 386164 72 212 74 21 54
483 425421 N 41 35 63 28 34 170 7 52 56 89 15 424325 31 22 139 103 36 57 35 30 53
484 374538 E 52 24 82 373457 17 227 10 12 56 74 14 23 37 37 87 49 47 89 24 22 98
485 336463 G 78 27 20 65 47 335403 7 28 25 120 5 23 41 24 149 71 41 110 36 17 126
486 339221 S 52 38 15 38 40 122 20 23 25 61 11 11 108 22 72 338362 36 74 24 35 32
487 339078 Y 31 84 33 33 43 98 136 47 15 64 16 28 20 22 71 79 42 89 39 338009 79
488 333782 F 47 35 17 40 332668 125 17 67 44 165 14 30 29 25 84 89 46 74 24 64 78
489 315967 F 41 24 24 34 315032 160 27 39 24 135 13 8 41 22 77 86 20 61 20 37 42
490 313471 G 73 22 26 55 32 312449 16 35 18 83 15 18 46 19 177 92 56 126 29 25 59
491 316837 D 70 31 315490 85 58 244 29 48 35 92 16 69 30 21 72 89 35 158 31 67 67
492 320802 N 33 27 82 30 40 76 35 76 72 63 30 319720 28 22 126 130 53 30 28 50 51
493 379700 A 377940 8 48 83 30 232 46 58 33 135 10 31 74 34 138 171 251 307 5 35 31
494 320905 E 146 55 104 318776 46 471 29 51 69 150 29 26 112 77 216 125 61 169 69 27 97
495 326500 E 133 65 69 324462 33 499 14 28 63 100 13 32 110 67 281 131 73 159 48 27 93
496 316225 Y 99 202 33 59 67 263 60 25 33 109 18 36 81 31 178 121 51 98 54 314487 120
497 294778 D 220 93 291649 144 63 703 70 70 50 191 40 124 116 57 304 183 124 286 124 69 98
498 230387 N 550 296 191 239 215 1082 176 284 240 683 95 222663 405 169 898 541 366 606 219 160 309
