# nucleotide counts
# upper case indicates nucleotide called by both reads
# lower case indicates nucleotide called by one read with other ambiguous
# N indicates disagreement between reads, or both ambiguous
# POSITION WT COUNTS A T C G a t c g N
1 A 555801 555605 40 8 89 23 0 0 0 36
2 T 558341 41 558091 77 10 0 74 0 0 48
3 G 558516 83 42 13 558307 0 0 0 29 42
4 G 557143 28 24 9 556965 0 0 0 55 62
5 C 533436 29 147 533157 33 0 0 17 0 53
6 G 544898 119 28 7 544652 0 0 0 28 64
7 T 558120 23 557762 108 7 0 35 0 0 185
8 C 561765 27 54 561574 10 0 0 39 0 61
9 C 563087 42 76 562871 19 0 0 55 0 24
10 C 561766 65 70 561513 13 0 0 75 0 30
11 A 559086 558816 30 18 97 90 0 0 0 35
12 A 559828 559615 33 15 107 18 0 0 0 40
13 G 561921 186 58 3 561588 0 0 0 45 41
14 G 572849 66 12 24 572626 0 0 0 54 67
15 C 533561 25 53 533358 16 0 0 54 0 55
16 A 485527 484846 32 14 80 33 0 0 0 522
17 C 476546 20 34 476418 8 0 0 34 0 32
18 C 463671 36 37 463471 11 0 0 88 0 28
19 A 462058 461902 19 11 49 44 0 0 0 33
20 A 459749 459634 13 1 41 29 0 0 0 31
21 A 458617 458396 21 28 54 51 0 0 0 67
22 C 455920 24 94 455685 11 0 0 59 0 47
23 G 422268 58 30 5 422077 0 0 0 53 45
24 G 425888 31 10 10 425767 0 0 0 22 48
25 T 427017 23 426536 65 12 0 21 0 0 360
26 C 445550 47 45 445369 7 0 0 41 0 41
27 T 476780 16 476310 297 9 0 86 0 0 62
28 T 441231 18 440895 182 5 0 98 1 0 32
29 A 443447 443299 23 4 77 28 0 0 0 16
30 T 436365 44 436069 81 10 0 130 0 0 31
31 G 447960 87 17 14 447755 0 0 0 39 48
32 A 459724 459434 29 5 83 91 0 0 0 82
33 A 424260 424034 36 14 80 54 0 0 0 42
34 C 409161 39 64 408930 11 0 0 36 0 81
35 A 362470 362296 27 11 72 32 0 0 0 32
36 G 419284 59 31 13 419071 0 0 0 45 65
37 A 436625 436393 41 6 82 49 0 0 0 54
38 T 438630 48 438433 50 5 0 60 0 0 34
39 G 441651 70 35 11 441456 0 0 0 40 39
40 G 430841 47 18 10 430629 0 0 0 118 19
41 A 433097 432911 21 7 97 9 0 0 0 52
42 A 443232 443053 31 9 87 19 0 0 0 33
43 A 444404 444187 25 16 65 16 0 0 0 95
44 C 480523 37 47 480269 5 0 0 49 0 116
45 T 448696 14 448483 105 20 0 40 0 0 34
46 G 460548 51 28 11 460375 0 0 0 39 44
47 A 458008 457776 37 1 99 35 0 0 0 60
48 T 460025 53 459789 71 17 0 61 0 0 34
49 G 459508 51 52 16 459323 0 0 0 41 25
50 G 466071 50 39 18 465886 0 0 0 49 29
51 G 463266 92 46 9 463042 0 1 0 27 49
52 G 467548 109 19 11 467320 0 0 0 38 51
53 A 450204 450007 20 4 99 17 0 0 0 57
54 A 452710 452458 14 16 92 37 0 0 0 93
55 C 464297 31 102 464069 12 0 0 43 0 40
56 G 464352 148 34 29 464017 0 0 0 43 81
57 C 472988 25 23 472870 13 0 0 36 0 21
58 C 470164 18 49 470057 6 0 0 14 0 20
59 A 467284 466654 31 333 161 66 0 0 0 39
60 G 477844 44 26 13 477699 0 0 0 30 32
61 A 475400 475206 17 4 59 74 0 0 0 40
62 A 490448 490217 35 12 78 42 0 0 0 64
63 T 467017 18 466842 87 11 0 12 0 0 47
64 G 482864 126 21 16 482566 0 0 0 72 63
65 C 492397 31 158 492074 18 0 0 54 0 62
66 A 471440 471238 20 11 84 65 0 0 0 22
67 A 501789 501536 35 7 72 26 0 0 0 113
68 C 497670 23 25 497557 6 0 0 24 0 35
69 T 491350 30 491024 137 9 0 73 0 0 77
70 G 495232 94 25 7 495029 0 0 0 37 40
71 A 464158 463866 36 9 103 98 0 0 0 46
72 G 496974 87 24 12 496733 0 0 0 42 76
73 A 461787 461547 26 4 87 54 0 0 0 69
74 T 500858 34 500557 60 14 0 88 0 0 105
75 C 473067 35 54 472798 37 0 0 78 0 65
76 A 445619 445272 45 14 147 104 0 0 0 37
77 G 462340 76 30 31 462137 0 0 0 28 38
78 A 460215 460035 13 6 92 26 0 0 0 43
79 G 481147 61 21 12 480981 0 0 0 32 40
80 C 469890 27 100 469641 18 0 0 43 0 61
81 A 443863 443633 32 6 56 75 0 0 0 61
82 T 453765 29 453513 122 5 0 38 0 0 58
83 C 455500 30 33 455346 15 0 0 44 0 32
84 C 459717 51 113 459440 17 0 0 42 0 54
85 G 447635 116 17 8 447411 0 0 0 44 39
86 T 448480 36 448235 54 8 0 36 0 0 111
87 C 447511 36 92 447289 19 0 0 45 0 30
88 G 449758 133 40 18 449505 0 0 0 31 31
89 G 451448 54 31 15 451277 0 0 0 50 21
90 G 461118 76 22 12 460929 0 0 0 49 30
91 A 458213 458009 33 4 62 20 0 0 0 85
92 A 456536 456331 36 1 92 41 0 0 0 35
93 G 446173 60 28 9 446001 0 0 0 24 51
94 A 437885 437687 39 2 55 36 0 0 0 66
95 T 432020 24 431899 41 5 0 22 0 0 29
96 G 436913 52 9 4 436779 0 0 0 22 47
97 A 453635 453411 36 1 65 76 0 0 0 46
98 T 452726 35 452524 76 8 0 41 0 0 42
99 T 441691 25 441473 116 8 0 49 0 0 20
100 G 442968 68 23 8 442786 0 0 0 37 46
101 A 439710 439458 50 5 94 28 0 0 0 75
102 T 431597 36 431442 50 15 0 22 0 0 32
103 G 426521 76 23 9 426359 0 0 0 26 28
104 G 437266 49 19 14 437081 0 0 0 35 68
105 A 423705 423503 41 4 83 27 0 0 0 47
106 A 412421 412305 17 2 53 11 0 0 0 33
107 T 414227 19 414084 61 8 0 31 0 0 24
108 T 409308 27 409105 58 8 0 76 1 0 33
109 G 414153 39 45 16 413978 0 0 0 37 38
110 G 407884 62 22 5 407727 0 0 0 35 33
111 A 395135 394802 24 8 143 28 0 0 0 130
112 C 403762 28 97 403477 13 0 0 63 0 84
113 G 354402 78 19 6 354237 0 0 0 40 22
114 A 401884 401680 23 3 45 49 0 0 0 84
115 T 408330 25 408147 58 16 0 41 0 0 43
116 T 380270 25 380126 45 3 0 30 0 0 41
117 C 381651 36 42 381518 10 0 0 15 0 30
118 T 374525 20 374164 180 5 0 123 0 0 33
119 A 387839 387537 26 5 86 54 0 0 0 131
120 C 386129 15 99 385847 53 0 0 67 0 48
121 A 352788 352215 21 426 66 27 0 0 0 33
122 T 360596 73 359952 70 382 0 40 0 1 78
123 C 333403 182 23 333137 5 0 0 46 0 10
124 C 336530 173 47 336244 7 0 0 32 0 27
125 A 334872 334732 12 13 45 42 0 0 0 28
126 A 323410 323318 9 4 30 21 0 0 0 28
127 A 323267 323174 18 1 31 23 0 0 0 20
128 T 310285 15 310115 37 73 0 22 0 0 23
129 G 363495 44 18 8 363286 0 0 0 63 76
130 T 346327 19 345887 63 69 0 62 0 0 227
131 G 348740 110 20 6 348559 0 0 0 5 40
132 C 348624 53 85 348422 15 0 0 28 0 21
133 A 343661 343366 36 8 79 20 0 0 0 152
134 C 341373 20 33 341248 6 0 0 33 1 32
135 T 328805 16 328651 69 16 0 34 0 0 19
136 G 365007 35 18 8 364892 0 0 0 36 18
137 A 383384 383217 13 4 49 39 0 0 0 62
138 A 399500 399267 22 7 51 37 0 0 0 116
139 C 426467 27 46 426311 5 0 0 47 0 31
140 T 426146 11 425952 94 7 0 52 0 0 30
141 T 425550 49 425226 192 4 0 59 0 0 20
142 A 429484 429330 43 2 52 40 0 0 0 17
143 A 429444 429287 10 3 41 58 0 0 0 45
144 A 454304 454004 17 25 50 44 0 0 0 164
145 C 452786 15 38 452645 1 0 0 55 0 32
146 T 421516 11 421356 71 5 0 15 0 0 58
147 C 431618 29 50 431449 11 0 0 35 0 44
148 A 420429 420171 29 26 97 21 0 0 0 85
149 G 452854 33 49 8 452691 0 0 0 35 38
150 T 450551 60 450100 77 18 0 11 0 0 285
151 G 491425 64 18 12 491214 0 0 0 50 67
152 A 505889 505626 32 5 97 69 0 0 0 60
153 T 480235 57 479979 91 13 0 71 0 0 24
154 T 498749 15 498559 81 7 0 62 0 0 25
155 A 500635 500383 53 6 69 94 0 0 0 30
156 T 504255 70 503982 92 11 0 61 0 0 39
157 G 505628 79 41 6 505425 0 0 0 33 44
158 A 475407 475117 42 26 145 24 0 0 0 53
159 G 477474 68 80 11 477232 0 0 0 46 37
160 G 436684 56 47 10 436516 0 0 0 32 23
161 G 424941 59 15 13 424766 0 0 0 59 29
162 G 424241 51 17 16 424059 0 0 0 55 43
163 C 400718 29 127 400443 37 0 0 21 0 61
164 G 405319 83 29 19 405091 0 0 0 26 71
165 A 405433 405095 41 16 69 9 0 0 0 203
166 C 406112 30 51 405975 9 0 0 22 0 25
167 T 403570 18 403381 83 16 0 27 0 0 45
168 G 398680 56 29 8 398524 0 0 0 40 23
169 A 441264 440971 37 18 58 45 0 0 0 135
170 T 427694 44 427520 68 6 0 15 0 0 41
171 C 420871 31 48 420748 19 0 0 14 0 11
172 C 420500 40 49 420342 9 0 0 37 0 23
173 A 405343 405039 25 10 93 131 0 0 0 45
174 G 408161 77 17 14 407995 0 0 0 39 19
175 A 390867 390726 25 13 53 22 0 0 0 28
176 A 391276 391092 33 12 57 25 0 0 0 57
177 C 393189 34 48 392976 7 0 0 56 0 68
178 A 309049 308957 5 7 40 20 0 0 0 20
179 G 316937 52 16 6 316817 0 0 0 18 28
180 C 314359 21 15 314272 8 0 0 11 0 32
181 T 313064 11 312919 62 8 0 44 0 0 20
182 T 316368 28 316092 200 5 0 11 0 0 32
183 A 311477 311278 67 3 47 55 0 0 0 27
184 A 331434 331151 31 54 45 58 0 0 0 95
185 C 344794 21 54 344575 41 0 0 74 0 29
186 A 325413 325206 22 7 77 73 0 0 0 28
187 A 336863 336342 30 4 396 39 0 0 0 52
188 T 306859 185 306440 132 12 0 66 0 0 24
189 A 319751 319434 18 4 238 35 0 0 0 22
190 G 325123 28 33 6 325014 0 0 0 18 24
191 A 332777 332595 12 2 76 53 0 0 0 39
192 G 336648 21 17 9 336533 0 0 0 37 31
193 A 309421 309182 70 3 58 52 0 0 0 56
194 G 326047 78 12 9 325856 0 0 0 39 53
195 A 328156 327980 18 38 48 35 0 0 0 37
196 A 337554 337451 12 4 47 17 0 0 0 23
197 T 339639 27 339437 36 3 0 16 0 0 120
198 G 330909 35 50 10 330713 0 0 0 41 60
199 G 334959 45 52 6 334784 0 0 0 31 41
200 T 315290 50 314690 49 9 0 47 0 0 445
201 G 338328 89 26 18 338110 0 0 0 33 52
202 C 337954 22 37 337788 15 0 0 44 0 48
203 T 337986 15 337818 66 8 0 16 0 0 63
204 C 344792 30 24 344665 5 0 0 17 0 51
205 T 344025 18 343865 64 5 0 37 0 0 36
206 C 368678 30 34 368556 5 0 0 25 0 28
207 T 366592 29 366381 92 7 0 51 0 0 32
208 G 372225 112 27 9 372008 0 0 0 38 31
209 C 372497 21 39 372370 19 0 0 23 0 25
210 T 362631 16 362451 98 7 0 38 0 0 21
211 T 370353 20 370227 48 9 0 24 0 0 25
212 T 363350 17 363198 52 9 0 41 0 0 33
213 T 350143 24 349972 68 19 0 14 0 0 46
214 G 352918 67 7 6 352783 0 0 0 29 26
215 A 348147 347974 18 8 72 9 0 0 0 66
216 C 356123 15 119 355877 22 0 0 36 0 54
217 G 343877 87 16 15 343708 0 0 0 30 21
218 A 329205 329087 15 2 59 22 0 0 0 20
219 A 330190 330107 7 4 40 18 0 0 0 14
220 A 331914 331768 21 4 83 12 0 0 0 26
221 G 335271 52 19 13 335153 0 0 0 20 14
222 A 340201 340043 24 3 80 23 0 0 0 28
223 A 339959 339824 17 5 69 20 0 0 0 24
224 G 355216 32 26 8 355073 0 0 0 43 34
225 G 399510 62 28 6 399299 0 0 0 39 76
226 A 392798 392647 32 0 63 32 0 0 0 24
227 A 408746 408548 36 4 74 35 0 0 0 49
228 T 390498 50 390119 227 5 0 60 1 0 36
229 A 387987 387766 29 5 68 109 0 0 0 10
230 A 388633 388504 21 5 50 25 0 0 0 28
231 A 383906 383735 40 8 37 59 0 0 0 27
232 T 385550 40 385304 103 7 0 45 0 0 51
233 A 350618 350453 29 5 50 39 0 0 0 42
234 T 307104 28 306965 62 11 0 19 0 0 19
235 C 313056 26 25 312919 4 0 0 41 0 41
236 T 294508 23 294335 92 8 0 24 0 0 26
237 G 296352 78 18 8 296187 0 0 0 28 33
238 G 289966 20 15 15 289881 0 0 0 23 12
239 A 286005 285894 13 2 45 28 0 0 0 23
240 A 272391 272300 17 4 50 9 0 0 0 11
241 G 283881 35 15 8 283737 0 0 0 46 40
242 A 276434 276313 17 2 55 27 0 0 0 20
243 A 307399 307130 43 7 66 65 0 0 0 88
244 C 309899 16 49 309750 8 0 0 48 0 28
245 A 297821 297691 22 11 22 50 0 0 0 25
246 T 400911 38 400526 87 11 0 83 0 0 166
247 C 394829 29 39 394690 5 0 0 52 0 14
248 C 413315 28 32 413174 10 0 0 53 0 18
249 C 414107 32 44 413918 9 0 0 39 0 65
250 A 397370 397158 4 12 87 91 0 0 0 18
251 G 429960 76 28 7 429762 0 0 0 35 52
252 C 426371 37 95 426125 41 0 0 31 0 42
253 G 425784 122 35 41 425533 0 0 0 20 33
254 C 431230 24 51 430992 50 0 0 18 0 95
255 G 430128 88 42 40 429880 0 0 0 49 29
256 G 467040 74 32 9 466853 0 0 0 39 33
257 G 461596 60 26 18 461438 0 0 0 31 23
258 G 478620 85 25 10 478428 0 0 0 36 36
259 A 479972 479662 38 2 175 13 0 0 0 82
260 A 476631 476399 27 7 101 67 0 0 0 30
261 G 485226 97 95 12 484965 0 0 0 17 40
262 G 492029 81 18 8 491788 0 0 0 58 76
263 A 490285 490081 53 1 64 9 0 0 0 77
264 T 488985 49 488681 119 6 0 33 0 0 97
265 C 465389 31 51 465241 8 0 0 16 0 42
266 C 457460 42 35 457268 12 0 0 67 0 36
267 T 443240 13 442876 280 6 0 26 0 0 39
268 A 443376 443258 11 4 55 25 0 0 0 23
269 A 442872 442705 17 8 67 58 0 0 0 17
270 G 442400 40 19 2 442255 0 0 0 36 48
271 A 422741 422563 16 6 54 84 0 0 0 18
272 A 413569 413435 10 4 63 30 0 0 0 27
273 A 405931 405783 9 10 53 39 0 0 0 37
274 A 383523 383338 15 33 34 24 0 0 0 79
275 C 386760 28 19 386601 3 0 0 22 0 87
276 T 372509 27 372345 64 13 0 28 0 0 32
277 G 370301 38 20 12 370202 0 0 0 9 20
278 G 368967 29 22 4 368880 0 0 0 20 12
279 A 364253 364013 21 3 122 26 0 0 0 68
280 G 360052 56 33 11 359895 0 0 0 33 24
281 G 356177 30 22 9 356052 0 0 0 26 38
282 A 346156 345705 26 6 70 11 0 0 0 338
283 C 371848 23 23 371705 13 0 0 37 0 47
284 C 364297 40 25 364201 10 0 0 10 0 11
285 C 362947 61 49 362756 5 0 0 33 0 43
286 A 401873 401624 32 14 49 37 1 0 0 116
287 T 393488 48 393246 70 3 0 91 0 0 30
288 A 461775 461469 44 13 60 106 0 0 0 83
289 T 460274 39 460010 95 4 0 73 0 0 53
290 A 412266 411921 37 6 54 149 0 1 0 98
291 C 418988 41 43 418775 8 0 0 45 0 76
292 A 360567 360371 29 12 75 56 0 0 1 23
293 A 361893 361719 22 15 80 37 0 0 0 20
294 G 356706 70 15 3 356450 0 0 0 89 79
295 A 273989 273852 22 3 44 28 0 0 0 40
296 G 277686 33 11 6 277603 0 0 0 15 18
297 A 259853 259736 19 3 42 18 0 0 0 35
298 G 265003 39 10 3 264909 0 0 0 14 28
299 T 270036 19 269088 38 10 0 34 0 0 847
300 A 275750 275602 18 7 61 32 0 0 0 30
301 G 298245 40 13 5 298140 0 0 0 26 21
302 A 295281 295167 17 5 45 19 0 0 0 28
303 T 312057 29 311868 62 7 0 50 0 0 41
304 A 307787 307659 19 7 51 31 0 0 0 20
305 G 313883 47 11 9 313742 0 0 0 59 15
306 A 313096 312949 13 6 63 41 0 0 0 24
307 A 313805 313677 13 1 62 14 0 0 0 38
308 A 313133 313015 6 8 66 27 0 0 0 11
309 G 324265 42 14 3 324130 0 0 0 54 22
310 T 325305 28 324947 39 8 0 14 0 0 269
311 G 332442 58 27 7 332282 0 0 0 45 23
312 G 333193 26 25 5 333101 0 0 0 18 18
313 A 333200 333041 20 1 65 36 0 0 0 37
314 T 336326 21 336227 44 6 0 5 0 0 23
315 G 347555 44 33 6 347410 0 0 0 26 36
316 A 350690 350528 20 4 93 8 0 0 0 37
317 G 351975 47 48 7 351839 0 0 0 10 24
318 G 349911 57 18 6 349779 0 0 0 13 38
319 G 351361 158 15 8 351079 0 0 0 21 80
320 A 353315 353134 14 0 83 27 0 0 0 57
321 A 354874 354544 34 10 63 14 0 0 0 209
322 C 356345 26 34 356232 9 0 0 12 0 32
323 T 353727 20 353558 63 2 0 18 0 0 66
324 C 348600 33 49 348440 5 0 0 53 0 20
325 G 340643 82 14 9 340490 0 0 0 26 22
326 T 350459 33 350184 76 9 0 47 0 0 110
327 C 372769 35 29 372626 11 0 0 47 0 21
328 C 392797 33 36 392593 4 0 0 80 0 51
329 T 404209 16 403993 101 11 0 58 0 0 30
330 T 404258 22 404087 39 2 0 81 0 0 27
331 T 392397 22 392195 97 6 0 46 0 0 31
332 A 367617 367340 48 3 53 146 0 0 0 27
333 T 363123 39 362912 75 23 0 50 0 0 24
334 G 364818 179 14 8 364500 1 0 0 76 40
335 A 325666 325408 40 11 68 37 0 1 0 101
336 C 330598 23 50 330395 11 0 0 42 0 77
337 A 291730 291643 11 11 32 18 0 0 0 15
338 A 295975 295894 17 3 29 12 0 0 0 20
339 A 301567 301352 8 11 154 27 0 0 0 15
340 G 353354 58 20 6 353183 0 0 0 37 50
341 A 365512 365373 13 1 78 20 0 0 0 27
342 A 361457 361291 18 12 105 18 0 0 0 13
343 G 407764 58 16 5 407543 0 0 0 51 91
344 A 428656 428386 25 1 101 94 0 0 0 49
345 A 430104 429940 15 2 67 38 0 0 0 42
346 A 430799 430622 23 3 93 9 0 0 0 49
347 T 426498 39 426213 124 3 0 59 0 0 60
348 A 422013 421806 17 1 87 26 0 0 0 76
349 A 418315 418100 24 15 88 37 0 0 0 51
350 G 417615 39 37 9 417472 0 0 0 37 21
351 G 417620 32 15 9 417461 0 0 0 46 57
352 C 402786 26 54 402595 15 0 0 38 0 58
353 G 400349 73 30 15 400150 0 0 0 37 44
354 A 410602 410441 25 1 35 56 0 0 0 44
355 A 425482 425336 13 7 46 26 0 0 0 54
356 T 424073 26 423887 49 4 0 18 0 0 89
357 C 423990 31 25 423871 6 0 0 10 0 47
358 T 415517 21 415322 89 8 0 22 0 0 55
359 G 419930 42 14 8 419792 0 0 0 40 34
360 G 411077 39 21 8 410962 0 0 0 15 32
361 C 417023 39 99 416786 23 0 0 23 0 53
362 G 417028 97 24 31 416795 0 0 0 20 61
363 C 414152 38 36 413989 4 0 0 39 0 46
364 C 402577 22 44 402284 10 0 0 32 0 185
365 A 401952 401798 21 8 49 45 0 0 0 31
366 A 420418 420210 21 14 72 51 0 0 0 50
367 G 472023 95 26 18 471769 0 0 0 57 58
368 C 471160 10 70 470978 23 0 0 49 0 30
369 C 501664 50 46 501433 6 0 0 52 0 77
370 A 503007 502827 10 22 62 62 0 0 0 24
371 A 511079 510830 31 5 67 110 0 0 0 36
372 T 521047 68 520750 124 7 0 40 0 0 58
373 A 515112 514854 29 7 77 104 0 0 0 41
374 A 518618 518425 41 10 61 36 0 0 0 45
375 T 494021 33 493787 63 6 0 76 0 0 56
376 G 463956 53 24 10 463782 0 0 0 59 28
377 G 426771 39 7 6 426638 0 0 0 41 40
378 T 388646 33 388053 53 11 0 28 0 0 468
379 G 390859 75 10 10 390713 0 0 0 33 18
380 A 387118 386922 36 4 76 31 0 0 0 49
381 T 385710 42 385514 73 5 0 23 0 0 53
382 G 381782 79 20 4 381643 0 0 0 16 20
383 A 382985 382823 36 2 66 16 0 0 0 42
384 T 389214 28 389005 82 9 0 21 0 0 69
385 G 384345 97 24 15 384126 0 0 0 49 34
386 C 378603 26 67 378446 15 0 0 17 0 32
387 A 374719 374552 7 7 83 44 0 0 0 26
388 A 370134 369913 16 5 50 63 0 0 0 87
389 C 354429 14 21 354330 11 0 0 39 0 14
390 A 344840 344671 12 7 61 57 0 0 0 32
391 G 346149 31 17 14 346014 0 0 0 52 21
392 C 331215 25 18 331073 9 0 0 52 0 38
393 T 318643 26 318475 38 45 0 40 1 0 18
394 G 367155 131 16 7 366886 0 0 0 56 59
395 G 376671 39 164 14 376393 0 0 0 37 24
396 T 377021 193 376539 50 4 0 13 0 0 222
397 C 401812 313 50 401350 12 0 0 42 0 45
398 T 389938 25 389666 111 8 0 64 0 0 64
399 G 443768 92 32 514 442992 0 0 0 68 70
400 A 445227 444896 41 8 75 40 0 0 0 167
401 C 471632 25 44 471495 13 0 0 26 0 29
402 T 480348 62 480029 122 12 0 50 0 0 73
403 C 479318 34 51 479099 7 0 0 64 0 63
404 A 475214 474917 45 18 67 20 0 0 0 147
405 C 515105 45 86 514851 14 0 0 64 0 45
406 A 514947 514756 23 13 120 11 0 0 0 24
407 T 527748 45 527432 114 6 0 73 0 0 78
408 G 499603 104 23 24 499406 0 0 0 27 19
409 A 515206 514873 51 4 86 129 0 0 0 63
410 T 497211 38 497009 80 13 0 36 0 0 35
411 G 501713 69 33 10 501534 0 0 0 29 38
412 A 488641 488461 38 3 62 28 0 0 0 49
413 T 484252 32 484015 60 8 0 37 0 0 100
414 C 437514 45 39 437360 9 0 0 42 0 19
415 T 430236 38 429942 137 28 0 49 0 0 42
416 G 415734 84 18 14 415559 0 0 0 27 32
417 G 417724 70 20 25 417525 0 0 0 63 21
418 C 406669 35 63 406451 19 0 0 27 0 74
419 A 404183 404025 19 11 56 33 0 0 0 39
420 T 396452 13 396327 66 7 0 13 0 0 26
421 T 393284 22 393137 71 7 0 15 0 0 32
422 C 393792 31 39 393653 16 0 0 30 0 23
423 C 392429 29 46 392283 16 0 0 21 0 34
424 A 392682 392528 21 4 59 45 0 0 0 25
425 A 390610 390507 29 5 39 8 0 0 0 22
426 T 386977 15 386858 66 3 0 19 0 0 16
427 T 386678 22 386557 58 4 0 19 0 0 18
428 T 382131 21 381960 69 7 0 28 0 0 46
429 G 384470 71 18 14 384309 0 0 0 26 32
430 A 376442 376294 21 2 74 31 0 0 0 20
431 A 376234 376099 16 4 46 37 0 0 0 32
432 T 384066 40 383842 63 4 0 37 0 0 80
433 G 363093 49 16 9 362960 0 0 0 35 24
434 A 398149 397936 31 2 48 51 0 0 0 81
435 T 396084 27 395967 56 6 0 9 0 0 19
436 A 396468 396170 33 5 109 71 0 0 0 80
437 C 427637 29 47 427429 10 0 0 52 0 70
438 A 413817 413499 14 26 110 119 0 0 0 49
439 A 491380 491040 42 4 78 98 0 0 0 118
440 C 497507 33 41 497321 12 0 0 65 0 35
441 A 501725 501443 26 22 64 126 0 0 0 44
442 T 516770 32 516457 65 9 0 99 0 0 108
443 A 441256 440669 50 8 62 123 0 0 0 344
444 C 458245 34 50 458099 14 0 0 29 0 19
445 C 460735 35 46 460535 19 0 0 38 0 62
446 A 459613 459325 33 19 137 57 0 0 0 42
447 G 475529 66 28 19 475308 0 0 0 58 50
448 A 430392 430204 31 9 88 38 0 0 0 22
449 G 471813 74 37 13 471588 0 0 0 47 54
450 G 468123 74 27 8 467954 0 0 0 31 29
451 A 472315 471951 63 10 103 31 0 0 0 157
452 C 480745 24 74 480563 14 0 0 32 0 38
453 A 473712 473491 45 8 68 59 0 0 0 41
454 A 486816 486570 42 17 112 38 0 0 0 37
455 G 503284 76 21 6 503099 0 0 0 47 35
456 A 520595 520362 19 8 86 41 0 0 0 79
457 G 538810 59 34 12 538577 0 0 0 62 66
458 C 562333 29 36 562179 15 0 0 38 0 36
459 T 561930 15 561716 90 2 0 38 0 0 69
460 C 568531 46 40 568349 15 0 0 31 0 50
461 T 567107 32 566891 94 3 0 42 0 0 45
462 T 575297 47 575063 75 9 0 86 0 0 17
463 G 580171 60 18 4 580000 0 0 0 43 46
464 T 587207 53 586935 72 14 0 63 0 0 70
465 T 586567 34 586356 83 4 0 28 1 0 61
466 C 590617 28 117 590319 30 0 0 39 0 84
467 G 588130 187 27 16 587835 0 0 0 27 38
468 C 602451 47 90 602210 19 0 0 17 0 68
469 A 596277 595547 38 11 94 33 0 0 0 554
470 C 599330 33 122 599081 15 0 0 33 0 46
471 C 594688 49 157 594382 42 0 0 24 0 34
472 G 606158 218 21 13 605768 0 0 0 65 73
473 G 612635 159 27 20 612348 0 0 0 13 68
474 C 639753 46 95 639490 23 0 0 65 0 34
475 A 643245 642972 57 12 118 40 0 0 0 46
476 T 679947 31 679527 102 11 0 142 0 0 134
477 G 680026 102 68 20 679670 0 0 0 109 57
478 G 714483 92 28 13 714212 0 0 0 66 72
479 A 749142 748792 46 4 116 66 0 0 0 118
480 T 762974 63 762478 172 8 0 73 0 0 180
481 C 710014 45 77 709699 27 0 0 101 0 65
482 C 674829 82 64 674499 19 0 0 113 0 52
483 C 628390 89 86 628065 24 0 0 107 0 19
484 A 637364 636991 26 29 202 62 0 0 0 54
485 G 668848 107 48 17 668494 0 0 0 98 84
486 G 644208 79 32 14 643932 0 0 0 78 73
487 A 614321 613932 55 9 130 57 0 0 0 138
488 T 544775 21 544589 56 19 0 33 0 0 57
489 G 555123 102 31 7 554872 0 0 0 54 57
490 T 537963 56 537534 92 9 0 60 0 0 212
491 G 540088 180 32 16 539790 0 0 0 37 33
492 C 543607 33 58 543422 19 0 0 24 0 51
493 T 526556 28 526286 90 20 0 51 0 0 81
494 C 542332 42 40 542147 17 0 0 33 0 53
495 T 519585 21 519352 86 3 0 47 0 0 76
496 C 526074 82 38 525873 17 0 0 42 0 22
497 T 524648 43 524335 119 15 0 61 0 0 75
498 G 498991 59 26 11 498800 0 0 0 70 25
499 A 500120 499924 43 3 57 54 0 0 0 39
500 T 492750 31 492542 63 12 0 62 0 0 40
501 G 486818 134 27 20 486564 0 0 0 44 29
502 C 488679 39 121 488358 29 0 0 79 0 53
503 A 462515 462248 21 21 142 35 0 0 0 48
504 G 466200 40 42 5 466016 0 0 0 44 53
505 G 445234 39 17 13 445118 0 0 0 31 16
506 G 465827 51 22 5 465649 0 0 0 41 59
507 T 453690 19 452878 56 7 0 33 0 0 697
508 T 457086 27 456881 57 3 0 62 0 0 56
509 C 458775 38 125 458549 12 0 0 22 0 29
510 G 458936 180 40 12 458610 0 0 0 61 33
511 A 463872 462863 46 6 101 18 0 0 0 838
512 C 460441 29 51 460299 8 0 0 20 0 34
513 T 449580 23 449402 86 9 0 20 0 0 40
514 C 499868 44 40 499659 13 0 0 43 0 69
515 T 513302 39 512913 156 12 0 56 0 0 126
516 C 653297 45 127 652912 7 0 0 120 0 86
517 C 642946 53 64 642747 16 0 0 32 0 34
518 C 641511 61 85 641167 23 0 0 142 0 33
519 T 637872 68 637582 114 13 0 53 0 0 42
520 A 702106 701523 34 18 112 259 0 0 0 160
521 G 667606 76 37 16 667330 0 0 0 110 37
522 G 648946 97 37 9 648709 0 0 0 37 57
523 A 600212 599909 31 8 153 18 0 0 0 93
524 G 604944 56 35 5 604728 0 0 0 43 77
525 G 583760 63 14 15 583490 0 0 0 60 118
526 T 576778 26 575940 79 7 0 58 0 0 668
527 C 571237 45 43 571038 8 0 0 65 0 38
528 T 586518 34 586084 260 17 0 60 0 0 63
529 G 587168 99 44 15 586864 0 0 0 108 38
530 G 589193 55 25 10 589051 0 0 0 18 34
531 A 587684 587403 25 4 137 43 0 0 0 72
532 G 599804 62 36 11 599614 0 0 0 33 48
533 C 594346 44 56 594097 20 0 0 34 0 95
534 T 576843 16 576524 152 19 0 40 0 0 92
535 G 578515 207 29 13 578210 0 0 0 17 39
536 C 581854 28 102 581630 17 0 0 42 0 35
537 A 583800 583369 48 28 286 37 0 0 0 32
538 G 598460 58 35 12 598264 1 0 0 55 35
539 G 606514 54 24 6 606263 0 0 0 102 65
540 C 603545 69 121 603192 31 0 0 57 0 75
541 G 597648 176 35 18 597316 1 0 0 61 41
542 C 601971 27 56 601821 9 0 0 21 0 37
543 T 593146 26 592776 197 11 0 42 0 0 94
544 G 611615 213 42 18 611268 0 0 0 27 47
545 C 603145 35 244 602670 29 0 0 38 0 129
546 A 636168 635765 42 17 187 44 0 0 0 113
547 G 653926 77 24 12 653749 0 0 0 22 42
548 T 660101 44 659731 78 36 0 61 0 0 151
549 C 667976 45 111 667715 18 0 0 34 0 53
550 A 663567 663228 49 35 99 122 0 0 0 34
551 A 658477 658260 39 12 60 68 0 0 1 37
552 A 658582 658013 60 41 362 56 0 0 0 50
553 G 636356 68 45 5 636146 0 0 0 51 41
554 G 654303 69 22 11 654078 0 0 0 70 53
555 A 582641 582259 29 13 161 29 0 0 0 150
556 G 572398 124 15 4 572190 0 0 0 16 49
557 T 557774 34 557318 85 7 0 53 0 0 277
558 T 541926 34 541741 75 9 0 46 0 0 21
559 G 548797 71 42 17 548551 0 0 0 79 37
560 G 548693 97 31 19 548426 0 0 0 43 77
561 G 550820 128 33 24 550552 0 0 0 53 30
562 A 537389 536937 45 18 108 79 0 0 0 202
563 C 474394 33 67 474106 21 0 0 120 0 47
564 A 417026 416697 30 7 80 106 0 0 0 106
565 A 331188 331064 22 5 50 17 0 0 0 30
566 T 333372 26 333276 33 4 0 13 0 0 20
567 G 342145 48 21 6 342014 0 0 0 26 30
568 G 347960 55 23 5 347819 0 0 0 28 30
569 T 318864 37 318097 56 8 0 38 0 0 628
570 G 318814 49 21 6 318693 0 0 0 36 9
571 A 315731 315590 35 2 51 30 0 0 0 23
572 T 315800 25 315637 34 8 0 54 0 0 42
573 G 310463 52 16 7 310319 0 0 0 48 21
574 G 284617 26 15 3 284530 0 0 0 18 25
575 A 338649 338379 25 4 81 59 0 0 0 101
576 G 355625 57 14 3 355445 0 0 0 70 36
577 T 347457 18 347198 42 11 0 22 0 0 166
578 T 397524 20 397310 64 9 0 71 0 0 50
579 G 423246 72 38 8 423070 0 0 0 33 25
580 A 426135 425919 40 5 75 50 0 0 0 46
581 T 415828 30 415696 56 8 0 22 0 0 16
582 A 413016 412809 16 3 66 102 0 0 0 20
583 A 403590 403359 25 12 98 61 0 0 0 35
584 G 428230 35 43 13 428081 0 0 0 27 31
585 G 454420 89 23 12 454212 0 0 0 56 28
586 A 456156 455915 30 7 65 54 0 0 0 85
587 T 417821 35 417628 55 8 0 21 0 0 74
588 G 434044 65 21 8 433835 0 0 0 66 49
589 A 437096 436887 40 2 104 14 0 0 0 49
590 T 438499 61 438283 86 2 0 30 0 0 37
591 C 436047 20 62 435902 19 0 0 18 0 26
592 A 433164 432985 6 15 70 51 0 0 0 37
593 A 420184 420071 0 5 50 27 0 0 0 31
594 A 421635 421379 12 41 58 18 0 0 0 127
595 C 412184 30 59 412038 21 0 0 11 0 25
596 G 404566 93 25 12 404389 0 0 0 17 30
597 T 390802 19 390431 59 20 0 36 0 0 237
598 G 385944 70 34 10 385790 0 0 0 32 8
599 G 390891 49 28 9 390744 0 0 0 37 24
600 G 403340 57 15 12 403176 0 0 0 46 34
601 A 404722 404500 45 2 94 39 0 0 0 42
602 T 405754 30 405571 66 6 0 45 0 0 36
603 C 398210 25 52 398033 16 0 0 50 0 34
604 A 394169 393989 18 5 82 30 0 0 0 45
605 A 395181 395057 22 6 60 9 0 0 0 27
606 T 394102 28 394009 39 13 0 5 0 0 8
607 G 402289 43 16 9 402140 0 0 0 38 43
608 A 395415 395238 30 6 55 37 0 0 0 49
609 T 375608 30 375470 41 2 0 23 0 0 42
610 C 388055 25 79 387873 14 0 0 44 0 20
611 G 386947 96 33 7 386751 0 0 0 39 21
612 G 421516 62 20 12 421308 0 0 0 68 46
613 A 422540 422344 12 4 69 43 0 0 0 68
614 A 411171 410922 16 6 82 25 0 0 0 120
615 C 508253 22 31 508023 23 0 0 91 0 63
616 T 496318 28 496100 87 11 0 45 0 0 47
617 T 487031 26 486862 65 10 0 30 0 0 38
618 C 496020 53 42 495863 10 0 0 29 0 23
619 T 497951 42 497516 138 14 0 200 0 0 41
620 G 500476 86 36 19 500281 0 0 0 19 35
621 G 505405 68 25 17 505220 0 0 0 27 48
622 A 497090 496772 30 8 136 49 0 0 0 95
623 G 476878 53 31 9 476661 0 0 0 68 56
624 A 382644 382362 25 23 125 39 0 0 0 70
625 G 413619 57 24 10 413432 0 0 0 58 38
626 G 438214 47 15 6 438039 0 0 0 58 49
627 T 415747 35 413808 107 45 0 39 1 0 1712
628 G 411467 58 50 13 411301 0 0 0 11 34
629 A 410171 409952 22 1 93 63 0 0 0 40
630 A 413780 413622 18 6 89 23 0 0 0 22
631 A 416479 416311 12 4 66 22 0 0 0 64
632 A 412973 412758 53 12 100 29 0 0 0 21
633 T 399930 37 399738 46 20 0 23 0 0 66
634 G 378152 66 30 14 378016 0 0 0 12 14
635 G 377308 42 20 9 377176 0 0 0 45 16
636 A 377601 377350 28 11 102 29 0 0 0 81
637 C 370038 24 86 369877 12 0 0 25 0 14
638 G 368325 66 7 17 368180 0 0 0 39 16
639 A 368533 368416 25 7 51 17 0 0 0 17
640 A 372028 371895 4 5 53 50 0 0 0 21
641 A 373197 373096 8 4 44 15 0 0 0 30
642 A 370726 370628 7 12 37 21 0 0 0 21
643 A 369120 368925 23 73 43 14 0 0 0 42
644 C 364233 49 33 364059 7 0 0 22 0 63
645 A 362866 362755 25 8 56 5 0 0 0 17
646 A 361008 360823 21 5 101 41 0 0 0 17
647 G 370179 48 38 4 370027 0 0 0 33 29
648 G 352971 55 22 9 352840 0 0 0 29 16
649 A 337242 337084 22 6 63 29 0 0 0 38
650 G 343002 35 11 5 342866 0 0 0 34 51
651 T 324924 33 324148 35 11 0 17 0 0 680
652 G 341138 69 59 10 340883 0 0 0 27 90
653 C 336860 30 28 336753 15 0 0 11 0 23
654 T 332489 18 332328 50 6 0 57 0 0 30
655 T 355518 22 355336 65 4 0 50 0 0 41
656 A 339359 339100 20 14 37 123 0 0 0 65
657 C 372852 34 96 372625 24 0 0 47 0 26
658 G 372512 58 31 9 372306 0 0 0 64 44
659 A 339658 339499 27 10 65 23 0 0 1 33
660 G 375277 35 32 9 375053 0 0 0 82 66
661 A 304509 304301 17 15 90 45 0 0 0 41
662 G 313243 43 22 7 313096 0 0 0 51 24
663 A 305772 305537 13 5 100 73 0 0 0 44
664 A 268134 268064 16 2 25 7 0 0 0 20
665 T 270042 42 269907 26 10 0 26 0 0 31
666 G 281179 42 15 3 281060 0 0 0 21 38
667 T 323170 62 322755 86 11 0 43 0 0 213
668 G 337144 78 37 13 336905 0 0 0 64 47
669 C 338772 20 88 338578 29 0 0 18 0 39
670 A 334124 333946 27 12 67 46 0 0 0 26
671 A 342107 341928 28 9 58 8 0 0 0 76
672 C 368406 19 36 368227 9 0 0 71 0 44
673 A 365197 365024 24 11 41 62 0 0 0 35
674 T 354690 11 354549 56 9 0 15 0 0 50
675 T 355126 12 354981 59 4 0 51 0 0 19
676 C 361346 20 31 361246 5 0 0 15 0 29
677 T 360528 46 360308 97 2 0 34 0 0 41
678 C 375029 21 59 374890 10 0 0 21 0 28
679 A 373284 373100 14 15 67 28 0 0 0 60
680 A 374449 374343 15 3 48 22 0 0 0 18
681 A 374048 373871 8 4 103 12 0 0 0 50
682 G 383283 46 16 8 383164 0 0 0 27 22
683 G 391952 38 16 14 391834 0 0 0 30 20
684 A 388569 388405 28 1 88 26 0 0 0 21
685 A 387447 387359 6 4 49 19 0 0 0 10
686 A 387730 387612 10 3 40 20 0 0 0 45
687 A 411063 410890 62 5 38 25 0 0 0 43
688 T 412390 24 412245 61 10 0 14 0 0 36
689 T 406116 14 405986 66 7 0 24 0 0 19
690 T 405932 27 405758 73 0 0 25 0 0 49
691 C 389175 19 48 389008 16 0 0 55 0 29
692 A 388012 387818 12 14 123 26 0 0 0 19
693 A 388212 388102 3 2 68 12 0 0 0 25
694 A 388695 388546 12 17 62 14 0 0 0 44
695 C 404202 24 47 404028 12 0 0 28 0 63
696 A 379422 379305 17 10 51 17 0 0 0 22
697 G 393441 43 13 8 393281 0 0 0 27 69
698 C 397966 34 52 397798 13 0 0 29 0 40
699 T 367483 28 367233 85 11 0 66 0 0 60
700 G 391253 157 16 20 390919 0 0 0 63 78
701 C 334070 18 60 333882 24 0 0 65 0 21
702 A 335981 335707 42 15 70 13 0 0 0 134
703 C 331022 26 45 330884 12 0 0 19 0 36
704 A 330485 330260 11 25 77 77 0 0 0 35
705 A 329692 329564 17 8 39 29 0 0 0 35
706 A 319926 319735 12 10 108 35 0 0 0 26
707 G 352380 94 33 9 352150 0 0 0 45 49
708 G 353031 67 16 9 352855 0 0 0 41 43
709 G 334237 67 13 18 334071 0 0 0 32 36
710 C 332072 34 90 331843 49 0 0 25 0 31
711 A 327011 326790 20 18 68 82 0 0 0 33
712 A 352449 352260 23 5 45 55 0 0 0 61
713 T 334277 33 334121 46 15 0 30 0 0 32
714 G 335586 49 35 10 335434 0 0 0 29 29
715 A 313845 313686 18 4 74 17 0 0 0 46
716 T 327572 36 327345 44 6 0 76 0 0 65
717 G 326232 65 31 10 326075 0 0 0 27 24
718 G 357472 48 22 3 357313 0 0 0 52 34
719 A 357627 357467 31 3 69 30 0 0 0 27
720 T 351375 28 351169 47 21 0 37 0 1 72
721 C 337170 19 38 337074 10 0 0 14 0 15
722 A 338423 338222 41 6 78 54 0 0 0 22
723 A 382778 382537 43 8 74 53 0 0 0 63
724 G 386921 87 13 3 386743 0 0 0 49 26
725 T 387195 33 386868 70 6 0 18 0 0 200
726 G 391481 67 16 10 391325 0 0 0 30 33
727 A 383559 383341 37 6 86 61 0 0 0 28
728 G 396758 64 15 3 396611 0 0 0 31 34
729 A 395409 395160 36 5 128 28 0 0 0 52
730 G 398016 70 16 7 397850 0 0 0 41 32
731 A 390807 390628 23 5 84 28 0 0 0 39
732 A 380354 380227 18 8 50 36 0 0 0 15
733 A 403855 403640 13 3 126 33 0 0 0 40
734 G 410750 49 14 5 410631 0 0 0 24 27
735 T 410622 39 410252 52 7 0 28 0 0 244
736 C 400526 27 71 400350 15 0 0 11 0 52
737 G 397559 116 37 8 397331 0 0 0 39 28
738 G 401316 55 8 6 401196 0 0 0 24 27
739 A 399566 399435 14 0 73 26 0 0 0 18
740 A 403136 402812 17 13 63 12 0 0 0 219
741 C 409458 37 56 409273 1 0 0 33 0 58
742 C 448803 35 36 448601 5 0 0 68 0 58
743 C 461203 46 50 460981 10 0 0 87 0 29
744 A 459814 459582 14 41 82 51 0 1 0 43
745 G 476955 63 48 13 476730 0 0 0 65 36
746 G 475067 51 18 11 474901 0 0 0 36 50
747 A 471580 471365 20 7 109 37 0 0 0 42
748 A 476295 476094 17 5 68 61 0 0 0 50
749 A 449967 449805 30 6 56 37 0 0 0 33
750 T 471799 32 471549 63 19 0 65 0 0 71
751 G 477196 96 29 26 476983 0 0 0 21 41
752 C 508560 48 87 508307 14 0 0 53 0 51
753 T 492880 29 492558 149 19 0 66 0 0 59
754 G 498145 77 18 14 497923 0 0 0 74 39
755 A 469071 468805 34 12 103 55 0 0 0 62
756 G 478916 52 23 3 478740 0 0 0 43 55
757 A 476617 476424 21 2 94 22 0 0 0 54
758 T 479021 34 478842 46 6 0 25 0 0 68
759 C 467236 41 116 466993 28 0 0 25 0 33
760 G 465426 110 42 13 465158 0 0 0 64 39
761 A 447470 447286 36 1 63 16 0 0 0 68
762 A 444782 444596 16 8 84 29 0 0 0 49
763 G 471353 46 21 7 471201 0 0 0 38 40
764 A 470316 470083 35 2 62 26 0 0 0 108
765 T 449093 28 448877 76 1 0 55 0 0 56
766 C 446884 31 36 446729 5 0 0 35 0 48
767 T 423411 43 423139 102 7 1 81 0 0 38
768 C 431895 31 91 431708 10 0 0 31 0 24
769 A 430305 430122 13 22 63 31 0 0 0 54
770 T 430986 38 430574 78 214 0 33 0 0 49
771 C 427365 30 23 427223 8 0 0 28 0 53
772 T 393734 27 393588 59 8 0 23 0 0 29
773 T 397360 13 397233 42 3 0 31 0 0 38
774 T 398071 15 397935 68 6 0 11 0 0 36
775 C 394610 20 43 394449 6 0 0 45 0 47
776 T 393069 45 392898 50 19 0 27 0 0 30
777 G 384206 64 13 14 384063 0 0 0 29 23
778 G 389386 73 16 18 389238 0 0 0 10 31
779 C 386837 33 79 386622 26 0 0 30 0 47
780 A 385868 385633 25 8 73 29 0 0 0 100
781 C 381431 28 99 381183 14 0 0 61 0 46
782 G 403853 86 27 6 403594 0 0 0 48 92
783 G 412754 79 11 7 412609 0 0 0 21 27
784 T 411592 21 411238 58 12 0 8 0 0 255
785 C 413337 36 41 413188 11 0 0 22 0 39
786 T 421339 26 420922 183 5 0 145 0 0 58
787 G 414062 175 34 12 413748 0 0 0 60 33
788 C 424679 40 129 424410 11 0 0 55 0 34
789 A 408701 408180 54 13 64 59 0 0 0 331
790 C 400633 29 61 400386 15 0 0 49 0 93
791 T 352746 30 352529 89 8 0 38 0 0 52
792 C 379915 37 76 379664 10 0 0 50 0 78
793 A 391855 391627 32 16 60 52 0 0 0 68
794 T 383786 24 383561 89 5 0 72 0 0 35
795 A 374917 374627 25 5 84 10 0 0 0 166
796 T 399365 29 399127 49 17 1 90 0 0 52
797 T 405930 37 405672 56 5 0 48 0 0 112
798 G 456306 77 27 11 456035 0 0 0 81 75
799 A 450307 449854 35 10 114 64 0 0 0 230
800 G 492649 78 31 22 492352 1 0 0 83 82
801 A 459924 457514 21 9 181 44 0 0 0 2155
802 G 471567 89 43 10 471378 0 0 0 29 18
803 G 506823 51 36 8 506654 0 0 0 41 33
804 G 508658 90 50 17 508329 0 0 0 21 151
805 T 510596 57 509818 80 8 0 36 0 0 597
806 C 514152 34 76 513806 21 0 0 29 0 186
807 A 510566 509918 45 15 150 71 0 0 1 366
808 G 522970 76 20 14 522355 0 0 0 19 486
809 T 521918 42 521748 42 7 0 9 0 0 70
810 T 518915 43 518654 91 7 0 16 0 0 104
811 G 525287 116 21 17 524779 0 0 0 26 328
812 C 516046 23 65 515864 20 0 0 18 0 56
813 T 517190 23 515948 100 8 0 22 0 0 1089
814 C 524851 33 61 524688 14 0 0 8 0 47
815 A 523392 522672 59 21 71 48 0 1 0 520
816 C 526709 41 54 523818 17 0 0 30 0 2749
817 A 521878 521712 24 14 37 35 0 0 0 56
818 A 525941 525771 19 3 33 40 0 0 0 75
819 A 525625 525202 45 9 68 13 0 0 0 288
820 T 523726 21 523408 69 4 0 34 0 0 190
821 C 519406 25 51 517483 8 0 0 28 0 1811
822 T 517536 39 517142 225 7 0 80 0 0 43
823 T 501572 9 501332 100 23 0 40 0 0 68
824 G 501550 50 17 10 500949 0 0 0 28 496
825 T 482279 53 481977 76 10 0 33 0 0 130
826 C 482852 55 79 482474 19 0 0 42 0 183
827 T 423968 32 422671 24 9 0 13 0 0 1219
828 G 423997 35 23 15 421708 0 0 1 34 2181
829 C 419113 30 148 418838 26 0 0 43 0 28
830 C 418013 41 73 417744 18 0 0 77 0 60
831 C 354654 57 122 354388 17 0 0 28 0 42
832 G 328614 121 30 27 328317 0 0 0 18 101
833 C 338146 37 34 338033 16 0 0 8 0 18
834 C 336372 52 54 336163 15 0 0 21 0 67
835 T 326204 23 325841 196 41 0 22 0 0 81
836 G 323683 78 16 1 323512 0 0 0 35 41
837 T 312838 36 312488 49 8 0 55 0 0 202
838 G 330958 42 11 4 330750 0 0 0 53 98
839 T 292140 24 291913 46 8 0 56 1 0 92
840 G 317026 75 17 9 316454 0 0 0 124 347
841 T 235246 22 235059 62 6 0 31 0 0 66
842 A 237381 236840 24 1 40 59 1 0 0 416
843 T 234037 26 231577 37 8 0 31 0 0 2358
844 G 231158 56 20 8 231015 0 0 0 53 6
845 G 248364 52 18 12 247927 0 0 0 34 321
846 A 242729 168809 27 8 70 26 0 0 0 73789
847 C 238833 14 48 238704 12 0 0 36 0 19
848 C 235453 45 29 235322 8 0 0 29 0 20
849 T 219377 17 219220 52 19 0 50 0 0 19
850 G 348759 113 32 19 348423 0 0 0 105 67
851 C 350448 18 110 350251 10 0 0 45 0 14
852 C 348476 24 109 348305 5 0 0 16 0 17
853 G 348501 88 35 6 348345 0 0 0 8 19
854 T 356549 28 356284 63 7 0 123 0 0 44
855 A 365618 365458 15 6 88 24 0 0 0 27
856 G 379662 54 37 9 379519 0 0 0 23 20
857 C 380034 9 43 379949 10 0 0 9 0 14
858 C 392695 12 62 392492 8 0 0 22 0 99
859 A 454682 454137 40 289 63 89 0 0 0 64
860 G 460713 100 25 19 460478 0 0 0 78 13
861 T 460587 43 460319 70 15 0 39 0 0 101
862 G 496834 69 24 10 496637 0 0 0 40 54
863 G 495988 45 26 2 495851 0 0 0 44 20
864 C 500667 44 51 500492 17 0 0 22 0 41
865 T 497932 27 497578 253 8 0 39 0 0 27
866 A 500911 500617 48 5 86 62 0 0 0 93
867 C 496809 20 232 496489 7 0 0 9 0 52
868 G 526152 93 165 7 525792 0 0 0 48 47
869 A 526641 526205 34 138 66 29 0 0 0 169
870 C 530425 23 189 530103 2 0 0 36 0 72
871 T 509816 177 509504 101 5 0 10 0 0 19
872 T 511987 23 511608 313 7 0 21 0 0 15
873 C 510830 41 108 510572 12 0 0 65 0 32
874 G 513661 123 35 27 513412 0 0 0 35 29
875 A 513980 513697 24 17 167 48 0 0 0 27
876 A 514011 513865 11 6 90 19 0 0 0 20
877 A 513540 513426 10 3 60 9 0 0 0 32
878 A 513294 513135 17 9 71 25 0 0 0 37
879 A 508198 507776 21 5 310 24 0 0 0 62
880 G 510687 111 23 7 510483 0 0 0 27 36
881 A 499798 499472 18 11 217 24 0 0 0 56
882 G 493075 75 31 11 492905 0 0 0 33 20
883 G 489049 60 46 14 488875 0 0 0 26 28
884 G 483592 94 39 23 483333 0 0 0 76 27
885 A 465528 465138 43 4 136 70 0 0 0 137
886 T 460123 41 459830 67 15 0 89 0 0 81
887 A 404132 403098 27 22 84 63 0 0 0 838
888 C 401926 30 40 401739 10 0 0 45 0 62
889 T 355630 34 355437 66 5 0 26 0 0 62
890 C 362299 24 26 362195 6 0 0 9 0 39
891 T 374879 12 374667 85 14 0 55 0 0 46
892 T 369302 16 369138 72 7 0 55 0 0 14
893 T 370406 30 370228 42 12 0 55 0 0 39
894 A 372445 372155 55 2 95 81 0 0 0 57
895 G 383037 52 34 10 382870 0 0 0 51 20
896 T 364845 35 364394 54 31 0 21 0 0 310
897 G 355462 60 35 7 355266 0 0 0 80 14
898 G 355292 43 25 9 355045 0 0 0 120 50
899 G 329904 59 20 6 329735 0 0 0 41 43
900 A 406953 406667 33 0 90 77 0 0 0 86
901 A 415993 415808 27 11 55 70 0 0 0 22
902 T 416483 51 416313 47 11 0 27 0 0 34
903 A 410394 410078 27 2 116 143 0 0 1 27
904 G 417411 145 52 16 417127 0 1 0 38 32
905 A 421298 420269 35 18 86 39 0 0 0 851
906 C 431855 38 30 431706 7 0 0 33 0 41
907 C 425329 27 45 425131 6 0 0 19 0 101
908 C 467728 51 41 467572 5 0 0 37 0 22
909 T 468070 33 467798 163 31 0 20 0 0 25
910 T 475333 31 475144 66 7 0 48 0 0 37
911 T 455092 26 454956 73 2 0 5 0 0 30
912 C 456306 22 67 456101 9 0 0 84 0 23
913 A 454953 454775 15 25 59 19 0 0 0 60
914 A 457909 457766 23 2 56 27 0 0 0 35
915 A 463218 463032 28 21 48 22 0 0 0 67
916 C 463710 67 33 463490 10 0 0 27 0 83
917 T 454628 28 454408 85 40 0 24 0 0 43
918 G 460705 80 19 9 460534 0 0 0 31 32
919 C 464653 15 30 464466 53 0 0 42 0 47
920 T 465559 19 465369 87 50 0 10 0 0 24
921 T 465071 31 464863 115 8 0 17 0 0 37
922 C 469972 26 59 469802 7 0 0 46 0 32
923 A 468737 468544 17 17 67 58 0 0 0 34
924 A 469227 469070 28 7 48 46 0 0 0 28
925 A 469084 468960 8 12 54 33 0 0 0 17
926 A 468572 468263 33 121 76 14 0 0 0 65
927 C 470900 22 56 470745 29 0 0 17 0 31
928 A 458893 458707 25 12 68 22 0 0 0 59
929 G 477517 117 30 13 477265 0 0 0 27 65
930 C 480830 34 66 480660 24 0 0 29 0 17
931 C 502511 35 67 502284 19 0 0 57 0 49
932 A 498414 498210 42 10 103 29 0 0 0 20
933 A 500351 500125 22 4 91 69 0 0 0 40
934 G 569017 101 31 6 568677 0 0 0 78 124
935 T 583311 43 582745 80 19 0 132 0 0 292
936 A 569835 569593 43 5 113 41 0 0 0 40
937 T 560608 39 560341 68 3 0 65 0 0 92
938 A 543968 543544 50 16 71 162 0 0 0 125
939 C 531285 47 193 530917 22 0 0 42 0 64
940 A 514829 514521 21 27 137 32 0 0 0 91
941 G 596589 76 49 25 596301 0 0 0 61 77
942 C 604492 46 54 604155 36 0 0 80 0 121
943 C 527393 43 48 527240 15 0 0 30 0 17
944 T 591328 34 590844 192 12 0 177 0 0 69
945 A 621555 621203 26 9 86 168 0 0 0 63
946 A 625370 625093 47 23 71 81 0 0 0 55
947 T 633074 58 632719 84 8 0 89 1 0 115
948 C 570828 35 76 570596 24 0 0 54 0 43
949 A 524482 524143 19 19 164 36 0 0 0 101
950 G 527280 66 28 14 527108 0 0 0 27 37
951 A 527803 527476 21 8 87 4 0 0 0 207
952 C 539314 40 62 539084 34 0 0 59 0 35
953 C 530155 44 81 529948 12 0 0 29 0 41
954 G 532048 104 30 8 531804 0 0 0 62 40
955 A 544092 543935 23 0 62 44 0 0 0 28
956 A 553966 553731 17 1 91 48 0 0 0 78
957 C 551630 18 125 551397 13 0 0 51 0 26
958 G 551555 86 21 15 551370 0 0 0 24 39
959 A 568697 568440 35 4 96 73 0 0 0 49
960 G 572838 63 24 7 572677 0 0 0 32 35
961 A 583003 582831 17 8 74 29 0 0 0 44
962 A 604784 604571 31 9 92 33 0 0 0 48
963 T 603396 49 603064 86 11 0 25 0 0 161
964 C 602623 28 39 602456 8 0 0 73 0 19
965 C 606145 50 87 605926 8 0 0 38 0 36
966 A 599842 599521 26 24 163 79 0 0 0 29
967 G 618401 93 31 27 618153 0 0 0 44 53
968 C 611623 40 103 611389 29 0 0 31 0 31
969 A 644209 643715 51 13 105 59 0 0 0 266
970 C 671454 34 66 671170 22 0 0 46 0 116
971 A 654524 653986 93 21 80 76 0 0 0 268
972 C 666063 49 75 665869 18 0 0 25 0 27
973 A 662819 662479 27 11 155 104 0 0 0 43
974 A 670057 669683 39 23 183 67 0 0 0 62
975 G 678049 128 33 9 677696 0 0 0 39 144
976 A 638555 638303 46 8 102 40 0 0 0 56
977 G 644439 79 10 16 644219 0 0 0 63 52
978 T 569225 51 568185 101 18 0 93 0 0 777
979 C 592968 48 84 592627 34 0 0 112 0 63
980 A 561931 561601 36 14 171 53 0 0 0 56
981 G 562748 64 29 14 562533 0 0 0 79 29
982 C 562408 45 127 562047 14 0 0 82 0 93
983 T 474417 19 474234 61 25 0 38 0 0 40
984 G 504567 62 27 30 504348 0 0 0 40 60
985 G 512190 44 39 11 512046 0 0 0 27 23
986 T 506367 29 505633 62 42 0 24 0 0 577
987 G 578218 209 17 22 577805 0 0 0 86 79
988 T 562095 34 561529 71 34 0 139 0 0 288
989 G 561968 133 48 18 561590 0 0 0 111 68
990 G 493060 55 35 8 492925 0 0 0 21 16
991 A 489794 489532 46 4 86 42 0 0 0 84
992 T 496023 46 495702 83 9 0 61 0 0 122
993 G 480903 89 24 21 480643 0 0 0 65 61
994 G 475798 146 21 12 475550 0 0 0 37 32
995 C 479679 37 111 479399 26 0 0 31 0 75
996 A 485307 485116 26 10 75 28 0 0 0 52
997 T 502430 43 502179 112 10 0 33 0 0 53
998 G 506422 128 41 19 506107 0 0 0 43 84
999 C 515872 21 110 515640 21 0 0 28 0 52
1000 C 514671 56 91 514408 20 1 0 61 0 34
1001 A 513620 513416 33 13 68 9 0 0 0 81
1002 T 514692 17 514488 89 5 0 56 0 0 37
1003 T 500698 37 500493 53 7 0 68 0 0 40
1004 C 494773 36 60 494555 17 0 0 43 0 62
1005 T 475285 30 475073 92 11 0 49 0 0 30
1006 G 478076 133 38 21 477822 0 0 0 15 47
1007 C 491158 44 68 490920 24 0 0 63 0 39
1008 T 448856 23 448619 129 21 0 33 0 0 31
1009 G 453351 90 28 26 453127 0 0 0 51 29
1010 C 420787 28 65 420591 16 0 0 51 0 36
1011 A 416708 416550 25 7 64 19 0 0 0 43
1012 T 428935 27 428769 43 12 0 45 0 0 39
1013 T 420657 23 420506 49 9 0 34 0 0 36
1014 T 420780 25 420579 88 21 0 33 0 0 34
1015 G 418785 49 20 10 418658 0 0 0 19 29
1016 A 409706 409469 31 6 122 30 0 0 0 48
1017 A 410140 409879 29 23 130 36 0 0 0 43
1018 G 398092 49 24 5 397945 0 0 0 38 31
1019 A 415587 415330 35 4 78 52 0 0 0 88
1020 T 417947 30 417797 49 11 0 23 0 0 37
1021 C 410069 40 39 409945 8 0 0 17 0 20
1022 T 411899 20 411688 124 6 0 41 0 0 20
1023 A 400028 399801 10 3 84 101 0 0 0 29
1024 A 399725 399564 25 9 65 38 0 0 0 24
1025 G 403325 55 21 6 403194 0 0 0 18 31
1026 A 393328 393143 25 4 85 32 0 0 0 39
1027 G 422677 56 26 4 422451 0 0 0 52 88
1028 T 353295 26 352321 47 9 0 17 0 0 875
1029 A 348444 348334 25 7 37 31 0 0 0 10
1030 T 342574 33 342450 45 1 0 20 0 0 25
1031 T 339614 28 339412 53 1 0 89 0 0 31
1032 A 349274 349057 42 6 80 63 0 0 0 26
1033 A 314707 314576 5 8 49 32 0 0 0 37
1034 G 305882 33 11 9 305784 0 0 0 29 16
1035 C 307169 15 29 307027 6 0 0 45 0 47
1036 T 265849 4 265746 59 7 0 14 0 0 19
1037 T 313247 28 313018 65 3 0 74 0 0 59
1038 C 317576 29 40 317447 7 0 0 36 0 17
1039 A 327472 327316 29 9 58 27 0 0 0 33
1040 T 328097 31 327965 38 5 0 16 0 0 42
1041 C 322890 15 41 322749 9 0 0 57 0 19
1042 A 323105 322929 23 12 70 36 0 0 0 35
1043 G 316394 47 17 7 316261 0 0 0 33 29
1044 A 318121 317942 17 2 95 31 0 0 0 34
1045 G 315142 35 35 8 315015 0 0 0 19 30
1046 G 334192 32 21 4 334081 0 0 0 25 29
1047 G 404108 96 35 11 403799 0 0 0 79 88
1048 A 404880 404385 46 11 114 59 0 0 0 265
1049 C 410256 40 49 410096 12 0 0 36 0 23
1050 C 400585 40 27 400424 7 0 0 59 0 28
1051 A 407296 407095 30 30 43 65 0 0 0 33
1052 A 436629 436489 19 7 51 34 0 0 0 29
1053 A 435278 435054 26 24 129 14 0 0 0 31
1054 G 442593 53 26 3 442463 0 0 0 17 31
1055 T 435942 42 435452 67 16 0 26 0 0 339
1056 A 438692 438410 46 5 65 68 0 0 0 98
1057 T 443185 47 442581 404 5 0 43 1 0 104
1058 C 446343 33 48 446183 6 0 0 38 0 35
1059 C 443301 44 41 443152 12 0 0 11 0 41
1060 C 438272 40 31 438086 9 0 0 59 0 47
1061 C 416557 72 48 416366 16 0 0 26 0 29
1062 A 414728 414502 18 30 74 70 0 0 0 34
1063 A 408393 408202 23 12 104 20 0 0 0 32
1064 G 413784 86 41 5 413602 0 0 0 10 40
1065 G 404113 46 22 6 403997 0 0 0 13 29
1066 G 401128 34 28 6 400959 0 0 0 31 70
1067 G 377406 25 19 9 377275 0 0 0 33 45
1068 G 361088 112 12 10 360901 0 0 0 30 23
1069 A 358608 358466 15 1 78 26 0 0 0 22
1070 A 369677 369529 17 8 56 47 0 0 0 20
1071 A 371619 371356 19 48 61 39 0 0 0 96
1072 C 380515 53 26 380347 7 0 0 53 0 29
1073 T 365521 13 365344 115 4 0 17 0 0 28
1074 T 366386 13 366253 63 2 0 29 0 0 26
1075 T 375589 24 375363 92 6 0 48 0 0 56
1076 C 353884 20 43 353725 12 0 0 46 0 38
1077 C 376470 36 48 376316 11 0 0 24 0 35
1078 A 416471 416124 34 18 59 63 0 0 0 173
1079 C 427709 40 31 427561 6 0 0 54 0 17
1080 T 428640 24 428459 64 4 0 39 0 0 50
1081 A 414654 414401 21 14 67 112 0 0 0 39
1082 G 421462 55 33 5 421299 0 0 0 28 42
1083 A 424006 423800 19 1 90 47 0 0 0 49
1084 G 428590 33 38 11 428436 0 0 0 43 29
1085 G 448268 38 20 13 448067 0 0 0 68 62
1086 A 387298 386996 39 14 95 60 0 0 0 94
1087 G 436367 57 26 9 436157 0 0 0 46 72
1088 T 430851 32 429793 102 15 0 44 0 0 865
1089 A 432238 431917 50 12 102 29 0 0 0 128
1090 C 437730 46 59 437539 9 0 0 41 0 36
1091 A 420358 420151 29 13 45 100 0 0 0 20
1092 A 420357 420208 41 7 57 22 0 0 0 22
1093 A 464002 463731 37 16 54 101 0 0 0 63
1094 T 454225 35 453978 67 5 0 84 0 0 56
1095 T 433038 26 432785 60 18 0 69 0 0 80
1096 G 381343 51 22 17 381204 0 0 0 26 23
1097 C 375084 25 32 374982 8 0 0 14 0 23
1098 T 374502 7 374394 58 8 0 22 0 0 13
1099 T 373970 35 373827 56 7 0 23 0 0 22
1100 C 372564 20 34 372449 11 0 0 26 0 24
1101 A 367711 367570 17 8 57 31 0 0 0 28
1102 A 373849 373738 11 7 37 32 0 0 0 24
1103 A 376318 376212 20 3 41 27 0 0 0 15
1104 T 378102 23 377960 63 6 0 15 0 0 35
1105 G 375272 57 20 6 375157 0 0 0 20 12
1106 A 372261 372112 14 1 71 28 0 0 0 35
1107 A 377338 377239 7 7 36 29 0 0 0 20
1108 A 378834 378709 11 7 50 32 0 0 0 25
1109 A 380840 380640 17 66 41 17 0 0 0 59
1110 C 396765 31 45 396597 5 0 0 57 0 30
1111 A 393951 393768 40 14 57 29 0 0 0 43
1112 T 411008 32 410751 48 4 0 64 0 0 109
1113 G 398270 116 57 5 398038 0 0 0 31 23
1114 G 395918 48 17 6 395761 0 0 0 62 24
1115 A 408174 407985 32 5 65 15 0 0 0 72
1116 T 403912 23 403745 58 9 0 19 0 0 58
1117 G 407986 80 19 10 407830 0 0 0 23 24
1118 C 469000 33 41 468754 15 0 0 87 0 70
1119 T 452696 10 452497 98 2 0 55 0 0 34
1120 A 453552 453369 48 3 61 25 0 0 0 46
1121 T 435684 30 435563 49 10 0 16 0 0 16
1122 G 443934 145 24 18 443578 0 0 0 134 35
1123 G 446226 74 27 18 446051 0 0 0 29 27
1124 A 420705 420498 31 5 80 54 0 0 0 37
1125 A 421334 421101 19 11 74 54 0 0 0 75
1126 T 376310 28 376084 51 3 0 45 0 0 99
1127 C 348861 31 35 348698 4 0 0 58 0 35
1128 A 343349 343194 17 5 95 22 0 0 0 16
1129 A 339790 339645 22 6 70 35 0 0 0 12
1130 G 342684 42 13 7 342564 0 0 0 34 24
1131 T 325101 22 324800 57 3 0 28 0 0 191
1132 A 319277 318290 21 2 51 28 0 0 0 885
1133 C 346162 17 46 346018 6 0 0 38 0 37
1134 T 330712 14 330569 59 4 0 34 0 0 32
1135 C 341210 22 21 341053 5 0 0 59 0 50
1136 T 302689 12 302576 60 4 0 18 0 0 19
1137 T 304491 17 304300 63 4 0 79 0 0 28
1138 G 307957 40 12 6 307864 0 0 0 9 26
1139 A 318454 318329 28 2 46 20 0 0 0 29
1140 A 320729 320560 34 0 56 19 0 0 0 60
1141 C 322376 22 33 322248 2 0 0 30 0 41
1142 T 310756 5 310634 71 4 0 22 0 0 20
1143 G 321489 56 27 11 321348 0 0 0 31 16
1144 A 327677 327522 23 4 65 24 0 0 0 39
1145 G 333924 28 19 5 333828 0 0 0 27 17
1146 A 332855 332708 27 9 59 14 0 0 0 38
1147 A 375040 374825 19 7 52 54 0 0 0 83
1148 G 382223 48 21 7 382084 0 0 0 37 26
1149 C 413937 34 90 413685 26 0 0 59 0 43
1150 A 411621 411340 45 22 158 32 0 0 0 24
1151 G 413713 54 19 23 413523 0 0 0 68 26
1152 G 479371 107 24 8 479074 0 0 0 77 81
1153 T 478542 73 477663 81 21 0 35 0 0 669
1154 A 484327 484050 50 9 70 25 0 0 0 123
1155 C 497871 51 55 497622 10 0 0 60 0 73
1156 T 467173 36 466864 104 8 0 114 0 0 47
1157 G 479872 70 66 6 479660 0 0 0 34 36
1158 G 487998 57 27 12 487808 0 0 0 41 53
1159 G 477775 90 38 35 477548 0 0 0 10 54
1160 C 509774 40 100 509419 27 0 0 66 0 122
1161 C 457055 46 80 456844 11 0 0 50 0 24
1162 A 472839 472589 63 12 60 53 0 0 0 62
1163 T 473404 40 473217 76 8 0 35 0 0 28
1164 A 468413 468233 14 6 115 17 0 0 0 28
1165 A 483574 483383 22 12 94 39 0 0 0 24
1166 G 474570 70 15 9 474378 0 0 0 49 49
1167 A 457875 457722 20 2 75 22 0 0 0 34
1168 A 455662 455330 43 4 61 21 0 0 0 203
1169 C 455052 38 30 454939 9 0 0 18 0 18
1170 C 477171 36 40 476997 8 0 0 59 0 31
1171 A 464912 464668 22 11 109 56 0 0 0 46
1172 G 475764 49 24 5 475607 0 0 0 50 29
1173 A 476248 476054 20 9 102 24 0 0 0 39
1174 A 471673 471485 25 13 75 31 0 0 0 44
1175 G 485340 59 23 4 485163 0 0 0 56 35
1176 T 459098 45 458261 63 17 0 45 0 0 667
1177 G 462652 62 49 19 462465 0 0 0 39 18
1178 G 472193 44 36 6 472070 0 0 0 16 21
1179 A 472893 472531 43 12 203 23 0 0 0 81
1180 G 482205 79 35 12 482016 0 0 0 39 24
1181 G 483298 56 39 19 483093 0 0 0 41 50
1182 A 457824 457596 39 5 116 35 0 0 0 33
1183 A 457129 456940 29 11 69 51 0 0 0 29
1184 A 458051 457821 33 44 52 30 0 0 0 71
1185 C 468875 60 46 468694 14 0 0 32 0 29
1186 A 468279 467790 60 40 56 29 0 0 0 304
1187 C 495986 43 49 495799 11 0 0 39 0 45
1188 T 482582 61 482289 130 8 0 59 0 0 35
1189 A 520619 520401 26 3 63 54 0 0 0 72
1190 A 546615 546377 30 19 84 66 0 0 0 39
1191 T 543417 50 543043 110 15 0 109 0 0 90
1192 C 550712 69 60 550470 23 0 0 40 0 50
1193 A 530901 530610 31 12 92 124 0 0 0 32
1194 A 536082 535785 61 15 101 53 0 0 0 67
1195 C 545262 93 64 544928 19 0 0 83 0 75
1196 A 475353 475032 38 61 138 47 0 0 0 37
1197 G 470624 97 39 12 470404 0 0 0 32 40
1198 A 430534 430226 28 8 199 38 0 0 0 35
1199 G 437033 77 48 16 436811 0 0 0 46 35
1200 G 461569 79 14 10 461285 0 0 0 87 94
1201 G 409847 65 23 22 409690 0 0 0 24 23
1202 C 417134 63 59 416915 29 0 0 20 0 48
1203 C 421484 82 51 421269 10 0 0 41 0 31
1204 T 418984 31 418724 75 45 0 71 0 0 38
1205 C 440193 73 32 439993 7 0 0 41 0 47
1206 T 429050 63 428730 138 21 0 48 1 0 49
1207 G 429912 87 19 38 429699 0 0 0 33 36
1208 C 425839 29 122 425605 14 0 0 20 0 49
1209 A 409326 409039 28 13 157 44 0 0 0 45
1210 G 436414 38 24 8 436264 0 0 0 35 45
1211 G 435135 50 11 13 435006 0 0 0 24 31
1212 T 439199 37 438442 106 11 0 38 0 0 565
1213 C 439778 31 40 439628 12 0 0 28 0 39
1214 A 426603 426365 21 23 62 90 0 0 0 42
1215 A 453336 453127 19 4 65 67 0 0 0 54
1216 A 442416 442266 46 5 43 28 0 0 0 28
1217 T 446062 35 445880 77 8 0 24 0 0 38
1218 C 444573 49 34 444358 16 0 0 50 0 66
1219 A 414554 414321 23 10 131 33 0 0 0 36
1220 G 442304 68 15 9 442127 0 0 0 39 46
1221 T 428426 47 428049 65 13 0 29 0 0 223
1222 G 431914 89 26 7 431729 0 0 0 17 46
1223 T 425601 38 425210 96 16 0 35 0 0 206
1224 G 410555 159 29 14 410278 0 0 0 43 32
1225 C 421331 32 194 420967 29 0 1 69 0 39
1226 A 416220 416059 17 16 50 44 0 0 0 34
1227 A 423216 422871 34 20 54 41 0 0 0 196
1228 C 423168 41 45 422981 5 0 0 36 0 60
1229 C 418932 56 30 418761 16 0 0 42 0 27
1230 T 382056 48 381715 181 20 0 35 0 0 57
1231 G 394734 162 32 19 394467 0 0 0 28 26
1232 C 426350 67 85 426064 29 0 0 62 0 43
1233 A 418897 418661 26 19 76 50 0 0 0 65
1234 T 426230 63 425968 53 12 0 74 0 0 60
1235 T 423263 17 423112 40 8 0 52 0 0 34
1236 T 402127 15 401990 65 5 0 32 0 0 20
1237 T 404112 16 403939 75 8 0 38 0 0 36
1238 C 379181 20 44 379051 12 0 0 33 0 21
1239 T 351444 21 351254 91 12 0 19 0 0 47
1240 G 379281 81 16 12 379087 0 0 0 37 48
1241 T 369332 20 369104 89 17 0 14 0 0 88
1242 G 379293 108 29 21 379068 0 0 0 27 40
1243 C 385500 43 66 385289 38 0 0 34 0 30
1244 A 379519 379291 31 23 71 65 0 0 0 38
1245 A 387261 387124 16 5 55 38 0 0 0 23
1246 A 385866 385674 17 13 120 17 0 0 0 25
1247 G 398205 70 19 13 398004 0 0 0 56 43
1248 A 394314 394141 12 7 68 46 0 0 0 40
1249 A 359435 359305 18 7 46 21 0 0 0 38
1250 A 373906 373008 28 86 67 41 0 0 0 676
1251 C 376269 61 41 376067 9 0 0 44 0 47
1252 C 395230 19 40 395069 9 0 0 71 0 22
1253 T 396385 30 396107 112 2 0 59 0 0 75
1254 C 391079 37 36 390942 12 0 0 36 0 16
1255 C 415108 44 39 414894 22 0 0 57 0 52
1256 C 406006 46 48 405864 9 0 0 26 0 13
1257 A 410199 410033 44 24 38 33 0 0 0 27
1258 T 411455 46 411222 93 12 0 35 0 0 47
1259 T 390643 15 390465 70 7 0 52 0 0 34
1260 T 395212 27 394951 153 14 0 17 0 0 50
1261 G 393333 106 32 24 393137 0 0 0 9 25
1262 A 399808 399519 52 14 116 35 0 0 0 72
1263 C 397159 37 71 396936 17 0 0 46 0 52
1264 A 376585 376379 75 24 49 40 0 0 0 18
1265 A 390059 389882 31 5 79 32 0 0 0 30
1266 A 394246 393948 19 78 67 24 0 0 0 110
1267 C 412490 34 110 412270 17 0 0 36 0 23
1268 C 408861 33 41 408691 7 0 0 46 0 43
1269 A 376649 376480 30 9 37 43 0 0 0 50
1270 A 391914 391499 19 47 92 47 0 0 1 209
1271 C 389190 51 59 389013 8 0 0 32 0 27
1272 C 413787 105 40 413567 11 0 0 28 0 36
1273 A 410997 410798 29 14 83 39 0 0 0 34
1274 T 414130 63 413737 186 9 0 40 0 0 95
1275 C 413804 35 58 413574 56 0 0 49 0 32
1276 A 397757 397504 29 13 99 78 0 0 0 34
1277 T 405772 31 405539 80 25 0 45 0 0 52
1278 G 389456 103 21 9 389223 0 0 0 64 36
1279 G 386555 78 27 18 386360 0 0 0 40 32
1280 C 360563 26 78 360365 26 0 0 21 0 47
1281 A 341539 341313 7 21 134 30 0 0 0 34
1282 G 350922 138 22 8 350699 0 0 0 25 30
1283 C 343304 25 106 343095 15 0 0 31 0 32
1284 A 339593 339475 33 7 42 9 0 0 0 27
1285 T 341210 69 341031 58 2 0 22 0 0 28
1286 T 332923 22 332810 45 3 0 19 0 0 24
1287 C 336864 17 48 336728 10 0 0 35 0 26
1288 A 332277 332018 27 8 46 33 0 0 0 145
1289 C 317004 23 19 316892 9 0 0 32 0 29
1290 T 318363 18 318186 72 16 0 32 0 0 39
1291 G 342020 64 25 7 341847 0 0 0 41 36
1292 G 352047 62 18 11 351868 0 0 0 43 45
1293 G 361338 89 28 16 361141 0 0 0 36 28
1294 A 352721 352482 48 20 67 39 0 0 0 65
1295 A 363633 363403 40 32 64 61 0 0 0 33
1296 T 345224 48 345026 57 10 0 51 0 0 32
1297 A 374984 374674 46 10 72 67 0 0 0 115
1298 C 411822 43 104 411551 29 0 0 68 0 27
1299 A 400219 399841 45 25 187 58 0 0 0 63
1300 G 406337 75 39 5 406148 0 0 0 24 46
1301 A 391489 391167 44 21 138 46 0 0 0 73
1302 G 419010 154 38 11 418728 0 0 0 56 23
1303 G 413292 82 21 13 413129 0 0 0 26 21
1304 G 412929 141 30 16 412662 0 0 0 56 24
1305 A 412205 411913 86 6 152 15 0 0 0 33
1306 A 406099 405794 41 7 151 65 0 0 0 41
1307 G 415691 111 21 14 415367 0 0 0 16 162
1308 A 413938 413713 58 7 92 39 0 0 0 29
1309 A 425178 424937 52 16 67 28 0 0 0 78
1310 C 452036 46 50 451801 15 0 0 48 0 76
1311 A 435086 434906 33 16 67 40 0 0 0 24
1312 T 442682 40 442470 58 8 0 31 1 0 74
1313 C 431349 50 49 431171 15 0 0 38 0 26
1314 A 426798 426469 42 11 167 78 0 0 0 31
1315 G 432868 57 41 28 432666 0 0 0 41 35
1316 A 420640 420339 47 28 68 47 0 0 0 111
1317 C 425109 30 66 424920 16 0 0 38 0 39
1318 A 417364 417168 24 17 72 39 0 0 0 44
1319 T 400296 47 400145 58 9 0 19 0 0 18
1320 G 406372 57 19 8 406214 0 0 0 38 36
1321 A 390721 390560 22 1 68 36 0 0 0 34
1322 G 396205 41 54 9 396047 0 0 0 20 34
1323 G 398835 63 153 8 398543 0 0 0 38 30
1324 G 392962 173 30 31 392683 0 0 0 19 26
1325 C 393394 124 64 393122 20 0 0 30 0 34
1326 A 387268 386985 108 10 106 27 0 0 0 32
1327 G 395347 41 16 11 395209 0 0 0 33 37
1328 A 396394 396265 20 2 59 13 0 0 0 35
1329 A 402464 402312 25 12 60 20 0 0 0 35
1330 A 415397 415215 30 5 90 32 0 0 0 25
1331 T 421127 40 420934 44 13 0 37 1 0 58
1332 T 444362 31 444165 83 11 0 49 0 0 23
1333 A 447711 447461 60 17 91 50 0 0 0 32
1334 T 444067 61 443870 50 13 0 56 0 0 17
1335 A 443833 443531 12 6 140 111 0 1 0 32
1336 A 429510 429265 31 25 152 17 0 0 0 20
1337 G 454821 71 56 11 454603 0 0 0 31 49
1338 G 467018 75 23 6 466810 0 1 0 44 59
1339 A 484986 484641 32 10 97 91 0 0 0 115
1340 T 422069 35 421841 70 12 0 53 0 0 58
1341 G 419211 80 20 17 418976 0 0 0 82 36
1342 A 408594 408282 49 5 121 91 0 0 0 46
1343 T 412628 75 412413 47 26 0 27 0 0 40
1344 G 403297 86 41 8 403120 0 0 0 19 23
1345 G 409464 80 25 12 409240 0 0 0 76 31
1346 A 385118 384856 36 3 129 28 0 0 0 66
1347 A 397204 396969 31 6 107 51 0 0 0 40
1348 G 401450 67 41 4 401277 0 0 0 43 18
1349 G 461086 55 34 13 460865 0 0 0 61 58
1350 T 446924 44 445879 96 86 0 22 0 1 796
1351 G 438157 231 90 22 437737 0 0 0 22 55
1352 C 438056 125 211 437593 78 0 0 20 0 29
1353 A 430936 430593 20 137 91 82 0 0 0 13
1354 A 431040 430873 11 55 48 36 0 0 0 17
1355 A 438085 437949 11 12 53 42 0 0 0 18
1356 A 455350 454978 34 109 56 34 0 0 0 139
1357 C 462907 158 30 462607 4 0 0 51 0 57
1358 C 448059 43 195 447765 7 0 0 23 0 26
1359 A 431412 431045 47 17 269 7 0 0 0 27
1360 G 449091 83 24 15 448897 0 0 0 43 29
1361 A 445699 445573 12 4 55 36 0 0 0 19
1362 A 464623 464401 29 7 91 61 0 0 0 34
1363 G 481745 55 21 11 481579 0 0 0 42 37
1364 A 481254 481012 36 3 72 71 0 0 0 60
1365 A 477135 477005 29 6 58 21 0 0 0 16
1366 A 482429 482229 27 4 76 19 0 0 0 74
1367 T 485592 46 485289 53 94 0 40 0 0 70
1368 G 492418 70 33 3 492268 0 0 0 13 31
1369 T 484546 42 484294 95 16 0 22 0 0 77
1370 C 496272 28 44 496093 17 0 0 50 0 40
1371 C 491356 48 74 491162 11 0 0 34 0 27
1372 T 515799 30 515552 90 6 0 64 0 0 57
1373 T 521713 47 521468 114 6 0 25 0 0 53
1374 C 525998 43 82 525783 16 0 0 51 0 23
1375 C 523384 62 67 523162 49 0 0 19 0 25
1376 A 525984 525365 56 87 320 100 0 0 0 56
1377 G 528563 160 60 6 528269 0 0 0 33 35
1378 G 531599 101 12 11 531388 0 0 0 50 37
1379 G 536016 88 24 31 535763 0 0 0 59 51
1380 G 509201 61 37 34 509012 0 0 0 30 27
1381 C 469038 56 91 468585 233 0 0 33 0 40
1382 G 466537 166 55 161 466120 0 0 0 16 19
1383 G 481826 74 42 9 481560 0 0 0 101 40
1384 G 481257 76 54 13 481039 0 0 0 37 38
1385 G 488600 175 27 10 488221 0 0 0 68 99
1386 A 459914 446909 26 4 195 53 0 0 1 12726
1387 G 461174 74 22 6 460915 0 0 0 49 108
1388 T 442994 20 431030 59 13 0 34 0 0 11838
1389 C 451625 55 49 451348 9 0 0 39 0 125
1390 T 438113 30 437871 102 23 0 18 0 0 69
1391 T 438504 41 438254 83 11 0 88 0 0 27
1392 C 439426 41 128 438757 19 0 0 34 0 447
1393 G 506376 94 33 20 505798 1 0 0 92 338
1394 A 499915 498772 15 6 111 60 0 0 0 951
1395 G 509566 28 19 12 509378 0 1 0 35 93
1396 C 469319 33 45 469022 14 0 0 34 0 171
1397 T 460927 11 460511 85 6 0 49 0 0 265
1398 C 446621 44 38 446449 14 0 0 24 0 52
1399 T 444123 21 443937 63 7 0 30 0 0 65
1400 C 447562 56 111 447316 13 0 0 35 0 31
1401 G 449690 93 28 10 449464 0 0 0 31 64
1402 G 486743 109 17 9 486482 0 0 0 67 59
1403 A 520727 519589 26 30 156 59 0 0 0 867
1404 C 535181 55 117 534804 50 0 0 80 0 75
1405 G 552085 164 31 36 551741 0 0 0 44 69
1406 A 587586 587142 39 4 146 137 0 0 0 118
1407 A 580011 579807 19 12 130 17 0 0 0 26
1408 A 582996 582685 35 16 155 64 0 0 1 40
1409 G 592572 96 82 9 592140 0 0 0 19 226
1410 G 594533 66 31 13 594273 0 0 0 100 50
1411 G 568028 82 42 32 567810 0 0 0 34 28
1412 C 566739 35 176 566259 40 0 0 60 0 169
1413 A 556181 555645 40 33 304 49 0 0 0 110
1414 G 564691 216 47 20 564325 0 0 0 32 51
1415 C 548072 31 203 547732 22 0 0 20 0 64
1416 G 586412 129 26 12 586076 0 0 0 84 85
1417 A 588144 587948 24 6 58 35 0 0 0 73
1418 A 588327 587448 26 10 89 51 0 0 0 703
1419 C 583517 42 79 583283 9 0 0 23 0 81
1420 C 578333 40 42 578123 6 0 0 78 0 44
1421 C 546544 65 81 546329 19 0 0 18 0 32
1422 G 542242 119 18 14 541995 0 0 0 32 64
1423 A 541731 541550 33 4 73 17 0 0 0 54
1424 T 542134 40 541909 59 1 0 17 0 0 108
1425 C 519253 22 89 519053 8 0 0 36 0 45
1426 G 507253 147 24 12 506985 0 0 0 52 33
1427 T 488670 27 488269 73 15 0 59 0 0 227
1428 G 465138 125 22 18 464894 0 0 0 36 43
1429 C 464395 22 65 464204 23 0 0 39 0 42
1430 C 463522 19 48 463346 14 0 0 56 0 39
1431 C 461641 45 42 461465 9 0 0 26 0 54
1432 T 444481 24 444313 84 6 0 20 0 0 34
1433 C 474743 33 39 474553 8 0 0 36 0 74
1434 T 466383 72 465984 235 24 0 49 0 0 19
1435 T 518468 29 518174 58 9 0 109 0 0 89
1436 T 460063 23 459772 184 8 0 56 0 0 20
1437 T 461597 191 461084 89 76 0 121 0 0 36
1438 G 452608 172 27 17 452338 0 0 0 26 28
1439 A 446933 446573 75 71 81 37 0 0 0 96
1440 C 459331 73 69 459107 29 0 0 26 0 27
1441 A 454909 454674 36 10 83 44 0 0 0 62
1442 T 386624 19 386489 68 17 0 19 0 0 12
1443 G 479433 60 38 7 479146 0 0 0 82 100
1444 A 472810 472553 47 2 103 64 0 0 0 41
1445 G 536188 81 28 11 535946 0 0 0 45 77
1446 T 537526 54 536929 83 15 0 27 0 0 418
1447 A 519621 519393 19 1 66 119 0 0 0 23
1448 A 525584 525449 36 3 53 16 0 0 0 27
1449 T 522022 43 521708 93 24 0 111 0 0 43
1450 G 522457 79 26 17 522265 0 0 0 36 34
1451 A 491251 491033 44 6 65 37 0 0 0 66
1452 A 449469 449280 35 10 92 23 0 0 0 29
1453 G 447739 108 46 11 447491 0 0 0 43 40
1454 G 405114 38 23 10 404930 0 0 0 38 75
1455 A 400900 400753 21 2 68 11 0 0 0 45
1456 T 407144 31 406970 44 3 0 40 0 0 56
1457 C 403885 24 33 403772 8 0 0 26 0 22
1458 T 396744 26 396579 64 5 0 55 0 0 15
1459 T 399180 12 399045 56 3 0 38 0 0 26
1460 A 399556 399418 36 1 39 41 0 0 0 21
1461 T 398492 14 398391 46 5 0 18 0 0 18
1462 T 396234 15 396091 44 7 0 9 0 0 68
1463 T 393081 30 392966 45 2 0 19 0 0 19
1464 C 391391 15 37 391284 14 0 0 18 0 23
1465 T 376964 14 376854 60 6 0 14 0 0 16
1466 T 375151 20 375035 36 1 0 41 0 0 18
1467 C 374253 20 70 374100 8 0 0 30 0 25
1468 G 372363 77 33 10 372170 0 0 0 53 20
1469 G 375630 25 17 11 375538 0 0 0 29 10
1470 A 378030 377851 25 4 78 30 0 0 0 42
1471 G 386446 39 12 10 386334 0 0 0 16 35
1472 A 387278 386912 42 4 208 16 0 0 0 96
1473 C 397671 16 57 397511 18 0 0 28 0 41
1474 A 387875 387628 103 13 58 29 0 0 0 44
1475 A 433804 433455 142 12 59 37 0 0 0 99
1476 T 449005 181 448671 67 18 0 35 0 0 33
1477 G 483035 521 31 15 482341 0 0 0 67 60
1478 C 497267 46 137 496970 22 0 0 39 0 53
1479 A 482153 481733 35 11 150 191 0 0 0 33
1480 G 487264 58 32 15 487057 0 0 0 74 28
1481 A 507574 507215 16 5 124 117 0 0 0 97
1482 G 440368 117 34 9 440136 0 0 0 42 30
1483 G 466637 90 47 10 466342 0 0 0 59 89
1484 A 390660 390415 27 27 111 37 0 0 0 43
1485 G 399362 65 43 5 399191 0 0 0 23 35
1486 T 383615 38 382762 52 9 0 34 0 0 720
1487 A 378951 378616 36 76 71 88 0 0 0 64
1488 C 379607 105 119 379326 9 0 0 22 0 26
1489 G 363305 200 35 10 363013 0 0 0 30 17
1490 A 362911 362645 38 3 91 43 0 0 0 91
1491 C 352265 135 115 351894 5 0 0 58 0 58
1492 A 291794 291699 23 9 30 17 0 0 0 16
1493 A 292420 292158 169 4 29 24 0 0 0 36
1494 T 274917 211 274661 21 1 0 11 0 0 12