# amino-acid counts among definitively called codons
# POSITION TOTAL_COUNTS WT N_A N_C N_D N_E N_F N_G N_H N_I N_K N_L N_M N_N N_P N_Q N_R N_S N_T N_V N_W N_Y N_STOP
1 553745 M 0 0 0 0 0 0 1 135 40 41 553353 0 0 0 5 1 76 89 4 0 0
2 529122 A 528863 0 0 28 0 31 0 0 0 0 0 0 4 1 1 23 25 146 0 0 0
3 554784 S 1 10 0 0 43 0 0 0 0 1 0 0 107 0 0 554568 23 4 0 27 0
4 556857 Q 0 0 0 12 0 1 44 2 60 27 0 0 16 556529 96 0 2 0 0 0 68
5 506926 G 15 54 60 0 0 506623 0 0 0 0 0 0 0 1 3 160 0 10 0 0 0
6 452859 T 73 1 0 0 0 0 4 32 0 0 0 13 6 0 0 37 452693 0 0 0 0
7 450275 K 0 0 0 45 0 0 0 12 450103 0 0 46 0 11 39 0 1 0 1 0 17
8 392138 R 0 0 0 0 0 8 0 0 0 28 0 0 3 53 391969 0 1 0 76 0 0
9 401694 S 7 7 1 0 37 0 1 0 0 1 0 0 57 0 0 401514 23 3 0 43 0
10 430881 Y 0 74 2 0 12 0 174 0 0 4 4 14 0 0 0 4 0 2 0 430546 45
11 385562 E 0 0 37 385338 0 66 0 0 70 2 1 3 0 11 1 0 0 18 0 0 15
12 355525 Q 0 0 0 10 1 0 28 0 30 24 0 1 8 355298 66 2 0 0 2 2 53
13 434034 M 0 0 11 0 0 1 0 97 35 44 433726 0 0 1 2 2 45 69 1 0 0
14 426192 E 2 0 38 425966 0 92 0 0 44 0 0 0 0 10 0 1 1 20 0 0 18
15 402723 T 54 0 0 0 1 0 0 32 13 3 0 14 8 2 0 16 402580 0 0 0 0
16 455805 D 1 0 455543 54 0 83 10 0 0 0 1 48 0 0 0 1 0 36 0 15 13
17 451364 G 13 0 2 36 0 451161 0 0 3 0 0 0 1 0 61 0 0 37 50 0 0
18 445868 E 2 0 25 445594 0 94 0 0 101 0 0 2 0 11 0 0 1 20 0 0 18
19 453570 R 3 99 0 0 0 5 140 0 0 31 0 0 24 0 453238 28 1 1 0 0 0
20 464921 Q 0 0 0 5 0 0 36 0 13 31 0 0 325 464303 159 1 0 0 1 0 47
21 445800 N 2 0 51 1 0 0 0 21 20 1 4 445600 0 1 1 72 9 0 0 17 0
22 458350 A 458006 2 0 27 0 13 0 0 0 3 0 0 10 2 0 14 122 150 0 0 1
23 479988 T 69 0 0 1 0 0 0 22 0 2 0 20 5 0 0 40 479829 0 0 0 0
24 458388 E 7 1 30 458118 0 94 1 7 72 0 1 0 1 5 4 0 0 27 0 0 20
25 407550 I 0 0 0 0 22 3 0 407349 0 1 31 23 0 1 3 2 43 72 0 0 0
26 438039 R 12 0 0 1 0 121 0 23 73 3 1 0 0 0 437735 19 10 0 1 0 40
27 418008 A 417791 1 0 19 0 14 1 0 0 0 0 0 7 0 0 18 59 98 0 0 0
28 446773 S 4 13 0 0 28 0 0 1 0 1 0 0 101 0 1 446568 26 0 0 30 0
29 428424 V 50 1 28 5 14 2 0 108 1 4 0 1 0 1 3 1 1 428204 0 0 0
30 444752 G 14 1 0 53 0 444471 0 0 1 0 0 0 0 0 146 0 0 31 35 0 0
31 437949 K 0 0 0 60 0 0 0 0 437696 1 33 37 0 1 88 0 1 0 0 0 32
32 428617 M 1 0 1 1 0 0 0 58 21 39 428401 0 0 1 4 0 39 50 0 0 1
33 431813 I 1 0 1 0 32 0 0 431606 0 1 7 32 0 0 0 6 72 55 0 0 0
34 427559 D 1 0 427286 43 0 91 7 0 1 1 2 60 0 0 0 0 1 44 0 22 0
35 386676 G 9 0 0 42 0 386510 0 0 0 1 0 0 1 0 78 0 0 16 0 0 19
36 405517 I 0 1 0 1 10 0 0 405366 1 3 3 16 0 1 0 4 57 51 0 0 3
37 379197 G 5 0 3 49 0 379033 0 1 1 0 1 1 0 1 44 0 0 20 1 0 37
38 343540 R 0 0 1 0 0 10 1 1 0 18 0 0 6 74 343351 0 0 0 0 0 78
39 377692 F 0 3 1 0 377493 0 0 16 0 97 0 4 0 0 0 44 0 14 0 19 1
40 363928 Y 1 78 2 0 24 1 165 0 0 1 0 16 0 0 2 3 0 0 0 363573 62
41 323088 I 1 0 0 3 21 0 3 322753 16 9 1 22 0 1 150 2 66 40 0 0 0
42 317389 Q 0 0 0 5 0 0 11 0 119 8 0 1 11 317160 45 1 1 0 0 0 27
43 308000 M 0 0 0 0 0 0 0 40 13 15 307861 1 0 0 6 1 36 27 0 0 0
44 337271 C 0 337025 0 33 19 7 1 0 0 0 0 0 0 0 56 24 0 0 14 72 20
45 324340 T 45 0 0 0 0 0 1 27 0 0 4 10 6 1 1 35 324210 0 0 0 0
46 358451 E 4 0 21 358326 0 31 1 0 29 0 0 2 0 7 0 0 0 13 0 0 17
47 420023 L 0 0 0 0 42 0 9 13 0 419859 0 0 76 1 7 0 14 2 0 0 0
48 424200 K 0 0 0 49 0 1 0 10 424015 0 0 41 0 2 38 0 2 0 0 0 42
49 417830 L 0 0 0 0 32 0 9 14 0 417706 0 0 62 2 3 1 0 1 0 0 0
50 416468 S 0 24 0 0 0 92 0 44 0 2 0 28 1 2 83 416187 4 1 0 0 0
51 461202 D 2 0 460955 50 0 83 7 1 1 2 0 57 0 2 0 0 2 24 0 11 5
52 491554 Y 1 66 4 0 32 0 70 0 0 10 6 8 0 0 0 4 0 0 0 491294 59
53 468794 E 20 0 85 468419 0 120 0 0 67 0 0 0 0 3 1 1 0 42 1 0 35
54 419252 G 13 0 0 58 0 419059 0 0 0 0 0 0 0 0 62 0 0 14 46 0 0
55 396531 R 0 0 4 0 0 30 0 0 0 28 0 0 17 77 396250 1 0 0 0 0 124
56 392823 L 0 0 0 0 0 0 0 9 0 392680 18 0 77 18 12 0 1 8 0 0 0
57 419804 I 0 0 0 0 35 2 4 419585 8 9 10 27 0 0 0 5 66 53 0 0 0
58 403895 Q 0 0 0 8 0 0 20 0 25 25 0 7 9 403662 92 0 0 0 0 0 47
59 388546 N 0 0 50 0 0 1 3 23 34 5 0 388353 0 1 2 52 5 0 1 16 0
60 304216 S 1 5 1 0 0 36 0 13 4 3 0 45 0 1 22 304080 5 0 0 0 0
61 305605 L 1 0 0 0 19 0 0 10 0 305354 0 0 19 0 0 162 1 7 2 0 30
62 283412 T 37 0 0 0 1 1 0 43 12 0 5 1 2 3 31 26 283250 0 0 0 0
63 299454 I 0 0 0 169 0 0 0 299033 12 26 59 0 0 0 6 0 98 50 0 0 1
64 312139 E 0 1 19 311979 0 65 0 0 28 0 0 0 0 5 0 0 0 10 0 0 32
65 303000 R 0 0 0 0 0 56 0 9 36 1 0 3 0 1 302811 16 8 0 0 35 24
66 318068 M 0 0 1 2 0 0 0 85 23 15 317861 0 0 0 3 1 35 42 0 0 0
67 307628 V 46 1 0 44 12 7 1 1 0 26 40 0 0 0 0 0 0 307449 1 0 0
68 329042 L 1 3 0 0 31 1 12 17 0 328895 0 0 64 1 3 0 1 12 0 1 0
69 341207 S 4 5 0 0 27 0 0 0 0 5 0 0 58 1 0 341065 16 0 0 26 0
70 360612 A 360412 5 21 0 0 4 0 2 0 0 0 0 9 0 0 19 106 34 0 0 0
71 346506 F 1 4 0 1 346348 0 0 13 2 76 0 0 0 0 0 45 0 5 0 10 1
72 346202 D 0 0 346024 26 0 69 3 0 0 0 0 50 0 0 0 0 5 18 0 6 1
73 322633 E 1 0 8 322459 0 50 0 0 69 0 0 0 0 10 5 0 1 15 0 0 15
74 329776 R 0 0 0 3 0 79 0 17 48 1 0 0 0 1 329570 24 13 0 0 0 20
75 337965 R 1 0 0 0 1 65 0 0 31 0 24 0 0 0 337799 23 6 0 15 0 0
76 368340 N 0 0 49 9 0 0 0 31 33 0 3 368123 0 0 0 60 3 0 0 29 0
77 371338 K 0 0 0 62 0 0 0 18 371124 0 2 46 1 4 49 0 4 0 0 0 28
78 294785 Y 0 44 3 0 19 0 76 3 0 1 0 15 1 1 0 3 0 1 0 294585 33
79 290174 L 0 1 0 0 0 1 0 1 0 290034 23 0 85 21 6 0 0 2 0 0 0
80 271130 E 2 0 20 271015 0 41 0 0 14 0 0 0 0 12 1 0 0 11 0 0 14
81 258033 E 2 0 37 257876 0 51 1 0 28 0 0 1 0 6 2 0 0 16 0 0 13
82 292317 H 0 0 7 0 0 0 292183 2 0 19 0 8 2 27 22 0 2 0 0 45 0
83 389390 P 4 0 1 0 0 0 25 0 0 28 0 0 389254 1 10 39 28 0 0 0 0
84 390131 S 1 4 0 0 0 84 0 21 0 3 0 66 1 4 48 389896 3 0 0 0 0
85 415819 A 415538 0 0 23 0 16 0 0 0 0 0 0 9 0 32 34 120 47 0 0 0
86 456443 G 16 1 0 58 0 456230 0 0 0 0 0 0 1 0 80 0 0 26 30 0 1
87 474757 K 0 0 0 172 0 1 0 0 474309 0 27 102 0 2 99 0 7 0 0 0 38
88 482690 D 1 0 482459 42 0 63 6 12 0 2 0 56 0 0 0 0 0 31 0 18 0
89 437723 P 6 0 0 0 0 0 38 0 0 31 0 1 437563 0 11 45 27 1 0 0 0
90 437938 K 0 2 0 54 0 0 0 0 437774 0 15 16 0 4 61 1 6 0 0 0 5
91 402453 K 0 0 0 49 0 0 0 6 402302 2 0 19 0 2 56 0 2 0 0 0 15
92 366965 T 32 0 0 0 0 0 0 12 0 3 0 25 18 1 0 14 366859 0 1 0 0
93 363341 G 4 0 0 29 0 363219 0 0 0 0 0 0 0 0 47 0 0 22 2 0 18
94 342239 G 7 1 0 28 0 342091 0 0 0 0 0 0 0 0 61 0 1 22 0 0 28
95 357476 P 12 0 0 0 0 0 37 0 0 24 0 0 357348 2 10 22 21 0 0 0 0
96 390507 I 0 1 0 0 0 0 2 390263 38 35 46 1 4 0 2 0 65 47 0 3 0
97 408160 Y 0 52 4 0 32 0 78 5 0 0 0 26 1 5 0 3 1 0 0 407915 38
98 349538 K 0 0 0 66 1 0 0 0 349310 1 19 16 0 8 77 0 14 0 0 0 26
99 254259 R 0 0 0 0 0 39 0 11 31 0 0 0 0 0 254131 20 6 0 0 0 21
100 251537 V 34 0 0 15 0 6 0 34 0 11 0 0 0 2 2 0 0 251433 0 0 0
101 291841 D 5 0 291691 30 0 43 4 0 0 1 0 37 0 0 1 0 0 16 0 12 1
102 297321 R 0 0 0 0 0 49 0 9 43 1 0 0 1 2 297177 15 8 0 0 0 16
103 312238 K 0 0 0 58 0 1 0 0 312074 0 6 15 0 1 62 0 8 0 0 0 13
104 321007 W 0 25 0 0 0 4 0 2 0 21 0 0 0 0 64 5 1 3 320804 0 78
105 330690 M 0 0 0 0 0 0 0 73 21 20 330464 0 0 0 5 0 42 65 0 0 0
106 348082 R 0 0 1 1 0 90 0 0 44 0 47 0 0 0 347849 23 7 0 20 0 0
107 346201 E 0 0 43 345888 0 79 1 0 155 0 0 0 0 6 0 0 0 14 0 0 15
108 345911 L 3 0 0 0 32 1 19 20 0 345777 0 1 53 0 0 1 1 3 0 0 0
109 332805 V 70 0 30 0 10 5 0 79 1 7 0 0 0 1 0 1 1 332600 0 0 0
110 360817 L 0 1 1 0 33 0 13 30 0 360645 0 0 82 0 8 1 0 3 0 0 0
111 349897 Y 0 52 2 1 30 0 89 0 0 0 15 4 0 0 0 1 0 0 0 349661 42
112 312837 D 3 0 312546 27 0 60 7 0 1 0 0 141 0 0 0 0 1 38 0 13 0
113 289822 K 0 0 0 32 0 0 0 16 289703 1 0 18 0 10 28 0 3 0 0 0 11
114 347832 E 1 0 29 347643 0 64 0 0 54 0 0 0 0 6 3 0 0 13 0 0 19
115 394624 E 0 0 13 394448 0 65 0 0 42 0 0 0 0 5 12 0 0 23 0 0 16
116 420051 I 0 0 1 2 0 0 0 419698 23 21 83 8 0 0 3 0 121 89 0 0 2
117 402330 R 0 0 0 0 0 74 0 0 35 1 36 0 0 0 402132 22 8 0 22 0 0
118 393594 R 0 0 0 0 0 14 0 0 0 28 0 0 14 72 393414 0 0 0 0 0 52
119 421740 I 0 0 0 0 12 0 0 421590 0 7 6 26 0 0 0 4 49 46 0 0 0
120 398728 W 0 27 0 0 0 5 0 0 0 11 0 0 0 0 99 8 0 0 398501 0 77
121 409909 R 2 98 0 0 0 21 96 0 0 24 0 0 27 0 409603 38 0 0 0 0 0
122 388955 Q 0 0 0 10 0 0 26 0 21 19 0 0 6 388786 46 0 0 0 0 0 41
123 448800 A 448582 0 9 0 0 12 0 0 0 0 0 0 16 0 1 28 85 67 0 0 0
124 494991 N 0 0 60 2 0 0 13 29 60 2 0 494742 1 5 0 63 4 0 0 10 0
125 480341 N 0 0 70 0 0 1 4 33 26 1 2 480113 1 0 0 56 7 0 0 18 9
126 380982 G 5 18 38 0 0 380865 0 0 0 1 1 0 0 0 7 40 0 5 2 0 0
127 377302 D 1 1 377064 42 1 73 8 0 0 0 0 71 0 0 0 0 1 33 0 6 1
128 367502 D 2 0 367282 32 0 58 2 0 0 1 0 74 0 0 0 1 0 33 0 17 0
129 373051 A 372815 0 0 25 0 13 0 0 0 1 0 0 13 1 0 23 94 66 0 0 0
130 328927 T 44 0 0 0 0 0 0 18 10 0 0 0 3 1 6 18 328827 0 0 0 0
131 301000 A 300908 0 20 0 0 6 0 0 0 0 0 0 9 2 1 14 25 15 0 0 0
132 365047 G 13 16 36 2 0 364824 0 86 0 0 0 0 0 0 7 43 1 19 0 0 0
133 380063 L 0 0 1 0 0 0 0 277 0 379610 30 3 104 19 8 1 0 10 0 0 0
134 444049 T 74 0 1 0 0 0 2 40 0 0 2 18 4 1 1 53 443853 0 0 0 0
135 459248 H 0 0 7 0 1 0 459000 2 0 39 0 29 9 47 63 1 1 0 0 49 0
136 484870 M 1 0 0 2 0 0 0 139 34 26 484459 0 0 2 5 1 91 110 0 0 0
137 490913 M 0 1 0 0 0 0 0 106 33 45 490559 1 0 0 6 0 77 83 1 0 1
138 436278 I 0 0 0 0 31 1 0 436095 0 2 8 29 0 0 0 6 54 51 0 0 1
139 411986 W 1 35 1 0 0 24 0 1 0 16 1 0 0 1 159 8 1 0 411589 5 144
140 391851 H 0 0 18 0 0 0 391647 2 0 16 0 29 9 20 53 0 0 0 0 57 0
141 388981 S 7 15 0 0 37 0 0 0 0 1 0 0 69 0 0 388802 21 0 0 29 0
142 385838 N 1 0 55 0 0 0 3 29 18 0 0 385673 0 0 0 38 3 0 0 18 0
143 377656 L 0 0 0 0 31 0 0 0 0 377511 22 0 1 0 0 66 0 1 3 0 21
144 362346 N 0 0 71 1 0 0 2 15 38 0 1 362151 0 0 0 42 4 0 0 21 0
145 355113 D 1 1 354953 21 0 40 8 0 0 0 0 46 0 0 1 0 0 27 0 15 0
146 352634 T 91 0 1 0 0 0 1 38 16 0 0 0 1 3 6 26 352451 0 0 0 0
147 462543 T 76 0 0 0 0 0 0 39 24 0 0 2 4 0 8 40 462350 0 0 0 0
148 427289 Y 0 58 4 2 38 0 55 9 0 0 0 18 0 0 0 3 1 1 0 427070 30
149 432714 Q 0 0 1 15 0 0 28 0 25 28 0 0 9 432445 118 0 2 0 0 0 43
150 416783 R 0 1 2 3 0 70 0 1 61 4 29 0 0 0 416545 24 13 1 29 0 0
151 457087 T 90 0 1 2 0 3 0 72 18 1 0 0 8 1 7 60 456824 0 0 0 0
152 481970 R 0 2 0 1 1 111 0 19 63 0 1 0 0 8 481703 18 5 0 0 0 38
153 530567 A 530394 0 27 0 0 14 0 0 0 2 0 0 8 1 0 34 57 30 0 0 0
154 566203 L 1 0 0 0 34 0 32 45 0 565983 0 0 88 0 2 5 0 13 0 0 0
155 575838 V 72 1 53 0 16 12 0 60 0 5 0 0 0 0 0 0 0 575619 0 0 0
156 585505 R 0 112 0 0 2 27 184 0 1 23 0 0 12 0 585116 28 0 0 0 0 0
157 588209 T 90 0 0 1 0 0 1 118 7 1 1 24 9 0 0 51 587906 0 0 0 0
158 600687 G 19 21 157 0 0 600236 1 1 0 0 0 0 0 0 12 214 0 26 0 0 0
159 620475 M 0 0 0 1 0 0 2 156 22 62 620018 0 0 1 10 0 88 115 0 0 0
160 705384 D 3 1 705052 57 0 107 12 7 0 0 0 81 0 1 0 0 0 36 0 27 0
161 622664 P 17 0 1 0 1 0 62 0 0 56 1 0 622397 8 17 68 33 3 0 0 0
162 588619 R 0 0 0 2 0 175 1 0 84 0 41 1 1 0 588236 36 15 3 23 0 1
163 536853 M 0 0 0 0 0 3 0 131 20 45 536481 0 0 0 11 0 55 106 1 0 0
164 527388 C 1 526967 2 0 29 6 0 0 0 1 0 0 0 0 86 69 1 0 19 176 31
165 500172 S 19 12 0 0 33 0 1 0 0 2 0 0 79 1 0 499960 27 0 0 37 1
166 494022 L 0 1 3 0 0 0 0 0 0 493792 71 0 106 33 7 1 0 8 0 0 0
167 484006 M 1 1 0 0 1 0 0 174 30 38 483648 0 0 0 6 0 58 49 0 0 0
168 453815 Q 2 0 1 18 0 1 43 0 30 19 0 0 17 453440 132 1 0 1 0 1 109
169 421009 G 3 14 40 0 0 420888 1 0 0 0 0 0 0 0 8 37 0 17 0 0 1
170 451343 S 2 0 0 1 1 0 0 0 0 122 0 0 48 3 0 451095 26 0 11 0 34
171 445126 T 83 0 1 0 0 1 1 38 0 2 0 23 2 1 0 49 444917 8 0 0 0
172 478084 L 0 4 1 1 32 0 31 40 0 477836 0 0 122 1 3 2 0 11 0 0 0
173 633720 P 13 1 0 0 0 3 59 0 1 82 0 0 633435 1 16 62 47 0 0 0 0
174 641269 R 1 0 0 1 0 91 0 0 66 2 34 0 2 0 640985 43 12 0 24 0 8
175 518407 R 0 0 0 0 0 122 0 0 49 3 32 0 0 0 518148 26 2 0 25 0 0
176 557489 S 3 6 0 0 40 1 0 0 0 0 0 0 75 0 0 557294 24 2 0 44 0
177 578838 G 9 0 0 50 0 578598 0 0 1 0 0 0 1 2 109 0 0 25 0 0 43
178 559370 A 559162 0 39 0 0 15 0 0 0 2 0 0 7 0 0 34 58 53 0 0 0
179 575098 A 574715 1 0 26 2 14 0 0 1 0 1 0 12 0 0 25 204 96 0 0 1
180 588537 G 4 33 51 0 0 588356 0 0 0 1 0 0 0 1 11 57 0 22 0 1 0
181 585814 A 585513 0 22 0 1 6 0 0 2 1 0 0 15 0 1 32 169 51 0 0 1
182 600766 A 600203 0 0 32 0 21 0 0 0 1 0 0 15 1 1 40 209 243 0 0 0
183 644928 V 71 1 43 0 23 6 0 67 0 11 0 0 0 0 1 8 0 644697 0 0 0
184 653249 K 0 0 0 98 0 0 0 37 652866 1 0 100 1 32 59 0 11 0 0 0 44
185 552732 G 10 0 0 62 0 552537 0 1 0 0 0 0 0 0 64 0 0 17 0 0 41
186 539569 V 76 0 30 1 8 2 0 114 0 4 0 0 0 2 0 4 1 539327 0 0 0
187 530721 G 17 0 8 85 0 530457 0 0 1 1 0 0 0 0 85 0 0 28 37 0 2
188 413337 T 89 0 2 0 0 0 0 53 25 3 2 0 3 4 14 37 413105 0 0 0 0
189 328152 M 0 0 0 0 0 1 0 68 22 24 327954 1 0 1 2 0 31 47 1 0 0
190 316504 V 53 0 4 31 0 7 0 0 0 15 46 0 0 1 0 0 0 316346 0 1 0
191 303357 M 0 0 1 0 0 3 0 66 22 30 303157 0 0 1 4 1 32 40 0 0 0
192 275663 E 1 0 11 275522 0 67 0 0 25 1 0 0 0 1 1 0 0 20 0 0 14
193 340511 L 0 0 2 0 25 0 0 1 0 340386 16 0 0 0 0 56 0 8 4 0 13
194 411904 I 0 0 8 1 0 0 0 411651 18 39 59 0 1 1 5 0 54 64 0 0 3
195 388499 R 0 0 0 0 0 89 0 1 30 1 40 0 0 0 388277 26 12 0 23 0 0
196 403680 M 0 0 1 0 0 0 0 85 34 33 403407 0 0 0 7 0 54 59 0 0 0
197 433070 I 0 0 13 0 39 0 0 432772 0 2 19 47 0 0 0 3 85 90 0 0 0
198 410928 K 0 0 0 55 0 0 0 0 410751 0 0 51 0 15 47 0 5 0 0 0 4
199 387235 R 0 56 0 0 0 4 89 0 0 14 0 0 11 1 387029 28 1 2 0 0 0
200 382625 G 9 0 2 44 0 382433 0 0 0 1 0 0 0 0 79 0 0 26 31 0 0
201 381616 I 0 0 0 0 37 0 1 381387 1 0 12 26 0 1 0 9 56 86 0 0 0
202 390461 N 0 0 78 0 0 0 4 16 36 1 4 390241 0 0 0 57 6 1 0 17 0
203 369629 D 4 1 369461 28 0 46 8 0 0 0 0 40 1 0 0 0 0 28 0 12 0
204 383067 R 0 0 1 0 0 13 0 0 0 33 0 0 5 95 382844 2 0 0 74 0 0
205 398356 N 0 0 65 3 0 0 3 15 28 1 0 398154 0 0 1 70 6 0 1 9 0
206 477182 F 0 4 0 0 476923 0 0 22 0 133 0 1 1 0 1 60 0 10 0 24 3
207 491338 W 0 36 0 4 1 8 0 0 0 34 0 0 0 0 166 17 2 0 490926 0 144
208 359763 R 0 0 0 1 0 104 0 26 41 1 0 0 0 2 359513 46 6 0 1 0 22
209 388219 G 4 17 40 1 0 388084 0 0 0 0 0 0 0 0 12 48 0 13 0 0 0
210 408911 E 1 0 23 408686 0 58 0 0 58 0 0 0 0 13 0 0 0 22 0 0 50
211 397630 N 0 0 58 0 0 0 3 24 38 1 17 397371 0 0 1 94 12 0 0 11 0
212 372793 G 7 0 4 34 0 372632 0 0 0 7 0 0 0 0 69 0 0 13 1 0 26
213 366461 R 0 0 2 0 0 8 1 0 1 6 0 0 11 60 366284 0 3 1 0 0 84
214 360910 K 0 1 0 47 0 0 0 8 360786 0 0 18 0 4 40 0 4 0 0 0 2
215 361115 T 42 0 0 0 0 0 0 33 21 0 0 4 46 23 6 21 360918 0 0 0 1
216 340102 R 0 0 0 0 0 72 0 0 41 0 31 1 0 0 339907 27 3 0 20 0 0
217 314472 S 0 21 0 0 0 53 0 7 2 1 1 29 0 2 37 314314 5 0 0 0 0
218 330442 A 330242 3 27 2 0 10 0 0 0 0 0 1 7 0 0 55 68 27 0 0 0
219 328981 Y 0 35 3 0 17 0 63 1 0 1 0 6 0 0 0 2 6 0 0 328805 42
220 336059 E 5 0 28 335868 0 52 0 0 41 0 0 0 1 6 5 0 1 27 0 0 25
221 293682 R 0 0 0 7 0 81 0 10 31 8 0 1 0 1 293505 14 7 0 0 0 17
222 260794 M 0 1 0 0 0 0 0 53 37 16 260629 2 0 0 5 0 26 25 0 0 0
223 318741 C 1 318456 0 0 22 7 0 0 0 4 4 0 0 2 81 66 0 1 10 73 14
224 329101 N 0 0 57 4 0 0 10 27 15 0 0 328897 0 1 0 55 9 0 0 26 0
225 344758 I 0 0 0 1 21 0 0 344621 0 4 4 9 0 0 0 9 52 37 0 0 0
226 359501 L 1 0 0 0 28 0 45 18 0 359309 0 0 89 1 2 3 1 4 0 0 0
227 370500 K 0 0 0 63 0 0 0 14 370333 1 0 11 0 14 48 1 2 0 0 0 13
228 377382 G 12 0 0 34 0 377256 0 1 1 0 0 0 0 0 50 0 0 13 0 0 15
229 386228 K 1 0 0 47 0 0 0 10 386057 0 0 62 0 4 39 0 2 0 0 0 6
230 403529 F 2 6 1 0 403333 0 0 22 0 85 0 0 0 0 0 63 0 5 0 12 0
231 384249 Q 1 0 0 14 0 0 4 0 17 12 0 0 5 384025 122 5 1 0 0 0 43
232 363406 T 55 0 0 0 0 0 0 39 21 0 0 1 13 0 8 11 363257 1 0 0 0
233 362082 A 361940 0 28 0 0 9 1 0 0 0 0 0 6 1 0 9 42 46 0 0 0
234 321368 A 321142 0 2 15 0 9 0 0 0 1 0 0 18 0 0 11 117 52 0 0 1
235 315889 Q 0 0 0 10 0 0 15 0 16 9 0 0 9 315706 71 0 9 1 1 0 42
236 311150 R 1 0 0 6 0 93 0 4 55 0 23 0 0 0 310933 18 5 0 12 0 0
237 311490 A 311276 0 0 23 0 25 0 0 2 0 0 0 9 6 15 10 42 82 0 0 0
238 326783 M 0 2 0 0 0 0 0 80 27 18 326555 2 0 0 8 1 44 42 0 0 4
239 291314 M 0 0 1 1 0 0 0 86 29 20 291061 0 0 2 4 0 41 69 0 0 0
240 347736 D 3 0 347544 28 0 64 3 0 0 0 0 43 0 0 0 0 0 29 0 22 0
241 330047 Q 0 0 0 8 0 0 21 1 16 38 0 1 3 329846 75 0 0 1 0 2 35
242 382168 V 41 0 0 31 0 5 0 0 1 14 61 0 1 0 0 0 24 381990 0 0 0
243 381769 R 0 1 0 2 0 82 0 12 58 1 0 0 1 0 381538 36 2 0 0 1 35
244 373840 E 4 0 22 373632 0 77 0 0 57 0 1 2 0 6 5 1 0 20 0 0 13
245 401534 S 0 10 0 0 1 122 0 9 0 0 0 46 0 0 45 401294 4 3 0 0 0
246 393328 R 0 0 0 1 0 11 1 0 1 35 1 0 7 108 393094 1 0 0 68 0 0
247 398430 N 0 0 69 1 0 0 0 17 36 0 0 398220 0 0 0 62 12 0 0 13 0
248 424006 P 4 0 0 0 0 0 1 0 1 46 0 0 423847 37 6 32 32 0 0 0 0
249 445216 G 9 0 0 46 0 445028 0 0 0 0 0 0 0 0 71 0 0 17 0 0 45
250 428417 N 0 1 58 1 0 0 3 13 29 0 12 428229 0 0 0 50 5 0 0 16 0
251 455087 A 454826 1 41 0 0 10 0 0 0 7 0 0 13 0 0 26 94 68 0 1 0
252 439183 E 6 0 22 438931 0 93 0 0 71 0 3 0 0 13 0 0 0 28 0 0 16
253 456470 I 0 0 1 1 19 0 0 456259 0 2 25 30 0 0 1 4 43 85 0 0 0
254 440777 E 0 0 20 440507 3 62 0 0 103 0 0 0 0 13 0 0 0 33 0 0 36
255 441803 D 2 0 441608 28 0 60 7 0 0 0 0 43 0 0 0 1 0 34 0 20 0
256 422295 L 0 0 0 0 33 0 41 27 0 422087 0 0 98 0 5 1 0 3 0 0 0
257 424900 I 0 0 0 1 11 0 1 424478 0 20 8 36 0 0 3 205 76 61 0 0 0
258 386970 F 0 1 0 0 386813 0 0 22 0 73 1 2 0 0 1 40 0 5 1 11 0
259 379388 L 0 1 0 1 0 1 0 0 0 379267 15 0 49 42 5 1 0 4 2 0 0
260 385001 A 384768 1 0 30 0 25 1 1 0 0 0 0 13 1 0 15 68 78 0 0 0
261 328564 R 0 1 0 0 0 10 0 0 1 21 0 0 4 78 328367 0 1 0 81 0 0
262 407736 S 9 11 0 1 40 0 0 0 0 0 0 1 56 0 0 407564 19 1 0 33 1
263 397032 A 396659 0 1 35 0 9 0 0 2 1 0 0 10 0 0 32 166 116 0 0 1
264 327608 L 0 0 0 1 48 0 26 18 0 327436 0 0 61 1 5 2 1 9 0 0 0
265 363197 I 0 0 0 0 0 0 1 362915 14 37 81 1 0 2 4 2 83 55 0 1 1
266 389640 L 1 0 0 7 26 0 1 2 0 389488 27 0 0 0 0 53 0 8 0 1 26
267 407064 R 1 0 0 1 0 95 0 27 56 1 0 0 0 0 406809 27 15 0 0 0 32
268 462924 G 8 1 1 49 0 462696 0 0 1 1 0 0 0 0 95 0 0 30 42 0 0
269 504873 S 3 0 0 0 0 3 1 8 1 59 0 0 75 1 0 504626 47 2 0 0 47
270 517813 V 42 2 39 0 16 2 0 71 2 13 0 1 0 0 0 2 0 517623 0 0 0
271 509187 A 508937 1 23 0 0 17 0 0 0 1 0 0 12 0 0 19 114 63 0 0 0
272 520023 H 0 0 11 0 0 0 519735 0 0 55 0 33 11 46 70 9 0 1 0 52 0
273 520699 K 0 0 1 35 0 0 0 18 520524 1 0 48 0 14 33 1 2 0 0 0 22
274 505693 S 2 8 0 0 32 0 0 0 0 13 0 0 54 0 0 505539 19 1 0 25 0
275 480992 C 0 480756 0 0 7 9 0 0 0 2 0 0 0 0 91 16 0 2 9 47 53
276 418904 L 0 2 0 0 0 0 0 0 0 418776 50 0 20 32 5 1 0 18 0 0 0
277 350816 P 18 1 0 0 0 0 37 0 0 63 0 0 350535 0 16 123 23 0 0 0 0
278 324381 A 324127 0 34 0 0 14 0 0 1 1 0 0 23 0 0 29 119 33 0 0 0
279 303165 C 0 302804 0 0 13 33 1 0 0 0 0 0 0 0 180 19 0 2 6 72 35
280 287305 V 44 0 0 23 0 5 0 0 0 11 36 0 1 0 0 0 0 287185 0 0 0
281 206778 Y 0 31 3 0 20 0 57 0 0 0 0 19 0 0 0 0 0 3 2 206617 26
282 159405 G 8 0 1 43 0 159271 0 0 0 2 0 0 1 0 50 0 0 9 0 0 20
283 195729 P 7 0 0 0 0 1 25 0 0 27 0 1 195597 13 5 43 9 0 0 1 0
284 344058 A 343783 0 12 0 0 7 0 0 0 0 0 0 18 0 1 31 104 102 0 0 0
285 338845 V 60 0 1 22 1 3 0 84 0 35 0 0 0 0 3 0 0 338632 1 1 2
286 378734 A 378586 0 9 0 0 5 0 0 0 4 0 0 3 0 0 36 52 39 0 0 0
287 453408 S 0 36 0 0 0 63 0 24 0 1 0 95 3 2 329 452844 11 0 0 0 0
288 494377 G 2 22 42 0 0 494205 0 0 0 0 0 1 0 0 10 68 0 26 0 1 0
289 492921 Y 0 83 8 0 46 0 248 0 0 2 0 26 0 0 0 5 0 0 0 492478 25
290 523569 D 3 0 523181 23 1 64 6 0 0 0 0 93 0 0 1 121 0 33 0 43 0
291 507339 F 0 5 0 0 506854 0 0 7 0 146 0 0 0 0 1 129 169 5 0 23 0
292 511669 E 4 1 14 511301 0 144 1 0 122 1 0 0 0 9 17 10 0 23 0 0 22
293 503783 K 0 0 0 57 0 0 0 14 503604 0 0 24 0 2 66 0 6 0 0 0 10
294 488660 E 9 0 37 488301 0 172 0 0 80 0 0 0 0 6 16 2 0 18 0 0 19
295 461107 G 14 0 4 83 0 460862 0 2 0 3 0 0 1 0 63 5 0 33 0 1 36
296 392347 Y 2 82 5 2 24 0 52 2 0 0 0 26 5 0 0 5 4 0 0 392112 26
297 341978 S 3 3 1 0 18 1 0 0 5 8 0 0 49 0 0 341847 25 0 1 17 0
298 323490 L 0 0 0 0 42 0 0 11 0 323363 0 0 3 0 1 33 0 6 0 0 31
299 349096 V 43 1 0 31 0 11 0 1 0 24 39 0 0 1 0 4 2 348931 8 0 0
300 247809 G 1 0 1 50 0 247683 0 0 0 0 0 0 0 0 43 0 0 16 0 0 15
301 407688 I 0 0 0 0 0 0 1 407393 39 28 108 4 0 0 10 0 46 53 0 0 6
302 406136 D 8 0 405786 29 5 75 10 0 1 0 0 132 1 2 5 1 5 30 0 46 0
303 391422 P 6 0 0 0 0 0 43 0 0 34 0 0 391275 0 4 37 23 0 0 0 0
304 454465 F 0 1 0 0 454244 0 0 30 0 85 0 0 3 0 0 69 1 6 0 26 0
305 453979 K 0 0 0 59 0 0 0 20 453759 3 0 43 0 22 55 1 2 0 0 0 15
306 449436 L 0 0 0 0 0 0 0 0 0 449216 61 0 82 28 39 0 0 10 0 0 0
307 463728 L 8 0 0 0 30 35 19 15 0 463524 0 0 78 0 12 0 0 7 0 0 0
308 467432 Q 0 0 0 7 1 0 34 0 26 16 0 0 4 467220 67 13 0 0 0 0 44
309 464264 N 0 0 50 0 0 3 5 27 34 0 4 463961 0 3 2 69 98 0 0 8 0
310 454023 S 2 25 0 0 0 62 0 24 3 2 0 104 1 2 42 453746 9 1 0 0 0
311 493679 Q 0 0 0 18 0 0 13 0 29 42 0 1 4 493408 99 1 2 0 0 4 58
312 543641 V 71 0 0 39 0 9 0 90 1 33 0 0 0 0 3 0 0 543393 0 2 0
313 511850 Y 0 67 3 0 45 0 63 2 0 0 0 33 0 0 0 11 1 0 0 511563 62
314 510058 S 1 21 0 0 0 136 0 37 0 2 0 64 0 0 73 509707 17 0 0 0 0
315 505142 L 1 1 0 0 0 1 0 41 0 504898 0 0 157 27 1 1 0 13 0 0 1
316 553492 I 0 1 1 0 32 0 0 553240 1 18 17 49 1 0 0 5 65 62 0 0 0
317 516173 R 0 0 1 0 0 163 0 26 61 2 0 2 0 1 515861 24 14 0 0 0 18
318 516973 P 32 0 0 0 0 0 2 0 1 78 0 0 516720 37 8 60 35 0 0 0 0
319 529519 N 0 0 58 1 0 0 0 17 26 0 0 529313 0 0 1 80 1 0 0 22 0
320 548744 E 4 0 27 548469 0 90 0 0 85 0 0 0 0 14 1 0 0 33 0 1 20
321 580726 N 0 0 74 0 0 0 7 29 51 0 0 580451 0 0 2 86 9 0 0 17 0
322 594441 P 8 0 0 0 0 0 1 1 0 84 0 1 594227 48 8 39 24 0 0 0 0
323 607601 A 607295 1 0 35 0 24 2 0 0 0 0 0 20 3 1 28 91 101 0 0 0
324 650831 H 0 0 19 0 0 2 650467 0 0 91 0 31 17 63 76 2 0 0 0 63 0
325 655329 K 0 0 0 147 0 1 0 0 654869 0 37 38 0 11 179 0 22 1 0 0 24
326 559574 S 1 38 0 1 0 84 0 6 0 2 0 71 0 0 68 559292 11 0 0 0 0
327 549672 Q 0 0 2 25 0 0 33 4 39 28 0 0 12 549288 165 1 1 1 0 0 73
328 458469 L 2 0 0 0 0 0 0 0 1 458358 25 0 56 15 5 1 0 6 0 0 0
329 502805 V 60 1 0 29 0 10 0 1 0 28 37 0 0 0 0 4 1 502617 17 0 0
330 479056 W 0 31 7 1 1 5 0 1 0 35 0 0 0 1 83 13 0 1 478746 0 131
331 454384 M 1 0 0 1 0 0 0 118 38 43 454028 0 0 0 4 1 70 78 2 0 0
332 467329 A 466984 0 1 35 0 25 0 0 0 0 0 0 10 0 0 20 144 110 0 0 0
333 493156 C 0 492795 0 0 32 6 2 0 0 1 3 0 0 0 107 58 0 4 11 118 19
334 503262 H 0 0 18 1 0 0 502968 0 0 33 0 54 13 19 66 1 0 0 0 89 0
335 471501 S 4 17 0 0 54 0 0 0 1 3 0 0 48 0 0 471307 35 0 0 32 0
336 434119 A 433840 0 35 1 1 18 3 0 0 1 0 1 11 0 0 35 116 57 0 0 0
337 409202 A 408995 3 0 28 0 8 0 0 0 0 0 0 11 0 1 21 75 60 0 0 0
338 414935 F 0 6 0 0 414744 1 1 23 0 79 1 0 0 0 0 47 0 9 1 20 3
339 405140 E 2 0 48 404872 0 117 0 0 43 1 1 0 0 8 0 2 1 28 0 0 17
340 374069 D 2 0 373864 29 0 69 3 0 0 1 0 43 0 0 1 0 1 32 0 24 0
341 396563 L 0 0 0 0 0 0 0 38 0 396376 0 0 117 18 4 2 0 7 0 1 0
342 385089 R 0 0 0 4 0 59 0 21 49 0 0 0 0 1 384899 30 5 0 0 0 21
343 344029 V 44 0 1 25 0 4 0 50 0 22 0 0 0 0 0 1 0 343882 0 0 0
344 335989 L 0 0 0 0 40 0 0 30 0 335840 0 0 0 2 0 50 1 0 0 1 25
345 297033 S 1 4 0 0 0 41 0 8 1 2 0 32 0 0 24 296918 2 0 0 0 0
346 259222 F 0 2 0 0 259059 0 0 4 0 74 0 0 1 0 1 52 0 6 0 23 0
347 321278 I 0 0 0 0 25 0 2 321112 2 6 7 25 1 1 1 4 35 56 0 1 0
348 310806 R 0 0 0 0 0 64 0 14 44 2 0 0 0 2 310633 18 6 0 0 0 23
349 299623 G 4 0 0 27 0 299497 1 0 0 0 0 0 0 0 42 0 0 20 32 0 0
350 393875 T 88 0 21 0 0 2 1 45 0 0 0 14 10 0 0 53 393640 0 1 0 0
351 400466 K 0 0 0 42 1 1 0 17 400252 0 0 44 0 29 43 1 7 0 0 0 29
352 425325 V 62 0 0 27 0 3 0 41 0 19 0 0 0 0 1 8 0 425159 0 5 0
353 432291 S 4 5 0 0 28 0 0 17 0 1 0 0 391 0 0 431785 28 0 0 32 0
354 407520 P 9 0 0 0 0 0 0 0 0 47 0 0 407313 68 16 30 37 0 0 0 0
355 395330 R 0 0 0 1 0 97 0 0 80 2 38 0 0 0 395060 27 5 0 20 0 0
356 356233 G 8 0 0 22 0 356121 0 0 0 0 0 0 0 0 38 0 0 19 25 0 0
357 356129 K 0 0 0 74 0 0 0 16 355910 0 0 61 0 0 50 0 4 0 0 0 14
358 359672 L 0 0 0 0 22 0 11 11 0 359542 0 0 65 0 4 0 10 7 0 0 0
359 348353 S 0 6 0 0 37 1 0 1 0 1 0 0 80 0 1 348183 21 0 2 19 1
360 411585 T 59 0 0 0 0 0 1 26 0 3 0 39 3 0 0 39 411415 0 0 0 0
361 390193 R 0 0 0 2 0 62 0 23 52 6 0 0 0 0 390009 16 5 0 0 0 18
362 359276 G 10 0 0 28 0 359154 0 0 0 0 0 0 3 2 31 1 0 16 0 0 31
363 422934 V 95 0 1 27 9 7 0 55 0 20 0 0 1 0 0 0 2 422716 0 1 0
364 417746 Q 0 0 0 6 0 1 39 0 34 28 0 4 5 417523 44 0 6 1 0 1 54
365 427849 I 0 1 0 0 24 0 0 427648 1 16 12 27 0 3 0 3 65 47 0 0 2
366 368367 A 368228 0 23 0 0 7 0 0 0 2 0 0 6 0 0 20 51 30 0 0 0
367 363804 S 5 1 0 0 1 0 0 0 0 32 0 0 55 0 1 363650 32 0 0 0 27
368 371396 N 0 0 37 0 1 0 7 15 22 0 2 371258 0 0 0 41 3 0 0 10 0
369 366240 E 1 1 9 366077 0 59 0 0 56 0 0 0 0 5 0 0 0 14 0 0 18
370 376994 N 0 1 49 0 0 1 7 15 26 0 0 376784 0 0 0 39 63 0 0 9 0
371 376432 M 0 0 0 0 0 0 4 146 24 44 376119 0 0 0 2 0 38 54 1 0 0
372 389390 D 3 0 389199 24 0 63 5 0 0 0 0 47 1 0 0 0 0 31 0 17 0
373 384611 A 384438 0 28 0 0 12 0 0 1 1 1 0 7 0 0 17 74 31 0 0 1
374 432353 M 0 3 0 0 0 0 0 178 29 45 431987 0 0 0 4 0 48 58 1 0 0
375 411910 E 4 0 24 411671 0 74 0 1 64 0 0 2 1 15 1 0 0 29 0 1 23
376 317929 S 2 0 0 0 0 0 0 2 0 28 1 0 39 1 0 317802 22 0 0 0 32
377 321337 S 0 18 0 0 0 63 0 11 0 0 0 37 0 0 26 321174 6 0 1 0 1
378 294699 T 45 0 0 0 0 0 0 37 1 0 0 12 2 0 0 22 294580 0 0 0 0
379 301278 L 0 0 0 0 15 0 11 16 0 301168 0 1 59 0 4 0 0 4 0 0 0
380 305192 E 1 0 32 305032 0 44 0 1 38 0 0 0 0 6 0 0 0 26 0 0 12
381 308757 L 0 0 0 0 0 0 0 0 0 308659 19 0 67 5 3 1 1 2 0 0 0
382 324049 R 0 1 0 0 1 63 0 17 28 0 0 0 0 0 323881 33 4 0 0 0 21
383 373300 S 1 17 2 1 0 46 0 17 1 0 0 38 0 1 48 373119 6 1 1 1 0
384 397691 R 1 1 0 0 0 150 0 0 48 0 19 2 0 1 397395 27 9 0 38 0 0
385 471048 Y 0 65 4 0 32 1 81 0 0 1 0 70 0 0 0 6 1 16 0 470738 33
386 455858 W 0 36 0 1 0 7 0 0 1 64 0 1 0 0 116 6 0 0 455511 0 115
387 419862 A 419598 0 25 3 0 20 2 0 0 1 0 0 16 3 1 29 83 81 0 0 0
388 465775 I 1 0 0 0 0 1 2 465449 17 54 105 5 0 4 4 4 66 56 0 3 4
389 437114 R 0 0 0 1 0 74 0 12 56 0 0 0 0 0 436926 21 7 0 0 0 17
390 450727 T 61 1 0 0 0 0 0 30 0 0 0 38 4 0 1 47 450544 0 0 0 1
391 458262 R 1 1 0 5 0 101 0 22 38 0 0 1 0 2 458044 23 4 0 0 0 20
392 443210 S 0 24 0 1 0 66 4 16 3 0 0 46 0 0 51 442993 3 2 0 0 1
393 455613 G 5 1 0 33 0 455415 0 0 3 0 0 3 0 2 70 2 0 34 3 0 42
394 437804 G 16 0 0 45 0 437595 0 1 1 3 0 0 0 0 78 1 1 29 0 0 34
395 443081 N 0 0 64 2 0 1 9 30 42 1 0 442819 0 1 0 52 36 1 0 23 0
396 445595 T 48 0 1 0 0 0 5 45 0 0 0 31 13 0 0 63 445387 0 0 0 2
397 510506 N 5 0 57 0 1 0 1 26 53 1 0 510257 1 0 0 75 8 0 0 21 0
398 516598 Q 1 0 0 21 1 0 62 1 56 27 0 7 5 516272 85 1 0 0 0 1 58
399 467356 Q 0 2 1 17 0 0 41 5 51 30 2 0 33 466979 129 1 17 0 1 1 46
400 421056 R 0 0 0 8 0 179 0 0 67 1 46 0 1 0 420699 20 10 0 25 0 0
401 403781 A 403546 0 29 27 0 17 0 1 0 0 0 0 21 0 4 23 54 57 0 2 0
402 407043 S 8 2 1 20 27 3 0 0 0 4 0 0 67 0 0 406846 29 0 0 36 0
403 406851 A 406581 0 1 21 0 11 0 0 0 0 0 0 17 5 0 18 76 120 0 0 1
404 422801 G 10 21 46 0 1 422671 0 0 0 0 0 0 0 1 3 39 0 9 0 0 0
405 420943 Q 0 0 0 10 0 1 16 0 27 20 0 0 14 420757 59 6 0 0 0 0 33
406 438628 I 0 0 0 0 31 0 0 438436 1 3 13 29 0 2 1 11 59 42 0 0 0
407 399337 S 0 16 0 1 0 119 0 10 0 3 0 57 0 0 55 399070 4 0 1 1 0
408 405248 V 83 1 0 35 0 8 1 0 0 28 82 0 0 0 0 0 0 405009 1 0 0
409 398872 Q 7 0 1 19 1 0 44 0 25 16 0 0 2 398527 47 0 4 0 0 0 179
410 361292 P 4 0 0 0 0 0 45 0 0 26 0 5 361142 0 6 41 23 0 0 0 0
411 386043 A 385702 6 0 50 0 13 3 0 0 2 0 1 10 0 0 24 155 77 0 0 0
412 395501 F 2 5 0 0 395322 1 3 57 0 55 0 1 0 1 1 36 0 7 0 8 2
413 346395 S 5 7 0 1 39 0 0 0 0 2 0 1 55 0 1 346254 12 1 0 17 0
414 364763 V 88 1 0 18 0 4 0 0 1 25 77 0 0 1 0 1 0 364547 0 0 0
415 375909 Q 15 0 0 19 0 1 17 1 39 28 0 0 5 375650 69 0 1 1 0 0 63
416 379693 R 0 0 0 15 0 100 0 15 46 2 0 3 0 1 379468 15 12 0 0 0 16
417 351255 N 0 0 42 0 0 1 3 23 54 1 0 350989 1 0 2 58 64 2 0 15 0
418 372406 L 0 0 0 0 30 0 21 16 1 372219 0 0 102 4 0 4 0 9 0 0 0
419 401822 P 22 0 0 0 0 0 16 1 1 46 0 0 401623 28 7 38 39 0 0 0 1
420 378148 F 0 4 0 0 377900 1 1 42 0 109 0 0 0 0 0 67 2 8 0 13 1
421 387543 D 7 1 387199 39 0 101 22 2 0 1 1 96 0 0 0 0 1 43 0 22 8
422 370577 K 0 0 0 48 0 0 0 19 370250 0 7 86 1 21 67 0 4 0 0 0 74
423 368217 P 10 0 1 0 0 2 0 0 1 36 0 0 368010 23 1 106 26 0 0 0 1
424 383194 T 63 0 0 20 0 1 0 52 1 5 0 28 42 0 0 24 382957 1 0 0 0
425 390360 I 0 0 0 11 23 2 3 389993 0 10 52 40 1 0 1 4 159 60 1 0 0
426 373399 M 4 0 1 1 0 1 3 112 23 33 373097 0 0 0 17 1 51 54 1 0 0
427 339204 A 338984 0 1 13 0 25 0 0 0 1 0 0 11 2 0 25 66 75 0 0 1
428 334420 A 334170 0 0 23 0 11 0 50 1 1 1 0 7 0 3 21 78 54 0 0 0
429 331975 F 0 2 0 0 331752 0 1 68 0 83 0 1 0 0 0 45 0 2 0 20 1
430 305173 T 38 0 0 0 0 1 0 19 0 0 0 19 6 1 0 30 305059 0 0 0 0
431 324557 G 11 0 0 41 0 324401 0 0 2 0 0 0 0 0 63 0 0 16 23 0 0
432 332502 N 0 0 55 3 0 0 5 21 19 12 1 332272 1 1 0 79 5 1 0 27 0
433 354735 T 65 0 0 1 0 0 0 85 31 2 0 0 1 5 19 43 354480 1 0 2 0
434 366959 E 10 1 32 366666 0 97 0 2 64 1 0 1 2 2 8 1 0 38 0 0 34
435 394735 G 16 2 22 111 0 394447 0 3 0 0 1 0 0 0 88 0 0 26 1 0 18
436 402427 R 8 0 24 11 0 101 1 18 70 1 0 0 0 1 402115 32 5 2 0 0 38
437 406610 T 54 1 1 0 0 0 1 43 22 2 0 2 6 1 4 36 406423 0 1 1 12
438 422979 S 4 0 1 1 3 0 0 2 0 39 0 0 50 0 4 422801 31 2 0 0 41
439 413020 D 5 0 412776 31 0 64 12 2 0 10 0 48 1 3 1 16 1 29 0 21 0
440 398001 M 0 0 1 2 0 0 2 68 34 26 397729 0 2 7 9 0 55 66 0 0 0
441 382452 R 0 0 0 2 0 61 0 3 38 0 50 0 0 0 382116 154 7 0 19 0 2
442 385347 A 385018 0 0 35 0 18 0 0 1 6 0 71 18 6 1 29 85 58 0 0 1
443 391214 E 1 1 35 391052 0 43 0 0 34 0 0 0 0 11 3 0 1 20 0 0 13
444 392815 I 0 0 3 1 18 1 1 392665 0 7 3 24 0 0 1 1 39 48 2 0 1
445 442162 I 0 0 0 2 0 2 0 441809 28 43 109 0 0 11 4 0 47 85 0 7 15
446 399804 R 1 0 0 1 0 124 0 0 53 2 48 0 0 1 399515 21 10 1 26 0 1
447 392870 M 0 0 3 0 0 1 1 94 25 26 392563 2 0 0 5 0 65 80 1 0 4
448 395071 M 0 0 9 8 0 0 0 108 56 42 394681 0 0 0 14 0 46 96 11 0 0
449 357970 E 2 0 25 357699 0 122 0 1 56 2 0 4 1 7 0 0 0 31 0 0 20
450 376576 G 8 27 46 0 7 376393 0 0 0 0 0 0 1 0 4 64 0 21 5 0 0
451 429975 A 429353 63 22 78 0 14 1 0 2 0 0 5 11 9 0 22 220 172 0 0 3
452 424491 K 1 1 0 44 0 1 0 10 424183 1 0 131 0 54 45 0 10 0 0 1 9
453 422384 P 4 0 0 0 0 0 0 0 0 31 140 0 422126 36 6 28 13 0 0 0 0
454 443770 E 1 0 32 443562 0 47 0 1 77 0 0 0 1 13 2 0 1 11 0 0 22
455 465134 E 2 0 34 464920 0 62 0 0 44 0 0 0 0 10 6 1 0 35 0 0 20
456 479658 M 0 6 0 0 0 0 0 88 37 20 479289 5 1 1 85 1 50 75 0 0 0
457 473733 S 10 15 0 0 34 0 0 0 1 2 0 0 84 0 0 473520 41 3 0 22 1
458 513973 F 1 4 0 0 513648 0 0 23 0 133 1 1 1 2 0 106 5 5 0 43 0
459 499134 Q 1 0 1 35 0 10 52 0 33 54 0 0 73 498524 284 1 1 0 0 0 65
460 475418 G 13 0 0 71 0 475218 0 0 0 0 0 0 1 5 73 2 6 21 8 0 0
461 462614 R 138 0 0 20 0 64 0 0 0 55 0 0 17 146 462083 0 0 0 91 0 0
462 435783 G 9 0 0 153 0 435466 0 0 0 0 0 0 0 3 76 1 0 25 0 0 50
463 419806 V 49 0 19 0 16 4 0 69 0 5 0 0 0 0 0 3 0 419641 0 0 0
464 431762 F 0 3 1 7 431456 1 0 26 1 139 0 0 0 5 0 83 1 13 0 26 0
465 497480 E 3 0 28 497182 0 109 1 0 91 0 0 0 0 18 0 1 0 15 0 0 32
466 422795 L 1 0 0 0 39 0 10 31 0 422634 0 0 68 0 2 1 0 9 0 0 0
467 443236 S 3 0 1 0 0 3 0 1 0 108 1 0 59 3 0 442979 19 0 9 0 50
468 478091 D 2 0 477773 41 0 119 7 0 0 0 0 84 0 0 0 3 20 25 0 17 0
469 536469 E 2 0 24 536072 0 110 0 0 159 0 3 0 1 7 28 0 0 34 0 0 29
470 567017 R 1 1 0 0 0 148 0 0 86 1 80 0 1 0 566620 40 7 0 32 0 0
471 537527 A 537161 0 1 28 1 36 0 0 0 1 0 0 11 4 0 41 77 166 0 0 0
472 540548 A 540037 0 0 29 0 12 0 0 0 0 0 0 14 1 5 47 205 198 0 0 0
473 566954 N 0 0 54 1 0 0 4 23 46 0 0 566711 0 0 0 86 7 3 0 19 0
474 538321 P 4 0 0 0 0 0 0 0 0 80 0 0 538085 63 17 34 38 0 0 0 0
475 511389 I 0 0 3 0 25 0 0 511196 0 4 8 35 0 0 0 1 50 67 0 0 0
476 463204 V 70 1 0 24 0 7 0 0 0 27 128 0 0 0 3 0 0 462944 0 0 0
477 455250 P 23 0 0 0 1 0 19 0 0 45 0 0 455071 0 6 63 22 0 0 0 0
478 434193 S 5 7 0 0 24 0 0 0 0 9 0 0 69 0 0 434022 24 1 0 32 0
479 450463 F 0 4 0 1 450077 0 1 23 0 147 0 0 0 0 1 180 0 7 0 19 3
480 444379 D 10 1 444010 28 0 79 11 0 0 2 16 93 0 0 0 0 49 55 0 24 1
481 379088 M 0 0 0 0 0 0 0 78 16 22 378836 1 0 1 10 0 52 71 1 0 0
482 461686 S 1 47 0 2 0 90 0 23 1 0 0 69 0 0 47 461397 9 0 0 0 0
483 513212 N 0 0 65 0 0 0 0 22 48 3 10 512993 0 0 0 51 3 0 0 15 2
484 443308 E 1 1 42 443071 0 52 0 0 63 0 0 0 0 16 0 0 1 38 0 0 23
485 390959 G 8 0 0 35 0 390747 0 0 1 0 0 0 0 1 104 0 0 19 0 0 44
486 395356 S 1 7 0 0 28 0 0 2 0 2 0 2 40 1 0 395230 24 0 0 19 0
487 394594 Y 0 38 3 0 27 0 55 7 2 1 0 3 0 0 0 0 0 0 0 394442 16
488 386388 F 0 1 1 0 386223 0 0 15 0 72 0 0 0 0 0 42 0 5 0 29 0
489 370378 F 0 1 0 0 370225 0 0 14 0 79 0 0 1 0 0 34 0 6 0 18 0
490 370043 G 10 0 0 25 2 369873 0 0 0 0 0 0 0 0 87 0 0 15 0 0 31
491 378039 D 3 0 377801 18 0 118 8 0 0 1 1 37 0 1 0 0 0 40 0 11 0
492 384870 N 0 0 57 0 0 0 6 22 44 92 1 384575 3 2 1 48 6 0 0 13 0
493 466000 A 465257 3 1 38 0 18 0 0 0 4 2 1 10 1 0 25 514 125 0 0 1
494 395395 E 4 0 39 395163 0 91 0 0 41 0 1 0 0 11 3 0 0 13 0 0 29
495 390213 E 5 0 23 389931 0 103 0 0 68 0 0 0 2 6 0 19 0 27 0 0 29
496 377481 Y 0 71 6 1 35 0 49 0 1 0 0 34 0 0 0 11 0 0 0 377235 38
497 350607 D 2 0 350122 128 0 88 9 4 0 2 0 189 0 0 0 0 0 30 0 32 1
498 273411 N 0 0 26 0 0 1 6 157 17 0 0 273155 1 1 0 25 1 1 0 15 5
