# amino-acid counts among definitively called codons
# POSITION TOTAL_COUNTS WT N_A N_C N_D N_E N_F N_G N_H N_I N_K N_L N_M N_N N_P N_Q N_R N_S N_T N_V N_W N_Y N_STOP
1 749257 M 0 0 0 1 0 0 6 320 60 64 748463 0 1 0 5 0 144 189 4 0 0
2 715686 A 711096 55 96 189 66 484 199 103 78 331 4 106 739 149 450 348 326 617 47 111 92
3 749375 S 315 131 101 96 152 92 145 110 89 266 12 85 602 133 325 745891 311 116 76 204 123
4 752263 Q 469 118 165 155 184 352 372 344 351 717 60 214 1183 744579 824 638 639 299 93 193 314
5 687069 G 209 182 288 32 77 683858 164 109 44 272 15 91 430 82 272 344 273 167 10 69 81
6 613485 T 238 171 93 75 121 229 227 256 189 341 38 210 455 186 203 413 609430 186 38 179 207
7 614181 K 333 88 122 168 107 263 164 222 609462 431 66 239 621 124 417 398 397 214 52 113 180
8 542787 R 179 16 66 77 78 227 160 154 126 373 43 106 487 236 539310 239 279 137 288 85 121
9 557235 S 218 83 122 94 139 229 161 147 133 383 41 96 358 113 267 553772 278 236 51 164 150
10 606647 Y 322 200 116 127 123 345 340 190 114 430 50 218 476 168 468 418 378 223 64 601654 223
11 551754 E 174 84 95 549092 56 303 26 101 144 199 18 103 311 75 186 216 197 150 43 43 138
12 517867 Q 308 122 92 110 98 189 358 173 152 479 55 165 638 513097 444 427 424 181 47 102 206
13 634729 M 293 121 134 88 82 333 233 514 191 475 629315 200 622 186 369 421 361 321 65 153 252
14 626076 E 286 94 162 621518 83 484 178 120 183 293 28 79 843 140 329 392 296 212 49 97 210
15 589879 T 206 51 61 52 29 185 112 120 35 219 35 98 292 81 210 215 587591 92 31 80 84
16 659569 D 159 71 657126 133 34 273 105 82 49 121 30 218 235 56 199 140 131 155 26 149 77
17 652410 G 200 57 65 149 53 649042 146 98 103 246 32 98 455 134 415 232 262 245 177 67 134
18 646446 E 229 52 104 642932 59 316 108 82 260 239 20 86 650 143 240 250 200 170 31 83 192
19 653727 R 210 327 49 42 48 265 531 88 72 307 21 84 523 114 650288 229 229 121 22 60 97
20 666519 Q 295 125 100 123 99 275 322 169 235 512 50 145 637 660989 1047 388 341 277 45 92 253
21 640752 N 302 87 174 139 59 238 197 210 194 283 105 636424 515 140 404 420 318 183 38 135 187
22 651986 A 645187 100 207 274 128 451 258 233 203 440 72 247 735 233 571 638 771 729 66 196 247
23 681197 T 494 113 174 168 106 366 285 242 187 459 74 227 740 269 587 580 675387 262 77 169 231
24 649220 E 271 152 213 643729 155 442 158 229 246 441 91 172 409 239 510 472 400 350 105 137 299
25 583070 I 141 73 100 84 96 203 171 579509 87 278 67 145 388 140 340 373 374 237 27 96 141
26 617565 R 207 95 53 99 39 635 138 176 163 294 36 94 624 103 613679 351 252 91 73 108 255
27 588436 A 585091 70 54 168 53 366 96 93 77 219 48 62 431 92 259 274 318 492 49 48 76
28 632459 S 239 121 94 119 134 273 94 79 123 306 32 46 500 106 323 629113 242 157 59 164 135
29 609052 V 256 62 119 76 93 186 92 227 58 276 33 63 381 65 226 215 187 606218 37 64 118
30 635442 G 265 77 61 140 69 632259 123 64 32 320 8 28 396 92 632 165 168 225 138 81 99
31 635118 K 170 53 52 217 86 142 114 131 631939 262 72 173 370 103 342 255 243 156 26 72 140
32 626455 M 268 129 119 110 117 291 137 406 203 338 622083 142 203 166 380 320 289 326 64 151 213
33 631768 I 160 140 122 166 157 207 165 627922 157 381 44 264 81 226 423 236 105 339 74 166 233
34 628334 D 294 89 623810 209 93 475 185 186 139 400 57 199 228 156 366 370 388 326 60 168 136
35 575105 G 297 93 105 163 65 571352 134 148 79 275 44 141 386 141 499 315 233 242 53 106 234
36 607953 I 155 22 39 23 71 90 101 605475 92 224 62 105 398 93 276 211 201 149 11 62 93
37 578230 G 142 46 62 87 22 576447 39 56 37 115 13 38 177 41 263 165 141 135 23 50 131
38 532344 R 114 10 59 47 27 51 105 61 45 229 4 74 603 247 529992 147 218 68 0 31 212
39 585190 F 161 66 53 79 582188 165 91 133 64 470 43 39 418 105 307 305 172 130 34 96 71
40 565568 Y 213 257 145 140 141 331 305 131 181 332 56 168 202 25 353 270 264 225 67 561484 278
41 514118 I 92 54 61 55 69 194 97 511477 93 195 63 135 270 88 222 292 271 123 42 98 127
42 507123 Q 137 67 55 88 52 171 114 118 157 264 35 92 321 504321 322 289 183 80 31 68 158
43 494104 M 90 39 35 35 37 77 69 216 60 158 492464 53 129 57 120 93 134 116 20 48 54
44 532941 C 107 531096 25 35 94 88 66 33 12 97 13 23 188 53 228 211 159 48 54 203 108
45 517506 T 201 50 54 55 45 135 84 130 65 177 21 110 301 72 212 209 515324 90 28 60 83
46 563278 E 168 62 102 560965 53 170 92 115 151 166 25 68 214 92 149 211 154 128 18 43 132
47 655110 L 74 30 37 35 106 71 110 97 55 653338 10 39 301 70 205 147 181 71 13 51 69
48 665714 K 73 15 39 126 48 84 38 138 663961 151 7 167 110 71 134 131 112 41 10 59 199
49 663111 L 555 225 231 249 241 521 427 373 288 654562 101 301 1005 397 965 755 732 404 117 250 412
50 659961 S 499 257 195 195 140 1111 295 237 153 703 56 258 1009 219 878 652207 593 419 149 156 232
51 735696 D 227 28 732270 207 110 192 98 196 105 264 61 191 324 43 88 221 369 313 20 239 130
52 782711 Y 428 315 221 187 212 701 198 306 223 545 112 205 341 83 554 529 430 444 98 776273 306
53 750121 E 396 136 452 743996 129 828 158 121 290 297 85 140 585 187 518 521 351 342 119 153 317
54 686259 G 277 57 69 271 73 682991 54 95 65 342 28 35 323 105 477 202 215 260 202 48 70
55 652837 R 286 58 94 52 78 356 193 74 46 473 27 57 692 282 648745 232 238 161 55 107 531
56 647785 L 362 131 145 90 90 338 234 132 115 642884 102 163 935 229 529 332 311 289 78 126 170
57 684065 I 274 96 124 155 175 462 186 679266 132 448 104 180 274 157 484 400 406 370 63 125 184
58 659617 Q 320 166 144 235 175 595 357 199 227 643 66 180 681 652692 926 499 412 399 158 200 343
59 635066 N 520 222 335 267 218 689 279 292 296 735 121 627202 493 268 858 548 504 571 150 213 285
60 511778 S 194 119 63 87 65 356 83 139 52 216 55 146 206 74 343 509047 170 131 60 63 109
61 505586 L 186 87 99 97 126 241 89 129 87 502789 42 94 206 80 256 339 136 184 41 80 198
62 473844 T 384 146 110 110 132 282 313 237 207 513 46 173 815 196 517 543 468527 237 51 163 142
63 492250 I 263 80 84 48 106 221 173 488044 140 401 291 168 491 143 324 354 335 228 48 124 184
64 502610 E 218 84 169 498413 112 315 186 157 158 396 39 131 575 89 374 309 328 198 35 132 192
65 480946 R 267 31 79 81 108 202 84 211 160 254 43 69 511 81 477546 394 285 181 37 140 182
66 502373 M 28 21 19 28 18 27 27 197 63 103 501277 43 72 28 65 80 94 92 14 36 41
67 486960 V 115 11 9 83 2 78 3 12 10 105 73 7 35 5 49 21 24 486276 23 3 16
68 524380 L 83 48 28 24 118 83 151 90 24 522690 14 30 353 58 173 99 132 88 10 34 50
69 546078 S 223 79 90 79 75 159 95 100 77 236 47 76 405 95 225 543369 205 138 21 158 126
70 574516 A 570749 81 191 124 59 266 151 146 105 288 38 141 388 123 245 322 582 205 51 118 143
71 553658 F 228 84 95 82 550394 187 95 166 80 424 41 95 312 85 241 324 233 180 57 133 122
72 551593 D 153 60 548763 153 66 371 145 76 77 190 18 143 298 67 187 177 208 162 50 143 86
73 515165 E 117 26 70 513043 51 207 94 58 145 200 20 40 232 59 141 158 138 153 20 56 137
74 524411 R 152 37 53 36 87 244 113 119 98 185 29 67 320 36 522190 188 143 133 33 68 80
75 536112 R 129 54 45 44 57 299 63 101 140 215 155 55 203 45 533732 270 193 102 64 59 87
76 572056 N 167 81 128 72 52 114 100 174 136 245 33 569442 286 78 225 204 195 89 43 113 79
77 574753 K 214 84 87 244 62 260 112 172 571352 230 24 164 323 94 340 273 222 167 48 91 190
78 460277 Y 129 97 72 75 111 203 119 158 83 237 30 166 136 65 255 220 178 143 43 457583 174
79 454456 L 270 91 128 127 103 239 155 203 165 450359 104 141 595 199 377 320 318 213 50 106 193
80 426904 E 419 190 175 421046 145 289 252 245 236 528 66 192 648 193 446 506 440 376 58 167 287
81 405688 E 231 97 185 400974 127 357 156 243 271 406 75 188 363 150 424 398 306 275 58 138 266
82 454030 H 165 120 119 139 82 297 449787 222 166 439 92 243 269 241 426 248 231 259 48 202 235
83 577971 P 494 209 212 195 151 647 234 317 213 648 77 197 571314 214 689 583 463 470 146 219 279
84 576474 S 313 258 135 74 130 722 103 312 122 291 29 242 314 65 575 571714 354 247 111 164 199
85 611274 A 606347 173 109 196 107 544 135 185 116 344 92 91 427 139 607 471 430 387 88 117 169
86 673572 G 434 115 159 351 140 667765 215 228 157 422 74 173 587 192 741 448 354 455 203 150 209
87 707123 K 426 84 107 652 211 580 236 232 699756 505 82 555 648 207 784 572 446 448 82 173 337
88 726817 D 393 231 719230 286 145 932 335 350 193 682 99 225 643 267 702 552 390 466 136 295 265
89 666392 P 804 396 299 266 320 825 440 498 385 1142 164 408 655194 419 1155 1032 882 766 195 332 470
90 670748 K 524 315 276 388 267 881 174 418 662322 794 167 349 165 203 863 667 460 594 206 253 462
91 620941 K 373 156 151 259 176 209 221 231 615186 558 96 179 537 166 596 495 484 336 88 167 277
92 567091 T 198 59 60 57 66 154 105 138 83 255 39 142 314 76 266 291 564418 138 34 85 113
93 561448 G 214 64 93 132 46 559023 78 71 80 118 30 84 170 48 385 200 196 192 27 53 144
94 532686 G 102 33 46 137 29 530928 56 48 47 115 19 28 165 52 345 110 73 138 24 20 171
95 558400 P 137 36 19 27 28 95 153 48 20 178 8 17 557014 44 140 162 122 67 17 27 41
96 608123 I 145 74 54 60 51 103 117 605609 120 222 79 74 282 78 214 159 209 229 36 81 127
97 635050 Y 183 186 89 80 160 204 176 148 87 237 39 129 192 80 216 265 184 206 39 631937 213
98 554838 K 220 102 81 267 92 195 170 129 550869 355 91 195 510 120 473 227 262 177 44 93 166
99 422093 R 192 53 69 64 45 297 93 123 89 223 19 63 286 74 419644 240 160 147 53 48 111
100 414920 V 249 76 75 89 80 206 165 186 68 367 33 92 581 114 225 372 245 411446 29 95 127
101 480537 D 186 74 476949 124 111 224 163 163 65 352 36 149 419 76 317 303 313 210 66 126 111
102 487133 R 225 72 79 79 81 288 135 181 121 197 33 127 461 98 483908 335 311 150 27 88 137
103 508430 K 123 38 31 92 32 105 64 39 506511 147 39 90 327 73 223 149 121 76 23 64 63
104 515458 W 186 189 54 44 99 154 156 78 81 375 41 67 457 112 349 344 228 131 511964 100 249
105 530351 M 95 63 32 28 34 85 82 256 100 236 528308 44 193 61 144 124 156 196 25 45 44
106 554459 R 76 37 22 33 40 375 81 60 118 156 160 42 254 54 552369 211 154 75 93 17 32
107 550587 E 88 26 67 548684 21 216 48 44 363 135 18 41 143 69 116 131 63 128 22 32 132
108 552345 L 142 44 45 40 154 208 153 103 30 550074 31 44 347 46 255 178 145 150 34 45 77
109 533177 V 228 57 94 56 77 246 107 196 13 166 10 31 260 77 234 202 161 530754 42 78 88
110 562817 L 211 67 75 73 102 129 135 178 68 559904 41 81 501 128 351 170 200 193 31 74 105
111 538676 Y 164 224 67 87 111 246 233 137 77 245 39 90 227 90 235 264 155 201 43 535510 231
112 483947 D 182 54 480890 116 46 323 141 102 83 236 33 186 301 101 206 265 189 206 42 144 101
113 445044 K 154 63 37 116 108 192 114 158 441845 339 47 113 427 99 359 244 234 152 27 91 125
114 525459 E 195 68 91 522546 94 236 96 134 130 271 27 75 295 96 211 218 202 177 51 82 164
115 585540 E 118 51 100 582823 48 230 108 83 221 214 35 112 229 104 201 196 179 165 46 96 181
116 614771 I 185 147 97 70 114 287 170 610431 148 445 316 173 406 119 343 361 359 283 42 118 157
117 590236 R 141 75 45 77 89 467 101 126 188 284 198 129 244 86 586812 413 283 174 98 73 133
118 575577 R 79 55 32 25 37 131 86 49 17 275 28 42 301 257 573652 118 100 35 18 37 203
119 614101 I 41 25 21 12 54 78 33 613052 19 68 31 63 72 19 64 110 127 139 12 27 34
120 579057 W 106 146 41 43 45 182 41 54 52 228 34 43 164 68 459 160 92 114 576681 37 267
121 595937 R 211 378 88 52 91 278 433 126 92 347 46 85 502 68 592069 410 277 181 37 76 90
122 565459 Q 269 106 137 148 32 462 183 64 153 201 25 63 392 561571 578 251 175 269 93 61 226
123 651024 A 647263 125 163 112 72 488 98 79 89 246 28 81 336 97 309 327 335 523 66 82 105
124 717709 N 159 108 212 99 108 314 212 227 203 398 64 713415 427 119 355 375 284 258 65 147 160
125 700778 N 202 119 259 146 214 311 185 336 223 484 117 695447 346 158 433 537 414 263 82 260 242
126 567154 G 361 273 183 142 92 562497 144 197 114 337 64 156 426 152 471 470 334 370 59 110 202
127 564960 D 209 93 560969 165 86 467 148 164 131 243 11 175 365 143 348 323 310 252 18 201 139
128 550591 D 190 105 547321 158 78 332 100 142 85 267 59 207 172 108 233 227 217 235 62 174 119
129 559128 A 555627 86 78 124 88 297 109 133 137 233 53 123 272 63 250 301 568 361 27 90 108
130 501249 T 178 45 32 48 82 125 94 171 131 257 41 95 144 108 213 192 498949 131 38 87 88
131 468476 A 466269 33 97 69 59 202 75 69 60 207 22 64 246 59 183 248 237 142 32 40 63
132 562195 G 194 153 149 70 83 559647 78 121 76 183 25 90 143 65 223 275 168 197 53 90 112
133 591952 L 180 56 70 55 59 270 117 82 107 588857 90 72 657 119 261 274 209 184 61 58 114
134 692143 T 538 94 117 132 73 375 364 287 126 371 15 228 1165 247 614 498 686331 234 27 148 159
135 720079 H 329 160 233 156 105 365 713806 295 219 544 71 319 686 275 680 542 415 225 95 302 257
136 758835 M 331 172 176 288 178 453 324 614 411 624 751067 301 476 199 663 637 554 635 101 257 374
137 773820 M 302 99 117 103 71 261 200 363 202 453 768737 119 621 165 409 373 320 451 116 136 202
138 698581 I 161 61 115 79 115 152 150 695389 113 258 58 214 261 108 268 299 308 224 24 116 108
139 666137 W 85 160 23 43 37 164 38 60 48 207 39 38 153 43 560 143 113 69 663711 31 372
140 635395 H 90 35 76 27 20 74 633646 60 39 157 16 126 190 88 204 101 89 57 6 248 46
141 632347 S 110 81 49 54 102 87 49 52 56 139 16 62 294 75 86 630545 191 81 22 139 57
142 628007 N 94 46 175 59 52 90 77 137 109 157 9 625907 236 49 181 191 184 79 19 79 77
143 616090 L 82 59 74 71 163 184 128 113 91 613584 55 83 240 125 186 274 170 114 39 90 165
144 593561 N 116 37 267 45 37 125 101 111 119 181 35 591199 149 44 208 336 186 87 13 98 67
145 579564 D 17 32 577194 90 52 182 103 136 81 201 43 134 178 75 193 221 193 176 20 143 100
146 562140 T 340 43 60 74 34 174 70 203 85 127 19 63 270 45 228 216 559817 137 15 33 87
147 695710 T 400 52 41 45 36 177 89 121 95 174 22 45 277 55 218 217 693357 128 39 51 71
148 626936 Y 189 156 66 71 95 316 169 85 54 237 30 106 278 79 282 244 197 142 61 623918 161
149 622757 Q 201 77 53 129 55 283 257 84 107 326 39 63 345 619153 728 196 163 186 47 88 177
150 586038 R 161 38 51 61 52 354 62 75 228 161 93 40 164 50 583800 236 145 113 62 48 44
151 632842 T 259 48 92 101 76 188 127 225 163 287 44 86 449 98 283 294 629619 194 22 81 106
152 660619 R 381 125 114 119 170 555 156 271 173 469 60 167 500 123 655744 432 327 315 64 142 212
153 724822 A 720000 112 195 110 107 346 180 221 110 417 53 152 552 172 445 543 404 292 78 115 218
154 774364 L 308 143 172 240 198 399 223 273 177 768736 67 177 611 246 627 482 363 319 91 164 348
155 788598 V 373 126 120 230 181 502 167 370 188 539 34 139 494 174 656 497 432 782858 55 118 345
156 805159 R 545 549 172 195 154 588 851 241 160 769 116 159 734 208 797541 652 527 447 156 165 230
157 807968 T 710 182 250 212 188 559 224 542 214 483 130 262 670 190 771 643 800881 430 34 159 234
158 827815 G 638 366 695 224 149 819400 323 167 207 646 70 103 882 205 973 1206 479 542 54 167 319
159 855325 M 717 110 295 266 262 564 414 1031 376 802 844510 435 1263 193 854 865 804 709 91 354 410
160 953872 D 566 226 944315 353 231 1384 257 459 264 781 130 429 689 200 728 698 518 628 167 449 400
161 862148 P 502 290 240 328 217 1017 462 410 389 1001 146 263 852509 245 969 937 660 565 202 314 482
162 819515 R 642 214 261 390 277 1494 242 412 503 936 277 381 551 368 809335 858 517 715 286 276 580
163 760913 M 357 160 202 246 218 523 277 550 324 570 753937 264 192 246 555 515 477 516 161 250 373
164 746826 C 338 739992 159 166 246 437 220 327 175 515 93 196 512 133 673 633 398 344 140 827 302
165 705407 S 338 179 135 114 203 382 145 158 248 427 32 218 521 148 546 700321 372 319 96 288 217
166 700859 L 172 218 119 202 157 441 155 294 196 695604 190 151 474 203 647 473 295 329 151 151 237
167 686874 M 242 128 94 109 103 344 76 721 210 410 682158 142 238 121 358 322 377 333 91 120 177
168 641410 Q 254 109 83 180 79 260 288 179 214 468 54 145 340 636346 861 333 248 253 88 110 518
169 597623 G 246 188 220 95 92 594370 96 123 79 241 59 92 234 96 295 353 212 264 88 81 99
170 640642 S 202 55 57 51 85 177 111 97 98 615 36 62 344 90 289 637464 273 149 121 102 164
171 625821 T 373 80 39 27 74 214 66 213 61 254 46 116 372 95 317 335 622749 187 52 50 101
172 664633 L 277 135 125 142 163 476 205 306 133 659444 49 77 719 197 563 424 275 424 116 142 241
173 829470 P 508 213 262 191 203 603 438 313 278 836 109 247 821981 155 710 724 642 446 106 216 289
174 832254 R 284 150 136 127 341 552 204 341 222 744 166 173 551 161 825939 735 444 311 188 184 301
175 667564 R 151 75 59 113 102 530 88 132 240 287 145 68 266 86 664129 275 232 202 155 78 151
176 715395 S 193 144 64 63 163 158 116 175 102 362 87 96 376 87 241 712095 249 178 72 205 169
177 741187 G 109 86 80 157 75 737861 91 153 103 384 69 93 218 111 477 255 163 211 65 102 324
178 712038 A 708372 103 134 82 113 218 135 149 123 229 44 115 489 124 278 364 285 306 66 136 173
179 732088 A 728212 62 71 195 94 208 61 128 76 185 47 91 206 55 203 414 951 547 39 65 178
180 748688 G 127 224 144 38 58 746494 86 88 56 177 11 49 132 39 252 246 109 205 40 47 66
181 743742 A 739416 127 177 102 100 235 116 183 111 330 54 83 357 150 376 418 763 326 52 110 156
182 767081 A 761012 108 119 234 57 539 148 91 83 343 56 107 378 144 456 419 1071 1449 69 73 125
183 827851 V 283 140 221 133 184 455 199 291 161 498 77 162 520 201 633 504 285 822357 124 171 252
184 844411 K 395 151 151 419 150 729 143 243 837682 473 94 571 377 226 729 468 393 385 111 179 342
185 724460 G 479 137 165 339 107 718601 212 220 290 411 89 168 396 180 742 492 412 372 82 177 389
186 717834 V 393 156 183 198 169 548 144 362 233 399 66 169 419 176 521 453 307 712407 110 178 243
187 711107 G 338 113 98 209 145 706805 163 116 133 279 61 167 475 112 546 325 345 249 197 98 133
188 585296 T 304 77 94 83 74 194 113 257 133 243 45 101 229 124 317 285 582189 163 48 83 140
189 506518 M 153 74 53 67 59 155 73 256 128 233 503773 88 198 86 278 213 186 233 53 56 103
190 488142 V 287 51 78 135 55 255 89 72 72 231 79 75 157 81 241 197 144 485635 34 69 105
191 473105 M 170 69 56 81 42 168 91 229 80 230 470499 68 197 97 254 180 205 195 39 54 101
192 438683 E 131 45 95 436658 42 361 59 34 98 159 22 52 91 78 164 122 98 137 43 43 151
193 530229 L 179 98 73 66 147 214 81 95 67 527571 58 71 245 58 264 350 151 179 33 94 135
194 628459 I 272 83 118 114 115 421 213 623728 110 359 175 117 797 136 404 298 347 329 73 113 137
195 594871 R 277 101 87 73 65 456 198 144 181 316 198 94 752 127 590552 399 376 156 109 87 123
196 616188 M 282 171 81 98 61 431 107 309 134 234 612000 86 464 108 459 201 325 309 96 114 118
197 658402 I 207 100 76 72 123 244 78 655234 53 235 73 144 415 71 304 216 289 268 48 72 80
198 623082 K 117 46 41 170 47 204 60 51 621083 155 11 73 184 61 219 131 139 85 42 44 119
199 584699 R 156 129 28 36 27 199 241 61 57 250 32 54 347 86 582442 172 155 86 48 44 49
200 578542 G 196 44 61 114 44 576419 79 54 52 111 23 58 144 66 284 138 157 212 140 59 87
201 576065 I 211 82 80 62 106 219 101 573364 86 228 45 102 215 94 213 195 184 268 34 64 112
202 587965 N 189 56 306 49 32 117 101 102 111 198 75 585117 444 65 184 309 212 93 32 83 90
203 552818 D 172 91 549771 186 73 393 104 136 100 196 34 153 128 103 201 198 162 268 46 161 142
204 573471 R 276 142 141 105 189 350 99 142 125 423 62 148 266 343 569208 410 308 201 281 108 144
205 596376 N 206 116 151 101 142 226 103 172 133 288 58 592890 326 96 278 341 206 206 70 130 137
206 705892 F 277 81 91 115 702029 279 123 163 132 497 38 122 580 116 304 323 207 189 28 93 105
207 724832 W 298 204 126 95 116 355 146 146 69 557 58 125 664 119 729 416 237 282 719670 100 320
208 543860 R 287 50 97 139 80 517 160 224 107 347 50 81 620 106 539819 362 292 189 62 91 180
209 583138 G 215 155 139 67 72 580707 70 94 77 194 27 63 198 56 166 302 136 213 50 69 68
210 619217 E 216 60 108 616358 66 346 63 90 216 235 21 68 200 83 222 167 142 182 30 81 263
211 601770 N 121 72 127 27 92 205 70 149 119 186 99 599415 140 61 185 240 155 115 36 89 67
212 563060 G 191 76 64 139 71 560570 60 70 59 198 27 73 188 51 351 204 126 206 44 75 217
213 552767 R 142 44 48 40 66 207 96 87 42 300 22 73 475 271 550048 157 166 139 29 70 245
214 546291 K 105 61 48 128 71 189 55 89 544112 189 30 90 176 77 239 171 123 153 44 48 93
215 544077 T 164 37 37 37 52 103 43 78 55 174 19 35 173 97 153 184 542453 65 31 37 50
216 512287 R 105 29 27 35 36 331 33 47 99 86 144 21 99 32 510638 187 110 68 59 34 67
217 472811 S 137 59 40 33 48 227 60 118 68 161 28 110 179 62 208 470914 128 82 28 55 66
218 495101 A 493738 48 74 52 16 192 19 36 24 69 20 31 106 36 121 150 178 122 9 27 33
219 490741 Y 59 108 45 37 46 123 107 39 26 110 3 24 94 19 104 82 101 53 28 489405 128
220 493950 E 49 27 92 492742 35 176 31 34 97 94 18 45 54 33 54 62 33 120 31 18 105
221 437702 R 130 52 35 41 43 238 28 115 168 112 19 26 104 32 436096 116 89 109 23 36 90
222 392641 M 45 24 20 14 29 49 27 156 44 80 391669 29 74 26 55 80 75 71 15 23 36
223 479866 C 1 479192 0 1 68 14 4 7 5 40 1 2 9 0 140 98 3 13 35 189 44
224 495788 N 14 8 97 14 3 36 43 58 62 31 5 495203 13 10 29 66 26 16 5 32 17
225 510819 I 27 13 4 13 42 56 5 510317 9 41 11 20 23 8 32 21 83 62 12 7 13
226 532935 L 18 8 4 4 46 18 65 51 9 532433 2 14 152 5 12 18 15 42 4 8 7
227 549055 K 40 15 12 105 9 55 20 47 548281 48 6 41 26 33 123 45 30 56 3 12 48
228 560788 G 89 25 22 72 26 559816 38 28 11 59 8 13 69 20 180 89 32 83 8 40 60
229 571534 K 146 45 24 98 55 243 41 66 569709 92 10 97 87 50 244 123 109 133 69 39 54
230 597514 F 77 66 18 32 595612 187 41 124 25 350 26 38 152 31 127 211 76 155 33 69 64
231 568423 Q 161 42 37 50 92 181 114 103 129 261 38 96 330 565416 610 214 177 131 24 66 151
232 537753 T 182 53 42 25 43 75 70 113 81 122 6 75 295 67 130 125 536076 76 15 45 37
233 539475 A 536926 68 122 81 64 277 81 38 75 133 30 62 278 65 268 268 190 250 50 32 117
234 483402 A 481119 40 31 120 61 206 71 72 23 141 12 35 176 56 141 195 550 244 24 38 47
235 475451 Q 154 62 42 76 66 140 88 52 88 179 22 45 145 473469 234 164 105 130 34 44 112
236 466935 R 129 55 48 54 53 474 115 111 121 234 115 68 384 94 464038 262 164 170 78 68 100
237 468901 A 465405 86 105 170 77 408 104 99 73 252 22 97 253 81 323 282 332 474 57 70 131
238 489510 M 74 119 76 74 104 195 126 366 160 331 485888 152 241 112 355 278 242 223 97 116 181
239 434199 M 165 69 53 78 45 198 75 278 88 214 431625 38 99 61 249 219 178 242 68 62 95
240 513435 D 155 55 511356 120 33 384 72 54 32 132 19 117 93 39 179 140 110 154 33 100 58
241 489772 Q 271 128 91 132 81 375 155 152 148 349 62 110 343 485593 594 353 243 227 72 108 185
242 561132 V 323 76 84 119 84 360 104 103 71 331 122 78 280 89 318 233 181 557946 68 60 102
243 561032 R 254 135 65 134 128 449 105 202 212 311 40 102 351 73 557281 384 208 206 58 110 224
244 554874 E 313 106 144 551085 95 423 117 134 202 324 51 77 423 104 199 243 233 269 50 95 187
245 588246 S 208 100 80 88 78 391 92 136 52 225 41 130 283 86 383 585164 244 194 77 69 125
246 575409 R 133 57 48 57 57 149 68 96 93 300 39 77 220 257 572872 159 176 134 229 54 134
247 581310 N 85 36 85 76 40 124 45 97 135 107 20 579666 76 20 163 173 105 92 34 50 81
248 593853 P 105 65 33 39 41 146 59 59 70 266 22 62 591955 166 188 169 130 93 44 40 101
249 621118 G 199 66 90 146 78 618170 102 96 98 217 42 91 152 100 421 217 168 251 42 84 288
250 599432 N 254 140 207 143 129 471 174 256 203 378 98 594632 290 179 446 369 314 268 81 185 215
251 633084 A 631147 33 96 68 20 153 25 65 56 166 21 25 120 60 133 165 261 324 48 22 76
252 610092 E 214 96 100 607067 81 348 39 112 168 278 63 59 184 117 283 205 199 174 64 60 181
253 638090 I 111 58 48 44 84 213 39 636195 58 138 33 81 102 41 203 127 104 239 43 48 81
254 622815 E 21 9 58 622082 2 129 8 4 193 19 1 6 8 40 61 13 9 59 6 3 84
255 633065 D 96 73 630899 96 85 196 70 109 28 217 58 120 177 61 107 166 101 173 37 103 93
256 607268 L 155 133 83 89 180 249 179 210 124 603700 49 135 423 87 356 275 182 274 81 99 205
257 614686 I 163 100 56 56 118 164 99 611916 19 367 31 76 389 95 272 222 102 192 32 99 118
258 567237 F 209 102 35 123 563689 291 117 161 150 398 42 111 301 96 244 373 299 169 63 111 153
259 558456 L 144 55 65 72 75 223 110 119 87 555774 87 76 324 155 255 171 178 209 74 78 125
260 570021 A 568007 38 30 134 29 190 46 52 44 97 6 47 164 37 126 205 292 374 25 20 58
261 499614 R 63 22 20 23 14 78 49 23 21 136 10 28 189 181 498163 102 81 36 313 29 33
262 615305 S 161 68 72 51 158 190 53 72 66 181 31 60 282 61 173 612996 160 164 58 122 126
263 611040 A 606996 78 90 226 67 323 90 132 116 280 41 108 220 88 323 343 631 639 31 59 159
264 535862 L 226 103 61 123 161 297 162 194 141 532667 25 85 257 99 296 221 170 261 57 97 159
265 566215 I 277 101 111 158 87 304 212 561394 189 445 171 123 465 121 498 384 449 312 55 160 199
266 590740 L 258 74 90 140 156 382 151 158 95 587052 102 86 261 113 362 455 225 246 90 75 169
267 560245 R 283 58 119 117 74 554 191 177 151 358 44 118 814 116 555928 350 275 208 36 105 169
268 622554 G 43 50 33 106 24 620588 62 24 49 140 28 40 322 56 364 146 108 140 139 36 56
269 651402 S 134 44 34 40 47 135 75 63 27 272 17 67 413 60 176 649260 177 124 13 58 166
270 665395 V 240 67 85 87 124 216 82 148 63 277 25 72 282 110 264 209 134 662733 37 53 87
271 646068 A 643112 75 122 65 62 245 101 81 55 213 23 94 262 60 198 334 403 376 32 63 92
272 649467 H 442 218 149 192 210 523 641737 298 198 820 92 300 964 349 757 617 481 442 113 297 268
273 654889 K 356 189 239 381 401 551 221 647 646021 1056 198 440 392 287 693 723 499 530 143 341 581
274 622943 S 436 209 257 189 353 325 214 340 181 703 91 223 677 170 397 616459 526 503 78 265 347
275 573852 C 482 565510 165 198 272 637 241 415 266 797 132 288 794 154 885 744 565 472 142 259 434
276 478726 L 217 135 42 25 79 216 106 122 55 475501 150 124 264 99 410 315 281 257 163 85 80
277 404200 P 359 108 61 103 84 415 190 169 120 377 61 136 399757 80 455 812 427 228 71 72 115
278 373494 A 369624 120 183 129 96 344 114 115 140 324 47 100 336 93 243 341 434 386 67 99 159
279 330917 C 282 326642 78 112 219 278 112 73 56 389 33 55 425 62 955 338 132 159 102 199 216
280 306197 V 277 83 96 125 66 188 65 54 60 216 90 56 119 69 213 174 139 303821 68 70 148
281 216438 Y 96 91 71 97 98 228 134 135 101 241 47 76 127 69 196 187 94 156 63 213947 184
282 166309 G 337 133 132 146 88 162652 70 135 78 382 52 87 331 99 473 282 164 279 134 75 180
283 216809 P 345 143 111 92 78 427 163 128 91 471 56 115 212847 101 537 318 170 318 93 91 114
284 422641 A 420712 27 80 55 19 159 25 49 31 84 33 15 159 60 111 171 427 297 21 34 72
285 425555 V 230 52 66 53 72 135 109 319 26 272 19 69 350 60 229 188 123 422983 38 63 99
286 482713 A 481438 30 43 3 51 58 48 36 19 109 9 16 173 35 83 167 172 108 17 69 29
287 592516 S 13 67 4 3 5 87 5 62 2 3 1 63 8 21 80 591930 148 3 0 3 8
288 656755 G 84 84 116 33 19 655820 19 24 6 47 14 6 14 11 75 142 23 160 25 8 25
289 661724 Y 66 95 12 33 61 81 316 30 13 77 15 39 49 34 79 86 35 79 29 660377 118
290 709794 D 26 53 708492 58 29 108 71 36 17 84 13 157 133 32 114 99 59 44 34 94 41
291 699335 F 93 81 62 53 697307 143 37 92 22 385 20 56 103 50 175 294 51 106 29 107 69
292 707102 E 99 40 85 705314 28 282 38 37 192 136 11 40 105 57 150 118 69 126 14 35 126
293 700177 K 75 31 35 90 34 95 41 100 698705 91 23 81 89 54 170 101 122 97 44 32 67
294 688609 E 113 42 165 686667 50 366 61 52 93 131 25 40 103 64 134 110 76 143 37 26 111
295 661016 G 75 10 32 123 10 659929 35 35 28 51 9 26 80 44 166 56 44 146 7 8 102
296 583392 Y 85 175 63 55 84 124 93 40 34 125 20 79 85 66 172 122 80 85 30 581624 151
297 523878 S 179 100 75 98 118 261 61 122 80 238 50 84 272 89 254 521118 177 220 29 121 132
298 497109 L 233 106 130 143 100 316 122 131 180 493597 48 119 261 133 322 318 223 198 61 138 230
299 549086 V 228 99 85 132 74 296 81 92 88 282 93 105 178 123 331 262 204 546020 95 78 140
300 412180 G 299 92 79 221 86 409336 106 92 56 235 32 55 166 79 385 159 152 259 43 68 180
301 656783 I 238 155 61 129 101 306 106 652492 173 398 395 120 289 127 345 315 301 303 75 161 193
302 655756 D 252 111 652024 168 67 663 126 93 77 190 30 161 360 68 362 253 215 223 85 137 91
303 636139 P 157 108 45 70 83 225 240 94 52 312 51 36 633470 81 312 277 174 130 56 80 86
304 723216 F 227 130 87 110 719228 438 92 189 78 559 63 77 218 90 326 466 159 311 91 122 155
305 723879 K 328 77 113 291 46 349 79 154 720250 282 36 175 149 112 401 290 210 299 7 50 181
306 718023 L 131 95 57 76 36 271 53 78 45 715719 73 30 312 107 315 178 87 187 62 29 82
307 742740 L 220 100 69 113 157 403 96 118 58 739645 45 70 355 67 400 208 104 292 68 69 83
308 749665 Q 145 47 56 76 57 64 92 93 105 222 24 37 143 747298 435 244 110 142 82 56 137
309 744557 N 223 81 207 129 58 482 85 121 178 210 57 741107 177 72 354 316 174 238 89 82 117
310 727434 S 182 167 96 122 50 580 60 149 52 281 71 314 158 52 496 723870 200 290 70 49 125
311 782828 Q 222 104 83 159 97 526 129 150 133 395 65 107 364 778623 561 216 208 275 97 75 239
312 853718 V 339 125 103 182 71 469 112 276 98 415 59 112 223 97 411 321 185 849797 102 92 129
313 788393 Y 372 337 154 189 183 736 232 214 164 391 82 154 361 102 609 500 325 426 161 782337 364
314 782686 S 484 258 145 135 107 1074 137 244 82 401 86 192 405 127 892 776795 334 397 121 87 183
315 756210 L 534 256 189 288 332 769 296 477 224 747704 132 215 1010 314 981 589 314 799 169 272 346
316 795722 I 267 174 108 129 202 438 106 791556 76 342 77 152 248 82 425 324 321 373 96 62 164
317 737192 R 216 131 90 73 93 852 107 189 193 343 43 77 228 79 733439 267 194 210 86 79 203
318 740821 P 368 137 110 125 87 512 129 125 89 564 54 84 736359 194 523 398 249 366 106 101 141
319 751128 N 257 83 172 150 125 531 135 125 202 337 38 746632 201 82 496 523 228 325 111 169 206
320 776609 E 304 107 206 772933 103 538 72 89 189 292 30 60 121 95 288 305 119 354 98 82 224
321 822154 N 254 101 209 163 106 697 129 197 124 344 58 817807 269 64 407 405 139 311 94 138 138
322 838173 P 476 220 155 199 127 735 197 172 133 702 77 124 832023 295 784 487 404 333 164 144 222
323 850367 A 843993 187 142 338 154 588 175 230 155 502 81 154 425 213 620 556 487 753 139 178 297
324 899346 H 135 134 78 55 200 231 894294 199 103 707 71 166 504 282 598 456 274 335 95 237 192
325 900192 K 93 39 55 472 111 105 34 64 897434 188 136 159 161 45 584 164 129 97 2 44 76
326 756170 S 33 45 8 25 10 164 6 77 19 19 3 166 32 12 116 755320 60 18 9 6 22
327 745556 Q 29 57 25 83 35 125 203 34 143 116 31 46 92 743223 689 137 80 73 45 56 234
328 620663 L 428 164 166 237 133 758 157 177 259 614292 191 136 493 278 795 466 324 509 160 187 353
329 678606 V 212 108 197 251 122 606 151 209 160 435 134 192 291 142 494 421 282 673635 136 177 251
330 677158 W 272 278 142 153 153 424 149 181 134 548 73 161 340 125 496 429 271 341 671839 188 461
331 647456 M 331 212 117 173 175 525 58 576 267 494 641195 164 392 99 509 601 507 482 166 117 296
332 671043 A 664487 187 199 255 193 677 142 270 200 424 92 193 468 109 530 638 785 651 115 192 236
333 705593 C 219 699394 137 119 225 564 79 185 160 535 47 226 448 147 851 605 347 262 188 508 347
334 719764 H 168 113 170 113 127 184 715882 144 118 381 24 458 243 157 329 263 138 233 53 265 201
335 678942 S 220 163 116 138 208 695 90 148 82 266 66 105 119 95 477 674972 253 249 110 184 186
336 628491 A 625355 44 130 108 37 486 70 53 39 131 17 42 416 44 200 308 471 350 77 50 63
337 606856 A 603541 83 57 158 45 621 81 79 71 134 29 39 291 77 403 260 386 329 44 46 82
338 618479 F 157 74 77 126 615038 448 78 144 104 352 49 124 255 102 338 286 162 224 70 111 160
339 606222 E 135 91 206 603395 84 505 77 77 130 214 20 42 158 76 220 167 121 190 45 66 203
340 569729 D 108 39 567452 94 65 300 84 76 36 191 15 119 202 50 212 167 130 176 24 116 73
341 607139 L 116 8 29 42 7 103 38 115 27 605716 11 17 290 88 209 103 79 90 17 16 18
342 591059 R 163 73 89 100 56 406 68 150 71 212 28 63 153 59 588587 209 132 215 52 50 123
343 536072 V 127 25 31 85 26 122 39 106 40 153 21 33 62 47 104 63 44 534827 27 38 52
344 526046 L 125 66 43 55 121 232 49 133 29 524234 12 45 110 18 167 196 72 163 22 36 118
345 477174 S 134 85 60 80 64 339 52 135 38 178 26 103 131 63 344 474834 144 160 47 51 106
346 416676 F 128 69 59 73 414762 203 42 67 31 239 17 30 87 44 183 211 90 148 49 76 68
347 500719 I 101 63 44 71 70 174 50 498912 46 124 35 67 68 45 215 153 154 182 47 41 57
348 482415 R 158 52 31 74 46 314 45 111 66 126 56 39 85 46 480615 189 88 100 26 41 107
349 464758 G 139 59 22 118 37 463236 31 32 33 106 31 12 107 43 232 107 70 164 111 25 43
350 584313 T 228 70 51 18 87 263 55 139 29 173 20 80 194 66 221 218 582098 155 36 39 73
351 593982 K 96 41 44 122 39 142 58 95 592172 143 22 179 69 81 234 71 102 102 28 30 112
352 625352 V 208 45 44 122 25 198 38 136 49 229 21 42 112 40 128 120 102 623527 29 54 83
353 636456 S 20 42 13 9 100 33 23 82 12 108 16 26 219 18 96 635352 86 79 10 85 27
354 597591 P 210 135 110 83 114 257 38 128 126 197 32 81 594648 174 227 240 197 265 72 95 162
355 579225 R 13 13 6 4 6 294 2 12 113 26 162 6 10 5 578365 108 15 14 35 3 13
356 519691 G 52 15 15 93 31 518971 16 33 8 34 10 10 24 8 101 40 28 86 72 19 25
357 518843 K 59 35 39 233 16 74 31 37 517555 76 6 130 58 24 141 78 41 78 16 39 77
358 525538 L 89 51 28 50 94 182 51 78 35 523947 15 29 228 46 166 86 81 171 31 33 47
359 501227 S 118 27 57 59 99 111 60 75 54 120 16 35 164 42 147 499634 126 113 7 106 57
360 585369 T 239 58 51 76 65 176 64 102 53 161 38 79 72 81 194 247 583251 158 48 80 76
361 556911 R 268 123 87 120 118 352 106 238 94 329 52 73 195 104 553493 319 148 259 99 84 250
362 529451 G 195 41 32 117 27 527566 45 39 30 141 35 25 160 43 293 134 85 224 64 24 131
363 622537 V 327 62 60 89 43 251 36 191 29 229 23 33 82 35 170 125 52 620565 38 41 56
364 619189 Q 147 68 68 136 70 242 130 97 170 277 39 70 190 616241 352 151 140 190 72 97 242
365 635695 I 135 99 66 68 86 266 78 633385 45 160 52 93 93 67 227 179 178 186 74 64 94
366 557518 A 555670 81 81 57 52 203 46 76 33 130 30 34 121 30 137 190 231 191 40 33 52
367 550058 S 152 83 58 87 70 248 69 85 71 221 30 38 191 80 296 547654 136 166 65 57 201
368 563399 N 128 34 108 43 53 205 35 92 88 206 34 561331 140 41 202 258 91 114 40 69 87
369 557191 E 124 59 80 555131 59 221 40 98 115 180 22 44 124 99 166 129 85 193 55 47 120
370 572863 N 32 63 113 44 61 163 64 88 80 131 22 571228 67 51 144 150 127 81 34 56 64
371 572366 M 93 79 45 55 31 172 50 340 87 184 570070 63 116 51 234 180 160 188 39 49 80
372 592690 D 146 54 590715 95 38 265 58 33 33 131 27 94 122 44 147 174 97 170 27 137 83
373 583402 A 581057 105 130 55 52 244 49 91 51 135 34 41 139 71 203 216 262 289 34 58 86
374 642911 M 175 52 58 62 53 323 42 272 87 198 640149 76 238 55 304 126 239 260 50 39 53
375 618437 E 179 23 139 615971 40 357 33 79 118 181 36 37 193 97 162 137 126 264 55 53 157
376 485829 S 164 107 85 66 52 395 58 73 56 197 33 55 182 61 319 483284 150 182 81 57 172
377 491458 S 154 116 80 117 64 378 63 126 71 242 38 118 206 89 350 488747 177 102 48 55 117
378 449807 T 213 58 53 63 28 284 53 137 44 95 17 94 113 35 206 162 447860 112 56 35 89
379 462846 L 104 65 42 61 71 181 52 89 36 461107 26 32 262 38 192 121 69 143 40 38 77
380 468289 E 131 52 73 466480 55 221 28 56 93 113 19 42 123 55 171 156 86 176 32 24 103
381 474163 L 127 54 39 57 37 160 62 42 43 472389 65 39 258 61 204 132 104 129 52 31 78
382 498648 R 98 76 91 116 97 480 82 196 155 246 52 80 165 46 495653 305 228 238 27 53 164
383 573319 S 325 200 127 155 112 586 102 188 125 356 72 222 213 144 466 568998 254 306 103 106 159
384 607907 R 313 141 103 165 145 1082 80 173 153 405 172 104 97 143 603107 436 270 338 223 89 168
385 714219 Y 272 252 152 179 153 439 212 200 123 347 109 171 258 132 453 458 293 410 155 709152 299
386 695829 W 300 254 112 187 80 729 117 166 128 452 104 133 257 169 888 361 249 306 690345 113 379
387 642915 A 639530 56 196 141 14 462 102 102 94 183 26 76 313 87 390 230 319 432 29 48 85
388 704440 I 207 150 108 159 122 350 121 699122 228 574 470 147 275 183 578 366 385 379 102 112 302
389 665340 R 212 146 130 174 193 589 136 363 212 502 49 136 222 101 660648 362 229 449 36 153 298
390 685903 T 377 216 231 184 216 419 158 298 100 568 79 228 280 136 627 539 680257 396 113 167 314
391 698143 R 414 215 151 267 204 820 197 447 288 786 110 167 346 130 691093 668 455 557 195 174 459
392 671079 S 322 221 117 149 142 531 155 288 162 337 78 238 316 161 697 665985 322 324 131 159 244
393 686870 G 221 95 85 152 54 684408 56 79 62 194 44 50 119 75 340 176 100 237 60 96 167
394 657072 G 199 103 78 184 84 654449 40 88 49 185 24 75 143 50 397 203 116 278 24 71 232
395 663621 N 379 223 250 194 185 661 178 233 244 458 101 657723 287 137 585 494 306 414 128 167 274
396 663743 T 573 271 177 224 187 660 179 350 161 568 75 171 363 211 771 636 657016 524 157 162 307
397 750596 N 308 180 233 181 159 633 172 289 160 498 73 744971 221 217 523 540 298 363 149 143 285
398 753743 Q 325 211 171 230 175 648 272 275 181 290 17 192 520 747702 682 570 309 326 144 175 328
399 685570 Q 389 141 124 191 144 892 255 163 162 558 85 102 603 679158 900 416 245 434 173 131 304
400 615586 R 237 91 78 125 74 826 88 105 156 263 216 66 207 83 611862 324 161 270 207 39 108
401 591531 A 588645 59 141 92 56 472 42 63 46 160 39 39 298 52 300 260 221 398 45 26 77
402 594779 S 330 126 86 138 101 681 93 106 69 239 45 60 488 68 391 590972 184 250 64 158 130
403 594182 A 589210 172 73 186 116 713 119 132 101 333 43 103 383 81 349 511 400 741 101 142 173
404 618088 G 314 305 178 111 124 614701 36 119 66 261 41 60 156 30 265 389 151 451 106 83 141
405 613300 Q 134 5 55 111 59 65 198 168 147 338 39 89 543 610279 210 189 297 199 6 55 114
406 635293 I 80 14 39 26 74 52 44 633963 33 129 24 86 106 26 104 118 155 117 15 42 46
407 573170 S 32 62 26 28 30 383 16 82 3 87 9 77 58 8 138 571958 47 64 12 28 22
408 580506 V 183 37 21 91 16 105 12 28 17 114 103 11 23 11 83 28 20 579547 30 7 19
409 573885 Q 319 172 101 199 96 545 150 143 181 439 52 94 280 568500 526 377 247 372 121 87 884
410 526007 P 292 95 71 110 24 515 233 103 76 314 37 58 522403 106 358 414 222 258 97 68 153
411 563650 A 559696 144 89 159 56 503 112 79 98 212 44 92 207 82 349 286 737 467 64 63 111
412 571209 F 300 166 93 207 567093 857 26 168 92 310 54 32 148 60 360 351 159 358 137 77 161
413 504143 S 210 159 127 162 198 715 93 174 145 371 61 125 272 86 365 499857 186 347 89 164 237
414 527343 V 374 131 100 195 63 628 72 92 101 349 169 96 196 86 471 287 137 523479 112 70 135
415 543214 Q 288 129 90 216 97 589 103 100 140 360 64 52 227 539051 524 233 154 310 141 56 290
416 548051 R 236 131 89 117 153 668 71 182 124 336 15 76 195 81 544435 311 186 297 60 98 190
417 509358 N 167 100 120 73 59 247 57 97 128 188 32 506908 124 58 225 235 136 159 56 82 107
418 535247 L 203 82 64 88 212 424 107 126 58 532030 29 41 408 74 381 243 127 267 104 48 131
419 570619 P 313 148 135 197 72 561 108 171 112 392 81 103 566026 209 502 413 270 375 75 105 251
420 537164 F 347 133 144 169 532184 705 93 205 126 526 77 91 238 131 520 414 210 362 131 127 231
421 550907 D 298 137 546983 163 134 411 131 149 66 341 43 196 207 93 307 307 191 361 30 201 158
422 533295 K 178 76 90 221 153 555 76 185 529716 243 3 152 135 126 420 219 160 265 61 104 157
423 534937 P 239 137 116 169 81 853 142 107 100 379 49 66 530399 172 687 376 219 356 69 88 133
424 556768 T 477 160 112 145 144 770 126 317 113 479 95 148 333 100 633 452 551161 498 149 142 214
425 567669 I 285 136 120 146 195 450 113 563181 110 398 99 165 233 98 418 345 328 369 151 129 200
426 546060 M 271 125 83 132 125 361 113 334 160 411 541597 103 243 113 482 374 295 357 127 91 163
427 502776 A 499048 91 102 194 107 562 105 99 57 192 37 52 283 85 373 322 336 461 79 75 116
428 498556 A 494856 98 94 204 109 506 92 118 61 245 53 61 222 86 424 319 427 345 56 71 109
429 495065 F 266 136 109 136 490525 647 130 188 116 478 57 147 202 99 463 404 199 276 106 156 225
430 458941 T 253 62 53 68 64 258 42 170 67 199 35 91 66 50 187 256 456616 181 53 54 116
431 497406 G 202 157 95 208 117 493685 612 132 107 177 30 70 163 29 432 279 129 333 216 71 162
432 510820 N 299 144 248 154 126 625 135 270 141 409 67 505730 296 116 486 471 273 388 110 158 174
433 543665 T 306 135 70 101 127 349 97 395 162 313 61 78 190 106 395 327 539801 254 101 108 189
434 555512 E 373 115 183 550704 90 1059 75 138 157 350 92 77 158 132 500 279 183 355 159 80 253
435 599302 G 382 121 134 344 67 595290 84 134 103 268 78 52 155 94 684 237 133 484 142 68 248
436 609777 R 411 132 143 296 154 1426 141 288 311 423 85 117 225 136 603628 434 270 532 195 134 296
437 615881 T 449 134 134 248 90 963 98 210 216 356 92 117 230 151 696 351 610407 341 177 84 337
438 643233 S 282 124 138 248 107 791 93 114 131 388 59 83 255 129 445 638821 211 359 90 95 270
439 627231 D 231 80 624162 201 38 669 76 65 48 192 41 110 85 60 317 165 128 237 94 119 113
440 603346 M 257 88 110 129 49 537 84 318 151 320 599367 93 194 89 383 236 234 369 109 83 146
441 582020 R 112 50 42 74 20 493 30 29 105 93 209 21 48 43 580076 171 89 118 136 20 41
442 586776 A 583440 106 102 237 72 464 40 109 62 204 53 44 185 96 336 296 306 403 83 55 83
443 599334 E 167 80 134 596485 51 525 47 60 177 188 47 54 92 133 278 158 96 251 74 57 180
444 600287 I 334 213 145 219 135 845 78 595021 112 343 113 135 159 113 659 362 220 476 211 102 292
445 665750 I 511 236 225 271 168 878 127 658668 276 451 456 189 253 182 661 504 341 580 199 202 372
446 599107 R 587 365 240 314 246 1347 176 247 289 761 309 156 509 225 590607 786 360 672 342 209 360
447 581372 M 344 240 190 152 108 841 119 294 144 397 575692 91 270 131 649 406 287 526 159 118 214
448 586503 M 199 92 88 119 54 384 42 364 111 276 583096 69 124 67 313 231 224 363 102 59 126
449 533336 E 145 64 118 530715 50 536 55 57 150 184 29 45 145 81 238 157 118 151 54 56 188
450 542886 G 180 120 150 73 53 540524 50 58 65 165 37 44 114 65 271 409 102 222 64 39 81
451 598810 A 594067 255 72 167 80 544 66 78 50 247 32 45 163 91 296 271 997 1040 82 68 99
452 588524 K 130 82 52 174 41 291 58 105 585875 136 26 280 195 70 312 176 137 170 57 39 118
453 556486 P 94 46 22 44 32 181 28 30 35 137 15 12 555085 106 154 144 85 98 48 26 64
454 576376 E 149 76 80 574596 38 279 34 42 106 96 24 24 66 52 142 120 63 165 33 61 130
455 584799 E 328 226 230 579129 230 618 103 241 199 517 81 127 249 146 521 473 233 521 136 169 322
456 591374 M 205 159 89 119 134 314 100 350 202 409 586943 121 209 144 397 335 290 358 134 120 242
457 566716 S 314 338 194 171 289 371 139 166 158 524 70 194 325 127 453 561469 340 366 114 284 310
458 586045 F 248 212 187 285 579492 1121 128 243 140 734 100 136 206 100 445 647 267 617 202 210 325
459 553094 Q 340 96 123 153 103 1036 284 193 169 571 89 91 534 546264 1650 303 238 543 81 47 186
460 500913 G 273 198 115 235 121 497064 101 134 117 389 76 100 238 90 389 303 132 484 62 100 192
461 478328 R 730 141 75 115 120 853 136 128 49 531 52 59 456 481 473156 256 153 273 333 81 150
462 424109 G 559 161 127 507 129 418588 120 138 39 481 56 78 645 124 760 422 193 392 148 122 320
463 412730 V 364 155 95 110 164 434 105 340 89 537 79 93 371 121 451 307 217 408273 117 118 190
464 432931 F 410 365 257 281 425059 817 187 387 201 1005 170 199 285 151 290 940 330 838 136 283 340
465 490957 E 381 227 227 484097 236 721 186 281 375 821 175 191 209 259 383 694 303 212 228 260 491
466 416202 L 261 157 93 138 282 484 153 241 86 411894 74 105 384 105 358 348 127 409 104 167 232
467 438051 S 60 146 40 77 102 280 85 150 93 609 91 129 161 134 372 434507 236 192 178 139 270
468 480108 D 221 163 476552 163 100 601 58 132 62 183 60 118 78 59 299 354 197 293 96 157 162
469 554231 E 407 218 256 547095 411 657 159 386 453 600 83 195 346 191 478 538 351 654 98 296 359
470 595630 R 425 243 165 249 217 1225 224 272 315 746 355 176 579 293 587807 676 511 537 168 165 282
471 584016 A 577177 160 119 202 113 1076 223 191 144 530 108 153 830 151 471 418 621 811 175 167 176
472 597288 A 594524 44 42 107 86 164 38 111 41 117 23 58 251 24 38 318 412 796 7 60 27
473 642856 N 72 38 110 76 58 227 93 60 117 139 11 640665 257 87 189 199 96 117 49 89 107
474 632996 P 197 63 38 125 39 564 53 47 58 316 1 34 630015 205 438 250 147 173 100 36 97
475 605338 I 202 134 150 215 148 695 75 600893 163 304 126 207 98 95 426 279 201 429 155 113 230
476 555868 V 291 86 87 188 78 697 76 100 102 370 340 73 196 94 454 275 123 551832 152 73 181
477 544515 P 197 93 114 99 99 199 163 140 107 295 32 85 541544 71 264 351 223 218 59 64 98
478 521645 S 250 170 89 121 118 401 60 77 74 252 42 56 364 61 261 518493 192 239 83 104 138
479 583011 F 168 138 75 121 579867 364 47 133 58 533 62 46 110 61 241 221 89 298 85 112 182
480 587856 D 126 59 585529 130 24 498 82 56 25 108 15 128 130 22 190 134 188 182 52 108 70
481 515061 M 199 111 60 97 75 262 76 226 60 248 511937 57 146 77 287 263 196 357 114 72 141
482 636885 S 206 216 79 130 41 1277 34 158 59 137 36 171 163 29 390 633028 153 338 99 42 99
483 712138 N 92 61 107 39 31 227 38 69 93 79 44 710504 58 27 148 124 62 132 68 73 62
484 643087 E 115 52 112 641296 26 332 28 26 111 109 17 29 89 53 163 100 74 142 43 29 141
485 585294 G 113 49 42 105 66 583580 42 35 39 158 18 37 67 54 214 122 75 204 39 34 201
486 595824 S 79 49 28 40 81 193 36 42 29 123 15 43 169 44 118 594366 78 107 40 80 64
487 596497 Y 53 109 47 35 63 155 238 84 44 118 20 49 29 33 97 106 54 111 44 594916 92
488 584595 F 59 47 34 64 582941 163 37 92 41 231 21 59 43 56 124 164 57 127 32 82 121
489 561539 F 63 20 30 41 560162 213 29 71 27 251 27 21 53 28 90 143 40 78 26 60 66
490 558771 G 124 35 43 85 60 556980 24 69 38 130 16 35 85 29 327 117 74 255 37 57 151
491 567355 D 108 47 565224 153 68 359 69 81 38 158 41 79 78 42 133 122 71 262 39 79 104
492 575466 N 34 79 142 30 45 100 55 117 131 96 46 573802 58 53 149 224 87 49 32 82 55
493 675043 A 672031 24 53 197 66 353 36 99 56 193 50 51 128 46 277 266 351 573 31 58 104
494 562929 E 250 83 195 559378 63 813 66 73 121 219 34 54 172 105 368 208 92 259 108 60 208
495 547967 E 215 75 122 544830 41 781 24 55 125 189 34 60 179 73 376 159 110 211 100 29 179
496 526339 Y 141 280 82 74 81 391 146 63 45 162 34 75 115 35 280 190 68 167 102 523620 188
497 488224 D 302 138 483600 222 76 1066 115 103 84 287 44 222 178 90 486 261 173 367 129 144 137
498 376913 N 897 396 302 370 325 1680 313 434 351 1041 162 365059 664 286 1341 768 523 838 328 298 537
