# amino-acid counts among definitively called codons
# POSITION TOTAL_COUNTS WT N_A N_C N_D N_E N_F N_G N_H N_I N_K N_L N_M N_N N_P N_Q N_R N_S N_T N_V N_W N_Y N_STOP
1 511908 M 0 1 0 0 1 0 4 178 42 46 511410 0 0 0 3 0 83 137 3 0 0
2 489573 A 486970 65 54 79 39 342 99 60 56 178 9 63 402 79 231 151 201 377 28 46 44
3 511925 S 198 81 67 64 92 97 116 62 41 154 10 51 404 50 168 509778 238 77 37 73 67
4 513693 Q 271 71 108 111 109 218 229 196 202 506 22 161 730 508827 518 403 403 182 78 117 231
5 468138 G 175 112 189 28 42 466105 111 53 22 164 11 34 266 64 169 232 163 97 10 49 42
6 416064 T 167 75 48 46 59 138 138 144 86 213 20 132 265 65 114 253 413772 107 19 120 83
7 414251 K 228 63 95 126 77 166 121 170 411049 224 50 179 459 121 218 263 301 147 30 68 96
8 365283 R 97 19 38 48 58 134 100 84 83 252 32 64 303 180 363055 159 167 108 178 53 71
9 371382 S 172 45 73 61 77 162 97 77 66 212 21 82 271 120 223 368996 199 180 35 109 104
10 398927 Y 204 153 59 67 61 269 186 147 74 282 45 107 334 68 271 246 254 117 73 395770 140
11 361549 E 91 37 59 359840 39 189 17 71 80 164 17 72 166 44 138 134 133 109 15 39 95
12 334356 Q 206 73 53 61 69 152 195 82 67 318 38 92 392 331390 279 281 248 105 42 57 156
13 410149 M 187 72 82 85 58 214 198 297 146 276 406662 124 390 119 273 252 266 194 52 79 123
14 403831 E 172 43 73 401173 31 312 90 81 95 184 17 53 540 105 212 236 147 127 28 42 70
15 381734 T 137 24 43 34 24 94 56 71 44 91 25 55 212 46 141 136 380356 68 15 27 35
16 429368 D 102 24 427949 75 18 157 59 36 42 89 26 86 122 37 129 96 104 100 12 45 60
17 425062 G 124 44 56 94 42 422937 79 88 65 144 14 60 245 81 289 178 165 133 98 74 52
18 422051 E 196 64 63 419785 13 213 96 64 200 120 15 43 408 67 157 162 163 85 11 28 98
19 428817 R 132 212 27 23 38 171 376 43 53 180 7 40 277 84 426706 157 137 55 24 32 43
20 440337 Q 206 83 58 110 52 192 212 102 112 270 54 90 317 437023 647 193 180 148 47 63 178
21 424668 N 156 51 103 71 45 162 118 164 123 228 49 421962 304 100 238 273 234 107 21 89 70
22 437816 A 433581 72 130 114 75 285 167 156 105 268 42 151 439 135 368 436 528 451 49 106 158
23 457282 T 313 65 88 73 64 164 206 153 140 266 48 109 400 129 390 337 453854 165 50 112 156
24 438133 E 178 79 143 434678 91 334 135 138 155 327 33 112 216 141 267 271 301 204 49 98 183
25 394770 I 87 48 72 33 68 99 107 392626 84 145 57 100 298 81 174 202 207 115 17 70 80
26 421597 R 99 74 41 71 28 414 72 92 105 134 25 64 416 75 419202 192 187 91 47 57 111
27 405838 A 403624 20 37 86 45 257 49 42 53 177 29 26 288 67 164 178 207 344 29 40 76
28 434078 S 156 77 53 60 80 165 86 49 47 185 24 31 250 63 177 432087 149 119 35 111 74
29 417124 V 171 33 87 45 58 105 60 167 32 132 24 43 174 39 128 121 89 415491 14 45 66
30 434575 G 132 33 38 98 45 432693 66 40 15 182 10 12 259 61 368 99 124 120 64 44 72
31 431874 K 108 42 48 109 51 136 54 69 429888 146 35 106 195 63 224 185 153 88 24 54 96
32 423579 M 128 95 74 92 52 179 95 221 107 210 420876 111 170 101 253 198 177 187 34 102 117
33 426646 I 68 67 59 88 112 159 95 424437 81 226 23 139 56 117 213 192 77 167 37 97 136
34 422964 D 199 48 420107 131 36 334 117 114 101 197 49 138 174 95 193 229 276 186 44 98 98
35 383872 G 164 67 75 118 48 381707 96 82 62 153 16 66 210 65 279 201 146 104 26 61 126
36 399621 I 73 16 16 20 50 78 78 398224 38 128 29 60 209 59 143 107 113 102 5 27 46
37 374483 G 93 25 30 55 27 373432 19 48 32 59 9 34 101 27 147 86 68 73 17 16 85
38 342921 R 82 0 18 33 22 13 51 52 8 170 17 56 296 157 341550 78 110 45 0 26 137
39 372477 F 102 50 52 26 370598 95 71 74 44 262 23 38 306 50 170 178 131 77 10 60 60
40 359102 Y 145 166 60 70 69 230 156 119 101 163 31 113 126 10 246 187 199 137 42 356562 170
41 322383 I 92 47 37 38 50 115 58 320822 49 112 36 60 143 51 101 127 177 90 20 70 88
42 316436 Q 99 50 41 54 35 103 81 92 121 198 17 52 221 314612 209 127 118 53 19 34 100
43 307456 M 72 20 22 18 26 30 29 122 51 78 306452 22 97 27 54 64 132 79 11 19 31
44 332105 C 53 331134 12 13 34 53 30 22 20 52 11 25 94 10 136 122 70 26 25 122 41
45 320455 T 115 39 47 33 16 67 42 82 26 82 16 44 174 42 115 116 319282 42 18 21 36
46 350504 E 104 43 68 349216 16 101 42 49 76 104 5 34 127 54 95 108 77 78 5 36 66
47 404837 L 49 12 19 16 55 44 44 45 23 403905 12 30 183 32 105 70 82 29 11 35 36
48 411298 K 42 4 17 66 33 44 21 69 410286 107 5 107 71 37 75 59 67 34 8 46 100
49 410891 L 350 132 149 143 130 301 216 188 158 406036 68 169 571 228 554 445 399 235 61 146 212
50 409464 S 246 157 95 101 95 725 168 140 103 367 27 117 607 101 583 405024 304 217 89 101 97
51 455501 D 129 15 453376 118 78 157 67 115 66 154 57 125 220 40 43 113 182 229 17 127 73
52 483276 Y 245 194 118 124 107 365 164 175 97 270 53 127 184 68 251 353 243 217 77 479670 174
53 462346 E 268 67 204 459024 59 476 111 103 138 185 45 77 298 102 230 259 229 189 55 68 159
54 421438 G 181 41 49 137 43 419591 26 53 41 157 16 18 204 78 280 125 112 140 73 30 43
55 397823 R 126 41 48 43 56 175 93 60 18 254 19 43 362 208 395621 85 125 82 38 36 290
56 395139 L 193 78 46 58 40 208 153 81 83 392460 37 58 511 144 325 210 156 133 31 58 76
57 416483 I 157 58 68 88 87 241 97 413797 76 251 65 85 190 73 296 220 204 206 38 73 113
58 400780 Q 160 103 68 120 78 317 189 105 99 355 48 83 403 397088 518 289 196 198 92 80 191
59 386011 N 343 159 172 171 107 434 173 188 179 454 76 381263 314 152 461 316 282 343 103 146 175
60 311663 S 142 81 33 35 39 219 58 54 47 156 35 81 152 37 174 309989 112 74 36 45 64
61 309084 L 121 38 74 38 65 117 54 62 59 307527 24 59 85 53 147 199 82 112 22 45 101
62 288786 T 266 74 73 61 72 138 161 158 91 247 25 103 419 117 268 345 285836 121 35 76 100
63 305212 I 116 74 54 44 60 125 98 302758 75 254 165 86 270 73 199 191 204 124 24 115 103
64 314435 E 140 55 98 312015 54 220 107 101 107 205 23 70 319 75 193 186 171 121 23 49 103
65 303364 R 146 31 44 46 88 153 47 122 118 187 24 43 276 48 301374 208 149 96 10 69 85
66 317538 M 13 15 11 17 17 11 20 92 37 43 316984 19 34 14 20 32 62 47 15 15 20
67 310305 V 56 4 3 35 3 58 3 6 0 37 48 2 20 9 27 22 14 309927 14 5 12
68 333293 L 49 14 8 11 67 32 60 42 17 332374 6 22 256 37 108 53 44 49 7 14 23
69 347044 S 96 53 39 58 75 104 51 44 39 136 26 44 246 50 119 345530 119 86 17 58 54
70 365865 A 363876 60 107 43 32 167 103 82 61 167 18 47 154 71 158 154 315 136 16 49 49
71 354635 F 125 51 33 36 352864 117 54 68 40 241 21 63 140 54 128 168 122 120 42 80 68
72 354281 D 115 40 352663 80 30 222 105 44 39 93 16 86 182 36 104 103 100 87 31 69 36
73 330993 E 82 20 52 329724 28 136 39 32 91 117 14 20 143 30 92 83 67 99 17 41 66
74 338085 R 91 28 33 43 28 184 66 59 66 130 12 35 187 39 336659 121 119 60 23 33 69
75 347417 R 103 27 40 23 35 188 33 59 91 118 100 50 127 35 345872 166 126 67 57 52 48
76 376571 N 92 46 88 37 33 79 36 82 92 103 13 375185 155 26 121 118 102 59 16 54 34
77 381109 K 152 45 49 142 39 124 50 84 379154 132 18 76 177 54 224 137 137 102 37 63 113
78 307927 Y 90 83 40 48 39 101 81 75 70 167 49 76 98 44 154 136 90 61 26 306300 99
79 305399 L 126 64 77 99 68 183 89 87 95 303008 53 83 332 91 229 205 188 136 24 65 97
80 287406 E 253 98 99 283722 100 178 165 156 148 369 41 156 427 144 283 293 271 205 24 104 170
81 276413 E 153 94 119 273491 81 227 113 124 200 235 43 105 205 114 232 225 189 194 37 82 150
82 311754 H 103 69 79 94 38 199 309268 130 98 221 46 137 153 119 277 191 102 151 39 125 115
83 395067 P 286 101 104 137 95 373 133 159 117 372 55 89 391399 98 377 308 243 246 89 99 187
84 395122 S 227 117 98 54 88 502 66 198 79 133 27 111 145 46 326 392335 164 140 67 102 97
85 417664 A 414964 89 88 115 65 340 82 82 40 209 19 43 202 88 356 225 240 248 42 50 77
86 456458 G 241 51 93 196 78 453314 132 134 112 241 26 79 323 104 362 189 186 259 111 65 162
87 476478 K 280 55 57 368 118 338 143 138 472060 305 65 331 372 116 448 331 290 282 70 108 203
88 486660 D 284 115 482112 163 81 610 199 175 97 404 60 159 396 144 388 266 247 312 141 142 165
89 443242 P 569 219 144 215 215 531 238 251 200 667 94 219 436642 197 681 664 471 461 99 179 286
90 444397 K 327 198 163 273 204 504 125 271 439024 474 116 229 117 142 559 415 262 378 140 139 337
91 406494 K 232 106 90 158 93 118 87 157 403025 354 57 136 298 99 365 287 277 239 62 111 143
92 365180 T 133 41 40 45 42 98 67 77 53 124 15 71 207 51 173 146 363610 64 23 47 53
93 359438 G 150 34 34 66 27 358044 53 35 33 56 15 46 117 37 210 122 92 122 25 42 78
94 338878 G 59 14 21 45 20 337919 31 25 15 67 15 22 96 40 186 57 47 72 17 20 90
95 348702 P 70 18 16 19 7 32 92 34 10 118 13 15 347853 32 98 117 76 40 5 12 25
96 375239 I 80 44 34 45 40 97 43 373762 66 173 59 33 156 38 94 97 144 104 15 56 59
97 389315 Y 135 105 66 47 99 107 105 83 46 169 32 64 124 53 130 148 118 98 24 387460 102
98 336448 K 120 54 35 182 55 108 90 71 334235 188 34 92 283 76 301 122 157 94 24 43 84
99 252486 R 111 45 33 49 40 146 59 59 31 128 28 28 200 63 251045 144 69 92 21 25 70
100 249829 V 168 56 33 60 64 110 111 130 31 212 20 65 394 108 132 260 165 247561 19 55 75
101 293642 D 130 35 291548 55 42 161 97 85 57 184 22 87 265 72 186 192 156 126 20 62 60
102 299811 R 174 36 41 47 39 191 67 91 65 146 17 73 229 44 297940 183 169 89 22 51 97
103 315591 K 73 22 14 70 11 74 38 24 314569 60 15 55 156 27 126 75 71 45 15 19 32
104 323087 W 125 78 35 31 58 76 81 57 30 211 18 37 261 56 195 172 95 78 321177 64 152
105 331836 M 51 41 15 21 16 68 52 119 45 150 330717 35 106 28 82 56 60 102 14 23 35
106 348511 R 59 23 16 15 13 215 35 40 57 91 82 16 126 22 347366 109 92 34 61 15 24
107 346643 E 37 13 34 345714 11 109 26 20 183 67 5 18 72 38 42 68 34 57 10 23 62
108 347710 L 75 32 22 20 63 100 64 35 11 346633 4 25 197 22 128 86 56 74 8 29 26
109 337219 V 113 26 60 29 33 165 35 123 33 84 12 23 151 36 139 104 63 335906 31 27 26
110 368311 L 87 25 52 29 76 84 74 92 31 366785 18 30 301 52 180 90 71 96 7 78 53
111 362766 Y 80 128 32 50 86 133 143 67 41 149 33 69 92 54 131 153 77 93 26 361027 102
112 328889 D 139 48 326913 86 23 211 82 64 37 164 15 115 202 48 117 135 134 142 35 115 64
113 307965 K 160 41 30 67 55 130 80 102 305810 198 27 70 276 68 223 219 141 100 25 68 75
114 367723 E 89 53 57 365940 49 142 77 63 80 193 11 56 160 67 143 156 126 116 13 42 90
115 414844 E 62 45 68 413128 36 157 52 54 166 112 25 59 144 79 138 149 98 91 29 52 100
116 440133 I 105 87 66 61 82 188 89 437391 98 280 241 89 251 86 179 198 238 171 34 81 118
117 422147 R 89 72 52 90 55 304 69 71 117 168 124 75 143 56 419953 228 163 106 76 39 97
118 413095 R 78 26 15 13 18 65 83 36 24 144 13 19 161 171 411918 68 45 48 6 20 124
119 438789 I 43 21 12 16 26 45 18 438054 17 50 21 46 46 6 37 77 119 83 5 18 29
120 414938 W 75 85 27 39 13 110 28 26 38 128 29 13 88 36 273 108 58 49 413518 32 165
121 427269 R 166 252 26 64 41 147 295 74 34 201 29 46 334 36 424895 239 150 120 27 36 57
122 407086 Q 182 53 64 84 21 265 131 41 103 124 15 52 311 404550 388 156 108 166 60 41 171
123 464997 A 462555 92 90 68 37 297 63 66 60 163 13 50 221 75 188 242 237 310 38 40 92
124 511223 N 105 79 166 68 80 157 157 149 137 240 23 508491 265 73 207 248 154 157 58 101 108
125 498090 N 191 99 176 92 100 188 139 189 149 350 67 494617 207 96 301 328 219 185 54 181 162
126 397522 G 213 134 129 99 83 394444 105 117 75 240 38 89 264 106 285 329 212 249 59 104 148
127 393488 D 182 85 390783 123 87 315 125 103 82 164 19 137 190 67 245 207 194 152 26 122 80
128 382306 D 114 70 380172 97 47 225 64 71 61 197 66 109 124 63 153 149 134 164 35 93 98
129 386658 A 384387 57 59 85 45 189 50 81 62 130 46 81 164 34 155 188 396 270 22 68 89
130 343329 T 120 45 11 21 51 54 69 103 74 129 18 48 106 46 107 146 341984 62 19 43 73
131 318254 A 317010 25 58 31 20 116 49 39 27 100 18 26 129 42 111 112 145 110 6 32 48
132 379840 G 124 78 90 45 44 378423 31 87 50 108 18 51 83 38 95 159 89 91 23 49 64
133 397184 L 93 30 65 43 38 145 80 47 50 395382 43 50 359 62 187 160 116 101 26 36 71
134 460745 T 346 71 98 87 40 291 196 204 98 254 10 97 738 143 332 292 457158 110 8 76 96
135 475411 H 169 81 97 60 77 172 472075 146 144 326 48 136 267 153 410 315 261 115 41 169 149
136 497233 M 266 131 116 171 92 262 202 310 238 335 492682 185 257 91 397 297 392 380 72 122 235
137 503590 M 245 64 65 79 55 123 148 188 114 259 500569 81 312 85 327 254 177 235 40 65 105
138 449402 I 112 46 70 25 48 113 60 447656 82 137 49 91 148 54 172 148 149 122 11 60 49
139 424830 W 71 81 29 27 19 93 31 19 40 106 9 14 79 23 367 67 68 26 423383 32 246
140 403037 H 52 10 32 12 22 52 402042 28 21 97 6 62 107 34 125 48 76 45 6 141 19
141 400143 S 53 30 31 26 58 68 27 37 25 73 12 48 190 21 56 399144 95 39 9 53 48
142 396330 N 67 17 102 44 11 71 57 77 66 86 2 395116 117 29 76 114 98 64 14 48 54
143 387931 L 61 41 37 52 88 105 51 43 56 386529 32 53 149 49 117 174 95 64 19 30 86
144 371785 N 61 24 158 28 21 78 58 67 88 77 14 370394 74 51 129 186 100 52 15 65 45
145 362486 D 17 28 361154 50 49 99 45 64 41 118 17 59 136 40 91 125 108 117 11 83 34
146 354229 T 245 26 28 42 16 108 35 122 54 74 14 34 151 25 117 126 352858 77 10 30 37
147 445759 T 220 42 21 37 20 109 31 92 36 79 15 24 142 35 155 142 444402 60 29 34 34
148 409672 Y 120 112 44 46 56 142 116 65 68 127 24 51 167 55 164 144 112 95 38 407846 80
149 412825 Q 115 52 66 63 37 181 127 57 64 216 29 40 208 410578 434 136 75 131 47 47 122
150 392976 R 91 36 47 47 24 219 26 28 167 86 46 32 101 34 391621 117 86 84 39 18 27
151 428112 T 208 23 67 76 31 122 81 126 95 165 11 64 248 77 144 162 426210 93 13 48 48
152 450521 R 230 83 81 86 88 344 90 168 110 310 35 80 243 88 447558 268 216 172 31 83 157
153 498134 A 495137 80 95 79 86 232 113 112 75 297 29 108 287 77 264 338 301 186 44 91 103
154 533039 L 213 112 115 130 123 327 126 166 145 529318 55 97 333 150 398 284 273 256 99 107 212
155 543425 V 254 83 95 138 97 351 74 192 111 319 48 91 254 119 366 255 257 539971 48 73 229
156 553220 R 343 370 146 121 78 327 578 142 87 403 61 119 419 148 548575 383 295 293 76 94 162
157 555593 T 492 103 120 99 78 312 154 338 109 336 58 177 455 99 402 386 551304 258 27 114 172
158 567014 G 387 227 515 92 114 562100 152 96 84 377 21 54 481 121 634 660 265 261 46 94 233
159 585988 M 379 66 160 146 161 318 269 519 203 509 579655 196 690 119 561 530 527 482 49 220 229
160 656212 D 416 165 650171 197 136 914 221 288 188 438 56 263 415 144 478 386 340 446 120 201 229
161 587748 P 248 157 151 156 156 588 249 211 197 589 54 156 582130 167 605 580 370 385 137 184 278
162 558285 R 401 149 162 273 186 983 176 225 353 648 185 234 317 198 551969 516 290 406 164 159 291
163 514624 M 240 110 156 125 95 359 134 294 178 455 510182 171 132 125 391 320 317 349 120 162 209
164 504728 C 227 500727 79 78 133 255 126 167 126 327 53 109 286 99 357 353 273 197 98 499 159
165 476185 S 208 119 88 82 160 297 120 112 127 293 27 127 372 82 337 472881 247 151 53 169 133
166 473475 L 110 135 82 119 88 304 62 156 118 470088 105 92 355 135 487 303 184 214 81 90 167
167 463932 M 112 83 70 60 64 219 60 389 104 283 461102 69 144 68 214 178 236 242 59 56 120
168 432618 Q 163 70 78 93 54 150 165 105 97 300 45 85 227 429440 608 178 193 140 51 68 308
169 401424 G 142 97 122 55 49 399405 54 76 68 161 19 75 126 56 215 230 120 169 60 46 79
170 428323 S 125 64 45 34 62 104 62 49 55 416 16 60 199 64 213 426319 124 104 56 61 91
171 422078 T 194 39 25 19 47 177 57 101 47 171 18 62 263 75 202 209 420137 111 34 42 48
172 453783 L 198 95 84 82 144 290 121 153 89 450448 40 54 481 134 345 268 210 228 67 104 148
173 586698 P 320 118 91 134 143 331 259 166 156 526 71 149 582157 84 450 483 281 280 75 173 251
174 593058 R 154 84 76 81 182 407 141 207 175 519 102 117 343 88 588957 449 293 190 99 175 219
175 486928 R 140 36 51 72 45 318 54 68 150 198 80 39 153 103 484690 163 189 132 108 40 99
176 520341 S 152 104 56 67 144 156 100 104 70 224 55 82 256 43 177 517934 185 139 43 138 112
177 538395 G 65 49 46 105 71 536410 72 88 61 220 22 36 143 64 292 169 68 139 41 59 175
178 519225 A 516910 66 92 50 66 200 71 73 47 136 41 59 302 66 195 246 219 218 40 51 77
179 533917 A 531741 43 42 72 38 134 53 43 38 106 25 60 123 26 135 196 602 308 24 55 53
180 545746 G 89 145 101 23 40 544351 32 46 31 165 11 37 77 27 157 117 57 139 24 38 39
181 542354 A 539601 80 120 76 84 164 85 92 66 237 34 68 200 69 216 241 509 227 30 53 102
182 557217 A 553324 82 85 141 63 377 119 76 72 211 18 68 240 83 313 266 658 855 42 57 67
183 595271 V 159 102 112 57 123 357 117 184 68 336 31 92 245 99 340 255 166 592147 53 73 155
184 604130 K 271 116 89 266 69 405 114 196 599758 301 52 385 167 192 516 315 223 266 89 85 255
185 512100 G 364 103 138 250 65 508219 131 167 112 222 74 139 269 142 461 324 277 234 69 105 235
186 496600 V 281 116 120 92 111 327 88 251 122 232 63 102 279 109 350 247 196 493198 54 86 176
187 489195 G 238 85 75 169 39 486424 92 72 74 206 27 102 254 94 380 189 223 159 135 65 93
188 391038 T 194 46 47 59 59 180 52 141 79 144 22 71 164 81 170 192 389086 108 40 35 68
189 326499 M 86 35 20 48 44 122 45 167 85 163 324749 48 129 55 169 125 114 138 37 63 57
190 314439 V 162 37 54 80 44 169 46 33 47 124 49 39 84 46 149 91 91 312979 15 42 58
191 302389 M 97 47 44 28 23 105 49 131 57 111 300888 29 132 45 144 121 130 100 20 37 51
192 279415 E 90 28 45 278111 17 228 47 30 53 97 14 31 100 54 120 87 51 83 29 34 66
193 339101 L 88 54 48 31 74 100 42 45 44 337619 37 27 141 57 139 221 70 93 33 47 91
194 402459 I 172 65 80 70 34 306 138 399724 58 233 89 73 452 74 221 159 210 140 31 62 68
195 381188 R 157 59 40 35 43 292 103 39 88 192 132 60 388 63 378804 220 193 74 78 55 73
196 396490 M 151 80 33 64 38 261 75 185 70 190 394027 57 278 64 284 127 198 147 47 46 68
197 423762 I 163 35 46 55 84 162 53 421784 26 144 34 119 243 40 153 163 153 154 33 43 75
198 402580 K 48 27 40 126 20 90 27 27 401419 76 1 61 94 43 119 84 105 55 15 31 72
199 379297 R 68 99 22 15 21 108 115 19 29 88 11 24 160 45 378129 101 93 65 30 21 34
200 375374 G 84 39 27 77 19 374270 53 32 39 60 12 21 76 31 186 77 57 84 75 19 36
201 376130 I 128 41 45 48 67 132 63 374472 26 110 31 68 165 52 147 122 117 164 25 39 68
202 385981 N 81 23 179 38 13 77 54 59 58 145 27 384340 232 58 129 163 121 58 26 57 43
203 364732 D 95 37 363023 107 49 191 33 73 55 121 33 104 79 30 149 149 88 136 37 85 58
204 379609 R 171 60 67 58 73 230 46 127 64 239 33 68 155 171 377239 186 149 115 184 70 104
205 396818 N 99 48 111 64 81 175 77 76 71 176 21 394629 196 74 172 276 112 106 59 87 108
206 461011 F 160 23 49 82 458843 127 57 89 65 276 17 71 328 61 169 180 106 137 36 57 78
207 474770 W 187 83 51 40 85 204 100 92 43 318 33 65 354 61 518 269 152 154 471703 64 194
208 358542 R 153 46 43 68 43 320 102 120 84 218 23 56 354 73 356130 243 151 92 43 63 117
209 385592 G 106 79 103 53 32 384129 64 47 20 127 14 45 126 33 113 142 89 137 29 31 73
210 407870 E 108 36 58 406222 25 243 55 49 121 112 3 50 100 46 138 83 103 115 30 25 148
211 396527 N 98 28 82 27 31 97 61 87 43 121 47 395090 125 24 145 165 66 73 29 43 45
212 373214 G 117 50 31 87 34 371756 21 56 43 124 24 29 117 33 196 136 64 115 17 53 111
213 366451 R 99 36 28 34 41 109 92 43 29 193 14 38 248 179 364752 113 111 60 20 37 175
214 360543 K 80 39 35 76 47 113 53 48 359213 105 19 46 89 36 144 107 93 78 23 32 67
215 359342 T 104 20 15 18 25 72 38 48 35 66 5 29 125 60 76 91 358432 41 9 14 19
216 336133 R 41 24 15 17 11 233 24 23 54 48 68 18 60 11 335163 119 55 54 38 25 32
217 311549 S 55 62 13 49 27 139 37 35 27 86 19 94 99 32 148 310391 80 70 17 30 39
218 326129 A 325301 19 59 26 9 113 18 32 12 45 11 23 46 10 74 86 81 122 14 12 16
219 324579 Y 37 44 26 18 34 72 75 28 14 49 4 27 54 13 72 58 54 36 15 323768 81
220 333047 E 32 5 62 332308 26 141 11 24 68 47 11 13 45 18 36 38 21 59 9 12 61
221 299207 R 65 18 29 41 10 145 27 43 89 91 12 14 57 21 298278 60 52 55 16 27 57
222 266563 M 20 16 5 12 15 33 12 81 29 43 266005 6 41 22 29 38 44 50 8 30 24
223 325305 C 1 324953 1 2 18 11 1 2 0 14 0 0 10 1 66 49 5 4 16 134 17
224 336440 N 8 5 55 5 5 33 12 37 31 16 5 336086 4 6 20 50 7 14 6 27 8
225 347698 I 11 3 3 8 22 18 4 347384 4 20 5 21 14 9 23 28 49 53 5 2 12
226 362560 L 12 2 4 4 32 16 51 22 0 362218 1 4 110 5 20 17 10 21 0 4 7
227 374069 K 13 3 5 59 10 34 7 27 373651 30 1 41 34 17 64 19 14 13 4 1 22
228 382334 G 32 23 15 42 15 381800 19 13 2 40 3 5 58 13 105 41 12 37 8 17 34
229 391136 K 70 19 20 68 19 147 34 41 389971 74 16 74 89 34 119 101 74 51 42 22 51
230 407481 F 62 38 16 21 406300 120 30 79 24 211 18 14 60 32 104 127 61 52 15 59 38
231 385483 Q 95 36 44 33 40 100 80 64 87 121 14 49 203 383678 356 141 94 69 34 37 108
232 364692 T 113 30 18 16 21 58 43 84 54 84 12 42 164 35 93 94 363642 45 4 16 24
233 360706 A 359223 67 60 33 21 141 72 24 42 88 7 28 176 40 163 140 119 165 19 34 44
234 319708 A 318427 28 21 54 32 121 30 30 14 82 10 32 92 23 81 113 310 136 21 28 23
235 313891 Q 77 12 36 41 32 99 55 29 35 101 12 10 93 312789 140 75 57 77 20 30 71
236 309354 R 60 41 47 65 42 314 46 59 95 149 75 45 225 63 307526 147 98 104 55 38 60
237 309429 A 307376 67 57 69 46 207 51 76 56 143 42 45 147 51 159 217 189 295 35 50 51
238 322906 M 27 52 37 56 50 153 57 180 96 164 320776 93 173 60 213 187 176 155 36 58 107
239 289197 M 87 40 48 45 32 145 36 154 63 150 287552 33 80 34 141 127 120 182 39 30 59
240 344132 D 94 34 342733 81 19 285 59 33 37 82 13 74 75 35 114 75 50 123 30 55 31
241 328038 Q 166 78 76 83 73 222 104 103 103 240 34 65 202 325362 398 207 157 147 39 61 118
242 378316 V 186 46 53 95 60 221 59 58 44 245 90 41 210 50 217 164 103 376197 61 32 84
243 378623 R 133 61 57 66 59 281 63 100 121 197 21 65 215 61 376397 244 119 144 40 48 131
244 375503 E 229 60 74 373070 51 263 64 99 133 199 21 65 261 57 149 140 176 181 43 74 94
245 403661 S 125 83 30 53 24 275 53 55 56 167 28 96 145 46 283 401789 118 93 26 51 65
246 395665 R 68 38 45 50 35 84 40 58 50 184 19 32 84 178 394229 119 87 72 118 25 50
247 400883 N 66 36 96 56 31 95 32 66 75 92 15 399693 34 27 89 123 50 66 20 59 62
248 423140 P 65 41 18 19 14 65 58 41 38 156 24 29 422011 90 139 93 66 58 20 30 65
249 445439 G 89 57 46 97 38 443710 59 60 58 132 19 44 87 56 287 115 93 138 46 64 144
250 430693 N 187 88 103 118 66 247 91 151 103 278 54 427768 188 96 281 245 160 194 62 106 107
251 455342 A 454120 27 41 40 17 102 17 25 55 85 6 10 85 23 88 89 207 227 19 13 46
252 440784 E 83 45 66 439095 36 248 40 42 108 135 20 43 156 55 140 104 83 107 35 33 110
253 457739 I 89 47 34 38 42 130 22 456596 22 86 17 39 51 24 134 62 84 115 21 22 64
254 444823 E 9 6 32 444311 1 105 8 4 141 18 2 2 13 34 19 15 4 39 4 0 56
255 447588 D 86 31 446262 73 49 140 47 39 31 141 15 68 115 38 83 97 52 98 24 50 49
256 427261 L 94 75 48 54 145 158 92 95 57 425256 35 76 260 48 191 153 91 157 28 68 80
257 430249 I 101 48 43 42 79 111 60 428456 21 220 21 51 248 61 173 147 84 125 21 61 76
258 390979 F 124 51 33 60 388730 151 73 119 95 277 43 67 224 64 181 236 157 100 43 72 79
259 380050 L 96 36 36 41 56 122 83 62 77 378413 55 30 214 76 124 146 84 110 48 55 86
260 386244 A 384903 28 20 73 20 97 40 31 27 72 11 23 101 22 80 127 198 292 16 24 39
261 331360 R 44 11 13 11 17 63 42 17 16 92 4 10 76 126 330451 56 46 23 206 16 20
262 406824 S 98 63 41 43 93 104 45 65 65 116 18 45 174 49 123 405313 110 106 24 77 52
263 400648 A 398249 62 73 109 37 194 74 82 76 151 19 38 132 47 170 212 400 375 39 40 69
264 343120 L 135 47 41 64 110 244 118 90 67 341043 18 62 188 77 203 154 80 168 35 62 114
265 372696 I 175 106 77 92 70 212 140 369684 144 280 90 79 256 59 359 208 250 181 25 98 111
266 394759 L 169 61 45 107 99 271 60 108 69 392231 74 51 203 99 267 290 128 188 63 44 132
267 399241 R 234 52 58 75 51 376 91 121 101 265 31 66 515 67 396309 273 210 144 24 73 105
268 449241 G 28 42 33 66 19 447918 32 22 42 82 9 32 242 37 238 101 77 72 81 20 48
269 485276 S 77 29 26 24 33 74 64 40 28 210 17 33 321 40 117 483780 130 80 17 45 91
270 498989 V 172 44 73 47 84 159 59 122 51 187 15 48 193 62 220 146 105 497055 34 52 61
271 492284 A 490236 52 64 63 37 158 55 63 49 137 29 58 166 38 209 193 283 251 33 48 62
272 504312 H 289 152 71 137 147 362 498931 254 140 508 77 193 690 254 560 408 351 323 82 212 171
273 504969 K 252 160 152 277 219 332 150 389 499123 692 103 334 214 209 488 467 337 402 61 225 383
274 488258 S 312 176 124 131 214 203 173 199 107 441 68 113 510 139 236 484075 326 276 62 168 205
275 460979 C 255 455819 130 112 199 403 199 195 148 496 63 174 453 89 620 473 331 267 109 194 250
276 401858 L 114 79 26 19 44 170 77 81 45 399799 58 63 199 85 287 191 180 134 97 49 61
277 337199 P 191 58 45 69 43 212 131 85 59 240 22 93 334586 64 291 487 249 133 51 25 65
278 312453 A 310037 69 92 77 71 214 52 75 91 168 30 68 202 62 183 201 323 277 43 41 77
279 289420 C 172 286428 51 78 56 243 83 92 29 238 13 37 264 44 733 248 93 171 81 146 120
280 277138 V 180 77 66 122 40 115 38 70 57 208 83 56 113 59 170 147 102 275223 60 48 104
281 208517 Y 58 85 72 91 89 187 127 131 78 243 51 81 69 51 169 188 84 125 69 206286 183
282 164699 G 303 113 84 138 89 161626 70 85 69 293 50 62 247 110 410 229 152 244 109 68 148
283 197747 P 253 69 54 86 69 286 108 79 62 321 44 58 194959 78 416 314 102 198 56 45 90
284 336541 A 335330 10 40 25 18 100 20 22 30 40 8 8 95 43 89 81 306 179 15 25 57
285 330363 V 155 52 29 51 44 81 83 161 33 163 12 31 260 28 132 123 52 328770 25 30 48
286 370289 A 369448 21 22 6 14 34 35 20 6 77 5 26 118 39 54 85 119 72 27 31 30
287 440435 S 2 51 4 0 3 49 4 34 1 10 0 43 8 13 59 440073 76 1 1 2 1
288 478128 G 40 56 72 15 5 477558 9 17 7 39 4 7 12 3 47 107 15 72 20 3 20
289 478410 Y 39 71 17 15 33 71 211 22 14 52 9 27 37 18 69 28 20 49 10 477546 52
290 508376 D 20 23 507519 30 24 88 27 32 15 50 3 128 79 26 82 80 34 36 13 40 27
291 492017 F 76 56 33 29 490598 111 45 78 37 230 13 36 80 34 114 200 44 71 21 54 57
292 496172 E 65 32 50 495019 19 171 21 29 157 58 17 29 59 37 110 60 44 101 7 25 62
293 487514 K 39 28 37 65 18 90 29 68 486531 51 16 47 84 37 100 75 70 43 24 22 40
294 473152 E 72 37 85 471822 16 249 29 42 71 79 16 44 78 37 146 70 56 75 38 35 55
295 446649 G 41 4 33 99 9 446020 15 29 17 31 4 31 35 19 94 25 22 61 9 12 39
296 383231 Y 59 151 33 22 48 66 74 40 30 85 31 69 47 22 87 75 59 77 22 382042 92
297 334578 S 129 52 56 54 41 126 51 59 45 126 23 39 145 44 156 333061 119 102 28 65 57
298 313591 L 131 59 63 77 42 154 71 73 83 311683 23 68 139 58 166 181 135 133 45 54 153
299 339314 V 135 53 45 80 44 186 71 62 44 143 47 48 103 44 178 125 99 337632 85 31 59
300 243857 G 143 68 73 138 38 242196 41 81 32 141 12 33 120 52 220 84 70 176 20 42 77
301 384293 I 134 83 57 52 59 156 61 381987 79 204 206 63 140 80 224 169 173 170 37 46 113
302 385054 D 161 38 382965 67 48 423 61 33 34 129 28 76 176 35 227 123 101 137 43 67 82
303 373455 P 119 34 36 42 46 128 106 62 34 180 23 38 371927 56 149 157 89 102 48 27 52
304 427947 F 174 88 54 86 425605 263 45 122 52 277 19 47 93 53 226 272 89 179 51 79 73
305 428323 K 180 70 48 154 42 187 57 59 426366 179 17 95 82 61 208 156 109 130 10 29 84
306 425083 L 83 38 19 37 32 174 30 22 29 423764 47 22 161 56 203 96 67 96 44 24 39
307 440543 L 145 58 41 57 94 210 70 85 43 438731 34 22 185 48 223 116 64 179 46 42 50
308 444277 Q 98 42 33 40 33 47 53 58 44 108 11 20 62 442989 233 133 64 87 38 19 65
309 441628 N 133 55 107 64 42 314 57 65 80 139 23 439646 108 42 206 183 96 108 49 41 70
310 433161 S 145 79 42 62 37 353 30 71 28 147 31 185 95 38 253 431129 93 167 69 43 64
311 470388 Q 150 54 45 86 73 252 79 76 93 222 32 39 178 467990 330 137 110 182 50 55 155
312 511842 V 222 56 85 89 45 299 74 165 59 250 34 24 163 72 224 170 105 509511 49 57 89
313 477610 Y 181 218 98 85 111 423 105 130 130 238 56 87 189 62 337 234 180 249 82 474231 184
314 479619 S 276 156 91 84 55 602 64 138 30 236 55 123 206 72 517 476245 191 257 56 68 97
315 474511 L 356 188 159 123 153 486 103 242 101 469570 99 83 629 212 581 257 252 412 117 173 215
316 512544 I 213 65 85 70 102 257 37 510033 53 230 37 87 158 52 278 192 174 259 40 48 74
317 482418 R 134 83 65 76 66 595 57 90 89 218 61 58 120 71 479966 192 117 144 43 51 122
318 487521 P 195 67 62 62 57 339 65 72 62 341 30 52 484968 97 302 222 184 170 45 50 79
319 497377 N 128 54 118 111 82 328 69 89 104 175 28 494587 155 54 291 318 154 234 86 86 126
320 515944 E 168 65 111 513616 69 377 50 83 132 182 23 32 86 55 178 197 71 246 33 60 110
321 548937 N 189 59 110 130 62 477 43 102 89 202 50 546161 162 57 283 227 100 216 57 80 81
322 561358 P 258 139 84 113 71 506 92 74 80 376 55 70 557715 173 491 305 177 212 118 93 156
323 571323 A 567345 114 85 184 88 359 127 144 90 342 80 114 235 121 401 382 348 485 85 62 132
324 611348 H 75 86 45 49 87 137 608462 118 67 423 38 84 340 135 393 238 150 146 37 145 93
325 613402 K 82 36 30 295 67 71 10 39 611695 133 70 77 53 17 382 105 62 96 4 33 45
326 525149 S 8 40 16 20 6 114 4 34 12 8 4 123 19 8 85 524589 19 30 4 2 4
327 517636 Q 21 46 8 37 22 53 67 16 79 76 20 60 54 516229 400 97 39 26 29 38 219
328 438303 L 290 108 118 142 88 428 98 125 124 434322 80 102 277 159 505 322 184 347 142 114 228
329 475655 V 127 99 120 132 86 358 92 134 104 290 104 127 138 85 338 184 167 472607 84 118 161
330 462527 W 133 180 93 101 121 261 58 122 79 315 43 70 169 72 337 241 147 201 459479 99 206
331 440659 M 191 119 75 86 109 321 66 312 186 319 436951 95 218 78 306 291 299 276 111 94 156
332 453865 A 450010 115 105 118 98 382 54 138 124 258 43 116 241 61 332 368 520 451 88 97 146
333 476623 C 167 472797 113 116 127 418 51 121 106 242 34 99 252 92 517 389 178 171 138 298 197
334 483474 H 128 34 86 71 82 95 481119 95 55 255 18 209 139 126 224 147 100 142 55 177 117
335 453037 S 161 107 69 98 135 412 44 72 50 177 32 66 100 57 299 450583 112 171 92 78 122
336 415602 A 413789 37 73 72 18 282 31 31 27 82 3 20 259 31 147 98 329 179 44 20 30
337 394239 A 392307 58 50 112 25 379 31 43 55 98 20 45 123 51 190 160 206 201 24 11 50
338 400115 F 87 62 57 77 398159 298 47 79 51 207 19 68 110 55 181 172 118 112 41 47 68
339 391095 E 81 43 100 389468 45 313 34 58 62 111 10 19 110 34 149 124 73 118 27 31 85
340 363428 D 59 33 362046 60 41 185 50 57 18 105 11 69 102 27 151 113 67 98 24 77 35
341 383412 L 72 5 10 13 26 56 24 44 10 382589 5 3 210 45 126 48 43 63 1 6 13
342 371576 R 129 54 47 80 35 251 37 89 61 117 23 28 65 21 369993 173 96 123 38 49 67
343 334242 V 78 27 20 45 16 72 34 69 21 61 5 17 40 22 67 38 39 333519 12 12 28
344 326373 L 88 57 40 37 70 168 21 78 21 325206 12 31 54 19 133 120 30 78 24 17 69
345 290896 S 98 44 33 29 33 223 27 63 40 95 26 43 83 33 186 289547 86 104 21 29 53
346 253913 F 79 39 34 44 252812 145 8 26 29 171 10 14 28 12 107 129 31 78 35 40 42
347 311773 I 54 33 33 30 39 116 35 310745 35 69 16 43 45 29 94 78 78 115 29 24 33
348 301744 R 72 29 25 44 25 198 21 64 49 79 22 23 75 23 300696 107 62 58 5 17 50
349 293177 G 88 19 26 71 14 292232 18 28 21 64 12 21 54 39 141 67 34 128 54 11 35
350 376926 T 174 45 31 15 42 155 42 94 23 85 15 37 132 23 142 146 375516 96 29 46 38
351 384013 K 71 19 23 72 30 94 22 48 382961 81 15 104 50 50 137 55 40 63 17 18 43
352 405389 V 110 37 26 63 16 99 41 100 18 124 22 21 52 46 76 90 64 404286 13 25 60
353 412349 S 20 12 6 3 53 30 17 58 15 50 17 6 119 16 52 411733 47 33 13 32 17
354 389298 P 84 52 60 58 55 175 11 69 38 106 28 48 387697 83 140 181 98 150 41 47 77
355 378923 R 3 4 2 5 2 184 2 4 51 13 73 2 3 4 378467 52 12 10 18 7 5
356 341593 G 22 10 10 69 24 341163 6 10 8 33 2 3 11 6 68 33 11 45 32 8 19
357 340737 K 37 14 10 157 13 47 20 16 340026 25 1 72 37 18 80 50 10 29 8 26 41
358 345371 L 49 26 32 32 53 110 28 36 19 344394 14 20 118 24 136 67 44 71 35 21 42
359 333013 S 94 15 29 34 79 83 18 45 29 112 10 18 95 27 92 332001 77 54 2 66 33
360 387919 T 146 45 48 48 46 129 54 83 50 136 31 50 38 27 139 141 386463 118 20 43 64
361 366933 R 118 65 59 60 69 240 50 143 89 201 40 43 120 43 364879 217 110 154 26 63 144
362 339419 G 133 34 29 61 17 338364 35 34 18 61 13 12 87 23 151 60 46 112 42 21 66
363 395220 V 241 46 23 77 39 163 26 95 8 111 16 22 60 20 75 58 42 394003 23 28 44
364 391608 Q 95 45 46 67 30 149 68 42 109 210 26 52 118 389876 195 124 77 112 25 32 110
365 400183 I 92 59 42 40 59 132 45 398776 38 138 26 36 64 43 142 112 96 109 40 31 63
366 348708 A 347673 27 48 40 19 142 20 31 25 68 13 22 54 20 92 76 148 101 32 30 27
367 343228 S 88 50 35 47 42 149 26 39 44 141 26 36 79 31 126 341951 69 91 34 40 84
368 350923 N 66 28 74 28 43 122 32 46 39 95 15 349702 76 15 118 158 68 77 24 48 49
369 346506 E 60 21 43 345398 41 161 13 47 53 83 13 19 53 33 103 93 59 100 21 27 65
370 356780 N 12 31 75 16 36 77 31 72 40 92 8 355774 27 39 76 98 111 66 26 42 31
371 355249 M 48 47 26 38 17 125 40 136 50 131 353943 32 54 25 133 99 99 102 32 33 39
372 366936 D 66 44 365871 57 39 137 40 17 17 77 20 55 71 33 76 78 44 85 17 51 41
373 361362 A 360213 57 49 40 35 140 27 49 26 76 14 21 46 39 94 77 129 118 17 25 70
374 400933 M 127 24 49 34 12 224 27 145 65 137 399290 22 114 19 180 102 109 139 49 22 43
375 384139 E 121 9 62 382682 24 198 19 31 82 134 24 43 93 63 92 78 84 169 41 15 75
376 300963 S 86 65 44 33 26 230 31 46 21 109 32 30 87 32 163 299571 69 101 58 41 88
377 306954 S 114 89 43 62 24 279 27 67 34 116 25 60 108 46 207 305365 76 69 52 43 48
378 283775 T 131 49 28 39 20 163 21 68 42 62 18 42 73 28 160 102 282563 69 30 25 42
379 294848 L 61 36 35 45 50 127 50 40 18 293693 16 15 144 32 155 73 47 90 40 20 61
380 298613 E 69 36 47 297519 26 173 23 32 46 61 12 22 58 24 92 93 52 127 19 25 57
381 302642 L 83 52 30 51 33 102 46 31 26 301447 21 30 184 56 130 76 64 91 22 32 35
382 318337 R 62 40 70 85 44 298 44 97 81 166 32 62 111 30 316496 175 121 147 11 40 125
383 363969 S 170 119 74 111 68 355 78 122 74 200 42 96 118 56 275 361461 141 162 73 60 114
384 386098 R 186 83 54 68 61 647 68 72 98 209 97 54 51 64 383400 228 148 191 147 73 99
385 450962 Y 169 137 105 95 85 296 126 127 73 240 50 97 98 54 271 243 138 198 109 448089 162
386 438677 W 177 156 80 111 38 374 53 94 91 224 35 51 133 82 529 181 144 200 435631 66 227
387 408308 A 406293 24 108 59 8 307 53 70 39 92 30 52 217 36 227 152 197 241 15 34 54
388 449212 I 147 98 77 134 73 196 84 445857 108 381 273 101 195 107 302 269 216 229 70 78 217
389 421998 R 154 115 99 84 157 412 68 158 108 292 47 96 138 47 419038 240 154 298 14 104 175
390 433426 T 233 161 95 95 135 243 82 189 69 344 59 96 147 100 368 392 430002 274 78 103 161
391 440240 R 225 129 87 153 109 549 77 221 190 384 69 102 171 75 436345 341 227 323 96 108 259
392 423792 S 181 175 72 91 85 334 98 148 59 228 43 128 182 85 450 420786 165 191 83 73 135
393 432940 G 123 37 49 97 22 431507 37 74 57 113 22 21 67 32 220 100 79 124 36 43 80
394 415440 G 103 60 56 130 70 413820 38 33 22 139 19 24 70 38 327 126 62 142 33 32 96
395 420683 N 228 122 143 100 94 334 106 138 101 296 54 417257 149 85 380 312 175 260 78 124 147
396 423120 T 333 143 120 140 134 367 138 174 91 345 46 145 262 117 443 359 419020 320 111 137 175
397 480242 N 232 138 143 101 124 349 75 161 140 297 38 476738 160 99 384 339 178 246 78 108 114
398 484025 Q 210 164 70 136 132 493 179 174 100 155 11 135 322 480163 457 307 202 216 98 93 208
399 442150 Q 202 80 76 149 83 617 135 100 93 298 55 37 316 438311 531 234 183 255 100 82 213
400 400402 R 189 66 57 90 40 593 36 65 87 140 119 22 104 47 398057 184 119 146 131 33 77
401 387379 A 385604 48 62 72 36 263 34 53 31 119 17 20 161 32 163 140 149 261 34 32 48
402 390714 S 215 75 49 71 82 454 47 57 45 154 12 45 300 49 194 388375 114 162 45 88 81
403 393421 A 390518 97 35 77 78 416 87 73 69 208 40 61 213 66 222 283 209 436 60 85 88
404 409768 G 209 110 148 88 56 407704 16 69 55 148 30 35 111 7 161 267 74 255 74 48 103
405 407824 Q 98 10 40 64 31 40 150 113 78 185 31 53 267 406016 130 118 152 111 1 33 103
406 425891 I 45 14 13 26 67 42 26 425007 27 85 27 45 76 14 52 63 99 90 15 21 37
407 387137 S 28 43 18 7 16 198 11 37 4 42 8 36 31 11 119 386408 29 65 8 6 12
408 393501 V 132 21 10 53 10 84 7 8 6 56 75 2 25 14 47 43 19 392847 11 6 25
409 390019 Q 208 109 64 108 60 373 131 104 86 277 26 49 217 386538 361 231 145 237 75 48 572
410 358120 P 213 61 44 75 9 320 121 55 42 199 32 31 355884 75 225 262 103 199 47 49 74
411 383147 A 380867 102 59 122 24 321 54 41 27 84 32 31 109 27 188 174 459 286 32 37 71
412 393561 F 203 86 76 166 390957 574 21 110 53 171 40 32 102 23 207 192 104 211 87 45 101
413 349255 S 167 77 64 106 148 566 64 117 88 255 37 85 191 41 253 346252 167 229 66 97 185
414 365769 V 306 85 58 131 45 529 40 65 58 194 112 48 119 56 299 222 126 363046 91 50 89
415 377997 Q 201 76 50 99 38 352 63 60 95 187 41 14 122 375482 351 148 96 199 93 38 192
416 380478 R 159 60 57 82 89 387 31 84 75 206 7 36 121 62 378286 212 116 202 41 44 121
417 354435 N 116 56 91 70 31 165 32 55 83 119 22 352787 96 36 160 143 98 118 36 61 60
418 374573 L 157 76 37 52 93 294 80 52 57 372551 32 36 232 55 248 135 76 167 47 43 53
419 400668 P 228 86 98 121 79 387 89 109 76 249 52 70 397710 132 320 234 154 246 49 51 128
420 377231 F 219 93 89 84 374057 490 58 104 88 322 54 82 134 73 319 277 121 241 117 79 130
421 385330 D 173 102 382679 108 92 320 68 98 47 203 34 134 142 56 215 205 134 275 17 104 124
422 371847 K 105 51 64 144 102 438 47 131 369375 189 11 102 110 60 271 169 102 187 43 60 86
423 368207 P 128 95 78 98 72 639 93 83 57 305 50 41 365155 102 384 252 122 202 73 67 111
424 381454 T 254 108 79 107 87 454 76 187 71 236 53 90 244 74 392 304 378095 238 104 91 110
425 386198 I 179 83 60 99 106 355 84 383432 51 209 59 88 156 45 276 233 203 207 70 93 110
426 366495 M 128 80 28 84 67 225 58 190 80 249 363944 50 100 78 298 173 163 214 83 80 123
427 331521 A 329345 64 54 110 55 315 49 37 41 159 26 52 142 49 239 148 184 295 42 55 60
428 327128 A 324795 98 43 107 53 374 55 69 39 165 25 48 135 55 266 177 230 232 28 48 86
429 325140 F 143 100 85 95 322364 331 65 118 98 339 28 50 142 67 290 248 111 176 72 94 124
430 298058 T 152 44 40 60 45 175 22 110 35 120 28 55 49 32 127 164 296564 100 39 32 65
431 318116 G 132 103 59 126 77 315857 345 78 56 133 8 49 74 34 279 197 72 181 127 48 81
432 323474 N 232 104 159 88 87 381 93 137 87 216 46 320340 172 68 276 299 161 215 86 109 118
433 342276 T 197 96 48 63 64 177 45 246 65 227 22 46 124 104 243 188 339930 173 65 60 93
434 347885 E 249 71 131 344637 48 707 52 64 130 203 48 39 132 68 385 206 129 282 108 43 153
435 372432 G 195 92 71 216 52 370015 57 56 61 184 39 35 71 68 445 191 68 254 88 29 145
436 378392 R 265 77 95 129 107 854 67 118 191 270 54 47 152 85 374819 262 134 339 82 73 172
437 381727 T 268 71 60 179 45 622 68 123 118 200 27 70 104 82 407 259 378494 200 99 65 166
438 396431 S 190 66 86 125 29 510 66 88 67 217 39 43 148 68 271 393856 124 223 35 47 133
439 386029 D 156 38 384335 105 36 346 25 48 28 115 21 54 50 23 157 114 72 148 42 43 73
440 372673 M 161 44 51 97 40 368 46 148 70 166 370271 33 124 73 221 157 170 218 65 53 97
441 359876 R 54 16 19 49 19 359 9 29 64 70 90 6 40 20 358710 93 43 62 75 12 37
442 363369 A 361405 51 41 86 48 334 40 52 32 103 32 36 114 47 145 160 216 260 59 36 72
443 370966 E 152 44 107 369279 26 344 28 40 98 100 31 23 39 43 148 87 50 170 32 28 97
444 373170 I 207 89 66 131 70 568 69 370110 68 171 71 90 83 61 419 182 125 274 97 89 130
445 419578 I 269 125 131 164 87 501 88 415326 103 327 259 124 146 118 421 309 234 364 111 128 243
446 379176 R 396 178 152 180 136 953 109 207 174 524 208 117 283 147 373567 494 238 492 250 130 241
447 367555 M 232 139 97 98 94 507 72 237 77 242 364017 79 188 112 348 222 151 304 125 78 136
448 369899 M 88 70 51 75 36 213 29 223 77 159 367869 39 79 44 200 122 111 250 58 30 76
449 339751 E 69 33 96 338136 42 347 28 43 114 95 18 36 63 28 149 106 67 120 45 30 86
450 354174 G 104 76 101 38 36 352758 32 32 26 90 26 11 77 30 180 252 49 123 44 38 51
451 398283 A 395369 198 47 106 30 424 25 40 40 124 11 33 96 33 173 146 642 620 43 35 48
452 393183 K 98 60 39 85 22 150 47 73 391502 112 21 202 117 30 187 105 110 114 23 19 67
453 391103 P 54 33 22 47 33 172 39 36 19 77 22 30 390073 50 119 90 47 55 33 14 38
454 411729 E 94 61 64 410365 37 206 26 37 67 98 7 28 59 46 124 89 43 122 31 45 80
455 429042 E 293 159 156 424863 153 489 102 176 168 351 60 105 139 128 329 317 212 402 81 124 235
456 441697 M 167 135 61 129 111 262 74 240 143 366 438171 97 166 121 275 265 184 299 109 113 209
457 434282 S 263 230 143 126 195 275 93 173 103 390 67 98 295 130 368 430420 237 269 60 154 193
458 464239 F 188 161 125 193 459722 734 102 136 105 489 94 92 136 64 306 425 181 462 135 169 220
459 446419 Q 219 73 90 115 69 633 196 138 125 388 79 69 335 441873 1079 184 175 333 50 32 164
460 420734 G 226 156 64 188 82 417916 66 97 78 245 71 48 132 94 270 223 103 467 26 57 125
461 412535 R 542 92 44 89 81 596 94 71 32 316 36 40 266 288 409113 184 91 221 201 41 97
462 390464 G 375 140 97 388 84 386485 117 96 36 263 45 45 374 105 578 296 137 385 116 71 231
463 381404 V 336 128 118 88 138 450 90 245 63 354 71 65 292 83 337 264 167 377806 107 62 140
464 391084 F 335 322 220 206 385234 543 138 312 161 752 109 156 203 128 214 665 258 606 76 205 241
465 437074 E 322 211 156 431573 214 693 143 205 285 683 143 141 170 174 314 491 230 210 168 193 355
466 372554 L 220 146 118 145 273 500 147 200 127 368403 70 81 331 131 324 330 109 403 154 128 214
467 389402 S 59 129 23 86 124 215 98 154 92 543 56 74 151 87 313 386389 153 182 157 120 197
468 421953 D 205 125 418963 134 77 582 40 68 40 134 52 119 65 36 216 285 150 313 98 117 134
469 473461 E 272 219 239 467640 245 576 141 265 357 597 73 129 303 150 374 495 290 502 117 229 248
470 499389 R 266 173 115 190 130 1054 139 229 248 518 249 147 354 176 493735 461 318 409 106 169 203
471 472288 A 467461 136 114 186 77 740 128 136 61 376 41 113 544 95 331 334 426 632 113 101 143
472 474790 A 472901 21 24 74 46 106 25 51 33 97 18 33 166 14 38 233 275 554 16 27 38
473 495808 N 70 34 81 68 28 184 60 38 57 122 3 494328 150 52 137 126 61 68 31 55 55
474 475526 P 147 40 26 76 13 307 30 19 49 246 5 47 473462 132 316 163 112 139 70 37 90
475 453066 I 153 102 124 143 109 540 61 449780 137 228 91 100 65 67 338 206 139 318 82 90 193
476 412395 V 236 98 56 148 72 497 45 58 70 223 242 27 112 59 263 191 84 409596 100 73 145
477 402759 P 125 57 65 65 78 137 74 81 54 233 18 66 400721 78 208 257 135 164 42 37 64
478 382914 S 166 66 72 87 78 321 49 60 64 190 29 35 236 46 194 380637 139 212 68 63 102
479 402900 F 117 105 66 68 400759 247 27 77 68 397 40 26 69 30 159 146 80 170 67 63 119
480 398892 D 97 43 397458 88 17 317 50 21 21 50 11 75 44 31 100 73 147 130 21 58 40
481 337060 M 109 73 42 56 28 182 35 144 78 170 335007 41 85 47 222 153 159 225 63 51 90
482 403776 S 136 99 63 97 37 740 15 66 41 87 19 81 71 34 277 401484 58 183 86 34 68
483 442803 N 38 43 65 27 11 135 33 46 52 66 21 441773 35 8 113 126 24 74 42 41 30
484 388813 E 55 19 55 387794 17 201 15 10 63 91 4 14 58 25 85 66 31 84 35 16 75
485 348223 G 64 37 22 60 23 347262 13 18 30 84 11 19 59 35 120 49 34 118 43 29 93
486 353534 S 68 42 22 30 47 97 19 23 16 74 5 14 91 23 71 352689 44 64 34 43 18
487 353543 Y 42 58 26 27 33 103 122 41 42 80 16 30 25 19 68 47 39 71 39 352552 63
488 346876 F 36 28 30 51 345839 105 21 54 23 145 20 22 36 26 77 93 54 83 22 58 53
489 331193 F 43 26 20 28 330397 120 19 37 14 128 7 13 36 5 40 83 18 66 20 36 37
490 329378 G 80 19 23 49 32 328404 15 30 23 82 10 24 43 29 155 78 52 141 22 17 50
491 335002 D 57 33 333750 62 58 220 42 32 30 99 27 53 27 27 86 77 47 136 33 50 56
492 339670 N 31 38 65 18 19 100 19 55 58 60 26 338610 41 38 106 112 69 47 50 50 58
493 402017 A 400237 15 34 85 29 224 48 50 26 104 15 36 81 49 159 154 249 342 1 36 43
494 341562 E 169 43 93 339595 35 468 33 39 61 135 23 20 105 65 190 108 59 151 51 31 88
495 342180 E 115 44 55 340287 24 478 23 35 64 110 32 38 83 32 243 92 65 172 82 28 78
496 330523 Y 76 164 50 61 47 259 93 48 35 78 12 49 62 38 188 110 42 85 54 328863 109
497 307522 D 213 80 304578 159 63 614 57 76 47 189 45 135 105 57 318 143 131 220 93 78 121
498 239341 N 617 269 203 245 206 1001 204 275 208 684 95 231483 436 218 885 571 334 610 264 212 321
