# amino-acid counts among definitively called codons
# POSITION TOTAL_COUNTS WT N_A N_C N_D N_E N_F N_G N_H N_I N_K N_L N_M N_N N_P N_Q N_R N_S N_T N_V N_W N_Y N_STOP
1 607166 M 0 1 0 0 0 0 0 134 50 47 606715 0 0 0 4 0 108 106 1 0 0
2 578880 A 578538 0 0 43 0 33 0 0 0 0 0 0 9 1 1 26 34 194 1 0 0
3 613086 S 70 26 6 0 202 2 28 1 2 854 1 0 133 29 3 611544 45 8 0 132 0
4 615968 Q 618 99 40 58 2676 330 66 9976 68 3469 13 5120 100 579802 106 7032 1843 77 4279 114 82
5 550119 G 161 43 83 0 0 548939 46 14 0 5 0 17 206 0 55 423 93 26 0 8 0
6 473640 T 85 3 0 0 0 0 1 40 0 2 0 11 15 0 0 31 473452 0 0 0 0
7 470700 K 0 1 1 52 0 0 1 14 470516 1 0 42 3 9 40 0 4 0 1 1 14
8 415717 R 0 0 0 0 0 9 1 1 0 25 0 0 14 69 415494 0 5 3 95 0 1
9 428397 S 1383 11 16 0 41 56 19 2 0 1591 111 5 64 1 26 424764 43 16 132 116 0
10 463737 Y 100 311 7 2 32 14 653 1631 5 168 33 30 55 100 13 207 200 110 0 459989 77
11 423935 E 7 27 30 423537 0 90 0 6 74 12 0 9 0 28 9 5 11 64 4 2 20
12 396482 Q 46 62 1 33 626 7 1080 9 904 563 257 284 138 382133 8700 1421 47 23 20 64 64
13 484107 M 16 0 25 29 0 3 3 103 36 54 483661 0 4 7 9 5 56 92 2 0 2
14 472174 E 11 3 32 471770 1 107 2 11 74 7 0 39 1 26 8 11 7 32 0 1 31
15 443736 T 53 2 1 0 0 4 9 83 0 145 0 17 13 3 10 24 443367 1 0 1 3
16 501159 D 24 0 500761 59 0 115 4 0 1 0 10 60 2 1 19 22 0 47 1 20 13
17 496222 G 144 1 1 54 0 495611 7 5 16 12 0 7 67 9 71 15 19 121 61 0 1
18 490315 E 35 4 57 489479 5 106 5 5 103 250 0 9 104 23 3 13 25 52 3 17 17
19 493504 R 4 112 12 0 0 18 175 0 0 37 0 2 29 1 493072 22 5 11 0 4 0
20 507785 Q 8 1 1 13 0 3 27 0 24 46 0 0 531 506840 224 2 6 0 0 1 58
21 491995 N 17 1 66 4 1 15 33 37 44 206 0 491111 79 4 99 196 35 23 0 23 1
22 509478 A 508226 3 3 35 24 26 14 3 52 11 0 1 58 18 301 261 227 173 7 9 26
23 532992 T 1460 12 2 5 410 170 339 41 43 441 14 59 99 147 607 568 528197 190 27 155 6
24 505997 E 15 3 47 505450 2 118 2 35 88 9 1 1 45 44 30 11 6 56 4 1 29
25 447984 I 0 1 5 14 29 6 5 447653 5 6 8 25 9 1 7 54 55 94 3 0 4
26 481680 R 5 0 0 6 0 167 0 30 67 47 0 1 18 0 481237 28 9 7 0 25 33
27 459685 A 458329 3 3 26 5 37 27 3 3 126 2 0 21 112 189 44 62 688 3 2 0
28 492487 S 30 36 0 0 56 92 11 4 26 17 6 6 98 15 38 491964 36 5 1 36 10
29 473302 V 48 0 35 0 18 6 1 131 0 14 0 2 17 1 61 16 17 472929 0 0 6
30 493307 G 173 0 1 66 1 492080 1 2 0 20 1 27 53 553 193 13 26 48 39 0 10
31 487930 K 4 4 1 67 3 26 9 16 487468 16 36 34 6 12 148 12 31 6 0 2 29
32 478478 M 2 1 2 3 26 18 2 68 30 45 477923 209 0 1 15 3 62 62 2 1 3
33 482124 I 180 312 13 4 32 19 0 480869 5 56 5 63 2 4 19 161 127 223 0 2 28
34 477445 D 98 28 476038 243 5 166 96 61 7 14 15 235 2 22 48 53 48 172 16 69 9
35 429704 G 49 2 1 42 1 429224 38 3 6 36 0 11 9 4 105 9 92 37 0 15 20
36 452416 I 2 2 0 1 9 14 0 451850 2 63 5 25 14 8 58 10 284 65 0 3 1
37 422757 G 24 1 3 55 0 421751 3 0 1 4 0 1 10 1 82 719 1 23 1 0 77
38 381593 R 4 0 1 0 12 11 6 6 0 68 0 8 40 95 381230 4 12 0 1 10 85
39 417435 F 37 47 0 1 416913 3 3 28 7 138 10 14 40 12 11 60 15 49 1 31 15
40 403901 Y 18 91 8 3 38 18 126 27 3 16 0 39 32 0 37 24 14 53 7 403289 58
41 360065 I 64 2 156 1 26 252 4 357859 0 31 10 36 33 85 11 264 995 71 69 75 21
42 352304 Q 1 5 0 13 4 5 12 3 37 27 1 2 32 352054 42 3 3 1 3 1 55
43 341384 M 51 4 2 1 0 0 4 68 21 23 341060 10 10 1 10 13 44 50 0 9 3
44 365005 C 12 364545 0 0 29 72 7 1 0 8 2 2 24 2 62 62 28 3 21 91 34
45 349618 T 60 0 3 0 0 0 1 33 0 13 5 19 20 1 3 64 349389 5 0 0 2
46 382373 E 11 0 30 382065 2 62 1 1 44 4 0 19 31 21 4 2 32 15 0 1 28
47 441143 L 0 0 0 0 45 0 14 48 0 440769 0 1 60 0 11 7 25 162 0 1 0
48 444879 K 21 0 0 41 12 3 0 13 444599 15 0 41 7 3 59 3 10 8 0 1 43
49 450282 L 82 54 38 38 87 57 22 123 9 449204 2 80 145 44 64 32 52 116 0 10 23
50 451872 S 6332 229 5 57 723 866 601 105 58 610 442 177 2156 140 322 438539 231 104 2 136 37
51 505062 D 352 10 500351 63 5 94 236 139 14 194 1 863 32 1897 5 298 78 391 0 30 9
52 532026 Y 339 100 5 3 41 171 145 46 3 12 8 23 8 3 10 91 198 34 7 530714 65
53 505617 E 260 51 90 503897 8 231 1 9 74 14 7 43 22 99 6 432 289 48 2 2 32
54 459305 G 89 15 46 73 0 458677 1 3 3 17 2 0 30 97 91 86 16 16 36 0 7
55 436298 R 63 7 5 0 10 42 100 69 9 177 3 5 24 108 435388 16 16 80 1 25 150
56 433061 L 29 39 9 9 8 65 23 42 5 431464 31 451 282 80 34 190 148 53 11 25 63
57 455967 I 198 15 5 2 46 45 3 454686 6 50 10 39 39 3 46 38 186 539 3 4 4
58 439262 Q 28 1 30 22 4 73 39 13 87 49 3 51 90 438474 145 18 36 20 12 10 57
59 423869 N 14 18 46 35 10 205 9 42 44 42 1 422657 21 12 69 85 495 7 15 29 13
60 343695 S 15 36 3 2 4 227 3 22 0 46 2 119 3 5 60 342985 113 43 2 1 4
61 343302 L 6 1 9 1 20 128 28 23 3 342752 0 31 22 13 17 110 23 81 2 1 31
62 319356 T 102 3 4 4 2 54 10 33 34 32 4 442 116 7 25 137 318304 14 0 7 22
63 340337 I 36 9 2 1 29 8 24 338989 25 866 82 7 18 7 18 23 131 51 1 0 10
64 350820 E 13 10 25 350384 9 95 16 33 39 22 1 7 18 12 20 26 22 25 1 5 37
65 329035 R 3 2 1 7 1 76 0 20 51 1 1 2 39 1 328708 35 14 30 0 1 42
66 343035 M 0 0 4 0 1 5 10 82 35 26 342756 1 1 5 5 1 55 46 0 1 1
67 334898 V 65 0 0 35 0 67 0 0 0 15 49 0 1 0 5 22 0 334629 0 10 0
68 359994 L 22 6 0 1 38 17 38 22 1 359474 0 69 88 32 17 154 1 10 2 1 1
69 373718 S 1 13 10 1 24 15 0 0 0 4 1 2 78 3 8 373495 29 5 0 28 1
70 397156 A 396085 4 73 2 0 252 2 2 1 7 0 1 24 0 34 229 392 35 0 4 9
71 387047 F 30 9 68 0 386091 25 0 12 67 122 0 14 7 131 305 37 9 49 38 26 7
72 387591 D 6 0 387265 21 1 82 8 0 1 4 0 45 21 2 46 3 16 47 0 18 5
73 362868 E 7 2 23 361783 1 65 13 62 129 221 0 1 3 4 5 143 103 283 0 8 12
74 369733 R 21 1 0 3 1 72 3 15 39 3 0 3 10 1 369497 32 14 0 0 2 16
75 378837 R 2 5 26 1 0 112 15 1 34 2 36 0 3 0 378531 38 6 2 21 2 0
76 413401 N 32 9 66 11 6 2 6 69 41 5 0 412896 0 31 9 88 14 20 66 23 7
77 417121 K 39 245 2 63 5 105 5 53 415271 56 173 585 3 14 223 25 73 93 12 5 71
78 326282 Y 10 37 3 1 17 9 171 5 1 2 0 32 0 2 5 15 2 40 0 325912 18
79 322637 L 5 4 0 31 0 13 17 21 2 322339 30 1 92 25 4 5 8 12 0 0 28
80 301703 E 15 4 25 301074 135 79 18 14 54 22 1 14 10 56 14 50 12 43 6 28 29
81 288512 E 4 1 35 288071 5 73 5 11 55 43 3 30 5 5 25 10 39 53 0 4 35
82 329344 H 7 182 9 4 14 11 328516 5 10 24 63 85 4 64 100 51 54 66 35 38 2
83 429519 P 90 11 6 4 11 18 88 6 2 48 1 16 428741 122 23 136 49 52 31 0 64
84 431221 S 2541 10 3 6 4 465 44 47 23 24 56 76 16 14 110 427642 104 27 3 5 1
85 455958 A 454931 3 4 42 17 131 21 1 4 72 9 50 68 13 135 87 246 121 0 0 3
86 501348 G 72 0 0 69 1 500092 52 16 13 97 2 98 37 66 150 421 22 82 39 9 10
87 521852 K 18 4 0 172 0 4 11 1 521178 11 32 115 24 4 135 18 8 50 1 5 61
88 530866 D 9 43 530212 75 0 137 16 25 2 4 4 65 3 11 16 60 11 71 3 19 80
89 483860 P 348 114 11 19 77 140 122 19 4 197 7 16 481817 1 56 86 51 406 82 23 264
90 484434 K 46 37 2 101 14 113 156 136 480707 420 20 1266 0 205 667 122 255 52 82 8 25
91 442354 K 6 1 2 87 1 2 12 15 441809 11 1 17 8 4 117 4 7 4 1 5 240
92 395618 T 42 3 3 1 16 3 1 20 1 6 1 22 27 3 1 28 395433 0 0 0 7
93 390471 G 10 0 0 29 0 390239 0 3 0 2 14 1 1 50 57 2 8 16 3 2 34
94 364637 G 14 1 3 38 0 364262 0 0 0 24 0 0 3 2 48 1 1 12 1 0 227
95 376489 P 9 0 1 0 0 135 25 0 0 34 0 2 376163 14 11 36 38 19 0 0 2
96 406829 I 5 14 1 0 25 6 3 406243 40 63 57 5 24 1 5 8 87 195 0 27 20
97 421507 Y 33 54 4 7 177 4 82 22 7 36 2 25 13 20 24 18 16 73 2 420855 33
98 357868 K 17 22 2 89 1 6 48 12 356831 156 26 111 9 13 305 95 35 67 0 4 19
99 261528 R 9 0 1 8 0 60 1 47 70 13 0 3 11 1 261153 31 104 2 0 0 14
100 258174 V 371 25 5 25 1 31 71 204 11 3489 2 32 295 26 96 116 119 253226 1 3 25
101 307291 D 25 1 306690 42 1 55 12 27 7 68 0 38 84 4 14 45 64 80 0 23 11
102 314524 R 2 2 1 2 2 85 4 23 56 19 0 1 16 5 314076 175 11 6 2 6 30
103 331935 K 21 3 1 48 0 16 6 0 331361 10 9 241 17 8 97 50 25 7 1 0 14
104 341480 W 6 23 2 1 25 14 6 8 1 34 0 1 40 0 106 28 41 9 340971 1 163
105 351779 M 3 1 5 0 64 17 17 96 36 51 351166 0 23 3 22 77 48 102 4 38 6
106 369350 R 7 0 0 2 0 75 0 5 55 8 32 0 4 3 369058 34 27 11 26 1 2
107 367225 E 3 0 35 366851 0 61 0 0 188 0 0 1 8 19 2 2 2 26 0 0 27
108 367269 L 8 0 0 0 50 21 26 17 0 366998 2 2 98 0 13 14 4 11 0 0 5
109 355090 V 59 8 32 78 16 25 4 110 12 19 0 1 1 6 9 29 9 354666 1 0 5
110 392791 L 0 0 0 0 45 3 13 26 0 392597 0 1 64 0 14 7 3 10 0 0 8
111 390353 Y 8 77 7 2 114 4 69 4 1 181 10 26 8 6 0 10 949 66 1 388775 35
112 351646 D 21 7 351037 37 2 95 10 7 2 104 0 132 7 4 9 10 3 37 0 119 3
113 326243 K 3 2 1 33 17 4 20 17 325996 19 0 21 2 22 53 5 3 5 1 2 17
114 392748 E 4 2 39 392331 3 58 14 8 51 3 0 6 15 31 5 8 12 18 85 11 44
115 442916 E 6 5 20 442569 3 70 0 22 76 37 0 1 4 10 17 6 18 34 0 0 18
116 470143 I 27 29 2 3 7 45 1 469507 22 62 126 23 24 3 12 19 122 84 1 7 17
117 447750 R 5 33 6 5 24 139 61 15 167 534 44 24 10 40 446020 59 272 112 44 126 10
118 436914 R 3 2 0 0 0 37 2 5 1 34 0 0 46 71 436558 2 2 11 0 13 127
119 464263 I 0 1 2 0 10 0 1 464086 0 3 5 23 5 1 2 6 47 66 0 0 5
120 438085 W 1 22 0 0 15 37 5 2 5 26 21 1 6 10 132 21 3 13 437648 10 107
121 450144 R 13 114 0 3 1 27 139 5 0 148 2 16 35 6 449555 43 10 15 0 11 1
122 428206 Q 2 4 5 11 3 16 54 488 27 123 1 4 55 427212 102 7 12 17 2 3 58
123 492467 A 491537 16 36 0 0 201 6 2 0 39 0 3 33 3 129 186 142 117 2 0 15
124 545779 N 2 67 80 23 14 1 32 53 59 12 2 544737 18 15 18 509 9 2 1 57 68
125 531373 N 24 36 98 1 3 56 2 100 38 93 1 530430 11 1 35 184 61 33 0 47 119
126 416365 G 86 50 48 6 2 415335 14 4 6 201 32 15 22 2 149 160 191 36 5 0 1
127 414007 D 404 52 411442 72 20 578 13 227 2 81 1 125 177 24 413 37 104 125 5 89 16
128 403390 D 294 54 400916 168 80 105 82 39 23 65 5 87 45 20 28 126 146 145 1 939 22
129 407111 A 406294 2 3 32 6 105 18 6 3 38 3 29 19 2 48 47 262 173 0 4 17
130 359419 T 47 1 2 0 4 4 16 54 157 20 0 3 16 3 30 39 359007 13 0 1 2
131 332136 A 331787 8 18 0 0 21 30 2 1 5 0 1 169 0 1 40 31 22 0 0 0
132 396470 G 21 19 30 0 0 396200 0 24 1 24 14 6 4 6 20 67 7 21 0 4 2
133 415151 L 3 0 17 0 0 4 0 66 61 414744 29 2 129 23 10 4 12 31 1 1 14
134 482914 T 102 42 5 0 14 6 3 45 0 1 0 23 50 12 6 72 482470 57 0 6 0
135 501889 H 12 0 8 4 4 42 501266 21 46 79 2 43 48 55 119 38 16 6 0 71 9
136 531107 M 2375 110 11 37 10 55 19 965 39 255 524950 18 18 1449 40 56 466 213 1 7 13
137 540363 M 37 1 0 0 0 1 6 128 36 50 539888 0 30 2 6 0 82 88 1 1 6
138 476249 I 12 1 1 0 34 12 0 475935 0 45 11 30 12 0 10 2 60 67 0 5 12
139 449467 W 9 52 0 6 2 14 29 0 4 52 7 3 6 23 212 44 9 5 448752 7 231
140 426101 H 2 0 15 8 3 20 425758 4 0 31 3 56 8 35 62 1 5 16 0 74 0
141 422345 S 13 20 2 0 56 19 2 14 0 1 0 2 84 0 0 422068 27 7 0 30 0
142 417560 N 1 3 68 0 1 11 7 16 11 7 0 417253 82 5 4 41 10 14 0 23 3
143 408650 L 0 5 1 3 40 81 4 86 0 408198 16 5 18 1 9 92 38 9 12 4 28
144 392558 N 17 7 83 4 3 1 3 23 36 6 0 392250 1 2 2 77 21 1 3 18 0
145 383378 D 10 7 382945 28 0 126 8 7 9 7 1 42 3 0 5 16 98 33 0 26 7
146 375055 T 100 0 1 0 0 6 2 47 18 2 0 2 5 5 15 33 374802 14 0 2 1
147 482218 T 105 55 0 0 2 11 4 36 29 0 0 4 7 2 15 42 481855 42 0 1 8
148 441738 Y 1 50 3 0 33 5 53 7 1 9 0 50 2 0 7 11 19 2 0 441446 39
149 445161 Q 1 2 1 12 9 6 35 8 18 25 0 3 12 444825 128 5 12 3 0 2 54
150 427038 R 2 4 5 5 1 112 4 1 55 4 27 0 2 9 426740 22 17 0 23 4 1
151 468843 T 88 0 2 0 5 4 1 51 40 16 3 0 12 4 9 59 468541 4 0 0 4
152 496939 R 11 0 0 21 0 112 80 21 55 3 0 1 15 7 496465 31 15 3 0 49 50
153 552225 A 551908 10 30 2 7 33 0 8 2 11 0 3 12 6 7 50 91 41 0 0 4
154 590545 L 8 11 4 6 58 30 38 106 12 589764 2 14 79 2 17 9 15 335 2 6 27
155 601022 V 117 4 71 2 10 51 1 81 2 19 3 4 3 4 24 18 8 600582 0 4 14
156 614120 R 42 121 0 0 0 30 239 10 3 40 0 0 36 3 613516 51 6 3 0 5 15
157 619520 T 165 15 0 0 13 23 5 196 6 36 0 28 38 11 36 6869 612008 64 1 0 6
158 632071 G 163 52 202 5 0 630671 117 2 1 254 30 9 18 7 57 366 38 43 0 11 25
159 652201 M 32 0 16 1 20 27 15 175 29 602 650936 4 45 16 24 11 85 141 1 6 15
160 735399 D 7 7 734687 163 3 158 57 44 2 7 0 91 8 8 9 13 12 66 10 28 19
161 654667 P 50 13 5 12 8 445 53 12 38 129 5 4 653491 18 81 179 59 25 10 1 29
162 617706 R 1 2 2 6 17 215 14 36 84 40 45 20 26 4 616992 43 22 10 21 4 102
163 566591 M 71 19 9 10 4 51 0 154 16 446 564227 14 5 10 24 29 606 839 11 4 42
164 555958 C 15 554435 2 2 47 16 5 56 15 21 149 6 22 18 108 299 22 426 11 195 88
165 523999 S 184 25 0 12 40 60 1 39 3 17 0 41 108 7 6 523365 49 0 1 34 7
166 519578 L 15 27 0 588 1 19 5 69 19 517705 52 1 136 780 16 107 8 17 1 2 10
167 509081 M 3 14 5 1 2 9 0 189 35 98 508498 0 1 2 9 3 85 88 0 1 38
168 474380 Q 8 7 0 23 3 9 45 10 37 32 3 3 37 473775 192 31 3 6 1 0 155
169 437462 G 47 24 54 0 7 437119 1 33 20 6 1 8 3 0 30 56 13 24 3 1 12
170 473883 S 8 1 8 0 1 10 5 0 1 122 1 1 62 14 14 473499 77 17 12 0 30
171 467583 T 69 14 0 0 1 5 8 49 1 9 8 22 8 7 12 60 467284 19 0 2 5
172 506672 L 223 12 0 10 44 5 54 77 2 505926 0 5 125 24 31 77 14 20 1 0 22
173 671117 P 153 0 7 0 2 17 67 26 10 100 0 22 670176 161 40 82 65 18 1 39 131
174 687654 R 1 0 4 1 0 122 0 23 65 10 40 79 14 11 687110 52 31 6 38 9 38
175 568689 R 3 0 1 6 1 120 0 1 56 9 26 3 4 1 568360 44 9 4 41 0 0
176 614894 S 35 21 0 1 55 9 1 48 0 3 3 3 96 2 35 614490 45 10 0 26 11
177 638794 G 5 5 1 70 0 638485 1 21 1 3 0 0 1 4 106 9 2 22 0 0 58
178 615587 A 615105 0 35 3 0 10 0 13 5 16 0 15 48 6 6 131 81 102 1 1 9
179 633285 A 632824 14 0 31 1 24 3 1 1 1 0 0 31 4 2 48 197 103 0 0 0
180 645581 G 9 41 64 0 2 645334 0 0 2 6 0 2 0 2 13 65 2 24 0 2 13
181 639434 A 638763 2 32 45 0 24 16 1 12 23 0 10 9 63 23 173 166 63 1 2 6
182 652126 A 650662 3 3 48 0 105 16 2 3 18 3 278 26 2 11 90 225 282 5 0 344
183 696388 V 104 13 53 4 17 11 10 69 0 27 0 5 7 2 11 23 16 696012 0 0 4
184 705704 K 1 23 1 140 3 379 8 61 704640 9 0 119 8 50 127 26 19 10 0 6 74
185 588855 G 112 1 9 99 3 588195 3 2 2 4 0 6 7 31 263 10 23 27 3 9 46
186 570753 V 92 23 42 9 48 40 130 123 9 53 8 29 60 2833 14 38 220 566962 11 0 9
187 561098 G 59 3 4 99 1 560611 11 3 15 5 0 1 31 6 105 15 6 33 62 10 18
188 433677 T 90 3 9 4 2 7 11 66 16 18 1 1 25 14 19 97 433284 3 0 6 1
189 346245 M 11 19 0 7 2 72 0 92 25 69 345737 1 7 6 22 40 73 48 11 2 1
190 331989 V 196 5 2 23 2 603 1 7 1 26 37 7 3 3 1 26 138 330897 2 4 5
191 317511 M 8 0 1 0 1 8 1 69 31 71 317215 4 3 4 6 0 33 49 2 1 4
192 288835 E 4 0 17 288634 0 82 1 7 27 2 2 0 3 6 3 0 4 16 0 1 26
193 355734 L 5 6 4 77 21 92 4 7 69 355076 124 5 12 7 9 58 34 88 5 0 31
194 425133 I 2 4 7 81 0 29 3 424374 22 65 67 4 9 34 274 9 46 91 0 5 7
195 402281 R 0 1 2 0 0 107 8 1 47 13 38 0 7 0 401978 33 10 7 24 2 3
196 422477 M 19 10 3 5 0 16 3 113 33 68 421980 8 15 16 7 10 68 76 7 1 19
197 454921 I 481 35 13 6 38 8 1 453924 0 9 19 63 2 1 5 31 170 113 0 2 0
198 432072 K 2 0 0 67 0 0 3 6 431847 0 1 47 0 16 52 10 9 1 0 0 11
199 405543 R 2 52 0 5 0 7 73 0 4 25 1 4 8 1 405325 27 4 3 0 0 2
200 401451 G 17 0 1 41 0 401222 1 1 0 0 3 1 2 0 89 2 6 29 32 1 3
201 402551 I 44 3 2 1 30 11 6 401947 1 18 9 33 1 6 6 12 60 354 0 1 6
202 415059 N 1 0 75 2 0 1 42 22 41 21 5 414686 3 1 8 71 34 19 2 25 0
203 392252 D 2 1 392050 24 0 43 6 2 1 8 1 52 1 3 2 2 0 32 1 20 1
204 407613 R 48 0 1 10 2 7 0 3 0 33 3 6 14 83 407296 3 3 4 59 36 2
205 425878 N 43 1 71 2 0 70 3 10 29 21 3 425431 20 2 2 113 28 1 7 17 4
206 508595 F 7 5 0 0 508230 11 1 31 1 161 0 2 38 5 3 71 1 15 0 12 1
207 524834 W 7 36 1 2 14 11 0 2 0 43 0 1 5 6 254 19 0 1 524270 5 157
208 391140 R 0 0 0 1 0 96 0 23 33 3 0 1 6 4 390866 54 9 1 1 0 42
209 424689 G 2 32 47 2 2 424468 0 1 1 10 0 25 4 2 11 55 2 15 1 0 9
210 450444 E 9 1 65 450003 2 89 2 0 65 2 0 0 2 16 75 7 3 36 10 1 56
211 436893 N 9 3 103 0 0 23 29 47 37 73 454 435824 78 4 10 77 25 58 15 12 12
212 409648 G 17 7 4 57 0 409357 9 0 6 7 25 10 1 0 80 5 3 22 4 1 33
213 401403 R 0 0 0 4 3 12 1 0 2 16 0 0 19 84 401157 2 11 4 0 0 88
214 394639 K 128 5 0 42 0 1 8 19 394173 23 1 7 0 10 166 7 17 15 6 4 7
215 393827 T 40 0 0 1 0 44 0 29 19 10 0 5 59 33 7 327 393220 33 0 0 0
216 367681 R 1 0 1 0 0 75 3 1 38 3 38 0 2 0 367459 30 7 1 17 0 5
217 339039 S 91 52 0 7 3 97 2 15 1 18 5 93 4 7 75 338491 50 19 2 7 0
218 356014 A 355779 4 26 3 0 8 1 1 0 0 0 1 43 4 5 47 43 49 0 0 0
219 353289 Y 3 58 11 0 34 16 66 1 0 14 0 9 1 0 4 5 30 2 0 353005 30
220 363125 E 10 1 4189 358732 0 51 3 3 68 1 4 0 0 4 0 16 0 22 0 0 21
221 326221 R 0 0 1 1 7 61 0 9 43 5 0 1 0 0 326044 15 16 1 0 1 16
222 284376 M 7 0 0 2 19 36 1 73 19 26 284093 5 0 1 6 15 33 38 0 2 0
223 351757 C 1 351468 0 0 31 9 0 0 0 4 0 0 0 0 74 46 3 3 17 72 29
224 362963 N 4 0 58 0 0 0 6 36 23 0 0 362762 0 1 0 46 3 0 0 24 0
225 376632 I 0 0 0 0 21 5 1 376444 0 9 5 27 0 4 0 6 44 51 14 0 1
226 392364 L 1 0 0 0 25 2 36 12 0 392197 0 2 60 1 1 8 1 18 0 0 0
227 403985 K 0 0 0 50 0 0 0 27 403821 0 0 14 0 16 40 1 0 0 0 0 16
228 411575 G 11 0 0 56 0 411387 0 0 0 6 1 0 4 0 60 8 0 28 0 0 14
229 420584 K 4 0 0 60 23 2 0 20 420333 1 0 67 1 3 51 1 4 0 4 0 10
230 439169 F 2 2 0 52 438818 4 29 33 0 123 0 3 2 6 0 72 4 5 2 11 1
231 416077 Q 8 5 0 9 0 3 53 1 34 37 0 2 58 415607 151 29 5 22 0 1 52
232 393192 T 73 2 4 1 0 3 5 47 16 51 1 112 138 7 14 24 392692 1 0 0 1
233 389687 A 389238 2 19 1 0 10 0 1 0 7 12 2 147 2 14 20 170 42 0 0 0
234 345264 A 344896 1 22 33 0 21 1 2 1 9 0 2 26 2 2 49 135 53 7 0 2
235 335597 Q 24 62 0 7 1 306 27 1 26 274 4 0 57 334680 51 3 26 7 0 0 41
236 331508 R 1 0 2 0 0 110 0 0 57 9 24 1 23 1 331199 38 7 23 12 0 1
237 330500 A 330171 3 3 20 0 55 1 0 3 13 8 0 19 3 8 57 72 61 1 0 2
238 345866 M 12 5 15 5 1 18 5 80 28 18 345443 21 9 47 12 24 50 56 4 1 12
239 309368 M 25 4 6 3 1 16 3 175 30 41 308834 3 12 19 15 16 54 108 1 1 1
240 371344 D 39 1 370970 39 0 98 17 8 4 1 0 50 0 2 22 12 5 44 7 25 0
241 353513 Q 1 0 1 12 0 16 18 4 26 26 3 10 7 353225 106 6 3 1 1 0 47
242 408491 V 70 1 5 35 8 23 0 4 1 24 85 1 6 17 24 27 16 408139 0 4 1
243 407924 R 9 4 34 5 0 87 2 37 104 5 0 0 25 0 407499 53 5 2 0 5 48
244 401180 E 12 1 17 400892 1 85 0 15 60 8 0 4 11 9 5 5 7 16 0 3 29
245 431039 S 2 13 2 2 2 157 1 13 0 15 0 46 46 14 51 430627 30 13 1 0 4
246 421758 R 0 6 0 3 0 8 2 3 4 68 2 2 11 125 421318 14 45 6 78 42 21
247 427587 N 4 14 61 31 4 20 2 35 31 13 4 427240 1 3 3 62 20 5 0 28 6
248 449647 P 912 5 3 0 1 103 3 3 0 54 0 0 447869 38 11 41 569 18 4 0 13
249 469267 G 47 3 1 67 0 468953 1 1 5 27 0 0 4 8 81 2 2 22 0 4 39
250 449577 N 77 272 79 6 1 13 4 22 34 25 12 448829 3 7 57 66 18 18 6 23 5
251 479693 A 479395 3 38 0 6 9 0 0 0 6 0 0 18 0 6 40 88 83 1 0 0
252 463573 E 8 1 31 463294 0 86 0 0 66 8 1 0 1 14 2 2 1 31 2 0 25
253 485551 I 11 2 1 0 37 11 0 485244 4 17 18 30 0 1 21 20 42 71 13 3 5
254 470394 E 3 0 25 470110 0 52 0 0 115 1 0 0 0 15 0 0 1 37 0 0 35
255 474233 D 5 0 473945 37 7 56 6 0 0 2 0 45 6 0 0 0 3 54 1 47 19
256 453137 L 6 10 2 23 35 144 50 16 7 452603 0 4 109 1 30 37 47 7 1 3 2
257 455812 I 7 34 0 0 116 178 0 455172 0 78 11 33 15 7 5 28 54 68 0 1 5
258 414211 F 20 9 0 4 413908 9 1 14 15 117 0 2 10 0 15 52 1 11 1 20 2
259 404395 L 29 15 0 3 9 39 2 125 4 403832 31 8 92 54 17 67 8 35 9 0 16
260 410287 A 409869 3 2 27 1 48 12 0 3 4 3 2 31 1 2 43 104 110 1 0 21
261 347019 R 0 0 1 6 0 5 5 1 6 15 0 0 6 62 346820 0 0 0 87 1 4
262 425562 S 105 25 1 1 50 10 4 0 0 10 1 7 55 279 3 424693 32 258 0 25 3
263 417992 A 417050 3 9 32 2 86 3 3 0 11 4 109 9 2 7 52 400 185 13 8 4
264 356096 L 46 14 0 2 45 54 35 37 36 355633 0 5 87 7 8 20 24 17 2 18 6
265 389273 I 29 115 2 0 0 27 5 388089 19 225 71 1 164 3 11 113 90 298 0 6 5
266 408872 L 13 6 0 26 34 54 11 20 504 407798 40 0 10 9 43 97 108 71 3 6 19
267 408794 R 9 0 1 10 0 146 0 20 127 5 1 2 10 17 408379 27 12 0 0 1 27
268 457692 G 4 21 0 43 0 457011 16 1 4 2 1 1 2 2 90 310 89 41 19 0 35
269 520169 S 26 0 0 3 0 13 8 1 1 87 0 6 83 0 4 519723 153 8 0 1 52
270 537041 V 82 4 37 0 21 11 6 67 0 76 2 2 15 117 5 15 12 536568 0 0 1
271 530443 A 530077 2 23 2 0 25 1 14 1 7 9 3 20 3 2 44 125 57 4 3 21
272 546897 H 18 0 18 0 2 5 546416 1 6 80 6 39 30 56 92 25 11 13 1 63 15
273 552582 K 11 6 15 54 16 2 0 39 552178 10 7 53 6 31 75 9 6 7 0 2 55
274 543164 S 7 7 4 1 35 39 0 5 5 30 0 2 55 1 8 542853 51 3 9 34 15
275 518172 C 169 517038 1 10 15 49 2 24 23 31 10 11 50 2 134 177 195 49 7 60 115
276 454229 L 8 7 0 0 0 7 14 5 7 453685 30 111 48 140 30 21 34 73 4 0 5
277 388906 P 54 9 0 2 11 56 75 18 1 63 9 3 387751 75 38 590 139 5 0 0 7
278 362934 A 361746 29 37 17 30 71 2 0 4 81 10 1 210 9 12 57 292 320 1 0 5
279 335967 C 253 333766 5 3 34 676 6 0 0 349 6 84 15 4 269 135 58 169 11 83 41
280 323813 V 135 1 0 38 3 23 6 123 16 37 107 3 37 0 34 40 39 323149 15 2 5
281 243536 Y 9 43 13 21 16 5 48 1 1 8 6 15 10 10 22 7 9 8 8 243222 54
282 202634 G 123 11 18 47 30 201917 6 32 22 82 2 0 9 13 91 53 59 50 2 27 40
283 261697 P 2870 16 6 378 65 31762 1176 21 16 578 262 270 212537 5176 2813 1686 280 1353 426 1 5
284 394892 A 393252 2 17 0 14 14 0 1 57 1 0 0 13 12 710 50 208 96 417 14 14
285 370239 V 56 0 4 39 4 126 139 93 0 75 424 0 37 2 12 50 12 369139 1 17 9
286 407288 A 406968 11 8 1 0 16 9 1 0 3 8 0 29 5 2 59 46 41 76 2 3
287 480712 S 0 36 0 0 0 54 0 27 0 0 0 94 3 4 1508 478948 36 0 2 0 0
288 527627 G 110 171 47 15 34 527061 0 57 1 0 0 0 1 0 19 87 0 22 1 1 0
289 525810 Y 298 100 7 1 32 74 19243 7 191 532 4 158 6 1962 639 115 3 26 0 502376 36
290 553465 D 1 0 553154 23 0 75 9 0 1 1 0 128 0 0 4 2 4 35 0 19 9
291 534467 F 416 205 2 0 529703 784 0 51 102 258 33 1 113 15 188 479 5 79 1 2019 13
292 538032 E 16 10 22 537292 4 121 3 2 100 196 56 11 8 6 36 2 6 106 0 6 29
293 530015 K 6 4 15 255 0 10 1 19 529085 1 0 38 16 7 496 9 7 35 0 0 11
294 517261 E 7818 33 48 502720 1 721 897 4 227 100 2 3 4 292 171 2 313 3886 0 1 18
295 493214 G 16 0 6 86 0 492945 0 21 0 5 0 0 0 1 58 0 1 36 0 1 38
296 424117 Y 1 64 10 1 35 12 67 3 1 8 25 33 9 20 0 4 9 1 0 423751 63
297 379196 S 5 4 2 0 13 9 0 0 2 9 0 1 75 1 0 378954 39 2 0 12 68
298 325353 L 0 4 10 5 20 4 5 6 0 325190 5 2 0 0 7 44 3 6 0 1 41
299 354319 V 38 4 0 38 0 34 2 1 0 21 46 0 0 0 8 6 2 354071 15 1 32
300 268591 G 20 1 0 72 1 268390 5 9 1 3 0 1 0 0 36 1 1 17 1 2 30
301 401357 I 7 3 4 2 5 4 7 400052 65 83 125 22 12 35 376 123 83 160 0 170 19
302 401166 D 52 59 399523 34 4 63 10 1 6 134 0 124 805 23 71 18 40 99 13 83 4
303 380669 P 1616 1 0 0 0 52 30 2 0 30 1 2 378840 13 11 24 30 13 3 0 1
304 430293 F 4 24 1 3 429814 70 1 48 0 98 6 5 0 0 10 91 6 83 1 27 1
305 433219 K 47 6 4 106 7 913 2 34 431129 30 0 58 11 448 123 63 202 10 0 1 25
306 428505 L 457 157 0 10 19 188 53 30 7 419401 18 0 78 1676 5009 314 1031 25 31 1 0
307 444447 L 27 1799 34 3 31 22 21 18 38 442279 0 0 79 1 19 8 34 24 3 1 6
308 449259 Q 322 31 0 38 14 186 260 23 52 92 82 7 7 447049 150 15 3 695 192 2 39
309 444476 N 140 6 52 12 43 2736 25 142 343 199 3 428947 279 200 9840 556 876 25 14 36 2
310 436473 S 3791 1857 11 15 2 1103 773 1014 2 304 47 151 4 205 224 426777 46 93 8 16 30
311 471049 Q 5 0 6 18 0 404 22 1 47 40 1 22 8 463913 2508 439 3527 3 0 20 65
312 516186 V 165 6 7 115 0 48 121 86 1 103 65 0 11 1049 21 11 24 513534 809 3 7
313 484572 Y 26 93 9 0 53 29 61 12 8 24 1 27 40 7 57 23 16 17 8 484020 41
314 488716 S 369 59 1 2 23 372 6 34 8 12 0 101 30 9 77 487570 32 5 2 2 2
315 494913 L 36 283 11 5 185 22 6 72 6 493245 4 8 182 44 336 138 271 24 11 13 11
316 543566 I 25 133 0 3 39 6 0 542975 1 96 15 35 47 0 2 11 53 116 5 3 1
317 516341 R 0 10 2 1 5 176 11 24 69 15 0 0 2 8 515923 32 17 32 0 0 14
318 527045 P 319 251 13 9 16 126 0 4 11 230 17 18 524690 110 415 369 146 120 1 173 7
319 539209 N 21 15 65 13 9 304 6 148 160 84 13 533073 3 0 118 160 25 4955 1 29 7
320 558031 E 17 5 45 557587 11 96 2 5 87 8 3 0 3 9 7 30 2 80 1 2 31
321 591940 N 14 9 90 3 8 44 8 25 53 12 3 591156 5 13 283 80 20 13 16 81 4
322 602172 P 21 26 3 0 8 15 3 0 2 81 53 22 601663 54 34 81 76 24 4 1 1
323 611148 A 609899 5 3 36 63 78 34 25 5 58 11 1 24 139 294 182 96 153 3 23 16
324 653846 H 2 0 13 10 0 0 653347 3 3 84 0 38 25 95 104 2 42 10 0 66 2
325 653116 K 0 0 4 187 3 1 0 0 652604 7 41 35 1 11 169 0 24 0 0 8 21
326 555111 S 0 32 0 0 0 83 0 13 0 1 0 87 0 2 61 554822 10 0 0 0 0
327 552205 Q 0 1 4 20 5 16 50 0 34 33 10 199 16 551510 173 17 0 0 0 2 115
328 470880 L 30 5 1 1 4 8 1 3 7 470182 29 9 75 22 161 48 8 244 9 6 27
329 512914 V 82 69 12 29 10 66 3 82 9 97 72 2 2 4 12 40 5 512293 8 0 17
330 503450 W 0 40 31 1 0 13 0 30 2 45 24 1 6 5 94 18 1 98 502865 24 152
331 477410 M 83 35 8 0 0 8 2 175 51 126 476564 27 17 2 9 25 93 129 5 1 50
332 491782 A 489764 9 12 40 17 135 3 3 40 25 2 11 31 2 25 76 1405 146 7 3 26
333 515695 C 308 513178 9 47 41 125 8 27 6 30 971 16 24 14 153 442 35 15 21 179 46
334 520978 H 10 6 17 8 0 13 520542 11 1 48 4 70 11 40 78 14 0 2 5 96 2
335 488063 S 137 54 1 1 42 55 0 6 1 18 0 2 52 5 9 487599 38 1 4 36 2
336 446706 A 446142 2 43 0 2 148 2 1 0 9 0 0 15 0 87 60 146 46 0 0 3
337 421856 A 421420 3 4 31 2 99 1 0 0 10 0 0 22 10 58 39 95 58 0 2 2
338 428112 F 0 124 3 2 426522 830 7 31 0 98 33 1 71 1 26 131 176 32 3 17 4
339 418841 E 6 1 301 418273 1 109 0 1 51 1 0 1 1 8 7 0 0 30 29 0 21
340 383282 D 3 0 382961 33 24 70 43 2 0 21 0 53 0 1 1 31 0 24 0 14 1
341 406451 L 2 0 0 4 0 10 1 84 1 406054 0 6 228 34 6 12 1 6 0 0 2
342 393138 R 35 1 6 1 2 245 3 23 42 10 1 3 13 16 392602 94 17 1 3 1 19
343 354630 V 50 3 0 24 0 16 0 55 0 83 0 0 0 2 2 1 2 354390 0 1 1
344 345827 L 12 10 0 9 31 10 0 27 1 345520 0 1 4 2 9 41 108 6 0 0 36
345 308255 S 7 15 1 0 0 49 18 129 0 3 5 33 14 0 38 307909 26 6 0 0 2
346 267752 F 19 7 3 3 267298 7 0 9 1 94 166 1 0 18 29 44 7 18 1 27 0
347 331840 I 22 1 1 1 26 1 2 331589 1 11 13 20 1 0 26 10 43 67 1 2 2
348 320825 R 0 4 0 0 0 81 1 18 41 5 0 2 3 1 320583 35 16 1 1 1 32
349 311483 G 8 0 1 39 3 311293 0 0 0 11 0 0 6 4 48 4 8 32 26 0 0
350 411914 T 816 36 22 0 46 8 1 74 0 2 1 25 21 1 29 65 410610 41 114 0 2
351 418307 K 3 8 0 53 3 2 1 25 418007 3 0 55 2 33 65 3 2 21 0 0 21
352 443487 V 92 3 3 39 0 16 0 57 0 33 0 0 0 8 2 9 1 443210 2 10 2
353 450538 S 13 10 0 0 26 7 3 14 4 6 0 0 481 1 173 449718 32 7 12 29 2
354 425909 P 18 3 3 1 23 33 0 2 1 43 0 0 425357 65 44 88 35 29 2 160 2
355 414075 R 0 1 1 0 0 93 0 4 89 4 27 0 0 0 413807 29 5 0 15 0 0
356 371390 G 13 0 0 43 0 371251 0 1 0 0 0 0 0 0 25 3 0 20 29 0 5
357 370980 K 3 0 0 108 0 5 0 13 370665 2 1 55 2 7 97 4 5 0 0 0 13
358 375280 L 1 4 0 0 24 3 9 11 1 375112 0 1 84 0 5 1 14 10 0 0 0
359 362670 S 37 8 0 1 40 5 11 0 1 161 0 1 88 59 295 361875 52 10 1 23 2
360 426309 T 123 2 2 0 2 4 4 44 1 5 1 33 4 2 4 43 426008 18 0 1 8
361 403142 R 3 4 4 3 1 106 0 51 54 13 0 0 4 1 402803 18 19 26 0 1 31
362 370067 G 22 0 2 32 0 369893 0 0 0 0 0 0 3 1 49 2 0 30 3 0 30
363 435005 V 99 58 11 21 1 19 0 70 1 37 7 1 2 3 20 44 7 434600 0 2 2
364 429970 Q 1 0 0 26 0 23 33 0 43 42 1 3 7 429586 62 2 24 42 7 17 51
365 437425 I 2 5 1 0 20 5 16 437044 6 102 20 26 2 0 3 5 84 63 0 3 18
366 375968 A 375758 1 13 1 0 33 0 0 0 5 0 0 14 1 0 40 57 26 1 0 18
367 371466 S 9 0 1 0 2 6 3 0 1 33 3 39 64 1 29 371175 52 2 9 2 35
368 379015 N 1 2 35 29 0 21 2 17 80 16 6 378558 82 33 7 68 25 13 0 17 3
369 373684 E 5 1 12 373376 1 68 0 2 43 1 0 2 0 16 27 24 40 38 2 3 23
370 383567 N 0 8 50 6 0 1 14 23 26 13 4 383212 1 32 2 61 63 7 24 15 5
371 381337 M 1 7 6 1 0 9 5 128 43 37 380874 4 2 3 17 64 65 57 2 2 10
372 394032 D 9 0 393727 35 0 102 13 0 0 8 5 43 7 7 7 12 8 27 0 22 0
373 389066 A 387695 2 28 3 1 30 2 8 4 3 1 33 36 6 887 30 151 131 12 2 1
374 434598 M 28 11 23 1 0 15 1 169 38 81 433993 0 6 1 33 13 59 94 14 16 2
375 414291 E 10 0 55 413856 2 88 0 0 53 26 1 28 4 17 24 11 0 97 2 0 17
376 320199 S 8 10 4 0 10 54 2 3 3 30 6 7 50 10 26 319852 21 13 42 21 27
377 327021 S 11 42 0 1 3 195 0 18 2 146 3 87 24 4 73 326365 29 1 2 3 12
378 301179 T 66 1 17 0 1 8 0 29 6 5 8 12 6 0 120 54 300842 4 0 0 0
379 311942 L 1 1 1 9 23 9 22 38 1 311623 18 0 73 5 19 6 4 85 2 2 0
380 317087 E 4 0 20 316870 1 62 10 2 36 2 0 4 0 23 6 3 1 25 0 4 14
381 321352 L 7 8 11 4 0 31 5 8 4 319686 34 0 114 13 25 37 1239 120 2 1 3
382 337868 R 4 2 2 13 0 76 3 12 36 6 0 2 2 0 337653 24 8 5 0 3 17
383 390104 S 19 18 2 1 1 198 11 25 1 8 42 76 3 5 60 389527 51 33 3 4 16
384 419202 R 78 18 0 13 7 209 26 4 42 15 24 1 3 2 418626 53 20 12 48 1 0
385 498676 Y 1 92 15 3 41 13 99 5 2 40 2 48 5 3 40 17 9 9 10 498190 32
386 483588 W 4 34 7 13 0 20 26 6 0 68 0 1 1 2 148 49 8 9 483056 5 131
387 450564 A 450197 1 39 3 0 35 1 2 0 0 0 0 23 5 10 56 106 85 0 0 1
388 494849 I 1 2 2 0 1 5 6 494363 26 80 168 0 14 4 8 14 57 65 1 9 23
389 461503 R 1 0 1 14 1 121 0 11 74 10 0 5 0 0 461197 22 8 1 0 18 19
390 472606 T 71 6 0 5 7 5 25 34 1 11 0 36 7 0 20 61 472285 19 0 0 13
391 479249 R 3 2 2 7 34 117 1 33 87 7 2 4 0 5 478804 39 38 3 7 14 40
392 460934 S 69 17 0 0 1 107 1 22 4 31 2 51 6 1 57 460545 9 2 0 4 5
393 471664 G 110 3 2 56 1 471309 1 0 0 2 0 0 0 3 104 6 5 31 3 5 23
394 449740 G 19 1 0 44 1 449516 0 0 1 4 0 0 0 1 81 3 0 34 0 2 33
395 454106 N 287 26 80 4 5 33 78 35 42 1 2 453184 1 4 35 213 51 2 1 16 6
396 458352 T 568 78 0 2 25 150 22 47 35 80 1 31 36 58 862 280 455816 12 53 162 34
397 526481 N 14 103 79 0 196 10 15 35 77 39 6 525509 10 20 164 120 27 30 1 22 4
398 530014 Q 11 31 1 19 16 23 133 22 27 3144 2 150 60 524849 1401 32 7 18 7 3 58
399 475809 Q 37 52 1 25 11 189 45 58 197 195 5 2 81 473681 859 37 37 46 152 5 94
400 425842 R 11 1 0 8 0 164 7 0 70 6 45 0 0 3 425432 34 24 0 30 1 6
401 414379 A 413460 0 31 4 0 62 31 3 10 3 0 4 30 6 502 43 93 94 0 3 0
402 418515 S 72 11 1 2 29 32 17 7 2 19 1 12 92 8 104 417955 111 9 0 27 4
403 423336 A 422851 10 3 24 1 32 4 1 5 18 0 9 24 5 32 54 104 152 0 2 5
404 447685 G 24 27 59 4 1 447420 0 2 0 5 3 2 6 0 6 72 4 32 3 2 13
405 447825 Q 6 21 0 6 0 0 26 8 60 29 2 0 14 447490 74 31 3 0 0 0 55
406 466265 I 0 0 0 0 33 0 0 465938 5 34 8 52 1 8 3 43 66 61 0 6 7
407 425568 S 1 21 0 0 0 100 1 9 0 6 1 56 0 0 58 425304 6 4 1 0 0
408 431280 V 105 1 0 41 0 10 0 1 0 30 91 0 0 0 1 2 4 430985 0 0 9
409 427355 Q 112 42 0 18 3 37 171 29 32 44 15 8 5 426053 79 128 247 119 9 5 199
410 388422 P 211 156 1 0 0 29 45 0 0 40 0 3 387764 2 59 78 25 6 2 0 1
411 414418 A 413718 50 0 24 5 31 1 1 0 2 0 4 15 3 7 82 279 190 1 0 5
412 424533 F 3 14 3 6 424160 5 1 76 1 90 9 4 2 1 0 68 3 74 0 10 3
413 374310 S 3 6 2 1 28 14 3 3 7 9 5 4 51 3 23 374097 17 4 0 21 9
414 395831 V 115 13 0 37 0 31 3 7 5 274 94 1 3 7 5 12 34 395183 3 0 4
415 407994 Q 357 5 4 43 8 327 33 3 510 868 5 13 12 399134 3613 2462 31 86 419 0 61
416 409901 R 12 7 0 20 2 133 7 17 40 8 0 0 10 1 409527 24 27 7 5 1 53
417 376689 N 15 9 72 1 27 47 49 164 251 32 0 375537 44 1 32 174 94 38 5 96 1
418 404315 L 7 131 0 6 34 15 30 82 2 396512 7155 1 111 4 40 6 5 161 11 0 2
419 430284 P 132 0 2 24 0 11 6 8 7 90 4 1 429649 35 145 58 44 59 3 0 6
420 406252 F 173 13 7 1 405610 22 2 102 12 101 2 0 1 19 12 99 6 27 6 31 6
421 416893 D 1908 14 412675 40 1 91 261 314 16 90 31 282 0 0 66 745 75 255 0 20 9
422 404228 K 18 4 2 87 178 716 29 26 400936 37 0 95 0 29 906 336 206 540 3 66 14
423 398428 P 213 298 6 1 15 2065 3 44 19 80 13 0 394826 271 387 69 34 55 14 12 3
424 413402 T 152 44 25 25 6 59 5 51 12 286 0 148 23 64 29 260 412150 54 3 4 2
425 420503 I 165 44 33 3 32 17 1 419892 2 59 10 40 1 2 3 26 82 81 0 6 4
426 399392 M 62 163 0 5 3 3 3 1215 27 263 397048 10 13 77 55 17 233 175 6 11 3
427 362331 A 360235 0 9 19 2 1112 12 11 5 23 0 148 16 12 154 79 395 98 0 1 0
428 357742 A 357019 29 3 34 103 58 5 0 1 10 1 1 13 8 14 124 195 117 6 1 0
429 355221 F 17 111 1 2 354108 48 3 18 2 121 14 2 6 0 22 86 2 15 2 636 5
430 321539 T 74 16 1 4 4 407 4 26 3 32 1 39 8 4 21 129 320733 13 3 15 2
431 347979 G 32 64 4 45 43 347073 230 22 14 154 0 7 11 5 119 31 29 60 28 8 0
432 353796 N 909 15 73 2 23 67 2 59 25 28 51 351741 43 6 98 404 88 93 9 54 6
433 371818 T 90 49 10 3 7 48 3 308 23 349 2 1 38 18 27 141 370653 34 7 5 2
434 375744 E 42 3 47 375118 0 139 5 0 42 17 2 1 9 12 14 167 7 52 25 2 40
435 400783 G 16 0 6 101 3 400446 0 0 1 4 1 0 0 1 76 13 3 29 15 0 68
436 406348 R 8 3 8 4 2 96 0 27 81 9 0 9 16 11 405981 41 10 7 6 0 29
437 408423 T 92 15 58 7 1 15 1 40 82 29 0 7 20 5 21 79 407905 26 3 1 16
438 427015 S 22 9 7 3 1 1357 64 7 3 59 2 195 49 5 18 425042 60 69 3 1 39
439 416648 D 13 0 414898 29 0 75 8 1491 1 2 0 50 2 2 6 1 3 38 13 13 3
440 401770 M 40 5 3 33 8 42 4 87 46 35 401204 22 10 26 38 4 50 69 25 16 3
441 386998 R 4 0 2 5 0 132 41 2 57 18 61 0 2 0 386571 59 16 2 24 0 2
442 392518 A 389338 2 0 43 4 1389 8 3 3 6 721 49 90 4 8 570 132 120 5 21 2
443 399128 E 3 5 23 398349 0 54 0 0 51 0 0 0 2 133 7 0 1 478 0 1 21
444 399703 I 69 29 12 6 32 78 10 399044 6 74 4 20 3 6 25 31 125 89 11 24 5
445 455125 I 41 78 3 24 2 75 2 454286 33 57 148 24 13 2 52 32 75 91 21 9 57
446 411716 R 387 13 532 1098 5 1171 13 107 163 287 425 57 20 7 406802 234 59 185 88 6 57
447 396719 M 48 62 9 23 42 80 246 123 23 176 394882 2 3 102 255 40 115 463 10 8 7
448 400683 M 6 9 7 5 0 25 3 119 36 97 400056 1 0 2 99 10 90 110 4 1 3
449 368401 E 7 12 126 367929 2 121 0 1 49 7 0 0 1 11 80 1 4 31 0 0 19
450 387364 G 53 38 59 0 0 386128 7 109 2 14 1 6 134 0 17 139 588 62 0 5 2
451 440548 A 436062 66 6 81 3 2220 2 0 171 608 1 471 22 2 179 38 324 243 13 4 32
452 435392 K 8 1 0 62 0 26 3 26 434905 27 1 111 4 6 162 8 15 18 0 0 9
453 436223 P 6 28 0 0 0 130 5 1 1 30 1 4 435559 24 348 42 36 3 0 3 2
454 459082 E 77 5 41 457968 1 84 2 1 210 184 5 5 14 19 42 112 1 141 0 143 27
455 485654 E 268 70 44 483563 5 128 35 119 37 473 43 133 17 116 27 261 89 205 2 3 16
456 504621 M 1 132 0 2 4 224 0 103 229 2332 499067 16 2 525 746 224 428 121 20 9 436
457 495278 S 108 13 69 2 46 86 2 0 0 1485 0 7 147 4 12 493190 65 5 13 22 2
458 533649 F 2 8 4 0 532949 12 0 81 2 166 10 1 0 1 11 156 14 24 68 123 17
459 520084 Q 11 4 9 119 6 68 54 1 111 79 1 3 170 516725 2078 476 47 49 9 0 64
460 496006 G 222 10 0 75 2 495282 17 2 1 11 40 0 5 6 280 18 3 20 10 2 0
461 490367 R 164 12 0 1 0 130 1 0 1 49 0 0 21 151 489708 6 0 3 117 0 3
462 467033 G 114 12 0 182 6 463799 0 4 0 2716 0 0 8 1 77 34 0 24 8 0 48
463 455037 V 56 14 20 2 13 22 242 1466 0 115 51 1 1 1 20 11 17 452985 0 0 0
464 465781 F 86 4 45 2 465164 33 10 45 5 142 0 0 2 1 0 108 0 102 0 32 0
465 535196 E 11 0 45 534676 8 144 0 1 134 1 0 2 0 18 81 14 1 23 1 0 36
466 460695 L 60 17 27 13 336 17 966 413 114 456770 125 15 558 21 23 83 89 175 775 94 4
467 481678 S 4 7 0 7 5 51 2 13 6 6036 6 9 65 9 49 475237 43 24 10 60 35
468 517147 D 7 2 516779 35 0 127 15 0 0 1 1 79 1 1 0 4 11 52 0 27 5
469 580187 E 20 7 88 578771 3 373 42 127 165 50 1 14 76 25 50 79 16 221 1 4 54
470 608447 R 1 0 21 0 0 167 0 1 94 0 62 0 0 0 607955 112 15 0 19 0 0
471 571080 A 570561 1 1 25 0 43 0 0 0 20 0 0 17 5 0 33 176 191 0 7 0
472 574670 A 573876 0 1 43 1 28 0 1 0 4 0 1 18 2 5 128 216 301 0 45 0
473 602069 N 6 25 80 4 0 2 3 39 40 6 0 599444 0 3 304 2046 16 15 1 35 0
474 573078 P 34 0 0 0 0 0 0 0 0 254 0 0 572600 49 50 56 30 0 5 0 0
475 543464 I 29 10 2 1 33 10 2 543042 2 21 15 48 1 2 8 11 61 145 4 17 0
476 489998 V 143 192 7 22 0 52 0 1 3 25 134 1 0 2 17 5 3 489389 0 0 2
477 479786 P 36 0 2 0 0 0 31 4 0 43 0 0 479558 0 10 74 28 0 0 0 0
478 456901 S 12 14 2 0 125 11 4 9 1 136 0 1 122 12 29 456334 18 41 11 19 0
479 473710 F 94 27 6 3 473036 10 1 26 21 246 5 0 2 0 31 64 4 27 0 103 4
480 469066 D 46 10 468318 157 0 87 10 0 3 3 2 77 4 0 27 126 60 118 0 18 0
481 395673 M 5 0 2 0 0 25 0 106 24 38 395140 1 0 1 59 4 64 91 112 0 1
482 474930 S 0 38 0 6 0 96 0 21 1 2 0 91 0 0 78 474585 9 2 0 1 0
483 527440 N 0 0 69 0 0 0 5 30 52 1 10 527183 1 0 0 67 2 0 0 18 2
484 456611 E 71 0 41 455806 10 74 0 8 188 0 2 1 1 9 0 9 0 355 0 0 36
485 407218 G 119 2 2 25 1 406746 1 0 0 5 0 11 0 3 197 52 2 27 1 3 21
486 413888 S 3 6 0 0 19 0 0 1 0 1 0 3 42 0 1 413770 22 0 0 20 0
487 414000 Y 1 30 3 0 21 0 90 3 2 1 0 6 0 0 0 1 1 0 0 413814 27
488 406001 F 0 1 0 1 405833 0 0 31 0 64 0 1 0 0 0 44 0 0 0 26 0
489 389746 F 0 1 0 0 389498 0 0 8 1 109 0 0 2 0 0 46 60 2 0 18 1
490 389442 G 4 0 0 26 2 389252 0 0 0 3 0 1 0 1 92 0 0 19 0 0 42
491 397545 D 10 9 397170 19 3 133 13 0 0 8 6 50 0 2 8 1 1 94 0 16 2
492 404008 N 2 20 57 0 1 2 8 25 61 4 1 403571 1 10 8 219 2 1 1 13 1
493 480579 A 479495 1 1 54 0 26 0 1 32 10 2 18 41 15 105 150 297 327 0 0 4
494 401239 E 15 1 51 400762 0 163 0 15 48 6 3 0 0 9 97 0 5 37 0 1 26
495 396811 E 7 0 273 396024 0 211 0 8 50 9 14 20 4 18 46 8 2 49 40 6 22
496 383393 Y 16 124 10 1 68 50 53 39 0 3 0 27 0 0 10 8 1 16 1 382909 57
497 356637 D 230 21 354189 42 38 491 13 21 1 240 4 112 0 1 17 923 84 115 29 58 8
498 274590 N 90 25 34 5 12 282 131 138 322 230 284 271119 4 21 1340 109 145 226 9 32 32
