# amino-acid counts among definitively called codons
# POSITION TOTAL_COUNTS WT N_A N_C N_D N_E N_F N_G N_H N_I N_K N_L N_M N_N N_P N_Q N_R N_S N_T N_V N_W N_Y N_STOP
1 647344 M 1 0 0 0 0 1 5 308 45 34 646670 0 0 1 5 0 100 172 2 0 0
2 616707 A 611305 90 128 176 87 470 275 126 109 398 15 147 1043 186 471 430 411 593 33 97 117
3 643725 S 409 142 109 103 155 72 221 119 86 306 15 111 686 107 328 639910 348 132 66 168 132
4 645817 Q 544 171 223 196 200 385 394 455 429 859 73 321 1514 636598 841 704 802 380 78 234 416
5 590094 G 294 199 275 51 73 586231 189 116 39 307 35 101 586 128 313 437 326 185 12 81 116
6 524386 T 267 148 144 120 164 217 218 295 177 476 53 280 621 195 237 506 519537 233 66 196 236
7 524420 K 443 84 147 172 113 305 202 276 519059 419 64 301 752 189 380 424 495 255 36 127 177
8 465158 R 178 42 96 77 83 228 201 181 141 444 49 147 585 245 461190 288 312 136 290 98 147
9 473686 S 272 75 133 104 163 235 221 175 107 404 52 128 433 145 340 469846 331 220 42 127 133
10 513502 Y 343 216 174 105 113 428 318 217 149 463 63 179 586 185 526 493 416 270 79 507938 241
11 468938 E 190 45 94 466075 74 261 40 120 148 213 29 126 353 65 194 246 248 161 43 62 151
12 440271 Q 326 110 114 82 119 241 377 154 180 533 48 210 739 435131 419 454 463 173 43 137 218
13 540896 M 373 139 162 144 106 321 285 448 253 571 534663 252 776 193 499 454 440 362 66 160 229
14 533345 E 287 78 144 528478 82 498 181 128 198 311 23 96 1007 185 352 428 327 220 60 84 178
15 502821 T 255 56 55 74 40 202 103 83 79 196 42 126 359 112 284 217 500220 151 39 67 61
16 561657 D 171 49 559205 140 33 236 107 55 65 143 19 150 228 59 234 176 190 150 21 144 82
17 555808 G 262 74 69 223 52 552089 114 113 118 258 39 109 487 147 453 276 266 246 161 117 135
18 551191 E 309 78 119 546970 76 361 161 80 266 244 16 104 845 151 327 298 352 170 26 88 150
19 556848 R 225 306 79 53 53 235 574 143 78 372 23 84 574 125 553050 260 313 139 29 49 84
20 569058 Q 397 111 151 149 105 278 409 232 241 578 77 139 708 562935 1024 376 459 211 100 129 249
21 545920 N 268 82 210 104 52 292 213 194 228 384 68 541165 663 170 428 414 371 213 49 194 158
22 557572 A 550076 144 223 272 129 499 316 260 222 476 82 291 842 305 604 724 828 744 87 180 268
23 582549 T 539 119 154 118 151 350 340 306 210 545 83 258 819 298 597 673 576236 214 69 228 242
24 556699 E 395 115 197 550856 135 493 194 244 278 432 66 206 467 255 549 457 386 363 103 182 326
25 502474 I 145 64 92 83 107 163 144 498937 102 291 59 161 506 143 308 294 373 214 32 102 154
26 535770 R 295 73 73 125 40 556 169 168 145 316 34 92 770 118 531708 319 264 112 86 112 195
27 513213 A 509450 53 68 142 67 343 127 100 84 290 51 62 466 126 305 325 365 476 72 107 134
28 552880 S 294 120 79 87 162 277 133 93 93 414 26 98 536 130 360 549156 274 158 53 170 167
29 532431 V 328 56 112 67 104 211 106 280 65 282 12 86 427 66 254 226 228 529335 24 76 86
30 557171 G 309 122 106 185 78 553515 137 78 21 339 17 35 519 120 567 224 205 248 112 87 147
31 558480 K 190 68 65 178 78 194 117 158 555026 285 56 188 409 96 362 305 283 155 22 86 159
32 550604 M 281 120 121 147 166 205 195 416 209 375 545673 163 380 164 392 428 367 336 65 154 247
33 555187 I 195 139 125 106 159 269 153 551148 153 386 76 216 133 213 457 350 102 307 44 169 287
34 551457 D 317 141 546239 190 89 512 229 223 137 419 66 228 299 185 469 464 469 335 60 204 182
35 501940 G 303 111 131 198 74 497897 123 125 117 264 39 123 404 151 513 347 324 232 48 139 277
36 529578 I 171 10 49 33 74 120 126 527037 67 253 47 113 373 95 328 189 196 135 9 72 81
37 501001 G 133 60 90 88 39 498960 46 77 80 165 24 60 194 47 268 165 142 153 24 39 147
38 462952 R 170 16 60 36 53 51 177 86 43 304 13 84 749 258 460134 142 268 69 1 33 205
39 506519 F 193 90 65 56 503210 154 142 139 62 427 31 54 538 104 256 358 199 136 34 126 145
40 489822 Y 305 290 104 145 131 330 299 270 211 302 62 182 191 15 380 284 321 257 96 485345 302
41 448325 I 134 82 73 85 82 170 112 445421 87 254 55 113 326 113 229 298 291 131 37 82 150
42 443127 Q 150 47 86 90 71 135 156 132 154 281 44 94 438 440068 358 237 206 92 28 95 165
43 432622 M 86 43 43 52 42 88 73 196 68 142 430755 74 195 41 136 158 147 115 21 66 81
44 466095 C 118 464190 28 22 95 83 53 47 12 144 8 58 248 16 208 288 97 56 52 180 92
45 451663 T 262 53 48 52 52 157 115 139 62 183 23 90 356 73 224 235 449269 101 44 50 75
46 491278 E 190 69 114 488807 69 155 80 92 146 168 36 92 243 98 155 222 182 132 28 79 121
47 564530 L 133 26 20 33 91 59 92 146 51 562589 13 65 340 100 172 168 184 87 33 52 76
48 574289 K 89 18 48 154 79 94 37 137 572274 187 11 185 125 74 142 126 127 85 18 76 203
49 572810 L 637 216 245 257 234 535 539 433 281 563483 100 328 1137 435 1100 739 805 488 142 319 357
50 568518 S 472 251 186 191 178 1042 421 313 221 710 59 300 1131 242 975 560161 656 426 136 188 259
51 629570 D 243 38 625604 223 143 203 83 247 142 312 110 182 394 68 98 224 402 428 23 226 177
52 667975 Y 457 298 193 178 186 652 248 317 264 531 109 245 455 152 431 583 525 482 116 661250 303
53 638484 E 452 138 440 632203 116 672 238 187 252 362 79 138 635 221 524 463 504 320 88 100 352
54 584087 G 391 67 107 269 93 580342 83 103 99 370 50 56 379 105 486 225 290 258 135 66 113
55 551851 R 320 65 89 48 58 357 197 141 55 519 23 96 816 271 547494 218 279 175 79 96 455
56 547999 L 382 155 121 105 102 337 279 181 123 542840 105 99 978 239 478 387 362 333 97 141 155
57 580019 I 244 94 140 160 150 432 221 575018 142 473 115 210 375 166 514 440 395 372 76 122 160
58 559633 Q 307 173 168 229 177 607 348 215 260 714 81 155 837 552461 934 525 457 345 175 149 316
59 537744 N 556 218 330 284 245 689 277 297 367 712 116 529484 615 273 887 563 544 599 123 227 338
60 437076 S 230 112 111 79 57 331 100 139 57 247 54 110 267 87 365 434124 196 199 47 68 96
61 432101 L 243 108 106 119 108 188 155 119 75 429179 46 83 211 89 265 298 141 213 38 106 211
62 404865 T 390 165 151 114 140 257 287 293 183 477 61 207 916 172 494 581 399380 235 39 157 166
63 429474 I 255 136 103 67 141 270 203 424882 201 447 242 143 582 124 329 369 359 236 53 146 186
64 438906 E 293 96 195 434308 138 335 233 191 167 373 45 169 583 122 334 374 366 189 43 131 221
65 424510 R 326 85 81 94 135 201 107 224 188 319 30 111 606 99 420655 396 303 226 37 126 161
66 445966 M 14 12 15 25 21 26 49 179 70 89 444853 46 81 27 47 93 143 69 15 37 55
67 434380 V 97 18 11 69 6 87 5 15 9 96 69 3 37 18 40 23 27 433721 10 8 11
68 470773 L 81 31 22 33 150 81 126 92 48 468898 21 38 418 63 199 140 145 83 16 41 47
69 490695 S 224 109 68 93 125 166 129 104 76 249 29 88 435 93 234 487804 221 135 38 164 111
70 516415 A 512487 93 211 102 59 280 199 131 95 329 42 100 500 134 262 341 517 241 42 101 149
71 498536 F 211 87 96 86 495343 204 100 135 87 411 50 79 280 128 222 321 235 187 40 119 115
72 496727 D 150 62 493686 154 51 374 202 95 71 202 28 158 309 86 192 252 234 168 55 120 78
73 460768 E 141 37 96 458523 65 174 87 61 152 220 25 49 285 59 164 132 139 139 18 66 136
74 468598 R 180 48 58 66 74 216 108 138 108 232 30 63 359 26 466146 224 187 107 57 63 108
75 478832 R 169 65 43 39 39 304 65 99 180 229 109 57 252 59 476213 325 204 140 70 61 110
76 509245 N 180 73 130 87 70 186 90 153 116 226 22 506572 247 72 268 243 187 75 54 106 88
77 509823 K 234 109 65 209 81 272 114 166 506301 273 41 172 333 69 333 315 244 185 39 85 183
78 403460 Y 171 109 116 55 95 180 116 152 100 211 55 121 177 80 249 238 178 138 54 400690 175
79 396355 L 246 118 88 148 126 226 166 226 201 392179 118 136 553 172 462 362 283 156 61 100 228
80 368519 E 431 178 170 362574 155 310 263 273 242 528 79 195 658 259 451 507 468 263 59 201 255
81 349432 E 269 138 170 344448 115 389 209 215 265 482 70 163 388 196 399 398 293 272 59 172 322
82 395948 H 201 117 152 148 96 296 391351 245 244 427 79 249 302 199 525 275 263 272 72 207 228
83 499574 P 513 234 209 211 192 600 225 307 204 597 87 212 493011 183 772 538 448 397 117 237 280
84 497784 S 370 193 178 84 127 581 109 327 156 294 21 266 301 90 533 493020 327 261 132 169 245
85 525596 A 520430 157 154 230 89 533 163 129 97 332 63 106 454 138 640 577 424 465 111 110 194
86 579265 G 479 98 209 335 147 572784 207 249 146 568 76 180 697 248 772 512 374 608 168 180 228
87 609182 K 491 102 115 683 223 637 230 234 601318 590 91 544 755 219 816 604 579 385 85 158 323
88 627295 D 517 182 619344 239 151 937 419 288 135 791 89 269 827 292 686 550 372 500 122 293 292
89 575723 P 898 393 310 282 319 837 452 479 324 1182 144 351 564429 434 1117 1007 935 778 230 422 400
90 580528 K 552 277 305 405 299 892 218 525 571672 754 146 336 249 231 885 686 457 613 229 259 538
91 538847 K 441 176 183 254 150 179 235 279 532953 593 125 177 531 181 609 496 431 307 68 206 273
92 486788 T 262 78 71 57 58 151 144 121 63 273 15 158 330 88 249 267 484082 115 33 62 111
93 481670 G 178 66 79 122 52 479285 103 82 115 141 28 88 177 76 301 221 158 166 34 65 133
94 455116 G 102 37 30 88 22 453461 58 51 35 115 25 41 158 59 275 110 110 102 30 46 161
95 475204 P 122 43 29 28 25 106 169 42 23 174 11 21 473835 42 141 137 126 62 4 24 40
96 518888 I 142 76 53 45 52 125 86 516435 93 327 95 51 247 61 172 175 250 210 42 78 73
97 544359 Y 155 157 87 91 152 190 176 150 70 280 25 143 214 108 216 265 201 183 37 541270 189
98 477603 K 255 61 86 251 86 193 165 117 473601 303 91 189 490 127 495 249 301 186 63 113 181
99 368851 R 168 68 77 62 87 219 74 118 71 251 24 70 243 68 366544 180 185 144 28 60 110
100 363022 V 274 74 85 77 89 228 159 201 74 357 40 90 700 134 263 310 241 359425 26 72 103
101 425152 D 245 75 421415 117 122 241 149 164 81 356 41 157 484 95 336 288 258 246 39 149 94
102 434251 R 254 79 87 56 87 259 124 185 128 244 59 100 483 91 430925 374 282 174 38 94 128
103 453137 K 100 43 24 104 37 114 106 60 451317 130 22 85 260 59 235 136 110 76 22 33 64
104 459026 W 213 181 58 42 95 167 197 126 76 398 37 77 516 103 367 350 212 143 455318 104 246
105 470799 M 85 40 36 34 50 106 73 229 80 219 468831 45 168 54 162 132 158 175 23 36 63
106 491031 R 82 42 27 35 38 338 63 69 109 133 151 50 271 40 488970 216 187 56 73 41 40
107 486983 E 108 66 62 485051 19 185 57 45 338 152 21 30 151 73 127 131 69 141 27 29 101
108 487757 L 154 43 45 33 117 186 122 126 44 485601 24 38 355 82 247 166 117 141 24 35 57
109 470883 V 245 76 83 76 79 289 89 201 45 171 13 49 261 46 258 192 152 468361 37 85 75
110 496863 L 188 92 53 50 140 165 172 142 67 493985 33 79 502 112 342 163 209 138 54 68 109
111 476208 Y 119 186 71 66 131 201 258 161 60 304 47 107 216 70 249 255 179 186 47 473119 176
112 423410 D 247 79 420081 145 41 331 187 99 73 264 38 162 374 85 191 231 262 220 51 156 93
113 389019 K 156 70 69 83 83 161 126 172 385816 342 41 130 417 103 320 250 283 144 40 89 124
114 459267 E 171 80 82 456415 95 199 87 137 115 272 31 76 275 105 229 260 179 185 36 76 162
115 512956 E 162 49 92 510264 56 249 86 91 220 254 45 59 240 108 210 216 174 140 38 72 131
116 539005 I 169 107 79 110 90 212 199 534663 145 476 330 168 451 123 347 363 386 212 57 121 197
117 515376 R 128 91 98 96 76 451 91 156 192 265 180 136 189 83 512081 360 280 132 85 71 135
118 501484 R 96 43 19 38 46 121 112 51 28 311 9 37 258 240 499540 151 98 46 18 41 181
119 533936 I 39 38 15 30 70 73 22 532792 25 71 34 74 80 24 53 111 161 148 10 22 44
120 500755 W 101 146 25 37 40 179 59 46 76 233 57 46 157 63 419 198 126 83 498332 61 271
121 516120 R 233 307 84 56 111 238 425 150 53 310 61 102 465 97 512356 401 295 187 23 80 86
122 488711 Q 244 64 107 134 30 424 215 78 150 202 28 104 446 484838 584 258 170 229 80 72 254
123 560689 A 556911 111 174 119 72 473 82 81 77 261 34 79 404 101 314 336 378 437 49 64 132
124 618755 N 132 129 219 108 96 219 225 222 179 405 34 614611 460 149 324 356 226 241 71 144 205
125 605170 N 306 123 228 178 211 278 190 352 238 405 132 599785 279 157 454 645 417 216 102 248 226
126 484676 G 329 251 225 181 128 480010 147 186 127 327 47 159 479 158 420 451 342 351 50 130 178
127 481427 D 219 112 477206 170 98 474 190 248 114 237 19 243 337 141 399 315 298 224 31 197 155
128 468389 D 166 87 465349 175 87 317 83 133 100 220 54 147 184 94 260 208 207 195 47 134 142
129 475218 A 471743 71 103 111 89 287 82 156 112 232 42 141 245 79 256 312 523 403 18 84 129
130 423819 T 144 48 43 41 71 71 118 176 101 237 35 60 188 73 218 238 421632 111 26 78 110
131 395939 A 393815 41 115 45 50 178 63 64 50 162 17 68 259 61 179 229 239 167 21 44 72
132 475765 G 196 147 123 91 88 473261 52 129 83 152 27 96 171 52 232 257 165 211 23 97 112
133 503394 L 171 66 63 79 71 211 141 110 84 500310 102 60 572 133 326 241 170 216 47 99 122
134 591708 T 524 139 144 109 72 436 317 317 158 404 9 211 1256 244 578 508 585769 249 36 113 115
135 616724 H 299 124 214 130 134 329 610932 226 210 499 77 311 487 278 700 485 431 263 47 285 263
136 652525 M 400 187 237 232 161 407 264 497 365 654 644976 284 436 217 644 672 590 578 123 239 362
137 668840 M 334 106 124 129 96 212 250 307 145 488 663706 152 740 164 478 362 334 373 56 129 155
138 606632 I 210 63 67 64 96 147 111 603649 84 210 43 161 310 98 277 265 340 191 37 123 86
139 579968 W 77 183 29 45 48 134 39 51 60 206 26 68 228 81 500 158 123 79 577441 33 359
140 555730 H 115 16 71 35 27 94 554077 60 22 142 21 108 174 68 214 83 81 78 12 198 34
141 553770 S 100 55 34 49 105 80 30 75 75 111 10 86 258 51 127 552044 182 61 16 151 70
142 549914 N 135 41 126 68 43 110 66 121 141 119 6 547842 182 75 204 183 183 92 28 69 80
143 539945 L 88 46 66 90 152 143 93 109 80 537597 57 69 212 114 193 287 141 157 30 89 132
144 517579 N 119 34 240 65 50 119 96 114 126 173 25 515223 127 73 239 285 183 95 21 109 63
145 502341 D 28 44 500091 98 58 159 107 98 85 224 39 116 180 81 169 211 158 152 23 111 109
146 485509 T 349 48 75 64 29 185 53 189 96 150 18 70 333 63 227 225 483075 127 15 52 66
147 595655 T 356 52 50 44 37 176 85 133 91 142 16 50 211 51 217 212 593453 113 48 55 63
148 535080 Y 161 136 73 94 87 237 204 85 61 207 24 116 284 75 314 297 180 141 49 532070 185
149 530476 Q 248 84 77 123 54 235 179 98 101 342 35 74 373 526951 590 232 147 182 56 69 226
150 497131 R 137 60 57 68 38 266 53 71 203 142 88 45 162 51 495044 219 162 114 50 42 59
151 537400 T 282 55 97 116 51 187 132 174 131 301 46 88 493 140 263 264 534230 141 15 81 113
152 562942 R 335 147 149 114 172 469 190 298 192 452 56 150 465 118 558059 439 343 343 48 160 243
153 618438 A 613352 102 193 119 130 363 171 240 157 480 60 150 605 128 501 580 465 278 51 118 195
154 658782 L 345 135 128 188 212 389 209 309 195 653197 81 131 597 215 640 423 448 335 136 172 297
155 669112 V 367 136 144 214 190 548 169 309 174 535 59 128 434 187 573 505 406 663525 76 145 288
156 684782 R 544 546 208 176 145 472 786 268 189 663 135 223 806 270 677270 658 537 396 106 160 224
157 685586 T 607 181 205 186 140 476 264 515 205 424 100 250 690 175 641 666 679059 347 60 164 231
158 701068 G 650 373 644 187 185 692663 275 210 153 660 82 158 868 215 963 1081 544 657 40 202 258
159 726763 M 762 124 330 242 259 550 385 903 406 953 715747 392 1219 213 929 1008 866 695 79 335 366
160 807613 D 547 230 798340 383 219 1059 333 459 278 769 75 496 717 266 558 722 598 607 147 372 438
161 724761 P 369 227 322 276 208 865 382 366 284 971 93 229 716087 213 1014 866 633 617 143 231 365
162 685559 R 622 171 221 341 353 1325 277 451 533 968 268 361 625 398 675540 782 587 622 296 309 509
163 635737 M 368 172 186 232 199 480 272 465 286 596 629026 312 218 203 630 489 487 464 149 236 267
164 622450 C 321 616287 130 116 283 325 202 298 168 476 114 210 485 103 613 577 410 251 121 683 277
165 587425 S 291 186 156 115 206 366 185 153 199 361 53 182 557 127 504 582494 377 314 72 280 247
166 581572 L 148 172 86 159 153 367 98 230 160 576938 140 121 473 200 624 393 290 319 114 143 244
167 569604 M 198 141 78 99 125 290 75 614 191 425 565255 141 221 107 300 269 399 301 77 126 172
168 531472 Q 233 103 136 139 105 242 286 150 228 421 72 124 337 526774 743 271 232 232 75 101 468
169 493477 G 205 162 192 113 59 490372 90 120 117 203 61 88 227 87 335 304 174 246 111 88 123
170 529117 S 187 74 51 62 61 191 98 94 94 556 49 75 360 68 339 526017 217 181 101 86 156
171 516050 T 367 89 54 29 83 207 106 146 84 306 24 107 367 78 308 268 512972 193 44 102 116
172 547059 L 297 144 133 82 213 453 221 240 98 542307 79 76 654 142 454 390 328 304 105 153 186
173 681690 P 496 194 155 188 195 428 341 355 228 704 124 240 675150 161 560 648 529 389 66 212 327
174 687956 R 253 121 145 124 245 477 207 307 184 715 175 168 543 155 681991 700 413 374 121 232 306
175 558446 R 162 74 50 92 47 448 88 150 208 285 129 50 262 147 555234 278 227 160 138 82 135
176 598323 S 126 129 85 46 185 181 115 180 103 372 57 102 382 79 260 595145 219 169 49 179 160
177 622045 G 115 96 68 126 73 618858 119 190 127 330 47 117 239 123 419 236 147 185 53 91 286
178 597747 A 594259 114 126 76 91 222 129 156 84 251 43 121 552 77 282 333 268 292 52 121 98
179 617099 A 613513 70 48 176 87 198 73 107 84 231 17 71 196 53 239 306 880 504 33 87 126
180 632137 G 127 204 150 62 74 629912 68 90 68 158 33 53 169 46 252 260 96 179 35 51 50
181 627223 A 622891 97 150 67 143 212 147 143 86 351 80 89 407 129 402 418 789 343 64 112 103
182 644859 A 638955 125 136 214 69 608 224 105 112 304 34 96 415 153 475 444 969 1124 63 100 134
183 697520 V 247 128 182 122 163 484 223 294 120 456 60 175 488 193 611 499 306 692317 107 152 193
184 712849 K 387 145 160 304 120 622 200 286 706404 556 64 494 385 297 783 397 347 336 88 150 324
185 612481 G 390 100 214 379 115 606740 211 191 224 406 86 216 401 225 775 394 418 373 96 148 379
186 608255 V 404 129 169 194 166 525 197 353 187 399 74 176 367 176 504 386 316 603114 78 125 216
187 602847 G 352 88 97 245 72 598669 135 151 109 320 53 142 438 130 527 274 345 274 194 75 157
188 497369 T 251 53 91 75 50 209 108 167 117 253 25 79 267 110 333 262 494566 152 40 61 100
189 425774 M 163 53 72 56 45 171 85 255 130 238 423037 96 203 86 281 186 198 192 69 61 97
190 412059 V 294 61 103 147 51 222 74 64 60 212 70 71 170 78 283 174 131 409570 47 74 103
191 399363 M 133 59 41 63 36 152 82 202 93 187 396959 99 191 88 240 173 223 173 47 42 80
192 370806 E 127 33 91 368878 40 295 49 34 73 125 14 44 114 93 190 96 127 162 26 50 145
193 451771 L 168 85 67 67 125 160 93 82 88 449303 37 71 208 82 230 360 120 144 66 82 133
194 535557 I 270 88 97 98 86 467 174 530932 113 349 148 107 793 146 435 307 347 291 47 133 129
195 507354 R 222 110 64 86 92 390 211 105 139 317 162 85 623 138 503511 343 357 127 72 79 121
196 528564 M 357 113 99 112 54 441 149 289 93 244 524484 97 470 98 418 237 323 234 65 72 115
197 564097 I 224 70 104 68 113 239 101 560802 64 188 41 136 475 121 331 229 311 242 62 82 94
198 533971 K 109 43 44 141 34 161 55 95 531986 117 16 74 231 72 225 114 169 89 30 42 124
199 501357 R 137 183 46 51 44 140 150 44 49 250 22 47 302 66 499266 219 136 97 19 28 61
200 496677 G 168 60 58 125 40 494612 57 69 58 84 17 75 179 64 276 147 132 195 104 69 88
201 494957 I 222 88 76 51 107 191 78 492440 32 170 35 102 234 84 220 204 186 227 22 62 126
202 506595 N 171 31 272 58 39 117 108 105 101 185 45 503804 507 70 194 264 215 108 36 82 83
203 474574 D 176 59 471595 183 99 335 90 117 127 181 48 183 132 76 238 225 150 247 58 164 91
204 494832 R 277 154 82 79 121 293 102 224 109 499 74 144 302 269 490666 320 283 228 286 128 192
205 516060 N 161 79 159 72 101 186 122 190 115 314 42 512770 350 71 268 341 184 192 66 140 137
206 606115 F 260 72 72 121 602339 224 96 182 100 506 53 94 575 123 302 265 247 195 30 119 140
207 623115 W 285 202 76 121 133 343 173 115 58 574 48 94 595 89 775 397 226 231 618238 88 254
208 468944 R 303 76 63 112 70 434 169 166 132 326 40 119 533 116 465062 370 310 194 63 93 193
209 502354 G 171 129 93 51 55 500188 95 68 89 188 26 53 223 88 146 227 103 212 26 39 84
210 535307 E 186 62 85 532751 63 302 73 72 181 191 30 36 211 75 195 170 123 169 30 49 253
211 520006 N 134 62 120 48 48 177 86 112 93 183 71 517870 160 56 252 185 118 97 33 43 58
212 487285 G 233 78 54 97 75 484770 59 66 59 242 20 86 221 62 319 217 134 178 53 49 213
213 477835 R 126 76 48 43 71 189 132 56 47 312 24 74 468 249 475122 170 170 129 28 71 230
214 470092 K 123 44 74 91 50 154 52 91 468136 199 24 72 161 36 200 133 132 108 37 79 96
215 467533 T 124 35 36 41 50 82 51 84 60 101 16 47 192 113 130 149 466026 82 19 22 73
216 438706 R 66 43 25 54 30 264 18 38 78 83 95 45 108 41 437218 179 101 61 59 45 55
217 406215 S 101 77 50 63 26 225 58 87 67 147 47 117 155 56 230 404310 140 132 26 37 64
218 425891 A 424620 24 68 36 30 207 21 20 26 96 17 27 84 29 112 121 127 123 32 34 37
219 422323 Y 73 84 29 31 53 111 97 35 24 107 1 22 97 21 92 124 90 37 11 421091 93
220 427224 E 48 19 83 426163 27 121 23 51 84 66 11 19 78 19 63 63 45 98 6 31 106
221 384049 R 87 34 66 41 36 269 18 84 162 94 20 29 74 40 382585 93 85 95 22 27 88
222 346204 M 47 20 19 8 33 33 24 147 29 88 345304 24 66 33 49 54 70 89 11 28 28
223 430823 C 3 430264 1 1 67 6 0 1 2 34 1 3 11 0 89 69 3 11 33 179 45
224 447661 N 13 10 78 20 2 21 22 74 51 39 8 447107 6 11 41 79 19 16 6 27 11
225 461242 I 19 17 16 4 32 40 15 460738 17 52 10 17 21 8 36 23 77 68 15 9 8
226 480092 L 7 12 9 7 47 19 57 68 3 479547 3 20 163 9 25 20 10 43 0 16 7
227 495934 K 38 8 8 102 16 45 16 43 495275 24 10 27 56 19 110 39 19 32 8 11 28
228 506100 G 61 25 29 75 31 505131 22 30 18 73 8 27 67 25 132 101 44 90 7 26 78
229 516182 K 103 20 41 113 52 236 49 97 514445 125 25 91 112 43 216 115 86 74 32 43 64
230 536340 F 87 76 23 54 534476 184 60 130 29 294 30 34 206 52 133 165 63 112 27 58 47
231 506542 Q 164 41 58 78 48 136 112 116 162 216 28 88 367 503627 520 219 216 114 42 43 147
232 478137 T 169 40 29 22 24 77 72 128 84 108 13 42 263 48 143 135 476568 71 7 42 52
233 473512 A 471084 73 105 76 44 274 78 48 38 151 19 51 257 41 254 255 204 250 76 43 91
234 417371 A 415213 40 38 85 40 177 39 60 41 154 14 28 155 29 164 199 527 218 39 46 65
235 408845 Q 132 40 46 53 34 149 71 85 80 197 7 34 192 406916 213 144 140 124 26 46 116
236 401339 R 108 30 64 80 83 443 72 95 112 242 99 67 350 55 398586 259 187 161 80 71 95
237 399971 A 396664 68 99 149 72 415 59 127 102 235 24 86 289 70 292 286 267 420 46 80 121
238 414690 M 73 88 48 82 107 209 147 272 155 316 411212 141 272 89 288 281 275 233 86 139 177
239 366419 M 119 44 48 60 37 209 42 245 90 209 364022 55 114 62 265 150 194 232 56 58 108
240 434566 D 141 67 432356 127 35 415 93 42 27 116 21 122 118 53 200 150 110 151 39 106 77
241 414943 Q 249 111 119 106 93 318 153 138 137 348 42 123 353 411051 520 281 243 219 70 96 173
242 476931 V 333 59 63 123 89 344 99 73 50 381 81 51 320 93 300 251 178 473798 79 58 108
243 477469 R 246 118 68 111 81 410 100 168 143 289 36 113 298 115 474001 367 260 193 61 85 206
244 474429 E 288 92 135 470626 97 439 137 124 244 278 36 107 384 116 214 266 267 269 46 92 172
245 506049 S 218 91 45 75 42 368 97 115 77 224 45 118 300 79 414 503123 180 157 70 84 127
246 494187 R 143 59 36 60 46 170 67 93 95 276 41 104 232 279 491727 137 123 127 198 76 98
247 499645 N 72 42 121 70 39 138 51 105 128 128 25 497951 91 31 138 159 87 96 30 68 75
248 514606 P 125 56 37 30 28 94 29 52 38 204 23 42 513016 124 199 138 150 78 39 51 53
249 537972 G 181 101 79 174 62 534984 83 135 125 230 40 70 189 62 471 198 167 199 46 83 293
250 519085 N 262 108 141 168 121 371 121 260 180 392 97 514569 309 115 450 374 274 287 76 168 242
251 550403 A 548554 50 71 59 21 150 28 33 68 142 29 38 144 63 124 170 224 300 59 10 66
252 531890 E 177 118 94 529092 77 372 98 91 151 228 22 76 194 87 222 178 177 190 53 64 129
253 555683 I 129 78 54 43 93 180 52 553963 53 135 16 55 93 28 167 117 84 178 63 26 76
254 542014 E 12 3 47 541310 0 130 16 6 201 20 10 10 12 34 41 19 11 43 3 12 74
255 552556 D 114 42 550504 103 62 190 88 100 32 264 25 110 151 50 119 141 98 170 30 75 88
256 528917 L 146 122 74 97 189 281 133 228 91 525676 42 108 372 93 308 244 160 180 64 112 197
257 534003 I 152 83 64 96 123 156 118 531291 10 347 27 79 400 105 213 190 83 203 52 90 121
258 488576 F 179 71 28 88 485356 232 96 204 124 394 64 92 319 112 230 312 225 162 48 101 139
259 477407 L 149 39 48 63 66 231 107 94 64 474917 83 66 272 158 209 188 173 230 75 74 101
260 487314 A 485382 40 44 111 47 186 65 43 42 103 4 37 168 38 110 177 294 292 11 54 66
261 422653 R 47 28 12 20 21 114 52 24 24 193 17 32 138 148 421316 67 51 47 261 17 24
262 517983 S 143 57 73 74 113 138 77 91 100 149 17 73 229 78 169 515848 135 107 49 137 126
263 513796 A 510054 83 77 183 85 303 101 144 127 238 39 142 172 68 297 302 557 530 68 82 144
264 450903 L 203 102 74 92 168 250 136 184 123 447878 23 102 212 84 355 275 129 194 44 107 168
265 476769 I 259 116 116 93 75 258 209 472358 199 467 172 126 365 107 471 336 355 264 69 121 233
266 500034 L 246 69 83 119 137 378 90 127 84 496738 80 96 216 80 331 405 232 220 80 78 145
267 484123 R 277 77 88 104 56 457 159 193 146 323 45 120 673 113 480191 335 272 199 36 97 162
268 539727 G 32 47 40 79 58 537806 52 64 42 151 41 37 333 46 314 145 90 130 111 39 70
269 563862 S 161 30 53 71 58 100 66 46 43 231 16 37 401 37 164 561807 163 107 32 61 178
270 574657 V 266 58 94 68 111 206 84 144 64 255 17 47 275 77 229 204 154 572108 37 54 105
271 557810 A 555166 83 108 55 54 242 73 84 40 204 22 64 257 56 179 282 322 345 24 64 86
272 559186 H 373 170 107 175 233 449 552115 289 173 680 58 280 949 300 749 621 384 408 123 265 285
273 565200 K 316 198 234 348 318 479 247 618 556883 915 184 450 307 283 651 675 447 605 131 318 593
274 538617 S 433 207 165 155 342 308 176 294 158 673 105 180 654 184 358 532702 468 417 52 274 312
275 498097 C 497 489927 189 164 292 644 245 396 253 855 116 256 729 145 839 702 507 468 126 293 454
276 416903 L 224 120 29 22 54 197 132 146 48 413998 103 111 228 92 423 299 256 158 91 79 93
277 342354 P 385 114 75 125 93 354 144 182 85 353 67 170 338089 72 466 764 374 166 85 66 125
278 311500 A 308023 70 159 127 82 302 87 114 127 247 51 94 347 75 246 298 422 317 65 80 167
279 273953 C 255 270215 41 126 132 246 92 60 63 361 32 85 318 79 787 290 120 178 86 203 184
280 251501 V 189 84 78 114 88 180 65 58 76 225 79 37 118 80 192 179 160 249257 48 63 131
281 174574 Y 62 100 78 111 80 184 111 140 94 228 54 102 102 61 200 152 89 134 49 172266 177
282 135865 G 330 116 92 140 99 132406 55 126 72 368 42 73 242 78 479 348 171 243 129 82 174
283 180768 P 299 116 85 88 87 451 154 113 91 416 50 84 177059 63 525 348 173 263 72 69 162
284 358506 A 356778 26 60 32 12 116 16 53 49 94 18 11 145 59 125 132 398 266 28 31 57
285 361552 V 202 52 53 53 69 119 97 237 16 293 14 33 326 69 190 200 95 359198 32 72 132
286 412202 A 410898 26 32 24 56 59 29 40 19 80 21 34 241 26 60 140 167 105 28 48 69
287 510042 S 5 49 2 1 6 82 0 46 2 12 2 51 16 13 104 509491 148 5 4 0 3
288 564563 G 92 72 98 23 14 563696 5 20 10 44 5 14 36 7 60 132 22 127 31 22 33
289 569217 Y 58 93 29 31 68 80 294 50 18 81 13 54 43 10 87 52 22 68 14 567963 89
290 615319 D 17 39 614056 39 45 107 54 37 16 44 13 143 139 36 147 115 77 52 16 74 53
291 608276 F 119 76 47 35 606302 106 24 86 40 373 34 51 122 41 152 264 85 120 29 94 76
292 614710 E 98 32 65 613037 26 211 37 55 173 120 20 37 104 53 160 90 83 113 34 54 108
293 609259 K 51 44 47 71 29 94 42 80 607879 153 20 100 90 39 147 108 83 62 31 32 57
294 599047 E 119 35 147 597352 48 290 39 64 62 109 28 28 116 43 145 100 99 90 17 38 78
295 574352 G 75 14 25 110 18 573314 35 39 37 41 14 56 46 24 157 64 40 118 9 9 107
296 503545 Y 70 128 37 47 103 135 88 74 41 169 25 65 65 56 144 140 56 99 40 501809 154
297 449452 S 206 81 70 102 88 284 67 112 93 229 39 106 216 79 223 446892 194 154 43 82 92
298 425315 L 247 93 102 121 88 253 105 101 130 422253 55 81 200 122 310 274 175 239 63 79 224
299 469889 V 241 60 76 135 69 269 81 76 68 242 57 51 199 85 316 232 208 467091 110 70 153
300 348514 G 234 65 62 241 62 345632 97 128 87 182 41 72 177 80 403 198 193 271 45 41 203
301 559050 I 228 105 87 141 95 265 143 554948 152 372 352 112 228 120 337 327 274 361 61 119 223
302 559357 D 299 111 555707 173 94 568 116 85 41 231 49 156 318 64 372 279 193 213 55 142 91
303 543841 P 169 97 45 75 78 233 216 94 76 303 37 43 541223 79 286 237 171 146 44 67 122
304 617453 F 273 108 95 123 613533 426 113 169 58 492 42 63 177 94 379 471 161 292 101 137 146
305 618355 K 329 92 90 200 74 265 81 116 615229 285 40 159 104 122 329 253 159 228 9 36 155
306 613122 L 167 77 29 70 18 276 66 39 47 610869 85 42 272 88 258 214 107 199 67 33 99
307 635097 L 233 97 86 66 107 333 110 157 45 632287 50 41 290 67 405 166 93 237 67 40 120
308 640992 Q 171 68 40 86 41 56 76 67 112 187 46 55 173 638772 353 197 98 155 69 37 133
309 636369 N 180 72 155 122 66 542 83 125 146 208 37 633197 151 67 303 329 162 181 69 82 92
310 621361 S 215 149 73 71 55 548 64 197 61 225 52 270 144 79 420 618081 191 203 78 74 111
311 665305 Q 208 62 85 114 95 418 126 135 125 413 49 68 299 661604 480 194 223 283 90 70 164
312 716662 V 346 124 98 168 88 454 127 242 89 457 68 84 264 92 339 293 177 712823 103 83 143
313 664490 Y 371 300 132 199 197 619 183 201 114 336 103 179 283 118 587 447 310 319 113 659066 313
314 660159 S 439 232 124 145 123 951 149 209 101 437 95 176 382 166 750 654670 271 346 109 123 161
315 633630 L 471 272 225 238 342 690 219 392 180 625946 167 169 894 312 925 530 352 595 163 220 328
316 682992 I 347 122 95 112 116 480 72 679039 117 303 136 149 307 73 349 307 259 341 69 85 114
317 625374 R 204 137 94 84 107 727 80 164 154 307 43 63 182 78 621950 310 152 215 52 74 197
318 622896 P 266 132 114 128 94 427 120 131 88 489 37 78 618970 168 519 319 213 314 76 84 129
319 635226 N 205 72 179 191 127 473 93 132 203 288 49 631030 240 108 431 477 216 308 98 160 146
320 663843 E 291 113 195 660299 102 578 62 75 177 241 69 35 145 72 297 282 111 349 92 70 188
321 700142 N 307 108 179 140 109 684 96 135 124 299 83 695987 275 85 394 388 109 306 95 110 129
322 711054 P 405 197 150 188 148 777 142 192 92 603 90 89 705378 237 710 511 314 348 150 140 193
323 720394 A 714666 180 135 295 183 572 190 213 133 458 80 139 417 151 505 518 466 660 93 134 206
324 764362 H 114 95 81 79 167 238 759741 191 90 639 55 174 593 214 567 398 262 240 57 204 163
325 764245 K 123 39 37 364 78 90 45 69 761773 181 85 137 125 47 547 182 96 105 2 40 80
326 642670 S 34 46 7 20 8 137 6 43 21 23 7 141 64 15 114 641882 46 22 19 1 14
327 637740 Q 40 48 20 80 25 124 163 26 140 99 20 45 77 635767 587 103 63 51 39 42 181
328 529940 L 321 151 173 274 130 567 117 181 206 524694 196 113 381 224 593 375 248 436 145 155 260
329 576819 V 335 123 120 214 97 540 76 150 131 312 118 70 225 136 412 316 183 572831 98 88 244
330 568475 W 313 264 111 135 110 497 101 181 160 384 95 100 265 121 486 397 222 341 563700 148 344
331 535827 M 281 131 123 173 108 523 172 404 169 454 530506 130 462 151 504 363 318 362 125 121 247
332 563393 A 558645 73 136 220 136 413 129 154 123 384 88 142 418 81 375 474 550 485 79 106 182
333 606732 C 157 600560 84 158 240 441 175 241 128 597 92 157 418 153 854 527 353 361 200 517 319
334 623624 N 197 92 220 109 144 167 114 188 131 352 37 620160 247 99 171 328 172 259 55 191 191
335 566562 S 152 130 110 149 213 418 98 188 153 371 89 126 232 110 483 562499 339 239 88 162 213
336 535981 A 532997 78 145 138 42 327 44 63 78 178 28 65 200 63 225 289 445 336 58 58 124
337 516369 A 513489 84 78 124 47 348 50 94 96 196 51 72 130 96 302 271 276 353 54 84 74
338 533213 F 118 53 62 60 531034 346 54 72 39 265 36 31 75 48 289 199 81 189 55 48 59
339 523429 E 148 61 133 521508 24 439 21 46 100 119 14 15 87 30 167 100 65 163 16 34 139
340 487316 D 125 56 485255 92 60 227 101 75 39 194 19 76 181 49 179 142 99 171 34 77 65
341 518012 L 109 18 11 8 16 46 56 58 19 516886 8 25 270 64 174 96 70 57 4 7 10
342 502541 R 179 83 73 95 41 334 67 122 116 208 31 46 113 64 500256 213 128 176 26 34 136
343 460239 V 87 40 27 68 34 123 18 108 29 147 2 33 53 45 163 51 47 459082 17 18 47
344 450845 L 140 59 48 51 99 243 42 121 30 449137 11 29 91 38 181 173 62 124 16 42 108
345 403483 S 172 80 75 53 72 361 69 126 50 182 40 76 145 46 317 401141 130 163 44 55 86
346 357819 F 141 64 48 62 355869 229 49 60 46 240 16 20 100 37 212 193 65 154 56 75 83
347 436885 I 98 58 47 58 44 180 36 435128 37 123 46 68 78 49 183 162 160 171 35 32 92
348 409181 R 105 44 43 71 38 253 36 117 76 151 13 22 105 54 407522 169 88 110 29 33 102
349 392036 G 133 32 57 108 28 390630 24 45 33 87 15 26 97 17 192 96 51 185 102 23 55
350 499175 T 258 48 76 21 42 220 44 101 42 119 5 70 207 36 227 237 497114 177 46 40 45
351 511819 K 88 21 24 115 40 116 28 84 510171 101 16 191 56 88 249 104 88 112 26 19 82
352 539432 V 171 41 47 92 35 155 61 136 50 231 37 62 86 52 129 132 62 537687 25 55 86
353 549498 S 27 36 4 16 119 28 37 99 22 134 27 24 188 34 101 548356 65 62 3 97 19
354 516967 P 176 94 95 113 87 244 75 142 120 161 64 88 514121 181 195 290 159 238 58 80 186
355 502342 R 13 4 8 8 10 279 6 3 72 34 159 3 13 2 501593 74 9 10 27 11 4
356 448807 G 62 27 14 95 14 448097 11 22 3 53 5 8 39 14 98 53 25 68 62 17 20
357 448182 K 47 34 32 249 30 73 34 37 447017 50 9 105 45 19 144 74 48 40 23 27 45
358 456721 L 109 34 18 30 104 132 37 70 36 455260 21 34 153 46 161 117 67 134 34 43 81
359 435494 S 108 27 68 41 93 92 47 78 49 153 30 51 135 28 170 433979 112 89 6 91 47
360 510058 T 202 54 65 50 85 180 50 107 68 184 38 93 62 47 195 235 508011 139 44 54 95
361 486058 R 204 99 99 125 60 276 91 178 100 327 68 67 208 77 482977 307 198 274 58 80 185
362 464997 G 192 35 37 104 37 463131 48 42 22 126 12 49 168 42 322 110 105 180 50 32 153
363 548448 V 303 65 45 79 45 279 35 122 36 204 28 27 66 44 208 119 49 546530 52 28 84
364 546548 Q 148 102 75 90 54 222 143 77 157 277 38 46 170 543798 287 179 153 219 59 64 190
365 567951 I 161 61 57 77 74 269 48 565813 44 166 62 85 128 41 249 142 130 171 45 51 77
366 500172 A 498315 88 104 47 30 187 42 45 49 113 52 47 114 58 144 200 211 162 31 52 81
367 492876 S 192 78 59 86 72 257 38 52 73 240 27 27 151 45 247 490683 138 168 42 48 153
368 504758 N 158 35 110 59 66 186 47 86 85 173 22 502717 158 49 166 192 119 135 46 64 85
369 499704 E 153 79 67 497766 64 196 39 80 132 155 24 29 95 69 162 134 99 194 27 36 104
370 513570 N 23 59 115 32 48 122 50 125 104 109 26 512047 51 38 110 116 129 100 44 55 67
371 510521 M 99 63 57 50 30 150 64 275 87 169 508495 50 102 40 159 139 132 171 61 42 86
372 527297 D 122 41 525565 98 50 240 42 35 25 155 10 80 113 56 160 99 70 150 30 94 62
373 517352 A 515148 75 124 68 71 228 31 61 50 130 25 69 106 38 180 240 235 243 36 66 128
374 565561 M 177 87 98 59 35 355 37 264 80 179 562947 22 209 29 241 134 175 203 80 70 80
375 541641 E 180 23 98 539369 42 287 44 98 106 193 28 39 156 89 187 132 118 243 43 39 127
376 420990 S 129 95 70 103 34 320 54 83 74 221 45 45 156 74 268 418488 132 229 86 81 203
377 425022 S 152 119 86 90 67 523 74 98 56 181 36 119 210 86 322 422337 138 95 81 54 98
378 388689 T 176 69 52 72 33 282 41 103 43 76 10 59 100 27 224 137 386880 141 47 43 74
379 394224 L 83 63 35 43 68 167 60 66 44 392596 25 29 250 35 205 115 73 115 45 43 64
380 398197 E 117 45 63 396555 32 240 28 80 81 85 18 26 107 40 144 118 80 140 37 43 118
381 402597 L 123 36 42 33 33 154 48 30 51 400984 52 49 224 76 205 104 78 123 55 41 56
382 423730 R 84 61 66 101 88 416 62 152 164 215 42 60 188 51 421040 299 252 174 22 62 131
383 486894 S 262 192 87 120 118 552 111 218 119 359 49 212 188 120 403 482906 263 262 87 95 171
384 515867 R 319 123 118 189 102 978 100 153 171 406 150 85 118 152 511223 411 212 362 204 77 214
385 603307 Y 252 205 121 156 127 423 169 148 103 317 97 125 215 93 381 438 220 444 119 598888 266
386 588469 W 308 221 125 186 81 698 105 141 157 480 106 124 194 128 747 327 228 307 583353 91 362
387 543841 A 540409 31 131 127 11 469 78 98 84 196 69 83 430 94 382 210 358 399 20 46 116
388 599009 I 236 121 99 147 136 306 126 594195 197 486 397 110 246 136 483 350 332 322 109 154 321
389 567149 R 322 143 193 148 182 481 104 269 182 441 54 148 165 99 562814 319 251 382 35 164 253
390 584627 T 368 185 115 140 211 441 165 291 183 572 110 207 219 157 604 499 579189 413 103 161 294
391 598655 R 357 226 167 215 225 788 149 366 250 742 143 157 335 129 592265 522 349 505 119 202 444
392 576139 S 305 240 108 167 132 565 188 226 134 346 85 205 349 134 657 571153 286 325 114 158 262
393 588712 G 176 87 57 127 45 586577 58 70 64 163 22 53 97 58 350 155 85 223 46 67 132
394 560261 G 148 89 70 137 82 557758 49 124 43 186 40 54 121 66 387 217 112 224 60 60 234
395 566917 N 378 165 244 177 139 545 162 270 192 469 53 561413 312 192 520 418 300 436 98 184 250
396 566701 T 461 219 169 191 176 655 215 289 134 527 103 191 335 165 664 539 560558 448 154 216 292
397 640045 N 302 177 214 154 109 594 117 278 199 484 86 634874 185 118 528 466 273 359 144 181 203
398 641770 Q 257 197 107 168 157 588 238 269 165 278 11 190 443 636291 663 500 285 301 114 185 363
399 583187 Q 348 159 128 187 102 837 310 145 177 503 48 79 485 577472 701 298 251 422 150 108 277
400 525030 R 193 79 75 162 75 809 70 88 144 267 178 41 180 62 521563 305 164 263 152 51 109
401 502189 A 499299 51 143 105 47 432 44 77 48 166 36 46 296 69 232 265 226 445 62 44 56
402 504460 S 258 122 83 111 142 605 78 82 44 234 47 53 427 70 345 500995 167 259 99 121 118
403 504484 A 499930 155 48 155 114 605 114 85 109 337 37 84 366 97 339 457 381 680 104 134 153
404 524309 G 344 214 202 116 136 521043 32 110 60 248 45 58 163 37 283 361 126 384 118 84 145
405 520446 Q 116 15 54 106 40 60 170 160 162 374 49 76 470 517667 192 180 248 146 5 44 112
406 540015 I 74 19 36 18 82 46 54 538671 27 128 27 79 117 25 100 110 184 114 13 32 59
407 486889 S 28 38 27 16 26 332 27 82 3 74 22 73 42 4 144 485769 29 79 16 33 25
408 494191 V 132 27 21 90 3 107 5 22 15 98 89 17 32 13 62 43 23 493343 26 5 18
409 489087 Q 338 144 141 126 81 555 169 133 147 411 54 80 264 484187 485 318 177 292 125 99 761
410 450780 P 286 98 94 103 26 462 207 82 75 272 49 62 447574 95 350 360 148 185 98 62 92
411 482709 A 478995 116 74 157 62 437 77 111 92 203 43 49 175 80 342 319 710 411 67 56 133
412 493267 F 283 164 74 202 489209 870 32 166 79 249 46 35 157 48 347 348 211 316 160 68 203
413 436601 S 186 125 102 137 163 660 98 193 144 314 67 123 252 49 302 432790 200 283 62 167 184
414 458005 V 367 96 91 198 85 671 80 84 97 326 136 83 198 85 453 315 166 454202 76 55 141
415 474509 Q 323 110 99 145 83 538 100 106 127 349 44 48 185 470540 534 261 148 343 109 51 266
416 478613 R 235 101 91 170 136 640 77 151 155 379 8 61 151 68 475038 321 170 320 76 68 197
417 445809 N 186 59 108 79 68 246 97 111 105 213 31 443362 135 37 228 211 139 165 54 76 99
418 471797 L 152 94 56 94 161 417 113 103 68 468828 38 51 334 72 340 221 117 288 83 64 103
419 502235 P 330 145 120 212 74 510 159 116 138 383 85 137 497784 207 430 394 288 313 72 116 222
420 470879 F 316 167 114 170 466343 686 90 191 109 428 73 60 198 119 445 433 179 316 156 103 183
421 481540 D 232 131 477809 157 171 413 127 124 111 343 43 171 161 82 289 288 179 321 40 152 196
422 466670 K 156 90 74 202 154 585 72 153 463363 197 14 122 141 100 300 218 205 226 38 94 166
423 466421 P 244 182 111 149 101 812 118 91 83 363 74 97 462085 169 602 318 204 316 75 88 139
424 486195 T 475 139 156 197 172 701 141 300 94 418 76 163 319 119 618 433 480857 390 97 151 179
425 495667 I 295 139 100 161 147 528 142 491241 114 428 63 166 277 78 383 320 297 402 95 131 160
426 474756 M 267 103 104 111 97 404 132 332 111 422 470445 79 255 93 450 330 304 348 136 106 127
427 432866 A 429513 103 88 208 66 511 64 102 75 205 27 55 239 69 290 280 304 425 84 74 84
428 428444 A 424937 123 108 159 89 488 94 128 88 226 45 74 187 70 383 320 374 298 59 65 129
429 425498 F 236 125 129 157 421288 459 105 199 109 519 58 102 194 101 396 398 158 349 72 148 196
430 391977 T 246 60 84 97 86 269 30 137 61 204 41 83 72 34 190 288 389619 155 56 65 100
431 425990 G 214 139 106 181 156 422217 850 121 76 189 26 54 138 62 346 280 117 302 162 84 170
432 435573 N 305 179 231 159 131 571 126 245 129 365 63 430762 292 91 445 457 232 334 113 169 174
433 464534 T 292 115 66 92 137 304 84 355 150 361 51 61 139 102 371 316 460941 205 100 114 178
434 476380 E 330 118 188 471604 87 1119 61 124 180 340 73 45 169 110 504 292 198 405 144 52 237
435 515195 G 342 125 139 374 67 511370 66 146 95 263 48 56 101 109 626 277 127 418 132 89 225
436 525136 R 378 166 163 302 137 1349 112 214 337 395 69 111 238 128 519419 408 285 459 111 94 261
437 531726 T 462 142 111 255 62 909 144 251 225 388 56 125 242 155 622 369 526361 310 151 104 282
438 556620 S 324 125 158 218 73 890 97 108 105 308 66 70 205 115 474 552310 182 317 91 96 288
439 542507 D 200 94 539707 177 44 617 69 63 53 189 22 81 90 52 286 193 99 190 72 93 116
440 523894 M 257 73 97 156 69 530 69 258 108 265 520033 62 211 109 407 257 290 345 88 78 132
441 506914 R 98 40 29 62 21 552 24 20 132 94 194 25 52 29 504996 151 77 95 122 30 71
442 512350 A 509136 102 88 229 51 555 67 85 51 177 50 71 179 56 304 243 312 395 75 51 73
443 523546 E 210 65 110 520966 45 455 50 62 149 198 15 70 93 70 222 155 86 239 55 46 185
444 524827 I 330 138 162 245 103 984 93 519680 122 310 89 117 136 124 594 296 254 458 217 121 254
445 583527 I 460 262 216 281 117 724 113 576779 238 513 407 178 235 204 698 497 326 593 127 177 382
446 526726 R 591 291 196 328 211 1417 162 293 243 733 272 166 510 221 518400 758 357 663 360 191 363
447 505652 M 396 193 133 161 123 790 106 287 122 417 500323 86 285 110 583 433 244 392 110 144 214
448 507840 M 161 74 99 119 80 405 35 361 138 244 504498 37 155 66 322 179 148 420 91 80 128
449 460636 E 152 82 135 458101 29 486 52 81 155 159 25 56 135 64 252 156 87 170 72 47 140
450 471250 G 168 143 152 70 53 469003 42 76 44 168 29 41 88 48 263 355 118 190 52 42 105
451 519192 A 514799 229 97 180 77 575 50 71 63 213 26 45 174 58 309 245 859 921 61 49 91
452 510256 K 101 57 67 119 39 302 52 88 507831 152 45 240 177 73 246 198 120 164 49 54 82
453 484711 P 96 40 37 41 30 207 40 58 25 118 11 34 483303 104 138 109 87 88 56 32 57
454 501949 E 110 65 95 500175 46 287 39 50 73 128 25 27 89 54 158 115 82 134 38 42 117
455 507867 E 386 216 179 502292 182 577 109 209 264 514 65 115 254 169 502 483 238 484 131 155 343
456 514723 M 211 155 76 124 153 351 64 348 216 343 510505 71 148 127 409 314 236 373 121 144 234
457 491306 S 334 233 183 143 251 331 167 182 130 487 74 183 285 127 356 486599 281 310 109 264 277
458 504771 F 233 216 162 220 498859 1027 122 220 116 632 80 110 199 87 427 600 202 549 193 230 287
459 475224 Q 257 73 136 159 94 845 255 164 179 559 74 94 407 469286 1435 245 213 433 74 44 198
460 426193 G 296 148 101 261 112 422586 106 151 99 370 84 62 152 107 308 316 136 490 52 76 180
461 407093 R 668 122 75 110 90 722 126 129 55 432 68 75 415 365 402385 247 143 324 323 81 138
462 362349 G 537 170 109 417 117 357318 111 136 61 461 51 58 549 123 668 384 191 333 151 101 303
463 354336 V 332 119 104 107 180 389 107 292 80 427 74 71 350 110 388 312 182 350364 104 112 132
464 368244 F 459 374 227 217 360961 693 177 431 146 966 135 183 241 141 325 823 349 721 103 273 299
465 423330 E 382 206 184 417041 235 678 169 225 293 741 128 147 226 253 448 558 278 222 225 253 438
466 357563 L 219 194 82 133 284 456 139 234 107 353493 73 91 352 110 318 314 154 355 105 152 198
467 376674 S 49 145 34 52 157 230 77 157 101 588 69 110 165 95 373 373388 243 193 110 137 201
468 413774 D 255 140 410534 170 111 599 58 83 61 173 37 115 92 43 227 258 189 279 64 132 154
469 486318 E 417 230 254 479678 322 618 164 347 440 584 101 157 337 170 411 541 308 555 108 263 313
470 522813 R 381 172 137 187 217 1172 237 242 267 669 322 199 430 177 515962 577 433 493 162 135 242
471 512730 A 506178 124 120 193 121 992 199 167 124 520 93 120 841 184 472 409 548 758 187 149 231
472 524900 A 522456 49 30 116 86 118 34 72 20 108 27 50 277 18 39 311 355 648 13 42 31
473 565514 N 104 33 100 67 49 212 79 54 97 162 8 563548 252 78 163 165 88 78 32 84 61
474 558178 P 216 70 41 122 33 531 72 33 57 332 4 47 555299 191 377 205 156 144 110 27 111
475 536529 I 238 140 138 217 88 609 72 532287 132 379 95 142 97 96 420 239 226 450 117 118 229
476 491674 V 290 83 79 199 85 644 60 114 88 331 379 57 201 60 466 218 154 487755 137 99 175
477 481748 P 211 88 84 103 98 202 120 100 80 331 26 82 478868 84 289 288 184 238 60 81 131
478 462205 S 200 103 91 124 106 414 65 84 63 251 36 60 300 65 307 459279 147 221 59 103 127
479 511875 F 144 127 71 117 509070 338 46 135 61 492 39 55 94 43 204 236 121 232 59 70 121
480 514537 D 139 51 512513 134 31 382 55 29 28 86 29 119 111 39 175 125 178 158 29 61 65
481 450647 M 163 103 73 90 39 255 63 211 85 222 447778 63 133 55 294 179 209 388 51 62 131
482 558184 S 169 146 125 107 40 1092 42 121 60 147 45 200 136 23 344 554726 138 272 111 40 100
483 623627 N 60 52 105 61 39 266 33 90 94 117 34 621974 55 22 142 130 67 91 47 57 91
484 561684 E 70 44 77 559901 21 350 38 34 97 111 23 30 92 66 155 105 54 182 63 27 144
485 513402 G 98 69 15 81 47 511777 42 37 57 142 11 22 93 41 196 79 75 220 73 30 197
486 522101 S 100 49 38 46 61 167 37 41 34 155 5 27 147 35 86 520719 85 97 28 87 57
487 522773 Y 66 104 39 39 69 155 189 56 56 133 22 38 64 24 115 75 54 100 47 521216 112
488 512568 F 56 36 37 48 511094 131 13 81 32 270 18 46 41 25 110 157 80 80 38 79 96
489 488666 F 66 26 22 71 487229 146 11 59 33 275 9 23 86 36 107 135 34 104 36 76 82
490 486155 G 108 21 51 111 52 484492 32 61 37 140 26 27 79 40 266 111 65 250 25 35 126
491 494524 D 96 60 492406 155 83 336 55 82 48 135 35 85 53 39 161 108 87 254 46 95 105
492 502448 N 55 64 152 50 72 181 41 111 148 121 42 500479 69 54 231 186 99 64 39 84 106
493 601423 A 598434 28 76 198 68 379 58 75 66 207 44 55 148 35 272 291 361 477 8 61 82
494 505191 E 212 74 163 501836 57 744 39 63 117 194 41 40 186 94 369 223 101 285 85 79 189
495 496799 E 228 73 127 493833 39 767 23 54 115 163 30 36 147 80 361 166 90 208 80 54 125
496 478527 Y 140 285 62 86 71 333 134 75 65 148 33 59 132 40 267 199 107 165 57 475887 182
497 446250 D 337 139 441629 199 87 1002 105 104 89 303 66 201 178 83 512 279 167 383 106 124 157
498 349413 N 828 422 347 390 343 1472 248 404 301 1036 149 338112 618 314 1396 756 451 862 287 260 417
