# nucleotide counts
# upper case indicates nucleotide called by both reads
# lower case indicates nucleotide called by one read with other ambiguous
# N indicates disagreement between reads, or both ambiguous
# POSITION WT COUNTS A T C G a t c g N
1 A 650810 649822 33 11 175 16 0 0 0 753
2 T 654258 54 653761 106 8 0 8 0 0 321
3 G 654665 108 191 21 654049 0 0 0 4 292
4 G 652067 1028 836 2242 647632 0 0 0 19 310
5 C 622125 1219 1232 618127 1232 0 0 20 0 295
6 G 635197 1266 916 2229 630537 1 0 0 41 207
7 T 648707 832 644748 1493 863 0 16 0 0 755
8 C 653289 1007 744 650439 733 0 0 12 0 354
9 C 655601 990 725 652791 766 1 0 8 0 320
10 C 653946 2460 1895 647526 1743 0 0 13 0 309
11 A 649350 641894 1987 3426 1792 15 0 0 0 236
12 A 650546 643278 1769 3266 1978 19 0 0 0 236
13 G 653412 931 891 1542 649582 0 0 0 34 432
14 G 666618 1023 775 1676 662750 0 0 0 35 359
15 C 622121 1012 853 619323 562 0 0 47 0 324
16 A 569365 563359 1423 1663 1060 13 0 0 0 1847
17 C 558984 1560 1285 554943 944 0 0 28 0 224
18 C 541752 1586 1010 538039 934 0 0 17 0 166
19 A 538922 534637 1009 1726 1382 7 0 0 0 161
20 A 537505 533013 1172 2121 1018 4 0 0 0 177
21 A 536566 531899 1196 1838 1225 12 0 0 0 396
22 C 538252 1209 1067 534885 832 0 0 35 0 224
23 G 498622 1257 979 1415 494777 0 0 0 24 170
24 G 507118 1017 741 1344 503854 1 0 0 27 134
25 T 508347 1036 503449 1399 1021 0 33 0 0 1409
26 C 532002 1091 1034 528705 860 0 0 50 0 262
27 T 565583 1169 561772 1347 1068 0 11 0 0 216
28 T 525346 1345 520609 1837 1358 0 12 0 0 185
29 A 528325 523763 1167 1754 1478 15 0 0 0 148
30 T 519803 1395 515059 1884 1254 0 16 0 0 195
31 G 535808 880 637 815 533249 0 0 0 26 201
32 A 550954 548075 702 1127 766 26 0 0 0 258
33 A 516297 513742 601 949 703 19 0 0 0 283
34 C 499583 1291 1120 495956 971 0 0 38 0 207
35 A 449347 445104 1063 1990 984 30 0 1 0 175
36 G 522840 1235 1125 1910 518339 0 0 1 46 184
37 A 544552 539619 1187 2041 1380 6 0 0 0 319
38 T 548020 1631 542931 1940 1250 0 7 0 0 261
39 G 551767 1675 1353 1819 546715 0 0 0 8 197
40 G 539870 921 942 1916 535887 0 0 0 29 175
41 A 541055 536865 768 1997 1126 9 0 0 0 290
42 A 552100 548079 747 1938 1145 13 0 0 0 178
43 A 553702 550925 464 1059 799 16 0 0 0 439
44 C 593655 720 572 591273 746 0 0 50 0 294
45 T 553958 559 551351 1006 760 0 32 0 0 250
46 G 568093 609 488 684 566055 0 0 0 8 249
47 A 564914 562725 404 722 641 12 0 0 0 410
48 T 567043 561 564935 790 499 0 12 0 0 246
49 G 566339 925 806 1248 563121 0 0 0 12 227
50 G 574135 1053 744 1287 570810 0 1 0 6 234
51 G 571547 1122 672 1271 568243 0 0 0 4 235
52 G 576969 986 734 1632 573392 0 0 0 21 204
53 A 557435 553785 594 1811 935 20 0 0 0 290
54 A 561162 557588 610 1605 846 20 0 0 0 493
55 C 572573 914 819 569777 804 0 0 22 0 237
56 G 572220 1152 788 1359 568478 0 0 0 7 436
57 C 581976 868 636 579344 800 0 0 20 0 308
58 C 577466 1415 1063 573545 1200 0 0 5 0 238
59 A 572994 567928 1220 1863 1708 12 0 0 0 263
60 G 587799 1417 1294 1707 583171 0 0 0 18 192
61 A 584416 580269 929 1773 1191 21 0 0 0 233
62 A 603494 599428 995 1639 1197 25 0 0 0 210
63 T 573746 1424 569673 1395 970 0 19 0 0 265
64 G 594758 2169 1517 2327 588523 0 0 0 29 193
65 C 603671 2073 1763 597854 1715 0 0 21 0 245
66 A 573105 567500 1492 2249 1614 40 0 0 0 210
67 A 611635 605911 1416 2386 1414 37 0 0 0 471
68 C 606690 1805 1303 601917 1435 0 0 17 1 212
69 T 598754 1767 592506 2626 1576 1 16 0 0 262
70 G 604785 1538 1375 1613 599954 0 0 0 48 257
71 A 563818 559212 1251 1596 1509 45 0 0 0 205
72 G 605035 1685 1235 1445 600366 0 0 0 28 276
73 A 566291 562844 885 1428 811 9 0 0 0 314
74 T 608235 1243 604016 1621 913 1 11 0 0 430
75 C 579071 1169 922 575871 823 0 0 50 0 236
76 A 545119 541295 821 1577 1198 38 0 0 0 190
77 G 565474 958 681 1554 562053 0 0 0 27 201
78 A 562649 559116 481 1674 1004 12 0 0 0 362
79 G 590136 866 835 1200 586955 0 0 0 20 260
80 C 574932 837 1013 571888 913 0 0 38 0 243
81 A 550151 546662 829 1074 1260 25 0 0 0 301
82 T 562156 802 558705 1396 912 0 13 0 0 328
83 C 564275 916 866 561317 954 0 0 13 0 209
84 C 569812 941 895 566597 1114 0 0 16 0 249
85 G 555150 825 580 1023 552510 0 0 0 17 195
86 T 560459 675 557173 1258 704 0 15 0 0 634
87 C 559038 795 794 556610 651 0 0 6 0 182
88 G 563004 681 794 1392 559913 0 0 0 7 217
89 G 567179 820 773 1222 564181 0 0 0 14 169
90 G 581382 880 800 1178 578357 0 0 0 24 143
91 A 581503 578386 768 1059 846 14 0 0 0 430
92 A 580524 577429 799 1168 871 10 0 0 0 247
93 G 571572 931 776 1023 568556 0 0 0 13 273
94 A 563196 559203 1302 1173 1146 12 0 0 0 360
95 T 555573 1347 551670 1336 989 0 18 0 0 213
96 G 562636 1224 1135 1371 558658 0 0 0 9 239
97 A 585088 581423 1195 1086 1037 7 0 1 0 339
98 T 583451 1402 579898 646 1181 0 20 0 0 304
99 T 570203 1421 566794 988 831 0 14 0 0 155
100 G 572064 1500 1098 1357 567880 0 0 0 12 217
101 A 569122 564721 1163 1391 1463 16 0 0 0 368
102 T 558834 1378 554503 1460 1191 0 8 0 0 294
103 G 552203 1113 1069 1218 548525 0 0 0 37 241
104 G 571137 1141 759 1343 567654 0 0 0 50 190
105 A 555290 551764 949 1227 988 10 0 0 0 352
106 A 539955 537758 469 1017 510 10 0 0 0 191
107 T 543543 648 541250 882 553 0 16 0 0 194
108 T 536377 611 534054 896 593 0 27 0 0 196
109 G 547405 601 527 608 545478 0 0 1 27 163
110 G 539011 555 505 653 537059 0 0 0 7 232
111 A 523318 520833 386 729 753 5 0 0 0 612
112 C 535677 664 485 533836 434 0 0 43 0 215
113 G 476435 752 542 1355 473594 0 0 0 39 153
114 A 538280 535741 511 1303 388 59 0 0 0 278
115 T 546438 723 543362 1415 695 0 9 0 0 234
116 T 510639 726 507813 1210 658 0 8 0 0 224
117 C 512369 777 583 510220 578 0 0 18 0 193
118 T 504023 1322 500411 958 1183 1 27 0 0 121
119 A 520834 516814 1048 1024 1338 28 0 0 0 582
120 C 520597 1317 1279 516782 1045 0 0 20 0 154
121 A 483455 480917 769 878 610 21 0 0 0 260
122 T 493017 801 490211 1015 659 0 27 0 0 304
123 C 461970 828 655 459489 812 0 0 37 0 149
124 C 467801 872 744 465404 628 0 0 13 0 140
125 A 465548 462839 701 1076 774 14 0 0 0 144
126 A 453341 450906 649 898 656 7 0 0 0 225
127 A 453525 452000 417 529 402 17 0 0 0 160
128 T 436012 492 434377 545 362 0 9 0 0 227
129 G 503190 619 645 741 500967 0 0 0 30 188
130 T 478944 385 476645 645 335 0 15 0 0 919
131 G 482987 406 362 660 481377 0 0 0 13 169
132 C 486396 365 590 484935 324 0 0 8 0 174
133 A 479526 476782 526 877 659 3 0 0 0 679
134 C 477214 560 513 475356 579 0 0 13 0 193
135 T 459186 551 456786 979 575 0 6 0 0 289
136 G 502411 661 610 664 500243 0 0 0 45 188
137 A 525480 523250 540 858 592 22 0 0 0 218
138 A 542456 539781 583 891 587 13 0 0 0 601
139 C 575370 582 432 573792 339 0 0 29 0 196
140 T 575542 489 573651 804 393 0 10 0 0 195
141 T 577009 618 575099 780 338 0 18 0 0 156
142 A 582788 581179 577 364 485 26 0 0 0 157
143 A 582984 581383 505 427 376 18 0 0 0 275
144 A 619914 617882 539 471 299 15 0 0 0 708
145 C 619241 2546 2036 612139 2215 0 1 50 0 254
146 T 578822 2633 570268 3107 2456 1 11 0 0 346
147 C 593853 2861 2344 585853 2533 1 0 29 0 232
148 A 578368 570967 1681 3055 2387 24 0 0 0 254
149 G 623643 2011 1776 2837 616844 0 0 0 40 135
150 T 618050 1844 609524 2805 2519 0 18 0 1 1339
151 G 674861 1389 1081 807 671252 0 0 0 43 289
152 A 689334 685691 1429 1355 560 16 0 0 0 283
153 T 654053 1058 650795 994 959 0 10 0 0 237
154 T 679209 1838 673762 1428 1982 0 17 0 0 182
155 A 681716 676160 1644 1843 1801 24 0 0 0 244
156 T 686206 2000 680234 1985 1681 0 14 0 0 292
157 G 688922 1565 1272 1760 683987 0 0 0 32 306
158 A 648717 643606 1102 1989 1717 17 0 0 0 286
159 G 651928 1521 1296 1682 647102 0 0 1 58 268
160 G 606724 880 688 1190 603640 0 0 0 29 297
161 G 594091 888 919 1254 590659 0 0 0 6 365
162 G 593587 898 676 1247 590437 0 0 0 9 320
163 C 558827 800 1020 555718 1021 1 0 6 0 261
164 G 565526 933 966 1663 561717 0 0 0 14 233
165 A 566339 562042 833 1719 1126 8 0 0 0 611
166 C 568070 1140 1203 564060 1392 0 0 9 0 266
167 T 564163 1308 559195 2128 1338 0 3 0 0 191
168 G 560543 1350 1326 1810 555771 0 0 0 36 250
169 A 610687 606096 1109 1615 1497 43 0 0 0 327
170 T 590884 1339 586417 1346 1382 0 2 0 0 398
171 C 583376 1204 1253 579377 1317 0 0 7 0 218
172 C 583251 1584 1629 578110 1712 0 0 24 0 192
173 A 562663 556714 1543 1993 2135 22 0 0 0 256
174 G 566740 1605 1547 1894 561465 0 0 0 17 212
175 A 542157 535443 1651 2291 2490 8 0 0 0 274
176 A 542300 535523 1998 2035 2379 6 0 0 1 358
177 C 545633 2128 2087 538880 2297 0 0 65 0 176
178 A 446280 443490 659 880 997 33 0 0 0 221
179 G 455971 704 725 919 453458 0 0 0 9 156
180 C 450714 642 765 448177 908 0 0 7 0 215
181 T 444131 629 441503 884 879 0 12 0 0 224
182 T 448302 905 445611 844 752 0 15 0 1 174
183 A 441132 438408 833 786 929 31 1 0 0 144
184 A 470216 464626 1435 2536 1375 12 0 0 0 232
185 C 492191 1768 1463 487289 1396 0 0 15 0 260
186 A 466309 460604 1398 2865 1262 11 0 0 0 169
187 A 482318 478270 1231 1586 1019 52 0 0 0 160
188 T 442581 1151 438790 1511 940 0 29 0 0 160
189 A 454043 450145 1009 1564 1142 28 0 0 0 155
190 G 460834 1179 992 1492 456908 0 0 0 28 235
191 A 469849 465944 975 1601 1062 25 0 0 0 242
192 G 474291 1104 975 1825 470124 0 0 1 41 221
193 A 435788 432220 996 1271 978 26 0 0 0 297
194 G 457059 924 950 1596 453350 0 0 0 30 209
195 A 459835 456606 933 1263 797 20 0 0 0 216
196 A 475227 474361 291 239 167 22 0 0 0 147
197 T 477196 347 476170 336 159 0 19 0 0 165
198 G 465170 280 274 288 464168 0 0 0 15 145
199 G 472993 162 148 129 472307 0 0 0 19 228
200 T 445470 135 442815 187 177 0 12 0 0 2144
201 G 485383 358 113 133 484571 0 0 0 11 197
202 C 484029 413 425 482622 311 0 0 11 0 247
203 T 485694 420 483678 782 398 0 18 0 0 398
204 C 496214 465 343 494843 345 0 0 17 0 201
205 T 495772 658 493162 1011 701 0 17 0 0 223
206 C 527719 877 706 525224 704 0 0 9 0 199
207 T 525032 849 522196 1067 730 0 10 0 0 180
208 G 533089 1126 771 1273 529714 0 0 0 10 195
209 C 532943 1053 818 529983 864 0 0 12 0 213
210 T 520048 981 516647 1324 880 0 6 0 0 210
211 T 529600 790 526729 1000 854 0 16 0 0 211
212 T 521370 831 518564 1052 696 0 24 0 0 203
213 T 503425 720 500625 972 899 0 6 0 0 203
214 G 507004 763 611 913 504478 0 0 1 2 236
215 A 500475 497767 553 907 796 3 0 0 0 449
216 C 510438 590 989 507890 741 0 0 14 0 214
217 G 492455 569 527 831 490331 0 0 0 8 189
218 A 470937 468917 543 730 473 4 0 0 0 270
219 A 472195 470379 530 639 508 2 0 0 0 137
220 A 473393 471113 551 843 640 5 0 0 0 241
221 G 477074 544 585 890 474890 0 0 0 10 155
222 A 484019 481583 590 920 736 13 0 0 0 177
223 A 482390 480208 599 680 705 11 0 0 0 187
224 G 501314 586 622 801 499071 0 0 0 38 196
225 G 553929 624 603 774 551639 0 0 0 38 251
226 A 542157 539794 595 862 722 13 0 1 0 170
227 A 563110 560580 622 832 851 31 0 0 0 194
228 T 538923 563 536569 899 650 0 14 1 0 227
229 A 534932 532006 828 941 1007 26 0 0 0 124
230 A 535495 532418 796 1099 983 21 0 0 0 178
231 A 527649 524796 741 1073 810 28 0 0 0 201
232 T 529027 978 526160 799 824 0 35 0 1 230
233 A 475031 472576 718 748 745 48 0 0 0 196
234 T 419628 848 417166 746 628 0 31 0 0 209
235 C 429037 1328 1130 425465 937 0 0 21 0 156
236 T 402911 1180 399105 1388 1078 0 16 0 0 144
237 G 407073 1222 904 1338 403436 0 0 0 15 158
238 G 399118 1750 1397 2064 393754 0 0 0 13 140
239 A 391407 386469 1390 2013 1353 9 0 0 0 173
240 A 371090 366427 1372 1834 1306 9 0 0 0 142
241 G 387106 1449 1342 1555 382541 1 0 0 18 200
242 A 377675 373508 1281 1326 1397 13 0 0 0 150
243 A 417292 412189 1461 2014 1334 13 0 0 0 281
244 C 421725 1512 1168 417705 1172 0 0 12 0 156
245 A 403104 399593 1126 956 1216 10 0 0 0 203
246 T 517011 2169 511528 1347 1485 0 44 0 0 438
247 C 508333 1734 1653 502776 1982 0 0 11 0 177
248 C 530359 1829 1751 524366 2214 1 0 8 0 190
249 C 531603 1845 1882 525494 2149 0 0 15 0 218
250 A 507518 503422 1258 1058 1537 23 0 0 0 220
251 G 547964 1296 1102 1315 543972 0 0 0 34 245
252 C 543275 1103 1507 539368 1105 0 0 7 0 185
253 G 539323 1162 1175 1504 535293 0 0 0 13 176
254 C 547132 1159 1106 542816 1713 0 0 18 0 320
255 G 547007 1403 1240 1790 542411 0 0 0 26 137
256 G 594612 1562 1410 2031 589415 0 0 0 42 152
257 G 587701 1687 1690 1924 582208 0 1 0 11 180
258 G 613512 1779 1465 1937 608057 0 1 0 15 258
259 A 616307 610161 1573 1906 2338 9 0 0 0 320
260 A 612061 606086 1529 2288 1885 19 0 0 0 254
261 G 628341 2038 1752 2018 622218 0 0 0 22 293
262 G 640805 1540 1641 2705 634676 0 0 0 28 215
263 A 638028 631318 1854 2143 2188 16 0 0 0 509
264 T 637120 1868 630339 2294 2179 0 31 0 0 409
265 C 612365 2986 2898 602984 3175 0 0 28 0 294
266 C 602723 2861 2950 593601 3103 0 2 42 0 164
267 T 587350 2879 577559 3462 3190 0 15 0 0 245
268 A 588329 581304 2416 1568 2822 6 0 0 0 213
269 A 589040 581840 2420 1740 2871 10 1 0 0 158
270 G 590442 2159 2464 1971 583496 0 0 0 20 332
271 A 565123 560123 1499 1862 1476 11 0 0 0 152
272 A 555533 550545 1546 1821 1391 12 0 0 0 218
273 A 544345 539515 1494 1602 1490 14 0 0 0 230
274 A 512301 509559 619 1037 687 12 1 0 0 386
275 C 517471 760 625 515022 691 0 0 19 0 354
276 T 496266 731 493629 1095 614 0 7 0 1 189
277 G 493401 692 539 632 491313 0 0 0 4 221
278 G 491473 694 471 672 489509 0 0 0 9 118
279 A 483911 481335 577 746 890 5 1 0 0 357
280 G 479440 459 446 502 477900 0 0 0 4 129
281 G 473305 419 329 469 471864 0 0 0 4 220
282 A 462158 459317 306 447 481 18 0 0 1 1588
283 C 497322 277 291 496193 357 0 0 30 0 174
284 C 485355 381 328 484149 336 0 0 8 0 153
285 C 484124 415 374 482856 270 0 0 34 0 175
286 A 533484 531228 610 758 596 55 0 0 0 237
287 T 522935 522 520899 762 509 1 22 0 0 220
288 A 607590 605166 678 748 720 35 0 0 0 243
289 T 604761 849 601903 958 786 0 23 0 0 242
290 A 550856 547996 806 792 741 30 0 0 0 491
291 C 561078 753 798 558624 682 0 0 55 0 166
292 A 493272 489978 812 1261 1014 29 0 1 0 177
293 A 494268 491046 799 1250 1007 6 0 0 0 160
294 G 489433 919 782 1150 486039 0 0 0 68 475
295 A 396939 394748 534 731 694 45 0 0 1 186
296 G 402379 551 636 726 400283 0 0 0 25 158
297 A 377772 375574 472 798 684 15 0 0 0 229
298 G 385717 840 753 1528 382440 0 0 0 6 150
299 T 393250 830 387750 1588 776 0 13 0 0 2293
300 A 405591 401884 859 1605 1065 13 0 0 0 165
301 G 434944 895 765 1309 431789 0 0 0 35 151
302 A 430553 427363 958 1200 846 6 0 0 0 180
303 T 459550 915 456094 1450 839 0 16 1 0 235
304 A 452219 449135 837 1172 914 17 0 0 0 144
305 G 458976 777 764 1300 455924 0 1 1 25 184
306 A 456491 453463 697 1317 832 8 0 0 0 174
307 A 456661 455024 333 651 424 14 0 0 0 215
308 A 454978 453443 326 572 487 5 0 0 0 145
309 G 471016 325 297 692 469523 0 0 0 17 162
310 T 468498 749 464091 1424 655 0 17 0 0 1562
311 G 475986 838 810 1232 472961 0 0 0 7 138
312 G 476738 738 747 1386 473669 0 0 0 6 192
313 A 476730 475069 373 575 446 2 0 0 0 265
314 T 479487 419 477854 522 412 0 15 0 0 265
315 G 493282 517 471 602 491494 0 0 0 9 189
316 A 496168 494376 357 653 544 11 0 0 0 227
317 G 497499 396 449 633 495755 0 0 0 0 266
318 G 494406 424 398 616 492759 0 0 0 9 200
319 G 495592 582 389 493 493782 0 0 0 20 326
320 A 498230 496658 386 450 466 12 0 0 0 258
321 A 501125 499006 359 473 520 13 0 0 0 754
322 C 503106 455 470 501351 586 0 0 8 0 236
323 T 499445 444 497282 770 603 0 16 0 0 330
324 C 492444 556 451 490798 489 0 0 11 0 139
325 G 482677 569 530 756 480651 0 0 0 14 157
326 T 493302 536 490509 856 804 0 5 0 0 592
327 C 521697 683 560 519522 698 0 0 31 0 203
328 C 542268 665 632 540055 604 0 0 47 0 265
329 T 552488 794 549569 1144 816 0 13 0 0 152
330 T 552641 759 549744 1198 711 1 25 0 0 203
331 T 536037 856 533145 1056 785 0 8 0 0 187
332 A 501810 499142 866 730 828 25 0 0 0 219
333 T 494260 757 491679 903 691 0 19 1 0 210
334 G 494931 901 779 1151 491851 0 0 0 13 236
335 A 441206 438179 680 1134 754 13 0 0 0 446
336 C 448135 708 737 445645 737 0 0 35 0 273
337 A 392750 390214 662 1110 618 15 0 0 0 131
338 A 399231 396560 795 1055 739 7 0 0 0 75
339 A 406031 403336 768 1067 710 19 1 0 0 130
340 G 468533 679 721 841 465993 0 0 0 49 250
341 A 482569 479972 779 877 709 5 0 0 0 227
342 A 476431 473885 705 912 732 17 0 0 0 180
343 G 533476 760 590 807 530896 0 0 0 48 375
344 A 553360 550887 656 814 765 26 0 0 0 212
345 A 554524 552222 789 488 767 10 0 0 0 248
346 A 555750 552227 1065 1400 821 11 1 0 0 225
347 T 548909 1110 545094 1316 861 0 15 0 0 513
348 A 542835 539218 931 1285 1176 23 0 0 0 202
349 A 538464 535479 785 853 986 37 0 0 0 324
350 G 535406 882 816 771 532731 0 0 0 10 196
351 G 535947 614 809 855 533391 0 0 0 16 262
352 C 514862 335 548 513202 348 0 0 27 0 402
353 G 511511 571 484 613 509454 0 0 0 11 378
354 A 522881 521117 569 536 461 15 0 0 0 183
355 A 540582 539464 284 208 312 13 0 0 0 301
356 T 538099 249 536859 348 233 0 3 0 0 407
357 C 538260 248 302 537220 233 0 0 7 0 250
358 T 525897 551 523631 765 470 0 9 0 0 471
359 G 532462 606 544 620 530457 0 1 0 12 222
360 G 519539 495 338 646 517809 1 0 0 8 242
361 C 526879 943 907 523565 834 0 0 4 0 626
362 G 526567 980 835 1269 523133 0 0 0 4 346
363 C 523198 623 863 520688 847 0 0 11 0 166
364 C 508528 825 721 504545 1194 0 0 10 0 1233
365 A 508633 505210 635 1113 1521 11 0 0 0 143
366 A 529531 525961 948 956 1376 34 0 0 0 256
367 G 591939 873 798 1121 588885 0 0 0 37 225
368 C 589675 838 932 586464 1195 0 0 50 0 196
369 C 628268 847 886 625134 1046 0 0 60 0 295
370 A 629525 625848 994 1470 943 26 0 1 0 243
371 A 639254 635831 1045 1082 978 30 0 0 0 288
372 T 653236 1150 649590 1228 997 0 21 0 0 250
373 A 646208 641929 1507 1236 1252 24 0 0 0 260
374 A 649906 645471 1366 1454 1326 30 0 0 0 259
375 T 623797 1520 619154 1500 1282 0 50 0 0 291
376 G 588692 1360 1259 1459 584378 0 0 0 27 209
377 G 546674 1274 1061 1443 542652 0 0 0 43 201
378 T 497069 1207 490904 1556 1270 0 24 0 0 2108
379 G 500142 1229 864 1095 496756 0 0 0 13 185
380 A 495455 492069 851 1067 1209 15 0 0 0 244
381 T 493903 1253 490455 1203 754 0 15 0 0 223
382 G 488423 869 735 663 485970 0 0 0 10 176
383 A 490377 487819 719 709 870 19 0 0 0 241
384 T 497312 786 494648 785 836 0 24 0 1 232
385 G 491291 1201 725 715 488442 0 0 0 9 199
386 C 483705 811 935 480922 797 1 0 13 0 226
387 A 478121 475541 690 927 772 10 0 0 0 181
388 A 473187 470746 712 846 511 14 0 0 0 358
389 C 461015 658 694 458988 496 0 0 16 0 163
390 A 448925 446910 582 604 625 6 0 0 0 198
391 G 450927 666 522 781 448765 0 0 0 9 184
392 C 431446 600 549 429528 623 0 0 10 0 136
393 T 416916 502 414660 931 637 0 8 0 0 178
394 G 480017 715 651 538 477948 0 0 0 32 133
395 G 491743 681 612 651 489597 0 0 0 19 183
396 T 492545 669 489523 796 518 0 5 0 0 1034
397 C 531559 748 768 528956 784 0 0 13 0 290
398 T 516092 777 513118 1149 792 0 27 0 0 229
399 G 592758 924 916 926 589745 0 1 0 41 205
400 A 594199 588486 857 2627 1470 10 0 0 0 749
401 C 627445 1412 1072 623269 1416 0 0 25 0 251
402 T 640231 1689 634411 2848 979 0 35 0 0 269
403 C 642941 1700 1371 638215 1280 0 1 48 0 326
404 A 641271 635998 1261 1634 1582 22 0 0 0 774
405 C 694509 1729 1305 689846 1315 0 1 44 0 269
406 A 693593 687886 1768 1783 1887 7 0 0 0 262
407 T 710776 2221 704478 1994 1777 0 37 1 0 268
408 G 674629 1900 1846 1765 668872 0 0 0 27 219
409 A 698910 694465 987 1885 1201 42 0 0 0 330
410 T 679908 1247 675602 1718 1010 0 27 0 0 304
411 G 686553 1030 1136 1572 682434 0 0 0 23 358
412 A 672701 670062 652 900 703 23 0 0 0 361
413 T 666418 789 663448 1063 679 0 49 0 1 389
414 C 609567 633 588 607417 690 0 0 35 0 204
415 T 603680 528 601503 936 429 0 9 0 0 275
416 G 586227 502 416 568 584456 0 0 0 13 272
417 G 590104 604 328 597 588371 0 0 0 10 194
418 C 576196 371 376 574538 409 0 0 8 0 494
419 A 572381 570945 340 437 389 13 0 0 0 257
420 T 564876 367 563489 453 317 0 6 0 0 244
421 T 560451 515 558855 510 333 0 1 1 0 236
422 C 561638 536 368 560211 335 0 1 12 0 175
423 C 560685 505 409 559167 366 0 0 13 0 225
424 A 561104 559378 393 585 552 7 0 0 0 189
425 A 558373 556605 388 602 524 5 0 0 0 249
426 T 552975 620 551171 541 445 0 5 0 0 193
427 T 552522 593 550459 756 556 0 8 0 0 150
428 T 546345 727 544138 697 538 0 11 0 0 234
429 G 551738 762 626 691 549459 0 0 0 16 184
430 A 539291 537305 444 630 661 6 0 0 0 245
431 A 537996 536075 483 556 660 15 0 0 0 207
432 T 542317 596 540337 701 474 0 23 0 0 186
433 G 514895 637 604 643 512796 0 0 0 32 183
434 A 551905 550006 584 544 499 42 0 0 0 230
435 T 550019 664 547992 610 503 0 6 0 0 244
436 A 550468 547868 439 796 897 24 0 0 0 444
437 C 585111 581 593 583023 660 0 0 38 0 216
438 A 552739 550353 512 860 798 35 0 0 0 181
439 A 631530 629215 485 618 763 46 0 0 0 403
440 C 633427 483 460 631670 560 0 0 43 0 211
441 A 637924 635900 526 618 637 28 0 0 0 215
442 T 654425 741 651486 1130 810 0 67 0 0 191
443 A 554524 550693 571 891 908 41 0 0 0 1420
444 C 572272 649 583 569936 902 0 0 27 0 175
445 C 573574 665 739 571063 879 0 0 32 0 196
446 A 559980 556785 760 1008 1170 22 0 0 0 235
447 G 578941 825 756 878 576201 0 0 0 38 243
448 A 516701 514920 415 517 677 33 0 1 0 138
449 G 566307 635 502 623 564290 1 0 0 27 229
450 G 559060 433 478 586 557284 1 0 0 14 264
451 A 562079 558765 615 1222 875 19 0 0 0 583
452 C 569508 898 729 566996 651 0 0 30 0 204
453 A 558737 556014 694 1006 824 17 0 0 0 182
454 A 571101 566737 1244 1443 1437 9 0 0 0 231
455 G 591396 1264 1349 1484 587022 0 0 0 23 254
456 A 611523 606735 1240 1740 1295 8 0 0 0 505
457 G 632648 1385 1225 1623 628126 0 0 0 24 265
458 C 655483 1238 1256 651314 1344 0 0 25 0 306
459 T 654381 1334 649731 1613 1311 0 8 0 0 384
460 C 663043 1587 1415 658294 1400 0 0 16 0 331
461 T 660650 1456 655707 1686 1557 0 12 0 0 232
462 T 670379 1831 665385 1493 1450 0 11 0 0 209
463 G 677668 1415 1465 1506 672958 0 0 0 12 312
464 T 687510 1456 682130 1726 1685 0 12 1 0 500
465 T 686479 2442 681082 1285 1356 0 6 0 0 308
466 C 692585 1917 1760 686773 1825 0 0 16 0 294
467 G 689561 2146 1624 2307 683250 0 0 0 20 214
468 C 706525 1691 1731 700704 1963 0 0 7 0 429
469 A 697850 690539 1320 1892 1835 7 0 0 0 2257
470 C 703592 1601 1537 698383 1726 0 0 6 0 339
471 C 698188 1716 1689 692872 1670 0 0 18 0 223
472 G 709877 2033 1758 2610 703166 0 0 0 31 279
473 G 718460 2014 1809 2539 711761 0 0 0 17 320
474 C 751242 2187 2208 744396 2167 0 0 6 0 278
475 A 754724 746453 2350 3027 2604 9 1 0 0 280
476 T 789390 2906 779812 4078 2293 0 32 0 0 269
477 G 789478 2700 3186 3846 779471 0 0 0 40 235
478 G 821671 2247 2284 2219 814557 1 0 0 43 320
479 A 850553 842882 2161 2485 2457 35 0 0 0 533
480 T 865361 2613 857199 2848 2066 0 38 0 0 597
481 C 817004 2388 2467 808990 2786 0 0 65 0 308
482 C 776961 2416 2547 768822 2919 0 0 29 0 228
483 C 734107 2577 2095 726870 2308 0 0 31 0 226
484 A 741877 732724 2697 2699 3461 14 0 0 0 282
485 G 781086 3272 3092 2658 771746 0 1 0 33 284
486 G 752748 3281 2522 2060 744580 0 0 0 52 253
487 A 721109 715287 1867 1577 1935 35 0 0 0 408
488 T 645695 1955 640286 1401 1743 0 23 0 0 287
489 G 658764 1654 1793 1399 653584 0 1 0 34 299
490 T 635970 1702 630539 1564 1212 0 25 0 0 928
491 G 637177 1774 1432 1541 632128 0 0 0 6 296
492 C 641258 1289 1605 636815 1248 0 0 18 0 283
493 T 619305 1235 614947 1499 1249 0 10 0 0 365
494 C 640712 1426 1105 636343 1352 0 0 47 0 439
495 T 613984 1324 609803 1332 1236 0 22 0 0 267
496 C 622968 1537 1399 618572 1195 0 0 30 0 235
497 T 620150 1269 615663 1262 1725 0 23 0 0 208
498 G 589089 1229 1422 860 585328 0 0 0 16 234
499 A 590650 587378 1054 881 1026 15 0 0 1 295
500 T 581568 992 578224 1032 1034 0 14 0 0 272
501 G 574249 1199 963 931 570902 0 0 0 3 251
502 C 576122 1110 1232 572421 1078 0 0 20 1 260
503 A 543694 539832 1043 1039 1419 18 0 0 0 343
504 G 548577 1125 1045 975 545253 0 0 0 29 150
505 G 525519 901 783 841 522825 0 0 0 17 152
506 G 548501 1034 851 935 545484 0 0 0 18 179
507 T 533443 701 528538 966 1381 0 6 0 0 1851
508 T 538966 702 536389 966 692 0 20 0 0 197
509 C 538537 667 969 535839 835 0 0 12 0 215
510 G 539348 787 824 760 536749 0 0 0 11 217
511 A 544955 540152 700 1055 880 9 0 0 0 2159
512 C 539492 652 760 537058 778 0 0 22 0 222
513 T 524433 765 521557 1002 736 0 23 0 0 350
514 C 576129 1055 1197 572293 1284 0 0 73 0 227
515 T 585400 1150 580537 1765 1510 0 28 0 0 410
516 C 707793 1225 1509 703227 1401 0 0 86 0 345
517 C 697139 1818 1694 691703 1679 0 0 14 0 231
518 C 694014 1783 1817 688623 1551 0 0 27 0 213
519 T 687025 1944 680939 2254 1612 0 25 1 0 250
520 A 748355 742668 1947 1812 1596 30 0 0 0 302
521 G 717284 1533 1912 1732 711824 0 0 0 16 267
522 G 698743 1573 1569 1651 693635 0 0 1 58 256
523 A 640513 637237 778 930 1004 32 0 0 0 532
524 G 647602 858 790 836 644782 0 0 0 69 267
525 G 630109 927 593 711 627592 0 0 0 89 197
526 T 621576 895 616972 1018 679 0 10 0 0 2002
527 C 615128 841 1002 612300 780 0 0 8 0 197
528 T 631863 972 628376 1531 696 0 11 0 0 277
529 G 634733 906 901 995 631746 0 0 0 13 172
530 G 636876 885 831 659 634208 0 0 0 11 282
531 A 634412 631535 727 743 955 11 0 0 0 441
532 G 649752 929 813 1176 646527 0 0 0 23 284
533 C 643118 829 858 640190 862 0 0 25 0 354
534 T 620551 746 617430 1319 703 0 13 0 0 340
535 G 622892 1340 745 604 619916 0 0 0 13 274
536 C 625947 695 977 623432 668 0 0 3 0 172
537 A 628171 624811 707 750 1486 7 1 0 0 409
538 G 644888 513 617 628 642871 0 0 0 10 249
539 G 654129 564 559 565 652122 0 0 0 16 303
540 C 651459 426 808 649259 575 0 0 8 0 383
541 G 644439 1503 1002 1300 640407 0 1 0 14 212
542 C 649374 941 1135 645997 993 0 0 16 0 292
543 T 636889 840 633149 1647 987 0 6 0 0 260
544 G 660817 1602 944 1438 656526 0 0 0 19 288
545 C 648927 1128 1640 644337 1462 0 0 23 0 337
546 A 688283 683577 937 1702 1609 26 1 0 0 431
547 G 710494 1322 1170 1712 705934 0 0 1 30 325
548 T 719106 1381 713861 1472 1728 0 15 0 0 649
549 C 730268 1286 1301 725858 1459 0 0 19 0 345
550 A 724390 719298 1357 1623 1821 35 0 0 0 256
551 A 720372 715492 1364 1385 1870 15 0 0 0 246
552 A 720448 714957 1398 1575 2254 13 0 0 0 251
553 G 696166 1740 1225 1598 691345 0 0 0 18 240
554 G 717894 1886 1219 1493 712934 0 0 0 79 283
555 A 652154 646953 1194 1539 1893 23 0 0 1 551
556 G 644327 1494 1135 1322 640021 0 0 0 24 331
557 T 629156 1394 623881 1369 1505 0 10 0 1 996
558 T 612539 1359 607963 1503 1480 1 9 0 0 224
559 G 622682 1120 918 1269 619144 0 0 0 46 185
560 G 629169 1042 884 1350 625651 0 0 0 30 212
561 G 632379 1047 827 1291 628923 0 0 0 8 283
562 A 617749 614448 694 1117 974 12 0 1 0 503
563 C 555503 745 662 553017 736 0 0 49 0 294
564 A 503361 501045 554 784 851 25 0 0 0 102
565 A 429854 427737 529 705 666 13 0 0 0 204
566 T 433404 671 431168 684 689 1 7 0 0 184
567 G 447460 670 569 754 445316 0 0 0 7 144
568 G 456272 559 553 672 454305 0 0 0 42 141
569 T 417668 683 412786 718 728 0 14 0 0 2739
570 G 418343 700 570 676 416255 0 0 0 5 137
571 A 414465 412484 464 680 617 4 0 0 0 216
572 T 414899 618 412769 694 657 0 7 0 0 154
573 G 410930 562 518 656 409076 0 0 0 13 105
574 G 383133 396 422 468 381702 0 0 0 18 127
575 A 452054 449471 608 720 967 14 0 0 0 274
576 G 473039 775 585 693 470793 0 0 0 31 162
577 T 462196 552 459374 781 630 0 17 0 0 842
578 T 518684 706 516153 851 753 0 51 0 0 170
579 G 548896 748 696 754 546426 1 0 0 26 245
580 A 553042 548765 860 1744 1292 13 1 0 0 367
581 T 540857 979 536834 1637 1191 1 5 1 0 209
582 A 537902 534029 905 1499 1305 25 0 0 0 139
583 A 525840 522446 772 1494 934 22 0 0 1 171
584 G 558283 905 827 1424 554912 0 0 0 41 174
585 G 591128 935 812 1571 587632 0 0 0 15 163
586 A 592109 588575 680 1237 1301 29 0 0 0 287
587 T 546322 810 542661 1320 1249 0 36 0 0 246
588 G 566997 844 847 1180 563945 0 0 0 42 139
589 A 570146 567234 625 1076 897 9 0 0 0 305
590 T 571942 757 568840 1172 836 0 2 0 0 335
591 C 569397 703 736 566943 737 0 0 11 0 267
592 A 564764 562954 432 540 581 30 0 0 0 227
593 A 546420 544610 355 604 529 16 0 0 0 306
594 A 548471 546691 313 610 462 7 0 0 0 388
595 C 537104 502 545 535300 525 0 0 9 0 223
596 G 527439 489 480 723 525592 0 0 1 18 136
597 T 508493 504 505382 745 581 0 15 0 0 1266
598 G 501812 509 477 557 500123 0 0 0 23 123
599 G 508480 581 418 593 506657 1 0 0 11 219
600 G 525796 656 462 678 523824 1 0 0 2 173
601 A 527623 525053 686 699 881 8 0 0 0 296
602 T 529180 699 526508 902 743 0 8 0 0 320
603 C 518606 628 589 516518 677 0 0 14 0 180
604 A 512696 510313 478 942 743 6 0 0 0 214
605 A 514237 511964 486 1050 532 10 0 0 0 195
606 T 513147 644 510708 1031 573 0 15 0 0 176
607 G 525576 908 734 633 523110 0 0 0 22 169
608 A 514362 511674 797 657 953 9 0 0 0 272
609 T 483891 676 481394 667 833 0 10 0 1 310
610 C 502133 1128 1259 498590 976 0 0 7 1 172
611 G 500475 1068 1160 1098 496976 0 0 0 10 163
612 G 548434 1205 1236 1209 544619 0 0 0 22 143
613 A 548896 545938 873 944 846 9 0 0 0 286
614 A 534237 530982 882 940 857 50 0 0 0 526
615 C 650048 896 894 647148 758 0 0 87 0 265
616 T 631632 859 628178 1426 930 0 12 0 0 227
617 T 619156 855 615961 1347 741 0 15 0 0 237
618 C 631422 815 734 628543 1014 0 0 23 0 293
619 T 631929 828 627951 1836 1088 0 27 0 0 199
620 G 635434 874 1114 1430 631779 0 0 0 13 224
621 G 641932 877 997 1519 638283 0 0 0 18 238
622 A 629506 625482 852 1447 1293 6 0 0 0 426
623 G 607189 970 838 1431 603617 0 0 0 107 226
624 A 497659 493719 979 1317 1204 57 0 0 1 382
625 G 535957 574 509 693 534001 0 0 0 36 144
626 G 569846 661 614 672 567690 0 0 0 10 199
627 T 543334 511 535549 788 794 0 6 0 0 5686
628 G 539808 578 612 634 537788 0 0 0 14 182
629 A 537534 535304 528 627 789 12 0 0 0 274
630 A 542963 540932 538 596 666 9 0 0 0 222
631 A 546343 544391 433 692 628 6 0 0 1 192
632 A 541856 539768 587 553 707 14 0 0 0 227
633 T 523503 462 521603 635 580 0 25 0 0 198
634 G 495037 604 716 663 492868 0 0 0 22 164
635 G 494483 541 592 761 492471 0 0 0 10 108
636 A 494899 492327 486 757 828 1 0 0 0 500
637 C 483694 557 653 481736 553 0 0 4 0 191
638 G 481077 714 600 888 478725 0 0 0 1 149
639 A 481437 479057 613 1014 522 6 0 0 0 225
640 A 485688 483936 512 527 596 9 0 0 0 108
641 A 487135 485306 505 564 531 12 0 0 0 217
642 A 483386 481743 478 507 536 6 0 0 0 116
643 A 481481 479848 364 547 402 12 0 0 0 308
644 C 473216 419 335 471927 332 0 0 10 0 193
645 A 470673 469209 313 457 484 6 0 0 0 204
646 A 468094 466549 366 384 580 10 0 0 0 205
647 G 480786 439 383 432 479420 0 0 0 5 107
648 G 457520 352 380 386 456165 0 0 0 16 221
649 A 436280 434571 373 486 615 17 0 0 0 218
650 G 444435 510 452 506 442761 1 0 0 31 174
651 T 421941 456 418118 498 583 0 37 0 0 2249
652 G 441379 321 284 277 440303 0 0 0 22 172
653 C 435540 261 295 434389 453 0 0 7 0 135
654 T 428653 287 427555 322 351 0 10 0 0 128
655 T 458740 258 457579 385 307 0 12 0 0 199
656 A 436342 435119 236 364 350 11 0 0 0 262
657 C 478399 277 413 477163 353 0 0 14 0 179
658 G 477121 280 261 217 476103 0 0 0 40 220
659 A 432683 431754 254 216 252 11 0 0 0 196
660 G 479472 264 310 202 478433 0 0 0 81 182
661 A 397074 395725 281 285 570 24 0 0 0 189
662 G 408414 428 335 302 407163 0 0 0 22 164
663 A 399722 398534 337 316 415 20 0 0 0 100
664 A 356470 355687 200 212 201 19 0 0 0 151
665 T 358632 197 357886 223 150 0 15 0 0 161
666 G 374057 219 197 255 373204 0 0 0 16 166
667 T 437763 59 436773 118 24 0 6 0 0 783
668 G 458177 199 119 43 457589 0 0 0 19 208
669 C 460338 65 295 459612 79 0 0 7 0 280
670 A 454454 454028 86 87 151 11 0 0 0 91
671 A 464700 463965 142 49 153 16 0 0 0 375
672 C 494381 138 127 493736 127 0 0 17 0 236
673 A 489743 489066 145 96 165 8 0 0 0 263
674 T 476202 93 475599 139 117 0 16 0 0 238
675 T 474764 102 474176 170 124 0 17 0 0 175
676 C 483597 117 99 483018 87 0 0 2 0 274
677 T 482233 129 481609 197 67 0 8 0 0 223
678 C 502928 114 126 502288 59 0 0 14 0 327
679 A 500267 499553 113 142 227 4 0 0 0 228
680 A 501744 501134 127 145 183 19 0 0 0 136
681 A 501152 500399 106 141 279 9 0 0 0 218
682 G 514736 223 259 238 513773 0 0 0 12 231
683 G 524358 256 248 264 523355 0 0 0 3 232
684 A 520320 519208 301 336 243 5 0 0 0 227
685 A 518704 517206 323 410 574 1 0 0 0 190
686 A 518843 517254 381 380 582 21 0 0 0 225
687 A 548931 547291 390 418 567 38 0 1 1 225
688 T 549915 372 548225 629 488 1 9 0 0 191
689 T 540813 341 539311 504 481 0 2 0 0 174
690 T 540264 390 538624 529 483 0 12 0 0 226
691 C 515960 729 574 513920 566 0 0 12 0 159
692 A 513199 510711 527 945 835 8 0 0 0 173
693 A 512082 509884 537 904 602 2 0 0 0 153
694 A 512820 511165 306 601 379 12 0 0 0 357
695 C 533359 401 371 532005 327 0 0 32 0 223
696 A 500429 498859 348 600 342 37 0 0 0 243
697 G 516889 511 590 779 514733 0 0 0 25 251
698 C 522238 569 591 520048 860 0 0 8 0 162
699 T 480741 513 478228 880 738 0 21 0 0 361
700 G 510168 1000 600 621 507671 0 0 0 21 255
701 C 432353 396 526 430752 510 0 0 11 0 158
702 A 435013 432927 490 477 575 7 0 0 0 537
703 C 429473 446 441 427842 519 0 0 15 0 210
704 A 427860 426105 476 620 511 16 0 0 0 132
705 A 426472 424832 451 494 537 20 0 0 0 138
706 A 413224 410700 661 804 897 30 0 0 0 132
707 G 455891 628 702 847 453490 0 0 0 36 188
708 G 455824 575 541 744 453705 0 0 0 30 229
709 G 430387 848 731 851 427711 0 0 0 14 232
710 C 426014 809 946 423029 1003 0 0 11 0 216
711 A 419610 416703 813 949 968 16 0 0 1 160
712 A 448980 446074 1023 978 703 32 0 0 0 170
713 T 424536 948 421741 820 830 0 11 0 0 186
714 G 426151 839 850 863 423442 0 0 0 9 148
715 A 396315 394341 550 528 704 22 0 0 0 170
716 T 410381 572 408223 621 761 0 39 0 0 165
717 G 408615 608 591 550 406731 0 0 0 16 119
718 G 446634 465 475 509 444966 0 0 0 31 188
719 A 447004 444981 393 482 877 1 0 0 0 270
720 T 440413 478 438441 529 673 0 21 0 0 271
721 C 424202 926 825 421174 1046 0 0 23 0 208
722 A 425953 422690 858 1056 1196 23 0 0 0 130
723 A 478928 475206 1071 1191 1257 18 0 0 0 185
724 G 484591 585 728 997 482047 0 0 0 8 226
725 T 484291 634 480795 1036 914 0 4 0 0 908
726 G 490574 682 776 836 488077 0 0 0 22 181
727 A 480380 477303 834 981 1045 19 0 0 0 198
728 G 499798 885 812 1054 496799 0 0 0 12 236
729 A 498254 495011 822 1023 1164 4 0 0 0 230
730 G 502419 1005 761 990 499412 0 0 0 7 244
731 A 493210 490051 818 1121 963 18 0 0 0 239
732 A 482735 479664 833 1129 987 26 0 0 0 96
733 A 510596 507967 619 890 872 17 0 0 0 231
734 G 519715 670 586 841 517400 0 0 0 6 212
735 T 519698 759 516125 845 845 0 10 0 0 1114
736 C 504613 610 653 502591 546 0 0 10 0 203
737 G 500977 814 603 618 498694 0 0 0 12 236
738 G 505481 659 541 561 503482 1 0 0 17 220
739 A 502296 500941 363 323 497 6 0 0 0 166
740 A 505980 503677 394 319 488 16 0 0 0 1086
741 C 513042 434 435 511457 454 0 0 25 0 237
742 C 548271 423 388 546840 392 0 0 18 0 210
743 C 558853 449 429 557227 513 0 0 24 0 211
744 A 554241 552460 381 497 730 14 0 0 0 159
745 G 575858 925 882 741 573070 0 0 0 29 211
746 G 573253 793 673 689 570870 0 0 0 28 200
747 A 569474 566855 763 682 894 8 0 0 0 272
748 A 576808 572787 1214 1200 1400 17 0 0 0 190
749 A 544758 541017 1166 1050 1295 33 0 0 0 197
750 T 574403 1404 570078 1161 1482 0 30 0 1 247
751 G 580613 483 450 377 579030 0 0 0 22 251
752 C 624010 427 588 622180 494 0 0 23 0 298
753 T 602635 539 600529 643 703 0 11 0 0 210
754 G 609809 752 645 787 607333 0 0 0 59 233
755 A 571182 568579 661 709 968 39 0 0 0 226
756 G 583272 627 637 674 581072 0 0 0 22 240
757 A 581409 579660 491 359 591 12 0 0 0 296
758 T 585854 368 584132 396 562 0 16 0 1 379
759 C 571544 445 540 569747 566 0 0 15 0 231
760 G 570164 292 112 101 569366 0 0 0 13 280
761 A 550748 550179 81 47 198 10 0 0 0 233
762 A 547595 547008 72 94 191 34 0 0 0 196
763 G 589474 415 531 560 587732 0 0 0 30 206
764 A 588507 586512 634 494 445 23 0 0 0 399
765 T 563670 491 561752 540 573 0 21 0 0 293
766 C 560741 914 1073 557586 885 0 0 10 0 273
767 T 531167 832 528263 847 953 0 18 0 0 254
768 C 544193 945 888 541406 719 0 0 12 0 223
769 A 541959 539038 736 1129 694 5 0 0 0 357
770 T 542736 673 540370 828 583 0 4 0 0 278
771 C 538548 606 622 536521 547 0 0 26 0 226
772 T 498409 890 495583 1033 715 0 24 1 0 163
773 T 502657 759 500023 974 740 0 9 0 0 152
774 T 504866 877 502005 935 811 0 12 0 0 226
775 C 499819 693 701 497435 774 0 0 4 0 212
776 T 498666 713 496191 816 708 0 14 0 1 223
777 G 486816 642 566 766 484603 0 0 0 11 228
778 G 494560 493 391 445 492979 0 0 0 4 248
779 C 490643 431 490 489047 421 0 0 4 0 250
780 A 489698 487958 369 482 371 6 0 0 0 512
781 C 486002 286 522 484663 272 0 0 40 0 219
782 G 513298 350 331 314 512068 0 0 0 59 176
783 G 525639 295 223 354 524597 0 0 0 20 150
784 T 524265 506 521562 593 535 0 8 0 0 1061
785 C 527013 711 478 525075 483 0 0 12 0 254
786 T 535421 590 533061 938 642 0 26 0 0 164
787 G 531803 1238 831 682 528878 0 0 0 9 165
788 C 546633 919 1110 543439 971 0 0 9 0 185
789 A 530886 527127 657 813 1021 15 0 0 0 1253
790 C 532921 791 920 530027 869 0 1 53 0 260
791 T 479784 847 476937 792 978 1 57 0 0 172
792 C 510388 947 871 507299 828 0 0 60 0 383
793 A 518747 514707 1155 1466 1154 11 0 0 0 254
794 T 504505 1214 500562 1315 1183 0 11 0 0 220
795 A 491154 487204 983 1144 1137 8 0 0 0 678
796 T 513872 887 510826 864 1082 0 17 0 0 196
797 T 518111 765 514854 1028 1100 0 13 0 0 351
798 G 563273 910 847 1026 560196 0 0 0 44 250
799 A 547844 543149 817 1557 1247 14 0 0 0 1060
800 G 591531 1054 951 1709 587511 0 0 0 32 274
801 A 543674 531635 820 1641 1578 30 0 0 0 7970
802 G 552014 504 490 672 550165 0 0 0 20 163
803 G 579766 397 454 577 578124 0 0 0 19 195
804 G 582076 378 392 683 579996 0 0 0 6 621
805 T 574422 393 571044 739 507 0 4 0 0 1735
806 C 577342 522 466 574709 416 1 0 10 0 1218
807 A 571738 569055 437 655 764 9 0 0 0 818
808 G 583808 555 584 809 579689 0 0 0 4 2167
809 T 582044 544 579651 848 669 0 3 0 0 329
810 T 578538 629 576099 695 694 0 9 0 0 412
811 G 585224 661 630 747 582153 0 0 0 16 1017
812 C 569382 523 719 567057 637 0 0 16 0 430
813 T 569203 520 563365 1064 584 0 15 0 0 3655
814 C 575621 1593 1742 570304 1556 0 0 3 0 423
815 A 573380 566402 1696 2203 1819 12 0 1 0 1247
816 C 576111 1691 1565 558370 1710 0 0 6 0 12769
817 A 568117 561755 2430 1669 2010 18 0 0 0 235
818 A 569992 563732 2661 1546 1786 10 0 0 0 257
819 A 569157 562063 2314 1470 2234 7 0 0 0 1069
820 T 565975 1536 560436 1833 1580 0 12 0 0 578
821 C 559637 1566 1937 550958 1239 0 0 16 0 3921
822 T 551054 1715 545713 1875 1412 0 32 0 0 307
823 T 529002 2064 522139 2378 2082 0 6 0 0 333
824 G 528194 1861 2178 2230 520038 0 0 0 31 1856
825 T 501157 1932 494210 2395 2105 1 6 0 0 508
826 C 498957 964 894 495674 651 0 0 50 0 724
827 T 424905 583 420631 944 1023 0 9 0 0 1715
828 G 423487 671 701 1065 417692 1 0 0 10 3347
829 C 414292 1390 1529 409794 1406 0 0 3 0 170
830 C 410715 1053 1072 407040 1436 0 1 10 0 103
831 C 345579 935 1001 342307 1223 0 0 11 0 102
832 G 316839 977 755 916 313970 0 0 0 10 211
833 C 322096 883 826 319444 855 0 0 2 0 86
834 C 320495 858 771 317338 974 0 0 18 0 536
835 T 303345 601 300070 1575 957 0 6 0 0 136
836 G 296889 829 799 932 294177 0 0 1 18 133
837 T 281888 724 278908 1042 987 0 10 1 0 216
838 G 296034 618 806 559 293859 0 0 0 9 183
839 T 255403 622 253306 593 633 0 5 0 0 244
840 G 277476 623 707 480 274754 0 0 0 14 898
841 T 201600 697 199558 558 642 0 7 0 0 138
842 A 203225 200265 754 441 738 3 0 0 0 1024
843 T 201360 818 196007 533 693 0 4 0 2 3303
844 G 197971 824 1010 1001 195064 0 0 0 8 64
845 G 218575 812 1005 1148 214588 1 0 4 14 1003
846 A 213359 147533 970 1028 1783 12 0 0 0 62033
847 C 219897 736 876 216966 1233 0 0 14 0 72
848 C 221181 799 1007 217926 1391 0 0 18 0 40
849 T 210115 886 206554 1284 1328 0 10 0 0 53
850 G 362277 641 321 414 360634 0 0 0 80 187
851 C 367140 324 484 365866 390 0 0 3 0 73
852 C 366017 442 427 364512 453 0 0 10 0 173
853 G 366469 480 650 818 364399 0 0 0 12 110
854 T 383516 520 381451 864 508 0 27 0 0 146
855 A 395033 393063 341 947 505 11 0 1 0 165
856 G 413602 317 386 392 412362 0 0 0 13 132
857 C 414058 260 302 413091 215 0 0 0 0 190
858 C 430064 221 283 429092 305 0 0 8 0 155
859 A 511808 511367 72 70 96 59 0 0 0 144
860 G 520129 72 74 175 519651 0 0 0 4 153
861 T 520204 100 519601 70 53 0 7 0 0 373
862 G 567108 193 221 114 566301 0 0 0 28 251
863 G 566749 195 213 179 566008 0 0 0 3 151
864 C 575236 169 260 574203 288 0 1 11 0 304
865 T 573218 211 572050 463 281 0 9 0 0 204
866 A 577350 576229 291 162 320 5 0 0 0 343
867 C 574965 247 551 573659 242 0 0 5 0 261
868 G 618296 348 333 373 617036 0 0 0 4 202
869 A 619652 618054 192 327 360 9 0 0 0 710
870 C 624745 219 242 623737 267 0 0 18 0 262
871 T 611028 356 609434 503 432 0 20 0 0 283
872 T 614120 381 612534 572 417 0 5 0 0 211
873 C 613701 410 538 612103 467 0 0 6 0 177
874 G 617598 430 361 409 616108 0 0 0 3 287
875 A 618432 617107 334 353 517 2 0 0 0 119
876 A 618679 617299 289 362 445 2 0 0 0 282
877 A 617870 616661 322 359 331 6 0 0 0 191
878 A 618208 616970 350 301 379 22 0 0 0 186
879 A 616985 615236 327 318 899 13 0 0 0 192
880 G 621203 388 343 377 619844 0 0 0 8 243
881 A 611509 609763 351 424 557 13 0 0 0 401
882 G 606689 351 368 320 605471 0 0 0 8 171
883 G 604444 302 218 233 603478 0 0 0 2 211
884 G 599708 344 245 222 598740 0 0 0 18 139
885 A 581388 580181 206 209 243 4 0 0 0 545
886 T 576997 438 575205 482 484 0 19 0 0 369
887 A 519936 516340 482 285 545 12 0 0 0 2272
888 C 519090 475 386 517580 439 0 0 20 0 190
889 T 466720 710 464196 713 817 0 22 0 0 262
890 C 477241 667 639 474942 767 0 0 20 0 206
891 T 496403 693 493879 818 872 0 8 0 0 133
892 T 488343 813 485157 1008 1129 0 2 0 0 234
893 T 488418 1048 485254 936 1007 0 33 0 0 140
894 A 494475 491204 893 962 1261 21 0 0 0 134
895 G 513303 694 732 730 510889 0 0 0 26 232
896 T 490700 701 487056 822 968 0 16 0 0 1137
897 G 480437 722 586 728 478234 0 1 0 23 143
898 G 483186 940 778 939 480302 0 0 0 74 153
899 G 462750 800 701 763 460211 1 0 0 86 188
900 A 559444 556108 858 1031 1213 2 0 0 0 232
901 A 570346 567089 967 966 1091 12 0 0 0 221
902 T 570985 1061 567768 951 946 0 19 0 0 240
903 A 563840 560506 901 920 1367 24 0 0 0 122
904 G 575323 734 794 951 572566 0 0 0 13 265
905 A 581423 575404 702 1063 1277 7 0 1 0 2969
906 C 595901 627 689 593039 1232 1 0 23 0 290
907 C 588147 548 689 585996 693 0 0 50 0 171
908 C 633267 713 702 630681 819 0 0 104 0 248
909 T 633117 591 630370 1053 881 0 4 0 1 217
910 T 646141 825 642702 1047 1390 0 4 0 0 173
911 T 618899 775 615621 984 1179 0 9 0 0 331
912 C 622290 852 932 619146 1148 0 0 11 0 201
913 A 620187 617494 596 739 1119 9 0 0 0 230
914 A 624445 621810 756 783 860 9 0 0 0 227
915 A 631938 629072 621 933 863 5 0 0 0 444
916 C 633031 479 563 630923 753 0 0 9 0 304
917 T 623409 465 621057 705 806 0 25 0 0 351
918 G 632389 646 497 514 630260 0 0 0 19 453
919 C 637786 584 609 635387 965 0 0 7 0 234
920 T 639600 533 636885 741 1031 0 11 0 0 399
921 T 638766 527 636221 665 1030 0 4 0 0 319
922 C 646020 528 554 644233 515 0 0 4 0 186
923 A 643865 641903 505 582 642 2 0 0 0 231
924 A 644603 642730 475 418 792 3 0 0 0 185
925 A 644636 641955 576 635 1211 3 0 0 0 256
926 A 643821 640856 629 660 1250 6 0 0 0 420
927 C 648631 652 775 645810 1116 0 0 34 0 244
928 A 631073 628366 723 644 1146 13 0 0 0 181
929 G 655182 821 798 768 652500 0 0 0 13 282
930 C 660111 662 790 657159 1172 0 0 19 0 309
931 C 679643 742 769 676766 1136 0 0 20 0 210
932 A 672125 668825 991 905 1144 10 0 0 1 249
933 A 673987 670683 887 821 1327 44 0 0 0 225
934 G 753800 925 980 1019 750481 0 0 0 90 305
935 T 770655 928 765992 1060 1315 0 20 0 0 1340
936 A 751283 747637 888 1064 1425 33 0 1 0 235
937 T 737031 1406 732209 1335 1796 0 29 0 0 256
938 A 712336 707126 1237 1356 2021 23 0 0 0 573
939 C 691538 1224 1941 686406 1653 0 0 66 0 248
940 A 667045 662139 1118 1478 2020 36 0 1 0 253
941 G 755460 1138 1260 1387 751242 0 0 0 49 384
942 C 766845 1023 1146 762334 1975 0 0 68 0 299
943 C 667576 1828 2030 661158 2274 0 0 52 0 234
944 T 734678 2069 727229 2393 2739 0 33 0 0 215
945 A 763550 755423 2690 2150 3049 42 0 0 0 196
946 A 774528 770204 1038 1171 1741 10 0 0 0 364
947 T 770503 995 766214 1350 1529 0 4 0 0 411
948 C 693037 838 999 689562 1291 0 0 43 0 304
949 A 636036 632671 891 827 1360 13 0 0 0 274
950 G 642382 754 839 736 639772 0 0 0 41 240
951 A 645481 641707 753 839 1073 5 0 0 0 1104
952 C 651937 817 830 648785 1282 0 0 16 0 207
953 C 639686 871 1077 636093 1347 0 0 19 0 279
954 G 647982 1096 1137 1041 644512 0 0 0 22 174
955 A 659747 655778 1125 971 1611 12 0 0 0 250
956 A 677108 672750 1116 1130 1686 8 0 0 0 418
957 C 669713 1014 1227 665859 1407 0 0 9 0 197
958 G 669522 667 883 607 667083 0 0 0 2 280
959 A 686671 683230 935 838 1332 15 0 0 0 321
960 G 692464 834 973 756 689557 0 0 0 11 333
961 A 704207 700521 853 892 1624 9 0 0 0 308
962 A 728362 724597 944 901 1540 16 0 0 0 364
963 T 727004 755 723256 988 1503 0 10 0 0 492
964 C 724748 1161 1339 720058 1890 0 0 21 0 279
965 C 727491 1162 1393 722491 2085 0 0 20 0 340
966 A 716907 711542 1414 1312 2363 27 0 1 0 248
967 G 737167 1408 1388 1378 732642 0 0 0 35 316
968 C 727982 1329 1602 723185 1588 0 0 28 1 249
969 A 763186 758005 1224 1366 1724 36 0 0 0 831
970 C 792260 1056 1126 788978 754 0 0 34 0 312
971 A 769554 764868 1305 1277 1132 13 0 0 0 959
972 C 781191 1036 1244 777557 1092 0 0 22 0 240
973 A 775739 773870 464 381 735 31 0 1 1 256
974 A 781301 779205 521 509 759 25 0 0 0 282
975 G 788359 528 527 328 786020 0 0 0 60 896
976 A 738383 737495 127 120 273 23 0 0 0 345
977 G 744757 235 121 178 743786 0 0 0 53 384
978 T 655055 155 652530 208 175 0 36 0 0 1951
979 C 687017 446 458 685487 354 0 0 39 0 233
980 A 652263 650598 233 250 910 16 0 0 0 256
981 G 654851 528 328 383 653367 0 0 0 16 229
982 C 655472 1774 2015 648986 2390 0 0 27 0 280
983 T 549999 1475 545252 1226 1731 0 36 1 1 277
984 G 583500 1443 997 1244 579602 0 0 0 44 170
985 G 591185 918 981 900 588093 0 0 0 28 265
986 T 584741 1017 578927 958 1406 0 7 0 0 2426
987 G 671930 1369 1082 1105 668118 0 0 0 29 227
988 T 651921 1298 646487 1215 1728 1 30 0 0 1162
989 G 652090 1330 1351 1278 647952 0 0 0 22 157
990 G 586476 993 1033 1172 583086 0 0 0 10 182
991 A 582053 577570 1208 1408 1522 5 0 0 0 340
992 T 580818 1271 576347 1357 1521 0 28 0 0 294
993 G 561831 1285 1181 1339 557704 0 0 0 33 289
994 G 572339 1293 1092 1129 568602 0 0 0 26 197
995 C 575941 1093 1276 572134 1150 0 0 17 0 271
996 A 597786 593804 1040 1270 1333 20 0 0 0 319
997 T 619540 1408 614791 1787 1249 0 13 0 0 292
998 G 626244 1638 1626 1369 621348 0 0 0 22 241
999 C 635016 1251 1847 629934 1687 0 0 25 0 272
1000 A 631657 628534 1082 856 965 20 0 0 0 200
1001 A 639084 636214 995 874 630 21 0 0 0 350
1002 T 640844 844 638213 737 795 0 23 0 0 232
1003 T 613624 1253 609959 1039 1128 0 8 0 0 237
1004 C 606815 1054 1111 603012 1324 0 0 24 0 290
1005 T 569999 999 566253 971 1420 0 18 0 0 338
1006 G 578116 876 676 576 575674 0 0 0 3 311
1007 C 596700 726 719 594128 881 0 0 32 1 213
1008 T 556995 696 554405 795 869 0 9 0 0 221
1009 G 563846 883 652 618 561451 0 0 0 34 208
1010 C 530962 681 773 528273 986 0 0 13 0 236
1011 A 526512 524213 731 447 862 3 0 0 0 256
1012 T 543555 443 541632 518 802 0 13 0 0 147
1013 T 541069 398 539221 417 850 0 4 0 0 179
1014 T 541812 330 539732 632 889 0 8 0 0 221
1015 G 541329 349 395 353 539973 0 0 0 3 256
1016 A 530096 528379 372 373 773 4 0 0 0 195
1017 A 530514 528753 364 403 836 10 0 0 0 148
1018 G 516218 407 486 613 514440 0 0 1 55 216
1019 A 540360 538402 534 531 582 44 0 0 0 267
1020 T 544342 511 542402 649 506 0 9 0 0 265
1021 C 535829 240 175 534986 246 0 0 9 0 173
1022 T 537848 211 536667 546 290 0 12 0 0 122
1023 A 522813 521677 322 258 389 18 0 0 0 149
1024 A 522929 520692 522 593 909 18 0 0 0 195
1025 G 526931 576 591 550 524974 0 0 0 17 223
1026 A 513614 511322 598 567 837 37 0 0 0 253
1027 G 554403 323 303 302 553149 0 0 0 81 245
1028 T 473516 283 469379 221 381 0 18 0 0 3234
1029 A 469337 468279 248 222 393 13 0 0 0 182
1030 T 459960 346 458375 445 614 0 6 0 0 174
1031 T 456506 364 454943 437 580 0 18 0 0 164
1032 A 471645 469937 541 498 507 30 0 0 0 132
1033 A 427019 424736 566 617 909 13 0 0 0 178
1034 G 417210 480 603 591 415339 0 0 0 6 191
1035 C 417744 506 588 415656 766 0 0 42 0 186
1036 T 366431 325 364739 495 657 0 15 0 0 200
1037 T 424079 478 422125 569 754 0 26 1 0 126
1038 C 428575 536 560 426688 626 0 0 15 1 149
1039 A 439177 437652 389 395 563 4 0 0 0 174
1040 T 439598 398 437974 431 560 0 3 0 0 232
1041 C 439404 390 409 437912 531 0 0 19 0 143
1042 A 435613 433889 427 465 660 10 0 0 0 162
1043 G 417819 385 431 397 416408 1 0 0 11 186
1044 A 419407 417790 344 437 659 3 0 0 0 174
1045 G 409444 303 355 283 408331 0 0 0 9 163
1046 G 434570 341 377 371 433284 0 0 0 40 157
1047 G 516051 400 423 461 514434 0 0 0 41 292
1048 A 516350 513529 438 568 800 4 0 0 0 1011
1049 C 523738 386 488 521847 708 0 0 7 0 302
1050 C 509197 424 444 507565 577 1 0 13 0 173
1051 A 517632 516309 285 373 463 20 1 0 0 181
1052 A 553391 552005 376 306 502 31 0 0 0 171
1053 A 555186 553552 368 388 629 16 0 0 0 233
1054 G 564316 463 454 392 562732 0 0 0 15 260
1055 T 555163 511 552402 407 424 0 32 0 0 1387
1056 A 557780 556104 431 368 514 26 0 0 0 337
1057 T 564274 277 562897 473 140 0 12 0 0 475
1058 C 566712 248 452 565568 195 0 0 17 0 232
1059 C 563682 243 331 562565 266 0 0 14 0 263
1060 C 557197 813 791 554499 884 0 1 21 0 188
1061 C 528813 875 699 526189 799 1 1 16 0 233
1062 A 527602 525203 692 700 805 27 0 0 0 175
1063 A 519896 519167 90 43 334 12 0 0 0 250
1064 G 527571 116 221 43 526936 0 0 0 24 231
1065 G 516230 62 93 80 515768 0 0 0 17 210
1066 G 512187 192 224 149 511343 0 0 0 24 255
1067 G 481082 206 191 186 480343 0 0 0 6 150
1068 G 456022 281 185 143 455226 0 0 0 8 179
1069 A 452355 451231 232 197 460 3 0 0 0 232
1070 A 470458 469510 197 221 358 10 0 0 0 162
1071 A 473341 471989 280 282 349 10 0 0 0 431
1072 C 486035 387 436 484608 437 0 0 23 0 144
1073 T 464865 297 463412 485 441 0 9 0 0 221
1074 T 466395 285 465141 331 486 0 7 0 0 145
1075 T 478846 516 477018 487 535 0 11 0 0 279
1076 C 443148 418 449 441760 351 0 0 16 0 154
1077 C 469391 395 424 467949 397 0 0 23 0 203
1078 A 516700 514390 548 428 638 3 0 0 0 693
1079 C 531525 486 568 529668 614 0 0 12 0 177
1080 T 533006 529 531231 464 553 0 17 0 0 212
1081 A 515738 512815 896 799 1048 21 0 0 0 159
1082 G 526872 764 952 854 524081 0 0 0 24 197
1083 A 533539 530509 823 782 1144 14 0 0 0 267
1084 G 540439 418 499 552 538733 0 0 0 16 221
1085 G 567371 396 460 648 565653 0 0 0 43 171
1086 A 502548 500246 458 455 976 39 0 1 0 373
1087 G 567400 387 455 392 565881 0 0 0 52 233
1088 T 561612 365 557168 494 703 0 11 0 0 2871
1089 A 563899 561720 512 340 765 12 0 0 0 550
1090 C 572756 618 707 570431 778 0 0 22 0 200
1091 A 550610 548421 673 596 773 27 0 0 0 120
1092 A 550651 548367 704 551 809 31 0 0 0 189
1093 A 614572 612400 541 560 812 32 0 0 0 227
1094 T 601900 506 599732 564 773 0 25 0 0 300
1095 T 577392 402 575415 540 776 0 40 0 0 219
1096 G 517154 511 478 407 515447 0 0 0 45 266
1097 C 510014 461 405 508409 550 0 0 3 0 186
1098 T 509764 346 508131 491 581 0 9 0 0 206
1099 T 509225 520 507046 551 863 0 3 0 0 242
1100 C 507373 522 624 505225 831 0 0 10 0 161
1101 A 500222 498170 563 441 877 1 0 0 0 170
1102 A 509081 507336 438 474 656 7 0 0 0 170
1103 A 513363 511565 496 524 602 6 0 0 0 170
1104 T 516820 485 515011 504 614 0 6 0 0 200
1105 G 513301 483 505 412 511701 0 0 0 11 189
1106 A 509052 507315 538 477 551 4 0 0 0 167
1107 A 515176 513363 485 495 615 4 0 0 0 214
1108 A 516720 515489 351 298 394 3 0 0 0 185
1109 A 519201 517713 423 258 457 10 0 0 0 340
1110 C 541615 271 375 540325 436 0 0 27 0 181
1111 A 537582 535765 535 419 576 1 0 0 0 286
1112 T 559969 570 557946 570 685 0 10 0 0 188
1113 G 539780 588 495 570 537958 0 0 0 12 157
1114 G 536312 324 403 409 535016 0 0 0 13 147
1115 A 550035 548234 408 375 530 22 0 0 0 466
1116 T 544857 370 543257 458 464 0 7 0 0 301
1117 G 549667 579 620 383 547810 0 0 0 36 239
1118 C 616763 563 567 614539 671 0 0 56 0 367
1119 T 593675 598 591605 693 537 0 22 0 0 220
1120 A 594775 592402 553 548 940 11 0 0 0 321
1121 T 570489 455 568309 647 846 0 12 0 0 220
1122 G 581870 496 589 646 579969 0 0 0 29 141
1123 G 583832 547 449 535 582093 0 0 0 24 184
1124 A 553995 551927 622 569 612 17 0 0 0 248
1125 A 555497 553629 324 518 852 11 0 0 0 163
1126 T 498075 588 495590 645 931 0 48 0 0 273
1127 C 465769 724 713 463100 1044 0 0 32 0 156
1128 A 457487 454959 711 450 1227 13 0 0 0 127
1129 A 453343 450694 653 734 1043 7 0 0 0 212
1130 G 457642 671 544 656 455586 0 0 0 13 172
1131 T 431909 586 429025 647 901 0 14 0 0 736
1132 A 424486 420143 418 405 812 27 0 0 0 2681
1133 C 458120 427 402 456280 770 0 0 42 0 199
1134 T 436965 402 435224 504 575 0 9 0 0 251
1135 C 450262 462 541 448436 613 0 0 12 0 198
1136 T 396660 335 395111 486 555 0 11 0 0 162
1137 T 399170 366 397681 490 524 0 12 0 0 97
1138 G 403003 369 411 320 401757 0 0 0 6 140
1139 A 416408 414721 416 427 602 5 0 2 0 235
1140 A 419894 418200 393 420 580 3 0 0 0 298
1141 C 422329 358 405 420907 482 0 0 17 0 160
1142 T 405366 385 403810 507 509 0 26 0 0 129
1143 G 420238 376 416 375 418925 0 0 0 15 131
1144 A 430410 428060 619 631 876 0 0 0 0 224
1145 G 438146 680 710 726 435833 0 0 0 4 193
1146 A 436499 434101 643 690 877 20 0 0 0 168
1147 A 489784 486503 960 810 1297 29 0 0 0 185
1148 G 499210 988 1013 898 496108 0 0 0 7 196
1149 C 539288 1134 1405 534956 1530 0 0 9 0 254
1150 A 535335 530934 1112 1028 2060 10 0 0 0 191
1151 G 538987 1058 1201 869 535665 0 0 1 35 158
1152 G 617431 1119 1093 934 614029 0 0 0 53 203
1153 T 615979 1025 610240 894 1420 0 9 0 0 2391
1154 A 620353 616155 1173 994 1416 11 0 0 0 604
1155 C 637876 1021 1161 633892 1538 0 0 37 0 227
1156 T 602050 1189 597770 1195 1657 0 43 0 0 196
1157 G 619446 1180 1135 960 615913 0 0 0 26 232
1158 G 628650 916 845 999 625607 0 0 0 10 273
1159 G 612862 937 404 1077 610114 0 0 0 10 320
1160 C 652672 817 879 649369 1152 0 0 37 0 418
1161 C 590946 964 902 587696 1129 0 0 48 0 207
1162 A 609277 605371 1363 1165 1159 14 0 0 0 205
1163 T 610253 1259 606386 1100 1280 0 8 0 0 220
1164 A 603842 600058 1209 564 1756 4 0 0 0 251
1165 A 625117 620831 1317 1007 1777 10 0 0 1 174
1166 G 616547 1269 1492 1072 612354 0 0 0 24 336
1167 A 594399 591049 1545 808 735 28 0 0 0 234
1168 A 592667 587262 1553 1360 1534 14 0 0 0 944
1169 C 592232 1315 1602 587442 1617 0 0 9 0 247
1170 C 626836 1569 1660 621616 1832 0 0 16 1 142
1171 A 609068 603073 1944 1621 2145 19 0 0 1 265
1172 G 623270 1571 2042 1421 618030 0 1 0 24 181
1173 A 623779 618575 1044 1755 2120 10 0 0 0 275
1174 A 614736 610158 1364 1386 1576 7 0 0 0 245
1175 G 630402 1327 1182 1351 626299 0 0 0 38 205
1176 T 597031 1319 590145 1371 1442 0 10 0 2 2742
1177 G 600247 519 566 496 598455 0 0 0 13 198
1178 G 610709 541 532 481 608872 0 1 0 24 258
1179 A 609835 607362 447 587 1040 11 1 0 0 387
1180 G 621942 712 822 665 619498 0 0 0 34 211
1181 G 623570 721 808 688 621153 0 0 0 20 180
1182 A 586356 583850 690 633 837 11 0 0 0 335
1183 A 586177 581432 1261 1389 1856 20 0 0 0 219
1184 A 585259 580627 1378 1244 1601 19 0 0 0 390
1185 C 597749 1183 1574 592991 1730 0 0 11 0 260
1186 A 596831 590253 1634 1563 1958 14 0 0 0 1409
1187 C 629051 1509 1578 623640 2026 0 0 62 0 236
1188 T 612493 1459 607238 1563 1953 0 25 0 0 255
1189 A 654229 649897 1339 1061 1661 40 0 0 0 231
1190 A 683508 678809 1468 1153 1872 20 0 0 0 186
1191 T 681369 1334 676576 1297 1758 0 13 0 0 391
1192 C 685506 1336 1451 680942 1466 0 0 40 0 271
1193 A 660662 656075 1051 1373 1931 29 0 0 0 203
1194 A 665909 661306 1562 1461 1122 38 0 0 0 420
1195 C 676847 1133 1312 671899 2231 0 0 39 0 233
1196 A 593943 588964 1264 1350 2081 21 1 0 0 262
1197 G 588317 1035 1248 1211 584555 0 1 0 35 232
1198 A 539268 535898 751 760 1592 15 0 0 0 252
1199 G 547927 708 919 720 545308 0 0 0 25 247
1200 G 574221 654 683 826 571814 0 0 0 32 212
1201 G 510143 599 493 700 508117 0 0 0 22 212
1202 C 517163 544 779 514647 891 0 0 13 0 289
1203 C 523502 519 654 521101 1021 0 0 20 0 187
1204 T 519650 622 516333 1016 1404 0 21 0 0 254
1205 C 545291 686 835 542148 1412 0 0 23 0 187
1206 T 531961 723 528623 1091 1236 0 3 0 0 285
1207 G 535874 974 1142 1063 532481 0 1 0 3 210
1208 C 531665 861 1283 527811 1416 0 0 17 0 277
1209 A 508742 504918 697 1169 1727 21 0 0 0 210
1210 G 544120 696 1048 551 541580 0 0 0 38 207
1211 G 543247 715 985 902 540447 0 0 0 5 193
1212 T 547674 675 542668 1227 1388 0 6 0 0 1710
1213 C 548239 799 462 546186 503 0 0 18 0 271
1214 A 529331 526983 792 1033 323 25 0 0 1 174
1215 A 561438 558969 811 714 773 18 0 0 0 153
1216 A 547826 546610 368 361 300 6 0 0 0 181
1217 T 551148 323 549697 499 225 0 4 0 0 400
1218 C 547644 363 373 546370 274 0 0 35 0 229
1219 A 508232 506961 212 198 513 21 0 0 0 327
1220 G 539490 215 306 160 538598 0 0 0 41 170
1221 T 520781 219 519383 251 170 0 5 0 0 753
1222 G 524891 215 172 142 524121 0 0 0 12 229
1223 T 518174 188 516731 231 265 0 15 0 0 744
1224 G 503689 495 208 118 502682 0 0 0 14 172
1225 C 516287 898 1674 511935 1554 0 0 25 0 201
1226 A 510210 506347 1046 1055 1550 13 0 0 0 199
1227 A 521169 516428 1122 1049 1634 11 0 0 0 925
1228 C 522906 573 794 520161 1172 0 0 21 0 185
1229 C 519373 774 630 516521 1147 0 0 61 0 240
1230 T 476692 615 473365 1121 1391 0 11 0 0 189
1231 G 496012 1260 747 737 493002 0 0 0 27 239
1232 C 532594 781 956 529359 1282 0 0 5 0 211
1233 A 522241 519238 792 801 1115 12 0 0 0 283
1234 T 532036 968 528314 571 1932 0 15 0 0 236
1235 T 528607 742 524801 957 1967 0 17 1 0 122
1236 T 502312 746 498783 775 1786 0 14 0 0 208
1237 T 506609 1048 502820 952 1617 0 6 0 0 166
1238 C 476925 958 1041 473423 1312 0 0 33 0 158
1239 T 445364 954 441953 1019 1262 0 15 0 0 161
1240 G 477008 833 813 877 474282 0 0 0 32 171
1241 T 465748 813 461992 957 1490 0 2 0 0 494
1242 G 478267 864 947 909 475322 0 0 0 21 204
1243 C 486403 633 915 483140 1481 0 0 17 0 217
1244 A 479395 475990 935 851 1429 21 0 0 0 169
1245 A 490366 487093 1016 617 1499 13 0 0 0 128
1246 A 487899 484414 959 788 1523 12 0 0 0 203
1247 G 504288 846 1043 795 501385 0 0 0 20 199
1248 A 498674 495454 1061 660 1298 27 0 0 0 174
1249 A 457580 455415 571 571 827 7 0 0 0 189
1250 A 476226 471643 681 677 828 7 0 0 0 2390
1251 C 480982 610 650 478701 815 0 0 30 0 176
1252 C 501752 630 783 499025 1140 0 0 11 0 163
1253 T 502026 676 498915 841 1203 0 7 0 0 384
1254 C 495199 565 733 492671 1027 0 0 26 0 177
1255 C 520347 1061 1016 516592 1498 0 0 25 0 155
1256 C 508091 1244 972 504338 1397 0 0 13 0 127
1257 A 513288 509526 1177 867 1510 11 0 0 0 197
1258 T 516446 1071 512073 1140 1960 0 8 0 0 194
1259 T 486669 920 482858 1021 1682 0 20 0 0 168
1260 T 491117 866 487024 1196 1837 0 13 0 0 181
1261 G 489139 841 1057 782 486210 0 0 0 8 241
1262 A 499419 496003 1071 837 1136 8 0 1 0 363
1263 C 498135 937 1024 494994 1013 0 0 26 0 141
1264 A 474915 472076 773 630 1274 9 0 0 0 153
1265 A 491606 488808 761 660 1217 13 0 0 0 147
1266 A 496188 492990 923 634 1077 16 0 0 0 548
1267 C 521676 1055 983 517526 1927 0 0 26 1 158
1268 C 516331 1043 1105 511831 2164 0 0 13 0 175
1269 A 477453 473425 1143 1001 1685 10 0 0 0 189
1270 A 498045 492577 1202 1352 1992 12 0 0 0 910
1271 C 496300 1157 1360 491804 1759 0 0 27 0 193
1272 C 527532 1155 1596 522914 1677 0 0 25 0 165
1273 A 522216 518281 1088 1067 1524 20 0 0 0 236
1274 T 525349 1054 521203 1154 1330 0 23 0 0 585
1275 C 525347 977 1183 521489 1517 0 0 26 0 155
1276 A 504717 500884 1081 1188 1361 19 0 0 0 184
1277 T 514928 926 511164 1195 1327 0 19 0 0 297
1278 G 496516 834 969 1099 493312 0 0 0 16 286
1279 G 493897 835 774 829 491218 0 0 0 7 234
1280 C 459035 701 842 456176 1106 0 0 23 0 187
1281 A 436367 433505 671 826 1162 14 0 0 0 189
1282 G 450099 970 796 792 447343 0 0 0 25 173
1283 C 440625 766 824 437614 1250 0 0 9 0 162
1284 A 436146 433210 783 764 1152 6 0 0 0 231
1285 T 438176 899 434790 964 1351 0 11 0 0 161
1286 T 427506 987 424200 879 1267 0 10 0 0 163
1287 C 433348 974 1130 429631 1403 0 0 16 0 194
1288 A 427145 424252 752 419 978 5 0 0 0 739
1289 C 411016 540 639 408910 726 0 0 15 0 186
1290 T 412861 550 410529 743 867 0 8 0 0 164
1291 G 447485 713 1049 1319 444141 0 0 1 60 202
1292 G 457929 1559 816 671 454707 0 0 0 30 146
1293 G 470147 872 834 1607 466621 0 0 0 18 195
1294 A 460415 456030 1283 1088 1750 10 0 1 1 252
1295 A 473665 469305 1253 1174 1739 16 0 0 0 178
1296 T 452186 961 448356 1151 1468 0 16 0 0 234
1297 A 490744 487455 1015 820 982 15 0 0 0 457
1298 C 528227 918 1254 524663 1168 0 0 23 0 201
1299 A 511979 508389 828 920 1606 8 0 0 0 228
1300 G 520267 982 980 848 517229 0 0 0 66 162
1301 A 505513 500867 1101 972 2249 26 0 0 0 298
1302 G 546733 1067 853 789 543818 0 0 0 46 160
1303 G 537591 934 897 806 534736 0 0 0 11 207
1304 G 540022 1047 954 724 537054 0 0 0 25 218
1305 A 539247 534762 972 859 2343 11 0 0 0 300
1306 A 531377 526255 1139 1074 2693 21 0 0 0 195
1307 G 542598 1406 1287 1091 538558 0 0 0 18 238
1308 A 540346 535303 1168 1106 2508 14 0 0 0 247
1309 A 558133 553239 1161 1155 2088 27 0 0 0 463
1310 C 597350 1448 1152 592302 2171 0 0 46 0 231
1311 A 574159 569443 1179 935 2387 23 0 0 0 192
1312 T 582502 903 578420 858 2015 0 12 0 0 294
1313 C 568385 1078 906 564276 1885 0 0 14 0 226
1314 A 562139 557865 931 838 2200 12 0 0 0 293
1315 G 570671 555 627 599 568595 0 0 0 32 263
1316 A 553280 550385 526 504 1239 11 0 0 0 615
1317 C 559312 520 568 556926 1056 0 0 28 0 214
1318 A 550410 547111 762 827 1477 22 0 0 0 211
1319 T 528239 787 524978 934 1287 0 13 0 1 239
1320 G 539197 803 864 777 536553 0 0 0 11 189
1321 A 518996 517144 381 314 886 11 0 0 0 260
1322 G 526828 403 441 278 525473 0 0 0 5 228
1323 G 532169 346 312 285 530962 0 0 0 9 255
1324 G 524291 752 611 643 522065 0 0 0 8 212
1325 C 524506 690 783 521525 1190 0 0 8 0 310
1326 A 515980 513033 749 691 1307 9 0 0 1 190
1327 G 530399 595 569 442 528570 0 0 0 6 217
1328 A 531294 529006 572 484 991 8 0 0 0 233
1329 A 539619 537369 592 435 1043 17 0 0 0 163
1330 A 557907 553200 1228 962 2334 32 0 0 0 151
1331 T 563470 1212 558833 930 2230 0 26 1 0 238
1332 T 586224 1208 581267 1140 2403 0 10 0 0 196
1333 A 592652 587142 1600 1287 2318 10 0 0 0 295
1334 T 586807 1716 581440 1262 2204 0 10 0 0 175
1335 A 586598 581231 1554 1213 2383 26 0 0 0 191
1336 A 566941 558785 2261 2206 3469 31 0 0 0 189
1337 G 599255 1922 2335 2055 592654 0 0 1 49 239
1338 G 602767 1936 2145 1837 596537 1 0 0 42 269
1339 A 618931 613419 1473 1284 2276 46 0 0 0 433
1340 T 538059 1102 533189 1265 2165 0 26 1 0 311
1341 G 536044 1179 1308 1127 532234 1 0 0 28 167
1342 A 523872 521032 690 615 1276 12 0 0 0 247
1343 T 528146 701 525539 603 1065 0 6 0 0 232
1344 G 518981 693 742 533 516830 0 0 0 1 182
1345 G 526486 608 553 542 524541 0 0 0 18 224
1346 A 492372 490143 473 488 1010 21 0 0 0 237
1347 A 499532 497229 455 621 1018 17 0 0 0 192
1348 G 506515 726 533 476 504601 0 0 0 20 159
1349 G 565288 527 539 456 563492 0 0 0 55 219
1350 T 546703 434 541475 573 1203 0 8 0 0 3010
1351 G 532102 1330 771 616 529147 0 0 0 3 235
1352 C 531782 631 1348 528246 1358 0 0 3 0 196
1353 A 520838 517985 739 750 1223 11 0 0 0 130
1354 A 521278 519260 484 557 803 14 0 0 0 160
1355 A 527553 525510 524 553 812 11 0 0 0 143
1356 A 536576 533827 504 685 832 10 0 0 0 718
1357 C 543083 325 354 541652 571 0 0 16 0 165
1358 C 517907 390 339 516466 545 0 0 22 0 145
1359 A 492924 491463 372 320 548 15 0 0 0 206
1360 G 510421 374 465 371 509053 0 0 0 7 151
1361 A 504550 502953 385 363 640 3 0 0 0 206
1362 A 519367 517770 457 427 518 7 0 0 0 188
1363 G 530831 1347 1631 1234 526404 0 0 0 9 206
1364 A 523685 518925 1531 1220 1794 3 0 0 0 212
1365 A 518064 513548 1453 1101 1775 13 0 0 0 174
1366 A 518991 515652 1196 785 1143 13 0 0 0 202
1367 T 519784 1007 516498 808 1231 0 7 0 0 233
1368 G 524866 997 1037 682 521937 0 0 0 27 186
1369 T 508023 1165 503964 1204 1399 0 11 0 0 280
1370 C 514723 1465 1393 510319 1362 0 0 5 0 179
1371 C 504783 1204 1426 500641 1291 0 0 32 0 189
1372 T 507918 1102 503497 940 2203 0 13 0 0 163
1373 T 510393 1237 505678 1120 2135 0 4 0 0 219
1374 C 512787 1329 1324 507995 1991 0 0 1 0 147
1375 C 508749 1163 749 504748 1942 0 0 10 0 137
1376 A 496199 490783 1407 1121 2744 14 0 0 0 130
1377 G 496350 975 1370 1111 492738 0 0 0 21 135
1378 G 493129 879 952 884 490223 0 0 0 33 158
1379 G 488815 1014 1265 801 485564 0 0 0 14 157
1380 G 457961 846 1024 985 454883 0 0 0 29 194
1381 C 416851 758 1044 412927 1949 0 0 12 0 161
1382 G 411184 981 1056 1441 407597 0 0 0 6 103
1383 G 424200 860 1079 989 421139 0 0 0 16 117
1384 G 423988 845 1378 1686 419843 0 0 0 6 230
1385 G 431186 1281 1173 1733 426754 0 0 0 13 232
1386 A 395219 369044 1172 1379 2190 17 0 0 5 21412
1387 G 400256 998 1047 1178 396585 0 0 0 39 409
1388 T 380719 827 361862 1120 1279 0 14 0 2 15615
1389 C 390249 1017 971 386433 1209 0 0 20 0 599
1390 T 377198 1745 371465 1204 2363 0 10 0 0 411
1391 T 377465 1650 372187 1617 1844 0 11 0 0 156
1392 C 376930 1219 2245 369515 2285 0 0 10 0 1656
1393 G 435605 1562 2031 1294 429005 0 0 0 14 1699
1394 A 429049 422255 1560 1265 1852 3 0 0 0 2114
1395 G 438415 1193 1521 1184 434099 0 0 0 11 407
1396 C 404745 1064 1520 399985 1620 0 0 36 0 520
1397 T 394466 1151 389722 1115 1480 0 5 0 1 992
1398 C 380976 884 1322 377077 1471 0 0 17 0 205
1399 T 378383 943 375835 796 561 0 1 0 0 247
1400 C 382052 774 1188 378879 1033 0 0 1 0 177
1401 G 384411 722 904 678 381846 0 1 0 7 253
1402 G 422457 708 911 362 420303 0 0 0 28 145
1403 A 455650 450658 811 834 1465 5 0 0 0 1877
1404 C 474726 904 1164 471098 1197 0 0 29 0 334
1405 G 497342 1724 1856 1305 492194 0 1 0 15 247
1406 A 536199 530744 1954 1473 1696 38 0 1 0 293
1407 A 532400 527129 1935 1764 1373 16 0 0 0 183
1408 A 538064 532147 1518 1672 2478 14 0 0 0 235
1409 G 550562 1537 1974 1571 544044 0 0 0 17 1419
1410 G 553174 1500 1740 1513 548143 0 1 0 21 256
1411 G 536332 1332 1324 1972 531389 0 0 0 26 289
1412 C 540418 1287 1683 535098 1970 0 0 16 0 364
1413 A 534065 528015 1357 1402 2931 33 0 1 0 326
1414 G 544532 590 574 412 542747 0 0 0 13 196
1415 C 533013 339 967 531156 280 0 1 28 0 242
1416 G 578232 701 513 793 575967 0 0 1 32 225
1417 A 581195 579268 398 655 582 16 0 0 0 276
1418 A 585180 582819 358 544 562 22 0 0 0 875
1419 C 587111 454 522 585264 557 0 0 7 0 307
1420 C 582929 517 563 580517 1103 0 0 14 0 215
1421 C 566192 635 557 563550 1220 0 0 8 0 222
1422 G 564877 790 620 514 562647 0 0 0 18 288
1423 A 566610 562868 1004 688 1676 15 0 0 0 359
1424 T 567205 1091 563545 695 1511 0 15 0 0 348
1425 C 547184 1175 1205 543045 1559 0 0 23 0 177
1426 G 535579 1179 1014 824 532382 0 0 0 7 173
1427 T 516116 846 512016 843 1630 0 7 0 0 774
1428 G 495037 1059 744 712 492293 0 0 0 8 221
1429 C 492897 622 788 490325 852 0 0 3 0 307
1430 C 493984 752 843 491338 795 0 0 7 0 249
1431 C 492019 745 933 489307 754 1 0 12 0 267
1432 T 474444 606 471600 840 1080 0 40 0 0 278
1433 C 513923 683 760 511097 1099 0 0 32 0 252
1434 T 505804 613 502669 1242 1056 1 8 0 0 215
1435 T 575681 676 573170 558 1062 0 11 0 0 204
1436 T 520798 540 518659 510 883 0 8 0 0 198
1437 T 527322 627 524860 689 982 0 28 0 0 136
1438 G 523455 548 350 362 521946 0 0 0 19 230
1439 A 518876 516808 337 540 730 11 1 0 0 449
1440 C 536209 494 491 534441 552 0 0 14 0 217
1441 A 531521 529016 643 603 1019 42 0 0 0 198
1442 T 461771 600 459451 640 876 0 44 0 0 160
1443 G 575794 685 741 609 573509 0 0 1 65 184
1444 A 569946 566803 568 452 1829 21 0 0 0 273
1445 G 643769 703 664 522 641613 0 0 0 40 227
1446 T 648728 548 644565 604 1420 0 19 0 0 1572
1447 A 631810 630344 400 237 587 19 0 0 0 223
1448 A 640764 639305 380 228 639 20 0 0 0 192
1449 T 641596 363 640058 318 572 0 17 0 0 268
1450 G 643372 371 445 414 641873 0 0 0 9 260
1451 A 617666 615937 402 289 718 36 0 0 0 284
1452 A 573423 571779 322 339 677 32 0 1 0 273
1453 G 574289 361 564 352 572727 0 0 0 49 236
1454 G 530483 369 472 335 529048 0 0 0 17 242
1455 A 527793 526201 354 285 623 23 0 0 0 307
1456 T 537339 251 535942 415 472 0 9 0 0 250
1457 C 532787 347 384 531360 407 0 0 8 0 281
1458 T 524408 375 523132 362 401 0 7 0 0 131
1459 T 529034 332 527654 421 423 0 7 0 0 197
1460 A 529515 528191 396 232 507 2 0 0 0 187
1461 T 529188 316 527912 301 465 0 13 0 0 181
1462 T 526143 344 524855 307 363 0 10 0 0 264
1463 T 521821 350 520562 326 382 0 9 0 0 192
1464 C 519956 361 412 518496 397 0 0 14 0 276
1465 T 498565 262 497395 349 439 0 4 0 0 116
1466 T 496009 320 494740 306 414 0 2 0 0 227
1467 C 494622 398 299 493256 440 0 0 0 0 229
1468 G 490765 440 385 349 489448 0 0 0 2 141
1469 G 495122 369 535 317 493715 0 0 0 8 178
1470 A 496748 495088 401 340 634 4 0 0 0 281
1471 G 507502 482 560 300 505957 0 0 0 14 189
1472 A 506830 504731 620 351 723 9 0 0 0 396
1473 C 519297 531 622 517170 670 0 0 21 0 283
1474 A 507736 506185 477 331 508 36 0 0 0 199
1475 A 563562 561880 423 268 738 34 0 0 0 219
1476 T 582643 507 580765 381 651 0 10 0 0 329
1477 G 627266 787 549 557 625126 0 0 0 17 230
1478 C 644240 662 910 641600 814 0 0 24 0 230
1479 A 622043 619338 687 524 1204 29 0 0 0 261
1480 G 629085 750 885 821 626419 0 0 0 26 184
1481 A 648793 644809 866 830 1920 28 0 0 0 340
1482 G 558106 793 730 642 555705 0 0 0 35 201
1483 G 588480 617 524 629 586381 0 0 0 82 247
1484 A 497717 494977 496 539 1427 36 0 0 0 242
1485 G 508108 598 506 489 506292 0 0 0 26 197
1486 T 488208 520 484240 590 830 0 9 0 0 2019
1487 A 482012 479585 496 501 1065 15 0 1 0 349
1488 C 484007 499 598 481874 893 0 1 20 0 122
1489 G 462663 987 915 885 459679 0 0 0 10 187
1490 A 462720 458409 968 895 2012 15 0 0 1 420
1491 C 449894 827 827 446349 1715 0 0 46 0 130
1492 A 374479 363703 2944 3163 4545 13 0 0 0 111
1493 A 375176 364426 3188 2663 4760 13 0 0 0 126
1494 T 351566 2586 342976 2069 3760 0 8 0 0 167