# amino-acid counts among definitively called codons
# POSITION TOTAL_COUNTS WT N_A N_C N_D N_E N_F N_G N_H N_I N_K N_L N_M N_N N_P N_Q N_R N_S N_T N_V N_W N_Y N_STOP
1 644868 M 0 0 0 0 0 0 2 116 46 48 644427 0 0 0 10 0 117 99 3 0 0
2 616256 A 615956 0 0 30 0 31 0 0 0 0 0 0 11 2 4 23 30 169 0 0 0
3 645473 S 5 17 0 0 70 1 0 0 0 0 0 0 130 0 0 645190 24 3 0 33 0
4 647587 Q 0 0 1 13 1 1 42 0 52 56 0 0 17 647202 135 0 4 0 0 0 63
5 588870 G 18 59 79 0 1 588478 0 0 0 0 0 0 0 0 9 211 0 15 0 0 0
6 524658 T 80 0 0 0 0 0 3 47 0 2 0 15 8 1 0 37 524465 0 0 0 0
7 522955 K 0 0 0 50 0 0 0 17 522763 1 0 48 1 10 47 1 4 0 0 0 13
8 457025 R 0 0 0 1 0 12 0 2 0 19 0 0 6 75 456816 0 2 0 92 0 0
9 470454 S 6 9 0 0 39 0 0 0 0 1 0 1 74 0 0 470260 30 2 0 32 0
10 509721 Y 3 97 4 0 14 0 206 2 1 9 6 20 0 1 0 1 0 5 0 509295 57
11 456806 E 4 0 39 456532 0 87 0 0 74 6 1 2 0 12 1 1 0 32 0 1 14
12 420460 Q 0 0 0 4 0 0 25 0 34 43 0 3 8 420197 82 0 2 0 0 1 61
13 515053 M 0 0 11 2 0 0 0 141 28 48 514672 0 0 2 5 2 65 76 1 0 0
14 506349 E 4 1 37 506081 0 104 0 2 65 1 0 1 0 12 0 0 0 17 0 0 24
15 478595 T 62 0 1 0 0 0 0 27 8 1 0 26 13 1 0 20 478436 0 0 0 0
16 541517 D 8 0 541198 72 0 91 9 0 0 0 0 63 0 0 0 2 0 42 0 22 10
17 535617 G 13 0 0 51 0 535409 0 0 1 2 0 0 1 0 63 0 0 28 49 0 0
18 529295 E 4 0 21 529020 0 92 0 0 89 1 0 6 0 10 1 0 1 31 0 0 19
19 538328 R 6 102 0 0 0 9 172 0 0 24 1 1 32 0 537957 20 3 1 0 0 0
20 551761 Q 0 0 0 12 0 0 22 0 19 36 0 0 506 550893 200 0 3 2 0 0 68
21 530599 N 0 0 70 1 0 0 2 28 32 1 4 530337 0 1 1 79 17 1 0 25 0
22 546175 A 545751 0 1 32 0 24 0 0 0 1 0 2 23 2 0 35 148 154 0 0 2
23 571365 T 120 0 0 0 0 0 1 31 2 0 1 23 7 0 4 39 571137 0 0 0 0
24 545237 E 7 0 25 544915 0 123 1 6 89 0 0 0 1 8 9 2 0 32 1 0 18
25 484142 I 0 0 1 1 31 4 0 483920 3 1 53 25 0 0 3 2 43 55 0 0 0
26 517819 R 32 0 0 0 0 144 0 19 119 2 0 0 0 1 517427 21 8 0 0 0 46
27 490717 A 490477 0 0 29 0 20 2 0 0 1 0 0 7 1 2 18 62 96 0 1 1
28 523860 S 11 10 0 2 28 0 0 1 0 1 0 0 140 2 1 523593 41 0 0 30 0
29 502307 V 65 1 40 4 7 6 0 125 0 3 0 0 0 1 0 5 2 502047 0 0 1
30 521213 G 13 0 0 78 0 520909 0 0 0 0 1 1 0 0 151 0 0 33 27 0 0
31 513523 K 1 0 1 100 0 2 0 1 513251 1 29 20 0 0 84 0 7 1 0 0 25
32 502317 M 0 0 1 0 0 0 0 91 37 41 502032 1 0 0 3 1 52 57 0 0 1
33 506019 I 1 1 1 0 39 0 0 505766 0 5 3 41 0 1 0 6 79 75 0 0 1
34 501099 D 5 1 500729 56 0 122 5 0 0 0 11 101 0 1 0 0 3 42 0 22 1
35 452571 G 13 0 0 36 1 452383 0 0 0 1 0 0 3 0 82 0 0 30 1 0 21
36 474011 I 0 1 0 3 18 0 0 473797 0 5 11 25 0 0 0 3 76 68 1 0 3
37 443172 G 14 0 5 43 0 442981 2 1 0 0 0 0 1 0 67 0 0 21 1 0 36
38 401126 R 0 0 3 0 0 8 1 0 0 20 0 0 3 96 400895 0 0 0 0 0 100
39 440621 F 0 4 0 0 440357 0 0 35 0 128 1 11 0 0 1 56 0 7 0 21 0
40 424813 Y 0 100 9 1 30 1 240 0 0 2 0 36 0 0 0 7 4 0 0 424282 101
41 375861 I 1 0 0 19 23 1 1 375442 22 13 9 22 1 0 173 17 70 47 0 0 0
42 368298 Q 1 0 0 9 1 1 13 2 140 12 0 0 9 368036 33 1 1 0 0 0 39
43 356731 M 0 1 0 1 0 1 2 62 11 20 356553 4 0 1 3 0 31 41 0 0 0
44 390015 C 0 389705 0 55 15 17 1 0 0 0 0 0 0 0 64 49 0 1 10 71 27
45 375714 T 55 0 0 3 0 1 0 38 0 2 0 10 6 2 2 36 375558 0 0 0 1
46 415642 E 3 1 21 415493 0 44 0 1 42 0 1 1 1 10 0 0 0 12 0 0 12
47 488098 L 0 1 0 0 44 0 15 20 0 487916 0 2 69 1 11 0 15 3 1 0 0
48 492917 K 0 0 1 55 0 0 0 7 492682 1 0 51 0 5 54 0 5 2 0 0 54
49 486423 L 0 0 0 0 38 0 16 16 1 486285 0 0 55 0 2 5 0 5 0 0 0
50 485467 S 1 31 0 0 0 140 0 51 0 0 0 31 2 1 81 485120 7 0 0 0 2
51 539778 D 3 0 539400 55 1 118 14 1 1 0 0 99 2 0 0 1 0 56 0 21 6
52 575049 Y 1 90 4 1 45 0 101 1 0 9 8 9 0 0 0 3 0 0 0 574717 60
53 548960 E 12 0 104 548533 0 150 0 0 83 0 3 0 0 8 1 1 0 44 1 0 20
54 493065 G 11 0 2 79 0 492811 0 0 0 2 0 1 0 0 108 1 0 19 31 0 0
55 466805 R 1 0 1 0 0 40 0 0 2 25 0 0 17 122 466456 0 1 0 0 0 140
56 462505 L 0 0 1 1 1 0 0 12 0 462306 24 0 111 38 3 0 0 8 0 0 0
57 489725 I 0 1 0 1 27 1 2 489479 9 13 11 30 0 0 1 1 88 60 0 0 1
58 471015 Q 1 0 0 16 0 2 17 0 19 33 1 6 5 470749 109 1 0 0 0 0 56
59 452887 N 1 0 51 1 0 1 3 25 25 6 1 452688 0 0 0 67 2 0 0 16 0
60 352799 S 1 9 0 0 0 47 0 9 8 3 0 39 0 2 34 352643 4 0 0 0 0
61 353567 L 0 0 0 0 36 0 0 14 0 353215 0 1 11 1 0 241 0 7 4 0 37
62 328190 T 33 1 0 1 0 2 1 29 15 2 3 5 4 4 76 26 327985 1 1 0 1
63 346649 I 0 0 0 821 0 1 0 345525 18 22 95 2 0 2 6 2 83 70 0 0 2
64 360826 E 3 0 20 360631 0 70 0 0 36 0 0 0 0 9 1 0 0 22 0 0 34
65 348051 R 1 0 0 2 1 59 0 9 49 3 0 1 1 2 347708 24 11 0 0 159 21
66 364631 M 0 0 0 3 0 0 0 86 32 18 364380 4 0 1 7 0 46 53 1 0 0
67 353286 V 69 2 0 45 12 12 0 6 0 19 66 0 0 0 0 0 0 353054 1 0 0
68 377759 L 0 5 1 0 43 0 15 18 0 377588 0 0 67 0 4 0 0 15 0 3 0
69 391918 S 3 7 0 0 25 0 0 0 0 2 0 0 60 1 0 391768 34 1 0 17 0
70 414482 A 414243 6 18 0 0 11 0 1 1 2 0 0 9 0 0 23 131 37 0 0 0
71 400154 F 4 8 0 0 399985 0 2 23 1 84 0 1 0 1 0 28 1 2 0 10 4
72 399835 D 4 1 399622 25 1 85 8 0 1 1 0 43 0 0 0 0 11 24 0 7 2
73 373932 E 3 0 14 373720 0 49 0 1 94 1 0 0 0 11 5 0 0 15 0 1 18
74 382014 R 0 0 0 2 0 84 0 12 62 1 0 1 0 0 381800 26 9 0 0 0 17
75 391639 R 0 0 0 0 0 76 0 0 44 3 28 1 0 0 391433 27 5 0 22 0 0
76 428009 N 0 0 70 16 0 0 4 31 43 0 0 427730 0 0 0 75 5 0 0 35 0
77 431262 K 0 0 0 88 0 0 0 19 431003 2 0 57 0 2 51 0 6 0 0 0 34
78 342696 Y 0 37 2 0 21 0 73 8 0 0 0 22 0 1 0 3 0 0 0 342507 22
79 338088 L 1 0 0 1 0 0 0 1 0 337936 22 0 86 28 5 1 0 6 1 0 0
80 316480 E 3 0 21 316319 0 51 0 0 46 1 0 1 1 9 0 1 0 14 0 0 13
81 301924 E 2 1 35 301765 0 33 0 1 44 0 0 1 0 7 3 0 0 21 0 0 11
82 339526 H 0 0 6 0 0 0 339352 1 0 17 0 15 3 28 44 1 2 0 0 57 0
83 450601 P 5 1 0 0 1 2 28 0 0 45 0 0 450415 1 15 53 35 0 0 0 0
84 452369 S 2 7 0 0 1 111 0 12 2 3 0 106 2 1 40 452077 5 0 0 0 0
85 484080 A 483748 0 0 28 0 20 0 0 0 0 0 0 10 2 22 23 171 56 0 0 0
86 531658 G 11 0 0 65 0 531441 0 0 1 0 0 0 1 0 69 0 1 39 30 0 0
87 553374 K 0 0 1 175 0 0 0 1 552935 1 22 98 0 1 103 1 3 0 0 0 33
88 563017 D 2 0 562722 55 0 84 6 16 0 0 0 63 2 0 4 0 0 36 0 27 0
89 509291 P 10 0 0 0 1 0 42 0 0 52 0 0 509113 0 14 43 16 0 0 0 0
90 509747 K 2 1 0 82 0 0 0 0 509542 0 20 20 0 9 55 0 10 0 0 2 4
91 467589 K 0 0 1 54 1 1 0 17 467413 2 0 17 1 0 62 1 5 0 0 0 14
92 427557 T 46 1 0 0 1 0 0 19 0 9 0 23 15 0 0 22 427421 0 0 0 0
93 422725 G 7 0 0 42 0 422578 0 0 0 1 0 0 0 0 62 0 1 19 3 0 12
94 399753 G 12 0 2 42 0 399603 0 0 0 0 0 0 0 2 52 2 1 15 0 0 22
95 416417 P 11 1 2 1 0 0 32 1 0 25 0 0 416265 0 11 42 26 0 0 0 0
96 453000 I 0 0 0 0 0 0 1 452702 32 56 61 3 3 0 5 0 75 56 0 5 1
97 472275 Y 0 64 1 0 51 0 90 3 0 0 0 34 0 5 0 5 0 0 0 471998 24
98 402712 K 0 0 0 88 0 2 0 0 402465 1 22 16 0 6 78 0 19 0 0 0 15
99 290724 R 0 0 0 0 0 48 0 6 43 2 0 0 0 0 290581 28 4 0 0 0 12
100 287063 V 55 0 0 27 0 5 0 48 0 8 1 0 0 1 0 0 0 286918 0 0 0
101 334376 D 1 0 334185 46 0 50 6 0 0 0 0 41 1 0 0 0 0 25 0 20 1
102 340665 R 0 0 0 0 0 55 0 14 45 1 1 0 0 0 340495 23 8 0 0 0 23
103 358288 K 0 0 0 51 0 0 0 0 358138 0 7 6 0 3 65 1 2 0 0 0 15
104 367949 W 0 19 0 0 0 5 0 0 0 10 0 0 0 0 61 10 0 5 367742 0 97
105 379052 M 0 0 2 2 0 0 0 93 32 29 378755 0 0 0 6 0 59 74 0 0 0
106 399028 R 0 0 0 1 0 75 0 1 57 0 31 0 0 0 398779 44 6 0 34 0 0
107 396908 E 1 0 21 396567 0 69 0 0 192 0 0 3 0 15 0 0 1 16 0 0 23
108 396911 L 2 0 0 0 33 0 33 14 0 396756 0 0 64 0 2 2 1 4 0 0 0
109 383019 V 61 0 43 1 16 3 0 123 0 6 0 0 0 1 1 0 1 382763 0 0 0
110 418767 L 0 0 0 0 24 0 15 37 0 418596 0 0 82 0 4 0 0 8 0 1 0
111 408847 Y 0 72 5 0 33 0 87 0 0 3 16 16 0 1 0 6 0 0 0 408570 38
112 367471 D 5 0 367136 35 0 85 10 0 0 0 0 144 0 0 0 1 0 40 0 11 4
113 340526 K 0 0 0 33 2 0 0 18 340370 1 1 22 1 17 51 1 1 0 0 0 8
114 410572 E 2 0 23 410367 0 58 1 0 73 1 0 0 0 10 5 0 1 16 0 0 15
115 465643 E 1 0 21 465444 0 52 0 0 71 0 0 2 0 6 12 0 1 24 0 0 9
116 494253 I 0 0 0 2 0 1 0 493841 30 16 112 13 1 0 5 0 119 111 0 0 2
117 473135 R 0 1 0 0 0 114 0 0 39 0 44 0 0 0 472875 20 15 0 27 0 0
118 463678 R 1 0 0 1 0 21 0 0 1 22 0 0 9 78 463462 0 0 0 0 0 83
119 494120 I 0 0 0 0 14 0 0 493955 0 11 2 28 0 0 2 2 62 44 0 0 0
120 468006 W 0 16 0 0 0 6 1 0 0 12 0 0 0 0 132 7 0 0 467717 0 115
121 480404 R 0 111 0 0 0 31 150 0 0 16 0 0 29 0 480040 27 0 0 0 0 0
122 456707 Q 0 0 0 8 0 0 27 0 28 17 0 0 3 456493 71 0 0 0 0 0 60
123 527429 A 527161 0 21 0 0 10 1 0 0 0 0 0 20 0 0 16 124 76 0 0 0
124 581681 N 1 0 90 0 1 1 8 38 66 0 1 581386 3 9 1 56 6 1 0 13 0
125 564631 N 0 0 75 0 0 1 8 34 42 2 5 564349 0 3 0 64 9 2 0 29 8
126 446384 G 8 25 54 0 0 446177 0 0 0 1 0 0 0 1 10 89 2 13 3 0 1
127 442146 D 3 2 441881 48 0 65 4 3 0 0 1 84 0 0 0 1 0 38 0 15 1
128 430632 D 4 0 430318 47 0 87 9 0 0 0 0 104 0 1 0 0 0 49 0 13 0
129 437165 A 436897 1 1 29 0 18 1 0 0 0 0 0 13 1 1 20 114 68 0 0 1
130 387177 T 38 0 0 0 0 0 0 25 22 0 0 1 2 1 5 20 387063 0 0 0 0
131 356351 A 356245 1 20 0 0 0 0 0 0 0 0 0 7 0 0 8 48 22 0 0 0
132 433142 G 5 12 45 1 0 432952 0 62 0 1 0 0 0 0 6 44 0 13 0 0 1
133 453768 L 0 0 0 0 0 0 0 187 0 453389 20 1 134 16 10 1 0 9 0 0 1
134 530155 T 83 0 2 0 0 0 0 58 0 1 0 16 6 0 1 65 529922 1 0 0 0
135 548196 H 1 0 17 0 0 1 547903 1 0 51 0 27 15 35 71 1 1 0 0 71 1
136 576531 M 0 0 0 0 1 0 2 147 33 47 576037 1 0 4 8 1 116 132 0 0 2
137 583044 M 1 0 2 1 0 0 0 136 54 37 582612 1 3 0 6 1 86 103 0 0 1
138 516550 I 0 0 1 0 36 0 1 516325 0 2 16 28 0 0 0 2 76 62 0 0 1
139 488402 W 0 39 0 0 0 28 0 0 0 13 1 0 0 1 171 10 0 0 487971 0 168
140 463921 H 0 0 27 0 0 0 463661 1 0 18 0 27 6 17 74 2 0 0 0 88 0
141 460098 S 4 11 0 0 50 0 0 0 0 1 0 0 88 0 0 459889 22 0 0 32 1
142 455855 N 0 2 67 0 0 0 6 20 11 1 0 455668 0 0 3 54 5 0 1 17 0
143 446363 L 0 0 0 0 32 0 0 0 0 446214 17 0 1 0 1 75 0 3 3 0 17
144 428274 N 0 0 88 2 0 0 5 23 42 2 1 428000 0 1 0 69 5 1 0 35 0
145 419584 D 4 0 419400 27 0 60 10 0 0 0 0 34 0 1 0 0 0 32 0 15 1
146 414047 T 117 0 0 0 0 0 1 67 18 0 0 1 1 0 15 32 413793 0 0 0 2
147 538004 T 93 1 1 0 0 0 3 38 20 1 1 6 6 1 7 46 537777 0 0 3 0
148 493416 Y 0 49 1 0 29 0 78 15 0 0 0 18 1 3 0 17 0 0 0 493181 24
149 497721 Q 0 0 1 15 0 0 27 0 16 31 0 0 13 497407 143 2 5 0 0 0 61
150 473723 R 0 0 0 0 0 106 4 0 56 0 17 0 0 0 473491 22 7 0 19 1 0
151 516954 T 92 0 3 1 0 2 0 59 15 0 0 0 6 0 8 59 516709 0 0 0 0
152 541099 R 1 0 0 0 0 97 0 20 83 0 2 0 0 4 540825 24 4 0 0 0 39
153 595612 A 595436 0 16 0 0 12 0 0 0 0 0 0 13 1 1 35 61 36 0 1 0
154 637202 L 0 0 0 0 39 0 34 52 0 636960 0 0 96 0 6 3 0 9 1 0 2
155 649221 V 93 0 68 0 16 6 0 65 0 5 0 0 1 0 1 0 0 648966 0 0 0
156 658200 R 0 142 0 0 1 22 228 1 0 31 0 0 27 1 657713 32 1 0 1 0 0
157 662443 T 104 0 1 0 0 0 0 118 2 0 0 17 7 2 1 51 662137 2 1 0 0
158 677535 G 22 37 161 0 0 677021 3 0 0 0 0 0 0 1 12 246 0 32 0 0 0
159 698811 M 0 3 1 1 1 0 3 202 27 74 698254 0 0 0 14 0 83 146 1 0 1
160 795598 D 4 0 795240 67 0 130 12 9 0 1 0 75 0 1 0 2 0 40 0 17 0
161 709647 P 10 0 1 0 0 1 45 0 0 59 0 1 709377 2 16 102 31 1 0 0 1
162 674512 R 0 0 1 4 0 210 0 1 62 2 36 1 0 4 674124 23 16 1 26 0 1
163 617297 M 1 0 1 1 0 3 1 211 35 42 616817 0 0 0 6 0 50 128 1 0 0
164 608237 C 0 607786 0 0 24 8 0 0 0 3 0 1 0 0 86 95 0 1 18 189 26
165 576329 S 29 17 0 1 43 0 1 0 0 3 0 0 98 0 0 576082 31 0 0 24 0
166 574361 L 1 1 2 0 1 1 0 0 0 574019 117 1 144 49 12 0 0 13 0 0 0
167 563106 M 0 1 0 0 0 0 0 191 41 52 562648 0 0 1 6 0 85 79 0 1 1
168 527535 Q 2 0 0 15 1 2 29 0 34 22 1 0 29 527176 122 0 1 0 0 0 101
169 490244 G 6 6 62 0 0 490099 0 0 1 0 0 0 0 0 11 36 1 21 1 0 0
170 520696 S 4 1 0 1 0 0 0 0 0 146 0 0 56 2 1 520413 30 0 12 0 30
171 512495 T 81 0 2 0 0 1 2 49 0 0 0 16 3 1 1 65 512265 9 0 0 0
172 549760 L 2 3 0 1 27 0 41 34 0 549511 0 0 117 0 4 6 0 14 0 0 0
173 724002 P 14 0 2 1 0 0 64 0 0 94 0 0 723675 1 20 86 43 0 1 0 1
174 722493 R 0 0 1 1 0 118 0 0 71 4 37 1 3 0 722172 26 18 0 35 0 6
175 573508 R 0 0 0 1 0 133 0 0 57 0 22 0 0 0 573226 18 9 1 41 0 0
176 612745 S 13 11 0 0 41 3 0 0 0 2 0 0 88 0 0 612524 22 4 1 36 0
177 632180 G 8 1 2 76 0 631926 0 0 0 1 0 0 0 0 105 2 0 26 1 0 32
178 608298 A 608077 2 35 1 0 13 0 1 0 0 1 0 7 2 0 26 62 70 0 0 1
179 624351 A 623909 3 2 29 1 23 1 1 0 2 0 0 13 0 0 20 209 137 0 1 0
180 638167 G 10 37 64 1 2 637937 2 3 2 0 1 0 0 2 14 63 0 28 0 0 1
181 635651 A 635340 1 30 0 1 7 0 0 3 1 0 0 18 0 0 26 173 51 0 0 0
182 654389 A 653731 0 1 32 0 22 1 0 0 1 0 1 18 1 1 41 244 295 0 0 0
183 705916 V 95 0 58 0 18 5 2 113 0 15 0 0 0 1 2 7 1 705599 0 0 0
184 715373 K 0 0 1 101 2 1 0 32 714924 2 0 121 2 41 90 3 17 0 0 0 36
185 603324 G 5 0 0 98 0 603068 0 3 1 2 1 0 0 0 92 1 0 19 0 0 34
186 586764 V 62 3 30 1 10 3 0 137 0 17 1 1 0 1 0 8 0 586489 0 1 0
187 578344 G 16 0 7 103 0 578051 1 0 3 3 1 0 0 0 82 1 0 24 52 0 0
188 456788 T 112 0 1 1 0 0 0 60 14 1 1 1 3 5 8 60 456520 1 0 0 0
189 376256 M 0 0 0 0 0 0 0 87 26 25 376019 1 0 0 5 0 39 52 2 0 0
190 361606 V 51 0 1 29 0 6 0 1 0 14 46 0 0 0 0 1 0 361457 0 0 0
191 347951 M 0 0 1 0 0 0 0 61 26 44 347725 0 0 2 4 0 53 33 2 0 0
192 319639 E 3 0 15 319477 0 83 0 0 22 0 1 0 0 6 1 2 0 16 0 0 13
193 395493 L 0 0 0 1 18 0 0 0 0 395333 28 0 1 0 0 73 0 15 5 1 18
194 478598 I 0 0 13 4 0 0 0 478275 13 50 87 0 0 0 5 0 65 80 0 0 6
195 452289 R 0 0 0 0 0 97 0 0 39 1 37 0 0 0 452066 17 6 0 26 0 0
196 470451 M 0 0 0 0 1 1 0 82 27 38 470171 0 0 0 4 0 47 78 0 0 2
197 504859 I 0 1 10 0 58 0 0 504513 0 1 11 54 0 0 1 7 97 106 0 0 0
198 479225 K 0 0 0 68 2 0 0 13 478981 0 0 56 1 16 70 2 5 1 0 0 10
199 452056 R 0 52 0 0 0 9 74 0 0 10 1 0 5 0 451882 20 1 2 0 0 0
200 446382 G 8 1 0 56 0 446176 0 0 0 0 0 0 0 0 86 1 0 26 28 0 0
201 445819 I 0 0 1 0 32 1 0 445596 0 2 4 20 0 0 0 6 58 99 0 0 0
202 456713 N 0 0 105 0 0 0 2 18 42 0 2 456453 1 2 0 66 4 0 0 18 0
203 433463 D 3 0 433285 32 0 46 8 0 0 0 0 48 0 0 0 0 0 27 0 14 0
204 448969 R 1 0 1 0 0 7 0 0 0 33 0 0 11 97 448725 0 0 0 94 0 0
205 466282 N 0 0 69 2 0 0 2 16 29 2 0 466068 0 0 1 83 3 0 0 7 0
206 559763 F 0 7 0 0 559515 1 0 19 0 122 0 1 0 1 0 58 3 16 0 20 0
207 576680 W 0 32 0 4 0 6 0 0 1 38 0 0 0 0 229 20 1 1 576164 0 184
208 423890 R 0 0 0 1 0 107 1 12 44 0 0 0 2 1 423634 40 3 1 0 0 44
209 456478 G 4 15 41 0 0 456338 0 0 0 0 0 1 0 2 13 49 0 15 0 0 0
210 480803 E 1 0 16 480516 0 71 0 0 88 0 0 0 0 8 0 0 0 42 0 0 61
211 467480 N 0 0 104 1 0 0 11 29 39 0 17 467140 0 1 0 112 16 0 0 10 0
212 437901 G 13 1 4 56 0 437702 0 0 0 3 0 0 0 1 77 0 0 14 3 0 27
213 430294 R 0 0 0 3 0 12 0 0 0 11 0 0 13 86 430068 0 6 0 0 0 95
214 423932 K 1 0 0 43 0 0 0 3 423774 0 0 29 0 17 56 0 4 0 0 0 5
215 423981 T 60 0 0 0 0 0 0 26 17 0 0 7 50 19 3 29 423770 0 0 0 0
216 399250 R 1 0 0 0 0 69 0 0 61 0 35 0 0 0 399037 27 7 0 12 0 1
217 368679 S 1 18 0 2 0 80 0 9 0 0 1 86 0 0 41 368436 5 0 0 0 0
218 386497 A 386280 5 19 1 0 10 0 0 0 2 0 0 7 0 0 46 92 35 0 0 0
219 384601 Y 0 81 0 0 16 0 70 0 1 0 0 6 0 0 0 10 12 0 0 384372 33
220 391209 E 5 0 19 390966 0 77 1 0 76 2 0 0 0 7 2 0 0 29 0 0 25
221 339955 R 0 1 0 3 0 68 0 7 49 2 0 3 0 1 339772 17 9 1 0 0 22
222 299058 M 0 0 0 1 0 0 0 71 24 23 298847 3 0 0 1 0 41 47 0 0 0
223 364944 C 0 364635 1 0 11 12 0 0 0 2 4 0 0 2 79 65 1 2 24 84 22
224 376381 N 0 0 68 1 0 0 3 42 10 1 0 376175 0 0 1 53 5 0 0 22 0
225 393471 I 0 0 0 0 23 0 0 393302 0 4 2 15 0 0 0 7 65 53 0 0 0
226 410742 L 0 0 0 1 24 0 45 19 0 410546 1 0 91 0 5 4 0 6 0 0 0
227 422395 K 0 0 0 63 0 0 0 34 422181 1 0 17 0 17 59 0 5 0 0 0 18
228 430605 G 14 0 0 63 0 430441 0 0 0 0 0 0 0 0 56 1 0 12 0 0 18
229 440365 K 0 0 0 66 0 0 0 12 440138 0 0 77 0 3 54 0 5 0 1 0 9
230 460972 F 1 5 0 0 460707 0 0 43 0 114 0 1 1 0 0 74 0 13 0 12 1
231 439423 Q 1 1 0 9 0 0 14 0 18 12 0 0 3 439187 124 10 1 0 0 0 43
232 415775 T 58 0 0 0 0 1 0 32 19 0 0 2 11 1 9 12 415630 0 0 0 0
233 414321 A 414149 1 28 0 0 12 0 1 0 0 0 0 7 1 1 10 64 47 0 0 0
234 367931 A 367680 0 1 22 0 20 1 1 0 0 0 0 12 3 0 20 119 52 0 0 0
235 362314 Q 1 0 0 6 0 1 13 0 15 14 0 1 13 362128 51 0 16 0 2 0 53
236 357415 R 0 0 0 1 1 126 0 1 65 0 24 0 0 1 357146 23 6 0 20 0 1
237 359466 A 359234 0 0 13 0 24 0 0 0 1 0 0 17 14 1 24 62 76 0 0 0
238 378377 M 0 0 0 0 0 1 0 73 37 17 378149 2 2 0 7 0 40 42 0 0 7
239 337854 M 0 0 0 2 0 0 0 108 26 28 337555 0 0 0 5 0 57 73 0 0 0
240 402610 D 6 0 402380 38 0 73 10 0 1 0 0 47 0 0 0 1 0 34 0 20 0
241 382299 Q 0 0 0 12 0 0 22 0 21 36 0 0 5 382073 84 2 0 0 0 0 44
242 441727 V 61 0 0 37 0 6 0 0 0 16 71 0 0 0 2 0 12 441522 0 0 0
243 441419 R 2 0 0 2 1 99 0 20 81 4 0 0 0 0 441111 49 11 0 0 1 38
244 431546 E 3 0 20 431331 0 76 0 1 71 1 0 0 0 10 4 0 1 14 0 1 13
245 462186 S 0 5 1 0 1 152 0 6 1 0 0 61 0 0 49 461896 10 4 0 0 0
246 453054 R 0 0 0 0 0 11 0 0 0 43 0 0 7 136 452757 2 0 0 97 0 1
247 458729 N 0 0 73 3 0 0 3 26 38 0 1 458493 0 0 0 68 10 0 0 14 0
248 485838 P 5 0 0 0 0 0 0 2 0 60 0 0 485675 26 15 29 26 0 0 0 0
249 508972 G 9 0 0 74 0 508743 0 0 1 0 1 0 0 1 86 0 0 13 0 0 44
250 489425 N 0 3 89 0 0 0 5 29 34 0 12 489177 0 0 0 54 5 0 0 17 0
251 517665 A 517377 0 50 1 0 18 0 0 0 7 0 0 11 0 0 26 102 73 0 0 0
252 496548 E 5 1 24 496282 0 109 0 0 60 4 0 0 0 8 3 0 1 36 0 0 15
253 516463 I 1 0 4 0 43 0 0 516235 0 3 16 27 0 0 1 1 48 84 0 0 0
254 498899 E 2 0 36 498566 1 72 0 0 143 0 0 1 0 21 1 1 0 31 0 0 24
255 499842 D 3 0 499640 33 0 74 6 0 0 1 0 30 0 0 0 0 0 45 0 10 0
256 477588 L 0 2 0 0 28 1 46 18 0 477343 0 0 138 0 5 0 0 7 0 0 0
257 480481 I 1 0 0 0 25 0 3 480149 0 36 11 38 0 0 1 98 47 72 0 0 0
258 438572 F 1 0 0 0 438360 0 0 26 0 104 0 0 2 0 0 58 0 2 0 18 1
259 430176 L 0 0 0 0 1 1 1 1 0 430032 20 0 72 33 8 0 0 6 1 0 0
260 436730 A 436446 0 1 21 0 31 0 0 0 0 0 0 17 0 0 21 86 107 0 0 0
261 373755 R 0 1 0 0 0 14 0 1 0 22 0 0 0 82 373535 0 3 0 97 0 0
262 464031 S 15 7 0 0 39 0 1 0 0 0 0 0 71 0 0 463858 26 1 0 13 0
263 453708 A 453231 0 0 25 0 18 1 1 0 0 0 0 13 2 1 18 235 163 0 0 0
264 377845 L 0 0 0 0 60 0 29 20 0 377661 0 0 64 1 2 4 2 2 0 0 0
265 417798 I 0 0 0 2 0 0 3 417475 25 39 75 1 0 0 2 12 105 57 0 1 1
266 445137 L 0 0 0 11 21 0 0 3 0 444973 24 0 0 0 1 63 2 4 3 3 29
267 452088 R 0 0 0 1 0 96 0 20 102 2 0 0 1 1 451772 44 8 0 0 1 40
268 510636 G 8 2 0 77 0 510385 0 1 0 0 0 0 0 0 98 0 0 38 27 0 0
269 557792 S 3 0 1 0 0 0 0 4 1 76 0 0 71 1 0 557540 50 5 0 0 40
270 573546 V 69 0 53 0 16 4 1 80 0 7 0 1 0 1 0 1 1 573312 0 0 0
271 564104 A 563826 0 20 0 0 18 0 0 0 1 0 1 13 0 0 30 109 86 0 0 0
272 576925 H 0 0 13 1 0 1 576641 0 0 48 0 31 5 36 74 6 2 0 0 66 1
273 577615 K 0 0 0 55 0 0 0 20 577377 0 0 59 1 18 58 0 4 0 0 2 21
274 560903 S 0 10 0 0 31 0 0 0 0 17 0 1 56 1 2 560743 19 0 0 23 0
275 530280 C 0 530030 2 0 9 6 0 0 0 0 0 0 0 1 77 27 1 4 7 50 66
276 459440 L 0 1 0 0 0 1 0 0 0 459297 34 0 33 53 6 2 0 13 0 0 0
277 387956 P 32 0 1 0 2 0 28 0 0 64 0 0 387653 0 13 148 15 0 0 0 0
278 360308 A 360042 0 28 0 0 4 0 0 0 0 0 0 24 0 2 28 141 39 0 0 0
279 336907 C 0 336502 1 0 5 33 0 1 0 0 0 1 3 0 209 32 1 1 3 90 25
280 321606 V 62 0 0 32 0 8 0 0 0 10 65 0 0 0 1 0 0 321428 0 0 0
281 235566 Y 0 34 1 0 14 0 31 0 0 4 3 6 1 0 0 3 0 3 5 235429 32
282 183131 G 7 0 4 55 0 182996 0 1 1 1 0 0 1 1 47 0 0 7 0 0 10
283 213504 P 9 1 0 2 0 4 27 0 0 34 0 0 213330 10 5 62 19 0 1 0 0
284 372160 A 371848 0 25 0 0 10 0 0 0 0 0 0 13 1 2 19 131 111 0 0 0
285 365558 V 65 0 0 29 0 2 0 117 0 23 0 0 0 0 3 0 0 365318 0 0 1
286 409703 A 409559 0 12 0 0 11 0 0 0 0 0 0 10 0 0 32 49 30 0 0 0
287 491563 S 0 39 0 0 0 71 0 11 0 2 0 111 0 9 493 490811 15 0 1 0 0
288 537450 G 8 24 34 0 0 537273 0 0 0 0 0 1 0 0 12 75 0 23 0 0 0
289 536926 Y 1 117 3 0 49 1 303 1 0 3 1 24 0 0 0 5 0 1 0 536393 24
290 570962 D 3 0 570442 20 0 72 14 0 0 0 0 126 0 0 0 229 2 28 0 26 0
291 552167 F 0 4 0 0 551501 0 0 15 0 136 0 0 0 0 0 115 363 7 0 26 0
292 556629 E 4 0 12 556235 1 157 1 0 146 1 0 0 0 7 21 4 0 22 0 0 18
293 547580 K 0 0 0 52 0 0 0 23 547395 0 0 32 0 8 60 0 3 0 0 0 7
294 532578 E 8 1 37 532136 0 199 0 0 125 0 0 0 0 4 17 4 0 34 0 0 13
295 503617 G 4 0 2 75 0 503407 0 2 1 1 0 0 0 0 60 2 0 35 0 1 27
296 432326 Y 0 91 3 0 29 0 65 2 1 0 0 31 1 0 0 7 3 0 0 432061 32
297 378206 S 6 3 0 0 28 0 0 0 4 7 0 0 50 0 0 378055 35 1 0 16 1
298 359802 L 0 1 0 0 27 1 0 11 0 359670 0 0 0 1 1 45 0 4 0 0 41
299 391968 V 46 0 0 31 0 2 0 0 0 21 36 0 0 2 2 4 0 391811 11 0 2
300 281485 G 6 0 0 67 0 281329 0 0 0 0 0 0 0 0 45 0 1 13 0 0 24
301 460517 I 0 0 0 3 0 1 1 460139 30 46 126 5 1 1 10 0 76 71 0 0 7
302 458483 D 5 0 458068 36 5 78 5 0 1 0 0 204 1 0 6 0 4 34 0 35 1
303 442132 P 11 0 0 1 0 1 42 0 0 33 0 0 441983 1 5 39 15 0 0 1 0
304 512070 F 0 7 0 0 511756 0 0 29 0 109 0 0 1 0 0 120 0 6 0 42 0
305 511683 K 0 0 0 83 0 0 0 26 511415 0 0 46 0 24 57 1 2 0 0 0 29
306 507855 L 0 0 0 0 0 0 0 0 0 507573 102 0 94 29 39 0 1 17 0 0 0
307 524664 L 9 0 0 0 32 20 16 20 0 524479 0 0 66 0 9 1 0 12 0 0 0
308 529007 Q 0 0 0 12 0 0 37 0 27 25 0 0 5 528739 84 15 0 0 0 0 63
309 525710 N 0 0 61 0 0 3 8 26 31 0 2 525351 0 3 0 85 131 0 0 9 0
310 514777 S 1 22 0 0 0 74 0 24 2 1 0 105 0 3 38 514488 19 0 0 0 0
311 561249 Q 0 0 0 14 0 0 23 0 36 28 0 0 15 560936 121 0 1 0 1 1 73
312 620184 V 88 0 0 45 0 7 0 105 0 37 0 0 0 1 0 1 1 619898 0 1 0
313 583100 Y 0 84 8 0 42 2 84 1 0 0 0 21 1 0 0 12 0 1 0 582801 43
314 581874 S 1 16 1 0 0 172 0 42 0 2 0 74 0 1 54 581496 13 2 0 0 0
315 577396 L 0 1 0 0 0 2 0 54 0 577112 0 0 177 32 7 0 0 10 1 0 0
316 626464 I 0 2 0 0 43 0 0 626170 0 25 10 50 1 0 0 1 81 81 0 0 0
317 583362 R 0 0 0 0 0 201 0 19 76 3 0 2 0 1 582995 35 15 0 0 0 15
318 582827 P 36 0 1 1 0 0 0 0 0 80 0 0 582585 33 7 57 27 0 0 0 0
319 596097 N 0 0 59 0 0 0 5 28 44 1 0 595795 0 2 0 116 11 1 0 35 0
320 616011 E 5 0 26 615711 0 83 0 0 104 0 0 0 0 18 3 0 1 36 0 0 24
321 648550 N 0 0 69 2 0 1 5 28 52 0 0 648269 0 0 1 85 13 1 0 24 0
322 663146 P 6 0 0 0 0 0 0 0 0 100 0 0 662912 50 22 37 19 0 0 0 0
323 677394 A 677066 2 1 33 1 23 0 0 0 4 0 0 15 3 4 24 99 119 0 0 0
324 724867 H 1 0 19 0 0 0 724481 0 0 87 0 34 15 44 95 3 2 0 0 86 0
325 729349 K 0 0 0 172 0 0 0 0 728895 0 39 34 0 14 158 0 20 0 0 0 17
326 619253 S 0 40 0 1 0 88 0 8 0 6 0 84 0 0 64 618950 10 1 0 1 0
327 605707 Q 1 1 0 17 0 0 38 1 28 28 0 0 17 605320 176 3 0 0 0 0 77
328 505195 L 2 0 0 0 0 0 1 0 3 505045 26 0 67 24 7 0 1 18 1 0 0
329 558349 V 65 0 0 26 1 18 0 0 0 20 57 0 0 0 2 3 0 558140 16 0 1
330 538294 W 0 40 14 0 1 6 1 0 0 38 0 0 0 0 78 18 1 10 537932 0 155
331 512056 M 0 0 2 0 0 0 0 142 36 34 511676 0 0 0 5 2 66 93 0 0 0
332 527869 A 527506 2 0 14 0 19 1 0 0 0 0 0 20 0 2 23 163 118 0 0 1
333 556987 C 2 556581 0 0 33 4 0 1 0 0 2 1 0 0 103 85 0 0 13 138 24
334 567513 H 0 1 17 0 0 0 567224 3 0 35 0 34 18 29 58 0 0 0 0 94 0
335 532388 S 6 12 1 0 39 0 0 0 1 6 0 0 47 0 0 532207 32 0 0 37 0
336 489934 A 489665 1 29 1 0 15 1 0 0 1 0 1 9 1 0 26 135 49 0 0 0
337 462908 A 462664 1 0 24 0 12 0 0 0 0 0 0 10 0 0 24 108 64 0 0 1
338 469864 F 1 8 0 0 469625 0 1 31 0 96 0 1 1 1 0 75 0 9 0 14 1
339 460403 E 1 0 61 460135 1 98 0 0 45 0 0 0 0 9 1 0 2 31 0 0 19
340 426586 D 2 0 426364 19 0 69 2 0 1 0 0 82 0 0 0 0 0 25 0 22 0
341 452702 L 1 0 0 0 0 0 1 39 0 452536 0 0 104 9 2 4 1 5 0 0 0
342 439665 R 0 0 0 12 0 74 0 19 64 2 0 0 0 3 439434 27 8 0 0 0 22
343 390855 V 64 0 1 28 0 2 0 53 0 14 0 0 0 0 0 0 0 390693 0 0 0
344 381657 L 0 0 0 0 41 0 0 35 0 381501 0 0 0 0 0 45 0 1 0 0 34
345 336257 S 2 9 1 0 0 40 0 13 0 1 0 35 0 0 16 336135 5 0 0 0 0
346 293641 F 0 2 0 0 293458 0 0 9 0 77 0 0 0 0 0 60 0 7 0 28 0
347 364595 I 0 0 0 0 23 0 1 364382 4 13 4 39 0 1 1 3 59 65 0 0 0
348 353658 R 0 0 0 2 1 106 1 9 40 0 0 1 0 2 353446 19 13 0 0 0 18
349 341710 G 8 0 0 49 0 341569 1 0 1 0 0 0 0 1 49 0 0 13 19 0 0
350 446513 T 105 0 19 0 1 0 0 44 1 0 0 14 6 0 0 46 446277 0 0 0 0
351 453701 K 0 0 0 50 0 0 0 22 453460 0 0 44 0 31 65 0 10 0 0 0 19
352 482212 V 64 0 0 34 0 0 1 43 0 14 0 0 0 1 2 13 0 482036 0 4 0
353 489666 S 3 8 0 0 49 0 0 25 0 0 0 0 441 0 2 489078 28 0 0 32 0
354 460746 P 10 0 0 0 0 0 0 0 0 54 0 0 460555 44 14 40 28 1 0 0 0
355 446934 R 0 0 0 0 0 110 0 0 81 6 39 0 0 0 446642 25 7 0 24 0 0
356 402442 G 13 0 0 43 0 402322 0 0 0 0 0 0 0 0 35 0 0 11 18 0 0
357 402064 K 0 0 0 94 0 2 0 18 401770 0 0 85 0 2 73 0 1 0 0 0 19
358 405030 L 0 0 0 0 24 0 9 17 0 404875 0 2 80 0 4 1 12 6 0 0 0
359 392370 S 2 11 1 1 37 2 0 0 0 1 0 0 81 0 0 392179 31 2 1 20 1
360 461230 T 62 1 0 0 0 2 3 27 1 5 0 18 1 0 1 38 461071 0 0 0 0
361 436137 R 0 0 0 2 0 75 0 15 56 3 0 1 0 0 435924 15 14 1 0 0 31
362 399689 G 5 0 0 29 0 399563 0 0 0 0 0 0 0 3 42 2 0 17 0 0 28
363 468547 V 124 1 0 34 5 5 0 74 1 18 0 0 0 1 3 1 2 468276 0 2 0
364 462530 Q 1 0 0 10 0 0 27 0 30 28 0 0 2 462311 53 1 8 0 0 4 55
365 472350 I 0 0 0 1 36 0 0 472133 0 18 5 28 1 1 0 4 60 58 0 0 5
366 406458 A 406315 1 16 0 1 5 0 0 0 5 0 1 9 0 0 17 59 29 0 0 0
367 401131 S 2 0 0 0 1 0 0 0 0 35 0 0 44 1 0 400977 45 1 0 1 24
368 409246 N 0 0 29 0 0 0 5 15 23 0 0 409105 0 1 0 44 12 0 0 11 1
369 403551 E 3 0 5 403396 0 52 0 0 56 0 1 0 0 4 0 0 0 23 0 0 11
370 415520 N 0 0 53 0 0 0 5 25 22 0 0 415273 0 0 0 56 74 0 0 12 0
371 414444 M 0 0 0 0 0 0 4 174 18 49 414088 0 0 0 7 0 44 58 2 0 0
372 428937 D 0 0 428713 48 0 72 6 0 0 0 0 54 0 0 0 0 0 24 0 20 0
373 425188 A 424937 2 32 2 0 13 0 0 0 0 1 0 13 0 0 17 122 49 0 0 0
374 477984 M 0 1 0 0 0 0 1 166 35 48 477601 0 1 0 5 0 60 65 0 1 0
375 457875 E 4 0 25 457676 0 71 0 0 51 1 0 6 2 5 0 1 1 22 0 0 10
376 355948 S 4 0 0 0 0 0 0 3 0 24 0 0 54 2 0 355801 35 0 0 0 25
377 361277 S 0 24 0 0 0 61 0 8 1 2 0 68 0 0 36 361067 10 0 0 0 0
378 332184 T 59 0 0 0 0 1 0 20 0 0 0 12 3 0 0 30 332059 0 0 0 0
379 342934 L 0 0 0 0 25 0 16 13 0 342792 0 0 83 0 4 0 0 1 0 0 0
380 347824 E 3 0 27 347656 0 50 0 1 39 0 0 0 0 7 1 0 0 30 0 0 10
381 352865 L 0 0 0 0 0 0 0 0 0 352756 26 0 68 5 1 2 5 2 0 0 0
382 370398 R 0 0 0 2 0 87 0 19 29 0 0 0 1 0 370210 26 3 0 0 0 21
383 426941 S 4 9 0 1 0 49 0 15 1 0 0 64 0 1 36 426756 5 0 0 0 0
384 455737 R 0 1 0 0 0 201 0 2 36 0 13 0 0 0 455412 27 9 1 35 0 0
385 541440 Y 0 74 13 1 24 0 88 0 0 1 0 65 0 0 0 6 2 9 1 541122 34
386 525324 W 0 31 0 1 0 14 0 0 0 46 0 2 0 0 118 14 0 0 524953 2 143
387 486095 A 485827 0 20 4 0 27 0 0 0 0 0 0 24 1 0 19 94 79 0 0 0
388 536529 I 1 1 0 1 0 0 0 536109 28 62 157 3 3 3 6 0 78 68 0 3 6
389 502166 R 2 0 0 2 0 85 1 12 68 0 0 2 0 0 501938 25 2 0 0 0 29
390 515802 T 69 0 0 0 0 0 0 33 0 0 2 41 5 0 1 43 515607 0 0 1 0
391 523149 R 0 1 0 2 0 122 0 14 59 2 2 1 1 0 522885 23 8 0 0 0 29
392 504157 S 0 9 0 1 0 62 2 12 2 0 0 53 0 0 43 503965 2 3 1 1 1
393 518263 G 12 0 0 45 0 518051 0 0 0 0 0 0 0 0 84 1 0 38 0 0 32
394 498522 G 19 0 0 50 0 498328 0 1 0 1 0 1 0 1 73 1 0 21 0 0 26
395 504044 N 0 0 82 1 0 1 3 28 45 2 0 503736 0 1 1 67 54 0 0 23 0
396 507248 T 63 0 1 0 0 0 1 44 0 3 0 35 7 3 2 65 507022 0 1 0 1
397 581936 N 4 1 66 0 1 1 8 45 60 2 0 581643 0 2 1 54 15 0 0 31 2
398 587171 Q 0 1 0 9 0 0 57 4 75 35 0 10 10 586806 106 4 1 1 0 0 52
399 530707 Q 0 1 1 10 0 1 45 4 66 25 1 1 35 530294 147 1 13 0 2 0 60
400 477003 R 0 0 0 9 0 153 0 0 77 3 36 0 1 0 476652 22 8 0 42 0 0
401 457062 A 456773 0 24 12 0 21 0 0 0 0 0 0 30 1 1 27 86 86 0 1 0
402 460354 S 7 13 0 9 26 2 0 0 0 4 0 0 103 0 0 460138 29 0 0 23 0
403 462476 A 462162 1 0 10 0 11 0 0 0 1 0 0 23 2 0 15 86 165 0 0 0
404 482137 G 8 37 50 2 0 481971 0 0 1 0 1 2 0 0 6 45 0 14 0 0 0
405 480335 Q 1 0 0 8 0 1 29 0 26 20 0 1 10 480101 65 16 0 0 0 0 57
406 500884 I 0 0 0 0 29 0 0 500650 1 12 12 30 1 5 1 7 77 57 0 2 0
407 454360 S 0 22 0 2 0 112 0 11 0 2 0 76 0 1 85 454044 3 2 0 0 0
408 459852 V 83 4 0 57 0 7 2 1 1 24 106 1 0 0 1 0 0 459565 0 0 0
409 453087 Q 18 0 0 28 0 0 58 1 25 24 0 4 2 452662 64 0 3 1 0 0 197
410 410384 P 5 0 0 0 0 0 41 0 0 23 0 7 410185 3 12 74 34 0 0 0 0
411 440459 A 440083 8 1 52 0 15 6 0 0 2 0 0 13 0 0 22 180 77 0 0 0
412 452951 F 2 5 0 3 452723 1 1 58 0 94 0 1 0 0 1 32 1 7 0 14 8
413 398978 S 5 1 0 1 47 0 0 0 0 7 0 1 51 0 0 398829 29 0 0 7 0
414 419866 V 81 2 0 42 0 9 0 0 2 30 130 0 0 1 0 0 1 419568 0 0 0
415 432131 Q 19 0 0 18 1 0 29 0 34 23 0 1 9 431846 83 0 0 2 0 0 66
416 436215 R 0 0 0 23 0 117 0 15 70 1 0 2 0 0 435944 19 10 0 0 0 14
417 402936 N 0 0 62 1 0 0 2 15 59 0 0 402632 1 1 0 55 92 0 0 16 0
418 425762 L 0 1 0 0 27 0 32 22 0 425558 0 1 101 6 1 7 0 6 0 0 0
419 459401 P 14 0 1 0 1 0 13 1 0 51 0 0 459189 29 12 51 32 2 1 0 4
420 433304 F 0 5 0 0 432995 2 0 60 0 143 0 1 0 0 1 62 0 15 0 19 1
421 444597 D 5 0 444157 39 0 106 18 4 0 0 5 166 0 0 0 0 2 56 0 28 11
422 426564 K 2 0 0 77 0 5 0 31 426168 1 7 122 1 35 84 1 2 0 0 0 28
423 425378 P 21 0 0 0 0 3 0 0 3 49 0 2 425170 27 8 67 25 0 0 0 3
424 442404 T 69 0 1 11 1 1 0 70 4 3 0 36 67 1 1 30 442107 2 0 0 0
425 449457 I 0 0 1 13 25 0 0 448992 0 12 78 34 1 0 1 4 239 56 0 1 0
426 428839 M 7 2 0 0 0 0 2 151 26 34 428495 0 0 1 11 1 50 57 1 0 1
427 390118 A 389828 0 1 32 0 41 0 1 1 0 1 1 12 0 1 18 86 93 0 0 2
428 384786 A 384512 0 1 17 0 13 0 26 0 1 0 0 13 0 0 27 110 66 0 0 0
429 382279 F 0 3 0 0 382057 0 1 37 0 95 0 1 0 0 0 53 0 6 0 25 1
430 352578 T 59 0 0 0 0 1 0 35 0 0 0 16 10 1 0 45 352411 0 0 0 0
431 375754 G 9 0 1 52 0 375555 1 0 2 0 0 0 0 0 90 0 0 24 20 0 0
432 385163 N 0 1 65 1 0 2 2 26 21 19 0 384916 1 0 0 74 7 1 0 27 0
433 410025 T 91 0 1 2 0 0 0 103 29 1 0 2 3 4 15 32 409738 0 0 2 2
434 421751 E 11 2 37 421405 0 142 0 0 61 3 1 2 1 14 8 2 0 32 0 0 30
435 451679 G 16 0 18 114 0 451383 0 4 0 0 0 1 0 0 90 0 0 31 0 0 22
436 459627 R 5 0 17 12 0 82 0 19 76 1 0 0 1 0 459346 30 8 3 0 0 27
437 462787 T 81 1 0 1 0 1 1 39 12 1 0 1 4 1 8 33 462600 0 0 0 3
438 480686 S 6 0 5 0 5 1 1 2 1 49 0 0 46 2 1 480498 38 0 0 0 31
439 468959 D 3 0 468706 31 0 73 8 3 0 1 0 46 1 3 0 34 0 37 0 13 0
440 451321 M 0 0 1 3 0 1 0 78 27 31 451013 0 1 6 4 3 85 66 1 0 1
441 433845 R 0 0 0 2 0 78 0 16 60 2 37 1 0 0 433480 136 8 0 25 0 0
442 436717 A 436332 0 0 24 0 20 0 0 0 24 0 66 17 1 0 19 148 66 0 0 0
443 443616 E 4 0 25 443442 0 58 0 0 40 0 0 0 0 9 2 0 1 12 0 0 23
444 445903 I 0 0 5 0 15 2 0 445663 3 16 2 26 0 0 0 8 90 72 1 0 0
445 501560 I 1 0 0 1 0 1 0 501177 28 48 134 0 0 12 2 0 48 81 0 11 16
446 452214 R 2 0 0 2 0 119 1 0 66 3 52 0 0 0 451903 23 10 2 31 0 0
447 443984 M 1 0 1 1 0 0 1 119 33 34 443623 2 0 0 12 1 51 101 0 0 4
448 446148 M 0 0 4 4 0 1 0 122 55 47 445748 6 0 0 6 1 62 88 4 0 0
449 405372 E 1 1 33 405091 0 115 0 1 64 0 0 0 4 15 0 0 1 30 0 0 16
450 424990 G 3 21 53 0 6 424793 0 0 0 0 0 2 0 0 7 86 1 15 3 0 0
451 484345 A 483639 65 18 78 0 25 0 0 2 2 0 1 14 4 0 19 271 201 1 0 5
452 478023 K 0 0 0 72 0 0 0 11 477633 0 0 142 1 86 69 0 6 0 0 0 3
453 474735 P 5 0 0 0 0 0 0 1 0 35 245 0 474344 36 8 42 18 1 0 0 0
454 498890 E 6 0 29 498621 0 74 0 0 114 0 0 0 1 7 4 1 0 19 0 0 14
455 519853 E 4 0 27 519624 0 86 0 0 41 1 1 0 1 9 10 0 0 33 0 0 16
456 532654 M 0 6 0 0 0 1 0 104 47 27 532195 1 0 2 142 1 60 68 0 0 0
457 525276 S 9 15 1 0 45 0 0 0 1 0 0 0 86 1 0 525037 60 3 0 18 0
458 571576 F 0 4 0 1 571190 0 0 29 0 154 0 0 1 1 0 122 4 9 0 61 0
459 554424 Q 0 0 0 36 0 4 40 0 58 52 1 0 75 553732 356 1 3 0 1 0 65
460 523767 G 12 1 1 56 0 523556 0 0 0 2 0 0 0 5 104 0 5 15 9 1 0
461 509891 R 153 0 0 11 0 78 0 1 0 36 0 0 14 144 509347 0 0 0 107 0 0
462 477963 G 14 1 0 177 0 477608 0 0 0 1 0 0 0 4 84 0 0 24 1 0 49
463 463213 V 50 0 29 0 10 0 0 69 0 11 0 0 1 0 2 8 0 463033 0 0 0
464 474204 F 0 2 0 12 473879 0 0 23 0 140 0 0 0 0 0 95 0 19 0 34 0
465 530065 E 5 0 25 529724 0 112 0 0 106 1 0 0 0 48 2 3 0 18 0 0 21
466 446645 L 3 0 1 0 47 0 16 32 1 446457 0 0 68 0 2 6 1 11 0 0 0
467 467986 S 4 1 0 0 1 1 0 0 1 134 1 0 74 1 1 467714 9 0 6 0 38
468 507861 D 2 0 507545 25 0 134 10 0 0 0 0 93 0 0 0 2 15 23 0 12 0
469 567979 E 2 0 44 567504 0 110 0 0 198 0 2 0 0 13 34 0 3 42 0 0 27
470 604888 R 0 1 1 0 0 162 0 0 111 0 66 1 0 0 604486 30 7 1 22 0 0
471 572582 A 572171 0 1 19 1 40 0 0 0 3 0 0 8 4 0 30 92 213 0 0 0
472 576626 A 576001 0 1 38 1 9 0 0 1 0 0 2 14 1 5 43 292 218 0 0 0
473 610076 N 0 0 73 4 0 0 3 31 31 1 0 609807 0 1 0 81 9 2 0 33 0
474 581425 P 8 0 1 0 0 0 0 0 0 70 0 0 581237 36 16 33 24 0 0 0 0
475 549681 I 0 0 1 0 33 1 0 549391 0 4 8 42 0 0 0 5 76 118 0 0 2
476 500463 V 93 2 0 32 0 8 0 0 0 37 154 0 0 0 1 0 0 500136 0 0 0
477 492060 P 20 0 0 0 0 0 12 0 0 41 0 0 491891 0 12 56 27 1 0 0 0
478 470124 S 4 6 0 0 29 0 0 0 0 4 0 0 96 0 0 469938 24 1 0 22 0
479 501951 F 0 5 0 0 501551 0 0 58 0 162 0 0 0 1 0 133 0 12 0 24 5
480 500948 D 9 0 500511 39 0 62 17 1 0 0 50 144 0 0 0 1 53 41 0 20 0
481 426014 M 0 0 0 0 0 0 0 93 20 39 425697 0 0 0 5 0 72 87 1 0 0
482 519752 S 1 40 0 6 0 135 1 18 3 0 4 85 0 1 45 519404 6 2 0 0 1
483 577424 N 0 0 66 0 0 0 6 33 50 4 12 577173 0 0 1 51 4 1 0 18 5
484 499295 E 2 1 48 499043 0 54 0 0 75 0 0 0 0 12 0 1 0 38 0 1 20
485 439274 G 7 0 0 38 0 439056 0 0 0 0 0 0 0 0 130 0 0 15 0 0 28
486 444557 S 4 9 0 0 22 1 1 2 0 0 0 0 53 0 0 444416 26 0 0 23 0
487 444002 Y 0 40 2 0 17 0 98 3 0 1 0 3 0 0 0 3 0 0 0 443812 23
488 435047 F 0 0 1 0 434874 0 0 23 0 81 0 0 0 0 0 46 0 5 0 17 0
489 417668 F 0 1 0 0 417492 1 0 18 0 90 0 0 2 0 0 42 0 1 0 21 0
490 417015 G 12 0 0 26 3 416865 0 0 0 0 0 0 0 1 69 0 1 10 0 0 28
491 425141 D 4 0 424817 31 0 175 11 0 0 0 0 38 0 1 0 2 2 47 0 13 0
492 432610 N 1 0 72 0 0 0 11 30 40 323 1 432048 3 0 0 61 5 0 0 15 0
493 516308 A 515040 1 1 41 0 23 0 0 0 1 3 0 18 1 0 20 1029 128 0 0 2
494 434852 E 10 0 26 434588 0 117 0 0 57 0 1 0 0 11 4 0 0 22 0 0 16
495 426755 E 10 0 16 426475 0 84 0 0 85 2 0 0 6 11 3 17 0 29 0 0 17
496 411111 Y 0 124 2 0 59 1 70 0 0 1 2 22 1 0 0 5 0 4 1 410788 31
497 380653 D 5 0 380165 62 0 118 7 0 2 0 0 226 0 0 1 0 1 45 0 21 0
498 292472 N 1 0 33 0 0 3 1 94 22 1 0 292266 0 1 1 26 4 0 0 17 2
