# nucleotide counts
# upper case indicates nucleotide called by both reads
# lower case indicates nucleotide called by one read with other ambiguous
# N indicates disagreement between reads, or both ambiguous
# POSITION WT COUNTS A T C G a t c g N
1 A 376656 376540 52 2 40 6 0 0 0 16
2 T 377593 57 377364 56 3 0 4 0 0 109
3 G 378640 69 180 13 378333 0 0 0 0 45
4 A 379437 378372 324 587 122 2 0 0 0 30
5 A 384041 382294 775 756 177 6 0 0 0 33
6 G 393778 264 481 1050 391869 0 0 0 8 106
7 G 395234 170 284 205 394336 0 0 0 2 237
8 C 406492 242 368 405709 99 1 0 12 0 61
9 A 405936 405302 344 80 184 3 0 0 0 23
10 A 415817 414771 293 163 564 10 0 0 0 16
11 A 419241 418062 284 457 421 2 0 0 0 15
12 A 423837 422749 242 311 285 5 0 0 0 245
13 C 439276 170 124 438872 65 0 0 9 0 36
14 T 447412 146 447017 158 22 0 2 0 0 67
15 A 446763 445914 194 61 177 4 0 0 0 413
16 C 463228 229 347 462585 32 0 0 7 0 28
17 T 473960 794 472906 116 72 0 4 0 0 68
18 G 488328 531 335 481 486939 0 0 0 12 30
19 G 563778 808 404 1127 561320 0 0 0 70 49
20 T 622543 596 619399 219 1149 0 4 0 0 1176
21 C 629582 469 472 626640 1914 0 0 29 0 58
22 C 690069 281 1722 687600 393 0 0 31 0 42
23 T 688058 227 686075 631 1062 0 16 0 0 47
24 G 952750 1050 773 680 949999 1 0 1 201 45
25 T 945205 386 942911 652 1069 0 9 0 0 178
26 T 960015 161 958170 284 1350 0 18 0 0 32
27 A 972559 971119 584 363 339 87 0 0 0 67
28 T 881743 2921 878084 443 238 0 3 0 0 54
29 A 896217 887571 4852 445 3272 25 0 0 0 52
30 T 885712 668 882328 2419 183 0 9 0 0 105
31 G 884888 621 970 357 882861 0 0 0 11 68
32 C 909701 300 1073 907822 336 0 0 81 0 89
33 A 810733 808750 523 809 537 14 0 0 0 100
34 T 807259 118 805984 453 640 0 8 0 0 56
35 T 804683 146 802836 1290 377 0 8 0 0 26
36 T 806307 283 804818 477 690 0 3 0 1 35
37 G 808169 171 437 116 807387 0 0 0 9 49
38 T 807647 168 806667 439 82 0 4 0 0 287
39 A 808624 807725 253 75 491 8 0 0 0 72
40 G 811369 115 244 80 810827 0 0 0 21 82
41 C 808806 188 107 808367 36 0 0 19 0 89
42 T 804048 57 803602 197 104 0 10 0 0 78
43 A 805182 804279 421 41 228 4 0 0 0 209
44 C 800768 93 227 800334 72 0 0 5 0 37
45 A 796874 795895 112 68 737 7 0 0 0 55
46 G 806645 180 173 99 806104 0 0 0 8 81
47 A 812107 811692 154 30 135 12 0 0 0 84
48 T 818105 74 817517 277 82 0 10 0 0 145
49 G 816069 199 188 33 815551 0 0 0 8 90
50 C 808421 108 209 807964 64 0 0 9 0 67
51 A 806662 805879 104 79 493 5 0 0 0 102
52 G 821473 135 229 29 821002 0 0 0 6 72
53 A 818706 817855 196 20 372 5 0 0 0 258
54 C 837184 329 405 836153 215 0 0 27 0 55
55 A 825085 821722 703 1920 215 9 0 0 0 516
56 C 987235 2260 680 983479 619 0 0 102 0 95
57 A 1005796 1002582 1157 792 1201 26 0 0 0 38
58 A 1029204 1028305 521 63 225 25 0 0 0 65
59 T 1027067 459 1026028 217 241 0 11 0 0 111
60 A 1159084 1157941 163 23 744 138 0 0 0 75
61 T 1173584 198 1172203 356 670 0 14 0 0 143
62 G 1285537 1055 707 319 1283242 0 0 0 102 112
63 T 1251554 356 1249406 475 412 0 11 0 0 894
64 A 1285383 1283597 216 45 1332 77 0 0 0 116
65 T 1207020 744 1205602 259 127 0 80 0 0 208
66 A 1170729 1169054 370 625 545 35 1 0 0 99
67 G 1167100 2040 402 64 1164463 0 1 0 16 114
68 G 1080417 338 253 67 1079550 0 0 0 108 101
69 C 1003737 479 1658 999793 1612 0 0 16 0 179
70 T 994481 1206 992458 486 83 0 85 0 0 163
71 A 894884 891611 241 946 162 4 0 1 0 1919
72 C 899688 154 514 898917 53 0 0 19 0 31
73 C 884065 292 329 883123 243 0 0 13 0 65
74 A 886117 885346 330 140 190 17 0 0 0 94
75 T 881237 212 880384 414 83 0 5 0 0 139
76 G 884519 491 426 34 883506 0 0 0 11 51
77 C 894518 459 318 893558 70 0 0 4 0 109
78 G 903382 347 616 387 901882 0 0 0 7 143
79 A 909511 909091 116 25 166 8 0 0 0 105
80 A 905564 904784 75 80 319 4 0 0 0 302
81 C 922250 198 158 921719 48 0 0 29 0 98
82 A 914073 912899 179 42 911 0 0 0 1 41
83 A 931632 929664 77 839 147 21 0 0 0 884
84 C 935068 63 195 933860 893 0 0 6 0 51
85 T 935058 1096 932826 304 325 0 3 0 0 504
86 C 943339 425 130 942179 503 0 0 20 1 81
87 A 960048 959220 158 197 418 21 0 0 0 34
88 A 965731 963897 516 250 149 7 0 0 0 912
89 C 983444 409 221 982395 385 0 0 11 0 23
90 C 971243 571 441 969680 496 0 0 9 0 46
91 G 972436 520 345 428 971021 0 0 0 34 88
92 A 951362 950517 227 118 189 13 0 0 0 298
93 C 953346 537 574 952023 154 0 0 14 0 44
94 A 952087 949343 121 164 1916 11 0 0 0 532
95 C 994763 1278 234 992443 661 0 0 116 0 31
96 T 921425 352 918985 583 1431 0 6 0 0 68
97 G 1145965 541 321 118 1144820 0 0 0 99 66
98 T 1137787 770 1136345 172 253 0 34 0 0 213
99 T 1142915 749 1141331 466 287 0 13 0 0 69
100 G 1141616 352 762 285 1140094 0 0 0 33 90
101 A 1122534 1121235 387 127 388 29 0 0 0 368
102 C 1146573 243 1471 1144465 295 0 0 36 0 63
103 A 1114697 1113357 235 209 364 48 0 0 0 484
104 C 1093037 150 187 1091788 639 0 0 192 0 81
105 A 821470 819457 1028 354 546 46 0 0 0 39
106 A 801411 800802 219 124 200 34 0 0 0 32
107 T 803421 255 802687 335 68 0 16 0 0 60
108 A 811849 809334 496 146 257 12 0 0 0 1604
109 C 812062 556 1622 809323 468 0 0 54 0 39
110 T 787119 600 784104 1595 662 0 7 0 0 151
111 C 751466 274 1012 749169 956 0 0 12 0 43
112 G 756903 275 303 82 756168 0 0 0 12 63
113 A 747368 746920 69 137 154 6 0 0 0 82
114 G 753318 146 308 38 752757 0 0 0 21 48
115 A 733938 733566 75 25 221 5 0 0 0 46
116 A 731087 730672 54 43 268 2 0 0 0 48
117 G 746182 240 151 45 745672 0 0 0 22 52
118 A 730786 730481 78 51 124 5 0 0 0 47
119 A 738375 738066 46 69 126 18 0 0 0 50
120 T 729042 82 728732 110 48 0 6 0 0 64
121 G 727325 147 182 14 726939 0 0 0 2 41
122 T 720750 101 719932 110 40 0 10 0 0 557
123 G 722663 162 552 27 721839 0 0 0 1 82
124 G 745588 277 373 113 744777 0 0 0 6 42
125 C 753185 124 511 752364 62 0 0 40 0 84
126 A 717370 716928 84 97 198 3 0 0 0 60
127 G 727150 130 71 257 726633 0 0 0 25 34
128 T 710272 57 708978 154 30 0 13 0 0 1040
129 G 746090 236 136 62 745550 0 0 0 32 74
130 A 736815 736003 114 160 218 1 0 0 0 319
131 C 743440 120 237 742936 62 0 0 6 0 79
132 A 732446 731152 123 80 302 6 0 0 0 783
133 C 736682 120 153 736147 149 0 0 18 0 95
134 A 739414 738781 189 126 157 12 0 0 0 149
135 T 733705 123 733243 214 55 0 22 0 0 48
136 T 693572 58 693220 149 86 0 3 0 0 56
137 C 858734 109 140 858129 73 0 0 152 0 131
138 T 800720 94 799943 486 103 0 4 0 0 90
139 G 806863 451 322 289 805674 0 0 0 17 110
140 T 812406 161 811721 242 109 0 23 0 0 150
141 T 791302 489 790075 421 257 0 16 0 0 44
142 A 781142 780730 86 32 228 21 0 0 0 45
143 A 774299 772561 81 262 106 8 0 0 0 1281
144 C 664693 70 312 664198 57 0 0 8 0 48
145 C 660251 95 186 659750 25 0 0 169 0 26
146 T 449160 71 448766 146 36 0 2 0 0 139
147 G 486446 161 151 23 486001 0 0 0 20 90
148 C 548470 99 105 548081 71 0 0 26 0 88
149 T 549767 65 549118 139 62 0 7 0 0 376
150 C 544705 191 492 543411 33 0 0 9 0 569
151 G 539971 241 268 50 539338 0 0 0 4 70
152 A 546940 546139 447 142 115 10 0 0 0 87
153 A 545036 544216 246 74 435 1 0 0 0 64
154 G 567164 278 281 247 566243 0 0 0 12 103
155 A 554658 553713 226 138 226 10 0 0 0 345
156 C 564312 266 1511 562375 108 0 0 23 0 29
157 A 566172 564490 259 713 651 10 0 0 0 49
158 G 572138 807 697 278 570300 0 0 0 10 46
159 C 590539 535 491 588739 699 0 0 6 0 69
160 C 588156 115 112 587783 87 0 0 11 0 48
161 A 582794 582207 79 133 98 1 0 0 0 276
162 C 598051 85 153 597715 47 0 0 9 0 42
163 A 594440 593988 191 61 170 0 0 0 0 30
164 A 641092 640554 44 211 144 25 0 0 0 114
165 C 639426 116 212 638960 79 0 0 9 0 50
166 G 626513 460 243 80 625686 0 0 0 11 33
167 G 621194 176 347 65 620576 0 0 0 4 26
168 G 616590 352 354 198 615640 0 0 0 8 38
169 A 619769 618058 762 276 588 5 0 0 0 80
170 A 619247 617510 1016 243 425 9 0 0 0 44
171 A 613231 611802 120 804 310 6 0 0 0 189
172 C 618028 176 295 617402 27 0 0 87 0 41
173 T 526049 142 525438 196 232 0 7 0 0 34
174 A 535355 534623 149 319 190 21 0 0 0 53
175 T 517772 103 517276 238 98 0 4 0 0 53
176 G 515286 328 327 33 514563 0 0 0 6 29
177 T 513672 96 512879 148 219 0 26 0 0 304
178 A 466615 463542 932 1867 246 4 0 0 0 24
179 A 471513 468779 415 722 1576 6 0 0 1 14
180 A 473603 470204 1969 700 667 25 0 0 0 38
181 T 459877 891 458370 382 193 0 5 0 0 36
182 T 454052 464 453378 116 38 1 42 0 0 13
183 A 422692 421479 678 144 368 9 0 0 0 14
184 A 421996 421004 311 451 204 9 0 0 0 17
185 A 422842 422450 31 86 265 2 0 0 0 8
186 A 361225 359723 201 191 1099 0 0 0 0 11
187 G 376171 108 161 166 375694 0 0 0 23 19
188 G 410888 254 79 73 410425 0 0 0 30 27
189 A 402638 402188 72 175 168 0 0 0 0 35
190 A 402595 402252 71 86 162 1 0 0 0 23
191 T 440652 266 440076 143 93 0 5 0 0 69
192 A 453464 452825 180 111 316 9 0 0 0 23
193 G 471062 427 220 215 470106 0 0 0 15 79
194 C 492840 461 117 491934 270 0 0 21 0 37
195 C 490506 309 603 489361 192 0 0 14 0 27
196 C 457734 188 63 457331 95 0 0 31 0 26
197 C 473433 112 71 473135 49 0 0 35 0 31
198 A 476467 475622 101 120 126 6 0 0 0 492
199 C 517620 76 105 517330 28 0 0 46 0 35
200 T 516156 112 515731 244 15 0 3 0 0 51
201 A 515318 514642 84 56 160 4 0 0 0 372
202 C 537851 716 341 535674 1051 0 0 19 0 50
203 A 528238 524622 1128 721 1720 6 0 0 0 41
204 A 537627 535201 1180 762 413 17 0 0 0 54
205 T 519663 135 518932 156 361 0 18 0 0 61
206 T 488718 40 488323 105 203 0 2 0 1 44
207 G 492085 176 369 42 491448 0 0 0 15 35
208 G 467521 241 666 468 466110 0 0 0 8 28
209 G 473996 444 487 303 472723 0 0 0 10 29
210 G 471328 556 509 448 469778 0 0 0 11 26
211 A 462905 462293 90 134 295 7 0 0 0 86
212 A 467103 466582 59 134 297 7 0 0 0 24
213 A 485692 485309 133 68 118 39 0 0 0 25
214 T 501497 217 501090 98 46 0 6 0 1 39
215 G 500189 113 296 51 499699 0 0 0 1 29
216 T 508303 107 507403 192 127 0 5 0 0 469
217 A 511359 510583 363 56 332 4 0 0 0 21
218 A 514635 513694 37 386 389 6 0 0 0 123
219 C 523248 249 275 522510 169 0 0 14 0 31
220 A 520422 519907 88 247 127 10 0 0 0 43
221 T 549493 53 549177 104 27 0 48 0 0 84
222 C 544574 232 237 543857 213 0 0 10 0 25
223 A 538021 534480 247 521 1755 0 0 0 0 1018
224 C 548628 207 2297 545873 215 0 0 9 0 27
225 C 544527 1695 710 541554 532 0 0 0 0 36
226 G 568014 205 381 32 567355 0 0 0 18 23
227 G 568114 298 134 85 567552 0 0 0 11 34
228 A 561032 560407 67 30 403 5 0 0 0 120
229 T 554844 49 554571 65 27 0 19 0 0 113
230 G 531591 126 100 20 531286 0 0 0 5 54
231 G 590307 166 70 56 589933 0 0 0 35 47
232 C 636780 108 770 635615 156 0 0 37 0 94
233 T 637430 44 636384 829 21 0 2 0 0 150
234 C 647755 179 126 646605 744 0 0 24 0 77
235 T 619986 230 618426 1197 91 0 14 0 0 28
236 T 605332 103 604221 822 143 0 12 0 0 31
237 G 582996 471 308 183 582002 0 0 0 7 25
238 G 583253 107 178 25 582907 0 0 0 7 29
239 G 715799 347 122 262 714970 0 0 0 62 36
240 A 624507 623402 613 50 312 34 0 0 0 96
241 A 588542 587997 251 128 146 2 0 0 0 18
242 A 621966 621411 73 252 150 40 0 0 0 40
243 T 626379 123 625530 421 89 0 13 0 0 203
244 C 661469 107 127 661116 75 0 0 19 0 25
245 C 658238 857 140 657085 101 0 0 15 0 40
246 A 639832 637756 271 825 921 3 0 0 0 56
247 G 671442 465 813 567 669518 0 0 0 24 55
248 A 656645 654803 733 401 661 4 0 0 0 43
249 A 697346 695164 562 985 553 33 0 0 0 49
250 T 701787 54 701489 93 37 0 13 0 0 101
251 G 703555 133 150 63 703129 0 0 0 15 65
252 C 699204 140 1309 697635 56 0 0 11 0 53
253 G 697781 316 297 154 696949 0 0 0 5 60
254 A 712722 711529 121 142 138 15 0 0 0 777
255 C 716794 126 198 716277 127 0 0 5 0 61
256 T 708402 351 706661 893 395 0 13 0 0 89
257 C 721219 575 699 719679 186 0 0 22 0 58
258 A 703250 701014 550 525 515 3 0 0 0 643
259 C 705830 138 125 705470 53 0 0 13 0 31
260 T 695383 122 694975 175 42 0 3 0 0 66
261 G 696235 657 172 101 695242 0 0 0 16 47
262 C 673785 429 856 671990 432 0 0 11 0 67
263 T 658171 361 657109 262 385 0 5 0 0 49
264 T 659417 1020 657186 397 687 0 22 0 0 105
265 C 647139 929 2214 642885 1069 0 0 7 0 35
266 C 643735 958 2939 639163 645 0 0 6 0 24
267 A 629826 624740 1114 3006 918 5 0 0 0 43
268 G 625809 1287 817 442 623209 0 0 0 9 45
269 C 625246 687 1633 622266 590 0 0 24 0 46
270 G 563752 507 422 1280 561465 0 0 0 38 40
271 A 530367 529100 302 315 539 4 0 0 0 107
272 G 537480 478 531 189 536245 0 0 0 8 29
273 A 541102 540005 389 203 368 7 0 0 0 130
274 T 548006 353 546885 335 341 0 18 0 0 74
275 C 525007 319 332 524037 284 0 0 4 0 31
276 A 520554 519481 382 376 247 2 0 0 0 66
277 T 525829 70 525469 221 19 0 8 0 0 42
278 G 551197 122 271 17 550742 0 0 0 8 37
279 G 735811 144 172 80 735215 0 0 0 142 58
280 T 635744 108 634765 121 41 0 14 0 0 695
281 C 625230 82 95 624903 102 0 0 7 0 41
282 C 623951 128 123 623280 382 0 0 13 0 25
283 T 713805 110 713349 244 43 0 7 0 0 52
284 A 767106 766251 93 64 240 57 0 0 0 401
285 C 772510 108 159 772113 69 0 0 17 0 44
286 A 787688 787276 108 57 175 11 0 0 0 61
287 T 815664 75 815205 178 30 0 114 0 0 62
288 T 696603 101 696212 199 61 0 0 0 0 30
289 G 729092 251 208 56 728495 0 0 0 36 46
290 T 728221 118 727702 154 36 0 5 0 0 206
291 A 725449 724968 96 125 211 6 0 0 0 43
292 G 726671 315 183 31 726043 0 0 0 25 74
293 A 693179 692723 222 47 136 8 0 0 0 43
294 A 715290 714857 87 182 131 4 0 0 0 29
295 A 718740 717208 170 525 709 11 0 0 0 117
296 C 723964 481 432 722712 289 0 0 18 0 32
297 A 729800 727020 491 261 622 5 0 0 0 1401
298 C 725675 230 205 724479 726 0 0 13 0 22
299 C 714061 603 348 712536 518 0 0 2 0 54
300 A 716217 714699 421 404 660 5 0 0 0 28
301 A 728717 727877 188 174 430 8 0 0 0 40
302 A 741388 740107 290 109 422 19 0 0 0 441
303 C 750838 95 496 750007 172 0 0 30 0 38
304 T 762149 167 760719 685 216 0 8 0 0 354
305 C 767274 568 73 766453 134 0 0 14 0 32
306 T 760961 684 759687 437 88 0 2 0 0 63
307 G 772672 423 260 181 771750 0 0 0 13 45
308 A 774299 773508 164 185 331 4 0 0 0 107
309 G 815371 418 209 402 814259 0 0 0 34 49
310 A 811366 808376 729 842 1361 12 0 0 0 46
311 A 801649 800261 704 282 342 7 0 0 0 53
312 T 799069 935 796423 572 1058 0 8 0 0 73
313 G 817129 267 368 76 816381 0 0 0 10 27
314 G 836785 363 154 110 836076 0 0 0 19 63
315 A 828778 827990 181 37 275 6 0 0 0 289
316 G 834201 242 418 359 833094 0 0 0 6 82
317 C 829962 460 623 828674 101 0 0 21 0 83
318 A 854265 853389 224 69 469 31 0 0 0 83
319 T 855381 95 855031 117 42 0 8 0 0 88
320 G 848890 235 233 48 848321 0 0 0 9 44
321 T 856083 115 855431 295 39 0 37 0 0 166
322 T 815421 98 815087 162 33 0 22 0 0 19
323 A 860168 859797 93 43 114 44 0 0 0 77
324 T 857914 159 857330 234 18 0 20 0 0 153
325 C 847532 120 139 847162 59 0 0 10 0 42
326 C 844544 171 145 843938 78 0 0 148 0 64
327 A 702217 700594 169 97 1290 11 0 0 0 56
328 G 566019 75 141 20 565747 0 0 0 12 24
329 G 565471 63 103 25 565224 0 0 0 20 36
330 A 540811 540472 47 13 173 6 0 0 0 100
331 G 576787 388 211 163 575926 0 0 0 53 46
332 A 532516 531559 151 427 259 6 0 0 0 114
333 T 558032 375 556784 282 420 0 2 0 0 169
334 C 618203 123 163 617780 46 0 0 52 0 39
335 T 610393 82 610002 204 18 0 3 0 0 84
336 C 620659 250 263 619991 82 0 0 29 0 44
337 A 619777 618136 436 121 1015 2 0 0 0 67
338 T 611130 323 609359 1246 96 0 3 0 0 103
339 C 623948 371 752 622492 274 0 0 7 0 52
340 G 643186 291 381 245 642197 0 0 0 22 50
341 A 715072 713875 208 169 232 63 0 0 0 525
342 C 732574 272 190 731894 130 0 0 40 0 48
343 T 707110 809 705684 405 177 0 4 0 0 31
344 A 769035 767378 754 503 281 55 0 0 0 64
345 T 757472 544 756001 603 252 0 3 0 0 69
346 G 764218 164 245 143 763592 0 0 0 20 54
347 A 762423 761730 97 115 378 0 0 0 0 103
348 G 766252 349 269 75 765499 0 0 0 20 40
349 G 770890 192 133 39 770431 0 0 0 44 51
350 A 736669 736284 48 66 114 12 0 0 0 145
351 A 729843 729435 51 61 130 9 0 0 0 157
352 C 724349 127 79 724032 37 0 0 37 0 37
353 T 681476 56 681166 165 15 0 4 0 0 70
354 G 678965 301 1303 89 677224 0 0 0 12 36
355 A 671251 670679 140 109 184 1 0 0 0 138
356 G 668608 207 277 57 668032 0 0 0 12 23
357 G 663125 502 169 84 662313 0 0 0 24 33
358 G 633453 220 112 31 633010 0 0 0 15 65
359 A 621755 621212 26 8 175 3 0 0 0 331
360 G 619023 191 44 37 618619 0 0 0 9 123
361 C 614318 159 338 613708 37 0 0 7 0 69
362 A 601769 601432 64 31 208 5 0 0 0 29
363 A 600408 600164 56 29 112 11 0 0 0 36
364 T 599019 368 598485 89 35 0 9 0 0 33
365 T 591967 50 591770 82 22 0 6 0 0 37
366 G 593449 230 482 27 592614 0 0 0 26 70
367 A 521984 521209 115 121 406 2 0 0 0 131
368 G 544493 219 132 285 543773 0 0 0 8 76
369 C 543447 276 382 542614 106 0 0 22 0 47
370 T 509402 273 508108 170 701 0 1 0 0 149
371 C 532475 311 198 531555 334 0 0 38 0 39
372 A 445148 444484 166 265 188 5 0 0 0 40
373 G 542106 730 733 28 540543 0 0 0 37 35
374 T 564269 75 563182 497 67 0 17 0 0 431
375 A 555867 554728 182 508 378 7 0 0 0 64
376 T 554426 646 553196 239 256 0 16 0 0 73
377 C 530746 398 651 529504 148 0 0 6 0 39
378 A 542906 541646 780 144 253 4 1 0 0 78
379 T 582946 139 582129 155 348 0 81 0 0 94
380 C 561411 338 152 560680 169 0 0 33 0 39
381 A 566836 566216 171 149 190 76 0 0 0 34
382 T 467548 58 467220 138 104 0 8 0 0 20
383 T 471635 63 471320 185 44 0 11 0 0 12
384 A 464440 463913 128 84 288 4 0 0 0 23
385 G 489019 173 170 21 488594 0 0 0 13 48
386 A 485779 485522 45 51 106 6 0 0 0 49
387 A 493979 493704 75 29 124 24 0 0 0 23
388 A 450119 449883 40 66 92 5 0 0 0 33
389 G 450072 102 93 33 449799 0 0 1 10 34
390 A 458132 457875 30 3 130 11 0 0 0 83
391 T 458622 37 458473 68 6 0 3 0 0 35
392 T 469252 72 469096 48 3 0 5 0 0 28
393 C 465445 93 151 465126 23 0 0 4 0 48
394 G 465706 154 161 116 465236 0 0 0 3 36
395 A 472687 472443 51 107 47 2 0 0 0 37
396 A 472855 472711 42 29 57 5 0 0 0 11
397 A 481966 481647 56 126 88 12 0 0 0 37
398 T 477237 36 477103 47 4 0 5 0 0 42
399 A 475440 475155 41 130 68 2 0 0 0 44
400 T 485758 40 485612 61 9 0 1 0 0 35
401 T 486463 41 486292 81 9 0 4 0 0 36
402 T 489112 56 488772 90 17 0 8 0 0 169
403 C 498684 276 257 497801 300 0 0 12 0 38
404 C 493068 495 89 492193 254 0 0 4 0 33
405 C 501397 299 352 499979 721 0 0 3 0 43
406 A 499350 496935 639 1027 722 3 0 1 0 23
407 A 500842 498023 518 1379 874 8 0 0 0 40
408 G 564951 597 958 1331 561990 0 0 0 44 31
409 G 581922 917 576 221 580139 0 0 0 13 56
410 A 575418 572989 565 1248 561 6 1 0 0 48
411 A 576773 575202 713 321 505 11 0 0 0 21
412 A 551493 545602 2979 1265 1589 1 0 0 0 57
413 G 649597 25897 2027 2305 619260 1 0 0 50 57
414 T 661569 1312 655248 2876 1789 0 10 0 0 334
415 T 657953 1293 654017 858 1711 0 13 0 0 61
416 C 657196 858 1092 654725 444 0 0 32 0 45
417 A 594134 590128 1411 951 1566 11 0 0 0 67
418 T 615349 106 614976 127 31 0 19 0 0 90
419 G 619977 249 186 26 619467 0 0 0 15 34
420 G 586901 197 120 50 586367 0 0 0 27 140
421 C 593364 400 222 592258 394 0 0 36 0 54
422 C 483168 288 155 482428 244 0 0 12 0 41
423 C 484180 481 306 483081 262 0 0 13 0 37
424 A 481333 480992 53 133 126 3 0 0 0 26
425 A 508331 507729 78 93 133 18 0 0 0 280
426 C 516131 100 150 515760 77 0 0 17 0 27
427 C 513548 357 510 512557 86 0 0 14 0 24
428 A 479937 478825 144 368 164 5 0 0 0 431
429 C 458833 123 355 458287 29 0 0 5 0 34
430 A 457741 457066 62 15 192 7 0 1 0 398
431 C 460862 53 92 460583 92 0 0 6 0 36
432 A 462545 462085 152 120 144 15 0 0 0 29
433 T 463341 131 462483 151 544 0 8 0 0 24
434 T 453228 348 452368 305 172 0 2 0 0 33
435 C 454504 289 206 453754 220 0 0 3 0 32
436 A 449476 446641 344 945 1515 1 0 0 0 30
437 A 450924 449219 239 640 771 2 0 0 0 53
438 C 445587 1004 708 443385 452 0 0 8 0 30
439 G 434861 164 115 36 434527 0 0 0 3 16
440 G 445614 99 109 65 445297 0 0 0 24 20
441 A 434849 434428 33 131 144 3 0 0 0 110
442 G 438395 1221 249 103 436790 0 0 0 6 26
443 T 439922 170 437618 556 273 0 9 0 0 1296
444 A 433206 432283 325 316 258 4 0 0 0 20
445 A 449958 449732 87 11 62 7 0 0 0 59
446 C 448898 49 103 448293 416 0 0 7 0 30
447 A 462452 461731 113 379 187 2 0 0 0 40
448 G 476514 6114 12661 2058 455591 0 0 1 55 34
449 T 421768 1323 390737 23253 6020 0 2 0 0 433
450 A 433049 411939 7325 2269 11442 23 1 0 0 50
451 T 450192 96 449772 130 100 0 16 0 0 78
452 C 439139 63 171 438843 31 0 0 3 0 28
453 A 436942 436234 132 89 391 45 0 0 0 51
454 T 386339 49 386079 114 26 0 28 0 0 43
455 G 368181 106 72 38 367916 0 0 0 10 39
456 C 366309 52 263 365885 38 0 0 38 0 33
457 T 336823 328 333580 1793 997 0 2 0 0 123
458 C 370411 390 1393 367285 1263 0 0 51 0 29
459 C 352286 613 535 349473 1639 0 0 0 0 26
460 C 354283 2424 326 350877 621 0 0 3 0 32
461 A 371886 367696 404 2418 1313 8 0 0 0 47
462 T 353157 450 350824 1301 530 0 9 0 0 43
463 A 342822 341275 189 674 643 8 0 0 1 32
464 G 360925 438 1363 58 359019 0 0 0 26 21
465 G 358103 99 1539 105 356323 0 0 0 14 23
466 G 361552 105 110 137 361134 0 0 0 31 35
467 G 335970 564 86 79 335218 0 0 0 4 19
468 A 335129 334367 117 81 527 2 0 0 0 35
469 A 334244 332951 522 349 406 4 0 0 0 12
470 A 341805 339989 715 806 285 0 0 0 0 10
471 A 347112 345040 1142 535 370 6 0 0 0 19
472 A 346489 344465 1000 578 424 5 0 0 0 17
473 G 346345 525 793 658 344337 0 0 0 5 27
474 C 348213 812 510 346325 530 0 0 5 0 31
475 A 341789 340603 300 213 639 1 0 0 0 33
476 G 367721 588 138 468 366498 0 0 0 11 18
477 T 366082 84 364920 285 628 0 4 0 0 161
478 T 365973 36 365832 58 23 0 2 0 0 22
479 T 364395 16 364279 81 9 0 1 0 0 9
480 T 362226 40 362051 108 6 0 3 0 0 18
481 T 373282 91 373065 101 10 0 2 0 0 13
482 A 372851 372111 452 72 67 5 0 0 0 144
483 C 373922 84 587 373187 28 0 0 7 0 29
484 A 365633 365145 42 206 213 2 0 0 0 25
485 G 384445 276 113 32 383984 0 0 0 19 21
486 A 379624 379199 71 109 213 2 0 0 0 30
487 A 407210 407048 27 23 68 25 0 0 0 19
488 A 409269 409086 51 32 63 6 0 0 0 31
489 T 387081 37 386856 112 18 0 3 0 0 55
490 T 389116 640 387676 705 62 0 8 0 0 25
491 T 403187 64 402972 82 34 0 11 0 0 24
492 G 409351 823 1369 39 407069 0 0 0 8 43
493 C 406533 110 327 403140 2890 0 0 18 0 48
494 T 371378 72 370974 112 186 0 5 0 0 29
495 A 357344 355981 914 122 275 14 0 0 0 38
496 T 355910 46 355753 53 17 0 4 0 0 37
497 G 363182 296 63 32 362742 0 0 0 33 16
498 G 376559 91 69 33 376323 0 0 0 13 30
499 C 361485 316 409 360642 56 0 0 15 0 47
500 T 342351 27 342114 160 10 0 0 0 0 40
501 G 371738 397 742 57 370499 0 1 0 22 20
502 A 374815 374286 155 114 128 5 0 0 0 127
503 C 371803 133 249 371268 109 0 0 6 0 38
504 G 386415 538 563 375 384897 0 0 0 9 33
505 A 392673 389909 845 1226 603 21 0 0 0 69
506 A 383404 380531 412 1143 1277 4 0 0 0 37
507 G 365147 560 618 1271 362654 0 0 0 19 25
508 A 364754 362471 756 1040 437 2 0 0 0 48
509 A 378678 375884 529 694 1540 11 0 0 0 20
510 G 392674 712 1125 1458 389333 0 0 0 24 22
511 G 394145 526 1441 206 391953 0 0 0 6 13
512 G 393293 517 985 897 390860 0 0 0 6 28
513 G 382763 380 489 456 381404 0 0 0 11 23
514 G 389949 262 130 196 389321 0 0 0 11 29
515 A 388906 387995 148 256 160 11 0 0 0 336
516 T 410368 108 409429 247 505 0 16 0 0 63
517 T 417102 1024 414285 414 1343 0 1 0 0 35
518 C 416968 793 1508 414387 232 0 0 5 0 43
519 A 419768 416940 527 1027 1228 2 0 0 0 44
520 T 420988 38 420820 70 14 0 6 0 0 40
521 A 444795 443703 51 11 107 14 0 0 0 909
522 C 449220 63 91 448992 33 0 0 11 0 30
523 C 439828 904 490 437536 872 0 0 4 0 22
524 C 434517 908 570 431860 1126 0 0 22 0 31
525 A 404237 401790 681 919 817 0 0 0 0 30
526 A 473620 471711 692 462 709 18 0 0 0 28
527 A 474804 472160 821 1292 496 4 0 0 0 31
528 G 483799 1055 669 496 481510 0 0 0 2 67
529 C 487622 265 272 485912 1110 0 0 25 0 38
530 T 447277 49 446318 808 44 0 2 0 0 56
531 G 508632 787 821 405 506538 0 0 0 20 61
532 A 516190 514961 335 100 221 11 0 0 0 562
533 C 554897 170 309 554254 104 0 0 7 0 53
534 C 555648 337 193 554886 159 0 0 14 0 59
535 A 544369 543105 258 224 739 5 0 0 0 38
536 A 642755 641059 621 698 253 73 0 0 0 51
537 T 651219 428 649613 414 711 0 7 0 0 46
538 T 657541 867 655200 471 887 0 8 0 0 108
539 C 666012 860 530 664055 515 0 0 16 0 36
540 C 641495 655 519 639724 565 0 0 8 0 24
541 T 648362 61 648019 225 13 0 11 0 0 33
542 A 649259 648797 64 33 326 1 0 0 0 38
543 T 660086 80 659531 106 290 0 5 0 0 74
544 G 693976 810 378 131 692556 0 0 0 75 26
545 T 608631 261 607145 645 202 0 16 0 0 362
546 G 613615 280 818 323 612114 0 0 0 20 60
547 A 609123 608833 66 18 124 7 0 0 0 75
548 A 606513 606140 74 13 150 4 0 0 0 132
549 C 636616 69 95 636352 22 0 0 30 0 48
550 A 615161 613293 337 955 552 2 0 0 0 22
551 A 620898 618621 1226 755 252 11 0 0 0 33
552 T 620944 356 619298 916 317 0 10 0 0 47
553 A 605419 604747 255 112 282 2 0 0 0 21
554 A 632433 631425 432 51 474 15 0 0 0 36
555 A 623667 622670 227 91 634 14 0 0 0 31
556 G 624713 327 753 62 623538 0 0 0 10 23
557 G 637721 718 466 427 636032 0 0 0 34 44
558 G 613320 302 471 84 612414 0 0 0 7 42
559 A 610467 609742 82 107 446 15 0 0 0 75
560 A 608251 607420 157 354 275 8 0 0 0 37
561 A 606577 605493 500 127 422 6 0 0 0 29
562 G 611651 543 512 308 610227 0 0 0 4 57
563 A 601922 600502 619 303 442 9 1 0 0 46
564 A 587694 586205 453 614 359 5 0 0 0 58
565 G 595774 249 84 39 595317 0 0 0 18 67
566 T 651149 64 649394 135 25 0 44 0 0 1487
567 C 672669 137 114 672248 96 0 0 11 0 63
568 C 675387 97 75 675123 28 0 0 15 0 49
569 T 683136 81 682784 193 26 0 12 0 0 40
570 T 619168 71 618870 114 82 0 3 0 0 28
571 G 679785 481 246 420 678546 0 0 0 53 39
572 T 687644 87 687044 123 56 0 3 0 0 331
573 A 735995 734391 238 524 252 39 0 0 0 551
574 C 738267 97 187 737779 113 0 0 32 0 59
575 T 682166 48 681909 141 24 0 3 0 0 41
576 A 706185 705407 505 20 187 8 0 0 0 58
577 T 696827 56 696539 103 40 0 19 0 0 70
578 G 710358 169 217 30 709912 0 0 0 5 25
579 G 798275 122 403 58 797568 0 0 0 58 66
580 G 717726 110 132 44 717382 0 0 0 12 46
581 G 752212 131 97 85 751814 0 0 0 47 38
582 T 690867 67 688295 135 134 0 3 0 0 2233
583 G 779626 307 260 321 778592 0 0 0 73 73
584 T 802272 49 801834 190 37 0 24 0 0 138
585 T 758887 269 758083 311 140 0 2 0 0 82
586 C 767663 79 151 767330 41 0 0 7 0 55
587 A 766178 765864 74 15 155 5 0 0 0 65
588 T 766072 92 765634 207 32 0 4 0 0 103
589 C 766626 706 668 764716 480 0 0 12 0 44
590 A 754082 749692 550 520 208 0 0 0 0 3112
591 C 770545 555 588 769125 208 0 0 31 0 38
592 C 756159 110 96 755844 50 0 0 27 0 32
593 C 721502 189 162 721072 32 0 0 2 0 45
594 G 783508 355 212 36 782822 0 0 0 54 29
595 T 780519 52 780106 143 29 0 2 0 0 187
596 C 783189 87 91 782902 21 0 0 13 0 75
597 T 816940 59 816609 201 9 0 8 0 0 54
598 A 798274 797964 106 8 144 2 0 0 0 50
599 G 803099 173 147 42 802679 0 0 0 5 53
600 C 797305 102 226 796882 28 0 0 5 0 62
601 A 794315 792903 296 392 660 2 0 0 0 62
602 G 817658 427 526 464 816127 0 0 0 81 33
603 T 705594 527 703687 741 101 0 5 0 0 533
604 G 755268 343 597 202 754061 0 0 0 16 49
605 A 757499 756293 327 558 217 21 0 0 1 82
606 T 743656 1295 741587 453 240 0 1 0 0 80
607 G 787717 217 213 36 787143 0 0 0 41 67
608 A 769019 768469 106 48 236 6 0 0 0 154
609 G 793142 343 138 81 792504 0 0 0 19 57
610 C 797465 98 148 797027 76 0 0 29 0 87
611 A 756747 756478 80 41 102 2 0 0 0 44
612 A 776804 776352 91 36 157 17 0 0 0 151
613 C 776747 163 182 775985 355 0 0 16 0 46
614 A 747570 746829 65 348 267 6 0 0 0 55
615 G 727237 278 251 53 726563 0 0 0 46 46
616 A 695954 693012 1749 228 840 6 0 0 0 119
617 G 701226 340 628 1686 698494 0 0 0 23 55
618 T 675205 128 671229 1959 464 0 15 0 0 1410
619 C 721859 79 139 721455 59 0 0 46 0 81
620 T 665578 66 665250 113 38 0 14 0 0 97
621 C 705959 159 97 705380 243 0 0 26 0 54
622 T 656911 49 656653 150 8 0 14 0 0 37
623 A 662717 662463 47 21 112 9 0 0 0 65
624 T 672128 59 671817 156 37 0 28 0 0 31
625 A 646489 644873 375 411 770 7 0 0 0 53
626 G 659478 236 428 1052 657713 0 0 0 26 23
627 T 632556 492 630596 685 113 0 66 0 0 604
628 A 532952 531603 562 468 290 1 0 1 0 27
629 A 539028 537309 744 581 331 32 0 0 0 31
630 T 508014 523 506288 795 350 0 5 0 0 53
631 G 511073 287 141 1094 509495 0 0 0 17 39
632 G 496933 165 220 1122 495402 0 0 0 6 18
633 A 491167 489162 594 138 1209 3 0 0 0 61
634 A 493418 491922 200 494 767 6 0 0 0 29
635 A 482615 481207 576 501 289 9 0 0 0 33
636 T 480380 334 478935 856 194 0 2 0 0 59
637 G 508645 640 242 196 507507 0 0 0 16 44
638 C 507029 335 359 506016 277 0 0 8 0 34
639 T 501923 123 501025 384 366 0 6 0 0 19
640 T 504828 22 504558 196 36 0 3 0 0 13
641 A 503232 503071 39 21 65 3 0 0 0 33
642 T 511243 59 511018 74 35 0 11 0 0 46
643 G 440967 138 85 18 440687 0 0 0 5 34
644 T 483583 54 483191 106 11 0 27 0 0 194
645 C 486974 95 82 486685 34 0 0 23 0 55
646 T 473118 272 472522 144 77 0 11 0 0 92
647 C 494131 89 227 493696 69 0 0 16 0 34
648 T 488266 223 487654 185 163 0 1 0 0 40
649 G 506224 115 97 25 505948 0 0 0 8 31
650 T 507275 65 506911 92 27 0 15 0 0 165
651 A 480429 480200 32 23 115 6 0 0 0 53
652 G 490013 319 808 133 488645 0 0 0 62 46
653 C 399789 110 314 398837 487 0 0 3 0 38
654 G 403585 310 241 257 402718 0 0 0 34 25
655 T 366114 38 365473 87 292 0 22 0 0 202
656 C 344429 100 43 344097 157 0 0 3 0 29
657 T 344726 197 344120 258 129 0 3 0 0 19
658 T 347064 852 345495 500 189 0 2 0 0 26
659 C 367548 602 804 365591 514 0 0 3 0 34
660 A 366583 364637 650 679 593 3 0 0 0 21
661 A 394066 390217 2643 599 572 16 0 0 0 19
662 A 400128 396208 2353 629 912 9 0 0 0 17
663 T 402158 2571 398302 511 726 0 19 0 0 29
664 T 412094 701 410806 258 304 0 9 0 0 16
665 A 414410 412721 1240 190 218 18 0 0 0 23
666 T 424561 690 422799 757 278 0 15 0 0 22
667 A 423819 414043 5277 1896 2578 7 0 0 0 18
668 A 396588 390380 5263 549 334 15 0 0 0 47
669 C 417698 639 3020 412874 1104 0 0 29 0 32
670 A 389680 388590 175 445 446 2 0 0 0 22
671 G 407864 619 291 292 406626 0 0 0 18 18
672 G 423963 372 511 463 422580 0 0 0 11 26
673 A 430546 429579 185 499 162 13 0 0 0 108
674 G 444710 280 278 31 444063 0 0 0 17 41
675 A 454140 453420 171 218 189 5 0 0 0 137
676 T 454261 403 452915 698 174 0 10 0 0 61
677 T 484940 863 483475 397 127 0 7 0 0 71
678 C 481447 430 712 480088 176 0 0 10 0 31
679 A 482998 478288 293 418 489 7 0 0 0 3503
680 C 510254 323 714 508964 200 0 0 26 0 27
681 C 501090 181 437 500002 438 0 0 15 0 17
682 C 497107 584 246 495428 814 0 0 13 0 22
683 C 485798 342 663 484557 203 0 0 11 0 22
684 G 517334 622 1255 404 514995 0 0 0 31 27
685 G 524404 925 1252 536 521662 0 0 0 5 24
686 A 508098 505417 622 883 1115 3 0 1 0 57
687 A 509176 506249 794 824 1287 4 0 0 0 18
688 A 508725 505940 1284 288 1177 18 0 0 0 18
689 T 516772 534 515507 475 172 0 28 0 0 56
690 A 536047 533716 403 514 1373 7 0 0 0 34
691 G 533705 2225 2956 960 527508 0 0 0 10 46
692 C 548072 2076 1227 543870 839 0 0 33 0 27
693 T 497324 952 494096 1529 703 0 4 0 0 40
694 G 497532 4023 5502 1664 486288 0 0 0 9 46
695 C 523237 2236 10827 508202 1925 0 1 3 0 43
696 A 503926 489050 4773 7048 3019 3 0 0 0 33
697 A 505746 504718 109 660 194 9 0 0 0 56
698 G 512320 278 141 30 511834 0 0 0 11 26
699 G 586489 1193 194 67 584874 0 0 0 50 111
700 C 581835 446 512 579949 852 0 0 10 0 66
701 C 577940 210 1881 575657 128 0 0 4 0 60
702 C 596470 639 902 594591 285 0 0 13 0 40
703 A 593869 588141 699 2934 2058 8 0 0 0 29
704 A 647489 641791 2856 1737 1032 41 0 0 0 32
705 A 648571 644075 1285 1905 1253 6 0 0 0 47
706 G 696229 1192 823 849 693274 0 0 0 21 70
707 T 693968 669 691867 443 391 0 41 0 0 557
708 A 639826 636221 1939 484 1142 4 0 0 0 36
709 A 638907 634299 1091 3140 347 6 0 0 0 24
710 G 630392 742 3660 432 625500 0 0 0 14 44
711 A 621681 617759 1051 2391 405 4 0 0 0 71
712 G 635192 650 129 32 634266 0 0 0 53 62
713 A 600693 599784 73 540 157 5 0 0 0 134
714 T 599098 70 597968 629 51 0 8 0 0 372
715 C 602099 1902 277 599603 263 0 0 11 0 43
716 A 598745 595731 2556 192 229 6 0 0 0 31
717 A 648143 645413 219 121 2201 31 0 0 0 158
718 C 638214 901 302 636192 756 0 0 11 0 52
719 A 630649 627838 1112 1029 612 2 0 0 0 56
720 T 619885 568 617439 1523 254 0 18 0 0 83
721 G 599684 107 218 33 599284 0 0 0 5 37
722 G 598507 128 133 36 598175 0 0 0 7 28
723 G 588404 142 124 40 588057 0 0 0 9 32
724 A 596480 595514 131 409 192 5 0 0 0 229
725 G 603307 121 187 30 602878 0 0 0 61 30
726 G 560654 348 286 51 559916 0 0 0 8 45
727 A 561477 560949 114 52 96 5 0 0 0 261
728 T 559236 77 558933 98 47 0 5 0 0 76
729 G 555033 176 183 97 554527 0 0 0 6 44
730 A 606361 602878 1860 1213 308 43 0 0 0 59
731 A 616141 612876 2007 271 711 7 0 0 0 269
732 C 645977 414 921 643958 595 0 0 29 0 60
733 T 622696 40 622385 163 36 0 6 0 0 66
734 A 632946 632650 89 32 105 23 0 0 0 47
735 T 719367 134 718968 147 21 0 59 0 0 38
736 T 724021 70 722937 872 101 0 11 0 0 30
737 A 727576 726669 153 118 153 4 0 0 0 479
738 C 704096 95 370 703472 81 0 0 53 0 25
739 T 649838 108 649417 226 30 0 9 0 0 48
740 G 639746 186 102 52 639347 0 0 0 22 37
741 G 618665 159 102 57 618303 0 0 0 2 42
742 A 643451 641467 349 227 491 6 0 0 0 911
743 C 651150 366 1111 649291 252 0 0 73 0 57
744 C 551935 426 891 550285 307 0 0 8 0 18
745 T 549216 544 547447 1008 179 0 5 0 0 33
746 T 570290 59 569898 175 110 0 19 0 0 29
747 G 574718 747 176 945 572805 0 0 0 10 35
748 C 573851 129 558 571923 1194 0 0 4 0 43
749 T 590482 38 590253 130 8 0 19 0 0 34
750 A 584342 582513 100 1236 439 3 0 0 0 51
751 G 606075 444 644 544 604390 0 0 0 17 36
752 A 609547 607958 471 671 386 11 0 0 0 50
753 A 596241 593930 361 867 193 11 0 0 0 879
754 C 614011 116 125 613568 120 0 0 55 0 27
755 C 556716 281 116 556256 43 0 0 7 0 13
756 C 559608 242 334 558838 152 0 1 10 0 31
757 G 558633 559 216 170 557654 0 0 0 5 29
758 G 563003 404 301 115 562150 0 0 0 3 30
759 A 567466 566365 338 124 446 12 0 0 0 181
760 G 567437 231 104 181 566841 0 0 0 16 64
761 A 571638 569371 52 1667 387 4 0 0 0 157
762 C 594785 375 107 592920 1320 0 0 21 0 42
763 A 579219 577374 248 760 568 3 0 0 0 266
764 C 666430 901 313 664563 519 0 1 71 0 62
765 A 664659 662314 876 948 482 2 0 0 0 37
766 A 667582 666619 313 215 347 28 0 0 0 60
767 T 668197 124 667824 148 43 0 8 0 0 50
768 A 664757 663742 278 225 482 1 0 0 0 29
769 A 696147 691261 2966 420 1441 14 0 0 0 45
770 T 699433 596 695197 1266 2286 0 28 0 0 60
771 A 687745 682615 1025 1600 2452 15 0 0 0 38
772 T 682833 272 682129 189 135 0 63 0 0 45
773 T 567578 136 567234 154 11 0 3 0 0 40
774 T 565607 269 564826 269 192 0 18 0 0 33
775 G 531134 222 148 54 530656 0 0 0 4 50
776 A 524435 523978 69 44 264 4 0 0 0 76
777 G 526093 127 200 62 525649 0 0 0 9 46
778 G 520180 153 61 31 519869 0 0 0 16 50
779 C 521110 73 71 520799 93 0 0 15 0 59
780 A 509628 509201 73 25 289 4 0 0 0 36
781 A 515179 513802 860 182 186 12 0 0 0 137
782 C 571771 568 130 570906 75 0 0 43 0 49
783 T 572038 667 569086 1683 546 0 10 0 0 46
784 G 562203 128 119 33 561875 0 0 0 22 26
785 G 562615 122 99 39 562329 0 0 0 9 17
786 T 569965 129 567771 154 176 0 4 0 0 1731
787 A 575032 574747 88 13 150 13 0 0 0 21
788 A 619557 619159 121 64 105 41 0 0 0 67
789 T 669924 95 669579 102 29 0 36 1 0 82
790 C 672819 114 127 672397 120 0 0 24 0 37
791 T 694009 129 693548 245 24 0 39 0 0 24
792 A 694206 693550 136 116 377 15 0 0 0 12
793 A 693165 692404 109 425 191 10 0 0 0 26
794 T 693440 103 693124 117 13 0 9 0 0 74
795 A 655841 655350 191 71 190 3 0 0 0 36
796 G 662756 141 172 35 662303 0 0 0 24 81
797 C 656050 72 167 655687 46 0 0 25 0 53
798 A 652073 649796 124 174 340 2 0 0 0 1637
799 C 661316 86 83 661049 22 0 0 34 0 42
800 C 622761 118 79 622486 29 0 0 11 0 38
801 A 629504 628778 215 273 165 12 0 0 0 61
802 T 638260 285 637057 480 368 0 13 0 0 57
803 G 627289 519 659 209 625868 0 0 0 9 25
804 G 635548 397 438 451 634206 0 0 0 23 33
805 T 607515 149 605656 226 22 0 5 0 0 1457
806 A 606682 606147 220 60 200 2 0 0 0 53
807 T 600648 71 600128 263 147 0 12 0 0 27
808 G 611364 283 163 40 610840 0 0 0 11 27
809 C 656729 70 108 656137 276 0 0 85 0 53
810 T 593245 347 592220 378 255 0 15 0 0 30
811 T 575611 41 575252 210 59 0 11 0 0 38
812 T 575286 205 574850 149 27 0 10 0 0 45
813 C 538992 106 289 538511 50 0 0 5 0 31
814 G 552222 616 312 357 550881 0 0 0 20 36
815 C 539869 226 1094 538295 205 0 0 1 0 48
816 A 541287 538406 548 724 1289 7 0 0 0 313
817 C 551361 167 117 550177 855 0 0 21 0 24
818 T 534687 36 534260 257 107 0 4 0 0 23
819 G 708904 963 271 89 707424 0 0 0 123 34
820 A 719311 716921 928 348 949 7 0 0 0 158
821 G 737799 812 928 1279 734710 0 0 0 14 56
822 T 842306 1025 838317 1357 502 0 21 0 0 1084
823 A 838381 837435 205 447 226 9 0 0 0 59
824 G 863220 283 286 213 862378 0 0 0 22 38
825 A 876681 875532 257 265 444 6 0 0 0 177
826 G 899825 1385 1025 746 896598 0 0 0 34 37
827 G 910718 1347 677 964 907561 0 0 0 123 46
828 G 751549 989 1730 1348 747359 0 0 0 52 71
829 T 728391 1420 718075 5514 2291 0 14 0 0 1077
830 T 829483 1806 820568 3353 3713 0 5 0 0 38
831 T 819112 3411 809303 3447 2904 0 9 0 0 38
832 G 829121 2110 898 3011 823024 0 0 0 13 65
833 A 826984 819647 1970 3301 1975 8 0 0 0 83
834 G 853159 1908 3211 2508 845436 0 0 0 35 61
835 T 826543 141 825230 502 125 0 9 0 0 536
836 C 819402 190 353 818742 70 0 0 12 0 35
837 C 806725 309 476 805276 606 0 0 15 0 43
838 G 836898 485 340 188 835766 0 0 0 35 84
839 G 840733 321 150 427 839787 0 0 0 6 42
840 C 840701 402 398 839622 156 0 0 15 0 108
841 A 847049 846146 332 132 327 13 0 0 0 99
842 T 867182 92 866757 186 53 0 34 0 0 60
843 C 866084 387 405 865041 113 0 0 11 0 127
844 A 873302 872282 185 499 212 3 0 0 0 121
845 T 868058 114 867640 169 29 0 4 0 0 102
846 C 886647 477 754 885109 212 0 0 28 0 67
847 A 868526 860446 948 2868 1689 13 0 0 1 2561
848 C 921119 1591 3413 915007 1012 0 0 51 0 45
849 C 919735 1488 2627 912646 2932 0 0 21 0 21
850 T 899264 984 897602 351 161 0 10 0 0 156
851 C 894294 429 232 893208 371 0 0 8 0 46
852 A 907790 905310 791 1232 423 5 0 0 0 29
853 A 903181 899697 732 874 1837 8 0 0 0 33
854 A 906262 902254 1239 1686 869 15 0 0 0 199
855 C 899340 1322 1630 894753 1586 0 0 14 0 35
856 G 894679 1141 330 877 892147 0 0 0 95 89
857 C 763029 676 1275 760867 137 0 0 13 0 61
858 G 748906 443 875 429 747121 0 0 0 2 36
859 T 756606 314 753767 1251 998 0 3 0 0 273
860 C 758222 800 307 756131 923 0 0 15 0 46
861 A 767107 764585 844 1317 331 6 0 0 0 24
862 A 825832 822921 1208 827 772 54 0 0 0 50
863 T 816862 584 814926 594 661 0 9 0 0 88
864 G 827464 1181 1272 822 824097 0 0 0 16 76
865 C 832980 630 1554 829536 1180 0 0 41 0 39
866 A 791174 788356 278 1876 591 18 0 0 0 55
867 T 790401 1189 787373 741 1013 0 19 0 0 66
868 G 581036 323 353 264 580021 0 0 0 12 63
869 A 580257 579152 296 409 323 9 0 0 0 68
870 G 691786 894 469 233 689997 0 0 0 151 42
871 T 658880 95 658035 128 61 0 5 0 0 556
872 G 670771 182 157 60 670313 0 0 0 13 46
873 T 657949 93 657163 435 27 0 10 0 0 221
874 A 658350 657285 466 121 443 7 0 0 0 28
875 A 636675 635866 135 266 310 7 0 0 0 91
876 C 628797 176 574 627938 60 0 0 14 0 35
877 A 619106 618315 213 23 272 12 0 0 0 271
878 C 615854 98 125 615475 55 0 0 66 0 35
879 G 533851 347 342 241 532876 0 0 0 4 41
880 A 535770 534770 380 256 316 13 0 0 0 35
881 A 528801 526626 374 281 1467 1 0 0 0 52
882 G 557167 1447 562 328 554745 0 0 0 38 47
883 T 542167 44 541133 71 28 0 3 0 0 888
884 G 556403 125 74 45 556112 0 0 0 6 41
885 T 552630 83 551919 343 29 0 4 0 0 252
886 C 557279 84 130 556962 57 0 0 6 0 40
887 A 548172 547859 40 23 219 6 0 0 0 25
888 A 557749 557471 27 19 214 2 0 0 0 16
889 A 589025 588423 288 108 101 8 0 0 0 97
890 C 594584 81 118 594256 59 0 0 41 0 29
891 A 548634 544831 193 716 140 9 0 0 0 2745
892 C 679497 97 107 679075 65 0 0 98 0 55
893 C 662397 104 106 662061 61 0 0 6 0 59
894 C 672397 261 128 671914 49 0 0 11 0 34
895 C 665187 1216 1642 661070 1201 0 0 9 0 49
896 A 668655 664990 1817 805 978 0 0 0 0 65
897 G 637122 1054 966 1110 633954 0 0 0 5 33
898 G 638532 92 455 45 637903 0 0 0 1 36
899 G 699334 199 81 312 698617 0 0 0 43 82
900 A 696204 695499 58 135 226 30 0 0 0 256
901 G 726017 176 386 193 725120 0 0 0 39 103
902 C 742449 245 150 741803 170 0 0 16 0 65
903 T 735655 225 734650 545 175 0 5 0 0 55
904 A 954963 954005 248 254 354 42 0 0 0 60
905 T 952612 277 951896 295 67 0 20 1 0 56
906 A 983052 982197 222 353 220 22 0 0 0 38
907 A 981996 975952 2163 1536 2243 57 0 0 0 45
908 A 927469 920108 1461 4752 986 3 0 1 0 158
909 C 938518 1406 1819 930404 4756 0 0 94 0 39
910 A 825727 825165 71 128 289 4 0 0 0 70
911 G 834994 308 202 194 834206 0 0 0 20 64
912 C 836695 136 303 836037 98 0 0 34 0 87
913 A 798853 796631 216 893 1058 2 0 0 0 53
914 A 799766 797413 1070 73 1113 10 0 0 0 87
915 T 789434 713 787196 723 584 0 7 0 0 211
916 C 794938 305 499 793988 100 0 0 3 0 43
917 T 792688 105 790422 361 1583 0 6 0 0 211
918 C 786432 209 1201 784466 499 0 0 10 0 47
919 C 754849 144 104 754487 53 0 0 3 0 58
920 C 749812 286 147 749295 28 0 0 10 0 46
921 T 747080 111 746530 321 73 0 6 0 0 39
922 T 755133 79 754821 133 40 0 11 0 0 49
923 T 750871 85 750448 215 32 0 2 0 0 89
924 C 755609 90 294 755132 54 0 0 5 0 34
925 C 752645 170 143 752241 45 0 0 9 0 37
926 A 744620 744169 63 49 293 4 0 0 0 42
927 G 755460 260 155 37 754940 0 0 0 11 57
928 A 755949 755534 76 16 278 7 0 0 0 38
929 A 807880 807139 201 107 332 52 0 0 1 48
930 T 812097 196 811501 274 30 0 28 0 0 68
931 A 755593 754823 130 57 526 12 0 0 0 45
932 T 758284 392 757605 181 33 0 21 0 0 52
933 A 730201 728807 344 235 255 1 0 0 0 559
934 C 748496 1014 1934 744616 879 0 0 12 0 41
935 A 727011 721430 76 2850 294 4 0 0 0 2357
936 C 733002 134 527 732162 114 0 0 31 0 34
937 C 692408 124 146 691930 61 0 0 93 0 54
938 C 573593 324 152 572852 182 0 0 25 0 58
939 A 563534 562862 76 233 301 18 0 0 0 44
940 G 571938 1392 1665 652 568187 0 0 0 9 33
941 T 502328 1908 499360 572 275 0 4 0 0 209
942 C 513049 439 1203 510814 537 0 0 14 0 42
943 A 503059 500876 703 198 1026 0 0 0 0 256
944 C 627814 609 550 625925 607 0 0 85 0 38
945 A 618142 616592 522 640 361 1 0 0 0 26
946 A 644570 643768 90 218 428 37 0 0 0 29
947 T 650819 87 650417 129 80 0 24 0 0 82
948 A 573294 572587 255 65 346 20 0 0 0 21
949 G 608483 172 162 38 608061 0 0 0 16 34
950 G 604265 171 111 20 603909 0 0 0 10 44
951 A 604113 603233 108 298 353 15 0 0 1 105
952 G 698454 541 644 1136 695993 0 0 0 77 63
953 A 616830 615186 363 774 419 12 0 0 0 76
954 G 625937 675 839 741 623618 0 0 0 20 44
955 T 615121 68 613406 105 48 0 1 0 0 1493
956 G 650337 292 127 45 649781 0 0 0 24 68
957 C 678816 71 245 678257 175 0 0 7 0 61
958 C 683451 87 127 683038 142 0 0 4 0 53
959 C 689292 181 131 688856 65 0 0 8 0 51
960 A 696095 695044 62 686 273 1 0 0 0 29
961 A 723298 722302 362 345 213 28 0 0 0 48
962 A 728982 727407 472 309 757 5 0 0 0 32
963 A 734089 732888 317 206 632 8 0 0 0 38
964 T 756118 98 755728 167 55 0 32 0 0 38
965 A 749993 749337 377 63 172 15 0 0 0 29
966 T 761208 125 760687 242 84 0 14 0 0 56
967 G 762272 2199 236 482 759295 0 0 0 16 44
968 T 765349 218 764452 261 80 0 6 0 0 332
969 C 770883 1794 308 768617 114 0 0 24 0 26
970 A 741027 739771 212 629 356 6 0 0 0 53
971 G 742499 539 278 190 741463 0 0 0 7 22
972 G 746425 641 341 252 745141 0 0 0 17 33
973 A 732304 729571 1984 279 315 0 1 0 0 154
974 G 747147 215 438 1924 744480 0 0 0 25 65
975 T 729489 496 723859 1401 847 0 15 0 0 2871
976 A 732554 729523 288 622 813 6 0 1 0 1301
977 C 730983 153 1051 729172 550 0 0 15 0 42
978 C 724918 584 515 723184 590 0 0 3 0 42
979 A 729286 728699 173 140 215 18 0 0 0 41
980 A 727924 727215 54 227 373 11 0 0 0 44
981 A 734205 733397 263 238 247 11 0 0 0 49
982 T 734029 453 733146 233 70 0 53 0 0 74
983 T 683042 119 682651 122 88 0 2 0 0 60
984 G 687821 598 253 337 686547 0 0 0 22 64
985 A 659228 658211 273 324 294 2 0 0 0 124
986 G 663143 318 194 107 662478 0 0 0 11 35
987 G 665652 346 156 177 664912 0 0 0 30 31
988 A 621537 620997 113 101 134 6 0 0 0 186
989 T 629696 52 629347 63 87 0 43 0 0 104
990 G 707175 196 169 57 706656 0 0 0 59 38
991 G 712902 156 135 20 712512 0 0 0 32 47
992 T 753785 84 752831 275 144 0 31 0 0 420
993 T 554587 114 553931 161 352 0 6 0 0 23
994 A 556845 556423 69 37 118 3 0 0 0 195
995 C 540829 58 193 540488 39 0 0 6 0 45
996 A 540257 539615 70 44 477 9 0 0 0 42
997 G 589868 87 754 29 588923 0 0 0 43 32
998 G 589709 184 74 24 589355 0 0 0 25 47
999 A 577562 576781 56 59 260 15 0 0 0 391
1000 C 588462 74 425 587700 194 0 0 35 0 34
1001 T 546503 51 546122 293 14 0 0 0 0 23
1002 A 551757 549697 82 1500 449 7 0 1 0 21
1003 A 550702 550435 40 103 103 4 0 0 0 17
1004 G 562207 124 114 26 561886 0 0 0 12 45
1005 A 550936 550630 109 19 117 16 0 0 0 45
1006 A 536971 536783 49 30 71 1 0 0 0 37
1007 A 532900 532546 43 41 80 9 0 0 0 181
1008 C 538473 44 356 537975 46 0 0 18 0 34
1009 A 529095 527818 410 597 194 3 0 0 0 73
1010 T 523724 211 522011 573 759 0 10 0 0 160
1011 C 520207 696 792 517926 765 0 0 1 0 27
1012 C 535074 129 85 534721 75 0 0 17 0 47
1013 C 523278 252 102 522822 39 0 0 15 0 48
1014 A 521419 520978 132 63 177 2 0 0 0 67
1015 T 517426 316 515477 1311 214 0 3 0 0 105
1016 C 523514 1007 149 521893 434 0 0 10 0 21
1017 C 517559 980 408 515890 257 0 0 4 0 20
1018 A 603514 602864 124 276 111 71 0 0 0 68
1019 T 607429 449 606571 110 235 0 4 0 0 60
1020 T 611365 248 610396 190 473 0 7 0 0 51
1021 C 628543 163 118 627955 228 0 0 29 0 50
1022 A 626291 625860 79 99 216 4 0 0 0 33
1023 A 658926 658456 78 47 282 38 0 0 0 25
1024 T 659250 90 658914 148 29 0 5 0 0 64
1025 A 693283 692579 194 51 114 6 0 0 0 339
1026 C 705672 148 430 704970 56 0 0 40 0 28
1027 A 648826 646112 108 2374 172 2 0 0 0 58
1028 G 648796 1716 168 78 646780 0 0 0 13 41
1029 A 636035 633157 304 1699 729 17 0 0 0 129
1030 G 754155 139 155 35 753693 0 0 0 87 46
1031 G 785073 144 92 64 784674 0 0 0 45 54
1032 T 735336 172 732158 176 74 0 5 0 0 2751
1033 C 744752 1206 434 742498 512 0 0 16 0 86
1034 T 743826 147 743343 272 38 0 2 0 0 24
1035 A 798220 796615 500 692 283 49 0 0 0 81
1036 T 823703 130 823305 188 23 0 18 0 0 39
1037 T 818779 55 818506 110 70 0 11 0 0 27
1038 T 807742 186 807239 130 68 0 78 0 0 41
1039 G 689308 252 424 275 688320 0 0 0 7 30
1040 G 693545 208 267 284 692754 0 0 0 7 25
1041 A 684584 683573 253 215 354 4 0 0 0 185
1042 G 690155 86 142 40 689839 0 0 0 2 46
1043 C 690282 102 309 689717 38 0 0 31 0 85
1044 C 653690 82 127 653383 29 0 0 4 0 65
1045 A 657188 656653 161 63 167 2 0 0 0 142
1046 T 660343 76 660117 87 28 0 8 0 0 27
1047 T 662205 147 661794 143 92 0 2 0 0 27
1048 G 662039 326 373 140 661153 0 0 0 8 39
1049 C 668628 203 137 668049 167 0 0 5 0 67
1050 T 669264 608 667764 702 147 0 2 0 0 41
1051 G 677194 139 117 65 676844 0 0 0 10 19
1052 G 769945 141 173 43 769518 0 0 0 53 17
1053 T 762823 119 761256 469 337 0 9 0 0 633
1054 T 757500 74 757017 270 92 0 20 0 0 27
1055 T 749036 91 748582 295 47 0 7 0 0 14
1056 T 759196 364 758272 499 39 0 5 0 0 17
1057 A 784381 782850 532 287 596 32 0 0 0 84
1058 T 782162 388 781433 216 91 0 7 0 0 27
1059 T 779342 596 777853 302 554 0 1 0 0 36
1060 G 792404 571 515 44 791158 0 0 0 78 38
1061 A 689355 687648 177 54 1181 4 0 0 0 291
1062 G 698094 777 296 65 696930 0 0 0 9 17
1063 G 697799 167 289 54 697269 0 0 0 8 12
1064 G 692747 128 269 66 692237 0 0 0 6 41
1065 G 709886 228 1218 1371 706960 0 0 0 49 60
1066 G 682837 246 164 136 682222 0 0 0 11 58
1067 G 625122 669 117 100 624179 0 0 0 5 52
1068 A 621928 618952 649 29 1869 4 0 0 0 425
1069 T 613816 552 612624 148 379 0 8 0 0 105
1070 G 616074 201 550 41 615203 0 0 0 31 48
1071 G 620496 393 126 45 619866 0 0 0 20 46
1072 A 572457 570169 392 1169 449 1 0 0 0 277
1073 C 573036 411 1211 571114 220 0 1 20 0 59
1074 T 529864 519 527923 1334 42 0 11 0 0 35
1075 G 525894 219 116 76 525459 0 0 0 5 19
1076 G 538242 186 102 183 537743 0 0 0 9 19
1077 A 533121 532402 273 151 213 4 0 0 0 78
1078 A 538112 535828 286 1787 133 32 0 0 0 46
1079 T 437738 68 437465 127 40 0 9 0 0 29
1080 G 472803 435 714 549 471058 0 0 0 17 30
1081 A 486065 484745 642 254 361 9 0 0 0 54
1082 T 486402 919 484671 559 204 0 9 0 0 40
1083 A 483509 481519 405 996 565 6 0 0 0 18
1084 G 457419 88 85 27 457181 0 0 0 12 26
1085 A 518964 518679 62 16 131 4 0 0 0 72
1086 T 519704 73 519356 160 43 0 8 0 0 64
1087 G 540157 174 160 436 539333 0 0 0 13 41
1088 G 555586 138 113 29 555261 0 0 0 20 25
1089 A 594966 593622 271 590 224 48 0 0 0 211
1090 T 619128 94 618804 94 52 0 16 0 0 68
1091 G 620906 217 226 42 620380 0 0 0 10 31
1092 G 779853 192 153 88 779261 0 0 0 128 31
1093 T 772074 88 770241 153 75 0 7 0 0 1510
1094 A 769530 769004 108 116 198 13 0 0 0 91
1095 T 763666 98 763171 211 127 0 9 0 0 50
1096 G 791693 120 254 30 791225 0 0 0 24 40
1097 G 816058 171 113 23 815663 0 0 0 51 37
1098 T 809063 90 808169 293 69 0 8 0 0 434
1099 T 803709 85 803338 161 70 0 10 0 0 45
1100 A 798916 798073 518 34 176 42 0 0 0 73
1101 T 714863 63 714212 420 92 0 1 0 0 75
1102 C 716888 97 348 716355 44 0 0 4 0 40
1103 A 716736 716037 256 44 323 8 0 0 0 68
1104 T 716129 150 715307 241 294 0 18 0 0 119
1105 C 702913 919 1567 700268 99 0 0 17 0 43
1106 A 677427 674937 488 609 1304 1 0 0 0 88
1107 T 678163 152 675805 1924 210 0 4 0 0 68
1108 C 680006 797 558 677866 732 0 0 8 0 45
1109 A 670064 667769 1352 323 552 5 0 0 0 63
1110 G 683032 2068 666 497 679757 0 0 0 18 26
1111 A 679704 679476 39 16 120 5 0 0 0 48
1112 A 680170 679948 45 21 99 11 0 0 0 46
1113 T 678459 58 678009 290 30 0 9 0 0 63
1114 G 677812 163 354 44 677185 0 0 0 12 54
1115 A 672701 672115 96 268 176 2 0 0 0 44
1116 A 674620 673920 138 102 302 2 0 0 0 156
1117 C 675668 94 221 675203 80 0 0 12 0 58
1118 A 665373 664919 144 58 194 8 0 0 0 50
1119 G 644156 206 257 64 643573 0 0 0 24 32
1120 G 667677 93 158 58 667280 0 0 0 31 57
1121 G 677101 126 89 30 676781 0 1 0 5 69
1122 A 686838 685506 163 763 176 16 0 0 0 214
1123 T 670470 447 669305 293 158 0 11 0 0 256
1124 C 655900 400 266 654893 291 0 0 3 0 47
1125 A 691954 690465 393 206 778 52 0 0 0 60
1126 G 726122 397 419 117 725113 0 0 0 32 44
1127 G 730881 313 222 337 729918 0 0 0 16 75
1128 C 727785 377 405 726678 208 0 0 30 0 87
1129 T 708559 69 708189 161 51 0 19 0 0 70
1130 A 705908 705561 87 38 141 29 0 0 0 52
1131 T 768197 131 767496 396 65 0 13 0 0 96
1132 G 772775 440 690 92 771474 0 0 0 8 71
1133 C 762858 303 1234 760959 162 0 0 126 0 74
1134 A 562549 561200 487 234 527 2 0 0 0 99
1135 G 578859 163 442 78 578102 0 0 0 34 40
1136 C 537920 91 302 537307 117 0 0 21 0 82
1137 G 520408 544 230 212 519386 0 0 0 7 29
1138 G 550872 350 78 43 550329 0 0 0 48 24
1139 A 509993 508959 333 23 517 3 0 0 0 158
1140 T 525156 906 523645 487 20 0 8 0 0 90
1141 C 518325 2957 1245 513009 1065 0 0 8 0 41
1142 A 539128 532537 2694 1077 2787 3 0 0 0 30
1143 A 547328 541818 663 1932 2881 11 0 0 1 22
1144 A 547263 545239 509 1074 413 2 0 0 0 26
1145 A 550439 548140 576 654 1049 6 0 0 0 14
1146 A 544491 542187 952 655 656 18 0 0 0 23
1147 A 531162 530146 122 28 832 4 0 0 0 30
1148 G 548599 483 63 2579 545392 0 0 0 10 72
1149 C 545417 1766 411 542937 254 0 0 10 0 39
1150 A 549115 548363 139 199 108 2 0 0 0 304
1151 C 558546 222 122 558068 82 0 0 22 0 30
1152 A 556761 554988 457 479 399 1 0 0 0 437
1153 C 573433 152 168 572884 151 0 0 17 0 61
1154 A 570146 569690 97 192 141 2 0 0 0 24
1155 A 575064 574456 128 81 365 10 0 0 0 24
1156 A 573296 571566 976 235 487 15 0 0 0 17
1157 A 568397 566342 1145 585 281 12 0 0 0 32
1158 T 567192 522 564798 794 967 0 4 0 0 107
1159 G 563432 123 124 80 563020 0 0 0 12 73
1160 C 556825 72 231 556437 33 0 0 10 0 42
1161 C 551310 95 108 550992 48 0 0 28 0 39
1162 A 516006 515315 279 95 262 6 0 0 0 49
1163 T 505245 65 505027 63 48 0 8 0 0 34
1164 T 495557 324 494814 183 195 0 4 0 0 37
1165 A 494149 492108 219 757 1037 7 0 0 0 21
1166 A 487891 485890 450 1023 422 0 0 0 0 106
1167 C 488951 453 543 487486 416 0 0 15 0 38
1168 G 462708 3139 1808 2953 454747 0 0 0 25 36
1169 G 413322 2108 1929 1581 407675 0 0 0 11 18
1170 G 411671 2112 1216 1519 406778 0 0 0 18 28
1171 A 403077 402688 58 50 130 19 0 0 0 132
1172 T 421399 48 421211 66 18 0 21 0 0 35
1173 T 413987 89 413637 155 71 0 18 0 0 17
1174 A 350024 348445 567 543 361 4 0 0 0 104
1175 C 408844 666 175 407188 764 0 0 25 0 26
1176 A 394860 391837 1520 582 891 12 0 0 0 18
1177 A 405294 404980 57 112 105 19 0 0 0 21
1178 A 387215 386673 135 189 143 2 0 0 0 73
1179 C 383954 81 166 383512 144 0 0 31 0 20
1180 A 373282 373075 40 73 82 3 0 0 0 9
1181 A 382123 381761 135 29 164 14 0 0 0 20
1182 G 461946 273 145 51 461400 0 0 0 49 28
1183 G 464699 418 1105 189 462948 0 0 0 17 22
1184 T 453971 216 452314 99 36 0 2 0 0 1304
1185 G 472354 1029 1017 194 470022 0 0 0 20 72
1186 A 478864 474111 4425 172 111 5 0 0 0 40
1187 A 483500 478070 36 4765 259 8 0 0 0 362
1188 C 518081 217 220 517551 24 0 0 27 0 42
1189 T 515425 256 514608 96 282 0 0 0 0 183
1190 C 546009 60 81 545718 76 0 0 36 0 38
1191 T 533107 76 532329 618 39 0 3 0 0 42
1192 G 546402 235 303 30 545779 0 0 0 21 34
1193 T 545614 71 545348 78 22 0 12 0 0 83
1194 T 547947 358 547243 267 46 0 9 0 0 24
1195 A 549523 548950 67 73 403 10 0 0 0 20
1196 T 546350 60 546103 76 43 0 8 0 0 60
1197 C 534896 104 378 534181 201 0 0 5 0 27
1198 G 536901 178 175 118 536381 0 0 0 17 32
1199 A 521324 520800 36 202 214 4 0 0 0 68
1200 G 523403 173 193 110 522857 0 0 0 21 49
1201 A 514786 514343 49 139 222 4 0 0 0 29
1202 A 512451 511986 270 90 87 4 0 0 0 14
1203 A 518560 518073 82 153 231 3 0 0 0 18
1204 A 522257 521691 106 185 241 5 0 0 0 29
1205 T 523350 65 523031 117 80 0 4 0 0 53
1206 G 522704 262 632 219 521539 0 0 0 4 48
1207 A 520551 519642 461 70 344 2 0 0 0 32
1208 A 518142 517108 98 532 296 2 0 0 0 106
1209 C 515719 193 872 514354 237 0 0 13 0 50
1210 A 516022 513118 668 923 395 6 0 0 0 912
1211 C 522681 398 730 520340 1154 0 0 22 0 37
1212 T 509749 866 507475 636 630 0 6 0 0 136
1213 C 508723 121 116 508162 290 0 0 11 0 23
1214 A 502038 501296 74 82 570 1 0 0 0 15
1215 A 533334 532356 204 119 607 19 0 0 0 29
1216 T 534829 302 534033 97 337 0 5 0 0 55
1217 T 538057 221 537277 347 106 0 9 0 0 97
1218 C 489767 170 401 488914 221 0 0 13 0 48
1219 A 468261 467437 147 138 277 2 0 0 0 260
1220 C 422530 106 271 422050 78 0 0 13 0 12
1221 A 405042 404452 173 113 279 1 0 0 0 24
1222 G 407482 199 424 347 406453 0 0 1 5 53
1223 C 404726 334 114 403768 427 0 0 56 0 27
1224 T 301362 247 300426 197 460 0 2 0 1 29
1225 G 302708 143 120 177 302237 0 0 0 14 17
1226 T 278370 145 277771 158 138 0 1 0 0 157
1227 G 281349 134 252 48 280893 0 0 0 5 17
1228 G 273600 118 216 94 273148 0 0 0 5 19
1229 G 267466 147 100 159 267040 0 0 0 0 20
1230 T 260142 182 258898 187 359 0 37 0 0 479
1231 A 194462 194151 90 40 173 0 0 0 0 8
1232 A 197599 197279 37 119 157 1 0 0 0 6
1233 A 197122 196781 20 52 260 2 0 0 0 7
1234 G 196121 441 94 115 195449 0 0 0 8 14
1235 A 183329 182552 274 263 204 19 0 0 0 17
1236 A 161579 161055 140 161 209 3 0 0 0 11
1237 T 154332 16 154180 31 81 0 8 0 0 16
1238 T 152157 25 151964 32 118 0 2 0 0 16
1239 C 152179 28 52 151973 114 0 0 1 0 11
1240 A 151337 150988 139 5 188 2 0 0 0 15
1241 A 147837 147464 9 159 177 2 0 0 0 26
1242 C 155728 104 65 155421 119 0 0 8 0 11
1243 A 148832 148101 289 111 322 2 0 0 0 7
1244 A 161956 160887 326 336 307 12 0 0 0 88
1245 C 161839 352 266 160861 346 0 0 2 0 12
1246 T 160017 10 159563 399 21 0 1 0 0 23
1247 T 160012 67 159750 27 150 0 2 0 0 16
1248 A 159460 158759 403 30 257 1 0 0 0 10
1249 G 171975 187 53 5 171705 0 0 0 7 18
1250 A 173947 173801 20 4 101 5 0 0 0 16
1251 A 189838 189681 19 2 120 4 0 0 0 12
1252 A 187820 187702 25 40 37 14 0 0 0 2
1253 A 167526 167403 40 10 66 1 0 0 0 6
1254 A 167087 166975 16 9 73 2 0 0 0 12
1255 A 166114 165646 18 90 344 1 0 0 0 15
1256 G 173261 298 36 8 172907 0 0 0 5 7
1257 G 170769 94 20 13 170619 0 0 0 17 6
1258 A 147267 146825 140 11 247 4 0 0 0 40
1259 T 154223 40 154090 34 36 0 4 0 0 19
1260 G 151889 54 100 15 151706 0 0 0 5 9
1261 G 155096 43 58 112 154875 0 0 0 1 7
1262 A 152889 152708 17 61 84 2 0 0 0 17
1263 A 154616 154336 52 7 215 1 0 0 0 5
1264 A 143553 143447 31 14 50 6 0 0 0 5
1265 A 144842 144583 26 154 62 2 0 0 0 15
1266 T 141949 35 141707 169 19 0 0 0 0 19
1267 T 141404 14 141297 76 2 0 1 0 0 14
1268 T 149342 27 149265 36 3 0 3 0 0 8
1269 A 148225 148132 46 5 34 4 0 0 0 4
1270 A 148704 148634 15 29 21 1 0 0 0 4
1271 A 147760 147664 37 30 18 4 0 0 0 7
1272 T 154594 135 154377 29 29 0 7 0 0 17
1273 A 156304 155919 169 177 33 2 0 0 0 4
1274 A 157540 157266 44 61 161 1 0 0 0 7
1275 A 158560 158251 149 45 107 4 0 0 0 4
1276 A 154952 154845 13 51 34 1 0 0 0 8
1277 A 158724 158527 18 12 153 3 0 0 0 11
1278 A 164629 164066 27 192 309 6 0 0 0 29
1279 G 182204 146 216 16 181793 0 0 0 13 20
1280 T 182364 235 181720 233 48 0 2 0 0 126
1281 T 180148 169 179685 262 22 0 2 0 0 8
1282 G 199359 734 70 12 198510 1 0 0 15 17
1283 A 190130 189490 108 469 44 2 0 0 0 17
1284 T 192712 105 192422 87 54 0 4 0 0 40
1285 G 191952 103 62 59 191713 0 0 0 1 14
1286 A 190393 190198 37 33 63 4 0 0 0 58
1287 T 191328 43 191161 48 41 0 2 0 0 33
1288 G 188410 54 78 33 188225 0 0 0 2 18
1289 G 193524 60 47 15 193389 0 0 0 3 10
1290 G 203913 77 42 15 203747 0 0 0 9 23
1291 T 203840 30 203372 116 21 0 10 0 0 291
1292 T 204791 24 204687 37 30 0 0 0 0 13
1293 T 189408 13 189208 59 111 0 1 0 0 16
1294 C 189200 70 53 189028 23 0 0 1 0 25
1295 T 188614 66 188422 81 20 0 2 0 0 23
1296 G 190084 214 88 37 189717 0 0 0 5 23
1297 G 187377 90 52 13 187212 0 0 0 4 6
1298 A 170810 170583 14 15 70 2 0 0 0 126
1299 C 178678 43 43 178541 10 0 0 17 0 24
1300 A 171542 171342 108 41 28 2 0 0 0 21
1301 T 181657 8 181602 25 7 0 4 0 0 11
1302 T 180724 64 180591 39 20 0 3 0 0 7
1303 T 181750 23 181642 61 15 0 1 0 0 8
1304 G 181784 38 50 37 181644 0 0 0 3 12
1305 G 181043 26 31 25 180940 0 0 0 8 13
1306 A 182852 182613 27 18 66 2 0 0 0 126
1307 C 198301 41 36 198172 30 0 0 10 0 12
1308 A 228761 228508 42 117 39 38 0 0 0 17
1309 T 241626 29 241510 48 20 0 6 0 0 13
1310 A 243764 243635 43 16 46 8 0 0 0 16
1311 T 247932 39 247813 54 8 0 3 0 0 15
1312 A 245707 245572 36 26 69 1 0 0 0 3
1313 A 265456 265318 45 10 53 17 0 0 0 13
1314 T 259752 48 259481 178 9 0 3 0 0 33
1315 G 264294 380 69 59 263759 0 0 0 3 24
1316 C 264078 300 126 263525 76 0 0 24 0 27
1317 A 242553 242063 315 26 119 0 0 0 0 30
1318 G 268219 42 66 12 268070 0 0 0 16 13
1319 A 265258 265105 37 47 26 4 0 0 0 39
1320 A 271505 271341 16 41 67 10 0 0 0 30
1321 T 272297 132 271934 171 26 0 10 0 0 24
1322 T 267237 65 267080 31 34 1 9 0 0 17
1323 G 270363 197 55 30 270064 0 0 0 4 13
1324 T 333753 51 333264 221 154 0 2 0 0 61
1325 T 338831 296 338380 87 49 0 7 0 0 12
1326 A 337219 336683 34 200 265 12 0 0 0 25
1327 G 347299 154 70 66 346962 0 0 0 17 30
1328 T 344295 52 344004 71 26 0 3 0 0 139
1329 T 345820 94 345471 143 69 0 1 0 0 42
1330 C 369845 47 87 369560 63 0 0 31 0 57
1331 T 360637 50 360442 89 19 0 6 0 0 31
1332 A 367497 367031 100 37 151 7 0 0 0 171
1333 C 377140 271 192 376639 11 0 0 5 0 22
1334 T 375834 124 375326 320 31 0 1 0 0 32
1335 G 384715 345 215 59 384062 0 0 0 19 15
1336 G 380464 102 59 44 380242 0 0 0 5 12
1337 A 382829 382637 29 8 118 3 0 0 0 34
1338 A 384954 384232 71 14 607 8 0 0 0 22
1339 A 385673 385595 13 17 35 2 0 0 0 11
1340 A 387095 386917 80 26 47 4 0 0 0 21
1341 T 411240 135 410836 60 138 0 22 0 0 49
1342 G 411126 174 254 49 410626 0 0 0 3 20
1343 A 420821 420471 39 46 235 3 0 0 0 27
1344 A 417845 417425 166 47 183 4 0 0 0 20
1345 A 415741 415102 57 313 244 2 0 0 0 23
1346 G 420900 263 202 28 420365 0 0 0 3 39
1347 G 443092 164 65 166 442647 0 0 0 21 29
1348 A 431836 430972 42 40 98 8 0 0 0 676
1349 C 438408 63 59 438183 21 0 0 30 0 52
1350 T 415774 88 415510 122 11 0 2 0 0 41
1351 T 416871 372 416354 81 29 0 7 0 0 28
1352 T 414508 37 413921 95 422 0 6 0 0 27
1353 G 424505 115 165 74 424109 0 0 0 5 37
1354 G 416599 96 70 15 416381 0 0 0 8 29
1355 A 409833 409487 42 10 124 30 0 0 0 140
1356 T 378895 32 378682 107 14 0 12 0 0 48
1357 T 343072 18 342922 92 8 0 10 0 0 22
1358 T 338373 32 338143 84 16 0 5 0 0 93
1359 C 335038 88 106 334804 22 0 0 2 0 16
1360 C 333953 3036 58 330815 20 0 0 4 0 20
1361 A 333619 330452 37 3000 87 8 0 0 0 35
1362 T 313970 83 311042 113 2708 0 0 0 0 24
1363 G 314093 103 72 324 313574 0 0 0 1 19
1364 A 335059 334278 341 60 111 18 0 0 0 251
1365 C 355855 433 79 355091 215 0 0 12 0 25
1366 T 347234 293 346584 108 208 0 17 0 0 24
1367 T 318542 73 318012 337 102 0 3 0 0 15
1368 A 319157 318627 200 79 238 2 0 0 0 11
1369 A 314024 313870 70 4 60 9 0 0 0 11
1370 A 329966 329749 91 44 48 5 0 0 0 29
1371 T 321972 79 321734 51 61 0 9 0 0 38
1372 G 326857 129 73 59 326531 0 0 0 48 17
1373 T 275614 71 275180 96 24 0 3 0 0 240
1374 G 274994 255 161 17 274529 0 0 0 3 29
1375 A 286261 285677 175 272 119 1 0 0 0 17
1376 A 280372 279936 43 127 240 0 0 0 0 26
1377 G 294720 190 77 82 294315 0 0 0 16 40
1378 A 289412 289032 193 34 134 6 0 0 0 13
1379 A 281098 280655 61 264 87 2 0 0 0 29
1380 T 279548 130 279110 202 46 0 3 0 0 57
1381 C 282355 759 26 281534 7 0 0 11 0 18
1382 T 275817 25 275722 39 11 0 4 0 0 16
1383 G 292984 180 39 774 291966 0 0 0 13 12
1384 T 287924 89 287633 58 9 0 1 0 0 134
1385 A 294566 294178 180 10 65 3 0 0 0 130
1386 C 290219 34 243 289889 16 0 0 3 0 34
1387 G 286203 94 192 29 285865 0 0 0 11 12
1388 A 277177 276878 43 149 59 8 0 0 0 40
1389 G 280068 218 532 39 279234 0 0 0 17 28
1390 A 259927 259732 20 37 119 4 0 0 0 15
1391 A 261987 261794 32 73 66 10 0 0 0 12
1392 A 246150 245988 31 27 97 0 0 0 0 7
1393 G 255504 113 33 4 255330 0 0 0 9 15
1394 T 259656 36 259086 118 37 0 5 0 0 374
1395 A 257158 256966 58 70 55 1 0 0 0 8
1396 A 255133 254818 15 145 142 3 0 0 0 10
1397 A 251118 250811 11 110 178 0 0 0 0 8
1398 A 251245 250899 26 11 301 2 0 0 0 6
1399 A 265157 264257 504 108 269 0 0 0 0 19
1400 G 273015 98 185 588 272094 0 0 0 10 40
1401 C 275651 90 102 275252 175 0 0 17 0 15
1402 C 266529 346 549 265405 197 0 0 15 0 17
1403 A 262698 261471 356 104 755 2 0 0 0 10
1404 A 275648 274482 673 28 449 6 0 0 0 10
1405 T 294538 161 294223 105 7 0 8 0 0 34
1406 T 302777 38 302593 78 22 0 3 0 0 43
1407 A 307147 306924 72 40 92 4 0 0 0 15
1408 A 307920 307368 83 116 345 3 0 0 0 5
1409 A 303412 302606 27 236 531 2 0 0 0 10
1410 G 377010 584 335 126 375887 0 0 0 39 39
1411 A 373506 372718 221 57 472 11 0 0 0 27
1412 A 388324 387337 358 260 321 11 0 0 0 37
1413 T 345943 163 345292 171 251 0 18 0 0 48
1414 A 329753 329515 26 10 192 1 0 0 0 9
1415 A 361598 361286 54 88 136 22 0 0 0 12
1416 T 375534 170 375119 89 96 0 12 0 0 48
1417 G 384891 114 1628 45 383059 0 0 0 6 39
1418 C 392706 75 2354 390117 122 0 0 8 0 30
1419 C 375226 458 344 374143 258 0 0 2 0 21
1420 A 379582 378077 311 667 503 0 0 0 0 24
1421 A 375306 372506 1927 394 458 1 0 0 0 20
1422 A 379033 376048 300 757 1906 1 0 0 0 21
1423 G 393448 87 92 54 393145 0 0 0 24 46
1424 A 386211 385806 131 142 90 11 0 0 0 31
1425 A 392394 392014 128 103 126 9 0 0 0 14
1426 A 388284 387742 302 108 105 2 0 0 0 25
1427 T 388991 188 388151 221 261 0 7 0 0 163
1428 C 385908 247 426 384959 243 0 0 2 0 31
1429 G 392109 154 944 47 390933 0 0 0 7 24
1430 G 390622 179 188 36 390188 0 0 0 7 24
1431 A 397905 397235 246 136 234 4 0 0 0 50
1432 A 378538 378066 179 215 66 0 0 0 0 12
1433 A 386114 385628 332 38 87 4 0 0 0 25
1434 T 389198 163 388477 266 240 0 4 0 0 48
1435 G 392103 354 298 81 391349 0 0 0 3 18
1436 G 397851 88 124 27 397586 0 0 0 12 14
1437 G 397846 115 58 31 397625 0 0 0 3 14
1438 T 393341 263 390246 119 57 0 6 0 0 2650
1439 G 411425 150 111 24 411106 0 0 0 18 16
1440 T 410354 25 409781 98 327 0 5 0 0 118
1441 T 441326 53 439733 405 1098 0 10 0 0 27
1442 T 419715 302 419192 186 14 0 6 0 0 15
1443 T 416331 1138 414848 271 62 0 0 0 0 12
1444 G 427941 438 162 80 427209 0 0 0 15 37
1445 A 420402 419520 157 31 600 2 0 0 1 91
1446 G 442885 601 298 235 441712 0 0 0 13 26
1447 T 441063 202 439796 310 529 1 36 0 0 189
1448 T 415806 509 415017 212 30 0 1 0 0 37
1449 C 433857 846 422 432444 84 0 0 25 0 36
1450 T 446023 3839 438211 3807 126 0 15 1 0 24
1451 A 451141 444307 2469 71 3785 18 0 0 1 490
1452 C 467395 2601 182 460866 3700 2 0 25 1 18
1453 C 453998 162 989 452094 728 0 0 2 0 23
1454 A 450602 449288 741 204 93 14 0 0 0 262
1455 C 477779 324 935 476366 106 0 0 18 0 30
1456 A 483781 482781 109 327 519 22 0 0 0 23
1457 A 484653 482981 658 436 544 10 0 0 0 24
1458 G 522588 1247 198 275 520790 0 0 0 52 26
1459 T 460297 123 459571 79 45 0 9 0 0 470
1460 G 475329 116 60 20 475085 0 0 0 21 27
1461 T 460927 40 460281 133 47 0 3 0 0 423
1462 G 468261 1184 144 70 466816 0 0 0 4 43
1463 A 470174 468861 76 72 1057 8 0 0 0 100
1464 C 477533 810 203 476389 62 0 0 26 0 43
1465 A 483223 482481 109 217 392 5 0 0 0 19
1466 A 481416 480870 314 43 147 12 0 0 0 30
1467 T 473401 48 472735 325 247 0 5 0 0 41
1468 G 475388 2001 282 303 472771 0 0 0 3 28
1469 A 474211 472489 1021 290 390 1 0 0 0 20
1470 A 478002 475163 1882 235 686 8 0 0 0 28
1471 T 489646 325 489129 99 22 0 9 0 0 62
1472 G 492152 88 345 38 491642 0 0 0 6 33
1473 C 493896 76 210 493142 424 0 0 11 0 33
1474 A 501285 500483 71 513 154 2 0 0 0 62
1475 T 499944 531 499227 87 39 0 10 0 0 50
1476 G 497778 222 745 34 496755 0 0 0 3 19
1477 G 497595 264 265 404 496616 0 0 0 5 41
1478 A 491224 490272 133 229 552 7 0 0 0 31
1479 A 485817 484664 454 465 189 20 0 0 0 25
1480 A 471386 471116 48 38 161 4 0 0 0 19
1481 G 514136 174 76 193 513608 0 0 0 50 35
1482 T 498362 111 496777 148 348 0 1 0 0 977
1483 G 521095 185 92 30 520749 0 0 0 8 31
1484 T 516329 39 515541 111 234 0 7 0 0 397
1485 A 511995 511445 75 245 213 0 0 0 0 17
1486 A 508227 507908 130 37 124 3 0 0 0 25
1487 G 510230 2991 125 15 507063 0 0 0 5 31
1488 A 523053 518736 603 21 3640 14 0 0 1 38
1489 A 520594 519456 378 319 344 65 0 0 0 32
1490 A 447585 445842 1071 350 295 4 0 0 0 23
1491 T 443751 1151 441606 463 467 0 9 0 0 55
1492 G 440220 175 225 27 439766 0 0 0 1 26
1493 G 443563 90 115 26 443303 0 0 0 8 21
1494 G 455014 195 438 98 454241 0 0 0 5 37
1495 A 456217 454831 254 28 382 19 0 0 0 703
1496 C 451848 125 704 450871 86 0 0 26 0 36
1497 T 419793 696 418872 156 30 0 3 0 0 36
1498 T 416244 36 416046 131 11 0 5 0 0 15
1499 A 443691 443358 80 30 186 10 0 0 0 27
1500 T 444970 64 444659 71 130 0 9 0 0 37
1501 G 433847 128 230 135 433322 0 0 0 14 18
1502 A 423895 423289 69 248 174 17 0 0 0 98
1503 T 419276 187 418709 147 164 0 41 0 0 28
1504 T 377691 94 377267 189 113 0 10 0 0 18
1505 A 417228 416611 198 141 204 26 0 0 0 48
1506 T 420234 156 419533 238 239 0 3 0 0 65
1507 C 418918 314 1977 416163 435 0 0 5 0 24
1508 C 418516 324 430 415656 2072 0 0 3 0 31
1509 A 423845 420951 262 2169 435 7 0 0 0 21
1510 A 425635 424068 228 926 394 1 0 0 0 18
1511 A 423562 421889 657 230 765 6 0 0 0 15
1512 A 443499 441829 282 248 1100 16 0 0 0 24
1513 T 443427 61 443219 86 16 0 17 0 0 28
1514 A 456905 456705 72 19 64 24 0 0 0 21
1515 T 459393 76 459182 86 18 0 3 0 0 28
1516 T 456461 150 455985 242 53 0 2 0 0 29
1517 C 455253 103 1392 453509 173 0 0 16 0 60
1518 A 446939 444580 104 271 1935 3 0 0 0 46
1519 G 449035 266 250 46 448425 0 0 0 9 39
1520 A 438530 437879 256 111 249 11 0 0 0 24
1521 A 421658 420316 47 192 1075 3 0 0 0 25
1522 G 415070 178 248 831 413732 0 0 0 23 58
1523 A 405779 403019 935 1660 138 10 0 0 0 17
1524 A 409235 407099 1409 495 198 3 0 0 0 31
1525 T 410277 1435 408369 163 232 0 5 0 0 73
1526 C 412426 49 343 411845 147 0 0 7 0 35
1527 A 411246 410612 217 109 285 4 0 0 0 19
1528 A 461009 459799 774 79 305 31 0 0 0 21
1529 A 462449 461608 307 147 351 4 0 0 0 32
1530 G 426494 699 290 132 425309 0 0 0 18 46
1531 T 424330 93 423654 288 158 0 6 0 0 131
1532 T 411977 62 411696 122 66 0 1 0 0 30
1533 G 426009 315 135 90 425403 0 0 0 8 58
1534 A 440591 439912 177 199 266 0 0 0 0 37
1535 A 444567 442773 291 92 1287 6 0 0 0 118
1536 C 447917 766 777 446184 108 0 0 22 0 60
1537 A 405448 404138 638 309 327 0 1 0 0 35
1538 G 533954 554 863 422 532012 0 0 0 83 20
1539 G 551147 740 463 326 549571 0 0 0 16 31
1540 G 574936 536 392 1037 572892 0 0 0 8 71
1541 A 574949 571051 449 177 3176 10 0 0 0 86
1542 A 561760 560278 1000 215 226 6 0 0 0 35
1543 A 620327 617310 538 454 1948 53 0 0 0 24
1544 A 636750 631694 643 1246 3070 35 0 0 0 62
1545 G 694417 1125 1290 572 691343 0 0 0 38 49
1546 A 695087 692959 1291 455 263 12 1 0 0 106
1547 T 691689 2247 687853 92 1419 0 16 0 0 62
1548 A 676111 675584 69 61 354 4 0 0 0 39
1549 G 672303 409 1406 1929 668512 0 0 0 12 35
1550 A 671970 668040 663 269 2857 4 0 0 0 137
1551 T 672646 260 669757 2153 342 0 18 0 0 116
1552 G 650638 1156 741 750 647949 0 0 0 16 26
1553 G 655041 587 1697 655 652042 0 0 0 31 29
1554 A 618596 616771 567 272 774 5 0 0 0 207
1555 G 622573 109 146 304 621927 0 0 0 8 79
1556 T 649866 95 647711 158 29 0 5 0 0 1868
1557 G 650800 547 241 48 649854 0 0 0 7 103
1558 A 671762 667819 331 2858 707 10 0 0 0 37
1559 A 675656 674285 422 639 274 6 0 0 0 30
1560 A 682991 679322 203 2928 481 8 0 0 0 49
1561 T 676765 227 675800 545 79 0 16 0 0 98
1562 T 666615 438 665822 269 47 0 3 0 0 36
1563 G 669533 515 444 143 668361 0 0 0 9 61
1564 G 683366 263 926 124 681987 0 0 0 12 54
1565 A 687713 686304 259 202 889 4 0 0 0 55
1566 A 709685 708773 131 389 322 23 0 0 0 47
1567 T 700384 463 698917 699 142 0 4 0 0 159
1568 C 802216 226 429 800659 758 0 0 94 0 50
1569 A 807824 806467 294 715 292 10 0 0 0 46
1570 A 828415 823583 342 1901 2496 14 0 0 0 79
1571 T 823717 854 819176 2131 1505 0 7 0 0 44
1572 G 803071 936 2297 971 798834 0 0 0 5 28
1573 G 822316 312 434 402 821106 0 0 0 8 54
1574 G 853549 431 429 449 852123 0 0 0 32 85
1575 G 857405 447 432 493 855951 0 0 0 6 76
1576 G 880353 779 988 1102 877355 0 0 0 60 69
1577 T 778453 712 772602 1017 476 0 5 0 0 3641
1578 G 837136 1481 1048 558 833952 0 0 0 53 44
1579 T 822904 595 820304 712 849 0 6 0 0 438
1580 A 838813 835884 1568 150 1121 11 0 0 0 79
1581 T 843086 885 840259 985 868 0 7 0 0 82
1582 C 830735 243 309 828698 1411 0 0 35 0 39
1583 A 789491 787162 239 274 1749 10 0 0 0 57
1584 G 816351 1254 318 259 814451 0 0 0 36 33
1585 A 784937 783697 618 321 179 11 0 0 0 111
1586 T 786247 80 785328 316 367 0 117 0 0 39
1587 T 617123 356 616113 290 325 0 10 0 0 29
1588 C 607745 231 525 606825 115 0 0 28 0 21
1589 T 582743 103 581942 567 81 0 6 0 0 44
1590 G 588335 101 80 183 587927 0 0 0 9 35
1591 G 588296 427 822 105 586897 0 0 0 10 35
1592 C 563747 139 644 562559 273 0 0 11 0 121
1593 G 556932 265 459 1964 554197 0 0 0 6 41
1594 A 612372 611999 65 53 96 14 0 0 0 145
1595 T 614946 34 614634 116 85 0 9 0 0 68
1596 C 778056 173 88 777591 39 0 0 109 0 56
1597 T 774326 66 773276 769 164 0 2 0 0 49
1598 A 888139 886641 226 49 155 82 0 0 0 986
1599 C 895358 151 252 894805 104 0 0 3 0 43
1600 T 895255 107 894559 337 57 0 7 0 0 188
1601 C 910523 162 187 910034 67 0 0 22 0 51
1602 A 882780 882284 64 69 303 4 0 0 0 56
1603 A 941374 940285 128 129 515 42 0 0 0 275
1604 C 933980 88 283 933109 400 0 0 55 0 45
1605 T 867745 413 866468 599 164 0 4 0 0 97
1606 G 882268 909 1440 366 879437 0 0 0 56 60
1607 T 825418 1436 823045 396 67 0 5 0 0 469
1608 C 829300 471 381 826913 1446 0 0 6 0 83
1609 G 860294 646 273 85 859153 0 0 0 12 125
1610 C 862433 104 150 861880 219 0 0 10 0 70
1611 C 878409 134 607 876860 669 0 0 48 0 91
1612 A 820676 819414 502 64 563 5 0 0 0 128
1613 G 847489 432 155 405 846423 0 0 0 28 46
1614 T 845560 165 844446 275 374 0 24 0 0 276
1615 T 822682 366 821927 191 130 0 9 0 0 59
1616 C 835205 156 239 834399 298 0 0 28 0 85
1617 A 785383 783578 519 333 270 1 0 0 0 682
1618 C 792170 977 516 790139 455 0 0 25 0 58
1619 T 775583 124 774475 722 207 0 12 0 0 43
1620 G 780601 888 539 297 778836 0 0 0 9 32
1621 G 827741 1860 364 178 825256 0 0 0 50 33
1622 T 785814 209 781258 1832 293 0 7 0 0 2215
1623 G 797825 1679 662 595 794804 0 0 0 22 63
1624 C 829708 1105 631 826852 977 1 0 45 2 95
1625 T 820540 346 818390 1450 290 0 7 0 0 57
1626 T 824728 1151 821934 286 1309 0 18 0 0 30
1627 T 784698 418 779223 193 4836 0 8 0 0 20
1628 T 787080 93 781293 5075 585 0 7 0 0 27
1629 G 783346 343 561 87 782281 0 0 0 10 64
1630 G 806774 253 503 68 805880 0 0 0 14 56
1631 T 799811 150 798496 360 137 0 4 0 0 664
1632 C 804263 120 257 803646 135 0 0 30 0 75
1633 T 754561 100 752759 825 654 0 5 0 0 218
1634 C 994094 692 307 992698 150 0 0 175 0 72
1635 C 1054019 271 270 1053305 100 0 0 10 0 63
1636 C 1052412 544 789 1050887 114 0 0 12 0 66
1637 T 1043697 400 1041834 1010 372 0 13 0 0 68
1638 G 1040060 2137 1259 203 1036405 0 0 0 17 39
1639 G 1024796 471 422 33 1023821 0 0 0 6 43
1640 G 1078584 160 453 567 1077325 0 0 0 10 69
1641 G 1076037 214 143 55 1075550 0 0 0 17 58
1642 G 1056019 476 209 560 1054527 0 0 1 166 80
1643 C 787530 216 212 786776 222 0 0 14 0 90
1644 A 778734 778166 185 60 233 2 0 0 0 88
1645 A 812756 811908 178 192 388 5 0 0 0 85
1646 T 813247 79 812703 305 54 0 15 0 0 91
1647 C 810696 160 740 809620 101 0 0 11 0 64
1648 A 806016 803830 665 1051 391 7 0 0 0 72
1649 G 895687 652 746 661 893510 0 0 0 73 45
1650 T 887027 174 885021 421 1102 0 3 0 0 306
1651 T 910714 2037 907321 648 631 0 22 0 0 55
1652 T 897883 1699 895431 515 176 0 7 0 0 55
1653 C 902879 2093 1841 898445 420 0 0 14 0 66
1654 T 898795 403 897827 350 129 0 6 0 0 80
1655 G 897912 958 736 114 896023 0 0 0 12 69
1656 G 903376 1093 419 198 901614 0 0 0 9 43
1657 A 896239 894774 516 182 438 39 0 0 0 290
1658 T 848499 260 844332 756 3081 0 1 0 0 69
1659 G 858489 3527 514 492 853885 0 0 0 28 43
1660 T 831258 242 829793 152 241 0 5 0 0 825
1661 G 917079 218 469 137 916136 0 0 0 71 48
1662 T 899314 104 898433 378 74 0 3 0 0 322
1663 T 900579 353 899564 274 342 0 2 0 0 44
1664 C 906844 2441 340 903616 333 0 0 24 0 90
1665 T 894551 239 893342 708 217 0 6 0 0 39
1666 A 894411 893116 828 161 239 5 0 0 0 62
1667 A 887585 887003 181 171 148 9 0 0 0 73
1668 T 876386 132 875113 862 208 0 5 0 0 66
1669 G 869158 213 267 143 868360 0 0 0 121 54
1670 G 743129 191 148 102 742635 0 0 0 22 31
1671 G 741485 219 161 164 740884 0 0 0 20 37
1672 T 730190 318 727916 223 91 0 20 0 0 1622
1673 C 704068 76 192 703667 53 0 0 13 0 67
1674 T 681626 111 680769 458 248 0 3 0 0 37
1675 T 703151 74 701636 932 455 0 13 0 0 41
1676 T 703946 404 703229 151 113 0 7 0 0 42
1677 G 705097 753 167 140 703983 0 0 0 5 49
1678 C 700829 175 383 700058 84 0 0 74 0 55
1679 A 615021 614566 55 45 306 1 0 0 0 48
1680 G 665909 164 76 34 665507 0 0 0 71 57
1681 T 611908 162 611023 134 46 0 10 0 0 533
1682 G 667118 569 217 59 666194 0 0 0 26 53
1683 C 508641 92 324 508113 49 0 0 12 0 51
1684 A 501010 499955 89 703 195 5 0 0 0 63
1685 G 579685 240 186 99 579053 0 0 0 55 52
1686 A 578716 577741 164 79 688 4 0 0 0 40
1687 A 606410 606064 62 80 144 17 0 0 0 43
1688 T 605372 40 605113 123 7 0 29 0 0 60
1689 A 575146 574749 148 38 170 5 0 0 0 36
1690 T 577902 227 577435 118 29 0 16 0 0 77
1691 G 564007 378 112 38 563411 0 0 0 4 64
1692 C 569271 68 250 568842 46 0 0 18 0 47
1693 A 566173 565329 433 50 196 51 0 0 0 114
1694 T 496490 35 496210 140 6 0 4 0 0 95
1695 C 495429 104 66 494753 446 0 0 24 0 36