# nucleotide counts
# upper case indicates nucleotide called by both reads
# lower case indicates nucleotide called by one read with other ambiguous
# N indicates disagreement between reads, or both ambiguous
# POSITION WT COUNTS A T C G a t c g N
1 A 548806 548474 33 14 87 155 1 0 0 42
2 T 551374 50 551095 76 4 0 73 0 0 76
3 G 551548 64 41 11 551281 0 0 0 26 125
4 G 549819 34 21 14 549665 0 0 0 58 27
5 C 528991 46 158 528605 36 1 0 46 0 99
6 G 540901 107 18 11 540655 0 0 0 29 81
7 T 554367 28 554048 122 9 0 28 0 0 132
8 C 557664 31 68 557375 15 0 0 74 0 101
9 C 558746 60 71 558472 13 0 0 73 0 57
10 C 557044 85 91 556698 13 0 0 103 0 54
11 A 554490 554161 37 19 96 105 0 0 0 72
12 A 555450 555128 37 10 131 102 0 0 0 42
13 G 557236 145 52 18 556858 0 0 0 105 58
14 G 565701 68 27 34 565437 0 0 0 61 74
15 C 524347 49 65 524094 15 0 0 54 0 70
16 A 477895 477337 23 22 101 43 0 0 0 369
17 C 464790 25 49 464626 10 0 0 44 0 36
18 C 452405 59 32 452142 16 0 0 104 0 52
19 A 450610 450378 19 16 50 84 0 0 0 63
20 A 448363 448170 12 3 48 37 0 0 0 93
21 A 446787 446550 26 20 63 48 0 0 0 80
22 C 444387 27 100 444140 13 0 0 30 0 77
23 G 409959 48 25 8 409831 0 0 0 25 22
24 G 413038 39 14 12 412864 0 0 0 60 49
25 T 415118 18 414675 63 10 0 58 0 0 294
26 C 431030 35 37 430832 12 0 0 49 0 65
27 T 463855 23 463418 258 5 0 35 0 0 116
28 T 428888 11 428586 195 4 0 35 0 0 57
29 A 431657 431432 21 1 81 95 0 0 1 26
30 T 425627 70 425295 82 10 0 114 0 0 56
31 G 437303 107 30 11 437055 0 0 0 58 42
32 A 453992 453658 39 23 90 67 0 0 0 115
33 A 421412 421159 31 15 61 17 0 0 0 129
34 C 406292 53 75 406070 14 0 0 50 0 30
35 A 365288 365073 24 13 97 41 0 0 0 40
36 G 416605 63 37 14 416361 0 0 0 85 45
37 A 435367 435089 41 4 79 62 0 0 0 92
38 T 437462 71 437166 58 8 0 25 0 0 134
39 G 440793 110 33 14 440556 0 0 0 53 27
40 G 430084 44 24 228 429651 0 0 0 99 38
41 A 432471 432025 173 2 90 130 0 0 0 51
42 A 443405 442932 17 16 228 117 0 0 0 95
43 A 445378 444970 14 163 56 21 0 0 0 154
44 C 477948 151 28 477696 8 0 0 49 0 16
45 T 448325 23 448096 87 18 0 31 0 0 70
46 G 459373 57 36 9 459098 0 0 0 142 31
47 A 456607 456246 30 3 100 154 0 1 1 72
48 T 458678 44 458418 51 22 0 51 0 0 92
49 G 458019 64 57 3 457813 0 0 0 18 64
50 G 464805 51 61 11 464607 0 0 0 26 49
51 G 461865 116 56 21 461559 0 0 0 45 68
52 G 466008 121 18 12 465747 0 0 0 60 50
53 A 449868 449614 25 8 129 13 0 0 0 79
54 A 451655 451397 34 16 75 25 0 0 0 108
55 C 458839 38 105 458651 13 0 0 19 0 13
56 G 455913 163 40 30 455508 1 0 0 32 139
57 C 461624 34 35 461397 20 0 0 102 1 35
58 C 458383 33 61 458130 19 0 0 81 0 59
59 A 455812 455072 36 352 164 133 0 1 1 53
60 G 464994 30 40 8 464776 0 0 0 134 6
61 A 462780 462601 18 5 56 28 0 0 0 72
62 A 472815 472587 29 13 70 31 0 0 0 85
63 T 446264 62 445977 67 12 0 25 0 0 121
64 G 461216 164 31 17 460893 0 0 0 47 64
65 C 468623 38 150 468356 12 0 0 43 0 24
66 A 449608 449332 17 57 111 17 0 0 0 74
67 A 477147 476885 52 8 70 30 0 0 0 102
68 C 472286 36 81 472036 13 0 0 26 0 94
69 T 465901 35 465437 133 61 0 121 0 1 113
70 G 469835 118 26 9 469496 1 0 0 153 32
71 A 439490 439250 36 45 93 37 0 0 0 29
72 G 468349 66 27 5 468162 0 0 0 21 68
73 A 429850 429568 29 3 64 25 0 0 0 161
74 T 473177 24 472844 67 16 0 38 0 0 188
75 C 443062 44 49 442861 37 0 0 49 0 22
76 A 418486 418231 43 5 124 35 0 0 0 48
77 G 433221 55 47 13 433002 0 0 0 67 37
78 A 430844 430450 18 4 95 156 0 0 0 121
79 G 453253 53 32 9 452967 0 0 0 120 72
80 C 442097 37 101 441880 18 0 0 41 0 20
81 A 424213 424023 26 9 71 17 0 0 0 67
82 T 434357 31 434177 62 9 0 8 0 0 70
83 C 435652 36 34 435462 17 0 0 50 0 53
84 C 441114 61 108 440763 17 0 0 47 0 118
85 G 427941 98 19 13 427779 0 0 0 12 20
86 T 434355 21 434101 59 14 0 24 0 0 136
87 C 433304 42 82 433110 12 0 0 30 0 28
88 G 435404 152 43 14 435013 0 0 0 134 48
89 G 437125 65 32 13 436822 0 0 0 150 43
90 G 445381 69 32 3 445187 0 0 0 59 31
91 A 444510 444287 22 4 71 36 0 0 0 90
92 A 442896 442699 35 6 80 8 0 0 0 68
93 G 431908 46 24 8 431732 0 0 0 76 22
94 A 425116 424881 32 2 58 74 0 0 1 68
95 T 418881 30 418627 61 6 0 106 0 0 51
96 G 423907 60 17 6 423633 0 0 0 110 81
97 A 443794 443592 24 6 65 11 0 0 0 96
98 T 443572 48 443348 54 10 0 49 0 0 63
99 T 434131 44 433900 100 10 0 44 0 0 33
100 G 435399 99 30 23 435050 0 0 0 96 101
101 A 432760 432412 36 21 122 94 0 0 0 75
102 T 426213 42 425983 98 21 0 13 0 0 56
103 G 421997 107 29 17 421769 0 0 0 28 47
104 G 430302 47 25 14 430150 0 0 0 47 19
105 A 419818 419443 23 16 95 103 0 0 0 138
106 A 408187 407944 17 6 63 94 0 0 0 63
107 T 410083 28 409984 36 3 0 12 0 0 20
108 T 405534 25 405386 41 8 0 35 0 0 39
109 G 407921 69 29 22 407755 0 0 0 23 23
110 G 402443 53 33 15 402197 0 0 0 46 99
111 A 388594 388182 18 4 130 106 0 0 0 154
112 C 397843 35 82 397593 10 0 0 94 0 29
113 G 353976 66 23 8 353807 1 0 0 38 33
114 A 394580 394408 35 5 53 49 0 0 0 30
115 T 400671 19 400420 82 9 0 20 0 0 121
116 T 368841 21 368641 47 12 0 22 0 0 98
117 C 370102 35 43 369963 12 0 0 21 0 28
118 T 363759 33 363478 160 5 0 55 0 0 28
119 A 373642 373400 29 7 61 55 0 0 0 90
120 C 371822 43 58 371575 61 0 0 21 0 64
121 A 334863 334616 28 33 47 25 0 0 0 114
122 T 341552 68 341308 46 13 0 44 0 0 73
123 C 317184 31 31 317020 4 0 0 70 0 28
124 C 320969 39 52 320783 13 0 0 60 0 22
125 A 319603 319395 20 19 48 84 0 0 0 37
126 A 307192 306934 23 2 37 109 0 0 0 87
127 A 306992 306859 16 3 48 34 0 0 0 32
128 T 294201 20 294045 32 9 0 32 0 0 63
129 G 363389 53 26 11 363220 0 0 0 48 31
130 T 347824 36 347527 77 11 0 32 0 0 141
131 G 349599 61 20 13 349447 0 0 0 17 41
132 C 349180 24 89 348990 13 0 0 27 0 37
133 A 344582 344248 37 8 50 35 0 0 0 204
134 C 341948 14 37 341838 4 0 0 25 0 30
135 T 330228 29 330072 67 4 0 14 0 0 42
136 G 363431 42 29 18 363300 0 0 0 22 20
137 A 381506 381289 15 19 64 86 0 0 0 33
138 A 398550 398194 24 19 60 109 0 1 0 143
139 C 423758 33 42 423616 7 0 0 28 0 32
140 T 423964 29 423749 96 8 0 9 0 0 73
141 T 422862 48 422597 161 2 0 16 0 0 38
142 A 426375 426224 38 4 48 25 0 0 0 36
143 A 426230 425890 17 4 49 182 0 0 0 88
144 A 449921 449538 19 25 48 157 0 0 0 134
145 C 447347 32 39 447154 9 0 0 32 0 81
146 T 418565 27 418371 74 5 0 20 0 0 68
147 C 427758 39 70 427483 7 0 0 108 0 51
148 A 417537 417199 11 7 104 105 0 0 0 111
149 G 446843 38 19 10 446714 0 0 0 42 20
150 T 444329 40 443903 114 14 0 14 0 0 244
151 G 483949 59 35 11 483652 0 0 0 36 156
152 A 499197 498890 32 3 114 71 0 0 0 87
153 T 474348 34 474072 76 6 0 86 1 0 73
154 T 494968 23 494719 85 4 0 92 0 0 45
155 A 496692 496418 56 3 82 78 0 0 0 55
156 T 503260 73 502945 88 21 0 51 0 0 82
157 G 504403 86 57 16 504166 0 0 0 51 27
158 A 480631 480273 31 9 149 80 0 0 0 89
159 G 483005 1007 84 6 481754 0 0 0 120 34
160 G 448045 53 91 955 446845 0 0 0 60 41
161 G 436595 70 26 813 435582 0 0 0 26 78
162 G 435621 82 23 304 435156 0 0 0 23 33
163 C 403522 39 134 403201 41 0 0 25 0 82
164 G 407843 97 40 15 407589 0 0 0 45 57
165 A 407756 407324 41 14 46 47 1 1 0 282
166 C 408720 14 52 408581 11 0 0 25 0 37
167 T 406265 23 406089 106 6 0 15 0 0 26
168 G 400465 54 25 16 400325 0 0 0 27 18
169 A 439189 438942 37 3 52 113 0 0 0 42
170 T 422555 35 422158 60 3 0 134 0 0 165
171 C 414675 43 39 414433 10 0 0 85 0 65
172 C 414324 42 58 414128 15 0 0 67 0 14
173 A 399711 399489 33 1 86 60 0 0 0 42
174 G 402525 73 21 4 402403 0 0 0 13 11
175 A 382561 382368 26 3 53 21 0 0 0 90
176 A 383032 382787 21 20 66 28 0 0 0 110
177 C 384485 22 51 384312 12 0 0 57 0 31
178 A 301372 301210 2 12 43 44 0 0 0 61
179 G 307852 37 32 7 307719 0 0 0 35 22
180 C 304565 23 12 304432 13 0 0 26 0 59
181 T 303486 11 303290 57 9 0 32 0 0 87
182 T 306515 34 306301 106 3 0 57 0 0 14
183 A 301968 301772 21 8 63 63 0 0 0 41
184 A 320337 320120 37 22 56 64 0 0 0 38
185 C 333198 35 32 332923 60 0 0 94 0 54
186 A 314444 314207 34 8 78 44 0 0 0 73
187 A 320383 320239 26 9 43 36 0 0 0 30
188 T 291664 37 291500 62 8 0 32 0 0 25
189 A 302299 302144 21 3 81 17 0 0 0 33
190 G 306029 27 23 7 305892 0 0 0 18 62
191 A 311233 311055 20 5 64 19 0 0 0 70
192 G 314670 44 19 8 314532 0 0 0 29 38
193 A 290424 290291 16 14 47 17 0 0 0 39
194 G 303927 36 15 9 303799 0 0 0 33 35
195 A 306261 306056 21 3 70 26 0 0 0 85
196 A 313226 313065 19 9 46 27 0 0 0 60
197 T 315393 32 315175 46 13 0 25 0 0 102
198 G 306248 55 35 9 306054 0 0 0 52 43
199 G 309848 45 25 12 309615 0 0 0 110 41
200 T 289307 34 288769 43 28 0 91 0 0 342
201 G 313860 82 25 14 313669 0 0 0 33 37
202 C 313350 17 19 313149 19 0 0 101 1 44
203 T 314317 11 314049 60 8 0 90 0 0 99
204 C 321220 30 31 321100 7 0 0 19 0 33
205 T 321347 22 321160 76 2 0 28 0 0 59
206 C 351623 28 25 351470 6 0 0 30 0 64
207 T 349578 23 349371 91 2 0 37 0 0 54
208 G 354674 132 36 13 354429 0 0 0 29 35
209 C 355065 39 36 354922 21 0 0 12 0 35
210 T 346646 10 346439 100 14 0 21 0 0 62
211 T 356343 31 356195 51 8 0 20 0 0 38
212 T 349789 11 349654 39 21 0 49 0 0 15
213 T 337921 36 337723 53 32 0 39 0 0 38
214 G 340995 68 22 7 340867 0 0 0 10 21
215 A 337176 336914 18 23 96 59 0 0 0 66
216 C 347030 18 148 346739 20 0 0 67 0 38
217 G 336645 105 29 12 336422 0 0 0 54 23
218 A 314568 314397 23 5 48 62 0 0 0 33
219 A 315407 315306 12 3 51 22 0 0 0 13
220 A 316884 316663 18 7 75 63 0 0 0 58
221 G 319610 49 16 4 319409 0 0 0 63 69
222 A 325208 325074 21 4 43 31 0 0 0 35
223 A 325361 325157 8 24 68 37 0 0 0 67
224 G 337704 38 36 8 337560 0 0 0 38 24
225 G 372245 71 28 11 372025 0 0 0 63 47
226 A 365494 365244 24 3 76 33 0 0 0 114
227 A 378328 378075 27 4 84 62 0 0 0 76
228 T 360731 36 360420 132 4 0 66 0 0 73
229 A 358466 358290 27 3 47 58 0 0 0 41
230 A 359026 358825 19 5 68 70 0 0 0 39
231 A 354622 354444 24 5 39 50 0 0 0 60
232 T 356576 29 356327 57 1 0 59 0 0 103
233 A 326803 326637 23 5 29 67 0 0 0 42
234 T 291653 11 291521 30 0 0 20 0 0 71
235 C 297667 30 22 297557 10 0 0 30 0 18
236 T 278765 24 278585 79 6 0 35 0 0 36
237 G 280549 67 21 7 280341 0 0 0 60 53
238 G 272539 36 21 7 272405 0 0 0 43 27
239 A 269107 268984 20 1 45 16 0 0 0 41
240 A 256283 256168 8 6 48 10 0 0 0 43
241 G 267201 34 17 5 267074 0 0 0 53 18
242 A 261025 260870 13 1 29 47 0 0 0 65
243 A 294501 294351 24 7 46 9 0 0 0 64
244 C 296749 27 38 296616 13 0 0 13 0 42
245 A 281748 281639 10 11 36 11 0 0 0 41
246 T 388954 43 388741 77 5 0 34 0 0 54
247 C 382606 39 57 382419 10 0 0 16 0 65
248 C 401935 35 37 401754 17 0 0 9 0 83
249 C 402836 57 52 402655 16 0 0 17 0 39
250 A 385283 385059 11 20 92 26 0 0 0 75
251 G 417701 59 20 17 417538 0 0 0 29 38
252 C 413509 40 97 413235 31 0 0 21 0 85
253 G 408432 174 31 42 408114 0 0 0 6 65
254 C 413382 30 55 413201 45 0 0 11 0 40
255 G 412943 104 58 43 412658 0 0 0 42 38
256 G 445887 80 52 10 445671 0 0 0 45 29
257 G 440130 52 50 19 439798 0 0 0 143 68
258 G 456599 70 27 10 456191 0 0 0 223 78
259 A 458108 457781 23 4 136 75 0 0 0 89
260 A 455445 455091 21 9 98 178 0 0 0 48
261 G 466253 72 92 12 465866 0 0 0 187 24
262 G 472068 65 30 11 471875 0 0 0 63 24
263 A 471039 470725 42 1 71 55 0 0 0 145
264 T 470170 50 469893 111 4 0 30 0 0 82
265 C 452097 33 37 451931 4 0 0 44 0 48
266 C 445992 54 43 445778 35 0 0 56 0 26
267 T 433520 36 433158 232 7 0 38 0 0 49
268 A 433557 433296 9 7 65 23 0 0 0 157
269 A 433679 433507 9 24 71 20 0 0 0 48
270 G 433034 53 24 9 432881 0 0 0 32 35
271 A 417925 417785 14 1 56 33 0 0 0 36
272 A 410382 410230 13 4 52 22 0 0 0 61
273 A 402502 402397 9 1 52 11 0 0 0 32
274 A 379362 379137 19 31 37 73 0 0 0 65
275 C 382689 22 21 382498 11 0 0 81 0 56
276 T 368180 9 368019 69 16 0 42 0 0 25
277 G 366012 32 35 13 365858 0 0 0 37 37
278 G 364207 30 28 9 364102 0 0 0 20 18
279 A 360369 360020 22 7 117 97 0 0 0 106
280 G 355441 48 32 9 355238 0 0 0 96 18
281 G 351734 33 13 7 351639 0 0 0 6 36
282 A 340719 340289 26 16 62 7 0 0 0 319
283 C 364397 13 37 364293 9 0 0 32 0 13
284 C 356789 35 26 356604 6 0 0 55 0 63
285 C 355480 43 44 355269 18 0 0 57 0 49
286 A 388470 388322 29 13 47 26 0 0 0 33
287 T 379205 43 378928 45 5 0 19 0 0 165
288 A 444653 444425 31 8 53 29 0 0 0 107
289 T 442908 28 442605 77 4 0 73 0 0 121
290 A 391915 391576 40 7 50 98 0 0 0 144
291 C 397877 35 32 397706 14 0 0 70 0 20
292 A 342612 342416 26 6 63 35 0 0 0 66
293 A 343154 342928 25 17 73 15 0 0 0 96
294 G 338103 60 27 3 337866 0 0 0 96 51
295 A 259261 259050 16 8 50 58 0 0 0 79
296 G 262707 37 14 8 262572 0 0 0 53 23
297 A 246200 246052 17 2 50 39 0 0 0 40
298 G 251109 35 10 8 250994 0 0 0 16 46
299 T 257319 28 256769 35 6 0 25 0 0 456
300 A 268325 268162 11 6 72 35 0 0 0 39
301 G 286870 43 23 9 286730 0 0 0 45 20
302 A 284696 284470 23 4 45 98 0 0 0 56
303 T 303516 40 303282 50 9 0 100 0 0 35
304 A 300899 300789 14 2 57 7 0 0 0 30
305 G 303774 51 10 6 303674 0 0 0 15 18
306 A 303177 303054 14 0 66 22 0 0 0 21
307 A 302580 302472 16 0 41 15 0 0 0 36
308 A 302101 301969 1 2 60 13 0 0 0 56
309 G 311876 62 6 6 311758 0 0 0 28 16
310 T 313472 25 313188 28 6 0 16 0 0 209
311 G 318691 44 33 15 318556 0 0 0 22 21
312 G 319088 31 22 11 318970 0 0 0 2 52
313 A 319091 318946 20 2 55 14 0 0 0 54
314 T 322313 22 322128 42 7 0 73 0 0 41
315 G 333627 52 25 7 333447 0 0 0 68 28
316 A 336421 336182 31 6 84 72 0 0 0 46
317 G 337501 41 54 10 337255 0 0 0 103 38
318 G 335744 43 34 14 335556 0 0 0 50 47
319 G 336977 168 16 14 336604 0 0 0 125 50
320 A 339044 338817 14 2 46 117 0 0 0 48
321 A 340488 340190 13 8 44 37 0 0 0 196
322 C 341866 32 42 341708 5 0 0 40 0 39
323 T 339417 23 339246 62 6 0 13 0 0 67
324 C 334027 22 66 333843 5 0 0 44 0 47
325 G 326915 65 13 9 326755 0 0 0 31 42
326 T 339149 15 338933 60 6 0 22 0 0 113
327 C 364244 23 31 364112 10 0 0 27 0 41
328 C 381763 42 32 381600 6 0 0 49 0 34
329 T 394673 18 394418 82 4 0 37 0 0 114
330 T 393803 36 393633 42 4 0 44 0 0 44
331 T 384182 28 383980 99 4 0 24 0 0 47
332 A 354844 354660 48 7 60 31 0 0 0 38
333 T 351969 35 351808 53 22 0 13 0 0 38
334 G 354393 140 26 6 354135 0 0 0 49 37
335 A 310107 309841 29 15 58 54 0 0 0 110
336 C 314714 28 44 314545 16 0 0 27 0 54
337 A 278883 278775 11 20 29 10 0 0 0 38
338 A 282628 282526 22 2 35 27 0 0 0 16
339 A 286979 286740 14 7 140 37 0 0 0 41
340 G 324666 52 21 7 324458 0 0 0 76 52
341 A 337082 336839 15 3 61 109 0 0 0 55
342 A 333169 332947 11 3 73 85 0 0 0 50
343 G 373983 54 20 6 373738 2 0 0 107 56
344 A 397411 397141 29 2 81 118 0 0 0 40
345 A 398875 398699 15 3 60 45 0 0 0 53
346 A 399675 399489 22 4 58 23 0 0 0 79
347 T 395369 30 395075 69 4 0 38 0 0 153
348 A 391650 391499 14 4 85 25 0 0 0 23
349 A 392510 392289 23 14 75 44 0 0 0 65
350 G 393483 49 42 8 393291 0 0 0 45 48
351 G 393474 48 18 11 393269 0 0 0 43 85
352 C 381290 38 57 381012 23 0 0 41 0 119
353 G 379242 74 28 11 379012 0 0 0 49 68
354 A 392008 391842 20 3 48 31 0 0 0 64
355 A 407025 406844 14 7 52 40 0 0 0 68
356 T 405393 29 405151 40 5 0 39 0 0 129
357 C 405363 33 30 405201 8 0 0 52 0 39
358 T 395619 33 395349 81 12 0 84 0 0 60
359 G 402809 55 24 9 402635 0 0 0 59 27
360 G 389636 37 19 6 389530 0 0 0 24 20
361 C 395148 38 121 394799 19 0 0 82 0 89
362 G 395239 106 27 17 394916 0 0 0 73 100
363 C 392115 24 24 391996 5 0 0 33 0 33
364 C 380510 19 43 380163 12 0 0 33 0 240
365 A 379877 379716 12 7 63 6 0 0 0 73
366 A 395423 395236 14 13 65 32 0 0 0 63
367 G 442059 98 26 15 441814 0 0 0 31 75
368 C 439432 28 72 439191 21 0 0 48 0 72
369 C 462297 49 53 462043 12 0 0 91 0 49
370 A 462831 462594 15 12 73 41 0 0 0 96
371 A 468678 468482 38 5 51 28 0 0 0 74
372 T 478014 62 477787 82 4 0 29 0 0 50
373 A 471785 471418 29 3 85 151 0 0 0 99
374 A 474498 474166 30 9 66 131 0 0 0 96
375 T 452742 31 452513 54 7 0 56 0 0 81
376 G 427982 47 40 10 427729 0 0 0 102 54
377 G 388018 48 11 5 387799 0 0 0 117 38
378 T 359812 22 359351 61 16 0 50 0 0 312
379 G 361712 110 18 10 361483 0 0 0 40 51
380 A 359163 358950 25 5 77 56 0 0 0 50
381 T 359038 30 358833 48 8 0 22 0 0 97
382 G 355589 71 24 10 355414 0 0 0 20 50
383 A 357756 357555 32 4 62 56 0 0 0 47
384 T 364697 31 364497 58 7 0 51 0 0 53
385 G 360749 95 22 14 360476 0 0 0 38 104
386 C 356287 21 57 356129 13 0 0 40 0 27
387 A 352623 352467 12 6 69 23 0 0 0 46
388 A 348007 347835 18 5 51 54 0 0 0 44
389 C 332223 25 34 332079 11 0 0 53 0 21
390 A 323734 323596 12 6 40 15 0 0 0 65
391 G 325127 26 11 12 325011 0 0 0 20 47
392 C 314027 16 22 313938 7 0 0 22 0 22
393 T 301368 16 301176 57 43 0 19 0 0 57
394 G 356312 102 24 11 356118 0 0 0 40 17
395 G 365393 39 113 9 365113 0 0 0 30 89
396 T 365863 127 365467 46 4 0 6 0 0 213
397 C 396464 224 49 396128 13 0 0 16 0 34
398 T 383966 15 383782 102 8 0 41 0 0 18
399 G 444426 86 37 351 443850 0 0 0 73 29
400 A 445874 445480 33 5 89 94 0 0 0 173
401 C 471551 27 35 471235 17 0 0 81 0 156
402 T 481251 49 480898 107 14 0 82 0 0 101
403 C 478714 47 52 478456 9 0 0 114 0 36
404 A 474640 474358 30 14 91 39 0 0 0 108
405 C 508885 37 65 508652 17 0 0 61 0 53
406 A 508766 508375 30 15 100 79 0 0 0 167
407 T 522766 37 522422 88 16 0 95 0 0 108
408 G 497250 86 45 10 496944 0 0 0 124 41
409 A 514677 514353 30 4 98 140 0 0 0 52
410 T 499006 42 498767 80 7 0 23 0 0 87
411 G 503127 85 22 17 502847 0 0 0 82 74
412 A 492835 492581 36 5 54 67 0 0 0 92
413 T 489004 34 488724 57 9 0 110 0 0 70
414 C 450114 45 33 449880 15 0 0 110 0 31
415 T 444936 30 444625 143 20 0 41 0 0 77
416 G 430918 63 25 15 430679 0 0 0 61 75
417 G 434062 68 32 21 433815 0 0 0 100 26
418 C 425716 35 66 425412 30 0 0 79 0 94
419 A 423193 422986 25 8 64 44 0 0 0 66
420 T 417131 11 416990 57 8 0 10 0 0 55
421 T 413932 25 413713 91 7 0 23 0 0 73
422 C 414479 30 41 414296 24 0 0 76 0 12
423 C 412954 54 54 412720 14 0 0 81 0 31
424 A 411967 411793 15 5 80 46 0 0 0 28
425 A 409074 408929 22 4 48 15 0 0 0 56
426 T 404720 13 404633 38 3 0 9 0 0 24
427 T 404121 12 403959 51 1 0 71 0 0 27
428 T 400301 19 400066 61 9 0 100 0 0 46
429 G 402069 64 20 16 401904 0 0 0 39 26
430 A 390246 390027 25 4 80 11 0 0 0 99
431 A 389780 389629 19 5 44 17 0 0 0 66
432 T 392818 38 392616 49 9 0 82 0 0 24
433 G 364542 37 28 8 364296 0 0 0 65 108
434 A 396214 396005 29 5 57 79 0 1 0 38
435 T 393437 23 393168 54 4 0 56 0 0 132
436 A 393758 393447 33 6 98 61 0 0 0 113
437 C 424728 42 54 424518 15 0 0 83 0 16
438 A 407177 406859 19 25 85 99 0 0 0 90
439 A 483474 483146 41 12 59 103 0 0 0 113
440 C 490271 35 46 490053 16 0 0 16 0 105
441 A 495559 495268 24 23 49 26 0 0 0 169
442 T 509220 29 508985 79 4 0 80 0 0 43
443 A 429693 429316 37 9 55 63 0 0 0 213
444 C 442937 31 40 442705 20 0 0 32 0 109
445 C 445419 40 55 445175 15 0 0 51 0 83
446 A 444661 444241 32 22 132 50 0 0 0 184
447 G 459586 71 29 8 459344 0 0 0 121 13
448 A 415255 415043 14 10 78 61 0 0 0 49
449 G 455096 72 35 14 454905 0 0 0 26 44
450 G 450178 68 14 10 450020 0 0 0 28 38
451 A 457261 456906 52 3 89 26 0 0 0 185
452 C 463713 21 54 463512 17 0 0 90 0 19
453 A 457859 457529 35 11 88 149 0 0 0 47
454 A 470030 469690 33 9 107 88 0 0 0 103
455 G 485209 64 40 13 484982 0 0 0 53 57
456 A 504032 503741 14 7 91 36 0 0 1 142
457 G 521242 62 44 16 521063 0 0 0 28 29
458 C 544616 36 35 544421 18 0 0 42 0 64
459 T 544212 18 543981 85 2 0 26 0 0 100
460 C 550437 51 37 550206 9 0 0 60 0 74
461 T 549070 43 548772 90 8 0 55 0 0 102
462 T 556521 35 556310 79 4 0 32 0 0 61
463 G 561084 65 24 8 560861 0 0 0 58 68
464 T 569362 43 569057 71 14 0 35 0 0 142
465 T 568293 40 568017 56 15 0 59 0 0 106
466 C 573141 43 121 572841 26 0 0 72 0 38
467 G 571083 194 29 28 570676 0 0 0 108 48
468 C 584337 48 90 583965 22 1 0 159 0 52
469 A 579121 578530 34 10 90 64 0 0 0 393
470 C 581824 35 86 581492 14 0 0 120 0 77
471 C 578563 67 138 578181 29 0 0 120 0 28
472 G 590299 209 35 10 589888 0 0 0 119 38
473 G 594750 162 38 32 594308 0 0 0 100 110
474 C 626138 55 80 625858 19 0 0 19 0 107
475 A 630548 630174 42 10 120 48 0 0 0 154
476 T 675926 32 675602 102 14 0 77 0 0 99
477 G 676377 116 79 14 676060 0 0 0 46 62
478 G 710028 92 32 19 709740 0 0 0 78 67
479 A 746431 746005 44 5 123 44 0 0 0 210
480 T 761643 78 761025 151 15 0 104 0 0 270
481 C 708056 58 76 707727 30 0 0 104 0 61
482 C 676782 87 63 676501 23 0 0 60 0 48
483 C 628736 109 104 628362 25 0 0 87 0 49
484 A 639063 638674 17 21 209 29 0 0 0 113
485 G 672753 93 62 18 672430 0 0 0 48 102
486 G 647251 90 31 23 646959 0 0 0 66 82
487 A 620218 619889 55 8 95 21 0 0 0 150
488 T 548648 33 548327 54 18 0 135 0 0 81
489 G 560145 105 42 19 559792 0 0 0 153 34
490 T 544181 60 543594 88 14 0 194 0 0 231
491 G 546009 181 38 15 545443 0 0 0 267 65
492 C 550248 48 73 549927 18 0 0 87 0 95
493 T 534763 19 534455 119 17 0 42 0 0 111
494 C 548887 41 34 548695 12 0 0 50 0 55
495 T 530216 25 530016 70 10 0 32 0 0 63
496 C 536124 123 34 535805 13 0 0 55 0 94
497 T 535159 53 534864 135 13 0 32 0 0 62
498 G 510636 50 36 18 510392 0 0 0 21 119
499 A 512233 511972 38 5 77 83 0 0 0 58
500 T 504774 37 504511 85 9 0 78 0 0 54
501 G 500076 136 28 14 499826 0 0 0 36 36
502 C 502031 42 112 501765 19 0 0 41 0 52
503 A 478146 477868 22 11 155 15 0 0 0 75
504 G 481944 38 48 9 481798 0 0 0 35 16
505 G 462271 47 25 6 462066 0 0 0 81 46
506 G 479868 46 25 10 479608 0 0 0 132 47
507 T 465227 27 464440 64 9 0 59 0 0 628
508 T 467855 34 467713 54 4 0 15 0 0 35
509 C 467754 41 134 467527 21 0 0 16 0 15
510 G 467939 131 49 17 467609 0 0 0 22 111
511 A 472091 471299 38 6 96 61 0 0 0 591
512 C 468021 21 35 467760 6 0 0 128 0 71
513 T 458135 18 457826 83 7 0 105 1 0 95
514 C 505314 44 44 505090 11 0 0 111 0 14
515 T 518276 39 517846 166 6 0 49 0 0 170
516 C 644440 36 128 644080 20 0 0 99 0 77
517 C 631721 59 61 631453 16 0 0 40 0 92
518 C 630616 85 73 630257 14 0 0 61 0 126
519 T 626765 71 626455 113 5 0 77 0 0 44
520 A 685464 685004 37 16 151 167 0 0 0 89
521 G 644816 47 54 17 644453 0 0 0 127 118
522 G 624446 104 39 9 624063 0 0 0 128 103
523 A 573986 573454 33 6 148 86 0 0 0 259
524 G 577546 54 29 6 577346 0 0 0 87 24
525 G 550391 74 15 7 550195 0 0 0 68 32
526 T 544188 28 543557 79 11 0 27 0 0 486
527 C 537832 34 40 537645 16 0 0 49 0 48
528 T 552889 41 552253 280 19 0 65 0 0 231
529 G 553622 73 80 15 553270 0 0 0 153 31
530 G 555642 68 32 8 555322 0 0 0 158 54
531 A 554499 554207 26 7 122 29 0 0 0 108
532 G 565358 70 34 14 565176 0 0 0 23 41
533 C 560159 39 62 559990 13 0 0 17 0 38
534 T 549144 5 548821 131 8 0 125 0 0 54
535 G 550250 208 50 18 549803 0 0 0 127 44
536 C 554929 45 105 554702 22 0 0 10 0 45
537 A 556846 556293 72 29 301 44 0 0 0 107
538 G 574008 75 49 15 573775 0 0 0 48 46
539 G 583883 59 34 9 583692 0 0 0 64 25
540 C 580680 55 115 580289 28 0 0 91 0 102
541 G 574945 156 40 19 574655 0 0 0 39 36
542 C 579983 30 57 579625 10 0 0 64 0 197
543 T 570763 24 570429 171 9 0 71 0 0 59
544 G 589523 224 32 18 589161 0 0 0 37 51
545 C 579753 60 252 579336 26 0 0 30 0 49
546 A 607694 607388 38 16 164 25 0 0 0 63
547 G 623127 74 33 10 622723 0 0 0 135 152
548 T 629163 38 628683 82 36 0 166 0 0 158
549 C 636874 58 107 636334 10 1 1 301 0 62
550 A 632328 631781 37 35 92 302 0 0 0 81
551 A 627059 626757 38 9 72 47 0 0 0 136
552 A 627193 626590 40 43 370 81 0 0 0 69
553 G 605815 83 48 7 605541 0 0 0 90 46
554 G 621730 101 34 14 621467 0 0 0 63 51
555 A 559290 558941 43 9 167 28 0 0 0 102
556 G 550359 80 32 9 549974 0 0 0 25 239
557 T 538720 41 538333 73 14 0 53 0 0 206
558 T 522412 34 522061 69 27 0 143 0 0 78
559 G 530188 78 76 16 529854 0 0 0 120 44
560 G 529442 75 43 22 529226 0 0 0 22 54
561 G 531970 143 35 26 531567 0 0 0 16 183
562 A 520403 519965 54 21 114 44 0 0 0 205
563 C 461647 39 61 461409 32 0 0 86 0 20
564 A 410537 410333 30 12 80 37 0 0 0 45
565 A 327265 327108 22 11 57 36 0 0 0 31
566 T 329187 26 329020 46 8 0 33 0 0 54
567 G 338399 54 27 7 338225 0 0 0 30 56
568 G 343679 42 19 9 343538 0 0 0 54 17
569 T 316061 32 315498 61 11 0 21 0 0 438
570 G 316122 53 22 4 315967 0 0 0 14 62
571 A 312914 312801 30 2 38 13 0 0 0 30
572 T 313536 21 313380 33 4 0 21 0 0 77
573 G 307183 38 28 6 307052 0 0 0 33 26
574 G 277684 30 26 9 277537 0 0 0 38 44
575 A 338761 338509 26 3 102 25 0 0 0 96
576 G 354274 64 17 7 354135 0 0 0 31 20
577 T 347357 19 347115 45 9 0 35 0 0 134
578 T 391468 24 391301 48 12 0 50 0 0 33
579 G 415180 70 33 11 414895 0 0 0 83 88
580 A 417855 417507 28 3 62 116 0 0 0 139
581 T 406078 17 405868 61 4 0 73 0 0 55
582 A 403131 402950 13 3 66 76 0 0 0 23
583 A 395128 394944 18 14 92 28 0 0 0 32
584 G 415692 45 46 8 415510 0 0 0 30 53
585 G 442424 67 28 12 442186 0 0 0 14 117
586 A 444831 444552 27 3 76 41 0 0 0 132
587 T 409613 35 409432 35 8 0 65 0 0 38
588 G 420474 48 31 9 420285 0 0 0 75 26
589 A 423374 422938 45 1 83 214 0 0 0 93
590 T 424660 44 424207 74 5 0 208 0 0 122
591 C 421707 45 48 421475 20 0 0 11 0 108
592 A 418821 418680 7 14 68 33 0 0 0 19
593 A 405937 405781 7 7 51 68 0 0 0 23
594 A 407312 407076 21 34 45 58 0 0 0 78
595 C 397786 31 38 397636 16 0 0 10 0 55
596 G 389899 67 23 14 389732 0 0 0 19 44
597 T 377346 19 377036 43 17 1 22 0 0 208
598 G 372137 64 36 17 371963 0 0 0 42 15
599 G 376403 53 34 16 376176 0 0 0 106 18
600 G 389184 64 47 14 388911 0 0 0 91 57
601 A 390710 390500 30 1 71 51 0 0 0 57
602 T 391614 31 391451 57 2 0 27 0 0 46
603 C 383589 37 52 383448 9 0 0 18 0 25
604 A 379030 378861 16 4 93 11 0 0 0 45
605 A 379022 378897 25 2 43 7 0 0 0 48
606 T 378071 32 377946 42 13 0 6 0 0 32
607 G 384930 38 23 3 384782 0 0 0 42 42
608 A 379052 378858 29 2 57 39 0 0 0 67
609 T 352614 34 352464 32 1 0 44 0 0 39
610 C 367619 31 71 367420 10 0 0 40 0 47
611 G 366407 104 36 9 366012 0 0 0 69 177
612 G 402309 77 22 17 402066 0 0 0 112 15
613 A 403096 402914 13 5 72 54 0 0 0 38
614 A 390688 390437 17 5 88 29 0 0 0 112
615 C 481955 35 44 481751 12 0 0 84 0 29
616 T 471840 32 471516 77 13 0 51 0 0 151
617 T 462179 20 461929 63 9 0 84 0 0 74
618 C 469971 39 45 469794 9 0 0 59 0 25
619 T 472234 38 471901 153 13 0 53 0 0 76
620 G 474122 92 52 16 473921 0 0 0 12 29
621 G 480263 71 30 17 480007 0 0 0 38 100
622 A 473653 473199 26 4 158 53 0 0 0 213
623 G 454847 40 32 11 454667 0 0 0 78 19
624 A 372765 372441 25 15 130 62 0 0 0 92
625 G 396898 41 32 10 396718 0 0 0 71 26
626 G 421961 53 15 6 421668 0 0 0 135 84
627 T 400927 25 399260 79 26 0 131 0 0 1406
628 G 396144 49 41 6 395973 0 0 0 47 28
629 A 395066 394871 33 2 78 53 0 0 0 29
630 A 399740 399593 23 10 68 16 0 0 0 30
631 A 403647 403513 6 8 57 29 0 0 0 34
632 A 400477 400236 44 7 43 57 0 0 0 90
633 T 387742 22 387562 39 16 0 69 0 0 34
634 G 369332 59 28 13 369138 0 0 0 28 66
635 G 368319 46 17 10 368207 0 0 0 31 8
636 A 368557 368325 17 7 107 37 0 0 0 64
637 C 360105 33 101 359885 11 0 0 14 0 61
638 G 358125 69 15 11 357943 0 0 0 38 49
639 A 358042 357883 15 2 83 40 0 0 0 19
640 A 360916 360780 9 4 39 60 0 0 0 24
641 A 361765 361525 3 1 49 66 0 0 0 121
642 A 353609 353509 4 15 44 17 0 0 0 20
643 A 351173 350962 29 70 41 11 0 0 0 60
644 C 344035 37 26 343915 12 0 0 18 0 27
645 A 342855 342700 12 5 79 43 0 0 0 16
646 A 340671 340458 10 8 73 47 0 0 0 75
647 G 347115 56 35 7 346990 0 0 0 13 14
648 G 328789 59 21 6 328406 0 0 1 175 121
649 A 314247 313946 14 5 77 163 0 0 0 42
650 G 318502 49 6 4 318382 0 0 0 31 30
651 T 303581 22 302961 54 12 0 13 0 0 519
652 G 315074 57 29 10 314890 0 0 0 22 66
653 C 311736 17 34 311591 18 0 0 9 0 67
654 T 307067 14 306921 58 6 0 17 0 0 51
655 T 330866 13 330759 54 4 0 4 0 0 32
656 A 314289 314116 21 13 48 38 0 0 0 53
657 C 349041 31 85 348831 15 0 0 26 0 53
658 G 348787 74 29 6 348519 0 0 1 94 64
659 A 313767 313538 23 9 50 68 0 0 0 79
660 G 348199 44 27 10 348034 0 0 0 37 47
661 A 284385 284246 16 5 47 38 0 0 0 33
662 G 292802 39 15 12 292622 0 0 0 43 71
663 A 286420 286293 16 5 63 6 0 0 0 37
664 A 242007 241871 15 1 43 18 0 0 0 59
665 T 244730 35 244616 33 5 0 16 0 0 25
666 G 253905 40 22 4 253794 0 0 0 16 29
667 T 304150 46 303884 61 17 0 7 0 0 135
668 G 321379 72 28 19 321195 0 0 0 14 51
669 C 323534 22 82 323308 23 0 0 48 0 51
670 A 319816 319647 16 11 47 57 0 0 0 38
671 A 326762 326535 27 4 34 74 0 0 0 88
672 C 352926 23 38 352740 7 0 0 82 0 36
673 A 351392 351233 19 8 46 25 0 0 0 61
674 T 342097 17 341869 72 11 0 89 0 0 39
675 T 342193 17 341964 54 6 0 115 1 0 36
676 C 348512 26 26 348329 10 0 0 51 0 70
677 T 348133 32 347929 97 2 0 22 0 0 51
678 C 363930 28 49 363704 5 0 0 12 0 132
679 A 362363 362205 24 17 64 14 0 0 0 39
680 A 363404 363301 22 1 39 14 0 0 0 27
681 A 363158 362939 6 12 88 96 0 0 0 17
682 G 372116 52 28 9 371879 0 0 0 112 36
683 G 383436 38 8 8 383257 0 0 0 72 53
684 A 381424 381202 32 2 105 63 0 0 0 20
685 A 380595 380432 12 3 46 86 0 0 0 16
686 A 380959 380749 11 1 57 120 0 0 0 21
687 A 400786 400581 43 4 44 82 0 0 0 32
688 T 401819 33 401620 63 5 0 31 0 0 67
689 T 395223 9 395094 45 1 0 21 0 0 53
690 T 394313 27 394147 63 7 0 28 0 0 41
691 C 378016 43 43 377859 16 0 0 35 0 20
692 A 376696 376499 13 6 116 37 0 0 0 25
693 A 376662 376494 15 5 49 29 0 0 0 70
694 A 377058 376848 15 19 63 27 0 0 0 86
695 C 390812 31 30 390680 3 0 0 50 0 18
696 A 370873 370696 8 9 49 28 0 0 0 83
697 G 381014 36 23 6 380806 0 0 0 102 41
698 C 385280 29 33 385086 8 0 0 85 0 39
699 T 346288 21 346063 74 7 0 68 0 0 55
700 G 366376 130 28 23 366107 0 0 0 58 30
701 C 303694 31 43 303523 23 0 0 27 0 47
702 A 305213 304953 28 13 73 22 0 0 0 124
703 C 299817 35 37 299663 8 0 0 19 1 54
704 A 299739 299559 12 13 61 37 0 0 0 57
705 A 298451 298324 18 2 39 39 0 0 0 29
706 A 290830 290662 16 7 107 15 0 0 0 23
707 G 317889 68 38 4 317711 0 0 0 41 27
708 G 318238 56 9 16 318008 0 0 1 42 106
709 G 305006 48 17 17 304830 0 0 0 30 64
710 C 302969 29 74 302768 45 0 0 16 0 37
711 A 298584 298458 14 6 69 19 0 0 0 18
712 A 321609 321451 15 6 48 37 0 0 0 52
713 T 303526 18 303368 31 10 0 28 0 0 71
714 G 304905 52 25 12 304740 0 0 0 20 56
715 A 282769 282591 22 1 56 65 0 0 0 34
716 T 299942 24 299779 41 6 0 73 0 0 19
717 G 298699 51 21 7 298584 0 0 0 18 18
718 G 326085 46 32 12 325912 0 0 0 44 39
719 A 326214 325960 19 1 60 34 0 0 0 140
720 T 319705 28 319495 39 5 1 93 0 0 44
721 C 307790 26 27 307605 9 0 0 88 0 35
722 A 309021 308869 25 4 83 21 0 0 0 19
723 A 351032 350853 23 3 57 35 0 0 0 61
724 G 354448 65 12 10 354263 0 0 0 37 61
725 T 355132 26 354827 70 5 0 33 0 0 171
726 G 358863 50 20 6 358731 0 0 0 19 37
727 A 353026 352859 36 6 85 14 0 0 0 26
728 G 363953 62 18 8 363802 0 0 1 31 31
729 A 362801 362522 28 5 137 36 0 0 0 73
730 G 365298 51 22 6 365039 0 0 0 133 47
731 A 359080 358791 16 1 69 155 0 0 0 48
732 A 349221 349087 9 6 70 31 0 0 0 18
733 A 370300 370071 6 5 116 54 0 0 0 48
734 G 375345 40 10 6 375191 0 0 0 41 57
735 T 375473 35 375189 44 4 0 11 0 0 190
736 C 365668 29 60 365525 9 0 0 14 0 31
737 G 364796 106 46 11 364547 0 0 0 48 38
738 G 367539 52 18 6 367377 0 0 0 47 39
739 A 365848 365723 6 4 48 16 0 0 0 51
740 A 368496 368133 17 15 47 75 0 0 0 209
741 C 373058 33 48 372837 18 0 0 91 0 31
742 C 423447 34 28 423297 6 0 0 36 0 46
743 C 436142 55 44 435980 11 0 0 20 0 32
744 A 431746 431548 17 31 95 13 0 0 0 42
745 G 447240 56 51 13 446952 0 0 0 69 99
746 G 442355 54 30 4 442134 0 0 0 82 51
747 A 440351 440000 36 2 118 64 0 0 0 131
748 A 444647 444438 18 5 61 55 0 0 0 70
749 A 419545 419411 21 6 42 27 0 0 0 38
750 T 440114 18 439938 65 6 0 33 0 0 54
751 G 443263 72 33 15 443007 0 0 0 71 65
752 C 476581 40 73 476303 15 0 0 61 0 89
753 T 464924 18 464667 118 10 0 12 0 0 99
754 G 470243 69 34 14 470074 0 0 0 24 28
755 A 444685 444464 40 3 100 23 0 0 0 55
756 G 448914 43 18 4 448605 0 0 0 206 38
757 A 445418 444987 35 3 72 218 0 0 0 103
758 T 447699 29 447480 54 10 0 43 0 0 83
759 C 438212 49 110 437939 14 0 0 41 0 59
760 G 436930 104 37 15 436684 0 0 0 55 35
761 A 419101 418911 42 4 62 40 0 0 0 42
762 A 416786 416604 21 9 75 34 0 0 0 43
763 G 441173 42 20 10 441045 0 0 0 24 32
764 A 440275 439902 39 6 61 68 0 0 0 199
765 T 422016 22 421797 67 5 0 62 0 0 63
766 C 419799 33 32 419555 8 0 0 131 0 40
767 T 397718 32 397367 90 2 0 176 0 0 51
768 C 406246 27 65 406033 13 0 0 56 0 52
769 A 404761 404552 12 40 65 21 0 0 0 71
770 T 405486 36 405202 46 120 0 11 0 0 71
771 C 402378 31 30 402242 10 0 0 38 0 27
772 T 368079 29 367893 56 3 0 42 0 0 56
773 T 371145 15 371013 47 2 0 36 0 0 32
774 T 372810 19 372572 59 6 0 69 0 0 85
775 C 368919 33 37 368743 7 0 0 49 0 50
776 T 367099 19 366954 44 11 0 31 0 0 40
777 G 357815 52 28 11 357652 0 0 0 55 17
778 G 363478 87 22 9 363179 0 0 0 67 114
779 C 361246 22 91 360988 29 0 0 71 0 45
780 A 360567 360323 23 6 64 40 0 0 0 111
781 C 357127 16 87 356984 12 0 0 11 0 17
782 G 377226 68 28 9 377042 0 0 0 55 24
783 G 380927 54 15 13 380635 0 0 0 57 153
784 T 379869 18 379597 38 8 0 32 0 0 176
785 C 381314 28 47 381161 14 0 0 25 0 39
786 T 391180 17 390890 164 17 0 37 0 0 55
787 G 382195 123 24 21 381973 0 0 0 35 19
788 C 392449 34 114 392141 28 0 0 47 0 85
789 A 376416 375918 39 9 60 70 0 0 0 320
790 C 365842 37 52 365571 18 0 0 92 0 72
791 T 319929 25 319715 84 6 0 50 0 0 49
792 C 335712 42 71 335454 12 0 0 95 0 38
793 A 344637 344376 20 18 56 88 0 0 0 79
794 T 336155 24 335900 66 1 0 27 0 0 137
795 A 326853 326509 25 3 57 8 0 0 0 251
796 T 351957 24 351785 47 18 0 42 0 0 41
797 T 358701 29 358492 53 7 0 39 0 0 81
798 G 406424 63 32 9 406263 0 0 0 19 38
799 A 402333 401920 27 9 92 16 0 0 0 269
800 G 434075 95 26 16 433833 0 0 0 58 47
801 A 405518 399666 22 9 173 54 0 0 0 5594
802 G 413555 88 35 6 413352 0 0 0 37 37
803 G 436378 57 52 12 436202 0 0 0 36 19
804 G 437600 66 44 23 437355 0 0 0 12 100
805 T 430325 43 429861 71 9 0 9 0 0 332
806 C 432197 35 66 431964 13 0 0 47 0 72
807 A 428669 428314 34 10 121 50 0 0 0 140
808 G 435197 47 8 5 434891 0 0 0 11 235
809 T 434081 37 433869 49 4 0 5 0 0 117
810 T 430523 30 430325 67 2 0 23 0 0 76
811 G 432808 83 25 23 432510 0 0 0 30 137
812 C 420863 21 53 420711 17 0 0 23 0 38
813 T 420847 35 420083 81 2 0 32 0 0 614
814 C 423619 17 57 423456 8 0 0 20 0 61
815 A 422111 421672 34 7 48 170 0 1 0 179
816 C 422794 24 53 419400 15 0 0 206 0 3096
817 A 417919 417774 16 7 34 50 0 0 0 38
818 A 418295 418156 18 3 31 10 0 0 0 77
819 A 417713 417476 42 1 29 10 0 0 0 155
820 T 414949 20 414729 70 1 0 22 0 0 107
821 C 410743 22 39 409969 5 0 0 31 0 677
822 T 399254 26 399063 74 5 0 27 0 0 59
823 T 383563 7 383422 55 17 0 46 0 0 16
824 G 383064 41 16 5 382858 0 0 0 58 86
825 T 365910 41 365648 59 7 0 102 0 0 53
826 C 363407 35 52 363137 10 0 0 125 0 48
827 T 311693 33 311515 16 5 0 25 0 0 99
828 G 310017 29 22 7 309682 0 0 0 18 259
829 C 306246 30 129 306012 28 0 0 8 0 39
830 C 303921 51 65 303757 15 0 0 10 0 23
831 C 228634 64 79 228467 9 0 0 5 0 10
832 G 199915 86 31 21 199735 0 0 0 9 33
833 C 200562 31 32 200473 6 0 0 8 0 12
834 C 198540 37 39 198353 10 0 0 17 0 84
835 T 188153 10 187914 144 16 0 24 0 0 45
836 G 185030 46 24 2 184844 0 0 0 78 36
837 T 176101 14 175905 44 10 0 57 0 0 71
838 G 184528 28 17 2 184436 0 0 0 5 40
839 T 157387 13 157254 28 7 0 6 0 0 79
840 G 174638 41 16 2 174366 0 0 0 20 193
841 T 122195 8 122085 34 3 0 10 0 0 55
842 A 121591 121309 9 2 19 21 0 0 0 231
843 T 118877 16 117481 19 6 0 9 0 0 1346
844 G 116640 33 14 4 116574 0 0 0 14 1
845 G 133684 41 11 6 133287 0 0 0 19 320
846 A 129824 56212 19 4 39 28 0 3 0 73519
847 C 134900 9 40 134802 9 0 0 23 0 17
848 C 136086 20 25 136012 8 0 0 13 0 8
849 T 132894 11 132831 25 4 0 8 0 0 15
850 G 243445 92 39 15 243230 0 0 0 47 22
851 C 245711 23 76 245580 9 0 0 10 0 13
852 C 246901 28 92 246701 9 0 0 8 0 63
853 G 247416 78 20 10 247292 0 0 0 3 13
854 T 267944 28 267771 81 4 0 39 0 0 21
855 A 274794 274679 5 2 58 29 0 0 0 21
856 G 286944 29 36 7 286794 0 0 0 28 50
857 C 287814 11 27 287582 7 0 0 38 0 149
858 C 302021 25 47 301902 17 0 0 20 0 10
859 A 377281 377037 37 66 82 40 0 0 0 19
860 G 383048 74 17 25 382879 0 0 0 46 7
861 T 383374 54 383131 54 19 0 55 0 0 61
862 G 419242 46 18 7 419008 0 0 0 103 60
863 G 419943 38 30 7 419790 0 0 0 61 17
864 C 425414 25 49 425189 8 0 0 108 0 35
865 T 425340 13 424858 364 1 0 79 0 0 25
866 A 428995 428834 21 5 63 27 0 0 0 45
867 C 428839 24 110 428648 5 0 0 17 0 35
868 G 469692 98 19 8 469497 0 0 0 30 40
869 A 471778 471504 20 1 62 61 0 0 0 130
870 C 475391 18 45 475249 4 0 0 43 0 32
871 T 474440 6 474236 83 2 0 69 0 0 44
872 T 476328 23 476126 65 2 0 76 0 0 36
873 C 476348 30 100 475958 11 0 0 224 0 25
874 G 478855 96 38 29 478448 0 0 0 199 45
875 A 478964 478791 15 7 127 4 0 0 0 20
876 A 479285 479080 10 10 70 3 0 0 0 112
877 A 478868 478785 11 6 52 5 0 0 0 9
878 A 479659 479508 16 3 52 53 0 0 0 27
879 A 479111 478790 17 5 237 46 0 0 0 16
880 G 481042 136 26 9 480825 0 0 0 11 35
881 A 474308 473974 31 6 178 6 0 0 0 113
882 G 467682 70 39 5 467498 0 0 0 53 17
883 G 465331 43 41 13 464908 0 0 0 263 63
884 G 461560 90 44 13 461132 0 0 0 224 57
885 A 443900 443599 42 4 90 6 0 0 0 159
886 T 440292 35 440071 56 5 0 15 0 0 110
887 A 390477 389640 29 10 58 21 0 0 0 719
888 C 388094 31 28 387922 15 0 0 39 0 59
889 T 342438 33 342216 59 3 0 51 0 0 76
890 C 347817 25 24 347690 5 0 0 25 0 48
891 T 361822 13 361641 77 6 0 13 0 0 72
892 T 356257 13 356136 42 5 0 13 0 0 48
893 T 357367 41 357189 59 6 0 45 1 0 26
894 A 363292 363067 39 2 71 43 0 0 0 70
895 G 372926 43 45 6 372634 0 0 0 83 115
896 T 358378 36 357845 52 41 0 79 0 0 325
897 G 351792 56 38 5 351653 0 0 0 13 27
898 G 355060 732 39 9 354233 0 0 0 31 16
899 G 324461 57 794 11 323512 0 0 0 52 35
900 A 413854 412366 1248 1 106 13 0 0 0 120
901 A 423330 423116 39 4 68 13 0 0 0 90
902 T 423446 61 423220 59 7 0 13 0 0 86
903 A 417692 416140 36 11 1439 52 0 0 0 14
904 G 423984 1472 43 17 422366 0 0 0 34 52
905 A 429902 428806 41 11 77 68 0 0 0 899
906 C 439228 47 45 438816 16 0 0 79 0 225
907 C 432387 32 33 432261 10 0 0 26 0 25
908 C 465397 58 34 465084 6 0 0 193 0 22
909 T 465685 24 465247 168 18 0 180 0 0 48
910 T 473076 27 472896 51 4 0 54 0 0 44
911 T 450171 31 449864 87 1 0 13 0 0 175
912 C 451544 47 73 451360 9 0 0 17 0 38
913 A 450367 450183 15 21 63 25 0 0 0 60
914 A 453982 453673 13 5 58 175 0 0 0 58
915 A 461696 461259 26 31 42 193 0 0 0 145
916 C 462265 33 36 462081 10 0 0 52 0 53
917 T 456837 19 456681 80 9 0 12 0 0 36
918 G 461663 81 32 11 461479 0 0 0 39 21
919 C 465275 31 27 465097 40 0 0 65 0 15
920 T 466246 18 465948 76 26 0 53 0 0 125
921 T 465530 43 465317 83 5 0 53 0 0 29
922 C 472004 33 52 471821 13 0 0 32 0 53
923 A 470695 470493 21 15 83 61 0 0 0 22
924 A 470845 470659 32 15 44 63 0 0 0 32
925 A 471114 470929 10 5 46 15 0 0 0 109
926 A 470104 469835 24 97 76 8 0 0 0 64
927 C 473131 36 52 472958 23 0 0 40 0 22
928 A 463220 462970 70 11 90 59 0 0 0 20
929 G 475418 92 24 21 475218 0 0 0 38 25
930 C 478304 33 51 478110 22 0 0 21 0 67
931 C 493424 47 64 493190 22 0 0 67 0 34
932 A 487924 487510 31 9 85 207 0 0 0 82
933 A 489736 489420 16 7 76 170 0 0 0 47
934 G 549684 74 34 12 549464 0 0 0 62 38
935 T 564217 43 563768 77 7 0 30 0 0 292
936 A 546870 546494 33 4 50 34 0 0 0 255
937 T 535904 25 535641 76 3 0 57 0 0 102
938 A 521591 521275 48 7 76 39 0 0 0 146
939 C 505811 48 228 505443 20 1 1 49 0 21
940 A 488878 488614 22 10 132 25 0 0 0 75
941 G 565791 82 37 22 565195 0 0 0 184 271
942 C 574213 34 58 573846 20 0 0 181 0 74
943 C 496760 39 42 496518 15 0 0 88 0 58
944 T 587514 41 587128 170 14 0 119 0 0 42
945 A 616016 615786 31 9 78 68 0 0 1 43
946 A 625096 624784 50 5 66 22 0 0 0 169
947 T 623420 46 623067 103 5 0 15 0 0 184
948 C 558829 52 77 558370 10 0 0 79 0 241
949 A 517017 516693 18 12 170 91 0 0 0 33
950 G 519208 62 26 19 519008 0 0 0 69 24
951 A 520426 520034 27 5 110 52 0 0 0 198
952 C 523788 44 61 523531 29 0 0 54 0 69
953 C 516814 46 75 516503 10 0 0 37 0 143
954 G 524233 131 55 7 523985 0 0 0 43 12
955 A 534074 533939 23 3 35 36 0 0 0 38
956 A 549952 549728 19 6 78 39 0 0 0 82
957 C 543173 26 140 542860 11 0 0 30 0 106
958 G 542853 75 46 10 542568 0 0 0 117 37
959 A 555614 555274 42 3 72 165 0 0 0 58
960 G 558760 59 36 18 558550 0 0 0 55 42
961 A 567916 567725 20 1 72 35 0 0 0 63
962 A 585734 585496 27 6 95 44 0 0 1 65
963 T 584299 44 583961 115 17 0 51 0 0 111
964 C 581815 40 44 581582 9 0 0 99 0 41
965 C 584400 54 85 584107 22 0 0 86 0 46
966 A 579059 578704 17 13 164 31 0 0 0 130
967 G 592712 91 31 18 592312 0 0 0 196 64
968 C 585651 51 88 585260 17 0 0 184 0 51
969 A 609513 609110 51 13 109 50 0 0 0 180
970 C 630046 27 74 629799 15 0 0 80 0 51
971 A 615004 614527 53 24 77 50 0 0 0 273
972 C 624216 56 78 624002 21 0 0 17 0 42
973 A 621352 621020 27 12 148 86 0 0 1 58
974 A 626066 625523 44 14 159 255 0 0 0 71
975 G 631990 106 23 7 631435 0 0 0 245 174
976 A 592764 592435 35 3 100 55 0 0 0 136
977 G 598313 100 29 15 598036 0 0 0 59 74
978 T 532037 36 531347 105 14 0 100 0 0 435
979 C 561132 48 83 560825 19 0 0 76 0 81
980 A 526634 526255 24 14 169 16 0 0 0 156
981 G 527132 58 45 16 526895 0 0 0 20 98
982 C 527317 56 110 527032 20 0 0 24 0 75
983 T 433430 18 433197 62 19 0 55 0 0 79
984 G 468074 42 49 17 467862 0 0 0 87 17
985 G 474401 42 28 13 474148 0 0 0 51 119
986 T 470719 34 470141 63 27 0 32 0 0 422
987 G 537087 181 30 16 536779 0 0 0 27 54
988 T 523756 27 523360 63 55 0 61 0 0 190
989 G 520343 107 45 17 520108 0 0 0 43 23
990 G 440977 60 48 15 440745 0 0 0 36 73
991 A 437891 437572 37 3 82 39 0 0 0 158
992 T 437673 31 437463 44 10 0 28 0 0 97
993 G 423689 61 33 13 423384 0 0 0 146 52
994 G 424798 93 40 18 424476 0 0 0 155 16
995 C 428266 19 98 427986 25 0 0 60 0 78
996 A 439702 439420 42 5 69 51 0 0 0 115
997 T 460053 25 459780 108 14 0 14 0 0 112
998 G 467839 92 24 13 467627 0 0 0 32 51
999 C 473828 36 113 473592 19 0 0 38 0 30
1000 A 472659 472397 20 9 77 63 0 0 0 93
1001 A 479116 478732 32 4 61 145 0 0 0 142
1002 T 480287 14 479967 62 4 0 168 0 0 72
1003 T 461760 18 461540 41 4 0 87 0 0 70
1004 C 455204 30 28 455045 23 0 0 51 0 27
1005 T 430067 35 429849 95 9 0 24 0 0 55
1006 G 435739 94 28 18 435534 0 0 0 16 49
1007 C 449997 53 47 449754 29 0 0 63 0 51
1008 T 426802 15 426497 132 16 0 78 0 0 64
1009 G 431347 63 32 20 431119 0 0 0 60 53
1010 C 407875 20 62 407629 50 0 0 35 0 79
1011 A 403512 403315 18 7 64 34 0 0 0 74
1012 T 417269 53 417084 43 6 0 56 0 0 27
1013 T 416196 39 416004 62 5 0 49 0 0 37
1014 T 416407 29 416175 144 11 0 23 0 0 25
1015 G 415862 49 37 14 415629 0 0 0 22 111
1016 A 405414 405235 27 7 94 13 0 0 0 38
1017 A 405869 405589 27 29 93 111 0 0 0 20
1018 G 394187 79 11 5 393917 0 0 0 150 25
1019 A 406980 406783 40 4 47 56 0 0 0 50
1020 T 409225 24 408987 53 3 0 42 0 0 116
1021 C 400278 41 27 400068 15 0 0 70 0 57
1022 T 401765 36 401557 95 2 0 51 0 0 24
1023 A 387526 387336 6 0 70 39 0 0 0 75
1024 A 386591 386449 14 8 69 16 0 0 1 34
1025 G 388954 58 21 7 388797 0 0 0 23 48
1026 A 378585 378371 16 2 62 60 0 0 0 74
1027 G 402989 54 25 2 402731 0 0 0 147 30
1028 T 336356 16 335487 62 9 0 61 1 0 720
1029 A 331585 331378 21 3 55 33 0 0 0 95
1030 T 324655 22 324539 31 4 0 36 0 0 23
1031 T 321626 37 321441 36 6 0 46 0 0 60
1032 A 332051 331862 22 11 76 56 0 0 0 24
1033 A 288317 288152 9 10 40 56 0 0 0 50
1034 G 281030 27 22 5 280878 0 0 0 35 63
1035 C 281179 21 14 281071 6 0 0 50 0 17
1036 T 254793 8 254692 52 2 0 6 0 0 33
1037 T 304427 30 304298 54 8 0 15 0 0 22
1038 C 307855 42 40 307707 8 0 0 42 0 16
1039 A 318513 318309 27 4 51 43 0 0 0 79
1040 T 318819 38 318663 44 4 0 7 0 0 63
1041 C 318681 35 39 318560 10 0 0 17 0 20
1042 A 321403 321239 19 7 83 19 0 0 0 36
1043 G 308360 35 22 7 308233 0 0 0 29 34
1044 A 311660 311473 17 5 88 18 0 0 0 59
1045 G 303873 25 26 7 303752 0 0 0 32 31
1046 G 322186 42 16 11 322021 0 0 0 73 23
1047 G 382668 131 39 12 382372 0 0 0 50 64
1048 A 382676 382311 29 9 79 24 0 0 0 224
1049 C 387674 32 43 387496 12 0 0 24 0 67
1050 C 375855 56 42 375686 8 0 0 17 0 46
1051 A 382328 382105 22 18 44 124 0 0 0 15
1052 A 408720 408430 16 1 51 178 0 0 0 44
1053 A 409954 409561 12 19 123 101 0 1 0 137
1054 G 416143 56 33 10 415899 0 0 0 43 102
1055 T 410282 38 409937 49 21 0 22 0 0 215
1056 A 411198 410954 56 7 82 57 0 0 0 42
1057 T 414956 47 414472 326 0 0 44 0 0 67
1058 C 414908 40 49 414709 10 0 0 34 0 66
1059 C 411748 47 37 411477 19 0 0 45 0 123
1060 C 406923 41 33 406678 7 0 0 116 0 48
1061 C 387228 68 39 386922 16 0 0 155 0 28
1062 A 387080 386863 12 22 69 92 0 0 0 22
1063 A 381596 381380 27 5 98 24 0 0 0 62
1064 G 386412 77 48 0 386230 0 0 0 21 36
1065 G 377729 25 44 13 377570 0 0 0 12 65
1066 G 375348 27 40 10 375165 0 0 0 50 56
1067 G 355559 36 27 11 355414 0 0 0 33 38
1068 G 334617 113 15 15 334413 0 0 0 24 37
1069 A 331335 331148 26 3 94 22 0 0 0 42
1070 A 344703 344547 20 1 55 45 0 0 0 35
1071 A 345552 345292 28 37 58 70 0 0 0 67
1072 C 352454 62 27 352294 7 0 0 36 0 28
1073 T 337907 11 337679 111 4 0 9 0 0 93
1074 T 337678 10 337568 59 3 0 15 0 0 23
1075 T 346782 21 346614 89 4 0 13 0 0 41
1076 C 319296 21 40 319170 12 0 0 31 0 22
1077 C 337214 33 33 337083 13 0 0 26 0 26
1078 A 371026 370722 43 19 55 15 0 0 0 172
1079 C 380578 34 33 380404 13 0 0 46 0 48
1080 T 381642 20 381400 64 9 0 95 0 0 54
1081 A 369600 369365 30 10 56 85 0 0 0 54
1082 G 372247 62 26 4 372096 0 0 0 32 27
1083 A 375517 375278 17 5 62 17 0 0 0 138
1084 G 377513 38 33 13 377304 0 0 0 55 70
1085 G 395318 30 26 12 395111 0 0 0 98 41
1086 A 340617 340402 23 9 64 45 0 0 0 74
1087 G 378242 58 27 14 378070 0 0 0 42 31
1088 T 373768 19 372975 84 14 0 21 0 0 655
1089 A 374927 374552 44 7 95 61 0 0 0 168
1090 C 380293 47 58 380070 9 0 0 65 0 44
1091 A 365304 365134 20 21 56 34 0 0 0 39
1092 A 365168 364942 20 3 57 100 0 0 0 46
1093 A 418441 418184 23 17 59 95 0 0 0 63
1094 T 409914 31 409685 53 6 0 30 0 0 109
1095 T 393067 17 392938 44 9 0 36 0 0 23
1096 G 350180 43 34 21 350038 0 0 0 21 23
1097 C 346054 31 25 345877 13 0 0 78 0 30
1098 T 346298 7 346115 52 8 0 72 0 0 44
1099 T 345847 30 345648 49 2 0 35 0 0 83
1100 C 344503 33 22 344377 12 0 0 28 0 31
1101 A 338282 338164 20 5 47 19 0 0 0 27
1102 A 342570 342469 10 4 34 28 0 0 0 25
1103 A 345590 345490 15 2 34 10 0 0 0 39
1104 T 347027 19 346891 61 5 0 20 0 0 31
1105 G 343733 36 20 11 343582 0 0 0 53 31
1106 A 341239 341085 17 1 63 34 0 0 0 39
1107 A 345549 345378 3 5 57 87 0 0 0 19
1108 A 346682 346502 9 4 46 84 0 0 0 37
1109 A 348501 348267 30 65 49 22 0 0 0 68
1110 C 363367 27 54 363167 4 0 0 95 0 20
1111 A 361461 361232 27 2 55 66 0 0 0 79
1112 T 379402 26 379217 49 12 0 42 0 0 56
1113 G 365089 115 51 9 364854 0 0 0 27 33
1114 G 362730 57 20 7 362560 0 0 0 18 68
1115 A 374865 374633 23 4 73 43 0 0 0 89
1116 T 371635 36 371439 55 4 0 33 0 0 68
1117 G 376532 67 24 12 376340 0 0 0 36 53
1118 C 429710 28 34 429500 18 0 0 110 0 20
1119 T 417467 14 417140 110 5 0 61 0 0 137
1120 A 417813 417523 39 1 67 109 0 0 0 74
1121 T 401135 34 400858 48 8 0 124 0 0 63
1122 G 409207 102 30 19 408950 0 0 0 71 35
1123 G 410115 53 25 13 409953 0 0 0 32 39
1124 A 390772 390570 23 2 77 15 0 0 0 85
1125 A 391007 390793 21 13 67 19 0 0 0 94
1126 T 346225 18 346004 41 1 0 121 0 0 40
1127 C 329012 21 27 328806 6 0 0 99 0 53
1128 A 321753 321593 23 10 84 9 0 0 0 34
1129 A 319332 319132 26 10 50 12 0 0 0 102
1130 G 322107 54 12 3 321993 0 0 0 11 34
1131 T 305007 25 304752 72 17 0 32 1 0 108
1132 A 302590 301885 20 1 47 50 0 0 0 587
1133 C 329197 8 32 329077 8 0 0 54 0 18
1134 T 315444 21 315227 59 5 0 12 0 0 120
1135 C 326432 24 17 326311 5 0 0 26 0 49
1136 T 289026 11 288892 51 3 0 40 0 0 29
1137 T 291474 15 291353 43 4 0 28 0 0 31
1138 G 294206 38 9 5 294127 0 0 0 18 9
1139 A 307046 306898 26 3 43 21 0 0 0 55
1140 A 309473 309322 25 3 28 15 0 0 0 80
1141 C 310467 17 32 310313 5 0 0 69 0 31
1142 T 301729 13 301552 77 7 0 47 0 0 33
1143 G 310985 57 21 8 310787 0 0 0 67 45
1144 A 318369 318140 14 4 67 68 0 0 0 76
1145 G 323869 27 9 8 323776 0 0 0 14 35
1146 A 322461 322329 13 6 49 37 0 0 0 27
1147 A 363321 363166 8 5 50 62 0 0 0 30
1148 G 370276 53 20 14 370021 0 0 0 37 131
1149 C 406443 53 79 406159 22 0 0 64 0 66
1150 A 404394 404116 51 11 122 36 0 0 0 58
1151 G 405800 29 20 34 405593 0 0 0 110 14
1152 G 471550 99 22 14 471266 0 0 0 111 38
1153 T 470678 60 469826 69 16 0 60 0 0 647
1154 A 478466 478066 31 10 69 55 0 0 0 235
1155 C 492590 31 70 492383 11 0 0 41 0 54
1156 T 464347 32 464121 91 12 0 61 0 0 30
1157 G 476181 82 69 22 475940 0 0 0 44 24
1158 G 483039 67 43 21 482764 0 0 0 70 74
1159 G 470542 80 37 32 470202 0 0 0 73 118
1160 C 509428 47 70 509157 31 0 0 64 0 59
1161 C 462111 45 60 461877 15 0 0 85 0 29
1162 A 479369 479133 69 8 55 69 0 0 0 35
1163 T 479890 47 479606 64 10 0 88 0 0 75
1164 A 473991 473610 16 14 126 93 0 0 0 132
1165 A 495507 495335 27 11 91 10 0 0 0 33
1166 G 487278 69 15 7 486998 2 0 0 148 39
1167 A 469484 469227 21 1 79 133 0 0 0 23
1168 A 467353 467025 31 4 64 38 0 0 0 191
1169 C 466318 31 29 466102 6 0 0 55 0 95
1170 C 494812 40 44 494637 22 0 0 30 0 39
1171 A 483626 483367 23 13 112 26 0 0 0 85
1172 G 492902 53 35 8 492755 0 0 0 28 23
1173 A 493478 493261 26 4 78 7 0 0 0 102
1174 A 488304 488070 23 5 54 68 0 0 0 84
1175 G 501661 58 17 3 501446 0 0 0 91 46
1176 T 475988 31 475288 53 15 0 55 0 0 546
1177 G 478830 61 42 21 478616 0 0 0 55 35
1178 G 486013 50 47 13 485819 0 0 0 28 56
1179 A 486374 485978 46 3 197 59 0 0 0 91
1180 G 496814 56 35 14 496500 0 0 0 117 92
1181 G 499285 52 42 11 499036 0 0 0 89 55
1182 A 463523 463295 28 4 85 33 0 0 0 78
1183 A 462953 462715 23 10 79 25 0 0 0 101
1184 A 462581 462225 28 49 62 108 0 0 0 109
1185 C 472042 44 60 471603 24 0 0 226 0 85
1186 A 472275 471759 44 31 57 131 0 0 0 253
1187 C 494844 39 44 494678 10 0 0 31 0 42
1188 T 481844 36 481529 136 9 0 26 0 0 108
1189 A 514683 514454 36 6 77 61 0 0 0 49
1190 A 538361 538045 34 17 70 65 0 0 0 130
1191 T 535164 53 534817 84 6 0 84 0 0 120
1192 C 538722 80 44 538448 21 0 0 85 0 44
1193 A 520444 520123 31 15 139 43 0 0 0 93
1194 A 523266 522987 39 17 72 43 0 0 0 108
1195 C 531975 86 67 531615 22 0 0 116 0 69
1196 A 461238 460800 26 59 105 89 0 0 1 158
1197 G 454302 59 38 23 454104 0 0 0 42 36
1198 A 414527 414283 32 12 131 11 0 0 0 58
1199 G 419549 79 48 12 419347 0 0 0 21 42
1200 G 441073 79 30 12 440851 0 0 0 74 27
1201 G 379277 51 21 22 379015 0 0 0 59 109
1202 C 386375 49 63 386161 26 0 0 37 0 39
1203 C 392657 55 44 392494 7 0 0 28 0 29
1204 T 392017 53 391690 91 21 0 83 1 0 78
1205 C 412299 65 35 412057 14 0 0 107 0 21
1206 T 399698 43 399328 131 23 0 53 0 0 120
1207 G 401717 69 34 29 401512 0 0 0 21 52
1208 C 397335 25 115 397125 18 0 0 36 0 16
1209 A 384048 383799 21 14 124 50 0 0 0 40
1210 G 408165 46 39 8 408014 0 0 0 42 16
1211 G 407575 66 16 11 407349 0 0 0 46 87
1212 T 411159 26 410545 108 9 0 36 0 0 435
1213 C 411869 28 50 411699 13 0 0 31 0 48
1214 A 400003 399797 23 16 48 77 0 0 0 42
1215 A 427226 427038 19 7 46 64 0 0 0 52
1216 A 415503 415316 46 7 45 12 0 0 0 77
1217 T 418234 30 417919 85 3 0 58 0 0 139
1218 C 416537 42 31 416323 12 0 0 93 0 36
1219 A 390168 389893 35 8 169 34 0 0 0 29
1220 G 414564 79 20 8 414356 0 0 0 78 23
1221 T 400229 46 399852 70 13 0 91 0 0 157
1222 G 403212 83 21 9 402846 0 0 0 119 134
1223 T 397184 38 396769 115 11 0 93 0 1 157
1224 G 383251 213 19 16 382936 0 0 0 27 40
1225 C 396458 32 155 395995 172 0 0 61 0 43
1226 A 394887 394647 12 11 46 50 0 0 0 121
1227 A 405102 404512 263 18 57 39 0 0 0 213
1228 C 404549 45 60 404106 248 0 0 55 0 35
1229 C 398445 62 37 398208 6 0 0 92 0 40
1230 T 369188 30 368853 171 30 0 77 0 0 27
1231 G 380789 167 30 23 380439 0 0 0 17 113
1232 C 411606 34 71 411387 17 0 0 24 0 73
1233 A 404464 404247 27 11 66 62 0 0 0 51
1234 T 414681 37 414458 61 18 0 65 0 0 42
1235 T 412299 12 412154 46 7 0 44 0 0 36
1236 T 393316 18 393052 115 11 0 27 0 0 93
1237 T 398641 28 398483 68 6 0 14 0 0 42
1238 C 374374 24 42 374154 8 0 0 67 0 79
1239 T 351736 16 351495 102 18 0 79 0 0 26
1240 G 372456 112 30 9 372229 0 0 0 55 21
1241 T 364306 40 363999 67 28 0 59 0 0 113
1242 G 372857 117 54 12 372573 0 0 0 51 50
1243 C 376860 40 69 376554 48 0 0 83 0 66
1244 A 371086 370822 25 28 70 91 0 0 0 50
1245 A 379072 378925 20 4 58 37 0 0 0 28
1246 A 377464 377214 7 6 106 70 0 0 0 61
1247 G 389678 61 21 13 389452 0 0 0 71 60
1248 A 385812 385592 18 4 80 61 0 0 0 57
1249 A 350642 350444 20 7 70 49 0 0 0 52
1250 A 365383 364708 14 75 48 12 0 0 0 526
1251 C 364983 69 40 364787 9 0 0 42 0 36
1252 C 387945 31 58 387742 7 0 0 38 0 69
1253 T 390588 30 390267 122 21 0 74 0 0 74
1254 C 382470 32 36 382256 17 0 0 79 0 50
1255 C 407975 49 34 407789 15 0 0 44 0 44
1256 C 400273 69 46 400066 16 0 0 37 0 39
1257 A 405227 404988 52 22 63 34 0 0 0 68
1258 T 406568 57 406342 86 5 0 36 0 0 42
1259 T 381208 22 381030 56 7 0 41 0 0 52
1260 T 387219 121 386857 151 21 1 32 0 0 36
1261 G 384651 86 47 18 384405 0 0 0 30 65
1262 A 392248 391969 40 9 107 54 0 0 0 69
1263 C 389101 26 74 388897 15 0 0 50 0 39
1264 A 370975 370727 47 18 72 90 0 0 0 21
1265 A 384023 383730 52 4 103 87 0 0 0 47
1266 A 387511 387085 44 102 80 71 0 0 0 129
1267 C 405122 34 72 404846 27 1 0 82 0 60
1268 C 401772 48 52 401574 14 0 0 41 0 43
1269 A 365909 365739 14 12 66 46 0 0 0 32
1270 A 382572 382277 20 14 95 36 0 0 0 130
1271 C 377477 67 62 377255 19 0 0 25 0 49
1272 C 402272 72 50 402048 16 0 0 25 0 61
1273 A 399749 399444 22 17 86 64 0 0 0 116
1274 T 403859 62 403491 88 16 0 77 0 0 125
1275 C 404291 53 42 404116 15 0 0 35 0 30
1276 A 389503 389279 22 15 59 79 0 0 0 49
1277 T 398501 38 398201 99 7 0 71 0 0 85
1278 G 384982 71 65 13 384713 0 0 0 43 77
1279 G 383345 99 41 49 383071 0 0 0 32 53
1280 C 357666 30 123 357407 25 0 0 35 0 46
1281 A 342594 342372 22 7 111 39 0 0 0 43
1282 G 352812 109 28 11 352621 0 0 0 28 15
1283 C 347193 26 80 346992 22 0 0 36 0 37
1284 A 341864 341614 24 6 49 75 0 0 0 96
1285 T 343390 37 343191 54 15 0 62 0 0 31
1286 T 336146 32 335965 42 1 0 34 0 0 72
1287 C 340609 20 62 340427 16 0 0 50 0 34
1288 A 337379 337100 25 8 48 62 0 0 0 136
1289 C 321865 8 30 321700 11 0 0 69 0 47
1290 T 323842 19 323663 73 13 0 31 0 0 43
1291 G 345399 72 47 10 345169 0 1 0 35 65
1292 G 353691 61 30 11 353499 0 0 0 39 51
1293 G 363010 88 25 20 362733 0 0 0 36 108
1294 A 353876 353620 46 6 66 30 0 1 0 107
1295 A 363663 363477 28 23 78 20 0 0 0 37
1296 T 343707 54 343478 75 11 0 40 0 0 49
1297 A 374131 373862 47 11 79 48 0 0 0 84
1298 C 416708 44 104 416352 34 0 0 53 0 121
1299 A 408592 408197 30 36 186 59 0 0 0 84
1300 G 411608 85 29 9 411396 0 0 0 60 29
1301 A 399304 398995 26 12 168 47 0 0 0 56
1302 G 420721 119 59 11 420456 0 0 0 43 33
1303 G 414965 75 37 13 414727 0 0 0 41 72
1304 G 412534 120 34 15 412262 0 0 0 55 48
1305 A 411630 411250 54 7 126 127 0 0 0 66
1306 A 406057 405727 33 12 113 112 0 0 0 60
1307 G 414328 70 28 6 414060 0 0 0 32 132
1308 A 412490 412269 32 9 78 26 0 0 0 76
1309 A 430578 430350 37 17 63 8 0 0 0 103
1310 C 458575 49 47 458392 16 0 0 39 0 32
1311 A 442914 442600 38 15 72 82 0 0 0 107
1312 T 450466 48 450121 68 11 0 148 0 0 70
1313 C 440102 40 73 439831 15 0 0 106 0 37
1314 A 435242 434913 26 18 192 23 0 0 0 70
1315 G 441184 56 17 19 440997 0 0 0 69 26
1316 A 429585 429305 31 4 67 77 0 0 0 101
1317 C 434107 35 55 433909 19 0 0 25 0 64
1318 A 426225 426019 28 12 73 27 0 0 0 66
1319 T 408900 35 408688 59 9 0 18 0 0 91
1320 G 415793 64 30 8 415627 0 0 0 19 45
1321 A 399038 398820 32 5 103 17 0 0 0 61
1322 G 403895 41 34 7 403747 0 0 0 37 29
1323 G 405824 50 182 10 405422 0 0 0 84 76
1324 G 399109 205 22 20 398699 0 0 0 129 34
1325 C 399477 141 72 399040 30 0 0 154 0 40
1326 A 392784 392378 117 11 111 105 0 0 0 62
1327 G 400081 49 22 12 399903 0 0 0 35 60
1328 A 400484 400310 13 8 64 32 0 0 0 57
1329 A 406114 405931 17 12 87 33 0 0 0 34
1330 A 417480 417252 29 8 97 51 0 0 0 43
1331 T 416933 50 416685 41 12 0 59 0 0 86
1332 T 440489 60 440262 60 22 0 15 0 0 70
1333 A 443140 442853 51 21 89 39 0 0 0 87
1334 T 438733 62 438485 45 12 0 54 0 0 75
1335 A 438453 438145 19 7 153 88 0 0 0 41
1336 A 423910 423645 30 18 126 56 0 0 0 35
1337 G 447734 90 57 5 447458 0 0 0 65 59
1338 G 460977 45 21 18 460740 0 0 0 76 77
1339 A 484160 483823 47 16 81 35 0 0 0 158
1340 T 427296 41 427054 63 18 0 35 0 0 85
1341 G 416294 72 50 17 416069 0 0 0 53 33
1342 A 401948 401680 43 8 98 51 0 0 0 68
1343 T 406061 69 405777 65 14 0 62 0 0 74
1344 G 394717 98 53 15 394437 0 0 0 62 52
1345 G 401572 61 30 18 401299 0 0 0 82 82
1346 A 378937 378625 22 10 101 133 0 0 0 46
1347 A 401111 400834 32 13 85 111 0 0 0 36
1348 G 406009 72 52 3 405797 0 0 0 50 35
1349 G 455487 59 27 10 455284 0 0 0 62 45
1350 T 443695 41 442854 83 63 0 27 0 0 627
1351 G 433890 230 86 18 433449 0 0 0 38 69
1352 C 433760 89 174 433356 80 0 0 31 0 30
1353 A 426417 426078 28 85 107 75 0 0 0 44
1354 A 426493 426311 8 6 52 65 0 0 0 51
1355 A 432422 432293 9 11 49 25 0 0 0 35
1356 A 440867 440442 25 111 71 37 0 0 0 181
1357 C 445486 17 25 445367 13 0 0 37 0 27
1358 C 426417 47 31 426298 12 0 0 16 0 13
1359 A 408863 408657 35 25 86 11 0 0 0 49
1360 G 416433 73 26 21 416265 0 0 0 37 11
1361 A 411566 411296 19 2 72 99 0 0 0 78
1362 A 424420 424085 21 9 160 108 0 0 0 37
1363 G 431922 136 24 8 431651 0 0 0 68 35
1364 A 425561 425254 19 2 112 95 0 0 0 79
1365 A 421669 421492 21 6 67 50 0 0 0 33
1366 A 422242 422139 18 0 52 8 0 0 0 25
1367 T 423056 47 422851 55 19 0 10 0 0 74
1368 G 425688 73 22 9 425491 0 0 0 7 86
1369 T 418303 51 418040 94 6 0 14 0 0 98
1370 C 422626 28 37 422422 18 0 0 77 0 44
1371 C 415445 54 57 415144 11 0 0 152 0 27
1372 T 421788 31 421517 86 6 0 104 0 0 44
1373 T 424109 43 423829 110 3 0 19 0 0 105
1374 C 425669 48 63 425453 16 0 0 39 0 50
1375 C 423276 63 45 423018 42 0 0 42 0 66
1376 A 417533 417041 40 54 315 59 0 0 1 23
1377 G 418571 128 53 13 418300 0 0 0 54 23
1378 G 414684 115 16 11 414456 0 0 0 35 51
1379 G 419812 72 33 16 419599 0 0 0 30 62
1380 G 392812 43 38 23 392613 0 0 0 50 45
1381 C 350210 54 71 349843 182 0 1 31 0 28
1382 G 346796 128 50 122 346413 0 0 0 64 19
1383 G 358524 65 72 19 358199 0 0 0 78 91
1384 G 357895 71 47 21 357661 0 0 0 14 81
1385 G 364712 172 21 19 364419 0 0 0 16 65
1386 A 333281 306965 21 8 189 21 0 0 1 26076
1387 G 330207 52 24 13 330034 0 0 0 58 26
1388 T 313300 23 297022 42 12 0 28 0 1 16172
1389 C 322370 34 34 322130 6 0 0 24 0 142
1390 T 310223 18 310035 77 5 0 46 0 0 42
1391 T 310543 12 310353 65 4 0 66 0 0 43
1392 C 311806 26 73 311209 14 0 0 48 0 436
1393 G 371820 75 23 10 371342 0 0 0 46 324
1394 A 367385 366595 13 3 64 10 0 0 0 700
1395 G 376984 40 23 8 376857 0 0 0 22 34
1396 C 352844 32 35 352602 7 0 0 22 0 146
1397 T 348537 13 348150 96 8 0 30 0 0 240
1398 C 338746 40 26 338583 8 0 0 40 0 49
1399 T 337313 11 337147 48 5 0 11 0 0 91
1400 C 341186 37 76 341007 12 0 0 20 0 34
1401 G 343281 84 43 9 343099 0 0 0 19 27
1402 G 377201 55 21 4 377054 0 0 0 37 30
1403 A 413031 412465 21 20 95 15 0 0 0 415
1404 C 429301 40 102 429061 31 0 0 24 0 43
1405 G 460032 131 27 32 459752 0 0 0 12 78
1406 A 496239 495995 36 3 131 38 0 0 0 36
1407 A 493636 493279 18 7 102 177 0 0 0 53
1408 A 498330 497931 22 25 105 173 0 0 0 74
1409 G 515561 100 71 12 514683 0 0 0 30 665
1410 G 518651 69 27 17 518431 0 0 0 47 60
1411 G 506245 73 32 27 506051 0 0 0 32 30
1412 C 510942 31 167 510498 49 0 0 109 0 88
1413 A 506322 505739 36 35 252 106 0 0 0 154
1414 G 515012 171 35 20 514681 0 0 0 30 75
1415 C 506200 36 165 505836 33 0 0 24 0 106
1416 G 544658 122 24 24 544402 0 0 0 36 50
1417 A 548902 548619 24 4 63 113 0 0 0 79
1418 A 551573 550895 28 10 83 115 0 0 0 442
1419 C 552774 45 98 552419 15 0 0 128 0 69
1420 C 549112 32 45 548732 10 0 0 255 0 38
1421 C 533614 67 85 533255 16 0 0 139 0 52
1422 G 531476 122 30 9 531210 0 0 0 52 53
1423 A 530662 530418 37 3 78 43 0 0 0 83
1424 T 531323 34 531086 53 1 0 33 0 0 116
1425 C 508782 31 85 508594 13 0 0 14 0 45
1426 G 496035 157 26 8 495810 0 0 0 13 21
1427 T 477733 27 477400 86 12 0 35 0 0 173
1428 G 453763 132 32 31 453470 0 0 0 31 67
1429 C 453181 36 50 452946 25 0 0 51 0 73
1430 C 453594 28 44 453388 20 0 0 68 0 46
1431 C 451426 54 50 451241 11 0 0 56 0 14
1432 T 433610 30 433384 104 10 0 35 0 0 47
1433 C 463130 35 49 462990 7 0 0 23 0 26
1434 T 455199 65 454727 229 15 0 16 0 0 147
1435 T 513044 16 512793 56 7 0 79 0 0 93
1436 T 454193 25 453901 147 14 0 79 0 0 27
1437 T 456786 162 456389 76 63 0 68 0 0 28
1438 G 448823 165 29 10 448555 0 0 0 39 25
1439 A 442987 442576 55 57 101 56 0 0 0 142
1440 C 455820 66 79 455482 14 1 0 52 0 126
1441 A 451565 451297 33 10 99 32 0 0 0 94
1442 T 390802 24 390595 70 11 0 51 0 0 51
1443 G 481299 64 33 13 481090 1 0 0 75 23
1444 A 474663 474359 33 6 98 38 0 0 0 129
1445 G 536870 77 45 9 536576 0 0 0 74 89
1446 T 538165 41 537656 67 16 0 34 1 0 350
1447 A 520060 519794 19 5 71 72 0 0 0 99
1448 A 526195 526029 46 4 48 45 0 0 0 23
1449 T 522360 22 521901 86 18 0 236 0 0 97
1450 G 522866 101 36 13 522425 0 0 0 227 64
1451 A 493183 492901 38 4 63 90 0 0 0 87
1452 A 453542 453228 31 6 85 71 0 0 0 121
1453 G 450727 77 49 5 450554 0 0 0 26 16
1454 G 408340 32 21 14 408218 0 0 0 35 20
1455 A 403526 403282 34 2 62 29 0 0 0 117
1456 T 410010 24 409845 42 5 0 41 0 0 53
1457 C 407011 20 19 406716 10 0 0 140 0 106
1458 T 399374 36 399156 50 2 0 107 0 0 23
1459 T 403094 5 402907 71 2 0 38 0 0 71
1460 A 403754 403620 21 1 37 45 0 0 0 30
1461 T 403715 25 403595 36 2 0 12 0 0 45
1462 T 402077 13 401978 40 3 0 11 0 0 32
1463 T 398948 17 398836 55 0 0 12 0 0 28
1464 C 398355 15 24 398265 13 0 0 19 0 19
1465 T 382959 18 382794 59 3 0 27 0 0 58
1466 T 380104 18 379873 44 2 0 131 0 0 36
1467 C 377355 34 48 377115 10 0 0 125 0 23
1468 G 375049 88 39 7 374872 0 0 0 18 25
1469 G 377907 27 24 12 377789 0 0 0 20 35
1470 A 379307 379147 32 4 85 7 0 0 0 32
1471 G 387217 38 28 2 386966 0 0 0 21 162
1472 A 386166 385980 30 4 88 23 0 0 0 41
1473 C 395205 13 44 395065 17 0 0 35 0 31
1474 A 386412 386232 11 15 72 41 0 0 0 41
1475 A 425915 425711 43 8 59 55 0 0 0 39
1476 T 440565 51 440125 69 18 0 115 0 0 187
1477 G 470063 296 44 45 469501 0 0 0 94 83
1478 C 484209 50 122 483848 27 0 0 99 0 63
1479 A 469450 469020 44 11 136 119 0 0 0 120
1480 G 473420 61 49 17 473247 0 0 0 30 16
1481 A 497333 496987 19 7 130 44 0 0 0 146
1482 G 428583 107 37 14 428310 0 0 0 43 72
1483 G 453818 87 29 10 453578 0 0 0 66 48
1484 A 380345 380054 27 18 96 20 0 0 0 130
1485 G 388388 70 25 5 388177 0 0 0 60 51
1486 T 373232 28 372511 47 10 0 98 0 0 538
1487 A 368323 367937 49 44 76 66 0 0 0 151
1488 C 368979 63 137 368707 18 0 0 29 0 25
1489 G 353369 118 36 13 353106 0 0 0 45 51
1490 A 352940 352684 35 5 90 52 0 0 0 74
1491 C 342110 89 43 341844 6 0 0 106 0 22
1492 A 282864 282685 16 14 31 81 0 0 0 37
1493 A 283307 283084 98 4 43 49 0 0 0 29
1494 T 264977 134 264779 26 4 0 7 0 0 27