# amino-acid counts among definitively called codons
# POSITION TOTAL_COUNTS WT N_A N_C N_D N_E N_F N_G N_H N_I N_K N_L N_M N_N N_P N_Q N_R N_S N_T N_V N_W N_Y N_STOP
1 546349 M 0 0 0 0 0 0 2 114 46 45 545978 0 0 0 3 0 75 86 0 0 0
2 524359 A 524062 0 0 46 0 31 0 0 0 0 0 0 9 0 1 21 31 158 0 0 0
3 550858 S 3 14 0 0 60 0 0 0 0 0 0 0 120 0 1 550595 28 6 0 31 0
4 551931 Q 0 1 0 13 2 0 38 0 78 34 0 3 15 551572 94 2 1 0 0 0 78
5 498794 G 22 46 58 0 0 498502 0 1 1 0 0 0 1 0 11 127 0 24 0 1 0
6 441699 T 96 0 0 0 0 0 4 42 0 2 0 18 10 0 0 29 441498 0 0 0 0
7 437464 K 0 0 0 49 0 0 0 11 437280 1 0 43 1 14 45 0 2 0 0 0 18
8 381042 R 0 0 0 0 0 7 0 0 0 19 0 0 3 44 380883 0 2 1 83 0 0
9 390539 S 8 10 0 0 29 0 0 0 0 2 0 3 56 0 0 390384 14 2 0 28 3
10 419029 Y 0 69 3 0 8 0 185 0 0 8 5 5 0 0 0 0 1 0 2 418673 70
11 378783 E 6 0 31 378532 0 69 0 3 74 0 1 5 0 9 0 0 2 25 0 0 26
12 357842 Q 0 1 0 10 0 0 28 3 43 20 0 1 10 357566 93 0 2 1 0 4 60
13 432537 M 0 1 10 1 0 1 0 115 56 38 432187 0 0 1 3 1 57 64 1 0 1
14 425245 E 1 0 29 424883 0 83 0 0 41 147 0 2 1 10 0 0 0 24 0 0 24
15 405206 T 49 0 0 0 0 0 81 19 0 1 1 22 18 0 0 18 404997 0 0 0 0
16 454204 D 3 0 453940 49 0 85 8 1 5 0 0 48 0 0 1 0 0 29 0 27 8
17 449580 G 8 0 0 47 0 449348 0 2 0 1 0 0 0 0 60 0 1 57 56 0 0
18 444992 E 5 0 39 444654 0 127 1 0 108 0 0 6 0 10 0 0 0 25 0 0 17
19 445382 R 2 100 2 0 0 3 153 0 0 38 0 0 25 0 445024 34 1 0 0 0 0
20 453267 Q 1 0 0 13 0 0 44 0 30 36 0 0 346 452573 163 0 0 0 0 0 61
21 428151 N 0 0 48 1 0 0 1 23 68 0 1 427915 4 0 0 64 8 1 0 17 0
22 438705 A 438349 0 0 34 0 12 0 1 0 0 23 0 16 1 0 30 126 113 0 0 0
23 454718 T 67 1 0 0 0 0 0 28 1 2 45 35 5 0 3 43 454488 0 0 0 0
24 433573 E 7 0 27 433273 0 89 0 0 108 0 0 0 0 7 1 0 0 36 0 0 25
25 374745 I 0 0 1 0 26 0 0 374555 0 1 36 14 1 1 8 3 48 51 0 0 0
26 410206 R 4 0 0 1 0 110 0 26 51 2 19 0 0 0 409925 24 4 0 0 0 40
27 394579 A 394368 0 1 26 0 16 0 0 0 0 0 1 6 1 0 26 45 89 0 0 0
28 427439 S 3 10 1 0 28 0 0 0 0 0 1 0 56 3 2 427273 30 0 0 31 1
29 410366 V 51 0 19 0 16 6 0 95 0 5 0 0 0 0 5 2 0 410167 0 0 0
30 430231 G 13 0 0 62 0 429921 0 1 0 0 0 0 0 1 163 0 0 28 42 0 0
31 424485 K 0 0 0 65 0 0 0 1 424258 0 34 28 0 1 71 0 5 0 0 1 21
32 415705 M 0 0 1 1 0 0 0 79 27 32 415446 0 0 0 4 0 60 54 0 0 1
33 423455 I 0 0 2 3 22 0 0 423272 0 3 4 35 0 1 6 2 51 54 0 0 0
34 421842 D 7 1 421540 35 0 99 7 0 2 0 4 69 6 1 9 6 0 31 0 25 0
35 385917 G 10 0 0 39 0 385726 0 0 1 1 0 1 1 0 78 13 0 23 0 0 24
36 401691 I 0 0 0 2 15 0 0 401543 0 6 7 24 0 0 0 4 32 58 0 0 0
37 371893 G 14 0 2 44 0 371704 3 0 0 0 8 0 0 0 68 0 0 22 0 0 28
38 342396 R 0 0 0 1 0 6 2 0 0 23 0 0 8 59 342226 0 0 0 0 0 71
39 366290 F 0 8 0 0 366079 1 0 17 0 114 0 0 0 1 0 45 0 6 0 18 1
40 352146 Y 0 55 3 0 22 0 152 6 0 1 0 21 0 0 3 4 2 0 0 351780 97
41 307788 I 0 0 0 1 23 1 12 307627 3 3 3 30 0 0 3 3 41 38 0 0 0
42 301287 Q 0 0 1 10 1 0 22 0 36 17 0 0 11 301112 42 1 0 0 0 0 34
43 291649 M 0 2 0 0 0 0 1 62 15 9 291479 2 0 0 4 0 31 43 0 1 0
44 337093 C 0 336859 0 0 15 5 0 1 0 1 0 0 0 0 74 44 0 1 11 59 23
45 325324 T 48 0 0 0 0 0 0 35 0 0 0 12 6 1 0 40 325182 0 0 0 0
46 356647 E 18 0 21 356462 0 47 0 0 40 1 0 0 0 16 0 0 0 13 0 0 29
47 417410 L 0 0 0 0 41 0 20 20 3 417214 0 1 86 2 8 0 8 7 0 0 0
48 420624 K 0 0 0 44 0 0 0 13 420436 4 0 41 0 3 47 0 4 0 0 0 32
49 414617 L 0 0 1 0 35 0 24 27 0 414448 0 0 67 1 3 0 4 7 0 0 0
50 413202 S 0 11 0 0 0 101 0 17 0 1 1 32 0 2 38 412997 2 0 0 0 0
51 454522 D 3 0 454276 22 0 94 8 0 0 0 0 54 0 2 0 0 0 30 0 30 3
52 488860 Y 1 73 2 0 37 0 84 1 0 4 11 11 0 0 0 2 0 1 1 488556 76
53 473784 E 6 2 84 473414 0 118 1 0 72 0 0 1 0 9 3 0 0 31 2 0 41
54 429834 G 5 0 0 65 0 429320 2 0 0 1 0 0 283 0 58 26 0 25 49 0 0
55 397877 R 0 0 2 0 0 35 1 0 1 38 0 0 13 88 397573 0 1 0 0 0 125
56 393925 L 0 0 0 0 6 0 0 0 0 393769 13 0 103 20 4 0 0 10 0 0 0
57 413358 I 0 0 0 0 34 0 1 413172 0 2 9 31 0 0 0 2 59 48 0 0 0
58 398345 Q 0 0 0 14 0 0 20 0 34 32 1 2 1 398105 85 0 0 0 0 0 51
59 379822 N 0 0 52 0 0 0 2 20 34 0 0 379614 0 0 0 64 10 0 0 26 0
60 295629 S 0 2 0 0 0 42 0 25 0 5 0 34 0 1 33 295480 7 0 0 0 0
61 296153 L 0 0 0 0 22 0 0 11 0 295973 0 0 4 0 0 100 0 9 0 4 30
62 273956 T 49 2 0 0 0 1 12 29 13 0 0 5 3 0 53 27 273761 0 0 0 1
63 284858 I 1 0 0 0 1 0 0 284665 21 16 66 0 0 1 4 0 48 32 0 1 2
64 294424 E 4 0 20 294272 0 57 0 0 23 0 0 0 0 7 1 0 0 17 0 0 23
65 283966 R 0 0 0 1 0 42 0 13 30 0 0 1 1 1 283835 20 7 0 1 0 14
66 292953 M 0 0 0 1 0 2 0 90 25 20 292725 3 0 0 8 0 41 38 0 0 0
67 280239 V 41 0 0 30 0 16 0 1 0 26 39 0 0 1 0 0 0 280084 1 0 0
68 304484 L 0 1 0 0 17 0 11 17 0 304360 0 0 57 0 5 0 0 16 0 0 0
69 318584 S 1 4 1 0 21 0 0 0 0 1 0 0 65 0 0 318446 20 0 0 25 0
70 344421 A 344166 8 39 0 1 8 0 0 0 1 0 0 11 0 0 25 129 33 0 0 0
71 333302 F 3 4 0 0 333131 0 1 17 0 89 0 0 1 0 13 29 0 3 0 8 3
72 335190 D 5 0 334990 21 0 80 4 0 0 1 0 42 0 0 0 0 11 16 1 19 0
73 306351 E 3 0 14 306134 0 45 0 0 95 0 0 0 1 10 1 0 1 23 0 0 24
74 314746 R 0 0 0 3 0 71 0 16 45 0 0 0 0 0 314568 22 4 0 0 0 17
75 323540 R 0 0 0 1 1 66 0 0 34 0 33 0 0 0 323360 32 6 0 7 0 0
76 342240 N 0 1 64 7 0 1 1 22 27 1 1 342021 0 0 0 70 2 0 0 22 0
77 343847 K 1 0 0 45 0 0 0 17 343669 0 0 27 0 2 60 1 3 0 0 0 22
78 281282 Y 0 23 1 0 19 0 44 1 0 0 0 15 0 0 0 4 0 0 0 281165 10
79 274676 L 0 0 0 0 0 2 0 0 1 274541 25 0 74 23 2 0 1 7 0 0 0
80 254758 E 0 0 12 254630 0 43 0 1 30 1 0 1 0 4 0 0 0 17 0 0 19
81 239942 E 1 0 25 239826 0 25 0 0 31 0 0 0 0 5 1 0 0 12 0 0 16
82 276746 H 1 0 11 0 3 0 276611 0 0 7 0 18 2 22 33 1 6 0 0 31 0
83 376302 P 9 1 0 1 0 0 32 1 1 25 0 0 376126 0 14 55 36 0 1 0 0
84 377143 S 2 9 0 0 0 88 0 18 0 1 0 50 2 3 48 376915 7 0 0 0 0
85 398531 A 398208 0 1 20 0 15 1 0 0 0 1 0 10 5 25 29 163 52 0 0 1
86 434125 G 18 0 1 48 0 433874 0 0 0 0 0 0 0 0 87 0 0 49 48 0 0
87 453241 K 0 0 0 134 0 1 0 0 452858 0 21 99 0 3 94 0 8 0 0 0 23
88 464383 D 0 0 464153 47 0 70 10 8 0 0 0 44 0 0 0 0 0 23 0 28 0
89 428430 P 3 0 0 0 0 0 49 0 1 39 0 0 428238 2 35 33 30 0 0 0 0
90 428596 K 0 0 0 62 0 0 1 2 428403 0 6 27 0 5 69 2 10 0 0 0 9
91 399281 K 0 0 0 52 0 0 0 11 399145 0 0 10 0 0 47 0 4 0 0 0 12
92 362309 T 34 0 0 0 0 0 0 15 1 5 0 19 19 0 0 29 362187 0 0 0 0
93 359134 G 9 0 0 29 0 358993 0 0 0 1 0 0 0 0 43 0 0 27 2 0 30
94 336405 G 6 0 2 28 0 336276 0 0 0 0 0 0 0 0 53 0 1 10 0 0 29
95 350303 P 7 0 2 0 0 0 31 0 0 26 0 0 350181 2 6 35 13 0 0 0 0
96 376188 I 0 0 0 1 0 0 0 375973 35 33 46 1 2 0 5 0 43 45 0 4 0
97 387706 Y 0 48 4 0 38 0 65 2 0 0 0 20 0 1 0 3 0 0 1 387482 42
98 331120 K 0 0 0 58 0 0 0 0 330900 0 25 29 0 5 61 1 16 0 0 0 25
99 240847 R 0 0 0 0 0 46 0 12 35 2 0 0 0 0 240712 18 7 0 1 0 14
100 237791 V 32 0 0 26 0 4 0 31 0 12 1 0 0 0 1 0 0 237683 0 1 0
101 281364 D 3 0 281193 34 1 39 8 0 0 1 1 42 0 0 0 0 0 20 0 22 0
102 290009 R 0 0 0 0 0 51 0 9 43 0 0 0 0 1 289873 13 5 0 0 0 14
103 301235 K 0 0 0 41 0 0 0 0 301110 0 1 9 0 0 58 0 1 0 0 0 15
104 308598 W 1 27 0 0 0 3 0 3 0 24 0 0 1 0 48 13 0 2 308406 0 70
105 316649 M 0 0 0 0 0 0 0 76 21 20 316433 0 1 0 5 0 39 54 0 0 0
106 333933 R 0 0 0 0 0 83 0 0 39 1 52 1 0 0 333671 45 10 0 31 0 0
107 331442 E 2 0 17 331174 0 42 1 0 165 0 0 2 0 11 0 0 0 13 0 0 15
108 331387 L 0 0 0 0 35 0 22 30 0 331230 0 0 58 0 3 3 1 5 0 0 0
109 319353 V 53 0 14 0 9 4 0 64 0 8 0 0 0 0 0 2 0 319199 0 0 0
110 351089 L 0 0 0 0 27 0 14 40 1 350932 0 0 66 0 3 0 0 6 0 0 0
111 338515 Y 0 58 2 0 30 0 87 0 0 3 14 5 0 0 0 6 0 0 0 338276 34
112 298453 D 4 0 298210 29 0 47 6 0 0 0 0 107 0 0 0 0 2 29 0 14 5
113 276979 K 0 0 0 28 0 0 0 20 276844 2 0 20 0 18 34 0 2 0 0 0 11
114 319254 E 2 0 13 319095 0 52 0 0 50 1 0 0 0 6 2 0 0 14 0 0 19
115 361549 E 1 0 17 361362 0 62 0 0 44 0 0 0 0 6 10 0 0 27 0 0 20
116 389603 I 0 0 1 0 0 1 0 389347 17 17 85 7 0 0 3 0 66 55 0 1 3
117 378112 R 0 0 0 0 0 67 0 0 45 1 38 0 0 0 377904 27 8 0 21 0 1
118 372962 R 2 0 1 0 0 19 1 0 0 27 0 0 9 71 372778 0 0 0 0 0 54
119 402902 I 0 0 0 0 13 1 0 402751 0 7 8 27 0 0 1 3 40 51 0 0 0
120 375205 W 0 24 0 0 0 10 0 0 0 21 0 0 0 0 106 8 0 0 374950 0 86
121 387264 R 1 118 0 0 0 18 103 0 0 27 0 0 16 0 386943 38 0 0 0 0 0
122 365409 Q 0 0 0 11 0 1 16 0 19 12 0 0 6 365243 58 1 0 0 0 0 42
123 417702 A 417463 0 27 0 0 10 0 0 0 0 0 0 13 1 0 30 91 67 0 0 0
124 453666 N 0 0 69 0 0 0 7 37 55 0 0 453427 0 5 0 49 2 0 0 15 0
125 439938 N 0 0 78 0 0 0 1 28 27 0 1 439707 0 1 1 59 9 0 0 21 5
126 353026 G 5 33 43 0 0 352890 0 0 0 0 0 0 0 0 6 39 0 10 0 0 0
127 350766 D 4 0 350500 36 0 70 7 0 0 0 1 107 0 1 0 0 0 24 0 16 0
128 343024 D 3 0 342808 32 0 54 10 0 0 0 0 67 0 0 0 1 0 27 0 22 0
129 350972 A 350766 0 0 20 0 11 0 0 0 0 1 0 10 1 0 18 89 55 0 0 1
130 308779 T 39 0 0 0 0 0 0 26 21 0 0 1 1 1 8 14 308667 0 0 0 1
131 281014 A 280937 0 13 0 0 3 0 0 0 0 0 0 10 0 0 10 23 17 0 1 0
132 354263 G 9 24 37 0 0 354066 0 68 0 2 0 0 0 0 8 34 0 15 0 0 0
133 372968 L 1 0 0 0 0 0 0 187 0 372615 32 1 98 14 8 1 0 11 0 0 0
134 444325 T 86 0 3 0 0 0 2 33 0 0 0 18 3 0 0 49 444131 0 0 0 0
135 458367 H 0 0 9 0 0 0 458112 3 0 24 0 36 6 38 85 5 2 0 0 46 1
136 481051 M 0 0 0 0 0 0 0 136 31 41 480655 0 0 0 13 1 81 93 0 0 0
137 492108 M 0 0 0 0 0 1 0 114 41 26 491753 0 1 0 2 0 74 94 0 0 2
138 448842 I 0 0 0 0 26 1 1 448674 0 1 13 29 0 1 0 2 45 45 2 0 2
139 427267 W 0 49 0 0 0 12 0 0 1 25 0 0 0 0 158 14 0 0 426879 2 127
140 412027 H 1 0 27 0 0 0 411805 2 0 21 0 28 4 14 59 1 1 0 0 64 0
141 409159 S 4 19 0 0 39 3 0 1 0 0 0 0 89 0 0 408951 23 0 0 29 1
142 403604 N 0 1 79 0 0 0 3 22 15 0 0 403419 0 1 0 47 4 0 0 13 0
143 395552 L 0 0 0 1 34 0 1 0 0 395426 9 0 0 0 0 58 0 0 4 0 19
144 371578 N 0 0 73 1 0 0 1 14 36 0 1 371387 0 1 0 38 3 0 0 23 0
145 355017 D 4 0 354843 21 0 50 8 1 0 0 0 36 0 0 0 0 0 27 0 26 1
146 346668 T 83 0 1 0 0 0 0 45 21 0 0 0 2 2 11 24 346476 0 0 1 2
147 455453 T 53 1 0 0 0 2 3 44 20 0 0 4 5 0 11 33 455276 0 0 1 0
148 415093 Y 0 49 1 0 30 0 65 7 0 0 0 17 0 1 0 7 1 0 0 414876 39
149 419694 Q 0 0 0 12 0 0 29 0 30 29 0 1 17 419395 124 0 2 1 0 0 54
150 401543 R 0 0 2 2 0 71 0 0 64 0 32 0 0 0 401330 18 10 0 14 0 0
151 442832 T 84 0 1 1 0 2 0 47 16 0 0 0 1 1 11 51 442617 0 0 0 0
152 464737 R 0 0 0 1 0 105 0 37 54 1 2 0 0 5 464470 17 13 0 0 1 31
153 512979 A 512777 0 34 0 0 14 0 0 0 0 0 0 16 0 0 44 61 33 0 0 0
154 548078 L 0 0 1 0 33 0 41 50 0 547848 0 0 86 1 7 2 1 8 0 0 0
155 556585 V 66 2 39 1 20 10 0 64 0 8 1 0 0 0 0 0 0 556372 0 0 2
156 568279 R 0 114 0 1 0 22 192 1 0 28 0 0 22 0 567854 45 0 0 0 0 0
157 572097 T 90 0 0 0 0 0 3 85 4 1 0 26 6 0 1 47 571834 0 0 0 0
158 583748 G 29 32 159 0 0 583272 1 0 0 0 0 0 0 1 8 208 0 38 0 0 0
159 608004 M 0 0 0 0 0 0 3 173 25 45 607541 0 2 0 11 0 87 116 1 0 0
160 700521 D 4 0 700169 66 1 106 15 3 0 0 0 86 0 2 1 0 0 37 0 31 0
161 622851 P 22 0 2 1 0 0 66 4 0 49 1 0 622565 8 19 69 45 0 0 0 0
162 590312 R 0 1 2 2 0 167 0 1 71 0 49 1 0 0 589953 37 11 3 14 0 0
163 540178 M 1 0 0 0 1 2 1 154 30 46 539794 1 0 0 11 1 51 82 3 0 0
164 533523 C 0 533079 0 0 33 11 0 0 0 1 1 0 0 0 85 71 1 3 16 175 47
165 512205 S 15 8 0 0 28 1 0 0 0 1 0 0 110 1 0 511983 18 0 0 39 1
166 505618 L 0 0 3 0 0 2 0 0 0 505318 113 0 123 44 8 0 1 5 0 0 1
167 497097 M 1 1 1 0 0 0 0 172 34 36 496696 0 0 0 8 0 80 67 0 0 1
168 469871 Q 1 1 0 15 0 1 53 0 36 21 0 0 9 469475 151 0 1 0 0 0 107
169 434094 G 9 22 38 0 0 433955 0 0 0 3 0 0 0 0 3 44 0 20 0 0 0
170 460572 S 4 0 0 0 1 0 0 0 0 128 0 0 48 2 0 460296 34 0 21 0 38
171 453477 T 82 0 1 0 0 0 1 26 1 2 0 18 4 0 0 38 453298 6 0 0 0
172 484868 L 0 2 0 0 41 0 38 44 0 484606 0 0 124 0 2 0 0 11 0 0 0
173 622274 P 14 1 1 0 1 0 77 1 0 71 0 0 621977 6 13 59 53 0 0 0 0
174 617261 R 0 0 0 0 0 120 0 2 43 1 49 0 2 0 616953 45 12 0 31 0 3
175 486444 R 0 0 0 1 0 111 0 0 47 0 23 0 0 0 486213 17 5 0 27 0 0
176 523424 S 3 9 0 0 31 4 0 0 0 1 0 0 75 0 0 523238 26 4 0 33 0
177 545579 G 8 0 1 65 0 545310 0 1 1 0 0 0 0 0 83 1 0 31 1 0 77
178 527693 A 527485 0 35 0 0 8 0 0 0 0 0 1 10 0 0 32 62 60 0 0 0
179 546944 A 546504 2 3 41 0 18 0 0 0 0 0 0 18 0 0 46 207 104 0 0 1
180 563894 G 8 45 55 0 1 563664 0 0 0 0 0 0 0 1 13 75 0 32 0 0 0
181 562322 A 562029 0 26 0 0 8 0 0 1 0 0 0 19 0 0 34 152 53 0 0 0
182 577683 A 577082 0 0 59 0 24 0 0 0 0 0 0 15 1 0 32 218 252 0 0 0
183 613734 V 71 0 35 0 24 6 1 59 0 9 1 0 0 0 0 18 0 613510 0 0 0
184 621587 K 0 0 0 88 0 0 1 37 621233 1 0 78 0 34 71 1 8 0 0 0 35
185 531202 G 12 0 0 84 0 530960 0 1 0 0 0 0 0 1 74 0 1 25 0 0 44
186 519704 V 69 1 36 1 18 1 0 66 0 14 0 0 1 2 0 9 0 519486 0 0 0
187 511767 G 20 0 4 69 0 511470 0 0 0 4 0 0 2 0 87 0 0 38 72 0 1
188 406814 T 89 0 2 2 0 0 0 55 23 0 0 1 1 8 28 39 406566 0 0 0 0
189 324171 M 1 0 0 0 0 0 0 80 25 20 323936 0 0 1 5 1 44 55 3 0 0
190 313869 V 56 0 0 31 0 5 0 0 0 12 37 0 1 1 0 2 0 313720 0 0 4
191 299610 M 0 0 0 0 0 0 0 71 19 25 299424 0 0 0 2 0 32 35 1 0 1
192 269124 E 1 0 16 268953 0 74 1 0 25 1 1 0 0 7 0 0 0 20 0 0 25
193 339494 L 0 0 0 0 28 0 0 0 0 339372 17 0 0 3 1 44 0 7 5 0 17
194 401848 I 1 0 4 4 0 0 0 401626 9 28 65 0 1 0 3 0 58 49 0 0 0
195 380607 R 0 0 0 0 0 83 0 1 39 0 41 0 0 0 380382 38 6 0 17 0 0
196 395255 M 1 1 0 0 0 1 0 79 32 22 395013 1 0 0 5 0 32 68 0 0 0
197 418222 I 1 0 8 0 43 0 0 417965 0 1 20 33 0 0 0 5 72 74 0 0 0
198 397629 K 0 0 0 61 0 0 0 6 397434 1 0 54 2 9 51 0 5 0 0 0 6
199 373802 R 2 35 0 0 0 4 66 0 0 15 0 0 7 0 373645 26 2 0 0 0 0
200 368580 G 14 0 0 51 0 368367 0 0 1 0 0 0 0 0 79 0 0 33 35 0 0
201 367344 I 0 0 1 0 20 1 0 367170 1 1 7 26 0 0 0 4 50 63 0 0 0
202 374385 N 0 0 92 0 0 0 3 18 36 0 7 374167 0 1 0 43 2 0 0 16 0
203 346498 D 1 1 346331 34 0 49 3 1 0 0 0 32 0 0 0 0 0 27 0 19 0
204 361991 R 0 0 0 0 0 9 0 0 0 34 0 0 7 102 361769 1 0 0 69 0 0
205 376935 N 1 0 61 3 2 0 3 14 28 1 0 376732 0 0 0 76 4 0 0 10 0
206 451852 F 0 9 0 0 451608 0 0 28 0 116 0 0 2 0 0 57 2 12 0 18 0
207 465887 W 0 43 1 1 0 8 0 0 1 51 0 0 0 0 176 16 0 0 465437 0 153
208 350023 R 0 0 0 1 0 115 0 23 27 0 0 1 0 0 349788 37 8 0 0 0 23
209 373127 G 5 24 47 1 0 372989 0 0 0 0 0 0 0 0 10 34 1 14 0 0 2
210 393865 E 2 0 31 393647 2 59 0 0 49 0 0 0 0 6 0 0 0 31 0 0 38
211 384609 N 0 0 54 0 0 0 7 19 27 0 11 384440 0 0 0 40 7 0 0 4 0
212 364393 G 10 0 1 44 0 364225 0 0 0 1 0 0 0 0 70 0 0 16 0 0 26
213 356303 R 0 0 1 0 0 10 0 0 0 15 0 0 8 68 356098 0 2 0 0 0 101
214 345783 K 0 0 0 38 0 0 0 3 345666 0 0 19 0 4 43 0 1 0 0 0 9
215 341532 T 38 0 0 0 0 0 0 26 13 0 0 5 48 18 12 29 341343 0 0 0 0
216 318711 R 0 0 0 2 0 54 0 0 46 0 34 0 0 0 318538 24 4 0 9 0 0
217 294482 S 0 12 0 1 0 60 0 5 0 0 1 45 0 0 33 294321 4 0 0 0 0
218 305462 A 305310 2 17 0 0 12 0 0 0 0 0 0 7 0 0 25 56 32 0 0 1
219 304450 Y 0 44 3 1 18 0 48 0 0 2 0 4 0 0 0 9 6 0 0 304285 30
220 310394 E 5 0 27 310207 0 41 0 0 58 0 0 0 0 4 2 0 2 21 0 1 26
221 274729 R 0 0 0 1 0 43 0 11 36 1 1 1 0 0 274597 17 7 1 0 0 13
222 235040 M 0 1 0 1 0 0 0 49 28 13 234870 6 0 0 3 0 30 39 0 0 0
223 300097 C 1 299851 0 0 17 9 0 0 0 2 1 0 0 0 58 57 0 4 13 65 19
224 315203 N 0 0 46 1 0 0 8 25 22 0 0 315048 0 1 0 32 4 0 0 16 0
225 332920 I 0 0 0 0 17 0 0 332757 0 4 5 15 0 0 0 11 68 43 0 0 0
226 346806 L 0 0 0 0 22 0 32 25 0 346620 0 0 90 0 2 4 1 10 0 0 0
227 360176 K 0 0 0 61 0 0 0 22 359996 0 0 18 0 17 39 1 0 0 0 0 22
228 367504 G 7 0 0 36 0 367365 0 0 0 0 0 0 0 0 60 0 0 8 0 0 28
229 379482 K 0 0 0 46 1 0 0 10 379316 0 0 38 0 3 56 0 1 0 0 0 11
230 392072 F 1 1 0 0 391895 0 0 32 0 90 0 0 2 0 0 40 0 2 0 9 0
231 372727 Q 0 0 0 14 0 0 20 0 41 13 0 0 1 372481 115 5 0 0 0 0 37
232 356489 T 61 0 0 0 0 0 0 23 27 0 2 1 14 0 3 15 356343 0 0 0 0
233 341155 A 341036 0 26 0 0 5 0 0 0 0 0 0 5 0 0 21 34 28 0 0 0
234 291206 A 290992 1 0 25 0 11 2 0 0 0 0 0 19 1 0 18 97 40 0 0 0
235 286026 Q 0 0 0 7 0 1 18 1 22 8 1 0 3 285863 57 0 9 0 0 0 36
236 281719 R 0 1 0 0 0 97 0 2 43 0 31 0 0 1 281511 16 3 1 13 0 0
237 283769 A 283575 0 1 21 0 32 0 0 0 0 1 0 8 4 4 14 40 68 1 0 0
238 296970 M 0 0 0 0 0 0 0 77 15 14 296781 2 2 0 5 1 28 42 0 0 3
239 262633 M 0 0 2 1 0 0 0 66 16 21 262434 0 0 0 6 0 40 47 0 0 0
240 316125 D 1 0 315936 27 0 57 11 0 0 0 0 44 0 0 0 0 0 18 0 31 0
241 301521 Q 0 0 0 8 0 0 13 1 23 20 1 1 3 301345 79 0 0 0 0 0 27
242 350372 V 54 0 0 22 0 5 0 0 1 20 53 0 0 0 0 0 11 350205 0 0 1
243 351454 R 0 0 0 1 0 84 0 18 58 0 0 0 0 0 351218 31 8 0 0 2 34
244 342369 E 0 0 14 342206 0 59 0 0 47 0 1 0 0 6 2 0 1 13 0 0 20
245 368183 S 1 4 0 0 0 113 0 8 0 0 0 36 0 1 36 367978 5 1 0 0 0
246 359715 R 0 0 0 1 0 7 0 0 0 44 0 0 10 102 359490 1 0 1 59 0 0
247 364670 N 0 0 47 1 0 0 3 16 49 1 0 364490 0 0 0 46 11 0 0 6 0
248 399270 P 6 0 0 0 0 0 0 0 1 41 0 0 399109 45 11 27 30 0 0 0 0
249 415516 G 4 0 0 50 0 415321 0 0 0 0 0 0 0 0 62 1 0 29 0 0 49
250 399442 N 0 0 55 0 0 0 3 18 18 0 2 399287 1 0 1 39 4 0 0 14 0
251 423851 A 423619 1 37 0 0 11 0 0 0 2 0 0 12 0 0 30 72 67 0 0 0
252 415550 E 2 0 20 415309 0 84 0 0 58 1 0 0 0 9 3 0 0 33 0 0 31
253 427494 I 0 0 1 0 33 0 0 427297 0 3 11 28 0 0 3 4 46 68 0 0 0
254 411844 E 4 0 27 411575 1 59 0 1 94 1 0 0 0 10 1 0 0 37 0 0 34
255 415525 D 3 0 415342 26 0 56 9 1 0 0 0 34 0 0 0 1 0 34 0 19 0
256 396469 L 0 0 0 0 31 0 30 30 0 396280 1 0 87 1 2 0 0 7 0 0 0
257 399812 I 1 0 0 0 11 0 4 399500 0 34 10 31 0 0 0 112 45 64 0 0 0
258 361429 F 0 2 0 0 361263 0 0 28 1 74 0 0 2 0 0 44 0 3 0 12 0
259 353032 L 0 0 0 0 0 0 0 0 0 352929 30 0 41 19 5 1 0 7 0 0 0
260 359527 A 359268 1 0 22 0 28 0 0 0 0 0 0 9 0 0 21 87 91 0 0 0
261 303253 R 1 0 0 0 0 7 0 0 0 23 0 0 3 54 303092 0 0 0 73 0 0
262 376462 S 6 9 0 0 46 1 0 0 0 0 0 0 38 0 1 376317 17 0 0 27 0
263 365066 A 364750 0 0 24 0 26 1 0 0 0 0 0 18 1 0 20 121 104 0 1 0
264 299074 L 0 0 1 1 41 0 19 29 0 298909 0 0 59 0 4 0 0 11 0 0 0
265 316818 I 0 0 0 0 0 0 1 316604 17 29 52 2 1 2 0 2 56 51 0 1 0
266 343257 L 0 0 0 5 30 0 0 2 0 343106 20 0 0 0 1 49 1 13 5 4 21
267 363073 R 0 0 1 1 0 80 0 24 75 0 0 0 0 0 362831 23 12 0 0 0 26
268 406087 G 9 0 0 49 0 405853 0 1 0 0 0 0 0 0 92 0 0 50 33 0 0
269 425228 S 9 0 0 0 0 0 0 5 2 59 0 0 70 0 0 425004 34 0 0 0 45
270 429924 V 49 0 36 0 8 4 0 44 0 5 0 1 0 0 0 0 0 429777 0 0 0
271 417463 A 417258 1 20 0 0 16 0 0 0 1 0 0 19 0 0 21 77 50 0 0 0
272 418467 H 0 0 7 0 0 1 418271 0 0 33 0 16 2 33 47 3 0 0 0 53 1
273 416870 K 0 0 0 33 0 1 0 16 416721 2 0 43 0 6 30 0 3 0 0 0 15
274 398220 S 1 4 0 0 21 0 0 1 0 11 0 1 44 0 0 398101 17 0 0 19 0
275 365586 C 0 365428 0 1 8 2 0 0 0 1 0 0 0 0 46 10 0 6 6 38 40
276 309489 L 1 1 0 0 0 0 0 0 0 309404 30 0 12 33 1 0 0 7 0 0 0
277 227831 P 19 0 0 0 0 0 43 0 0 50 0 0 227582 0 10 105 22 0 0 0 0
278 196020 A 195824 1 29 0 2 5 0 0 0 0 0 1 16 0 0 28 84 30 0 0 0
279 170967 C 0 170737 0 0 19 11 0 0 0 2 0 0 1 0 124 8 1 3 5 43 13
280 155405 V 27 2 0 13 0 3 0 0 0 14 23 0 0 0 0 0 0 155323 0 0 0
281 101867 Y 0 10 2 0 8 0 31 0 0 0 0 5 0 0 0 0 0 1 2 101795 13
282 54489 G 3 0 1 20 0 54432 0 0 0 0 0 0 0 1 16 2 0 5 0 0 9
283 110623 P 5 1 0 0 0 2 17 0 0 21 0 0 110532 1 4 32 7 0 0 1 0
284 242906 A 242674 1 21 0 0 7 0 0 0 3 0 0 11 0 0 37 88 64 0 0 0
285 247068 V 77 0 0 27 0 2 0 78 0 28 0 0 0 0 1 0 0 246855 0 0 0
286 286657 A 286544 0 10 0 0 6 0 0 0 2 0 0 5 0 0 36 29 25 0 0 0
287 377050 S 0 32 0 0 0 82 0 17 0 0 0 72 6 2 120 376705 14 0 0 0 0
288 418803 G 7 18 38 0 0 418657 0 0 0 0 0 0 0 0 7 46 0 30 0 0 0
289 424528 Y 0 61 0 0 21 1 362 0 0 0 0 13 0 0 1 5 0 0 0 424036 28
290 469059 D 1 0 468832 20 0 61 8 0 0 0 0 98 0 0 0 0 0 20 0 19 0
291 473207 F 0 1 0 0 472996 0 0 6 0 120 0 0 0 0 1 58 0 2 0 23 0
292 477008 E 0 0 18 476711 0 101 0 0 96 0 0 0 0 7 22 7 0 15 0 0 31
293 473758 K 0 0 0 52 0 0 0 16 473601 0 0 20 0 6 51 1 2 0 0 0 9
294 463740 E 6 0 43 463365 0 146 1 0 107 0 0 0 0 8 11 0 0 30 0 0 23
295 439731 G 11 0 4 77 0 439509 0 2 0 0 0 0 0 0 51 1 0 38 0 0 38
296 379918 Y 1 58 1 0 28 0 44 0 0 1 0 29 3 0 0 5 1 0 0 379708 39
297 329755 S 3 4 0 0 17 0 0 0 3 3 0 0 52 0 0 329625 27 0 1 19 1
298 311691 L 0 1 0 0 33 0 0 11 0 311567 0 0 0 0 0 40 0 4 0 0 35
299 344637 V 42 1 0 29 0 8 0 0 0 23 35 1 1 0 0 3 1 344481 10 0 2
300 244927 G 7 0 0 49 0 244093 0 697 0 1 0 1 0 0 32 0 0 21 1 0 25
301 415196 I 0 1 0 6 0 1 0 413578 37 32 1402 11 1 0 5 0 56 59 0 0 7
302 412687 D 3 0 411028 43 2 55 14 0 1 0 0 1445 2 0 12 0 4 38 0 40 0
303 398982 P 7 0 0 1 0 0 51 0 0 28 0 0 398829 0 5 29 31 1 0 0 0
304 449409 F 0 0 0 0 449163 1 0 26 0 99 0 0 1 0 0 85 0 3 0 31 0
305 449337 K 0 0 0 63 0 0 1 13 449109 0 0 53 0 20 58 0 5 0 0 0 15
306 450656 L 0 0 0 0 0 0 0 0 0 450519 27 0 75 19 7 0 1 8 0 0 0
307 464044 L 8 0 1 0 27 18 17 31 0 463863 0 0 66 0 4 0 0 9 0 0 0
308 469199 Q 0 0 0 12 0 1 46 0 32 21 0 0 4 468950 82 11 0 0 0 0 40
309 465976 N 0 0 45 0 0 1 4 23 54 0 1 465679 0 0 0 75 84 0 0 10 0
310 456519 S 2 68 0 0 0 86 0 23 1 0 1 87 0 1 53 456181 16 0 0 0 0
311 483139 Q 0 0 1 20 0 0 21 0 44 31 0 0 7 482870 81 1 1 0 0 0 62
312 520698 V 68 0 0 38 1 5 0 71 0 40 0 0 1 0 0 0 1 520471 0 2 0
313 488205 Y 0 70 3 0 44 0 68 2 0 0 0 19 0 0 1 6 0 0 0 487934 58
314 483528 S 2 20 0 0 0 128 0 29 0 0 0 72 0 0 47 483213 16 0 0 0 1
315 476683 L 0 2 0 0 0 1 0 36 0 476454 0 0 135 34 5 0 0 14 0 0 2
316 549371 I 0 1 0 0 29 0 0 549150 1 4 8 41 1 0 0 3 76 57 0 0 0
317 510018 R 0 1 0 0 0 165 0 26 57 0 0 1 1 1 509709 26 16 0 0 0 15
318 504595 P 27 0 0 0 0 0 0 1 0 72 0 0 504339 43 10 58 43 0 0 1 1
319 516702 N 0 0 34 0 0 0 2 17 33 0 0 516516 0 0 1 73 5 0 0 21 0
320 540163 E 2 0 52 539873 0 69 0 0 73 1 0 0 0 9 0 0 0 38 0 0 46
321 565712 N 0 0 71 1 0 0 1 27 54 0 0 565442 0 0 0 93 5 0 0 18 0
322 574813 P 8 0 0 0 0 0 0 0 0 85 0 0 574568 52 19 45 36 0 0 0 0
323 581904 A 581615 0 1 48 0 15 1 1 0 0 0 0 17 0 1 31 88 86 0 0 0
324 611436 H 0 0 13 0 0 0 611104 0 1 51 0 24 20 70 77 0 2 2 0 72 0
325 613990 K 0 0 0 141 0 0 0 0 613579 0 43 29 0 11 147 0 14 0 2 0 24
326 522572 S 0 30 0 0 0 87 0 21 0 1 0 90 0 0 51 522277 13 2 0 0 0
327 513788 Q 0 0 0 15 0 1 56 0 39 21 3 0 10 513411 158 0 0 0 0 0 74
328 417190 L 3 0 1 0 0 0 1 0 0 417050 40 0 56 16 11 0 0 12 0 0 0
329 465834 V 60 4 0 34 2 9 0 0 0 27 42 0 0 0 0 0 0 465650 6 0 0
330 430779 W 0 47 13 0 0 14 1 0 0 31 1 0 0 0 71 15 0 4 430470 0 112
331 403229 M 0 0 0 2 0 0 0 100 26 31 402956 0 0 0 5 0 38 71 0 0 0
332 419311 A 419028 0 0 17 0 23 0 0 0 2 0 0 14 1 0 37 93 96 0 0 0
333 453022 C 0 452714 0 0 22 13 0 0 0 1 1 0 0 0 104 34 0 0 14 84 35
334 467945 N 2 0 75 0 0 0 8 30 16 1 0 467731 0 0 0 60 2 0 0 20 0
335 427985 S 3 21 0 1 26 0 0 0 0 1 0 0 32 1 0 427857 15 0 0 28 0
336 411162 A 410923 0 46 1 0 25 0 0 0 1 0 1 12 0 0 24 86 43 0 0 0
337 395647 A 395433 1 0 19 0 37 0 0 0 0 0 0 14 0 0 27 56 60 0 0 0
338 409962 F 0 3 0 0 409759 0 0 22 0 75 0 29 0 0 0 60 0 5 0 7 2
339 400413 E 2 0 51 400157 0 86 1 0 44 0 0 0 0 12 0 2 1 27 0 0 30
340 369320 D 3 0 369132 19 0 40 5 0 0 0 0 75 0 0 1 0 0 35 0 10 0
341 384445 L 0 0 0 0 0 0 1 37 2 384268 0 0 88 32 2 1 0 14 0 0 0
342 370793 R 0 0 0 8 0 57 0 20 46 0 0 0 0 3 370622 16 7 0 0 0 14
343 327251 V 51 0 1 14 0 5 0 48 0 20 0 0 0 0 0 0 2 327110 0 0 0
344 317730 L 0 0 0 0 24 1 0 20 1 317606 0 0 0 1 0 35 1 2 0 4 35
345 270771 S 0 7 0 0 0 32 0 18 0 1 0 24 0 0 32 270653 3 0 0 1 0
346 248582 F 0 3 0 0 248432 0 0 7 0 78 0 0 0 0 0 37 0 2 0 23 0
347 317154 I 0 0 0 0 23 0 1 316984 6 6 5 31 0 0 0 4 43 51 0 0 0
348 303201 R 0 0 1 0 0 73 0 20 33 1 0 0 0 0 303030 22 5 1 0 0 15
349 292182 G 9 0 0 34 0 292068 2 0 0 0 0 0 0 1 28 0 0 14 26 0 0
350 369563 T 68 0 8 0 0 0 0 42 1 0 0 21 9 0 0 41 369373 0 0 0 0
351 378430 K 0 0 0 44 0 0 0 13 378259 0 0 28 0 17 46 1 0 0 0 0 22
352 400440 V 48 0 0 28 1 6 0 47 0 31 0 0 0 0 0 7 0 400265 0 7 0
353 403568 S 0 8 0 0 32 0 0 15 0 0 0 1 307 1 0 403136 29 0 1 37 1
354 378714 P 7 0 0 0 0 0 0 0 1 38 0 0 378518 64 16 32 38 0 0 0 0
355 369433 R 0 0 0 0 0 91 0 0 74 5 42 0 0 0 369143 55 0 0 23 0 0
356 329134 G 9 0 0 30 0 328998 0 0 0 0 0 0 0 0 31 1 0 26 39 0 0
357 328346 K 0 0 0 90 0 0 0 18 328097 0 0 61 0 3 52 0 0 0 0 0 25
358 331619 L 0 0 0 0 17 0 10 19 0 331485 0 0 68 0 4 0 9 7 0 0 0
359 314559 S 1 11 0 0 38 0 0 0 0 1 0 0 76 0 0 314392 20 0 0 20 0
360 366778 T 53 4 1 0 0 0 4 28 1 3 0 27 8 0 0 47 366602 0 0 0 0
361 344113 R 0 0 0 1 0 51 0 16 50 7 0 2 0 0 343934 18 3 1 0 0 30
362 315555 G 8 0 0 20 0 315439 0 0 0 0 0 0 0 3 38 3 0 21 1 0 22
363 366194 V 80 0 1 17 4 2 0 54 0 30 0 0 2 0 0 1 1 366001 0 1 0
364 362791 Q 0 0 0 7 0 0 19 0 34 20 0 0 8 362586 53 0 11 0 0 3 50
365 387400 I 0 1 0 0 10 0 0 387225 0 18 6 25 0 1 1 4 51 55 0 0 3
366 340161 A 340006 3 31 0 0 10 0 0 0 3 0 0 14 0 0 30 42 22 0 0 0
367 333612 S 1 0 0 0 0 0 0 1 0 21 0 0 44 1 0 333474 28 0 0 0 42
368 339524 N 0 0 34 0 1 0 4 12 17 0 2 339411 0 0 0 33 1 0 0 9 0
369 334333 E 1 0 2 334190 1 58 0 0 36 0 0 0 0 11 0 0 0 15 0 0 19
370 344566 N 0 0 45 0 3 1 4 26 21 0 0 344353 0 0 1 45 61 0 0 6 0
371 342355 M 0 0 0 0 0 0 0 143 24 23 342059 0 0 0 7 1 42 52 3 0 1
372 357230 D 3 0 357024 35 0 67 7 0 0 0 1 53 0 0 0 0 0 20 0 20 0
373 357545 A 357388 1 22 0 0 12 0 0 0 1 0 0 9 1 0 21 62 28 0 0 0
374 397943 M 0 1 0 0 0 0 0 138 30 35 397625 0 0 0 3 0 48 59 2 2 0
375 381981 E 2 0 32 381765 0 76 0 0 47 1 0 2 0 12 0 0 0 21 0 0 23
376 295755 S 1 0 0 0 0 0 0 2 0 18 0 0 37 0 0 295659 15 0 0 1 22
377 301336 S 0 25 1 0 0 47 0 11 0 0 0 49 0 0 48 301153 2 0 0 0 0
378 279720 T 45 0 0 0 0 0 0 27 1 0 0 6 1 0 0 20 279620 0 0 0 0
379 287744 L 0 0 0 0 13 0 11 18 0 287647 0 0 47 0 3 2 0 3 0 0 0
380 291309 E 3 0 26 291166 0 38 0 1 36 0 0 0 0 5 0 0 0 25 0 0 9
381 299308 L 0 0 0 0 0 0 0 0 0 299197 14 0 70 13 4 1 3 5 0 0 1
382 314187 R 0 0 0 2 0 62 0 8 22 0 0 0 0 0 314054 17 8 0 0 0 14
383 361654 S 0 7 0 0 0 49 0 18 0 0 1 51 0 0 48 361467 13 0 0 0 0
384 390215 R 0 0 0 0 0 116 0 0 26 0 20 0 0 2 389976 40 9 0 26 0 0
385 463395 Y 0 61 7 0 23 2 65 0 0 0 1 57 1 0 0 9 1 6 0 463135 27
386 453771 W 0 53 0 0 0 9 0 0 0 66 0 2 0 0 109 19 2 1 453368 0 142
387 418129 A 417885 0 32 7 0 25 0 0 0 0 0 0 17 0 0 29 75 59 0 0 0
388 471077 I 0 1 0 0 0 1 2 470739 23 51 118 4 2 2 8 3 57 52 0 7 7
389 451408 R 0 0 0 1 0 77 0 13 59 0 0 0 0 0 451210 20 6 0 0 0 22
390 462066 T 61 0 1 0 0 0 0 26 0 2 1 30 1 0 0 37 461907 0 0 0 0
391 476425 R 0 1 0 4 1 100 0 30 45 2 1 0 3 2 476186 25 5 0 0 0 20
392 460402 S 0 18 0 0 0 44 0 14 2 0 0 53 0 0 38 460229 3 1 0 0 0
393 471475 G 12 1 0 49 0 471250 0 0 0 2 0 0 0 1 77 0 1 43 1 0 38
394 442803 G 9 0 0 44 0 442622 0 4 1 1 0 0 0 0 59 0 0 33 0 0 30
395 448902 N 0 0 77 0 0 1 6 23 44 2 0 448619 0 2 0 62 46 0 0 20 0
396 449794 T 53 0 0 0 1 0 5 36 1 1 0 30 15 0 0 46 449604 1 0 1 0
397 504527 N 0 1 72 0 1 3 4 30 43 1 0 504270 0 1 1 59 11 0 0 27 3
398 506582 Q 0 0 0 20 0 0 50 5 69 22 0 3 9 506227 134 3 0 0 0 0 40
399 451322 Q 0 1 0 15 0 3 50 4 60 22 0 0 31 450973 95 0 12 0 0 0 56
400 403438 R 0 1 0 7 0 117 0 0 70 1 46 1 0 0 403124 34 9 0 28 0 0
401 373194 A 372980 0 31 13 0 19 0 0 0 1 0 1 19 0 0 23 45 61 0 1 0
402 378405 S 2 7 0 13 25 2 0 0 0 5 1 0 80 0 1 378177 46 0 0 45 1
403 381153 A 380887 0 1 21 0 16 0 0 0 0 0 0 16 2 0 30 65 114 0 0 1
404 395171 G 6 35 62 1 0 394999 0 0 0 0 0 1 0 0 7 45 2 13 0 0 0
405 394446 Q 0 0 0 13 1 0 16 0 26 21 0 0 7 394268 45 5 2 0 0 0 42
406 411250 I 0 1 0 0 30 0 1 411053 0 6 10 26 0 0 1 10 68 44 0 0 0
407 374451 S 0 32 0 0 0 151 0 15 0 1 1 75 0 0 54 374118 2 2 0 0 0
408 377142 V 80 1 0 33 0 9 1 0 0 23 73 0 0 0 0 0 5 376917 0 0 0
409 376201 Q 1 1 145 23 0 0 41 0 23 12 0 2 3 375754 42 0 7 0 0 1 146
410 350292 P 246 0 0 0 0 0 48 0 1 31 0 7 349867 2 5 54 30 1 0 0 0
411 372273 A 371968 3 0 26 0 9 3 0 1 2 0 0 13 0 0 25 160 62 0 0 1
412 386210 F 1 4 2 0 386026 0 0 33 0 78 0 0 0 1 2 39 0 15 0 8 1
413 345700 S 3 4 0 2 34 0 0 0 0 6 0 0 45 0 0 345562 24 0 0 20 0
414 359541 V 65 2 0 36 0 9 0 0 2 29 106 0 0 1 0 0 0 359288 2 0 1
415 367144 Q 18 0 0 28 1 2 17 1 33 23 0 3 5 366880 66 0 1 0 0 0 66
416 370817 R 0 0 0 14 1 85 0 18 43 0 0 0 0 0 370618 18 12 2 0 0 6
417 340939 N 0 0 63 1 0 2 5 12 62 1 0 340670 0 0 1 41 61 0 1 19 0
418 364089 L 0 18 0 0 25 0 23 28 0 363881 0 1 101 0 0 5 1 6 0 0 0
419 395754 P 13 0 1 0 1 0 22 2 0 42 0 0 395539 42 16 32 43 1 0 0 0
420 370206 F 0 5 0 0 369874 0 0 51 1 198 0 0 2 1 1 51 0 3 0 19 0
421 378497 D 0 0 378196 30 5 98 18 2 0 0 0 74 0 0 0 0 2 31 0 37 4
422 363983 K 0 0 0 67 0 3 0 39 363593 2 9 124 0 13 86 0 2 0 0 0 45
423 356751 P 17 0 1 0 0 0 0 1 0 45 0 1 356559 32 7 62 21 1 2 0 2
424 372077 T 64 1 0 24 1 0 1 53 3 3 0 35 8 1 2 29 371849 2 0 1 0
425 378928 I 10 0 1 15 13 0 5 378704 0 10 10 34 0 0 2 6 65 48 2 0 3
426 368113 M 0 0 0 1 1 0 5 123 26 25 367779 2 0 3 3 0 93 52 0 0 0
427 340177 A 339881 0 0 22 0 22 0 0 0 37 0 0 15 0 0 27 88 81 1 0 3
428 336242 A 335999 0 1 24 1 12 0 16 0 1 0 0 9 0 0 18 91 61 0 0 9
429 334899 F 0 1 1 0 334694 0 0 35 0 83 0 2 1 0 0 40 0 13 0 29 0
430 310144 T 43 0 0 0 0 0 2 27 0 1 0 6 3 0 2 31 310029 0 0 0 0
431 327824 G 6 1 0 41 0 327628 1 0 0 1 0 0 0 0 75 0 0 25 46 0 0
432 332141 N 0 1 60 2 0 1 4 27 28 1 0 331908 0 0 0 78 5 0 0 21 5
433 355149 T 72 0 0 1 0 0 0 78 28 6 0 1 3 4 25 35 354889 2 1 2 2
434 371330 E 4 0 51 371018 0 119 0 1 62 0 1 1 0 8 14 3 0 22 1 0 25
435 394644 G 15 0 13 103 0 394365 0 2 1 0 1 0 0 0 81 0 0 29 0 0 34
436 401991 R 1 0 11 7 0 82 0 22 48 0 0 1 0 0 401756 23 4 4 0 0 32
437 413159 T 55 1 0 1 0 1 0 33 32 1 8 3 8 1 10 28 412973 0 1 0 3
438 430908 S 4 1 0 2 2 0 0 2 0 62 6 0 66 0 0 430682 34 1 0 1 45
439 421476 D 1 0 421272 37 0 62 8 4 0 5 0 45 1 3 0 1 0 21 0 16 0
440 406396 M 0 0 0 4 0 0 2 85 23 31 406110 2 0 4 8 1 59 67 0 0 0
441 388868 R 0 0 0 2 0 96 0 0 37 0 34 0 0 0 388472 189 7 0 31 0 0
442 390444 A 390088 0 0 34 0 27 0 1 0 1 0 86 12 6 1 22 99 67 0 0 0
443 395181 E 7 1 26 395005 0 50 0 1 45 0 0 0 0 12 2 1 0 11 0 0 20
444 392514 I 0 0 1 2 15 1 1 392353 3 14 9 32 0 0 0 2 38 41 0 1 1
445 436660 I 0 0 1 0 0 0 0 436326 23 29 109 0 0 18 5 0 45 86 0 9 9
446 394531 R 1 0 0 3 0 102 0 0 70 1 46 1 0 0 394245 29 3 1 28 0 1
447 390972 M 0 0 2 0 2 2 1 104 22 48 390655 3 0 1 8 0 56 65 1 0 2
448 386221 M 0 0 4 6 1 0 0 144 53 45 385815 0 0 0 7 2 59 82 2 0 1
449 354341 E 4 0 35 354110 2 93 0 0 37 0 0 1 3 13 0 0 1 18 0 0 24
450 383026 G 9 44 55 0 3 382824 0 0 0 0 0 0 0 0 3 72 0 16 0 0 0
451 425407 A 424810 54 20 60 0 24 0 0 2 2 0 1 15 1 0 25 222 169 0 0 2
452 419153 K 0 0 1 47 0 3 0 8 418902 0 0 125 0 6 44 0 9 0 0 0 8
453 402458 P 10 0 0 2 0 0 0 0 0 30 0 1 402333 39 10 20 13 0 0 0 0
454 410054 E 2 0 29 409822 0 67 0 0 68 0 0 0 0 21 2 0 0 18 0 0 25
455 413990 E 2 0 23 413686 0 99 0 0 125 1 0 1 0 7 5 0 0 17 0 1 23
456 419676 M 0 3 0 0 0 0 0 93 45 13 419404 2 0 0 11 0 53 52 0 0 0
457 406869 S 3 12 0 0 31 1 0 0 0 3 0 0 87 0 0 406650 51 1 0 26 4
458 419821 F 0 1 0 1 419493 0 0 29 0 141 0 0 1 0 0 106 1 5 1 42 0
459 400607 Q 0 0 0 40 0 1 54 2 37 33 1 0 46 400060 290 0 0 0 0 1 42
460 360731 G 13 0 0 63 0 360509 0 0 0 0 0 0 0 7 91 0 2 30 15 0 1
461 343269 R 99 0 0 8 0 67 0 0 0 49 1 0 19 118 342837 0 0 0 71 0 0
462 297173 G 15 0 0 151 0 296860 0 0 0 1 0 0 1 0 82 1 0 18 0 0 44
463 286939 V 29 1 22 1 9 3 0 50 0 11 0 0 1 0 0 5 0 286807 0 0 0
464 304961 F 0 3 0 0 304759 0 0 17 0 104 0 0 1 2 1 60 0 5 0 9 0
465 365454 E 2 0 31 365245 0 59 0 0 73 0 0 0 0 9 0 1 0 12 0 0 22
466 315137 L 0 0 1 0 32 0 10 26 0 314975 0 0 80 1 5 1 3 3 0 0 0
467 336659 S 2 0 0 0 0 1 0 0 0 73 0 0 44 2 0 336480 11 1 10 0 35
468 372402 D 1 0 372223 22 0 64 3 0 0 0 0 42 0 0 0 1 9 17 0 20 0
469 452081 E 2 0 25 451739 0 94 0 0 128 2 1 0 0 9 21 0 1 32 0 0 27
470 489845 R 0 0 0 0 0 102 1 0 87 0 69 0 1 0 489514 40 10 0 20 0 1
471 488010 A 487656 0 0 26 0 45 0 0 0 1 0 0 15 2 0 30 71 164 0 0 0
472 499560 A 499133 0 0 34 0 15 0 0 0 0 0 0 16 0 5 36 159 162 0 0 0
473 537122 N 0 0 55 5 0 0 2 26 52 0 0 536870 0 0 0 81 8 1 0 22 0
474 527556 P 8 0 2 0 0 0 0 0 1 83 0 0 527311 63 14 44 30 0 0 0 0
475 499891 I 0 0 0 0 35 0 0 499682 0 2 11 33 0 0 1 0 51 76 0 0 0
476 451941 V 82 0 0 27 0 4 0 0 0 28 142 0 0 0 4 0 0 451654 0 0 0
477 443531 P 19 0 0 0 0 4 27 0 0 42 0 0 443344 0 10 48 36 1 0 0 0
478 423755 S 8 7 1 0 28 0 0 0 0 11 0 0 91 0 0 423553 29 1 0 26 0
479 444712 F 0 5 0 0 444388 0 0 14 0 124 0 0 0 0 0 146 0 4 0 24 7
480 440258 D 1 0 439887 27 0 100 8 0 1 2 0 108 0 0 0 0 45 52 0 26 1
481 382547 M 0 0 0 2 0 0 0 87 20 22 382261 0 0 1 7 0 61 86 0 0 0
482 463562 S 0 31 0 2 0 91 0 39 1 0 2 70 0 0 39 463279 8 0 0 0 0
483 513151 N 0 0 70 0 0 0 4 29 23 2 12 512944 0 0 0 46 4 0 0 15 2
484 445854 E 2 0 35 445603 0 57 0 0 77 0 0 0 0 13 0 0 0 36 0 0 31
485 394075 G 12 1 0 31 0 393891 0 0 0 0 0 0 0 0 75 0 0 20 0 0 45
486 397522 S 3 9 0 0 15 1 1 2 0 0 0 0 40 0 0 397412 21 0 0 18 0
487 398363 Y 0 37 2 0 20 0 68 0 0 0 0 5 0 0 0 1 0 0 0 398203 27
488 393191 F 0 0 0 1 393047 0 0 12 0 63 0 0 0 0 0 51 0 2 0 15 0
489 373486 F 0 2 0 0 373306 0 0 18 0 95 0 0 1 0 0 43 0 3 0 18 0
490 372119 G 12 0 0 27 3 371927 0 0 0 0 0 0 0 0 93 0 0 21 0 0 36
491 376641 D 2 0 376443 22 0 80 2 0 0 0 1 34 0 0 0 1 0 28 0 27 1
492 382312 N 1 0 70 0 0 0 4 25 38 9 3 382099 1 1 2 48 0 0 0 11 0
493 453207 A 452658 0 0 42 0 22 0 0 0 3 2 1 39 1 1 40 283 111 0 0 4
494 379529 E 5 0 46 379278 0 86 0 0 46 0 0 0 0 13 0 1 0 12 0 0 42
495 379866 E 6 0 24 379616 0 91 0 0 70 0 0 0 3 6 0 1 0 27 0 0 22
496 366969 Y 0 76 7 0 47 0 45 0 0 0 1 24 0 0 0 12 1 0 0 366714 42
497 340546 D 2 0 340182 86 0 82 13 0 0 0 0 109 0 0 2 0 2 34 0 34 0
498 263495 N 0 0 23 1 0 0 11 90 31 1 0 263290 0 0 2 34 1 1 0 10 0
