# amino-acid counts among definitively called codons
# POSITION TOTAL_COUNTS WT N_A N_C N_D N_E N_F N_G N_H N_I N_K N_L N_M N_N N_P N_Q N_R N_S N_T N_V N_W N_Y N_STOP
1 467111 M 0 0 0 0 0 0 1 95 44 41 466801 0 0 0 1 0 64 63 1 0 0
2 447257 A 447020 0 0 36 0 24 0 0 0 1 0 0 8 0 3 39 22 104 0 0 0
3 468866 S 0 6 0 0 30 0 0 0 0 0 0 0 80 0 0 468715 10 6 0 19 0
4 470614 Q 1 0 0 5 0 0 40 2 39 23 0 2 9 470355 96 2 0 0 6 0 34
5 428299 G 8 17 55 0 0 428161 0 0 0 0 0 0 0 0 10 33 0 15 0 0 0
6 382128 T 63 0 0 0 0 0 4 27 0 1 0 7 6 0 0 37 381983 0 0 0 0
7 379581 K 1 0 0 36 0 0 0 13 379450 0 0 33 0 5 34 0 0 0 0 0 9
8 332325 R 0 0 0 0 0 8 0 0 0 16 0 0 4 49 332196 0 1 0 51 0 0
9 340015 S 8 6 0 0 27 0 0 0 0 1 0 0 40 0 0 339900 19 2 0 12 0
10 362911 Y 0 36 3 0 11 0 53 0 0 8 10 2 0 0 0 2 0 0 0 362745 41
11 325288 E 2 0 23 325143 0 34 0 0 32 0 0 5 0 5 0 0 0 23 0 0 21
12 300895 Q 0 0 0 5 0 0 19 0 11 18 1 1 6 300726 50 0 0 0 0 0 58
13 367016 M 0 0 7 1 1 0 0 82 33 34 366790 0 0 0 2 1 32 33 0 0 0
14 360242 E 1 0 9 360101 0 51 0 0 22 0 0 0 1 9 1 0 1 22 0 0 24
15 341138 T 39 1 0 0 0 0 0 16 0 1 0 11 7 1 0 30 341032 0 0 0 0
16 385625 D 1 0 385440 24 0 49 6 0 0 1 1 38 0 0 0 1 0 32 0 26 6
17 381983 G 4 0 0 32 0 381845 0 0 2 0 1 0 0 0 39 0 0 26 34 0 0
18 378298 E 6 0 12 378122 0 51 0 0 56 1 0 0 0 10 0 0 0 20 0 0 20
19 383618 R 0 68 0 0 0 8 99 0 0 38 0 0 20 0 383373 12 0 0 0 0 0
20 392688 Q 0 0 0 7 0 0 27 0 19 27 0 0 7 392434 112 0 0 0 0 0 55
21 375142 N 0 0 25 0 0 0 0 24 18 1 1 374999 0 0 0 51 1 1 0 21 0
22 385628 A 385380 0 0 21 0 11 0 1 0 0 0 0 16 0 2 27 88 82 0 0 0
23 402959 T 44 0 0 0 1 0 0 17 0 1 0 8 2 0 0 30 402856 0 0 0 0
24 385480 E 1 0 26 385298 0 55 0 0 45 0 0 0 0 14 1 0 0 18 0 0 22
25 340768 I 0 0 1 0 24 0 0 340636 0 1 4 24 0 0 0 1 37 40 0 0 0
26 369548 R 0 0 0 1 0 86 0 18 27 2 0 0 0 0 369358 15 6 0 0 0 35
27 355510 A 355372 0 0 20 0 12 0 1 0 0 0 0 12 2 0 15 25 51 0 0 0
28 381804 S 0 10 0 0 15 0 0 0 0 0 0 0 47 2 0 381694 19 1 0 16 0
29 365910 V 41 0 30 0 17 3 0 53 0 6 0 0 0 0 3 0 0 365757 0 0 0
30 382047 G 7 0 0 30 0 381881 0 0 0 1 0 0 0 0 76 0 0 23 29 0 0
31 377181 K 0 0 1 55 0 0 0 0 377013 0 22 16 0 2 51 0 3 0 0 0 18
32 369577 M 0 0 1 0 0 0 0 47 30 22 369395 0 0 0 2 0 42 37 0 0 1
33 374168 I 0 0 3 0 22 0 0 374026 0 3 2 31 0 0 0 1 41 39 0 0 0
34 371352 D 2 0 371161 40 0 58 9 0 0 0 1 24 0 0 0 1 1 41 0 13 1
35 336403 G 11 0 1 31 0 336274 0 0 0 0 0 0 0 0 41 0 0 23 0 0 22
36 351405 I 0 0 0 0 13 0 0 351306 0 4 8 18 0 1 0 1 26 28 0 0 0
37 327534 G 14 0 1 30 0 327380 0 1 0 1 0 0 0 0 52 0 0 21 0 0 34
38 299880 R 0 0 0 0 0 13 0 0 0 15 0 0 6 43 299750 0 0 0 0 0 53
39 326615 F 0 5 1 0 326489 0 0 18 0 64 0 0 1 0 0 22 0 0 0 15 0
40 314945 Y 0 48 2 1 31 0 71 0 0 1 0 23 0 0 0 5 1 0 0 314747 15
41 279341 I 0 0 0 0 18 0 2 279235 0 4 2 18 0 0 0 1 29 31 1 0 0
42 274144 Q 0 0 0 9 0 0 8 0 28 16 0 0 5 274018 33 0 0 0 0 0 27
43 265661 M 0 0 0 0 0 0 0 55 9 9 265539 1 0 0 0 0 26 22 0 0 0
44 293676 C 0 293510 0 0 13 4 0 0 0 1 0 0 0 0 44 33 0 1 13 35 22
45 282218 T 28 0 0 0 0 0 0 29 0 0 0 12 3 0 0 35 282111 0 0 0 0
46 310187 E 0 0 17 310055 0 36 0 0 41 0 0 1 0 12 1 0 0 11 0 0 13
47 363727 L 0 0 0 0 20 0 12 6 0 363638 0 0 40 1 1 0 6 3 0 0 0
48 367443 K 0 0 0 27 0 0 0 7 367305 0 0 33 0 0 41 0 0 0 0 0 30
49 363644 L 0 0 0 0 23 0 13 4 0 363558 0 0 33 2 1 2 2 6 0 0 0
50 362694 S 1 19 0 0 0 70 0 9 0 2 0 18 3 5 42 362519 5 1 0 0 0
51 401375 D 2 0 401222 28 0 34 9 0 0 0 0 28 0 1 0 0 0 20 0 27 4
52 428185 Y 0 42 0 0 21 0 41 1 0 4 5 3 0 0 0 1 0 0 0 428016 51
53 409724 E 8 0 52 409456 0 95 0 0 39 0 0 1 0 9 3 0 1 28 0 0 32
54 368931 G 10 0 0 39 0 368788 0 0 0 1 0 0 0 0 42 0 0 22 29 0 0
55 346634 R 0 0 1 0 0 11 0 0 0 27 0 0 8 72 346422 0 0 0 0 0 93
56 343608 L 0 0 0 0 0 0 0 0 0 343498 15 0 68 19 4 0 0 4 0 0 0
57 365441 I 0 0 0 0 24 0 0 365313 0 2 10 23 0 0 0 0 38 31 0 0 0
58 351347 Q 0 0 0 12 0 0 22 1 23 27 0 0 2 351172 54 0 0 0 0 0 34
59 337248 N 0 0 35 0 0 0 1 20 15 0 0 337110 0 1 0 38 3 0 0 25 0
60 265870 S 0 1 0 0 0 35 0 16 0 0 0 22 0 0 30 265761 5 0 0 0 0
61 266795 L 1 0 0 0 24 0 0 12 0 266703 0 0 1 0 0 28 0 1 0 0 25
62 246722 T 32 0 0 0 0 0 0 21 9 0 0 0 4 1 3 16 246636 0 0 0 0
63 260474 I 0 0 0 0 0 0 0 260348 15 14 48 0 0 1 3 0 27 17 0 0 1
64 270937 E 0 0 14 270816 0 41 0 0 22 0 0 0 0 9 1 0 0 12 0 0 22
65 262938 R 1 0 0 2 0 46 0 15 24 0 0 2 0 1 262809 8 7 0 0 0 23
66 274740 M 0 0 0 0 0 0 0 43 31 15 274592 3 0 0 3 0 27 26 0 0 0
67 266265 V 42 0 0 27 0 5 0 2 0 17 16 0 0 0 0 0 0 266156 0 0 0
68 286647 L 0 0 0 0 25 0 10 13 0 286553 0 0 34 0 3 1 0 8 0 0 0
69 298364 S 3 8 0 0 24 0 0 0 0 0 0 0 36 0 0 298263 16 0 0 14 0
70 317282 A 317156 1 15 0 1 9 0 0 0 1 0 0 5 0 0 19 54 21 0 0 0
71 306840 F 3 4 0 0 306737 0 0 9 1 57 0 0 0 0 0 19 0 3 0 6 1
72 307042 D 1 2 306889 26 0 55 6 0 0 0 0 31 0 0 0 0 3 13 0 16 0
73 284507 E 0 0 16 284386 0 27 0 0 39 0 0 0 0 8 0 0 0 12 0 0 19
74 291231 R 0 0 0 0 0 38 0 10 16 0 0 0 0 0 291137 18 5 0 0 0 7
75 299115 R 0 0 0 1 0 44 0 1 26 0 33 0 0 0 298965 31 2 0 12 0 0
76 323863 N 0 0 37 5 0 0 3 24 31 0 0 323713 0 0 0 27 2 0 0 21 0
77 326142 K 0 0 0 48 0 0 0 20 325997 1 0 21 0 1 32 0 3 0 0 0 19
78 261301 Y 0 16 1 0 12 0 26 3 0 0 0 14 0 0 0 3 0 0 0 261200 26
79 256470 L 0 3 0 0 0 0 0 0 0 256360 9 0 68 21 3 1 0 5 0 0 0
80 238689 E 2 0 21 238576 0 29 0 1 19 0 0 0 0 6 0 0 1 16 0 0 18
81 226603 E 0 0 14 226502 0 27 0 0 29 0 0 0 0 7 1 0 0 19 0 0 4
82 258933 H 0 0 6 0 0 0 258835 0 0 14 0 7 0 19 33 1 1 0 0 17 0
83 343180 P 15 0 0 0 0 0 17 3 0 24 0 0 343062 1 8 32 18 0 0 0 0
84 343688 S 1 4 0 0 0 63 0 37 0 1 0 15 3 0 43 343516 5 0 0 0 0
85 365170 A 365015 0 0 19 0 5 0 0 0 0 0 0 6 3 16 34 34 38 0 0 0
86 399822 G 14 0 0 35 0 399677 0 0 0 1 0 0 0 0 41 0 0 26 28 0 0
87 416086 K 0 0 0 95 0 0 0 0 415811 0 20 61 0 0 65 0 3 0 0 0 31
88 423815 D 1 0 423627 32 0 58 13 7 0 0 0 23 0 0 0 0 0 28 0 26 0
89 386249 P 6 0 1 0 0 0 13 0 0 33 0 0 386140 0 11 26 18 0 0 1 0
90 386492 K 0 2 0 55 0 0 1 0 386368 0 8 10 0 0 38 0 2 0 0 0 8
91 355784 K 0 0 0 41 0 0 0 12 355679 1 0 8 0 0 25 0 1 0 0 0 17
92 321297 T 34 0 0 0 0 0 0 13 0 0 0 9 9 0 0 22 321210 0 0 0 0
93 317704 G 7 1 0 25 0 317591 0 0 0 0 0 0 0 0 51 0 0 18 0 0 11
94 297343 G 17 1 0 24 0 297242 0 0 0 0 0 0 1 0 23 1 0 16 0 0 18
95 309193 P 3 0 0 0 0 0 16 0 0 25 0 0 309087 1 10 28 23 0 0 0 0
96 336102 I 0 0 0 0 0 0 0 335944 25 39 27 0 0 0 3 0 25 33 0 6 0
97 349396 Y 0 39 2 0 28 0 39 4 0 0 0 19 0 2 0 3 1 0 0 349243 16
98 298807 K 1 0 0 48 0 0 0 0 298648 3 15 19 0 4 40 1 6 0 0 0 22
99 218076 R 0 0 0 0 0 26 1 12 8 1 0 0 0 0 217999 11 4 0 0 0 14
100 215349 V 25 0 0 18 0 2 0 19 0 8 0 0 0 2 0 0 0 215275 0 0 0
101 253353 D 0 0 253242 24 0 27 3 0 0 0 0 14 0 0 0 0 0 27 0 15 1
102 260159 R 0 0 0 0 0 35 1 13 18 1 0 0 0 2 260054 19 9 0 0 0 7
103 272618 K 0 0 0 23 0 0 0 0 272539 0 9 9 0 4 19 0 1 0 0 0 14
104 279510 W 0 26 0 0 0 2 0 0 0 11 0 0 0 0 53 6 1 1 279360 0 50
105 287682 M 0 0 0 0 0 0 0 65 27 14 287509 0 0 0 2 0 30 35 0 0 0
106 303439 R 0 0 0 0 0 41 0 1 24 0 25 0 0 2 303289 31 5 0 21 0 0
107 301417 E 1 0 26 301152 0 39 0 0 156 0 0 2 0 13 0 0 1 12 0 0 15
108 301187 L 0 0 0 0 26 0 23 7 0 301093 0 0 29 1 2 1 0 4 0 1 0
109 290413 V 40 0 18 0 8 0 0 47 0 6 0 0 0 0 0 0 0 290294 0 0 0
110 316898 L 0 0 0 0 17 0 8 20 0 316793 0 0 52 0 0 1 0 6 0 1 0
111 307991 Y 0 28 0 0 21 0 32 0 0 2 7 3 0 0 0 0 0 1 0 307863 34
112 274389 D 2 1 274241 17 1 43 6 0 0 0 0 34 0 0 0 0 0 31 0 12 1
113 254908 K 1 0 0 22 0 0 1 9 254822 0 0 11 0 6 23 0 0 0 0 0 13
114 303373 E 0 0 12 303271 0 36 0 0 15 0 0 0 0 7 1 0 1 16 0 0 14
115 345302 E 2 0 14 345172 0 42 0 0 28 0 0 0 0 7 6 0 0 21 0 0 10
116 369271 I 0 0 0 0 0 0 0 369120 8 16 62 6 0 1 1 0 24 29 0 0 4
117 354414 R 0 0 0 0 0 42 0 0 27 0 23 1 0 0 354265 21 6 0 29 0 0
118 347338 R 0 0 0 0 0 19 0 0 1 18 0 0 7 39 347206 0 0 0 0 0 48
119 372473 I 0 0 0 0 4 0 0 372367 0 0 3 28 0 0 0 0 36 35 0 0 0
120 349734 W 0 23 0 0 0 0 0 0 0 13 0 0 0 0 81 9 0 0 349551 0 57
121 360402 R 0 77 0 0 0 16 80 0 0 14 0 0 17 0 360179 19 0 0 0 0 0
122 341138 Q 0 0 0 8 0 0 22 1 11 15 0 0 3 340988 50 0 0 0 0 0 40
123 390117 A 389952 1 23 0 0 2 0 1 0 1 0 0 13 2 1 19 59 43 0 0 0
124 428059 N 0 0 47 0 0 0 6 23 33 0 0 427887 0 7 0 37 3 0 0 16 0
125 415275 N 0 0 51 0 0 0 1 19 23 0 1 415110 0 0 0 41 0 0 0 24 5
126 329335 G 7 20 24 0 0 329234 0 0 0 0 0 0 0 2 6 28 0 14 0 0 0
127 326468 D 0 1 326335 27 0 32 6 0 0 0 3 21 1 0 1 1 0 25 0 15 0
128 317640 D 1 0 317512 22 0 28 6 0 0 0 0 23 0 0 0 0 0 28 0 20 0
129 323015 A 322864 0 0 13 0 15 0 0 0 0 0 1 6 0 0 19 63 34 0 0 0
130 282829 T 43 0 0 0 0 0 0 16 8 0 0 0 0 0 9 14 282739 0 0 0 0
131 258440 A 258368 0 8 0 0 5 0 0 0 0 0 0 4 0 0 22 17 15 0 1 0
132 315030 G 7 16 17 0 0 314947 0 0 0 0 0 0 0 1 6 22 0 13 1 0 0
133 328338 L 0 0 0 0 0 0 0 0 0 328239 10 0 64 10 5 0 0 10 0 0 0
134 383585 T 50 1 1 0 0 0 0 23 0 0 0 5 0 0 0 34 383471 0 0 0 0
135 396369 H 0 0 9 0 0 1 396208 0 0 30 0 22 3 12 51 1 0 0 0 32 0
136 417688 M 0 0 0 0 0 0 0 62 19 20 417454 0 0 0 2 1 59 71 0 0 0
137 423677 M 0 0 0 0 0 0 0 63 24 38 423439 0 0 0 2 0 45 66 0 0 0
138 378682 I 0 0 0 0 30 0 0 378560 0 2 4 18 0 0 0 4 30 34 0 0 0
139 357998 W 0 47 0 0 0 10 0 0 0 14 0 0 0 0 99 14 0 0 357714 0 100
140 341317 H 0 0 15 0 0 0 341152 0 0 18 0 18 1 7 46 0 0 0 1 59 0
141 338382 S 2 4 0 0 26 0 0 0 0 0 0 0 44 0 0 338257 24 0 0 25 0
142 334162 N 0 0 40 0 0 0 3 12 10 0 0 334064 0 0 0 20 1 0 0 12 0
143 327113 L 0 0 0 0 28 0 0 0 0 326994 16 0 0 0 0 53 0 3 3 0 16
144 311295 N 0 0 49 0 0 0 2 7 24 0 1 311148 0 0 0 48 1 0 0 15 0
145 301475 D 1 0 301342 24 0 31 4 0 0 0 0 26 0 0 0 0 0 30 0 17 0
146 296208 T 50 0 0 0 0 0 0 43 6 0 0 0 2 1 5 24 296076 0 0 0 1
147 385971 T 64 0 0 0 0 0 1 32 22 0 0 2 1 0 7 33 385808 0 0 1 0
148 355620 Y 0 31 2 0 27 0 47 8 0 0 0 12 0 0 0 3 0 0 0 355472 18
149 360309 Q 0 0 1 4 0 0 22 0 19 29 0 0 5 360110 81 0 0 0 0 0 38
150 346583 R 0 0 2 0 0 50 0 0 39 2 12 0 0 0 346430 23 13 0 12 0 0
151 381537 T 47 0 1 0 0 1 0 37 19 0 0 0 5 0 5 42 381380 0 0 0 0
152 404368 R 0 0 0 0 0 72 0 20 19 0 0 0 0 0 404219 16 2 0 0 0 20
153 446635 A 446522 0 17 1 0 13 0 0 0 0 0 0 7 0 0 23 24 28 0 0 0
154 476551 L 0 0 0 0 34 0 22 28 0 476417 0 0 36 0 3 0 0 11 0 0 0
155 484178 V 45 0 50 0 10 3 0 43 0 7 0 0 0 0 0 1 0 484019 0 0 0
156 493514 R 0 101 0 0 0 12 107 0 0 20 0 0 16 0 493226 31 0 1 0 0 0
157 495359 T 65 0 0 0 0 0 0 71 0 1 0 14 4 0 1 43 495159 1 0 0 0
158 505383 G 17 25 91 0 0 505084 1 0 0 0 0 1 0 0 11 117 0 36 0 0 0
159 523652 M 0 0 0 0 0 0 1 104 17 44 523358 0 1 1 3 0 45 78 0 0 0
160 593643 D 1 0 593391 45 0 68 14 2 0 0 0 56 1 2 0 0 0 38 0 25 0
161 521693 P 11 0 1 0 0 1 27 0 1 55 0 0 521525 3 11 44 14 0 0 0 0
162 491102 R 0 0 1 0 0 136 0 0 56 1 23 0 0 1 490833 30 9 0 12 0 0
163 446440 M 0 2 0 0 0 1 0 75 18 24 446243 0 0 0 0 0 28 49 0 0 0
164 437748 C 0 437435 0 0 33 11 0 1 0 0 1 0 0 0 74 62 0 1 13 99 18
165 415802 S 3 6 0 0 17 0 1 0 0 1 0 0 40 1 0 415694 16 1 0 22 0
166 410177 L 0 0 1 0 0 0 0 0 0 410025 22 0 85 27 9 0 1 7 0 0 0
167 402173 M 0 3 1 0 0 0 0 117 19 40 401892 0 0 0 3 0 60 38 0 0 0
168 377470 Q 1 0 0 16 0 0 26 0 26 21 0 0 4 377203 107 0 0 0 0 0 66
169 347667 G 2 20 26 0 0 347583 0 0 0 3 0 0 0 0 3 17 0 12 0 1 0
170 374977 S 1 0 0 0 0 1 0 0 0 89 0 0 31 1 1 374817 19 0 9 0 8
171 369558 T 43 0 0 0 0 0 0 18 0 0 0 10 5 0 0 36 369446 0 0 0 0
172 397437 L 0 0 0 0 21 0 40 17 0 397282 0 0 71 0 0 2 0 4 0 0 0
173 524259 P 13 0 0 0 0 0 34 0 0 54 0 0 524062 0 17 48 31 0 0 0 0
174 532190 R 0 0 1 0 0 80 0 0 30 1 28 0 0 0 531963 35 11 0 32 0 9
175 434521 R 0 0 0 2 0 69 0 0 32 1 9 0 0 0 434353 19 5 0 31 0 0
176 469718 S 2 4 0 0 30 1 0 0 0 0 0 0 67 0 0 469574 25 3 0 12 0
177 490082 G 2 0 0 37 0 489936 0 0 2 1 0 0 0 0 58 0 0 21 0 0 25
178 474379 A 474254 0 24 0 0 8 0 0 0 0 0 0 2 0 0 26 32 33 0 0 0
179 490487 A 490172 2 0 35 0 12 0 0 0 0 0 0 12 0 0 41 142 69 0 0 2
180 502180 G 8 28 28 0 0 502048 0 0 0 0 0 0 0 0 9 37 0 22 0 0 0
181 498780 A 498608 0 25 0 0 5 0 0 0 0 0 0 8 0 0 30 83 21 0 0 0
182 509825 A 509401 0 0 31 0 15 0 0 0 1 0 0 12 1 0 35 140 189 0 0 0
183 542249 V 51 0 48 0 12 6 0 51 0 4 0 0 0 0 0 6 0 542071 0 0 0
184 548688 K 0 1 0 65 0 1 0 28 548415 0 0 77 0 18 53 0 2 0 0 0 28
185 463588 G 2 0 0 51 0 463452 0 0 0 0 0 0 0 0 31 0 0 29 0 0 23
186 451841 V 54 1 33 1 9 6 0 24 0 13 0 1 0 3 1 1 0 451694 0 0 0
187 443738 G 8 0 1 50 0 443551 0 0 0 1 0 0 0 0 70 0 0 27 30 0 0
188 346681 T 47 0 1 0 0 1 1 48 13 3 1 1 0 5 6 38 346516 0 0 0 0
189 271684 M 0 0 0 1 0 1 0 49 7 11 271549 1 0 0 1 1 28 32 3 0 0
190 261702 V 39 0 0 20 0 5 0 0 0 9 15 0 0 0 0 0 0 261613 0 0 1
191 249825 M 0 0 0 1 0 0 0 50 19 29 249676 0 0 0 0 0 29 20 1 0 0
192 225377 E 1 0 12 225270 0 44 0 0 10 0 0 0 0 7 0 0 0 20 0 0 13
193 279142 L 0 0 0 0 17 0 0 1 0 279045 22 0 0 0 1 33 0 5 3 1 14
194 334209 I 0 0 5 3 0 0 0 334033 8 33 43 0 0 0 4 0 45 35 0 0 0
195 315885 R 0 0 1 0 0 59 0 0 20 0 32 0 0 0 315735 24 5 0 9 0 0
196 328925 M 0 0 1 0 0 1 0 62 27 30 328723 0 0 0 1 0 47 33 0 0 0
197 352221 I 0 0 2 0 24 0 0 352078 0 0 9 38 0 0 0 1 29 40 0 0 0
198 334737 K 0 0 0 38 0 0 0 4 334628 1 0 25 0 1 32 0 0 0 0 0 8
199 315134 R 0 34 0 0 0 4 43 0 0 9 0 0 2 0 315033 7 1 1 0 0 0
200 311368 G 10 0 0 26 0 311249 0 0 0 0 0 0 0 0 41 0 0 21 21 0 0
201 311053 I 0 0 0 0 24 0 0 310937 0 1 10 12 0 0 0 1 25 43 0 0 0
202 318689 N 0 0 64 0 0 0 1 12 20 1 0 318552 0 1 0 23 0 0 0 15 0
203 299206 D 2 0 299080 22 0 31 4 0 0 0 0 31 0 0 0 0 0 22 0 14 0
204 311008 R 0 0 0 0 0 3 0 0 0 14 0 0 8 47 310891 1 0 0 44 0 0
205 324339 N 0 0 38 1 1 0 0 9 11 1 0 324217 0 0 0 45 0 0 0 16 0
206 384931 F 1 2 0 0 384767 0 0 14 0 72 0 0 0 0 0 55 0 0 0 20 0
207 396512 W 0 29 0 3 0 2 0 0 0 24 0 0 0 0 135 18 0 0 396230 0 71
208 293956 R 0 0 0 3 0 67 0 20 18 0 0 0 0 1 293782 26 2 0 0 0 37
209 318018 G 4 15 14 0 0 317929 0 0 0 0 0 0 0 0 12 27 0 17 0 0 0
210 335982 E 3 0 20 335801 0 60 0 0 48 0 0 0 0 5 0 0 0 17 0 0 28
211 327261 N 0 0 27 0 0 0 0 29 9 0 5 327163 0 0 0 17 0 0 0 11 0
212 307983 G 11 0 2 31 0 307855 0 0 0 0 0 0 0 0 47 0 0 24 0 0 13
213 301991 R 0 0 0 2 0 9 0 0 0 22 0 0 7 39 301849 0 1 0 0 0 62
214 296073 K 0 0 0 31 0 0 0 4 295990 0 0 5 0 0 31 0 4 0 0 0 8
215 295168 T 31 0 0 0 0 0 0 13 5 0 0 0 5 7 4 21 295082 0 0 0 0
216 276794 R 0 0 0 0 0 47 0 0 18 0 22 0 0 0 276670 21 6 0 10 0 0
217 255318 S 0 21 0 0 0 22 0 4 0 0 0 17 0 0 25 255226 3 0 0 0 0
218 267478 A 267397 0 12 0 0 11 0 0 0 0 0 0 5 0 0 14 27 12 0 0 0
219 267078 Y 0 30 0 0 17 1 38 0 0 0 0 5 0 0 1 2 2 0 0 266969 13
220 274767 E 4 0 22 274609 0 35 0 0 52 0 0 0 0 7 0 0 1 16 0 1 20
221 243490 R 0 0 0 0 0 37 0 9 23 2 0 0 0 0 243388 12 6 0 0 0 13
222 213269 M 0 0 0 0 0 0 0 38 17 11 213152 0 0 0 3 0 25 23 0 0 0
223 264415 C 0 264231 0 0 11 2 0 0 0 2 0 0 0 0 46 41 0 1 15 50 16
224 274014 N 0 0 46 0 0 0 6 23 4 0 0 273880 0 0 0 32 3 0 0 20 0
225 286845 I 0 0 0 0 22 0 0 286750 0 2 0 15 0 0 0 2 27 27 0 0 0
226 299106 L 0 0 0 0 24 0 41 7 0 298982 0 0 42 0 4 2 1 3 0 0 0
227 308624 K 0 0 0 64 0 0 0 18 308479 0 0 13 0 2 32 1 3 0 0 0 12
228 314274 G 6 0 0 21 0 314193 0 0 0 0 0 0 0 0 29 0 0 17 0 0 8
229 321983 K 0 0 0 39 0 0 0 4 321863 0 0 30 0 0 33 0 1 0 0 0 13
230 333943 F 0 4 0 0 333816 0 0 27 0 58 0 0 0 0 0 34 0 1 0 3 0
231 316481 Q 0 0 0 9 1 0 11 0 18 16 0 0 4 316297 90 4 0 0 0 0 31
232 300036 T 35 0 0 0 0 0 0 18 15 1 0 1 5 0 4 9 299948 0 0 0 0
233 294766 A 294646 1 29 1 0 5 0 0 0 0 0 0 5 0 0 24 19 36 0 0 0
234 257696 A 257545 1 1 21 0 6 0 0 0 1 0 0 10 0 0 21 56 34 0 0 0
235 252620 Q 0 0 0 4 0 0 21 0 13 7 0 0 4 252508 28 0 7 0 0 0 28
236 248319 R 0 0 0 0 0 51 0 0 16 1 15 0 0 0 248213 11 3 1 8 0 0
237 246812 A 246671 0 0 8 0 15 0 0 0 0 0 0 10 6 0 22 22 58 0 0 0
238 258676 M 0 0 0 0 0 0 0 48 19 17 258539 2 0 0 1 0 26 19 0 0 5
239 230216 M 0 0 0 2 0 0 0 38 17 26 230071 0 0 2 4 0 34 22 0 0 0
240 276173 D 1 0 276037 21 0 46 6 0 0 0 0 17 0 0 0 0 0 22 0 23 0
241 262138 Q 0 0 0 5 0 0 10 0 6 12 0 0 1 262038 40 0 0 0 0 0 26
242 304090 V 37 0 0 21 0 2 0 0 0 10 18 0 0 0 0 0 0 304002 0 0 0
243 304612 R 0 0 0 2 0 58 0 21 17 0 0 0 0 0 304464 21 5 0 0 0 24
244 298448 E 0 0 14 298323 0 53 0 0 23 0 0 0 0 5 2 0 1 19 0 0 8
245 321401 S 0 4 0 0 0 50 0 11 0 1 0 17 0 0 40 321272 5 1 0 0 0
246 314272 R 0 0 1 0 0 5 0 0 0 27 0 0 5 69 314124 2 0 0 39 0 0
247 318572 N 0 0 51 2 0 0 0 17 19 0 0 318422 0 2 0 45 5 0 0 9 0
248 343466 P 5 0 0 0 0 0 0 0 0 45 0 0 343346 22 9 22 17 0 0 0 0
249 360256 G 8 0 0 27 0 360113 0 0 0 0 0 0 0 0 57 0 0 21 0 0 30
250 346927 N 0 0 38 0 0 0 1 14 16 0 3 346803 0 0 0 32 2 0 0 18 0
251 369300 A 369155 2 13 0 0 10 0 0 0 1 0 1 7 0 0 33 39 39 0 0 0
252 359529 E 4 1 22 359360 0 51 0 0 38 0 0 0 0 6 0 0 0 25 0 0 22
253 372767 I 0 0 1 0 21 0 0 372627 0 0 5 27 0 0 0 1 27 58 0 0 0
254 360378 E 0 0 18 360196 1 40 0 0 53 0 0 0 0 18 1 0 1 26 0 0 24
255 361248 D 2 0 361120 21 0 34 8 0 0 0 0 19 0 1 0 0 0 28 0 15 0
256 344478 L 0 1 0 1 23 0 28 6 0 344343 0 0 66 0 5 1 0 4 0 0 0
257 346347 I 1 0 0 0 14 0 1 346207 0 2 4 24 0 0 0 3 51 40 0 0 0
258 314120 F 0 1 0 0 313998 0 0 17 0 63 0 0 1 0 0 29 0 3 0 8 0
259 306064 L 0 0 0 0 0 0 0 0 0 305985 14 0 34 21 1 1 0 8 0 0 0
260 310615 A 310434 0 0 26 0 16 0 0 0 0 0 0 12 0 0 23 36 68 0 0 0
261 261819 R 0 0 0 0 0 7 0 0 0 12 0 0 1 33 261725 0 0 0 41 0 0
262 321808 S 1 10 0 0 27 0 0 0 0 0 0 0 33 0 0 321710 17 0 0 10 0
263 312717 A 312500 0 0 30 0 8 0 0 0 0 0 0 15 0 0 20 76 68 0 0 0
264 257633 L 0 0 0 0 26 0 11 8 0 257543 0 0 43 0 0 1 0 1 0 0 0
265 284843 I 0 0 0 0 0 0 0 284690 23 13 34 4 0 1 0 2 37 38 0 0 1
266 306782 L 0 0 0 0 15 0 0 2 0 306681 21 0 0 0 0 50 0 0 0 2 11
267 328645 R 0 0 0 0 0 45 0 14 18 2 0 0 0 3 328513 18 10 0 0 0 22
268 376688 G 2 0 0 18 0 376566 0 0 0 0 0 0 1 0 62 1 0 19 19 0 0
269 409374 S 3 0 0 0 0 1 0 0 0 53 0 0 54 0 1 409185 43 2 0 0 32
270 419611 V 29 0 26 0 10 0 0 24 0 8 0 0 0 0 0 2 0 419512 0 0 0
271 412700 A 412510 1 18 0 0 16 0 0 0 1 0 1 14 2 0 35 54 48 0 0 0
272 421047 H 0 0 11 0 0 0 420822 0 0 49 0 21 7 27 50 1 1 0 0 58 0
273 421918 K 0 0 0 30 1 0 0 22 421784 0 0 23 0 3 34 0 3 1 0 0 17
274 409455 S 1 2 0 0 17 0 0 0 0 5 0 0 39 0 0 409369 10 0 0 12 0
275 391364 C 0 391220 0 0 9 1 0 0 0 2 0 0 0 0 49 14 0 5 0 30 34
276 343316 L 0 2 0 0 0 0 1 0 0 343239 8 0 27 22 2 1 0 14 0 0 0
277 280186 P 8 0 0 0 0 0 24 0 0 46 0 0 280003 1 11 73 19 1 0 0 0
278 255222 A 255073 1 20 0 0 5 0 0 0 0 0 0 17 0 0 19 59 28 0 0 0
279 238183 C 0 237962 0 0 7 17 0 0 0 0 0 0 1 0 121 15 0 1 4 38 17
280 225652 V 25 2 0 23 0 3 0 0 0 11 18 0 0 0 0 0 0 225570 0 0 0
281 163879 Y 0 19 1 0 5 0 18 0 0 0 0 11 0 0 0 1 0 3 1 163799 21
282 127834 G 6 0 2 18 0 127774 0 0 0 0 1 0 0 0 13 0 0 5 0 0 15
283 160319 P 5 0 0 1 0 9 15 0 0 9 0 0 160237 1 3 32 5 2 0 0 0
284 278666 A 278463 0 26 0 0 5 0 0 0 0 0 0 16 0 0 30 73 53 0 0 0
285 274645 V 34 0 0 21 0 2 0 36 0 17 0 0 0 0 3 0 0 274532 0 0 0
286 308459 A 308371 0 15 0 0 1 0 0 0 0 0 0 6 0 0 13 24 29 0 0 0
287 372044 S 0 25 0 0 0 54 0 21 0 0 0 23 0 8 41 371858 14 0 0 0 0
288 404039 G 5 18 34 0 0 403912 0 0 0 0 0 0 0 0 13 44 0 13 0 0 0
289 402738 Y 0 47 1 0 36 0 99 0 0 1 0 3 0 3 1 2 0 0 0 402521 24
290 430962 D 0 0 430826 13 0 39 7 0 0 0 0 42 0 0 0 0 0 22 0 13 0
291 417639 F 0 2 0 0 417447 0 0 6 0 111 0 0 0 0 0 55 0 2 0 16 0
292 420623 E 1 0 6 420442 0 57 0 0 59 0 0 0 0 6 6 0 0 20 0 0 26
293 413558 K 0 0 0 36 0 0 0 18 413449 0 0 16 0 0 31 0 1 1 0 0 6
294 400085 E 4 0 35 399894 0 85 0 0 17 0 0 0 0 4 1 0 0 24 0 0 21
295 375648 G 9 0 1 44 0 375508 0 1 0 0 0 0 0 0 36 0 0 24 0 0 25
296 317439 Y 0 39 0 0 23 0 29 0 0 0 0 24 0 0 0 1 1 0 0 317302 20
297 274463 S 1 3 0 0 6 0 0 0 0 2 0 0 26 0 0 274395 19 0 0 11 0
298 258169 L 0 0 0 0 16 0 0 5 0 258104 0 0 0 0 0 21 0 1 0 0 22
299 279814 V 18 1 0 30 0 2 0 0 0 9 19 0 0 0 1 1 0 279724 8 1 0
300 196181 G 8 0 0 31 0 196087 0 0 0 0 0 0 0 0 24 0 0 11 0 0 20
301 320958 I 0 0 0 1 0 0 0 320763 21 31 66 2 0 0 0 0 27 42 0 0 5
302 319433 D 1 0 319283 37 5 35 5 0 0 1 0 26 0 0 0 0 3 23 0 14 0
303 308597 P 6 0 0 0 0 0 14 0 0 14 0 0 308514 0 5 27 17 0 0 0 0
304 356141 F 0 1 0 0 355979 0 0 16 0 85 0 0 0 0 0 44 0 2 0 14 0
305 355944 K 0 0 0 40 0 1 0 15 355781 0 0 49 0 9 34 0 3 0 0 0 12
306 353678 L 0 0 0 0 0 1 0 0 0 353584 13 0 65 7 6 0 0 2 0 0 0
307 365225 L 6 1 0 0 33 0 8 16 0 365096 0 0 54 0 2 1 0 8 0 0 0
308 368059 Q 0 0 0 14 0 0 7 0 15 12 0 0 4 367931 48 7 0 0 0 0 21
309 365516 N 0 0 41 0 0 2 4 16 15 0 0 365362 0 0 5 54 11 0 0 6 0
310 357810 S 1 14 0 0 0 44 0 17 0 0 0 58 0 0 34 357636 6 0 0 0 0
311 386435 Q 1 0 0 13 0 0 14 0 19 20 0 1 3 386276 43 0 3 0 0 0 42
312 420780 V 34 1 2 29 0 3 0 39 1 18 0 0 0 0 1 1 0 420649 2 0 0
313 393177 Y 0 41 2 0 26 1 41 0 0 0 0 20 0 0 0 2 1 0 0 393011 32
314 392011 S 0 13 0 0 0 100 0 35 0 1 0 29 0 0 39 391782 12 0 0 0 0
315 386952 L 0 0 0 0 0 0 0 18 0 386833 0 0 70 22 1 0 0 8 0 0 0
316 427248 I 0 0 0 0 24 0 0 427120 0 0 12 26 0 0 0 0 30 36 0 0 0
317 401812 R 0 0 0 0 0 115 0 17 37 0 0 0 0 0 401612 13 7 0 0 0 11
318 403958 P 6 0 0 0 0 0 0 0 0 53 0 0 403829 25 5 27 13 0 0 0 0
319 413221 N 0 0 30 0 0 0 2 22 19 0 0 413073 1 0 0 46 4 3 0 21 0
320 429336 E 1 0 27 429147 0 45 0 0 50 0 0 0 0 6 2 0 0 34 0 0 24
321 457250 N 0 0 38 0 0 1 3 19 31 0 0 457110 0 0 0 32 2 0 0 14 0
322 467754 P 6 0 0 0 0 1 0 2 0 41 0 0 467619 23 23 21 18 0 0 0 0
323 476253 A 476039 0 2 34 0 13 0 0 0 0 0 0 14 1 1 26 61 62 0 0 0
324 509188 H 0 1 4 0 0 0 508964 0 0 70 0 6 5 20 61 1 3 1 0 52 0
325 512932 K 0 0 0 98 0 0 0 0 512658 0 32 32 0 9 86 0 6 0 0 0 11
326 439328 S 0 36 0 0 0 50 0 7 0 1 0 35 0 0 42 439151 6 0 0 0 0
327 432637 Q 0 0 1 12 0 0 40 0 25 13 0 0 8 432382 102 0 1 0 0 0 53
328 360204 L 2 0 0 0 0 1 0 0 0 360109 28 0 39 14 6 0 0 5 0 0 0
329 393154 V 40 1 0 22 0 4 0 0 0 22 23 0 0 0 0 1 0 393041 0 0 0
330 374284 W 0 30 1 0 0 5 0 0 0 26 0 0 0 0 59 8 0 3 374104 0 48
331 355169 M 0 1 1 0 0 0 0 80 18 36 354965 0 0 0 0 0 25 43 0 0 0
332 365099 A 364893 1 1 25 0 13 0 0 0 0 0 0 6 0 1 23 52 84 0 0 0
333 386001 C 1 385754 0 0 28 1 0 0 0 0 1 0 0 0 80 34 0 0 9 76 17
334 394144 H 0 0 4 0 0 0 393976 1 0 26 0 29 2 16 39 0 0 0 0 51 0
335 369523 S 1 9 0 0 36 0 1 0 0 2 0 0 24 0 0 369415 18 0 0 17 0
336 341508 A 341350 1 19 0 0 9 0 0 0 0 0 0 12 0 0 32 58 27 0 0 0
337 322293 A 322158 1 0 20 0 7 0 0 1 0 0 0 11 0 1 13 51 30 0 0 0
338 327972 F 0 1 0 0 327869 0 0 14 0 42 0 1 0 0 0 30 1 3 0 11 0
339 320141 E 3 0 33 319993 0 36 0 0 26 0 0 0 0 6 0 1 0 26 0 0 17
340 295408 D 1 0 295315 13 0 27 3 0 0 0 0 20 0 0 0 0 0 17 0 12 0
341 311084 L 0 0 0 0 0 0 0 13 2 310992 0 0 44 25 2 2 0 4 0 0 0
342 301470 R 0 0 0 9 0 26 0 13 17 0 0 0 0 1 301372 17 7 1 0 0 7
343 270214 V 19 0 0 19 0 0 0 26 1 15 0 0 0 0 1 0 0 270133 0 0 0
344 263386 L 1 0 0 2 23 0 0 17 0 263287 0 0 0 0 0 27 0 1 0 0 28
345 232739 S 1 7 0 0 0 20 0 10 1 0 0 9 2 0 22 232667 0 0 0 0 0
346 204134 F 0 3 0 0 204039 0 0 1 0 48 0 0 0 0 0 29 0 0 0 14 0
347 254085 I 0 0 0 0 29 0 0 253959 0 3 6 22 0 0 0 0 30 36 0 0 0
348 246103 R 0 0 0 0 0 48 0 9 16 1 0 0 0 0 245987 16 10 0 0 0 16
349 237982 G 4 0 0 14 0 237926 0 0 0 0 0 0 0 0 21 0 0 7 10 0 0
350 307536 T 45 0 21 0 0 0 0 24 0 0 0 12 1 0 0 33 307399 1 0 0 0
351 312485 K 0 0 0 35 0 0 0 17 312351 0 0 19 0 20 25 0 1 0 0 0 17
352 330809 V 39 0 0 21 0 2 0 30 0 23 0 0 0 0 1 8 0 330681 0 4 0
353 336013 S 4 6 0 0 26 0 0 13 0 0 0 0 48 0 0 335871 25 0 0 20 0
354 316551 P 5 0 0 0 0 0 0 0 0 26 0 0 316438 36 6 21 19 0 0 0 0
355 308035 R 0 0 0 0 0 59 0 0 29 3 38 0 0 0 307871 22 2 1 10 0 0
356 276211 G 12 0 0 22 0 276114 0 0 0 0 0 0 0 0 28 0 0 12 23 0 0
357 276077 K 0 0 0 35 0 0 0 11 275943 0 0 33 0 2 39 0 4 0 0 0 10
358 279317 L 0 0 0 0 19 0 9 4 0 279220 0 0 57 0 1 2 3 2 0 0 0
359 269754 S 1 8 0 0 24 0 1 0 0 2 0 0 35 1 0 269645 18 0 0 19 0
360 317696 T 41 0 0 0 0 0 1 19 0 2 0 13 0 0 0 34 317586 0 0 0 0
361 300358 R 0 0 0 1 0 38 0 14 15 2 0 0 0 0 300244 14 8 0 0 0 22
362 276625 G 6 0 1 18 0 276539 0 0 0 0 0 0 0 2 21 0 0 21 0 0 17
363 324373 V 50 0 1 28 0 3 0 19 0 15 0 0 0 0 1 1 0 324254 0 1 0
364 321415 Q 0 0 0 3 0 0 12 0 22 22 0 0 2 321280 37 0 4 0 0 0 33
365 333155 I 0 0 0 0 18 0 0 333061 0 0 3 22 0 0 0 1 29 21 0 0 0
366 289437 A 289362 2 11 0 0 3 0 0 0 3 0 0 4 0 0 15 28 9 0 0 0
367 285233 S 0 0 0 0 1 1 0 0 0 15 0 0 37 0 1 285126 18 0 0 0 34
368 290837 N 0 0 28 0 0 0 0 8 14 0 0 290760 0 1 0 17 1 0 0 8 0
369 286798 E 0 0 5 286706 0 38 0 0 22 0 0 0 0 3 0 0 0 14 0 0 10
370 294960 N 0 0 21 0 0 0 2 14 12 0 0 294850 0 0 0 25 33 0 0 3 0
371 293326 M 0 0 0 0 0 0 0 66 18 25 293144 0 0 0 1 0 37 35 0 0 0
372 303210 D 1 0 303088 22 0 46 1 0 0 0 0 23 0 0 0 0 0 15 0 14 0
373 300415 A 300313 0 30 0 0 5 0 0 0 0 1 0 5 0 0 10 30 21 0 0 0
374 336541 M 0 0 0 0 0 0 0 60 23 36 336346 0 0 2 3 0 37 34 0 0 0
375 321096 E 4 0 14 320954 0 49 0 0 26 2 0 4 0 8 0 1 1 10 0 0 23
376 246020 S 1 0 0 0 0 0 0 1 0 21 0 0 18 1 0 245940 12 2 1 0 23
377 249559 S 0 8 0 0 0 37 0 4 0 0 0 10 0 0 22 249475 3 0 0 0 0
378 230089 T 22 0 0 0 0 0 0 14 0 0 0 3 0 0 0 27 230023 0 0 0 0
379 235719 L 0 0 0 0 9 0 19 13 0 235636 0 0 31 0 4 2 0 5 0 0 0
380 238578 E 1 0 18 238481 0 23 0 0 28 0 0 1 0 3 0 0 0 16 0 0 7
381 242342 L 0 0 0 0 0 0 0 0 0 242282 5 0 44 7 1 0 0 3 0 0 0
382 254479 R 0 0 0 1 0 44 0 7 22 0 0 0 0 1 254356 26 6 0 0 0 16
383 293122 S 0 10 0 0 0 36 0 10 1 0 0 20 0 1 24 293016 4 0 0 0 0
384 313021 R 0 0 0 0 0 103 0 0 10 1 12 0 1 3 312846 16 6 0 23 0 0
385 369017 Y 0 33 5 0 20 0 40 0 0 0 0 29 0 0 0 4 0 3 0 368874 9
386 357888 W 0 37 0 0 0 2 0 0 0 26 1 0 0 0 68 9 0 0 357671 0 74
387 330376 A 330230 0 28 0 1 9 0 0 0 0 0 0 15 0 0 17 38 38 0 0 0
388 368211 I 1 0 0 0 0 0 2 367985 14 33 64 1 1 1 4 0 53 48 0 0 4
389 346415 R 0 0 0 1 0 49 0 9 21 1 0 0 0 0 346296 22 4 0 0 0 12
390 355639 T 37 0 0 1 0 1 0 18 0 0 0 15 3 0 1 21 355542 0 0 0 0
391 364165 R 0 0 1 0 0 72 0 19 16 1 0 0 1 1 364015 20 4 0 0 0 15
392 352657 S 0 13 0 0 0 41 0 5 0 0 0 12 0 2 29 352553 2 0 0 0 0
393 362219 G 9 2 0 26 0 362057 0 0 0 0 0 0 0 1 64 2 0 36 1 0 21
394 345680 G 13 0 1 27 0 345556 0 0 1 0 0 0 0 0 35 0 0 27 0 0 20
395 349726 N 0 0 49 0 0 0 2 25 15 0 0 349575 0 0 1 31 17 0 0 11 0
396 352037 T 41 0 0 0 1 0 1 17 0 0 0 9 2 4 2 30 351929 1 0 0 0
397 401647 N 0 0 44 0 0 0 0 15 30 2 0 401525 0 0 0 22 1 0 0 8 0
398 406646 Q 0 0 0 6 0 0 41 0 18 22 0 9 2 406464 46 3 0 0 0 0 35
399 367304 Q 0 1 0 7 0 0 26 0 14 17 0 1 11 367115 68 0 2 0 1 0 41
400 331335 R 0 0 0 2 0 66 0 0 27 0 32 0 0 0 331161 15 7 1 24 0 0
401 316587 A 316432 0 24 0 0 7 0 0 0 2 0 0 24 0 0 16 31 51 0 0 0
402 320475 S 1 4 0 0 22 0 0 0 0 2 0 0 51 0 0 320374 9 0 0 11 1
403 321417 A 321247 0 0 22 0 5 0 0 0 1 0 0 11 1 0 14 36 80 0 0 0
404 333933 G 4 13 29 0 1 333851 0 0 0 0 0 0 0 0 6 20 0 9 0 0 0
405 333408 Q 0 0 0 9 0 0 24 0 16 14 0 0 8 333264 34 5 0 0 0 0 34
406 348259 I 0 0 0 0 17 0 0 348152 0 0 6 19 0 0 0 0 36 29 0 0 0
407 316844 S 0 9 0 0 0 58 0 12 0 3 0 24 0 0 49 316686 3 0 0 0 0
408 320778 V 54 0 0 26 0 4 0 0 0 21 33 0 0 0 0 0 0 320640 0 0 0
409 316993 Q 0 0 1 15 0 0 27 0 22 9 0 3 0 316758 34 0 1 0 0 0 123
410 290879 P 3 0 0 0 0 0 21 0 0 20 0 0 290783 3 6 31 12 0 0 0 0
411 310436 A 310226 2 1 13 0 5 2 0 0 2 0 0 10 0 0 18 122 35 0 0 0
412 319915 F 0 1 0 0 319803 0 0 26 0 41 0 0 0 1 0 31 0 2 0 10 0
413 281723 S 1 3 0 0 24 1 0 0 0 3 0 0 24 0 0 281645 11 0 0 11 0
414 296242 V 53 4 0 30 0 2 0 0 0 19 40 0 0 0 0 0 0 296094 0 0 0
415 305213 Q 3 0 0 13 0 0 10 0 29 14 0 0 4 305059 45 2 0 0 0 0 34
416 308255 R 0 0 0 3 0 50 0 14 12 0 0 0 0 0 308144 14 7 0 0 0 11
417 285356 N 0 0 32 0 0 0 1 18 12 1 0 285233 0 0 0 36 12 0 0 11 0
418 303348 L 0 0 0 0 23 0 19 15 0 303218 1 0 62 1 2 3 0 4 0 0 0
419 326339 P 9 0 0 0 0 0 3 0 0 31 0 0 326235 13 8 23 17 0 0 0 0
420 306123 F 0 0 0 0 306023 0 0 21 0 42 0 0 0 0 0 28 0 2 0 7 0
421 312929 D 0 0 312748 13 0 58 8 0 0 0 0 46 0 0 0 1 0 37 0 16 2
422 299440 K 0 0 0 41 0 1 0 14 299331 1 0 17 0 3 26 0 3 0 0 0 3
423 295132 P 8 0 0 0 0 0 0 0 0 16 0 0 295052 15 7 22 11 1 0 0 0
424 306774 T 30 0 0 0 0 0 0 17 0 0 0 18 3 0 0 19 306686 0 0 0 1
425 312420 I 0 0 0 0 20 0 2 312301 0 0 3 27 0 0 0 0 26 41 0 0 0
426 298495 M 0 0 0 0 0 0 2 66 26 18 298311 0 0 0 0 0 40 31 1 0 0
427 270706 A 270574 0 0 21 0 14 0 0 0 0 0 1 9 0 0 15 28 44 0 0 0
428 266641 A 266515 0 0 16 1 4 0 0 0 0 0 0 6 0 1 18 50 30 0 0 0
429 265025 F 0 2 0 1 264919 1 0 13 1 43 0 0 0 0 0 24 0 1 0 19 1
430 243154 T 34 0 0 0 0 0 0 17 0 0 0 9 3 0 0 20 243071 0 0 0 0
431 258182 G 7 0 0 26 0 258073 0 0 2 0 0 0 0 0 44 0 0 17 13 0 0
432 262919 N 2 0 41 1 0 1 2 23 8 0 0 262778 1 0 0 39 1 0 0 22 0
433 280006 T 54 0 0 1 0 0 0 51 15 0 0 0 1 6 5 27 279844 1 0 1 0
434 289735 E 10 0 26 289569 0 55 0 0 15 0 0 0 0 5 5 0 0 22 0 1 27
435 310272 G 5 0 0 43 0 310153 0 0 0 1 0 0 0 0 31 0 0 20 0 0 19
436 316272 R 0 0 0 2 0 58 0 11 30 0 0 0 0 1 316131 17 4 0 0 0 18
437 321137 T 35 0 1 0 0 0 0 29 9 0 0 2 1 1 2 19 321038 0 0 0 0
438 335050 S 1 0 0 0 0 0 0 1 0 32 0 0 26 0 0 334947 19 0 0 0 24
439 327110 D 1 1 326979 23 0 42 5 0 0 0 0 16 0 0 0 1 0 32 0 10 0
440 315459 M 0 0 0 1 0 0 0 71 24 21 315247 0 0 0 2 1 55 37 0 0 0
441 302715 R 0 0 0 0 0 44 0 0 25 0 20 0 0 0 302587 17 7 0 15 0 0
442 304781 A 304638 0 0 22 0 11 0 0 0 0 0 0 15 0 0 18 38 39 0 0 0
443 309454 E 2 0 12 309356 0 27 0 0 20 0 0 1 0 12 0 0 0 7 0 0 17
444 310361 I 0 0 0 0 12 0 0 310281 0 2 0 13 0 0 0 0 31 21 0 1 0
445 348297 I 0 0 0 0 0 0 0 348092 16 29 73 0 0 0 0 0 34 39 0 5 9
446 314687 R 0 0 0 1 0 74 0 0 20 0 27 0 0 0 314524 25 4 0 11 0 1
447 308632 M 0 0 1 2 0 0 0 52 20 24 308469 0 0 0 2 0 32 30 0 0 0
448 309415 M 0 0 2 0 0 0 0 67 32 37 309187 0 0 0 3 0 40 47 0 0 0
449 281681 E 3 0 22 281533 0 65 0 0 17 0 0 0 0 2 0 0 3 20 0 0 16
450 299410 G 5 27 17 0 0 299315 0 0 0 0 0 0 0 0 4 31 0 11 0 0 0
451 340341 A 339962 22 0 19 0 14 0 0 0 0 0 0 8 1 0 16 164 134 0 0 1
452 335856 K 0 0 0 44 0 0 0 7 335712 0 0 42 0 3 31 0 7 0 0 0 10
453 334289 P 3 0 0 0 0 0 0 0 0 34 0 0 334208 10 2 22 10 0 0 0 0
454 350679 E 0 0 19 350568 0 40 0 0 23 0 0 0 0 6 3 0 0 9 0 0 11
455 366264 E 1 0 24 366133 0 51 0 1 12 0 0 0 0 6 4 0 1 19 0 0 12
456 379037 M 0 2 0 0 0 0 0 63 33 23 378848 1 0 0 1 0 39 27 0 0 0
457 374339 S 1 9 0 0 30 0 0 0 0 0 0 0 63 2 1 374173 35 5 0 20 0
458 405772 F 0 4 0 0 405554 1 0 19 0 96 0 0 0 0 0 66 0 4 0 27 1
459 394490 Q 0 0 0 6 0 0 42 0 13 30 0 0 54 394102 191 0 0 0 0 0 52
460 376266 G 4 1 2 37 0 376178 0 0 0 0 0 0 1 0 16 0 0 13 14 0 0
461 367631 R 84 0 0 0 1 17 0 0 0 30 0 0 14 86 367363 0 0 0 36 0 0
462 347627 G 7 0 0 102 0 347385 0 0 0 0 0 0 0 1 65 0 0 18 0 1 48
463 335996 V 27 0 11 0 9 0 0 40 0 4 0 0 0 0 0 6 0 335899 0 0 0
464 345008 F 0 2 1 0 344849 0 0 12 0 86 0 0 0 0 0 38 0 4 0 16 0
465 401826 E 3 0 40 401616 0 48 0 0 70 0 0 0 0 7 4 0 0 11 0 0 27
466 343608 L 0 0 0 0 20 0 8 10 0 343503 0 0 56 1 5 1 0 3 1 0 0
467 361132 S 3 0 0 0 0 0 0 0 0 67 0 0 49 2 1 360970 14 0 5 0 21
468 388707 D 0 0 388536 21 1 80 7 0 0 0 0 28 0 0 0 1 1 21 0 11 0
469 440102 E 2 0 31 439881 0 57 1 0 64 0 0 0 0 14 18 0 0 13 0 0 21
470 463862 R 0 0 0 0 0 87 0 0 36 0 44 0 1 0 463641 23 10 0 20 0 0
471 440588 A 440309 0 0 25 0 19 0 1 0 2 0 0 9 2 0 27 39 155 0 0 0
472 442738 A 442427 0 0 34 0 10 0 0 0 0 2 0 14 0 0 36 62 152 0 1 0
473 462919 N 0 0 31 1 0 0 0 29 21 0 0 462768 0 0 0 46 1 0 0 22 0
474 439034 P 8 0 0 0 0 0 0 0 0 66 0 0 438866 39 11 20 24 0 0 0 0
475 417537 I 0 0 1 0 19 0 0 417391 0 4 4 48 0 0 0 0 37 33 0 0 0
476 375674 V 54 0 1 21 0 6 0 0 0 19 76 0 0 0 1 0 0 375496 0 0 0
477 369067 P 11 0 0 0 0 0 13 0 0 23 0 0 368943 0 8 43 26 0 0 0 0
478 351775 S 1 5 0 1 21 0 0 0 0 1 0 0 48 0 0 351661 16 0 1 20 0
479 357968 F 0 1 0 0 357795 0 0 6 0 102 0 0 0 0 0 35 0 4 0 24 1
480 351425 D 4 0 351241 16 0 42 9 0 0 1 0 36 0 0 0 0 27 39 0 10 0
481 299585 M 0 0 0 0 0 0 0 66 18 14 299396 0 0 0 5 0 50 36 0 0 0
482 361236 S 0 24 0 7 0 67 0 14 0 0 0 22 0 0 36 361057 9 0 0 0 0
483 399675 N 0 0 44 0 0 0 1 20 31 1 10 399517 0 0 0 33 4 0 0 14 0
484 345248 E 1 0 26 345106 0 28 0 0 38 1 0 0 0 5 0 0 0 22 0 0 21
485 304197 G 3 1 1 21 0 304105 0 0 0 0 0 0 0 0 21 0 0 21 0 0 24
486 307629 S 0 4 0 0 16 0 0 0 0 0 0 1 26 0 0 307547 20 0 0 15 0
487 307532 Y 0 22 3 0 16 0 47 1 1 0 0 3 0 0 0 1 0 0 0 307420 18
488 301868 F 0 2 0 0 301753 0 0 18 0 44 0 0 0 0 0 37 0 1 0 13 0
489 287608 F 0 0 0 0 287499 0 0 7 0 58 0 0 0 0 0 25 0 3 0 16 0
490 287050 G 8 0 0 15 0 286936 0 0 0 0 0 0 0 0 52 0 0 12 0 0 27
491 292365 D 1 0 292249 10 0 38 7 0 0 0 0 18 0 0 0 1 0 31 0 10 0
492 297395 N 0 0 33 0 0 0 3 20 23 2 0 297277 0 0 0 27 0 0 0 10 0
493 356811 A 356589 1 0 33 0 14 0 0 0 1 4 0 15 1 0 22 55 76 0 0 0
494 301366 E 3 0 25 301230 0 46 0 0 23 0 0 0 0 7 3 0 0 8 0 0 21
495 297568 E 5 0 8 297441 0 49 0 0 19 0 0 0 0 4 1 1 0 15 0 0 25
496 287423 Y 0 49 1 0 15 0 31 0 0 0 0 27 0 0 1 1 1 1 0 287278 18
497 266923 D 2 0 266749 18 0 42 6 0 2 1 0 53 0 0 1 1 0 37 0 11 0
498 207480 N 0 0 16 0 0 0 2 10 13 0 0 207410 1 0 0 19 1 0 0 8 0
