# nucleotide counts
# upper case indicates nucleotide called by both reads
# lower case indicates nucleotide called by one read with other ambiguous
# N indicates disagreement between reads, or both ambiguous
# POSITION WT COUNTS A T C G a t c g N
1 A 468864 468704 38 5 65 8 0 0 0 44
2 T 471064 46 470901 65 3 0 15 0 0 34
3 G 471171 66 27 7 471042 0 0 0 6 23
4 G 470423 24 39 14 470315 0 0 0 9 22
5 C 451007 37 106 450784 28 0 0 7 0 45
6 G 460779 89 11 14 460603 0 0 0 11 51
7 T 471477 13 471193 81 7 0 14 0 0 169
8 C 474611 19 39 474517 9 0 0 5 0 22
9 C 475966 23 30 475861 15 0 0 11 0 26
10 C 474794 44 44 474647 6 1 0 28 0 24
11 A 472503 472285 25 12 102 42 0 0 0 37
12 A 473256 473067 34 10 103 10 0 0 0 32
13 G 474887 41 25 10 474759 0 0 0 29 23
14 G 483553 61 16 23 483388 0 0 0 27 38
15 C 450369 27 47 450233 19 0 0 17 0 26
16 A 411443 410795 31 11 70 13 0 0 0 523
17 C 402462 12 31 402361 9 0 0 29 0 20
18 C 391603 28 29 391445 13 0 0 52 0 36
19 A 389966 389895 9 5 39 13 0 0 0 5
20 A 387922 387844 13 1 36 12 0 0 0 16
21 A 386881 386738 13 24 29 20 0 0 0 57
22 C 385408 15 64 385275 9 0 0 22 0 23
23 G 357916 56 20 8 357801 0 0 0 15 16
24 G 359936 33 13 5 359851 0 0 0 18 16
25 T 361431 21 361009 47 11 0 8 0 0 335
26 C 375594 13 34 375504 9 0 0 22 0 12
27 T 402175 14 402046 61 3 0 32 0 0 19
28 T 371205 14 371029 60 4 0 62 0 0 36
29 A 373345 373237 30 2 38 20 0 0 0 18
30 T 367589 41 367383 49 14 0 72 0 0 30
31 G 377544 47 23 6 377434 0 0 0 16 18
32 A 387778 387649 30 2 43 30 0 0 0 24
33 A 358907 358764 20 15 50 11 0 0 0 47
34 C 345704 19 63 345584 5 0 0 19 0 14
35 A 307117 306997 19 9 55 9 0 0 0 28
36 G 353388 25 20 9 353281 0 0 0 26 27
37 A 369356 369228 37 0 41 13 0 0 0 37
38 T 371061 42 370925 33 2 0 27 0 0 32
39 G 373755 58 23 13 373623 0 0 0 16 22
40 G 364215 26 24 10 364047 0 0 0 73 35
41 A 366169 366053 22 7 53 6 0 0 0 28
42 A 375367 375245 7 2 50 15 0 0 0 48
43 A 376566 376418 27 12 42 9 0 0 0 58
44 C 406220 16 20 406121 7 0 0 33 0 23
45 T 379784 13 379664 58 7 0 13 0 0 29
46 G 389586 39 34 7 389460 0 0 0 16 30
47 A 387422 387253 34 2 58 6 0 0 0 69
48 T 389282 30 389135 39 5 0 44 0 0 29
49 G 388856 38 34 5 388756 0 0 0 8 15
50 G 394931 35 28 6 394821 0 0 0 30 11
51 G 392520 47 28 6 392417 0 0 0 5 17
52 G 396246 60 21 11 396104 0 0 0 8 42
53 A 382335 382204 22 7 52 7 0 0 0 43
54 A 384406 384221 10 4 52 21 0 0 0 98
55 C 393425 12 70 393298 8 0 0 17 0 20
56 G 392924 100 38 23 392676 0 0 0 22 65
57 C 399810 28 21 399724 7 0 0 12 0 18
58 C 397088 21 55 396973 7 0 0 9 0 23
59 A 394839 394598 27 7 112 29 0 0 0 66
60 G 403613 21 17 12 403516 0 0 0 18 29
61 A 401748 401639 23 1 27 34 0 0 0 24
62 A 413659 413534 29 1 56 12 0 0 0 27
63 T 392489 18 392370 59 2 0 8 0 0 32
64 G 406317 91 29 19 406083 0 0 0 38 57
65 C 413948 22 88 413791 13 0 0 18 0 16
66 A 396273 396101 14 6 67 57 0 0 0 28
67 A 421408 421246 29 5 45 5 0 0 0 78
68 C 417651 9 21 417591 6 0 0 7 0 17
69 T 412659 15 412475 70 6 0 22 0 0 71
70 G 415730 51 27 14 415589 0 0 0 23 26
71 A 390225 390035 18 1 57 66 0 0 0 48
72 G 417233 30 19 11 417133 0 0 0 26 14
73 A 386293 386166 28 2 50 18 0 0 0 29
74 T 421848 31 421654 48 1 0 34 0 0 80
75 C 398449 20 38 398329 6 0 0 33 0 23
76 A 376191 375956 36 9 88 74 0 0 0 28
77 G 390291 30 21 6 390191 0 0 0 14 29
78 A 388404 388281 15 4 44 8 0 0 0 52
79 G 407698 31 17 16 407585 0 0 0 17 32
80 C 398103 25 57 397971 14 0 0 12 0 24
81 A 379392 379248 12 7 50 37 0 0 0 38
82 T 387905 19 387765 50 1 0 10 0 0 60
83 C 389079 19 17 388987 12 0 0 10 0 34
84 C 393438 37 65 393294 10 0 0 11 0 21
85 G 381865 57 21 9 381733 0 0 0 16 29
86 T 385086 30 384898 43 7 0 22 0 0 86
87 C 384292 16 67 384146 10 0 0 22 0 31
88 G 386471 61 29 18 386316 0 0 0 12 35
89 G 388018 30 24 9 387920 0 0 0 21 14
90 G 396198 36 26 9 396093 0 0 0 19 15
91 A 394447 394297 20 2 57 24 0 0 0 47
92 A 393200 393084 22 6 52 14 0 0 0 22
93 G 384357 19 10 7 384278 0 0 0 8 35
94 A 377802 377683 21 2 38 24 0 0 0 34
95 T 372411 32 372304 42 3 0 2 0 0 28
96 G 377006 29 14 7 376890 0 0 0 7 59
97 A 392306 392181 23 3 45 23 0 0 0 31
98 T 391751 35 391633 41 2 0 10 0 0 30
99 T 382808 37 382683 52 4 0 14 0 0 18
100 G 383812 30 17 9 383708 0 0 0 29 19
101 A 381390 381216 44 5 60 6 0 0 0 59
102 T 374933 42 374810 38 1 0 6 0 0 36
103 G 370788 36 26 9 370683 0 0 0 25 9
104 G 378973 37 25 13 378856 0 0 0 20 22
105 A 367628 367495 23 3 52 19 0 0 0 36
106 A 357254 357146 17 2 28 5 0 0 0 56
107 T 359118 19 359035 26 2 0 9 0 0 27
108 T 354956 23 354789 33 12 0 85 0 0 14
109 G 359039 50 34 9 358902 0 0 0 20 24
110 G 353906 34 24 14 353812 0 0 0 11 11
111 A 341820 341594 24 2 76 8 0 0 0 116
112 C 349855 17 65 349696 16 0 0 29 0 32
113 G 309563 46 17 6 309429 0 0 0 26 39
114 A 348756 348636 22 2 34 32 0 0 0 30
115 T 354353 19 354255 47 5 0 13 0 0 14
116 T 328762 16 328669 23 5 0 13 0 0 36
117 C 329940 19 20 329871 5 0 0 6 0 19
118 T 324235 27 324048 75 3 0 67 0 0 15
119 A 335162 334960 33 6 54 31 0 0 0 78
120 C 333790 16 42 333659 8 0 0 27 0 38
121 A 304112 304026 21 6 32 13 0 0 0 14
122 T 310657 20 310538 32 1 0 22 0 0 44
123 C 288059 17 19 287977 4 0 0 29 0 13
124 C 290942 31 28 290855 9 0 0 11 0 8
125 A 289547 289437 16 5 35 34 0 0 0 20
126 A 279297 279237 7 2 24 11 0 0 0 16
127 A 279174 279124 9 1 26 4 0 0 0 10
128 T 267731 10 267654 27 1 0 11 0 0 28
129 G 316770 47 16 7 316634 0 0 0 28 38
130 T 302144 27 301841 46 8 0 36 0 0 186
131 G 303634 38 16 6 303540 0 0 0 9 25
132 C 303392 22 75 303260 15 0 0 6 0 14
133 A 299026 298829 31 3 30 9 0 0 0 124
134 C 296997 12 30 296923 8 0 0 7 0 17
135 T 286124 18 286001 49 4 0 8 0 0 44
136 G 316041 43 14 14 315931 0 0 0 15 24
137 A 332090 331978 12 0 52 8 0 0 0 40
138 A 345965 345786 22 2 47 16 0 0 0 92
139 C 369317 12 23 369247 3 0 0 18 0 14
140 T 369181 13 369064 48 1 0 38 0 0 17
141 T 368548 47 368398 47 4 0 28 0 0 24
142 A 372035 371932 31 0 28 23 0 0 0 21
143 A 372063 371952 7 0 42 18 0 0 0 44
144 A 394566 394335 16 18 39 16 0 0 0 142
145 C 393165 9 23 393096 7 0 0 21 0 9
146 T 366899 15 366799 38 3 0 9 0 0 35
147 C 375707 24 43 375591 7 0 0 16 0 26
148 A 366166 366028 20 10 74 12 0 0 0 22
149 G 394288 26 16 11 394205 0 0 0 19 11
150 T 392179 40 391835 53 21 0 6 0 0 224
151 G 427784 32 31 12 427655 0 0 0 38 16
152 A 440150 440006 21 2 44 26 0 0 0 51
153 T 417561 41 417397 46 5 0 44 0 0 28
154 T 434428 10 434352 43 0 0 6 0 0 17
155 A 436192 436022 33 1 44 57 0 0 0 35
156 T 439748 56 439571 56 6 0 27 0 0 32
157 G 440900 50 34 10 440768 0 0 0 24 14
158 A 415578 415388 28 9 107 14 0 0 0 32
159 G 417620 39 51 7 417500 0 0 0 12 11
160 G 383936 38 33 8 383835 0 0 0 6 16
161 G 374147 39 23 10 373974 0 0 0 12 89
162 G 373608 20 38 13 373490 0 0 0 19 28
163 C 350753 23 95 350555 12 0 0 17 0 51
164 G 354549 76 28 8 354383 0 0 0 15 39
165 A 354589 354303 34 1 38 4 0 0 0 209
166 C 355397 15 28 355325 4 0 0 6 0 19
167 T 353167 19 353020 69 4 0 12 0 0 43
168 G 349109 39 23 4 348997 0 0 0 22 24
169 A 384705 384598 24 2 32 16 0 0 0 33
170 T 372422 28 372311 39 0 0 2 0 0 42
171 C 366282 26 22 366202 11 0 0 7 0 14
172 C 365958 31 34 365851 13 0 0 12 0 17
173 A 352536 352323 28 2 54 108 0 0 0 21
174 G 354962 25 13 11 354877 0 0 0 9 27
175 A 339336 339250 25 3 35 4 0 0 0 19
176 A 339734 339612 20 9 38 4 0 0 0 51
177 C 341393 13 24 341301 5 0 0 28 0 22
178 A 270412 270342 1 5 38 14 0 0 0 12
179 G 277164 23 17 7 277091 0 0 0 8 18
180 C 274579 22 17 274513 6 0 0 1 0 20
181 T 273410 12 273334 24 2 0 17 0 0 21
182 T 276273 27 276196 30 1 0 7 0 0 12
183 A 272014 271925 22 3 22 21 0 0 0 21
184 A 289253 289147 19 7 34 29 0 0 0 17
185 C 301177 12 25 301064 4 0 0 32 0 40
186 A 284177 284074 26 3 28 26 0 0 0 20
187 A 292989 292912 19 2 20 25 0 0 0 11
188 T 267040 18 266929 28 3 0 47 0 0 15
189 A 277793 277691 12 3 52 19 0 0 0 16
190 G 282236 24 24 9 282158 0 0 0 7 14
191 A 288501 288390 14 1 48 22 0 0 0 26
192 G 291822 20 11 4 291752 0 0 0 12 23
193 A 268513 268383 23 2 51 22 0 0 0 32
194 G 282139 30 17 9 282038 0 0 0 15 30
195 A 284177 284089 9 3 38 19 0 0 0 19
196 A 291981 291903 13 2 30 14 0 0 0 19
197 T 293948 36 293779 29 4 0 16 0 0 84
198 G 286709 16 25 10 286585 0 0 0 34 39
199 G 290206 21 12 6 290126 0 0 0 16 25
200 T 273177 27 272627 43 5 0 21 0 0 454
201 G 294731 55 15 7 294613 0 0 0 17 24
202 C 294363 14 27 294277 8 0 0 13 0 24
203 T 294803 11 294676 37 3 0 9 0 0 67
204 C 300882 14 28 300814 5 0 0 3 0 18
205 T 300778 16 300664 37 4 0 26 0 0 31
206 C 324221 15 25 324138 10 0 0 8 0 25
207 T 322401 24 322271 58 3 0 10 0 0 35
208 G 327103 56 23 6 326986 0 0 0 13 19
209 C 327365 15 25 327279 14 0 0 9 0 23
210 T 319124 6 319007 55 2 0 20 0 0 34
211 T 326802 10 326727 40 6 0 4 0 0 15
212 T 320953 7 320876 24 6 0 16 0 0 24
213 T 310244 13 310165 40 11 0 7 0 0 8
214 G 312851 41 18 7 312765 0 0 0 8 12
215 A 308765 308617 13 7 57 5 0 0 0 66
216 C 316259 12 122 316068 17 0 0 13 0 27
217 G 306217 40 19 11 306079 0 0 0 8 60
218 A 290923 290849 12 0 27 8 0 0 0 27
219 A 291765 291687 15 1 28 10 0 0 0 24
220 A 293147 293081 7 2 38 3 0 0 0 16
221 G 295949 16 11 8 295894 0 0 0 8 12
222 A 300791 300709 19 4 45 3 0 0 0 11
223 A 300757 300669 13 5 45 7 0 0 0 18
224 G 314030 28 37 2 313933 0 0 0 12 18
225 G 351097 31 27 12 350975 0 0 0 24 28
226 A 344954 344860 21 3 43 7 0 0 0 20
227 A 358434 358336 27 2 30 20 0 0 0 19
228 T 342712 39 342572 28 0 0 33 0 0 40
229 A 340618 340447 19 2 50 86 0 0 0 14
230 A 341349 341261 21 3 34 15 0 0 0 15
231 A 337274 337194 21 0 30 23 0 0 0 6
232 T 339030 26 338928 31 1 0 24 0 0 20
233 A 308397 308308 18 6 19 16 0 0 0 30
234 T 271971 29 271854 48 0 0 10 0 0 30
235 C 277343 9 19 277276 9 0 0 22 0 8
236 T 260295 22 260167 73 7 0 10 0 0 16
237 G 261961 45 22 10 261846 0 0 0 18 20
238 G 255350 23 18 8 255280 0 0 0 3 18
239 A 251702 251621 19 3 32 8 0 0 0 19
240 A 239878 239785 21 1 46 4 0 0 0 21
241 G 249811 31 4 7 249723 0 0 0 15 31
242 A 243628 243551 21 1 31 14 0 0 0 10
243 A 273144 273000 20 2 46 19 0 0 0 57
244 C 275227 10 17 275168 6 0 0 18 0 8
245 A 263644 263537 15 2 34 34 0 0 0 22
246 T 353637 30 353402 56 0 0 49 0 0 100
247 C 348170 22 32 348061 15 0 0 24 0 16
248 C 364444 18 30 364337 10 0 0 27 0 22
249 C 365111 35 37 364966 11 0 0 30 0 32
250 A 350273 350099 5 15 66 45 0 0 0 43
251 G 378354 17 42 12 378257 0 0 0 5 21
252 C 374909 35 72 374753 20 0 0 9 0 20
253 G 373961 37 35 25 373842 0 0 0 6 16
254 C 378452 22 39 378307 25 0 0 7 0 52
255 G 377777 70 49 39 377573 0 0 0 23 23
256 G 409561 34 28 11 409451 0 0 0 19 18
257 G 404742 35 28 14 404622 0 0 0 14 29
258 G 419483 63 25 12 419341 0 0 0 24 18
259 A 420827 420599 31 1 96 10 0 0 0 90
260 A 417740 417566 20 3 68 52 0 0 0 31
261 G 425971 47 53 12 425812 0 0 0 12 35
262 G 431928 36 26 13 431773 0 0 0 36 44
263 A 430434 430267 42 1 64 7 0 0 0 53
264 T 429338 36 429165 63 1 0 12 0 0 61
265 C 409781 19 28 409710 7 0 0 3 0 14
266 C 403182 15 34 403075 12 0 0 25 0 21
267 T 391060 13 390911 85 3 0 12 0 0 36
268 A 391137 391045 10 2 58 8 0 0 0 14
269 A 390900 390822 8 3 41 12 0 0 0 14
270 G 390455 27 11 3 390381 0 0 0 10 23
271 A 373957 373862 17 2 44 22 0 0 0 10
272 A 365895 365818 13 1 25 10 0 0 0 28
273 A 358630 358561 8 0 35 10 0 0 0 16
274 A 337122 336983 18 12 35 7 0 0 0 67
275 C 340053 10 13 339942 6 0 0 13 0 69
276 T 326310 10 326224 45 3 0 8 0 0 20
277 G 324190 38 13 15 324111 0 0 0 4 9
278 G 322769 25 18 7 322635 0 0 0 9 75
279 A 318646 318466 16 1 80 20 0 0 0 63
280 G 314262 22 22 3 314171 0 0 0 16 28
281 G 310317 27 16 19 310201 0 0 0 21 33
282 A 300762 300353 29 7 35 3 0 0 0 335
283 C 321963 24 29 321872 4 0 0 9 0 25
284 C 315190 17 26 315118 10 0 0 8 0 11
285 C 313878 27 38 313780 9 0 0 12 0 12
286 A 346267 346120 40 9 33 27 0 0 0 38
287 T 338644 35 338496 26 3 0 61 0 0 23
288 A 396066 395950 22 2 32 39 0 0 0 21
289 T 394701 33 394572 46 2 0 23 0 0 25
290 A 352860 352559 32 8 39 123 0 0 0 99
291 C 358469 12 29 358375 10 0 0 27 0 16
292 A 308302 308183 22 7 54 28 0 0 0 8
293 A 309345 309241 19 7 45 11 0 0 0 22
294 G 304988 24 14 7 304869 0 0 0 37 37
295 A 235002 234913 15 4 30 15 0 0 0 25
296 G 238214 11 14 5 238164 0 0 0 15 5
297 A 222882 222794 11 2 38 16 0 0 0 21
298 G 227493 22 7 3 227446 0 0 0 4 11
299 T 232428 23 231468 27 7 0 19 0 0 884
300 A 239684 239590 17 3 51 13 0 0 0 10
301 G 258826 14 16 3 258757 0 0 0 22 14
302 A 256273 256162 27 0 27 16 0 0 0 41
303 T 272523 23 272444 24 3 0 13 0 0 16
304 A 269252 269171 10 7 37 7 0 0 0 20
305 G 274389 21 14 10 274306 0 0 0 31 7
306 A 273702 273628 19 3 35 6 0 0 0 11
307 A 273955 273894 14 5 23 4 0 0 0 15
308 A 273352 273305 9 1 20 5 0 0 0 12
309 G 282541 16 6 3 282487 0 0 0 15 14
310 T 283542 18 283243 36 3 0 9 0 0 233
311 G 289310 35 15 7 289218 0 0 0 17 18
312 G 289781 17 15 11 289713 0 0 0 4 21
313 A 289813 289731 14 0 35 16 0 0 0 17
314 T 292796 30 292683 30 2 0 12 0 0 39
315 G 303091 41 25 5 302994 0 0 0 18 8
316 A 305676 305574 21 2 41 7 0 0 0 31
317 G 306782 27 26 5 306692 0 0 0 5 27
318 G 305064 30 22 10 304967 0 0 0 9 26
319 G 306240 159 16 13 305994 1 0 0 9 48
320 A 307983 307841 12 2 41 14 0 0 0 73
321 A 309389 309080 28 2 38 14 0 0 0 227
322 C 310669 7 28 310601 5 0 0 8 0 20
323 T 308316 25 308168 31 2 0 12 0 0 78
324 C 303452 30 44 303329 6 0 0 30 0 13
325 G 296972 48 9 6 296880 0 0 0 7 22
326 T 306995 19 306827 41 0 0 26 0 0 82
327 C 327553 28 26 327449 5 0 0 13 0 32
328 C 343960 23 21 343852 7 0 0 32 0 25
329 T 355786 9 355680 63 3 0 14 0 0 17
330 T 355590 19 355492 31 3 0 30 0 0 15
331 T 346039 23 345928 38 4 0 24 0 0 22
332 A 323564 323376 35 0 28 90 0 0 0 35
333 T 319958 33 319848 28 11 0 19 0 0 19
334 G 321685 54 15 6 321562 0 0 0 26 22
335 A 285416 285225 32 5 49 10 0 0 0 95
336 C 289861 11 36 289762 8 0 0 16 0 28
337 A 256605 256537 13 7 23 8 0 0 0 17
338 A 260495 260449 9 1 27 2 0 0 0 7
339 A 265165 265069 9 4 51 15 0 0 0 17
340 G 308200 17 14 7 308119 0 0 0 17 26
341 A 319696 319610 18 1 44 5 0 0 0 18
342 A 316077 315975 11 3 54 13 0 0 0 21
343 G 356575 37 10 7 356433 0 0 0 32 56
344 A 376187 375993 22 2 55 62 0 0 0 53
345 A 377485 377407 14 2 40 8 0 0 0 14
346 A 378439 378364 25 1 29 8 0 0 0 12
347 T 374751 23 374580 25 1 0 48 0 0 74
348 A 371044 370938 9 1 64 19 0 0 0 13
349 A 368568 368442 32 10 49 17 0 0 0 18
350 G 367381 31 25 9 367293 0 0 0 10 13
351 G 367410 20 16 7 367330 0 0 0 5 32
352 C 355122 29 48 354961 22 0 0 7 0 55
353 G 353191 40 19 7 353053 0 0 0 12 60
354 A 362844 362745 22 1 26 25 0 0 0 25
355 A 376133 375982 4 0 35 12 0 0 0 100
356 T 374528 28 374290 37 0 0 5 0 0 168
357 C 374469 23 12 374398 3 0 0 13 0 20
358 T 366222 24 366041 58 0 0 9 0 0 90
359 G 371641 40 13 11 371500 0 0 0 25 52
360 G 361845 20 21 3 361778 0 0 0 10 13
361 C 367222 20 82 367028 17 0 0 6 0 69
362 G 367227 80 14 19 367052 0 0 0 9 53
363 C 364422 16 17 364348 5 0 0 14 0 22
364 C 353965 13 41 353757 9 0 0 7 0 138
365 A 353573 353473 16 3 54 11 0 0 0 16
366 A 368198 368081 25 7 44 13 0 0 0 28
367 G 410957 69 14 18 410814 0 0 0 19 23
368 C 409712 29 49 409575 20 0 0 11 0 28
369 C 434499 20 55 434363 13 0 0 24 0 24
370 A 435475 435333 16 13 47 38 0 0 0 28
371 A 441948 441783 26 4 37 60 0 0 0 38
372 T 450370 44 450226 44 1 0 17 0 0 38
373 A 445150 444969 33 1 56 74 0 0 0 17
374 A 447972 447865 21 0 42 26 0 0 0 18
375 T 426887 28 426721 45 5 0 38 0 0 50
376 G 402397 39 23 10 402266 0 0 0 26 33
377 G 368344 29 14 9 368251 0 0 0 23 18
378 T 335986 26 335479 57 10 0 14 0 0 400
379 G 337822 28 17 10 337745 0 0 0 14 8
380 A 334803 334677 30 1 37 22 0 0 0 36
381 T 333832 26 333697 55 7 0 15 0 0 32
382 G 330413 27 20 6 330333 0 0 0 10 17
383 A 331580 331465 31 1 31 14 0 0 0 38
384 T 337276 24 337155 47 4 0 9 0 0 37
385 G 333011 65 19 8 332880 0 0 0 14 25
386 C 328018 14 35 327917 15 0 0 8 0 29
387 A 324466 324344 9 5 50 27 0 0 0 31
388 A 320288 320133 16 1 47 30 0 0 0 61
389 C 304952 8 20 304887 10 0 0 8 0 19
390 A 296674 296600 15 5 32 10 0 0 0 12
391 G 297787 19 26 5 297692 0 0 0 12 33
392 C 285319 11 16 285264 6 0 0 5 0 17
393 T 274494 14 274396 39 5 0 20 0 0 20
394 G 316868 23 17 9 316777 0 0 0 28 14
395 G 324821 19 13 7 324752 0 0 0 14 16
396 T 325194 29 324892 28 4 0 8 0 0 233
397 C 347666 11 39 347540 11 0 0 22 0 43
398 T 337390 10 337248 66 6 0 40 0 0 20
399 G 383583 60 23 11 383430 0 0 0 42 17
400 A 384654 384386 27 1 51 5 0 0 0 184
401 C 407092 6 24 407013 9 0 0 13 0 27
402 T 415291 32 415113 73 4 0 16 0 0 53
403 C 414178 24 32 414040 11 0 0 52 0 19
404 A 410768 410514 30 5 55 10 0 0 0 154
405 C 443088 8 43 442952 8 0 0 50 0 27
406 A 443009 442884 23 2 73 8 0 0 0 19
407 T 454074 20 453927 65 2 0 36 0 0 24
408 G 430242 39 23 5 430151 0 0 0 15 9
409 A 444070 443837 39 0 67 83 0 0 0 44
410 T 429203 25 429061 46 3 0 13 0 0 55
411 G 432948 34 24 6 432849 0 0 0 15 20
412 A 421960 421837 35 3 38 4 0 0 0 43
413 T 418326 19 418190 37 5 0 34 0 0 41
414 C 379608 21 21 379534 6 0 0 14 0 12
415 T 373797 36 373620 78 11 0 17 0 0 35
416 G 361183 57 14 14 361056 0 0 0 14 28
417 G 363138 45 32 19 363008 0 0 0 14 20
418 C 353998 20 64 353856 17 0 0 8 0 33
419 A 351750 351644 18 1 48 8 0 0 0 31
420 T 345370 7 345304 38 1 0 9 0 0 11
421 T 342450 24 342327 44 2 0 7 0 0 46
422 C 342899 25 27 342823 5 0 0 1 0 18
423 C 341508 28 44 341392 8 0 0 13 0 23
424 A 341078 340977 13 3 41 9 0 0 0 35
425 A 338788 338735 12 1 20 7 0 0 0 13
426 T 335155 9 335066 26 1 0 9 0 0 44
427 T 334850 16 334787 21 3 0 7 0 0 16
428 T 330902 15 330800 54 4 0 13 0 0 16
429 G 332959 32 15 13 332838 0 0 0 8 53
430 A 324612 324523 16 3 51 6 0 0 0 13
431 A 324347 324230 8 1 52 16 0 0 0 40
432 T 329233 26 329116 36 2 0 26 0 0 27
433 G 309019 28 18 4 308930 0 0 0 20 19
434 A 336666 336549 32 1 35 11 0 0 0 38
435 T 334544 27 334451 42 2 0 4 0 0 18
436 A 334875 334650 27 3 55 52 0 0 0 88
437 C 360194 15 59 360074 5 0 0 25 0 16
438 A 346604 346456 10 6 55 64 0 0 0 13
439 A 410291 410089 39 3 65 31 0 0 0 64
440 C 415097 32 34 414991 7 0 0 19 0 14
441 A 418736 418562 16 13 43 66 0 0 0 36
442 T 431218 23 431077 51 3 0 36 0 0 28
443 A 367691 367278 36 4 35 58 0 0 0 280
444 C 380977 24 30 380884 7 0 0 16 0 16
445 C 383127 28 40 383017 5 0 0 24 0 13
446 A 383420 383253 31 7 92 20 0 0 0 17
447 G 396548 27 18 10 396450 0 0 0 20 23
448 A 358568 358429 12 4 57 33 0 0 0 33
449 G 393702 46 16 14 393567 0 0 0 26 33
450 G 389919 30 14 12 389814 0 0 0 10 39
451 A 394816 394564 44 6 52 34 0 0 0 116
452 C 401132 20 39 401008 6 0 0 34 0 25
453 A 395210 395061 28 3 52 30 0 0 0 36
454 A 408365 408223 20 7 73 20 0 0 0 22
455 G 421638 21 20 2 421549 0 0 0 14 32
456 A 438673 438540 16 1 56 20 0 0 0 40
457 G 453769 27 24 7 453666 0 0 0 15 30
458 C 473693 19 30 473583 13 0 0 18 0 30
459 T 473317 15 473139 59 4 0 27 0 0 73
460 C 478369 28 35 478256 12 0 0 3 0 35
461 T 477259 22 477166 36 3 0 15 0 0 17
462 T 483888 33 483753 54 5 0 20 0 0 23
463 G 487838 44 10 7 487750 0 0 0 9 18
464 T 494343 50 494141 47 4 0 29 0 0 72
465 T 493711 28 493570 41 1 0 10 0 0 61
466 C 497750 31 104 497555 13 0 0 12 0 35
467 G 495657 107 21 17 495464 0 0 0 8 40
468 C 507172 31 67 507019 14 0 0 6 0 35
469 A 502119 501499 35 6 67 0 0 0 0 512
470 C 504600 14 74 504467 9 0 0 7 0 29
471 C 500991 28 76 500825 13 0 0 10 0 39
472 G 510584 123 27 12 510354 0 0 0 43 25
473 G 515455 94 37 18 515254 0 0 0 7 45
474 C 538993 37 67 538796 22 0 0 21 0 50
475 A 542010 541822 44 6 82 15 0 0 0 41
476 T 573560 23 573360 52 4 0 69 0 0 52
477 G 574251 65 39 18 574034 0 0 0 54 41
478 G 601159 63 26 17 600967 0 0 0 31 55
479 A 628840 628628 41 3 76 21 0 0 0 71
480 T 639919 53 639653 77 5 0 24 0 0 107
481 C 595108 19 54 594951 15 0 0 47 0 22
482 C 566573 36 59 566379 14 0 0 72 0 13
483 C 526465 51 77 526233 11 0 0 58 0 35
484 A 533993 533728 14 10 163 45 0 0 0 33
485 G 560818 67 29 11 560628 0 0 0 57 26
486 G 537155 29 23 10 537020 0 0 0 25 48
487 A 512664 512465 33 3 59 34 0 0 0 70
488 T 453004 18 452867 29 7 0 17 0 0 66
489 G 461615 53 22 7 461459 0 0 0 29 45
490 T 447320 53 446921 76 12 0 39 0 0 219
491 G 448525 101 36 13 448343 0 0 0 9 23
492 C 451703 18 41 451583 14 0 0 12 0 35
493 T 437131 19 436997 47 4 0 22 0 0 42
494 C 449881 28 20 449756 6 0 0 11 0 60
495 T 431765 10 431627 50 3 0 20 0 0 55
496 C 436835 26 30 436734 10 0 0 7 0 28
497 T 435703 32 435523 91 9 0 17 0 0 31
498 G 414428 37 30 10 414308 0 0 0 25 18
499 A 415453 415331 41 4 41 8 0 0 0 28
500 T 409662 20 409527 60 6 0 26 0 0 23
501 G 404634 86 21 15 404485 0 0 0 5 22
502 C 406374 32 72 406196 17 0 0 21 0 36
503 A 385036 384851 22 5 111 6 0 0 0 41
504 G 387867 30 23 6 387785 0 0 0 16 7
505 G 370733 22 21 7 370664 0 0 0 10 9
506 G 388790 29 19 7 388671 0 0 0 15 49
507 T 377366 17 376403 54 3 0 11 0 0 878
508 T 380494 19 380349 34 2 0 44 0 0 46
509 C 381695 9 91 381546 12 0 0 13 0 24
510 G 381847 75 19 11 381686 0 0 0 29 27
511 A 385495 384679 31 6 45 8 0 0 0 726
512 C 382339 11 20 382274 7 0 0 4 0 23
513 T 373948 16 373812 51 0 0 6 0 0 63
514 C 415425 20 25 415332 4 0 0 18 0 26
515 T 427830 43 427589 92 6 0 22 0 0 78
516 C 540698 28 100 540497 6 0 0 47 0 20
517 C 532017 31 49 531875 13 0 0 10 0 39
518 C 530850 35 57 530607 18 0 0 115 0 18
519 T 527864 50 527678 76 8 0 35 0 0 17
520 A 582417 582040 45 3 94 181 0 0 0 54
521 G 554108 43 31 13 553966 0 0 0 36 19
522 G 538526 52 30 8 538386 0 0 0 21 29
523 A 499757 499524 34 3 101 9 0 0 0 86
524 G 503959 37 11 6 503867 0 0 0 18 20
525 G 490023 29 13 7 489932 0 0 0 15 27
526 T 486327 25 485609 68 6 0 18 0 0 601
527 C 481805 12 33 481704 6 0 0 10 0 40
528 T 496428 21 496137 195 12 0 31 0 0 32
529 G 497256 57 26 8 497086 0 0 0 58 21
530 G 498805 39 22 2 498675 0 0 0 27 40
531 A 497712 497537 10 1 81 20 0 0 0 63
532 G 507812 37 27 5 507657 0 0 0 14 72
533 C 503556 25 34 503436 10 0 0 14 0 37
534 T 491824 6 491632 109 7 0 12 1 0 57
535 G 493252 143 46 12 493026 0 0 0 7 18
536 C 496450 35 71 496280 17 0 0 15 0 32
537 A 498172 497855 36 13 217 11 0 0 0 40
538 G 510924 40 29 10 510790 0 0 0 9 46
539 G 518067 31 23 8 517958 0 0 0 13 34
540 C 515026 29 63 514833 18 0 0 14 0 69
541 G 510079 85 31 9 509878 0 0 0 10 66
542 C 513753 28 21 513654 7 0 0 10 0 33
543 T 505054 11 504849 125 4 0 14 0 0 51
544 G 520149 141 35 14 519927 0 0 0 15 17
545 C 511614 32 190 511337 22 0 0 6 0 27
546 A 537292 537065 26 6 124 27 0 0 0 44
547 G 550124 58 12 4 549982 0 0 0 8 60
548 T 554866 52 554556 55 19 0 26 0 0 158
549 C 561309 33 76 561134 12 0 1 15 0 38
550 A 557359 557161 31 18 67 58 0 0 0 24
551 A 553060 552910 28 3 57 34 0 0 0 28
552 A 553142 552794 40 39 183 18 0 0 0 68
553 G 532885 31 24 4 532779 0 0 0 31 16
554 G 547257 64 33 3 547106 0 0 0 38 13
555 A 487704 487468 34 8 90 16 0 0 0 88
556 G 479255 31 22 12 479160 0 0 0 11 19
557 T 467371 39 466962 55 15 0 18 0 0 282
558 T 453804 31 453646 57 20 0 20 0 0 30
559 G 459545 63 33 10 459360 0 0 0 54 25
560 G 458578 53 28 10 458424 0 0 0 23 40
561 G 460347 77 18 14 460197 0 0 0 20 21
562 A 449522 449232 46 18 62 23 0 0 0 141
563 C 395756 22 58 395600 7 0 0 29 0 40
564 A 349762 349585 31 8 55 58 0 0 0 25
565 A 274409 274336 16 0 34 9 0 0 0 14
566 T 275954 9 275884 28 7 0 3 0 0 23
567 G 283393 31 22 1 283319 0 0 0 12 8
568 G 287872 16 11 3 287801 0 0 0 25 16
569 T 263717 20 263139 41 7 0 21 0 0 489
570 G 263679 34 20 10 263556 0 0 0 14 45
571 A 260715 260613 30 1 26 10 0 0 0 35
572 T 261033 22 260928 30 1 0 31 0 0 21
573 G 256124 24 19 10 256038 0 0 0 26 7
574 G 233069 12 13 7 233025 0 0 0 4 8
575 A 278833 278685 26 2 66 26 0 0 0 28
576 G 292150 21 12 3 292066 0 0 0 23 25
577 T 285217 24 285015 20 5 0 13 0 0 140
578 T 324326 22 324185 42 8 0 46 0 0 23
579 G 344133 32 24 5 344045 0 0 0 12 15
580 A 346363 346220 32 5 45 22 0 0 0 39
581 T 337453 16 337354 46 5 0 12 0 0 20
582 A 335073 334939 12 1 47 60 0 0 0 14
583 A 327769 327638 11 5 65 31 0 0 0 19
584 G 347080 31 36 5 346976 0 0 0 14 18
585 G 368679 34 21 8 368587 0 0 0 11 18
586 A 370362 370226 40 2 43 21 0 0 0 30
587 T 340244 28 340130 48 4 0 7 0 0 27
588 G 353247 37 20 8 353134 0 0 0 28 20
589 A 355833 355739 24 0 43 3 0 0 0 24
590 T 356992 41 356859 29 1 0 1 0 0 61
591 C 354752 19 31 354673 9 0 0 6 0 14
592 A 352437 352313 10 2 39 38 0 0 0 35
593 A 341966 341912 5 0 32 12 0 0 0 5
594 A 343188 343043 14 13 42 10 0 0 0 66
595 C 335614 8 37 335522 5 0 0 4 0 38
596 G 329780 45 10 3 329699 0 0 0 6 17
597 T 318259 18 318011 31 7 0 14 0 0 178
598 G 314121 37 21 4 314035 0 0 0 11 13
599 G 318071 26 22 10 317979 0 0 0 11 23
600 G 328883 49 16 6 328776 0 0 0 9 27
601 A 330135 330022 27 1 45 11 0 0 0 29
602 T 331909 13 331821 30 0 0 8 0 0 37
603 C 325471 13 42 325379 10 0 0 18 0 9
604 A 321954 321841 16 3 64 5 0 0 0 25
605 A 322607 322537 13 0 24 7 0 0 0 26
606 T 321760 20 321683 34 3 0 7 0 0 13
607 G 328223 33 14 4 328063 0 0 0 13 96
608 A 322817 322709 26 2 37 19 0 0 0 24
609 T 304204 24 304115 30 1 0 8 0 0 26
610 C 315158 24 46 315066 3 0 0 5 0 14
611 G 314198 48 14 10 314079 0 1 0 26 20
612 G 344176 22 10 14 344097 0 0 0 21 12
613 A 344850 344741 21 0 40 13 0 0 0 35
614 A 335392 335234 12 0 47 7 0 0 0 92
615 C 410683 22 15 410608 1 0 0 17 0 20
616 T 401130 14 401018 53 1 0 18 0 0 26
617 T 393340 23 393196 60 2 0 21 0 0 38
618 C 400371 14 32 400281 6 0 0 18 0 20
619 T 401944 39 401627 102 6 0 151 0 0 19
620 G 403827 47 24 19 403691 0 0 0 19 27
621 G 408342 31 25 8 408251 0 0 0 20 7
622 A 401567 401330 44 3 105 26 0 0 0 59
623 G 385736 29 25 3 385620 0 0 0 40 19
624 A 313554 313392 15 11 73 11 0 0 0 52
625 G 338168 33 20 12 338079 0 0 0 11 13
626 G 358970 18 22 4 358890 0 0 0 13 23
627 T 341201 24 339551 57 23 0 6 0 0 1540
628 G 338058 48 29 5 337948 0 0 0 8 20
629 A 337041 336867 17 3 78 57 0 0 0 19
630 A 340535 340447 20 0 43 11 0 0 0 14
631 A 343285 343183 11 0 29 4 0 0 0 58
632 A 340498 340408 40 1 22 6 0 0 0 21
633 T 329491 8 329404 39 6 0 9 0 0 25
634 G 312400 43 13 5 312295 0 0 0 8 36
635 G 311845 33 25 11 311763 0 0 0 2 11
636 A 312143 311980 16 3 71 4 0 0 0 69
637 C 305124 16 64 305012 11 0 0 2 0 19
638 G 303524 41 22 9 303434 0 0 0 1 17
639 A 303697 303634 16 1 36 5 0 0 0 5
640 A 306550 306487 8 0 31 8 0 0 0 16
641 A 307413 307345 4 4 34 6 0 0 0 20
642 A 304022 303957 5 1 20 6 0 0 0 33
643 A 302563 302440 22 13 34 10 0 0 0 44
644 C 297685 12 13 297618 4 0 0 14 0 24
645 A 296651 296573 7 1 55 4 0 0 0 11
646 A 294958 294851 14 2 52 23 0 0 0 16
647 G 301985 19 24 7 301915 0 0 0 13 7
648 G 286972 27 14 9 286895 0 0 0 10 17
649 A 273938 273839 24 1 31 4 0 0 0 39
650 G 278026 19 6 3 277957 0 0 0 10 31
651 T 263565 19 262902 28 8 0 6 0 0 602
652 G 276000 27 15 7 275907 0 0 0 12 32
653 C 272842 12 12 272772 14 0 0 12 0 20
654 T 268954 12 268872 23 1 0 35 0 0 11
655 T 288809 8 288725 43 1 0 23 0 0 9
656 A 275397 275215 17 4 33 67 0 0 0 61
657 C 303700 14 52 303581 8 0 0 29 0 16
658 G 303340 57 24 7 303185 0 0 0 38 29
659 A 277590 277503 16 6 37 6 0 0 0 22
660 G 307817 26 20 5 307697 0 0 0 50 19
661 A 252334 252223 14 4 37 25 0 0 0 31
662 G 259345 23 12 6 259260 0 0 0 20 24
663 A 253285 253181 13 1 33 36 0 0 0 21
664 A 219410 219353 11 1 24 8 0 0 0 13
665 T 221385 19 221308 26 3 0 9 0 0 20
666 G 229789 32 8 1 229715 0 0 0 17 16
667 T 267988 30 267719 47 3 0 25 0 0 164
668 G 280214 55 15 12 280061 0 0 0 29 42
669 C 281786 18 77 281634 19 0 0 8 0 30
670 A 278092 277972 20 6 46 30 0 0 0 18
671 A 284520 284412 25 4 33 5 0 0 0 41
672 C 305993 5 26 305926 2 0 0 20 0 14
673 A 303565 303482 25 2 28 9 0 0 0 19
674 T 295127 16 295052 28 2 0 6 0 0 23
675 T 295381 11 295293 36 0 0 19 0 0 22
676 C 300608 8 26 300547 3 0 0 4 0 20
677 T 299988 41 299860 45 4 0 6 0 0 32
678 C 312393 19 38 312286 8 0 0 8 0 34
679 A 310902 310783 13 2 64 11 0 0 0 29
680 A 311663 311576 18 4 32 8 0 0 0 25
681 A 311309 311234 10 3 43 1 0 0 0 18
682 G 319049 24 8 5 318990 0 0 0 7 15
683 G 326588 24 18 6 326519 0 0 0 6 15
684 A 323912 323803 25 4 55 13 0 0 0 12
685 A 322948 322885 13 0 39 5 0 0 0 6
686 A 323219 323166 4 1 33 12 0 0 0 3
687 A 341405 341300 33 0 27 12 0 0 0 33
688 T 342240 28 342147 35 1 0 4 0 0 25
689 T 336360 4 336283 34 4 0 4 0 0 31
690 T 335904 23 335823 35 0 0 9 0 0 14
691 C 320991 21 37 320873 12 0 0 27 0 21
692 A 319816 319649 18 10 91 6 0 0 0 42
693 A 319715 319660 10 2 34 4 0 0 0 5
694 A 320012 319906 10 12 35 8 0 0 0 41
695 C 332210 17 20 332154 5 0 0 6 0 8
696 A 312623 312544 10 4 41 7 0 0 0 17
697 G 322832 23 28 5 322742 0 0 0 11 23
698 C 326414 32 37 326308 9 0 0 8 0 20
699 T 299001 8 298852 51 5 0 29 0 0 56
700 G 317858 84 27 11 317667 0 0 0 38 31
701 C 267866 24 38 267756 12 0 0 30 0 6
702 A 269351 269162 24 11 58 3 0 0 0 93
703 C 265077 21 30 264981 4 0 0 3 0 38
704 A 264653 264533 7 17 31 38 0 0 0 27
705 A 263645 263571 21 2 35 5 0 0 0 11
706 A 255811 255725 8 5 55 10 0 0 0 8
707 G 280015 38 19 3 279923 0 0 0 16 16
708 G 280088 30 11 3 280009 0 0 0 11 24
709 G 265526 23 27 17 265418 0 0 0 19 22
710 C 263689 15 58 263540 16 0 0 19 0 41
711 A 259734 259612 7 6 34 56 0 0 0 19
712 A 279018 278913 22 3 23 38 0 0 0 19
713 T 264340 24 264219 27 7 0 11 0 0 52
714 G 265639 27 25 9 265557 0 0 0 11 10
715 A 247985 247895 26 4 28 10 0 0 0 22
716 T 260067 23 259914 38 4 0 47 0 0 41
717 G 259068 27 20 3 258999 0 0 0 12 7
718 G 284179 17 24 7 284101 0 0 0 18 12
719 A 284265 284159 22 1 47 5 0 0 0 31
720 T 279043 21 278934 39 2 0 12 0 0 35
721 C 267924 6 26 267866 5 0 0 11 0 10
722 A 268973 268877 13 1 41 27 0 0 0 14
723 A 304292 304177 11 3 43 24 0 0 0 34
724 G 307607 18 9 3 307560 0 0 0 8 9
725 T 308182 22 307971 37 5 0 4 0 0 143
726 G 311835 33 19 7 311745 0 0 0 8 23
727 A 306005 305862 24 1 60 33 1 0 0 24
728 G 316740 19 21 5 316650 0 0 0 25 20
729 A 315681 315550 20 1 82 4 0 0 0 24
730 G 317911 28 8 5 317821 0 0 0 7 42
731 A 312098 311991 20 1 57 6 0 0 0 23
732 A 304047 303978 14 0 27 11 0 0 0 17
733 A 323292 323195 5 4 52 13 0 0 0 23
734 G 328818 19 14 6 328747 0 0 0 10 22
735 T 328709 35 328435 23 7 0 3 0 0 206
736 C 320096 16 41 320012 8 0 0 1 0 18
737 G 317891 71 27 7 317748 0 0 0 26 12
738 G 320957 34 8 10 320839 0 0 0 16 50
739 A 319531 319435 10 2 53 4 0 0 0 27
740 A 322340 322044 17 5 45 7 0 0 0 222
741 C 327356 20 18 327293 5 0 0 6 0 14
742 C 363455 17 25 363356 5 0 0 37 0 15
743 C 374296 24 51 374169 11 0 0 30 0 11
744 A 372652 372511 17 5 63 27 0 0 0 29
745 G 386326 53 31 8 386170 0 0 0 50 14
746 G 383609 28 22 8 383526 0 0 0 11 14
747 A 381501 381395 25 3 42 15 0 0 0 21
748 A 385696 385571 19 1 40 25 0 0 0 40
749 A 363843 363731 18 2 34 25 0 0 0 33
750 T 382493 21 382298 60 5 0 55 0 0 54
751 G 386627 42 37 15 386503 0 0 0 5 25
752 C 413864 17 47 413752 12 0 0 19 0 17
753 T 401921 11 401768 99 4 0 13 0 0 26
754 G 406362 41 26 8 406225 0 0 0 41 21
755 A 384310 384164 25 6 58 22 0 0 0 35
756 G 390612 34 17 8 390508 0 0 0 15 30
757 A 388531 388382 22 1 63 8 0 0 0 55
758 T 390651 29 390540 28 1 0 11 0 0 42
759 C 381574 18 57 381452 7 0 0 10 0 30
760 G 380197 58 29 20 380004 0 0 0 56 30
761 A 366048 365924 28 1 41 13 0 0 0 41
762 A 363797 363666 16 3 69 9 0 0 0 34
763 G 384244 20 15 9 384167 0 0 0 16 17
764 A 383313 383100 28 3 38 16 0 0 0 128
765 T 366838 19 366711 42 3 0 9 0 0 54
766 C 364805 7 26 364726 5 0 0 11 0 30
767 T 345285 30 345122 66 8 0 25 0 0 34
768 C 352085 14 30 352018 4 0 0 10 0 9
769 A 350731 350633 14 3 41 8 0 0 0 32
770 T 351222 26 351093 54 3 0 11 0 0 35
771 C 348219 14 19 348153 4 0 0 19 0 10
772 T 319932 18 319813 54 3 0 12 0 0 32
773 T 322262 9 322201 31 1 0 7 0 0 13
774 T 322875 10 322777 35 2 0 3 0 0 48
775 C 319674 15 18 319611 8 0 0 7 0 15
776 T 318059 21 317954 38 3 0 16 0 0 27
777 G 309836 44 14 14 309717 0 0 0 30 17
778 G 314278 37 23 13 314183 0 0 0 6 16
779 C 312107 26 69 311939 16 0 0 5 0 52
780 A 311322 311164 18 3 51 7 0 0 0 79
781 C 307683 13 50 307558 7 0 0 26 0 29
782 G 321087 43 12 1 320974 0 0 0 16 41
783 G 326024 24 11 5 325968 0 0 0 8 8
784 T 324930 17 324673 33 1 0 5 0 0 201
785 C 326325 10 28 326251 10 0 0 9 0 17
786 T 332942 14 332712 87 4 0 100 0 0 25
787 G 326683 78 20 15 326512 1 0 0 49 8
788 C 335472 31 75 335319 10 0 0 20 0 17
789 A 322341 321961 39 7 43 15 0 0 0 276
790 C 315482 10 31 315391 2 0 0 28 0 20
791 T 277718 12 277598 60 2 0 25 0 0 21
792 C 298670 22 54 298528 6 0 0 28 0 32
793 A 308181 308079 16 1 41 14 0 0 0 30
794 T 301295 34 301154 45 0 0 46 0 0 16
795 A 293930 293745 13 3 37 9 0 0 0 123
796 T 314713 23 314593 23 0 0 63 0 0 11
797 T 320385 13 320237 52 0 0 18 0 0 65
798 G 364114 34 21 2 363978 0 0 0 34 45
799 A 361757 361439 25 13 56 14 0 0 0 210
800 G 399283 23 21 10 399171 0 0 0 33 25
801 A 374369 372429 16 6 97 13 0 0 0 1808
802 G 383338 61 20 4 383214 0 0 0 17 22
803 G 409929 21 21 4 409851 0 0 0 12 20
804 G 411509 37 27 7 411294 0 0 0 10 134
805 T 414004 43 413421 56 6 0 11 0 0 467
806 C 416871 20 56 416454 15 0 0 21 0 305
807 A 414007 413587 31 7 105 23 0 0 0 254
808 G 423656 26 10 9 423197 0 0 0 11 403
809 T 422769 26 422634 29 3 0 7 0 0 70
810 T 420510 29 420320 53 1 0 6 0 0 101
811 G 425424 60 39 19 425029 0 0 1 10 266
812 C 418198 22 49 418047 18 0 0 19 0 43
813 T 419050 20 418024 64 9 0 2 0 0 931
814 C 425038 23 60 424889 14 0 0 0 0 52
815 A 423914 423367 49 12 51 6 0 0 0 429
816 C 426652 24 35 424166 8 0 0 5 0 2414
817 A 422863 422766 18 3 32 11 0 0 0 33
818 A 426026 425908 24 3 34 18 0 0 0 39
819 A 425716 425406 23 1 31 6 0 0 0 249
820 T 424179 10 423979 44 1 0 15 0 0 130
821 C 420719 13 22 419003 2 0 0 9 0 1670
822 T 420015 24 419892 37 4 0 37 0 0 21
823 T 407783 11 407627 53 13 0 8 0 0 71
824 G 407784 32 20 4 407306 0 0 0 11 411
825 T 392487 34 392229 58 1 0 6 0 0 159
826 C 392616 10 47 392365 16 0 0 21 0 157
827 T 347683 24 346411 28 5 0 8 0 0 1207
828 G 347733 29 29 10 345852 0 0 0 3 1810
829 C 344090 28 90 343906 16 0 0 15 0 35
830 C 343182 28 52 343028 12 0 0 23 0 39
831 C 283425 37 59 283279 11 0 0 15 0 24
832 G 258880 60 22 17 258678 0 0 1 10 92
833 C 266511 21 30 266439 7 0 0 8 0 6
834 C 264995 25 33 264851 7 0 0 6 0 73
835 T 257312 8 257097 134 19 0 8 0 0 46
836 G 254843 39 8 10 254762 0 0 0 15 9
837 T 246206 17 245986 28 5 0 22 0 0 148
838 G 260740 19 9 7 260647 0 0 0 20 38
839 T 229322 24 229177 26 6 0 10 0 0 79
840 G 249008 41 17 5 248638 0 1 0 45 261
841 T 185918 12 185821 25 4 0 13 0 0 43
842 A 187986 187578 8 2 24 35 0 0 0 339
843 T 185718 26 183867 21 2 0 22 0 1 1779
844 G 183527 16 18 2 183454 0 0 0 31 6
845 G 197943 26 12 9 197635 0 0 0 11 250
846 A 193652 136025 21 3 38 12 0 0 0 57553
847 C 193298 5 38 193215 20 0 0 14 0 6
848 C 192007 27 13 191937 13 0 0 13 0 4
849 T 180551 11 180461 22 6 0 33 0 0 18
850 G 282811 83 31 17 282615 0 0 0 36 29
851 C 284204 28 57 284089 9 0 0 9 0 12
852 C 282246 7 67 282130 4 0 0 9 0 29
853 G 282252 37 13 9 282170 0 0 0 13 10
854 T 290609 22 290420 35 8 0 60 0 0 64
855 A 297633 297546 10 0 47 8 0 0 0 22
856 G 309253 29 8 7 309176 0 0 0 9 24
857 C 309463 15 29 309403 6 0 0 4 0 6
858 C 320345 16 59 320239 6 0 0 5 0 20
859 A 373062 372916 25 11 54 41 0 0 0 15
860 G 377700 31 21 14 377596 0 0 0 27 11
861 T 377535 33 377376 27 14 0 2 0 0 83
862 G 406100 44 18 13 405982 0 0 0 10 33
863 G 405322 34 13 5 405253 0 0 0 1 16
864 C 409399 19 39 409284 14 0 0 18 0 25
865 T 407043 3 406898 105 1 0 11 0 0 25
866 A 409716 409464 37 3 49 56 0 0 0 107
867 C 406050 21 94 405909 9 0 0 3 0 14
868 G 433029 43 13 7 432924 0 0 0 18 24
869 A 433216 433028 23 1 39 4 0 0 0 121
870 C 436311 7 22 436243 6 0 0 11 0 22
871 T 419716 7 419615 58 2 0 6 0 0 28
872 T 421368 19 421256 56 3 0 2 0 0 32
873 C 420301 40 56 420163 15 0 0 7 0 20
874 G 422570 61 27 11 422433 0 0 0 4 34
875 A 422525 422418 20 1 68 3 0 0 0 15
876 A 422483 422388 4 2 59 11 0 0 0 19
877 A 421560 421492 6 0 38 8 0 0 0 16
878 A 421407 421319 19 1 31 11 0 0 0 26
879 A 417539 417333 12 5 139 18 0 0 0 32
880 G 419273 27 22 4 419171 0 0 0 10 39
881 A 410128 409926 24 4 97 20 0 0 0 57
882 G 403450 31 28 11 403317 0 0 0 6 57
883 G 400155 34 26 7 400067 0 0 0 10 11
884 G 395584 49 26 9 395446 0 0 0 36 18
885 A 378914 378713 34 1 36 18 0 0 0 112
886 T 374477 28 374313 33 1 0 42 0 0 60
887 A 327329 326362 24 2 40 20 0 0 0 881
888 C 324928 17 17 324849 4 0 0 15 0 26
889 T 284908 23 284795 31 1 0 15 0 0 43
890 C 290151 11 8 290104 4 0 0 6 0 18
891 T 300668 11 300540 39 2 0 34 0 0 42
892 T 296213 5 296157 24 1 0 18 0 0 8
893 T 296949 28 296851 27 3 0 27 0 0 13
894 A 297649 297508 19 2 50 48 0 0 0 22
895 G 306084 22 22 2 306010 0 0 0 22 6
896 T 291963 34 291651 19 17 0 12 0 0 230
897 G 284885 35 24 10 284785 0 0 0 23 8
898 G 284588 30 23 12 284461 0 1 0 49 12
899 G 257686 34 12 13 257588 0 0 0 25 14
900 A 320364 320197 28 1 53 27 0 0 0 58
901 A 327696 327555 33 6 45 29 0 0 0 28
902 T 327984 29 327859 28 1 0 35 0 0 32
903 A 323102 322887 17 3 72 101 0 0 0 22
904 G 328624 32 21 6 328521 0 0 0 14 30
905 A 332330 331399 29 9 36 12 0 0 0 845
906 C 340158 27 27 340044 14 0 0 8 0 38
907 C 334963 18 28 334889 6 0 0 11 0 11
908 C 367054 16 17 366979 7 0 0 25 0 10
909 T 367180 12 367043 95 13 0 5 0 0 12
910 T 373065 16 372944 48 3 0 25 0 0 29
911 T 356662 14 356573 44 1 0 8 0 0 22
912 C 357724 22 39 357570 18 0 0 55 0 20
913 A 356596 356511 12 9 41 9 0 0 0 14
914 A 359111 359027 15 3 35 12 0 0 0 19
915 A 364058 363881 29 21 30 4 0 0 0 93
916 C 364545 14 16 364490 4 0 0 5 0 16
917 T 358136 8 358013 68 10 0 4 0 0 33
918 G 362871 42 19 9 362767 0 0 0 6 28
919 C 365957 16 35 365873 14 0 0 3 0 16
920 T 366741 8 366647 62 3 0 4 0 0 17
921 T 366279 35 366150 54 6 0 3 0 0 31
922 C 370384 15 30 370281 14 0 0 19 0 25
923 A 369238 369099 12 11 48 24 0 0 0 44
924 A 369523 369447 7 0 31 3 0 0 0 35
925 A 369534 369460 6 9 44 7 0 0 0 8
926 A 368938 368734 17 15 61 1 0 0 0 110
927 C 371119 11 31 371042 7 0 0 14 0 14
928 A 362153 362068 14 1 45 7 0 0 0 18
929 G 375977 60 19 8 375844 0 0 0 20 26
930 C 378586 29 43 378480 12 0 0 13 0 9
931 C 393825 23 42 393710 14 0 0 13 0 23
932 A 390147 389999 21 7 44 13 0 0 0 63
933 A 391581 391463 13 5 34 37 0 0 0 29
934 G 441990 42 13 9 441854 0 0 0 46 26
935 T 452755 36 452379 34 8 0 53 0 0 245
936 A 440565 440444 35 1 43 17 0 0 0 25
937 T 432548 23 432412 49 4 0 22 0 0 38
938 A 419794 419499 28 4 47 113 0 0 0 103
939 C 408070 22 149 407845 13 0 0 26 0 15
940 A 395701 395534 14 14 102 14 0 0 0 23
941 G 457391 36 39 13 457255 0 0 0 24 24
942 C 463596 24 34 463457 19 0 0 31 0 31
943 C 404009 19 24 403920 9 0 0 18 0 19
944 T 455297 28 455059 83 2 0 105 0 0 20
945 A 479494 479303 15 2 50 89 0 0 0 35
946 A 482631 482516 34 0 40 19 0 0 0 22
947 T 490235 33 490046 45 1 0 25 0 0 85
948 C 442381 38 59 442216 12 0 0 40 0 16
949 A 408123 407933 11 8 118 33 0 0 0 20
950 G 410356 38 17 7 410223 0 0 0 11 60
951 A 410879 410591 14 0 53 5 0 0 0 216
952 C 420949 13 27 420879 7 0 0 3 0 20
953 C 414210 26 53 414098 5 0 0 6 0 22
954 G 416640 53 27 9 416511 0 0 0 11 29
955 A 425804 425711 21 3 35 15 0 0 0 19
956 A 434589 434427 27 7 50 17 0 0 0 61
957 C 431585 20 88 431366 9 0 0 4 0 98
958 G 431553 52 25 7 431431 0 0 0 7 31
959 A 447193 447037 34 3 49 18 0 0 0 52
960 G 450441 42 17 10 450346 0 0 0 2 24
961 A 459063 458913 14 3 40 22 0 0 0 71
962 A 475724 475617 20 2 34 20 0 0 0 31
963 T 474547 34 474373 53 1 0 10 0 0 76
964 C 474149 20 22 474081 7 0 0 9 0 10
965 C 476769 25 44 476646 24 0 0 8 0 22
966 A 471896 471658 12 15 121 39 0 0 0 51
967 G 485082 63 26 16 484926 0 0 0 10 41
968 C 479434 37 62 479289 14 0 0 8 0 24
969 A 504101 503782 48 9 63 21 0 0 0 178
970 C 525100 10 54 524974 6 0 0 20 0 36
971 A 512069 511710 71 9 63 53 0 0 0 163
972 C 521256 19 42 521156 5 0 0 15 0 19
973 A 518765 518560 12 10 102 57 0 0 0 24
974 A 524462 524260 33 6 92 44 0 0 0 27
975 G 530507 35 29 3 530292 0 0 0 19 129
976 A 499996 499798 44 1 58 15 0 0 0 80
977 G 504512 38 12 9 504375 0 0 0 34 44
978 T 446912 39 446164 40 5 0 44 0 0 620
979 C 467561 26 61 467381 14 0 0 42 0 37
980 A 442238 442064 15 13 104 10 0 0 0 32
981 G 442896 32 34 11 442780 0 0 0 16 23
982 C 442647 34 71 442472 12 0 0 29 0 29
983 T 372055 16 371931 43 7 0 24 0 0 34
984 G 394388 34 16 3 394304 0 0 0 16 15
985 G 400321 24 15 8 400232 0 0 0 21 21
986 T 396046 22 395437 40 6 0 17 0 0 524
987 G 453297 42 21 9 453187 0 0 0 26 12
988 T 441165 28 440780 45 13 0 79 0 0 220
989 G 440843 39 36 8 440701 0 0 0 39 20
990 G 385106 26 27 6 385018 1 0 0 9 19
991 A 382449 382258 39 3 47 15 0 0 0 87
992 T 387066 20 386928 27 3 0 15 0 0 73
993 G 376972 50 19 19 376810 1 0 0 30 43
994 G 371673 55 24 6 371561 0 0 0 11 16
995 C 374911 27 85 374739 16 0 0 8 0 36
996 A 378860 378741 27 2 52 12 0 0 0 26
997 T 393382 25 393234 80 2 0 5 0 0 36
998 G 397164 78 29 14 396988 0 0 0 21 34
999 C 404283 19 84 404138 13 0 0 10 0 19
1000 C 403313 30 51 403135 4 0 0 30 0 63
1001 A 401882 401746 29 2 40 6 0 0 0 59
1002 T 403021 15 402921 50 2 0 9 0 0 24
1003 T 391995 20 391881 28 2 0 36 0 0 28
1004 C 387179 20 41 387079 9 0 0 10 0 20
1005 T 372496 23 372324 78 7 0 35 0 0 29
1006 G 374984 63 38 15 374835 0 0 0 12 21
1007 C 385935 24 32 385820 13 0 0 20 0 26
1008 T 353750 6 353606 81 5 0 21 0 0 31
1009 G 356912 58 16 12 356790 0 0 0 11 25
1010 C 332117 21 30 332022 10 0 0 10 0 24
1011 A 328265 328130 13 3 45 4 0 0 0 70
1012 T 338706 16 338638 23 3 0 11 0 0 15
1013 T 332705 12 332625 32 1 0 24 0 0 11
1014 T 332839 15 332720 70 7 0 15 0 0 12
1015 G 331345 31 18 6 331253 0 0 0 11 26
1016 A 324071 323981 26 4 38 10 0 0 0 12
1017 A 324386 324258 27 8 61 14 0 0 0 18
1018 G 314741 22 13 4 314671 0 0 0 15 16
1019 A 326892 326762 19 2 31 18 0 0 0 60
1020 T 328729 14 328646 27 1 0 18 0 0 23
1021 C 322259 15 26 322183 4 0 0 17 0 14
1022 T 323774 27 323659 47 4 0 20 0 0 17
1023 A 313832 313711 8 2 38 58 0 0 0 15
1024 A 313461 313391 8 1 39 13 0 0 0 9
1025 G 315860 27 14 8 315766 0 0 0 9 36
1026 A 307938 307835 18 2 44 10 0 0 0 29
1027 G 330321 34 15 5 330227 0 0 0 23 17
1028 T 277424 21 276700 21 4 0 11 0 0 667
1029 A 273590 273512 12 3 25 16 0 0 0 22
1030 T 268566 19 268486 32 4 0 9 0 0 16
1031 T 266304 31 266161 27 1 0 72 0 0 12
1032 A 273888 273763 25 3 52 29 0 0 0 16
1033 A 246647 246579 7 6 24 18 0 0 0 13
1034 G 239879 12 11 4 239827 0 0 0 13 12
1035 C 240970 12 11 240889 9 0 0 16 0 33
1036 T 209653 1 209599 33 0 0 3 0 0 17
1037 T 248247 16 248148 35 5 0 30 0 0 13
1038 C 251249 16 15 251186 6 0 0 5 0 21
1039 A 259209 259090 31 4 37 14 0 0 0 33
1040 T 259602 22 259512 31 0 0 10 1 0 26
1041 C 255281 19 25 255182 6 0 0 36 0 13
1042 A 256181 256066 17 5 49 25 0 0 0 19
1043 G 250405 16 10 11 250341 0 0 0 9 18
1044 A 252338 252243 15 1 49 9 0 0 0 21
1045 G 249900 16 11 5 249840 0 0 0 8 20
1046 G 264577 15 7 4 264525 0 0 0 7 19
1047 G 317358 68 19 11 317189 0 0 0 32 39
1048 A 316694 316315 26 1 70 13 0 0 0 269
1049 C 320859 34 25 320755 8 0 0 10 0 27
1050 C 312788 16 26 312696 7 0 0 29 0 14
1051 A 317907 317771 17 20 36 43 0 0 0 20
1052 A 340026 339954 18 1 26 20 0 0 0 7
1053 A 338669 338537 12 11 72 7 0 0 0 30
1054 G 344188 40 20 9 344090 0 0 0 4 25
1055 T 339072 30 338688 44 16 0 9 0 0 285
1056 A 341075 340908 32 2 31 43 0 0 0 59
1057 T 344600 39 344389 51 4 0 12 0 0 105
1058 C 346648 21 44 346548 6 0 0 17 0 12
1059 C 344293 26 29 344204 9 0 0 5 0 20
1060 C 340272 24 23 340177 7 0 0 21 0 20
1061 C 323600 37 27 323493 7 0 0 13 0 23
1062 A 322624 322499 15 13 40 30 0 0 0 27
1063 A 317824 317711 13 1 63 5 0 0 0 31
1064 G 321974 30 44 3 321868 0 0 0 9 20
1065 G 315043 20 18 6 314984 0 0 0 11 4
1066 G 312824 26 25 9 312731 0 0 0 14 19
1067 G 294878 25 12 13 294807 0 0 0 6 15
1068 G 280438 53 17 11 280319 0 0 0 16 22
1069 A 278217 278100 10 2 36 6 0 0 0 63
1070 A 287840 287757 11 4 40 8 0 0 0 20
1071 A 289083 288928 10 25 32 6 0 0 0 82
1072 C 295724 16 20 295657 2 0 0 7 0 22
1073 T 284151 9 284053 66 3 0 9 0 0 11
1074 T 284455 10 284373 41 1 0 6 0 0 24
1075 T 292258 19 292144 44 3 0 16 0 0 32
1076 C 274016 23 26 273929 8 0 0 22 0 8
1077 C 290588 22 34 290482 15 0 0 15 0 20
1078 A 321464 321243 32 5 41 20 0 0 0 123
1079 C 330008 14 22 329923 3 0 0 18 0 28
1080 T 330755 21 330635 50 1 0 18 0 0 30
1081 A 319897 319740 23 5 43 69 0 0 0 17
1082 G 324732 17 17 8 324668 0 0 0 14 8
1083 A 327021 326912 15 1 43 28 0 0 0 22
1084 G 330187 21 24 4 330116 0 0 0 10 12
1085 G 345332 26 26 6 345226 0 0 0 30 18
1086 A 298100 297945 18 1 52 27 0 0 0 57
1087 G 334574 23 16 1 334496 0 0 0 18 20
1088 T 330629 32 329714 52 7 0 15 0 0 809
1089 A 331720 331501 40 3 58 18 0 0 0 100
1090 C 336481 27 35 336363 3 0 0 18 0 35
1091 A 323536 323393 22 6 38 69 0 0 0 8
1092 A 323383 323308 12 2 28 21 0 0 0 12
1093 A 360393 360283 22 0 25 26 0 0 0 37
1094 T 352993 25 352896 33 1 0 13 0 0 25
1095 T 337620 4 337508 52 3 0 18 0 0 35
1096 G 299077 30 18 10 298993 0 0 0 10 16
1097 C 294681 11 14 294640 5 0 0 3 0 8
1098 T 294496 7 294414 40 6 0 6 0 0 23
1099 T 294069 19 293986 39 1 0 5 0 0 19
1100 C 292910 24 16 292828 13 0 0 6 0 23
1101 A 288603 288496 15 7 48 16 0 0 0 21
1102 A 293104 293028 8 1 28 11 0 0 0 28
1103 A 295402 295327 9 1 18 7 0 0 0 40
1104 T 296802 13 296721 33 3 0 7 0 0 25
1105 G 294477 22 10 3 294428 0 0 0 5 9
1106 A 292115 292029 14 0 41 10 0 0 0 21
1107 A 295605 295528 3 4 38 4 0 0 0 28
1108 A 296516 296475 3 2 21 4 0 0 0 11
1109 A 298018 297892 14 36 25 5 0 0 0 46
1110 C 309761 8 22 309689 4 0 0 11 0 27
1111 A 307730 307643 25 2 36 11 0 0 0 13
1112 T 321181 22 321078 40 1 0 20 0 0 20
1113 G 310472 34 30 6 310378 0 0 0 11 13
1114 G 308333 23 14 1 308257 0 0 0 32 6
1115 A 317543 317418 18 1 49 8 0 0 0 49
1116 T 314203 23 314113 40 2 0 5 0 0 20
1117 G 317499 34 11 6 317409 0 0 0 17 22
1118 C 363975 34 29 363856 5 0 0 24 0 27
1119 T 352501 11 352376 50 7 0 36 0 0 21
1120 A 353184 353068 36 5 37 9 0 0 0 29
1121 T 339116 25 339017 38 3 0 8 0 0 25
1122 G 345906 37 18 9 345733 0 0 0 88 21
1123 G 347109 33 26 11 347009 0 0 0 13 17
1124 A 328411 328308 12 6 50 18 0 0 0 17
1125 A 328576 328435 20 2 54 22 0 0 0 43
1126 T 291307 15 291201 24 4 0 26 0 0 37
1127 C 271520 22 25 271430 5 0 0 29 0 9
1128 A 266585 266479 18 4 63 6 0 0 0 15
1129 A 264077 263985 9 1 43 24 0 0 0 15
1130 G 266456 10 6 3 266415 0 0 0 14 8
1131 T 252629 21 252437 19 1 0 14 0 0 137
1132 A 249077 248276 24 0 23 12 0 0 0 742
1133 C 269214 5 16 269152 4 0 0 22 0 15
1134 T 257514 5 257422 36 0 0 9 0 0 42
1135 C 266469 14 15 266403 6 0 0 12 0 19
1136 T 236817 19 236746 33 4 0 2 0 0 13
1137 T 238322 9 238208 53 1 0 40 0 0 11
1138 G 240859 29 7 3 240802 0 0 0 7 11
1139 A 249461 249379 17 1 24 12 0 0 0 28
1140 A 251334 251249 16 3 23 4 0 0 0 39
1141 C 252552 5 21 252507 3 0 0 5 0 11
1142 T 244015 7 243940 44 1 0 10 0 0 13
1143 G 252224 24 17 4 252163 0 0 0 5 11
1144 A 257674 257558 16 2 45 8 0 0 0 45
1145 G 262430 25 7 6 262369 0 0 0 13 10
1146 A 261365 261287 24 2 28 7 0 0 0 17
1147 A 294474 294381 10 2 37 27 0 0 0 17
1148 G 300038 23 10 4 299977 0 0 0 7 17
1149 C 325879 18 46 325733 10 0 0 16 0 56
1150 A 324101 323919 24 10 109 6 0 0 0 33
1151 G 325248 14 14 7 325153 0 0 0 48 12
1152 G 375842 42 14 8 375729 0 0 0 40 9
1153 T 375039 34 374379 42 8 0 10 0 0 566
1154 A 379749 379560 24 4 38 8 0 0 0 115
1155 C 390277 9 40 390184 5 0 0 21 0 18
1156 T 366723 17 366532 60 2 0 91 0 0 21
1157 G 376330 33 29 10 376224 0 0 0 14 20
1158 G 382513 45 30 10 382400 0 0 0 7 21
1159 G 374110 46 21 21 373967 0 0 0 7 48
1160 C 400653 35 53 400478 15 0 0 18 0 54
1161 C 361003 14 52 360869 8 0 0 32 0 28
1162 A 374118 373970 38 8 50 31 0 0 0 21
1163 T 374618 25 374485 55 4 0 15 0 0 34
1164 A 370302 370190 8 3 69 5 0 0 0 27
1165 A 383820 383709 17 11 59 15 0 0 0 9
1166 G 376978 29 10 5 376876 0 0 0 39 19
1167 A 361634 361523 22 1 41 11 0 0 0 36
1168 A 359659 359411 19 4 39 6 0 0 0 180
1169 C 359038 17 19 358980 5 0 0 5 0 12
1170 C 379050 17 35 378964 9 0 0 10 0 15
1171 A 369548 369388 15 5 74 35 0 0 0 31
1172 G 377691 19 20 6 377623 0 0 0 9 14
1173 A 378074 377968 19 2 52 15 0 0 0 18
1174 A 374420 374327 14 5 44 4 0 0 0 26
1175 G 385319 17 6 4 385264 0 0 0 12 16
1176 T 365233 27 364617 34 7 0 15 0 0 533
1177 G 368066 57 25 11 367951 0 0 0 6 16
1178 G 375047 28 37 11 374946 0 0 0 13 12
1179 A 375423 375204 37 1 83 18 0 0 0 80
1180 G 383169 29 21 9 383079 0 0 0 17 14
1181 G 384452 32 32 17 384290 0 0 0 27 54
1182 A 361796 361663 30 1 53 15 0 0 0 34
1183 A 361246 361132 12 4 51 25 0 0 0 22
1184 A 361424 361250 26 19 37 8 0 0 0 84
1185 C 370255 23 22 370183 3 0 0 10 0 14
1186 A 369910 369509 31 12 42 12 0 0 0 304
1187 C 391151 16 24 391080 5 0 0 17 0 9
1188 T 380934 44 380759 63 11 0 23 0 0 34
1189 A 409534 409426 9 2 47 29 0 0 0 21
1190 A 430231 430160 18 1 25 16 0 0 0 11
1191 T 428002 32 427804 51 3 0 58 0 0 54
1192 C 433038 33 40 432905 7 0 0 23 0 30
1193 A 417959 417789 23 5 48 84 0 0 0 10
1194 A 421603 421435 38 18 41 16 0 0 0 55
1195 C 429040 30 48 428911 7 0 0 25 0 19
1196 A 373887 373738 17 13 76 18 0 0 0 25
1197 G 369811 20 22 10 369717 0 0 0 13 29
1198 A 339194 339046 24 3 73 27 0 0 0 21
1199 G 344128 31 35 8 344016 0 0 0 24 14
1200 G 363643 47 9 12 363519 0 0 0 29 27
1201 G 321473 31 16 26 321368 0 0 0 11 21
1202 C 327211 24 54 327072 8 0 0 6 0 47
1203 C 331424 7 30 331322 5 0 0 20 0 40
1204 T 329954 9 329811 56 2 0 41 0 0 35
1205 C 346888 13 27 346757 5 0 0 20 0 66
1206 T 338068 18 337911 78 9 0 16 0 0 36
1207 G 339146 36 14 14 339043 0 0 0 14 25
1208 C 335890 24 82 335731 6 0 0 17 0 30
1209 A 323546 323376 20 4 92 25 0 0 0 29
1210 G 344668 20 15 7 344601 0 0 0 13 12
1211 G 343837 29 10 6 343779 0 0 0 4 9
1212 T 347126 28 346578 63 8 0 4 0 0 445
1213 C 347664 16 43 347558 11 0 0 4 0 32
1214 A 337884 337759 15 14 34 43 0 0 0 19
1215 A 360312 360225 25 2 31 17 0 0 0 12
1216 A 351210 351113 19 1 29 15 0 0 0 33
1217 T 353987 20 353868 40 0 0 3 0 0 56
1218 C 352873 16 41 352771 6 0 0 19 0 20
1219 A 329582 329451 10 9 61 26 0 0 0 25
1220 G 350997 29 16 4 350900 0 0 0 24 24
1221 T 339297 45 339049 29 6 0 12 0 0 156
1222 G 341861 37 17 7 341739 0 0 0 8 53
1223 T 336901 26 336653 57 4 0 8 0 0 153
1224 G 325392 82 23 8 325228 0 0 0 26 25
1225 C 334707 28 128 334475 16 0 0 32 0 28
1226 A 331213 331114 9 1 37 20 0 0 0 32
1227 A 337808 337548 27 6 42 14 0 0 0 171
1228 C 337847 15 32 337776 3 0 0 8 0 13
1229 C 334711 26 25 334631 7 0 0 18 0 4
1230 T 307685 25 307490 114 14 0 17 0 0 25
1231 G 317566 123 22 15 317364 0 0 0 20 22
1232 C 343951 18 42 343826 9 0 0 27 0 29
1233 A 337814 337682 15 4 40 23 0 0 0 50
1234 T 344621 27 344487 31 2 0 56 0 0 18
1235 T 342271 11 342166 36 1 0 34 0 0 23
1236 T 325105 13 324978 47 2 0 18 0 0 47
1237 T 327882 11 327799 37 5 0 11 0 0 19
1238 C 307427 11 29 307352 7 0 0 9 0 19
1239 T 286572 13 286465 60 7 0 13 0 0 14
1240 G 307753 41 15 8 307653 0 0 0 18 18
1241 T 300135 30 299966 53 10 0 8 0 0 68
1242 G 308082 80 27 15 307926 0 0 0 11 23
1243 C 312833 31 38 312718 16 0 0 4 0 26
1244 A 308235 308107 15 9 45 41 0 0 0 18
1245 A 314748 314686 11 1 35 4 0 0 0 11
1246 A 313503 313414 11 3 54 8 0 0 0 13
1247 G 323633 17 14 7 323528 0 0 0 23 44
1248 A 320231 320155 12 2 33 17 0 0 0 12
1249 A 292209 292138 12 2 34 13 0 0 0 10
1250 A 304734 304038 21 13 37 15 0 0 0 610
1251 C 306343 10 16 306264 4 0 0 27 0 22
1252 C 322395 18 26 322322 4 0 0 11 0 14
1253 T 323278 22 323117 68 4 0 10 0 0 57
1254 C 317837 23 28 317761 4 0 0 12 0 9
1255 C 336512 17 24 336416 9 0 0 32 0 14
1256 C 329706 16 31 329611 8 0 0 9 0 31
1257 A 333415 333336 19 6 20 4 0 0 0 30
1258 T 334347 23 334259 24 4 0 18 0 0 19
1259 T 315703 9 315616 28 0 0 29 0 0 21
1260 T 319626 24 319484 71 5 0 13 0 0 29
1261 G 317917 52 18 8 317799 0 0 0 14 26
1262 A 323625 323453 38 2 63 16 0 0 0 53
1263 C 321150 9 51 321031 7 0 0 19 0 33
1264 A 304741 304645 3 4 43 25 0 0 0 21
1265 A 315208 315132 15 3 28 20 0 0 0 10
1266 A 318103 317932 11 6 43 7 0 0 0 104
1267 C 332432 12 25 332353 9 0 0 14 0 19
1268 C 329460 18 21 329383 7 0 0 21 0 10
1269 A 301874 301796 12 4 27 22 0 0 0 13
1270 A 314225 313992 14 3 31 17 0 0 0 168
1271 C 311398 21 18 311304 8 0 0 18 0 29
1272 C 331026 26 29 330937 8 0 0 14 0 12
1273 A 328689 328594 23 3 41 9 0 0 0 19
1274 T 331564 30 331407 30 0 0 19 0 0 78
1275 C 331101 14 31 331017 4 0 0 20 0 15
1276 A 318179 318053 22 3 33 42 0 0 0 26
1277 T 324474 32 324346 44 3 0 14 0 0 35
1278 G 311327 54 15 5 311205 0 0 0 24 24
1279 G 309294 33 17 10 309200 0 0 1 11 22
1280 C 287338 22 45 287221 15 0 0 8 0 27
1281 A 272516 272399 4 5 74 15 0 0 0 19
1282 G 280284 51 22 7 280167 0 0 0 7 30
1283 C 274622 16 32 274524 8 0 0 19 0 23
1284 A 270990 270876 22 3 35 9 0 0 0 45
1285 T 272200 15 272120 26 3 0 14 0 0 22
1286 T 265818 22 265731 25 3 0 13 0 0 24
1287 C 269215 14 25 269128 8 0 0 19 0 21
1288 A 265841 265628 18 3 37 15 0 0 0 140
1289 C 252849 10 17 252793 2 0 0 16 0 11
1290 T 254083 14 253982 45 5 0 12 0 0 25
1291 G 272432 44 13 6 272319 0 0 0 33 17
1292 G 279095 30 18 7 279014 0 0 0 8 18
1293 G 285968 41 13 10 285872 0 0 0 15 17
1294 A 279024 278897 23 3 49 17 0 0 0 35
1295 A 287302 287182 25 4 42 25 0 0 0 24
1296 T 272588 15 272472 25 0 0 50 0 0 26
1297 A 295947 295735 30 7 58 29 0 0 0 88
1298 C 325203 26 61 325066 6 0 0 21 0 23
1299 A 315932 315729 25 20 97 26 0 0 0 35
1300 G 320516 22 28 7 320425 0 0 0 25 9
1301 A 309348 309194 22 10 77 18 0 0 0 27
1302 G 330163 49 28 6 330037 0 0 0 13 30
1303 G 325345 25 19 8 325273 0 0 0 6 14
1304 G 324746 47 23 6 324623 0 0 0 23 24
1305 A 324151 324024 19 2 68 9 0 0 0 29
1306 A 319322 319179 18 2 62 43 0 0 0 18
1307 G 326283 33 11 5 326060 0 0 0 14 160
1308 A 324895 324789 17 1 35 25 0 0 0 28
1309 A 335678 335514 21 4 36 16 0 0 0 87
1310 C 357542 15 34 357448 3 0 0 19 0 23
1311 A 344250 344143 26 4 35 16 0 0 0 26
1312 T 350336 21 350211 29 1 0 7 0 0 67
1313 C 341668 22 33 341570 5 0 0 16 0 22
1314 A 338117 337917 13 5 128 30 0 0 0 24
1315 G 342651 17 14 5 342586 0 0 0 11 18
1316 A 333195 333011 33 2 45 14 0 0 0 90
1317 C 336779 16 32 336701 9 0 0 6 0 15
1318 A 330597 330489 23 1 41 11 0 0 0 32
1319 T 317346 25 317223 57 2 0 20 0 0 19
1320 G 322580 39 26 8 322486 0 0 0 5 16
1321 A 309768 309684 15 1 44 5 0 0 0 19
1322 G 314015 27 20 7 313936 0 0 0 5 20
1323 G 316144 39 8 11 316035 0 0 0 7 44
1324 G 311157 38 20 16 311061 0 0 0 6 16
1325 C 311525 24 41 311402 12 0 0 8 0 38
1326 A 306377 306254 28 2 57 12 0 0 0 24
1327 G 312892 21 17 12 312822 0 0 0 6 14
1328 A 313654 313589 7 2 29 7 0 0 0 20
1329 A 318478 318387 14 0 37 11 0 0 0 29
1330 A 328969 328877 17 0 24 15 0 0 0 36
1331 T 332347 18 332242 34 1 0 20 0 0 32
1332 T 350530 7 350458 32 3 0 23 0 0 7
1333 A 352949 352816 44 1 39 19 0 0 0 30
1334 T 349744 32 349646 34 0 0 28 0 0 4
1335 A 349492 349347 12 2 76 48 0 0 0 7
1336 A 337865 337725 13 12 87 9 0 0 0 19
1337 G 357574 30 31 6 357472 0 0 0 26 9
1338 G 366192 28 23 6 366108 0 0 0 20 7
1339 A 381283 381141 29 1 40 34 0 0 0 38
1340 T 332445 26 332337 34 2 0 22 0 0 24
1341 G 328949 33 20 4 328800 0 0 0 53 39
1342 A 320359 320177 35 2 52 56 0 0 0 37
1343 T 323617 35 323489 42 3 0 18 0 0 30
1344 G 315946 41 21 11 315846 0 0 0 10 17
1345 G 321292 35 17 4 321184 0 0 0 32 20
1346 A 302658 302510 20 7 69 11 0 0 0 41
1347 A 314836 314714 25 3 43 19 0 0 0 32
1348 G 318744 34 27 4 318640 0 0 0 19 20
1349 G 364649 21 13 5 364556 0 0 0 24 30
1350 T 353983 29 353227 81 31 0 3 0 0 612
1351 G 346797 166 40 12 346552 0 0 0 6 21
1352 C 346684 20 137 346456 38 0 0 9 0 24
1353 A 341095 340923 14 23 60 46 0 0 0 29
1354 A 341176 341075 11 3 45 12 0 0 0 30
1355 A 346787 346714 7 7 31 9 0 0 0 19
1356 A 360416 360190 20 24 31 12 0 0 0 139
1357 C 366620 11 24 366547 3 0 0 11 0 24
1358 C 355304 11 35 355228 4 0 0 8 0 18
1359 A 341714 341593 28 4 67 5 0 0 0 17
1360 G 355182 26 12 6 355100 0 0 0 28 10
1361 A 352087 352006 9 1 47 3 0 0 0 21
1362 A 367328 367222 19 0 51 13 0 0 0 23
1363 G 379930 20 13 6 379857 0 0 0 14 20
1364 A 379436 379275 23 2 58 24 0 0 0 54
1365 A 376224 376105 24 2 46 10 0 0 0 37
1366 A 381068 380991 24 1 27 9 0 0 0 16
1367 T 383612 36 383492 39 4 0 24 0 0 17
1368 G 389067 51 14 8 388972 0 0 0 7 15
1369 T 383336 38 383152 68 6 0 5 0 0 67
1370 C 392691 24 37 392598 10 0 0 7 0 15
1371 C 388186 12 41 388089 7 0 0 14 0 23
1372 T 407188 19 407045 68 5 0 15 0 0 36
1373 T 411899 27 411752 67 6 0 9 0 0 38
1374 C 415566 20 60 415444 10 0 0 25 0 7
1375 C 413653 30 55 413537 8 0 1 7 0 15
1376 A 416548 416181 33 57 207 48 0 0 0 22
1377 G 418819 79 34 10 418670 0 0 0 15 11
1378 G 421685 19 18 3 421620 0 0 0 15 10
1379 G 424614 43 14 6 424485 0 0 0 21 45
1380 G 402646 32 33 15 402545 0 0 0 7 14
1381 C 372640 21 37 372428 104 0 0 17 0 33
1382 G 370915 87 31 99 370674 0 0 0 15 9
1383 G 383874 46 33 7 383730 0 0 0 45 13
1384 G 383547 57 50 13 383390 0 0 0 8 29
1385 G 389611 112 19 9 389424 0 0 0 16 31
1386 A 366327 356957 17 6 105 12 0 0 0 9230
1387 G 367193 48 16 4 367062 0 0 0 32 31
1388 T 353747 12 345180 33 6 0 9 0 0 8507
1389 C 360767 9 25 360604 7 0 0 27 0 95
1390 T 350125 12 349972 68 6 0 8 0 0 59
1391 T 350603 17 350466 41 2 0 67 0 0 10
1392 C 351539 14 69 351043 8 0 0 7 0 398
1393 G 409075 75 28 9 408689 0 0 0 50 224
1394 A 403727 402777 11 4 55 23 0 0 0 857
1395 G 411824 24 31 12 411684 0 0 0 24 49
1396 C 381609 16 25 381413 4 0 0 10 0 141
1397 T 375505 10 375164 65 9 0 12 0 0 245
1398 C 363744 18 28 363638 11 0 0 18 0 31
1399 T 361838 15 361707 52 3 0 6 0 0 55
1400 C 364899 24 67 364769 6 0 0 11 0 22
1401 G 366581 48 25 10 366413 0 0 0 13 72
1402 G 395486 31 12 8 395402 0 0 0 19 14
1403 A 424963 424086 25 3 98 10 0 0 0 741
1404 C 436550 29 84 436363 9 0 0 10 0 55
1405 G 452578 66 21 33 452408 0 0 0 14 36
1406 A 480325 480062 15 3 85 57 0 0 0 103
1407 A 474387 474244 30 7 77 6 0 0 0 23
1408 A 477050 476838 20 24 96 33 0 0 0 39
1409 G 483825 39 45 11 483471 0 0 0 12 247
1410 G 485475 57 16 9 485304 0 0 0 47 42
1411 G 465020 44 27 17 464903 0 0 0 11 18
1412 C 463030 27 160 462668 25 0 0 15 0 135
1413 A 455068 454765 29 11 159 25 0 0 0 79
1414 G 461873 65 41 15 461703 0 0 0 9 40
1415 C 449105 36 159 448830 10 0 0 9 0 61
1416 G 479006 86 23 15 478816 0 0 0 36 30
1417 A 479987 479883 25 1 33 13 0 0 0 32
1418 A 480244 479732 31 3 45 19 0 0 0 414
1419 C 476018 21 57 475860 6 0 0 11 0 63
1420 C 471776 27 23 471649 9 0 0 45 0 23
1421 C 445862 39 66 445714 13 0 0 15 0 15
1422 G 442165 86 22 10 441989 0 0 0 19 39
1423 A 441541 441428 21 4 35 8 0 0 0 45
1424 T 441717 51 441582 38 1 0 5 0 0 40
1425 C 424174 20 67 424003 6 0 0 10 0 68
1426 G 413702 86 13 12 413552 0 0 0 21 18
1427 T 398859 23 398537 54 8 0 27 0 0 210
1428 G 377336 84 23 11 377182 0 0 0 3 33
1429 C 376777 27 44 376659 12 0 0 3 0 32
1430 C 376205 13 25 376112 10 0 0 5 0 40
1431 C 374455 34 33 374353 7 0 0 6 0 22
1432 T 360635 17 360500 54 2 0 9 0 0 53
1433 C 384110 21 25 384023 7 0 0 18 0 16
1434 T 376807 16 376615 129 4 0 18 0 0 25
1435 T 417929 6 417785 53 6 0 35 0 0 44
1436 T 366159 24 366060 36 3 0 21 0 0 15
1437 T 366871 14 366648 47 39 0 96 0 0 27
1438 G 358501 71 10 11 358364 0 0 0 23 22
1439 A 353565 353366 40 36 43 17 0 0 0 63
1440 C 363041 37 48 362928 9 0 0 3 0 16
1441 A 359439 359328 22 1 39 20 0 0 0 29
1442 T 305531 20 305418 56 8 0 16 0 0 13
1443 G 375944 39 34 12 375812 0 0 0 30 17
1444 A 370518 370343 27 0 81 13 0 0 0 54
1445 G 418132 34 14 10 418036 0 0 0 23 15
1446 T 419189 39 418690 50 11 0 14 0 0 385
1447 A 404820 404637 16 3 46 98 0 0 0 20
1448 A 409538 409424 32 5 35 18 0 0 0 24
1449 T 406693 30 406461 38 12 0 90 0 0 62
1450 G 406891 49 24 8 406777 0 0 0 20 13
1451 A 382504 382396 24 1 31 18 0 0 0 34
1452 A 350553 350454 23 3 43 14 0 0 0 16
1453 G 348606 19 27 3 348524 0 0 0 17 16
1454 G 315348 24 21 6 315264 0 0 0 9 24
1455 A 311806 311709 19 2 28 2 0 0 0 46
1456 T 316823 22 316730 27 0 0 8 0 0 36
1457 C 314500 16 17 314427 5 0 0 15 0 20
1458 T 308838 22 308744 41 1 0 12 0 0 18
1459 T 311292 6 311176 49 3 0 23 0 0 35
1460 A 311732 311657 17 1 23 13 0 0 0 21
1461 T 311111 17 311036 29 2 0 1 0 0 26
1462 T 309425 18 309346 38 1 0 4 0 0 18
1463 T 307046 13 306973 42 2 0 6 0 0 10
1464 C 306022 5 15 305968 3 0 0 8 0 23
1465 T 293813 7 293743 43 4 0 2 0 0 14
1466 T 291995 16 291936 26 0 0 2 0 0 15
1467 C 290759 16 30 290670 1 0 0 6 0 36
1468 G 289122 47 27 6 289020 0 0 0 13 9
1469 G 291597 15 12 8 291516 0 0 0 20 26
1470 A 293074 292941 25 2 52 5 0 0 0 49
1471 G 299686 19 10 7 299620 0 0 0 11 19
1472 A 299883 299721 32 5 42 7 0 0 0 76
1473 C 307636 12 29 307555 5 0 0 15 0 20
1474 A 299836 299754 10 5 33 12 0 0 0 22
1475 A 333069 332953 25 0 35 13 0 0 0 43
1476 T 344632 28 344525 44 2 0 11 0 0 22
1477 G 369718 61 25 20 369559 0 0 0 23 30
1478 C 380890 36 85 380709 15 0 0 25 0 20
1479 A 369433 369153 25 9 101 120 0 0 0 25
1480 G 372950 32 25 11 372851 0 0 0 19 12
1481 A 388820 388639 12 4 66 59 0 0 0 40
1482 G 336197 40 16 13 336107 0 0 0 13 8
1483 G 355069 35 28 7 354952 0 0 0 28 19
1484 A 297808 297684 15 8 54 17 0 0 0 30
1485 G 304274 24 9 3 304211 0 0 0 12 15
1486 T 292144 29 291430 32 6 0 19 0 0 628
1487 A 288515 288338 18 2 50 54 0 0 0 53
1488 C 289071 14 70 288964 7 0 0 6 0 10
1489 G 276679 57 13 10 276553 0 0 0 24 22
1490 A 276349 276201 40 4 46 8 0 0 0 50
1491 C 268294 14 39 268146 7 0 0 21 0 67
1492 A 222161 222117 10 4 18 5 0 0 0 7
1493 A 222497 222438 11 3 19 11 0 0 0 15
1494 T 208481 17 208432 23 0 0 3 0 0 6