# amino-acid counts among definitively called codons
# POSITION TOTAL_COUNTS WT N_A N_C N_D N_E N_F N_G N_H N_I N_K N_L N_M N_N N_P N_Q N_R N_S N_T N_V N_W N_Y N_STOP
1 732925 M 0 0 0 0 0 0 3 158 55 62 732410 1 0 1 1 0 117 117 0 0 0
2 697199 A 696806 0 0 40 0 33 0 0 0 0 0 0 13 2 1 36 42 226 0 0 0
3 730698 S 11 6 0 0 77 0 0 1 0 2 1 0 146 0 0 730385 25 4 0 40 0
4 733215 Q 1 0 0 23 0 0 56 1 100 35 0 0 21 732712 169 0 0 0 0 1 96
5 667283 G 23 78 93 0 0 666870 0 2 1 0 0 0 0 0 9 182 0 24 1 0 0
6 593424 T 92 0 0 0 0 0 5 58 1 2 0 28 8 1 0 39 593189 1 0 0 0
7 590217 K 0 0 0 58 0 0 0 29 589962 0 1 73 1 13 58 1 2 0 0 0 19
8 515087 R 0 0 0 0 0 25 0 0 0 29 0 0 6 66 514835 0 5 0 121 0 0
9 529713 S 3 16 0 0 42 0 0 0 0 4 0 1 71 1 1 529490 23 6 0 55 0
10 572511 Y 0 79 6 0 11 0 224 1 2344 10 4 8 0 0 0 6 0 1 7 569686 124
11 514311 E 5 0 56 513122 0 213 0 0 133 3 5 545 0 89 18 33 1 44 0 1 43
12 475858 Q 0 0 18 17 1 1 47 2 44 46 0 14 13 475431 107 11 1 1 1 2 101
13 581765 M 0 0 14 6 0 13 0 163 35 46 581313 0 0 0 11 0 77 86 1 0 0
14 570968 E 5 0 33 570600 0 131 0 0 100 0 0 2 0 13 3 1 3 35 0 0 42
15 537593 T 92 0 1 0 1 1 0 29 0 9 0 430 26 0 1 30 536971 1 0 0 1
16 604808 D 8 0 604446 70 0 104 20 1 0 0 1 54 1 2 1 0 0 43 0 44 13
17 599215 G 14 0 0 57 0 598917 0 0 5 2 2 0 2 0 84 0 0 65 67 0 0
18 590818 E 4 0 42 590324 0 240 0 1 134 0 1 6 0 16 0 0 0 23 0 0 27
19 597295 R 2 171 0 0 0 41 229 0 0 45 0 1 52 1 596720 31 0 1 0 0 1
20 611176 Q 0 0 0 16 1 1 44 0 43 51 1 1 2090 608603 232 0 1 2 0 0 90
21 581004 N 0 0 62 0 0 0 3 36 43 1 0 580649 0 33 20 110 24 2 0 21 0
22 591266 A 590773 3 0 68 0 29 0 0 0 0 4 0 22 5 1 44 168 146 0 0 3
23 613962 T 99 1 1 0 14 5 0 36 6 4 0 57 5 2 4 74 613651 0 0 3 0
24 582594 E 13 1 47 581931 1 285 0 0 108 45 10 5 1 19 2 3 1 84 2 0 36
25 506710 I 1 1 2 0 33 0 0 506299 26 2 103 35 0 7 56 9 72 64 0 0 0
26 546529 R 0 9 10 9 0 198 3 35 80 5 0 57 0 0 546045 25 11 1 0 0 41
27 519534 A 518460 0 0 38 0 20 0 757 1 0 3 0 18 6 0 33 91 106 1 0 0
28 557197 S 25 17 0 0 718 1 0 0 1 3 0 1 97 0 2 556252 33 0 0 47 0
29 532637 V 58 0 31 0 21 4 0 156 3 8 0 0 0 0 0 3 1 532352 0 0 0
30 555662 G 715 0 1 72 0 554547 0 0 1 0 1 0 0 0 210 0 0 44 71 0 0
31 546372 K 6 0 0 94 0 1 0 0 543694 0 33 2411 0 1 97 1 7 0 0 0 27
32 534653 M 0 0 1 2 1 7 0 145 31 37 532880 2 6 1 7 1385 70 76 0 1 1
33 536637 I 1 0 4 1 62 0 1 536201 1 22 9 51 1 6 6 64 76 131 0 0 0
34 531139 D 60 0 529343 328 5 140 688 1 0 14 3 106 0 3 13 2 8 402 2 17 4
35 477273 G 18 0 1 52 269 476661 2 0 2 0 64 1 4 0 138 0 1 21 2 0 37
36 499766 I 0 0 0 20 31 0 0 499526 0 9 9 22 0 1 3 3 51 91 0 0 0
37 459773 G 11 0 7 49 0 459569 0 0 0 0 0 1 0 3 69 0 1 35 0 0 28
38 411755 R 1 0 1 1 0 16 13 0 0 28 0 0 113 101 411377 0 1 1 0 0 102
39 438524 F 0 7 0 0 438218 0 1 26 0 155 0 0 0 9 1 68 1 8 0 29 1
40 420469 Y 0 73 5 2 36 0 144 0 0 4 0 78 0 2 2 9 2 0 1022 419034 56
41 357544 I 0 0 0 3 13 25 8 357099 7 11 6 26 1 223 3 8 74 36 0 1 0
42 343467 Q 0 155 0 21 0 1 31 0 34 19 3 0 9 343125 34 1 0 0 0 0 34
43 330344 M 0 1 1 0 0 0 0 79 18 23 330147 6 0 0 5 0 26 38 0 0 0
44 352151 C 0 351887 1 2 28 5 1 0 0 1 0 1 0 0 76 43 0 0 19 66 21
45 332415 T 44 0 0 1 0 0 0 31 0 0 0 20 7 0 4 38 332269 0 0 0 1
46 362493 E 3 0 31 362331 0 32 0 0 54 1 0 3 0 7 1 0 1 7 0 0 22
47 413982 L 0 0 1 1 73 0 11 39 12 412495 0 0 1316 5 8 2 11 8 0 0 0
48 415180 K 0 0 3 1063 0 0 0 14 413940 4 0 68 0 3 42 0 7 0 0 0 36
49 403119 L 0 0 1 80 71 1 11 25 0 402812 1 27 61 17 5 1 5 1 0 0 0
50 399054 S 0 34 0 0 0 96 1 22 7 0 0 41 2 7 13332 385504 6 1 0 0 1
51 427570 D 8 0 425809 34 0 67 7 0 0 0 0 36 0 0 1 0 1544 33 0 29 2
52 452640 Y 24 77 4 1 33 0 71 1 1 6 5 5 0 0 0 2 0 1 0 452357 52
53 429899 E 9 1 87 429556 0 123 0 1 58 0 1 0 1 7 6 0 1 25 0 0 23
54 383851 G 8 0 0 50 0 383665 1 0 0 2 0 0 0 0 58 1 0 17 48 0 1
55 359352 R 1 0 4 0 0 38 1 0 2 28 0 0 17 91 359069 0 1 0 0 0 100
56 355837 L 0 0 0 4 0 0 0 1 2 355640 10 1 119 23 6 0 0 12 0 0 19
57 377855 I 0 0 0 0 32 2 2 374261 1 9 15 27 0 1 0 7 3460 38 0 0 0
58 364612 Q 0 1 0 5 2 5 28 0 23 21 2 2 7 364387 92 1 0 0 0 0 36
59 349875 N 0 0 49 1 1 1 2 26 57 2 0 349647 2 0 2 44 8 0 0 33 0
60 274198 S 1 5 0 0 1 45 0 20 1 1 0 39 0 0 39 274042 4 0 0 0 0
61 276704 L 0 0 0 0 27 0 0 11 0 276565 0 0 2 5 1 51 0 15 0 0 27
62 256045 T 31 1 0 2 0 0 26 30 15 1 0 2 4 3 6 22 255890 0 0 0 12
63 285357 I 0 0 0 0 1 0 1 283669 13 22 66 0 1 1 2 2 43 47 3 0 1486
64 302487 E 3 0 21 301940 0 66 0 0 35 0 1 0 1 5 2 0 0 380 0 0 33
65 297280 R 0 0 0 1 0 54 0 12 46 2 4 1 0 0 297097 30 10 0 0 0 23
66 314880 M 1 0 1 1 0 0 0 72 27 17 314672 2 0 0 3 0 37 47 0 0 0
67 307478 V 59 0 0 40 0 5 0 5 0 20 40 0 0 1 0 0 1 307307 0 0 0
68 329890 L 0 1 0 0 23 0 17 28 0 329744 0 0 54 0 5 2 0 14 0 2 0
69 341813 S 5 4 0 0 18 0 0 0 0 1 0 0 64 1 0 341675 16 1 0 28 0
70 362012 A 361793 2 24 7 0 15 0 0 0 2 0 0 9 0 0 20 101 38 0 1 0
71 351594 F 1 5 0 17 351438 0 0 11 0 71 0 0 1 0 0 35 0 2 0 9 4
72 351445 D 20 0 351046 222 0 72 4 0 1 0 0 33 0 0 0 0 5 29 1 10 2
73 324825 E 3 0 10 324616 0 52 0 0 96 3 0 0 1 5 2 0 0 19 0 0 18
74 330292 R 0 0 1 5 0 84 0 20 50 0 0 1 0 0 330097 23 5 0 0 0 6
75 336876 R 0 0 0 2 0 72 0 2 45 0 22 5 1 0 336663 34 7 0 23 0 0
76 354516 N 0 0 63 14 0 1 1 28 41 0 0 354288 0 0 1 52 3 0 0 24 0
77 352478 K 0 0 1 64 0 0 0 23 352273 1 1 37 1 3 39 0 4 0 0 0 31
78 263300 Y 0 30 2 0 13 0 40 5 1 0 1 13 2 0 1 2 4356 0 0 258815 19
79 256655 L 1 1 0 2 1 4 1 0 0 252843 3702 0 70 14 4 2 0 8 1 0 1
80 232917 E 0 0 10 232788 0 44 0 0 35 0 0 0 0 8 1 0 0 14 0 0 17
81 219932 E 1 0 15 219808 0 31 1 0 31 0 1 0 0 6 0 0 0 17 0 0 21
82 254844 H 0 0 9 0 0 0 254678 2 0 11 0 19 4 28 37 2 1 1 0 52 0
83 339492 P 7 0 0 0 0 0 36 3 0 30 0 0 339348 1 4 38 25 0 0 0 0
84 339857 S 2 2 0 0 0 90 0 15 0 1 0 63 4 3 52 339620 5 0 0 0 0
85 358775 A 358458 0 0 32 0 21 1 0 0 2 0 0 9 2 15 25 154 55 0 0 1
86 394971 G 9 0 0 60 0 394763 1 1 1 0 0 0 0 0 82 0 0 24 29 0 1
87 412210 K 1 0 0 150 0 2 0 1 411833 0 20 75 1 3 83 2 9 0 0 0 30
88 420417 D 5 0 420210 36 1 48 6 9 2 1 0 40 1 0 0 0 1 32 0 25 0
89 383101 P 6 1 0 0 0 1 28 0 0 30 0 0 382965 1 6 32 29 1 0 1 0
90 383788 K 0 0 0 34 0 1 2 1 383626 0 15 19 1 17 62 0 1 1 0 1 7
91 353232 K 0 0 0 52 0 0 0 9 353094 0 0 12 0 0 47 0 3 0 0 0 15
92 317619 T 31 0 0 0 0 0 0 17 0 2 0 21 16 0 1 19 317510 0 2 0 0
93 314791 G 6 0 0 27 0 314670 0 0 0 0 0 1 0 0 43 1 0 21 0 0 22
94 294372 G 5 0 1 32 1 294258 0 0 0 0 0 0 0 1 35 0 0 11 0 0 28
95 306929 P 13 0 1 0 0 0 22 0 0 30 0 0 306790 1 7 41 24 0 0 0 0
96 335749 I 0 1 0 0 0 0 0 335535 27 41 42 0 0 1 12 1 27 58 0 4 0
97 354417 Y 0 39 3 5 32 0 63 3 1 1 0 23 0 3 0 7 1 0 0 354206 30
98 303017 K 0 0 0 73 0 0 1 1 302802 1 22 24 0 4 62 0 8 0 0 0 19
99 220891 R 0 0 0 0 0 38 0 3 36 2 0 1 0 0 220775 22 5 0 0 0 9
100 218234 V 21 0 0 25 0 4 0 46 0 13 0 0 0 0 2 1 1 218121 0 0 0
101 262252 D 0 0 262099 24 0 32 7 0 0 0 0 46 0 0 0 0 0 26 0 18 0
102 272043 R 1 0 0 0 0 46 0 16 38 0 1 1 0 0 271905 16 8 0 0 0 11
103 285397 K 0 0 0 32 0 0 0 0 285284 0 5 12 0 5 46 0 3 0 0 0 10
104 293579 W 1 28 0 0 0 7 0 1 0 7 0 0 0 0 50 9 0 5 293402 0 69
105 301607 M 0 0 1 1 0 0 0 83 17 28 301367 0 0 0 5 0 35 70 0 0 0
106 316572 R 0 0 0 2 0 61 0 0 35 0 32 0 2 1 316373 26 7 0 33 0 0
107 314498 E 2 0 25 314215 0 49 0 0 156 0 0 2 1 10 0 0 1 19 0 0 18
108 313488 L 0 0 0 0 22 0 24 21 0 313366 0 0 44 0 3 0 0 8 0 0 0
109 302148 V 45 0 16 0 10 1 0 83 0 4 0 0 1 0 2 0 0 301986 0 0 0
110 331802 L 0 1 0 0 30 0 8 38 1 331647 1 0 67 0 3 0 0 6 0 0 0
111 325358 Y 0 40 2 1 27 0 86 0 0 2 9 6 0 0 0 3 0 0 0 325142 40
112 284820 D 4 2 284548 24 0 50 10 0 1 0 0 131 0 0 0 0 0 34 0 14 2
113 262399 K 0 0 0 27 0 0 0 18 262286 0 0 9 0 15 28 1 2 0 0 0 13
114 311033 E 0 0 23 310864 1 43 0 0 57 0 0 0 0 8 2 0 1 12 0 0 22
115 351914 E 1 0 20 351755 0 50 0 1 48 0 1 0 0 3 8 0 0 12 0 0 15
116 374120 I 0 1 0 3 0 0 0 373844 23 24 89 6 0 0 3 1 57 64 0 2 3
117 354524 R 0 0 0 0 0 78 0 1 29 0 35 0 0 0 354326 13 7 0 34 0 1
118 345887 R 1 0 0 0 0 16 0 0 0 32 0 0 9 63 345719 0 0 0 0 0 47
119 369111 I 0 0 0 0 13 0 0 368968 0 8 5 18 0 0 0 1 55 43 0 0 0
120 345893 W 0 22 0 0 1 18 0 0 0 23 0 0 0 0 87 6 0 0 345666 0 70
121 355121 R 1 99 0 0 0 21 110 0 1 17 0 0 12 0 354836 24 0 0 0 0 0
122 335328 Q 0 0 1 6 0 0 33 0 25 19 0 0 7 335137 52 0 0 2 0 0 46
123 387854 A 387632 0 28 0 0 10 0 1 0 0 0 0 16 0 0 31 83 53 0 0 0
124 430196 N 0 0 72 0 0 0 2 24 39 0 0 429995 2 4 0 45 6 0 1 6 0
125 418140 N 0 0 58 0 0 2 6 25 29 0 1 417928 0 0 0 54 4 0 1 30 2
126 325968 G 6 31 47 0 0 325787 0 0 0 2 0 0 0 1 13 65 0 16 0 0 0
127 323314 D 1 1 323077 29 0 83 5 0 0 1 1 80 0 0 0 0 0 18 0 17 1
128 315789 D 5 0 315511 25 0 59 9 0 0 0 0 133 0 1 0 0 0 28 0 16 2
129 322036 A 321792 1 0 27 0 15 0 0 0 3 0 0 13 0 0 19 111 53 0 0 2
130 284404 T 35 0 0 0 0 0 0 23 21 1 0 0 4 2 6 21 284291 0 0 0 0
131 261964 A 261876 0 16 0 0 12 0 0 0 0 0 0 4 1 0 20 16 19 0 0 0
132 322688 G 13 17 35 1 0 322460 0 102 0 0 0 1 0 0 11 21 0 27 0 0 0
133 341381 L 0 0 1 0 0 0 1 255 0 340970 23 4 101 12 5 1 0 8 0 0 0
134 404197 T 53 0 2 0 0 0 3 37 0 1 0 35 1 1 1 38 404025 0 0 0 0
135 420290 H 0 0 15 0 0 0 420048 1 0 36 0 30 8 42 61 0 0 1 0 47 1
136 445113 M 0 0 0 0 0 0 1 116 30 28 444760 2 0 3 10 0 69 94 0 0 0
137 454461 M 2 1 0 0 0 0 1 92 39 36 454163 0 2 0 3 0 57 65 0 0 0
138 406312 I 0 0 0 0 20 0 0 406136 0 1 8 30 0 0 0 1 50 64 2 0 0
139 385750 W 0 44 0 1 1 8 0 0 0 21 0 0 0 0 125 12 0 0 385414 2 122
140 369093 H 0 0 18 0 0 1 368868 0 0 24 0 32 3 22 59 0 1 0 0 65 0
141 366768 S 3 10 0 0 44 0 0 0 0 1 0 0 61 0 0 366596 17 0 0 36 0
142 363376 N 0 0 63 0 1 0 3 10 16 0 0 363225 0 1 0 36 4 0 0 16 1
143 356398 L 0 0 0 1 35 0 0 0 0 356260 16 0 1 0 0 57 0 4 2 0 22
144 339325 N 0 0 53 0 0 0 2 10 25 1 1 339154 1 0 1 44 7 0 0 26 0
145 327655 D 5 1 327501 12 0 34 6 0 0 0 1 41 0 0 0 0 1 37 0 15 1
146 319666 T 105 0 2 1 0 0 0 53 19 1 0 1 2 0 12 31 319435 0 0 2 2
147 407675 T 74 0 0 0 0 1 3 45 24 1 0 2 4 0 14 24 407482 0 0 0 1
148 366443 Y 0 54 3 0 36 0 44 6 0 0 0 14 0 0 0 6 2 0 3 366247 28
149 366647 Q 0 0 0 11 1 0 35 0 26 26 0 0 16 366380 108 0 3 1 1 3 36
150 346048 R 0 0 0 2 0 75 0 0 52 0 38 0 0 0 345838 18 12 0 13 0 0
151 378298 T 71 0 0 1 0 0 0 47 19 0 0 0 4 0 14 51 378091 0 0 0 0
152 396448 R 0 0 0 1 1 93 0 19 68 0 0 0 0 3 396215 14 5 1 0 0 28
153 437929 A 437758 0 36 0 0 17 0 0 0 0 0 0 14 2 1 30 45 26 0 0 0
154 466928 L 1 0 0 0 37 0 38 28 0 466744 0 0 66 0 3 2 0 7 0 0 2
155 474581 V 61 0 46 0 8 4 0 53 0 4 0 0 0 0 0 0 0 474405 0 0 0
156 481773 R 1 114 0 0 1 16 173 0 1 32 0 0 17 0 481376 41 1 0 0 0 0
157 484218 T 70 0 0 0 0 1 2 89 0 2 0 18 3 2 0 50 483980 0 0 1 0
158 493420 G 19 39 141 0 0 492999 0 0 0 0 0 0 0 3 16 172 0 30 0 1 0
159 511056 M 0 0 0 0 0 0 0 150 16 42 510680 0 1 1 12 0 63 91 0 0 0
160 583592 D 2 0 583312 44 0 90 7 4 0 1 0 75 1 2 0 0 0 26 0 28 0
161 516153 P 14 1 0 0 1 0 64 1 0 47 0 0 515903 0 15 75 31 0 0 1 0
162 487913 R 0 2 2 1 0 145 1 0 60 1 31 0 1 2 487602 36 12 0 17 0 0
163 446268 M 1 0 1 0 1 6 2 119 24 30 445948 0 0 0 3 1 46 81 4 0 1
164 439357 C 1 439005 0 0 33 5 1 0 0 3 0 0 0 0 60 53 1 1 23 137 34
165 416929 S 18 14 0 1 27 1 1 0 0 3 0 0 71 1 0 416740 14 1 0 37 0
166 414496 L 2 1 1 1 0 0 0 0 0 414255 89 0 100 30 7 1 1 8 0 0 0
167 406571 M 0 2 0 0 0 0 0 140 22 34 406271 0 0 0 4 1 61 36 0 0 0
168 381460 Q 0 0 1 15 0 1 49 0 23 14 0 0 13 381148 121 0 0 0 0 0 75
169 351232 G 4 22 33 0 0 351119 1 1 0 3 0 0 0 0 3 33 0 13 0 0 0
170 373906 S 1 0 0 0 0 0 0 1 0 109 0 0 37 2 0 373698 24 0 9 0 25
171 366932 T 51 0 0 0 0 1 0 35 0 0 0 17 2 1 0 38 366787 0 0 0 0
172 393579 L 0 0 0 0 35 0 39 25 0 393379 0 0 78 1 1 4 1 16 0 0 0
173 516430 P 11 0 0 0 0 0 64 2 1 51 0 0 516188 1 13 57 40 0 0 1 1
174 517672 R 0 0 1 1 0 89 0 0 52 2 35 0 1 0 517399 52 8 1 24 1 6
175 412543 R 0 0 1 2 0 88 0 0 54 3 19 0 0 0 412330 17 5 0 24 0 0
176 440338 S 8 9 0 0 28 1 0 0 0 1 1 0 61 1 0 440171 25 2 1 29 0
177 457443 G 5 1 0 60 0 457232 0 0 0 1 0 1 0 0 87 0 0 20 0 0 36
178 439196 A 439033 2 30 1 1 6 0 1 0 0 0 0 10 0 0 26 46 40 0 0 0
179 453977 A 453649 0 0 20 0 19 0 0 0 0 0 0 12 2 0 32 161 80 1 1 0
180 464737 G 7 27 29 0 0 464585 1 0 1 3 1 0 0 1 12 47 1 21 0 0 1
181 462411 A 462183 1 27 0 0 3 0 2 4 2 1 1 10 1 0 31 112 32 1 0 0
182 474785 A 474298 0 0 39 0 20 0 0 0 0 0 0 8 1 2 33 156 228 0 0 0
183 514674 V 68 0 29 0 17 2 0 47 1 13 0 0 0 0 0 7 1 514488 0 0 1
184 523721 K 0 0 0 57 0 0 0 21 523423 0 0 77 2 40 60 2 5 2 0 0 32
185 441558 G 7 0 2 55 0 441381 0 0 0 2 0 0 0 1 58 0 0 15 0 0 37
186 432267 V 46 0 20 0 8 9 0 115 0 10 0 0 0 1 0 4 2 432050 0 1 1
187 427731 G 14 1 3 64 0 427504 0 0 0 1 0 0 0 0 73 0 0 27 43 0 1
188 339172 T 71 0 1 0 0 0 0 44 21 1 0 1 1 6 10 36 338980 0 0 0 0
189 274241 M 1 1 0 0 0 0 0 72 17 20 274059 0 0 0 3 0 24 40 4 0 0
190 265666 V 47 0 0 16 0 2 0 0 0 9 25 0 1 0 0 1 0 265565 0 0 0
191 255461 M 0 0 0 0 0 0 0 69 20 38 255260 0 0 0 1 0 30 42 1 0 0
192 234509 E 1 0 5 234377 0 63 0 0 30 0 0 0 0 3 0 0 0 16 1 2 11
193 294886 L 0 0 1 0 27 0 0 0 0 294750 33 0 0 0 4 43 0 12 4 0 12
194 355163 I 0 0 12 2 0 0 0 354913 16 49 49 0 0 0 3 0 55 61 0 0 3
195 336040 R 0 0 0 0 0 84 0 0 32 0 38 1 0 0 335831 24 11 0 19 0 0
196 351035 M 1 0 0 1 0 1 0 77 22 28 350801 0 0 0 3 1 41 58 0 0 1
197 376410 I 0 0 8 0 35 0 0 376175 1 3 8 43 0 0 1 4 58 73 0 1 0
198 357288 K 0 0 0 46 0 0 0 6 357138 0 0 28 0 13 44 0 4 0 0 0 9
199 335500 R 1 47 0 0 0 10 53 0 0 21 0 0 3 1 335341 22 0 1 0 0 0
200 331566 G 7 0 0 49 0 331412 0 0 0 1 0 0 0 0 48 0 0 27 21 1 0
201 330633 I 0 0 0 0 29 0 0 330439 0 2 5 12 0 0 0 1 45 100 0 0 0
202 340667 N 0 0 88 0 0 0 4 7 30 0 1 340468 0 2 0 49 0 0 0 18 0
203 320656 D 3 0 320515 22 0 30 3 0 0 0 0 47 0 0 0 0 1 23 0 12 0
204 334409 R 0 0 0 0 0 5 0 0 0 34 0 0 4 100 334194 1 0 0 71 0 0
205 350110 N 0 0 58 0 0 0 2 11 16 0 0 349939 0 1 1 66 9 0 0 7 0
206 418933 F 0 1 0 0 418714 0 0 19 0 126 0 0 0 0 0 46 2 8 0 15 2
207 431732 W 0 37 0 0 1 6 0 0 0 51 0 0 0 0 154 6 0 1 431356 0 120
208 319262 R 0 0 0 0 0 75 0 22 24 0 0 0 1 3 319072 30 5 0 1 0 29
209 344845 G 2 21 52 1 0 344713 0 0 0 1 0 0 1 0 3 38 0 12 0 0 1
210 366226 E 3 0 22 366013 0 59 0 0 56 0 0 1 1 8 1 1 0 23 0 1 37
211 355275 N 0 0 50 1 0 0 3 23 17 1 16 355076 0 0 0 61 14 1 0 12 0
212 334646 G 8 0 4 26 0 334518 0 0 0 1 0 1 0 0 51 0 0 13 0 0 24
213 328014 R 0 0 2 1 0 11 0 0 0 12 0 0 8 70 327846 0 0 0 0 0 64
214 320146 K 0 0 0 41 0 0 0 4 320029 1 0 16 0 3 39 3 6 0 0 0 4
215 318427 T 41 0 0 0 0 1 0 13 24 0 0 9 48 18 3 25 318245 0 0 0 0
216 297283 R 0 0 0 1 0 52 0 0 44 0 25 0 0 0 297113 22 6 0 20 0 0
217 275625 S 0 19 0 1 0 49 0 5 0 0 0 50 0 1 38 275460 1 0 1 0 0
218 289065 A 288885 1 41 0 0 14 0 0 0 0 0 0 5 0 0 23 71 25 0 0 0
219 288187 Y 0 43 2 0 10 1 40 0 0 2 0 9 0 0 0 6 5 0 0 288031 38
220 296406 E 3 0 26 296233 0 45 0 0 47 0 0 0 0 5 1 0 3 23 0 0 20
221 263611 R 0 0 0 1 0 65 0 9 55 5 0 1 0 0 263444 7 7 0 0 0 17
222 230743 M 0 0 0 0 0 0 0 50 21 18 230579 2 0 0 3 0 35 35 0 0 0
223 291549 C 0 291312 0 0 19 4 0 0 0 0 1 0 0 0 59 53 1 4 19 54 23
224 302506 N 1 0 41 2 0 0 6 35 16 0 0 302333 0 0 0 52 8 0 0 12 0
225 315916 I 0 0 0 0 16 0 1 315746 0 12 3 12 0 0 0 7 92 27 0 0 0
226 328069 L 0 0 0 0 22 0 33 26 0 327912 0 0 64 1 1 3 0 7 0 0 0
227 338458 K 0 0 0 43 0 0 0 21 338316 0 1 9 0 14 37 0 4 0 0 0 13
228 344274 G 7 0 0 40 0 344151 1 0 0 0 0 0 0 0 48 0 0 14 0 0 13
229 353177 K 0 0 0 57 0 0 0 11 353000 0 0 42 1 2 43 0 4 0 0 0 17
230 366449 F 0 4 0 0 366292 0 0 29 0 70 0 0 0 0 0 43 0 1 0 10 0
231 345765 Q 0 0 0 11 0 0 15 0 23 13 0 1 5 345547 105 5 0 0 0 1 39
232 327281 T 37 0 0 0 0 0 0 30 30 0 0 0 13 0 6 10 327155 0 0 0 0
233 318720 A 318584 2 20 0 0 3 1 0 0 2 0 0 6 0 0 12 55 35 0 0 0
234 272661 A 272474 0 0 15 0 13 1 0 0 0 0 0 17 0 1 19 86 34 0 0 1
235 266889 Q 0 0 1 10 0 0 21 0 18 10 1 0 3 266745 39 0 7 0 0 0 34
236 262789 R 1 0 0 0 0 112 0 0 41 0 22 0 0 0 262586 14 2 1 10 0 0
237 261724 A 261539 0 0 10 0 26 0 0 0 2 0 0 7 8 3 21 49 59 0 0 0
238 273024 M 0 0 0 0 2 0 0 73 10 16 272839 2 0 0 2 2 37 34 0 0 7
239 241672 M 1 1 4 1 0 1 0 71 21 29 241406 0 0 0 2 0 38 97 0 0 0
240 290631 D 4 0 290446 24 0 56 3 1 0 0 0 51 0 0 0 1 0 28 0 17 0
241 277096 Q 0 0 0 7 0 0 25 0 16 20 0 0 3 276932 65 1 0 0 1 0 26
242 322176 V 37 1 0 28 0 11 0 0 0 17 53 0 0 0 0 0 3 322026 0 0 0
243 321651 R 0 0 0 3 0 79 0 24 76 0 0 0 1 0 321411 22 2 0 0 0 33
244 315131 E 5 0 14 314980 0 71 0 0 34 0 0 0 0 6 2 0 1 8 0 0 10
245 339505 S 0 9 0 0 0 72 0 6 0 0 0 39 0 0 29 339343 5 2 0 0 0
246 331046 R 0 0 0 0 0 8 0 0 1 34 0 0 5 84 330849 1 0 0 64 0 0
247 335659 N 0 0 49 1 0 0 7 15 33 0 0 335477 0 0 0 62 7 1 0 7 0
248 359519 P 5 0 0 1 1 0 0 1 0 33 0 0 359374 40 7 18 39 0 0 0 0
249 375481 G 4 1 0 55 1 375282 1 0 0 0 0 0 0 0 76 0 0 22 0 0 39
250 359367 N 0 1 57 0 0 0 9 18 24 0 12 359179 0 2 1 41 1 0 0 22 0
251 382748 A 382532 1 31 0 0 15 0 0 0 6 0 0 9 0 0 25 73 56 0 0 0
252 368141 E 9 0 24 367946 0 73 0 0 36 0 1 0 0 6 4 0 0 24 0 0 18
253 382937 I 1 0 0 0 23 0 1 382749 0 4 14 18 0 0 1 0 53 73 0 0 0
254 368993 E 3 0 18 368757 3 49 0 0 97 1 0 0 0 10 0 0 0 31 0 0 24
255 371524 D 2 0 371387 18 0 38 6 1 0 0 0 22 0 0 0 4 0 27 0 19 0
256 353493 L 0 0 0 0 21 0 31 32 0 353327 0 0 72 1 4 0 0 4 0 1 0
257 355157 I 0 0 0 0 9 0 4 354962 0 15 6 25 0 1 2 44 44 44 0 0 1
258 320212 F 1 1 0 0 320059 0 1 22 0 70 1 0 0 0 1 36 0 5 0 15 0
259 312254 L 0 0 0 0 0 3 0 1 0 312140 24 0 38 21 10 3 0 13 0 1 0
260 316939 A 316730 0 1 37 0 19 1 0 0 1 0 0 10 0 0 14 69 57 0 0 0
261 267470 R 0 0 0 0 0 4 1 0 0 13 0 0 7 51 267322 0 1 0 71 0 0
262 331841 S 7 8 0 0 37 1 0 0 0 0 0 0 44 1 0 331699 17 0 0 25 2
263 323269 A 322985 0 0 27 0 18 0 1 1 0 0 0 9 1 0 27 130 70 0 0 0
264 267840 L 0 0 0 0 50 1 20 21 0 267695 0 0 40 0 2 0 4 6 0 1 0
265 283341 I 2 0 0 1 1 0 1 283092 18 45 60 0 0 1 1 4 61 52 0 2 0
266 297986 L 0 0 0 6 12 0 0 1 0 297894 8 0 0 6 0 30 0 7 2 0 20
267 296054 R 0 0 0 1 0 69 1 17 83 0 0 0 0 0 295839 15 8 0 0 0 21
268 329071 G 4 0 0 41 0 328911 0 0 0 1 0 0 0 0 74 0 0 18 22 0 0
269 345357 S 3 0 0 0 0 0 0 2 1 42 0 0 36 1 0 345193 37 0 0 0 42
270 349761 V 37 1 34 0 12 3 0 31 0 5 0 1 0 0 0 1 0 349636 0 0 0
271 339732 A 339583 0 10 0 0 6 0 0 0 0 0 0 4 3 0 23 60 43 0 0 0
272 340093 H 0 0 10 0 0 0 339902 0 0 32 0 33 5 37 46 1 0 0 0 27 0
273 339949 K 0 0 0 29 1 0 0 19 339813 1 0 36 0 5 26 0 3 0 1 0 15
274 325000 S 4 3 0 0 14 1 1 0 0 16 1 0 30 0 0 324898 9 0 0 23 0
275 295663 C 0 295491 0 1 13 4 1 0 0 2 0 1 0 0 43 10 0 5 12 41 39
276 243340 L 0 3 0 0 0 1 0 0 0 243274 24 0 9 22 2 0 0 5 0 0 0
277 186865 P 14 0 0 0 0 0 26 0 1 43 0 0 186670 0 11 76 24 0 0 0 0
278 164228 A 164089 0 25 0 0 3 0 0 0 1 0 0 8 0 1 17 64 19 1 0 0
279 142196 C 0 142009 1 0 12 3 0 0 0 1 0 0 1 0 101 7 0 0 3 39 19
280 128934 V 30 0 0 12 0 2 0 0 0 7 13 0 0 0 0 2 0 128868 0 0 0
281 82983 Y 0 16 6 0 2 0 16 1 0 1 0 7 0 0 0 0 0 0 4 82920 10
282 46144 G 1 0 3 10 0 46109 0 0 0 1 0 0 0 1 13 0 0 4 0 0 2
283 89731 P 8 0 0 0 0 1 23 0 0 19 0 0 89641 1 3 20 14 1 0 0 0
284 217564 A 217331 0 14 0 0 16 0 0 0 2 0 0 20 0 0 22 89 70 0 0 0
285 221191 V 46 0 0 20 0 3 0 60 0 31 0 0 0 0 2 1 0 221028 0 0 0
286 255858 A 255770 0 9 0 0 4 0 0 0 0 0 0 6 0 0 20 29 20 0 0 0
287 326498 S 0 28 0 0 0 54 0 16 0 0 0 76 1 8 120 326188 6 1 0 0 0
288 361445 G 8 15 27 1 0 361309 0 0 0 0 0 0 0 0 3 52 0 30 0 0 0
289 366136 Y 0 70 4 0 14 0 167 0 0 0 0 10 0 1 0 1 1 0 0 365843 25
290 398198 D 1 0 397984 25 0 52 4 0 0 0 0 94 0 0 0 0 0 24 0 14 0
291 401708 F 1 0 1 0 401524 0 0 10 0 83 0 0 0 0 0 63 1 6 0 19 0
292 405025 E 1 0 9 404758 0 112 0 0 83 0 0 0 0 11 10 3 0 16 0 0 22
293 402309 K 0 0 0 40 0 1 0 9 402178 0 1 15 0 2 58 0 1 0 0 0 4
294 395004 E 4 0 32 394711 0 91 1 0 112 0 0 0 1 2 3 1 0 29 0 0 17
295 377233 G 10 0 3 64 0 377049 0 2 2 0 0 0 0 0 42 0 0 30 0 0 31
296 326044 Y 0 64 1 0 22 1 43 0 0 0 0 20 2 0 0 4 1 0 0 325857 29
297 285485 S 1 6 0 0 15 0 0 1 4 7 0 0 31 0 1 285367 30 0 1 21 0
298 272393 L 0 1 0 0 18 1 0 9 0 272319 0 0 0 0 1 27 0 3 0 0 14
299 298792 V 32 1 0 28 0 3 0 0 0 19 41 0 0 0 0 2 2 298655 8 1 0
300 208141 G 8 0 0 62 0 208001 0 0 1 0 0 1 0 0 35 0 0 14 0 0 19
301 347385 I 0 0 0 1 0 0 0 347053 58 26 123 6 1 1 12 0 36 65 0 0 3
302 346184 D 4 0 345950 31 1 44 10 0 0 0 0 88 0 0 6 2 6 10 0 32 0
303 334728 P 10 0 0 1 0 0 42 0 0 27 0 0 334602 0 6 29 11 0 0 0 0
304 386120 F 0 1 0 0 385889 0 0 22 0 95 0 0 1 0 0 75 0 9 0 28 0
305 386000 K 0 0 0 47 0 0 1 14 385820 1 0 46 0 22 34 0 1 1 0 0 13
306 384737 L 0 1 0 0 1 0 0 0 0 384624 39 0 50 14 5 0 0 3 0 0 0
307 397153 L 6 0 0 0 27 15 11 31 0 396991 0 0 58 0 4 0 0 10 0 0 0
308 400458 Q 0 0 0 6 0 0 26 1 20 18 0 0 4 400277 69 8 0 0 0 1 28
309 397988 N 0 0 44 1 0 0 3 20 37 1 2 397736 0 1 1 63 69 0 0 10 0
310 389283 S 6 19 0 0 0 66 0 26 2 1 0 75 0 0 46 389025 17 0 0 0 0
311 418350 Q 0 0 0 11 0 0 15 0 36 26 0 0 8 418125 77 1 2 0 0 0 49
312 454429 V 45 0 0 31 0 8 0 88 2 22 0 0 0 0 0 0 0 454230 0 3 0
313 424534 Y 1 59 3 0 33 2 40 0 0 1 0 23 0 0 1 5 0 0 0 424327 39
314 424105 S 0 16 0 0 0 122 0 31 0 2 0 67 0 1 46 423805 13 1 0 1 0
315 416733 L 1 0 2 0 0 1 0 44 0 416530 0 0 106 27 9 0 0 12 0 0 1
316 462875 I 0 0 0 0 24 0 0 462728 0 6 15 19 0 0 0 3 43 37 0 0 0
317 423838 R 0 0 1 0 0 149 0 15 52 0 0 0 0 0 423573 24 9 0 0 0 15
318 418133 P 25 0 0 0 0 0 1 0 0 84 0 0 417904 47 3 49 20 0 0 0 0
319 429018 N 0 0 35 0 0 0 3 15 58 0 0 428818 0 0 0 75 3 0 0 11 0
320 447343 E 4 0 30 447114 0 55 0 0 74 0 0 0 0 7 1 0 0 32 0 0 26
321 468827 N 0 0 73 1 0 1 3 25 37 0 0 468602 0 0 1 70 3 0 0 11 0
322 476710 P 10 0 0 0 1 0 0 0 0 76 0 0 476495 42 25 27 34 0 0 0 0
323 483686 A 483432 0 1 45 0 15 0 1 0 0 0 0 10 0 1 32 71 77 0 0 1
324 517111 H 0 0 9 1 0 0 516833 0 1 55 0 24 8 52 58 3 2 0 0 65 0
325 518681 K 0 1 0 144 0 0 0 1 518303 0 51 26 0 9 117 1 14 1 0 0 13
326 437275 S 0 31 0 0 0 59 0 9 0 1 0 64 0 0 56 437051 4 0 0 0 0
327 430206 Q 1 2 1 12 0 0 49 0 33 16 0 0 11 429931 110 0 1 0 0 0 39
328 353856 L 1 0 0 0 0 0 0 0 0 353744 33 0 49 13 3 0 0 13 0 0 0
329 390547 V 38 1 0 25 0 3 0 0 0 26 44 0 0 0 2 0 0 390402 6 0 0
330 375103 W 0 37 6 0 0 4 0 0 0 31 0 0 0 0 71 14 1 1 374834 0 104
331 352312 M 0 0 0 0 0 1 0 88 33 30 352055 0 0 0 6 0 41 58 0 0 0
332 369506 A 369267 1 1 29 0 17 0 0 0 1 0 0 11 0 1 22 85 71 0 0 0
333 399783 C 0 399494 0 0 20 4 0 2 0 0 0 0 0 0 94 34 1 0 6 94 34
334 411840 N 0 0 60 0 0 1 5 21 19 0 0 411653 0 0 0 51 5 0 0 25 0
335 374296 S 3 10 1 1 24 0 0 0 0 1 1 0 40 0 0 374171 22 0 0 21 1
336 353747 A 353549 0 24 0 0 9 0 0 0 0 0 0 11 0 0 25 93 36 0 0 0
337 337698 A 337546 3 0 17 1 10 0 0 0 1 0 0 11 0 0 22 47 40 0 0 0
338 349299 F 0 8 0 0 349153 0 0 17 0 58 0 0 0 0 1 43 0 4 1 14 0
339 343041 E 3 0 51 342824 0 83 0 0 28 0 1 0 0 5 0 1 0 26 0 0 19
340 314133 D 1 0 313951 9 0 48 3 1 1 1 0 84 0 0 0 0 0 20 0 14 0
341 332095 L 0 0 0 0 0 0 0 28 0 331959 0 0 79 14 5 3 0 6 0 0 1
342 321854 R 0 0 0 8 0 45 0 11 55 0 0 0 0 1 321688 19 7 0 0 0 20
343 289850 V 37 0 0 10 0 2 0 82 0 16 0 1 0 0 1 0 1 289700 0 0 0
344 282095 L 1 0 0 0 26 0 0 17 0 281989 0 0 1 1 0 37 1 3 0 0 19
345 243220 S 1 8 0 0 0 34 0 11 0 0 0 25 0 0 22 243114 5 0 0 0 0
346 216911 F 0 3 0 0 216775 0 1 3 0 62 0 0 1 0 0 36 0 5 0 25 0
347 274848 I 0 0 0 0 20 0 2 274706 1 3 6 25 0 0 0 1 38 45 0 1 0
348 259798 R 0 0 0 0 0 63 0 21 32 0 0 0 0 2 259638 16 8 0 0 0 18
349 249819 G 7 0 0 30 0 249706 1 0 1 0 0 0 0 0 39 0 0 10 25 0 0
350 332179 T 69 1 24 1 0 1 0 24 0 0 0 16 3 0 0 33 332006 0 0 1 0
351 339447 K 0 0 0 39 0 0 0 17 339253 0 0 33 1 27 56 0 2 0 0 0 19
352 359820 V 56 0 0 14 0 4 0 61 0 19 0 0 0 0 0 13 1 359648 0 3 1
353 364736 S 6 5 0 0 28 0 0 17 0 0 0 0 252 0 0 364385 15 0 0 28 0
354 344584 P 4 0 0 0 1 3 2 0 0 53 0 0 344364 57 13 36 51 0 0 0 0
355 335141 R 0 0 0 0 0 80 1 0 57 4 35 0 1 0 334916 29 4 0 14 0 0
356 299223 G 10 0 0 26 1 299111 0 0 0 0 0 0 1 0 27 0 0 28 19 0 0
357 299337 K 0 0 0 82 1 0 0 14 299120 0 0 51 1 3 52 0 2 0 0 0 11
358 303400 L 0 0 0 0 21 0 8 15 0 303274 0 0 65 0 3 0 12 2 0 0 0
359 292449 S 1 9 0 0 37 0 0 0 0 2 0 0 72 0 1 292289 14 0 0 24 0
360 345928 T 35 4 0 0 1 0 4 19 1 2 0 21 3 0 0 28 345810 0 0 0 0
361 327770 R 0 0 0 4 0 50 0 16 46 3 0 1 0 2 327604 17 2 0 0 0 25
362 301088 G 8 0 0 20 0 300982 0 0 0 0 0 0 0 1 35 2 0 22 0 0 18
363 355670 V 71 0 1 21 0 1 1 54 0 33 0 0 0 0 0 0 1 355486 0 0 1
364 352431 Q 0 0 2 7 0 3 28 0 23 17 0 0 10 352255 42 0 2 0 0 0 42
365 368570 I 3 0 2 0 26 2 0 368423 0 17 9 19 0 1 0 0 35 33 0 0 0
366 319474 A 319360 0 14 0 0 5 0 0 0 1 1 0 11 0 0 11 51 20 0 0 0
367 315030 S 2 0 0 0 2 0 0 0 1 26 0 0 32 0 0 314910 24 0 0 0 33
368 321155 N 0 1 24 0 2 0 7 12 21 1 1 321037 0 0 0 34 6 1 0 8 0
369 317114 E 3 0 11 316966 0 36 0 0 47 0 0 0 0 11 0 0 0 26 0 0 14
370 325642 N 0 0 43 0 0 0 13 24 32 0 0 325422 0 0 0 38 60 0 0 10 0
371 322829 M 0 0 0 0 0 1 0 129 16 17 322582 0 0 1 7 0 38 37 0 0 1
372 333563 D 7 1 333375 23 0 50 8 1 0 0 0 50 0 0 0 0 0 19 0 29 0
373 330239 A 330063 1 26 2 0 15 0 0 0 0 0 0 4 0 0 36 56 36 0 0 0
374 368263 M 1 2 0 0 1 0 0 182 25 39 367922 0 0 0 5 0 44 40 0 2 0
375 350331 E 2 0 40 350129 0 66 0 0 33 0 0 4 1 4 0 0 0 28 0 0 24
376 266896 S 1 0 0 2 0 1 0 1 0 29 0 0 35 0 0 266796 13 0 0 1 17
377 271200 S 0 19 1 0 0 48 0 8 0 0 0 75 0 0 29 271013 7 0 0 0 0
378 249002 T 40 0 0 0 0 1 0 14 0 0 0 14 2 0 0 26 248905 0 0 0 0
379 253716 L 0 0 0 0 19 0 9 19 0 253609 0 0 48 0 6 1 0 4 0 1 0
380 256762 E 2 0 22 256646 0 37 0 0 27 0 0 0 0 5 1 0 0 14 0 0 8
381 260064 L 0 0 0 0 0 0 0 0 0 259977 14 1 52 7 2 0 1 10 0 0 0
382 272855 R 0 0 0 1 0 44 0 12 25 0 0 0 0 1 272730 23 7 1 0 0 11
383 315888 S 1 7 0 0 0 33 0 7 0 0 0 36 1 0 48 315739 16 0 0 0 0
384 338149 R 0 0 0 0 0 121 0 0 44 0 18 0 0 3 337900 24 9 1 29 0 0
385 403587 Y 0 59 7 2 20 0 64 0 0 0 0 41 0 0 0 5 1 7 0 403344 37
386 392768 W 0 37 0 0 0 7 0 1 0 38 0 2 0 1 100 12 0 0 392461 0 109
387 362959 A 362709 0 24 1 2 18 0 0 0 0 0 0 24 0 1 26 85 69 0 0 0
388 404574 I 0 1 0 0 0 0 4 404290 19 44 98 1 3 1 7 0 52 47 0 1 6
389 379879 R 1 0 0 3 0 70 0 8 44 0 0 0 1 0 379692 25 4 0 0 0 31
390 389713 T 40 0 0 0 0 1 0 31 1 0 0 38 3 0 0 41 389557 1 0 0 0
391 398133 R 1 0 0 2 0 94 0 14 50 1 0 0 0 0 397934 20 4 0 0 0 13
392 384656 S 1 17 0 0 0 57 3 8 3 0 0 42 0 0 25 384494 4 1 0 0 1
393 394427 G 5 2 0 32 0 394273 0 0 0 0 0 0 0 1 62 0 0 27 0 1 24
394 375404 G 14 0 0 40 0 375241 0 0 0 2 0 0 0 0 53 1 0 27 0 0 26
395 379999 N 0 0 55 10 0 1 5 29 38 1 0 379767 0 0 2 51 31 0 0 8 1
396 381505 T 60 1 1 6 0 0 2 37 1 14 0 19 7 2 0 50 381305 0 0 0 0
397 434308 N 0 0 50 0 1 3 5 27 50 1 0 434090 2 0 22 33 3 0 0 20 1
398 436461 Q 1 3 0 14 0 1 50 1 78 17 0 12 5 436112 128 0 3 0 0 0 36
399 389422 Q 0 0 0 9 0 0 25 1 41 17 0 1 14 389161 98 0 6 1 0 0 48
400 348667 R 0 0 0 7 0 118 0 0 52 2 38 0 1 0 348408 16 7 0 17 1 0
401 330317 A 330098 0 34 9 0 23 0 0 0 1 0 1 17 0 0 27 61 44 0 2 0
402 333479 S 8 10 0 7 15 1 0 0 1 5 0 0 76 0 0 333302 20 0 0 33 1
403 335188 A 334928 1 0 26 0 19 0 1 0 0 0 0 10 0 0 24 76 103 0 0 0
404 349261 G 6 24 30 1 0 349144 0 0 0 0 0 1 0 0 10 30 0 15 0 0 0
405 349164 Q 0 0 0 10 0 0 14 0 38 16 0 0 10 348970 52 14 1 0 0 0 39
406 364961 I 0 0 0 0 17 0 0 364788 1 3 13 24 0 0 1 7 56 49 1 0 1
407 330392 S 0 15 0 0 0 110 0 7 1 3 1 87 1 0 46 330115 5 1 0 0 0
408 334719 V 99 5 0 34 0 5 2 0 0 27 71 0 0 0 0 0 0 334475 0 1 0
409 330524 Q 3 1 0 20 0 2 40 0 17 14 0 3 4 330238 52 0 8 0 0 0 122
410 302894 P 4 0 1 0 0 0 37 0 0 22 0 6 302507 3 5 273 29 1 0 0 6
411 325547 A 324632 10 1 597 1 12 1 0 0 55 0 0 14 1 0 28 138 57 0 0 0
412 341774 F 0 5 3 1 341588 1 2 54 0 70 0 0 1 0 0 39 0 4 0 5 1
413 303776 S 2 8 0 0 31 2 0 2 0 5 0 0 36 0 2 303667 11 0 0 10 0
414 318803 V 68 3 0 37 0 2 0 0 1 28 95 0 1 1 0 0 0 318567 0 0 0
415 329690 Q 11 0 1 15 0 0 21 1 43 30 0 2 4 329435 70 1 1 1 0 0 54
416 331993 R 0 0 0 14 0 87 0 19 36 0 0 2 0 0 331796 25 4 0 0 0 10
417 306534 N 0 0 56 0 0 0 6 20 31 0 0 306328 0 0 0 29 50 0 0 13 1
418 327648 L 2 21 0 1 24 1 19 31 0 327434 0 0 102 1 3 1 1 6 0 1 0
419 353788 P 13 0 0 0 0 0 13 0 1 69 0 0 353591 27 10 28 36 0 0 0 0
420 332099 F 1 2 0 0 331847 0 2 26 0 116 0 0 2 0 0 59 0 28 1 13 2
421 339907 D 23 1 339555 57 0 61 13 2 0 1 0 132 0 0 1 0 2 29 0 23 7
422 326086 K 0 0 0 61 0 1 0 18 325762 0 11 71 0 28 90 0 8 4 0 0 32
423 319895 P 10 0 6 0 0 0 0 5 0 35 0 0 319699 30 18 64 24 0 1 0 3
424 333271 T 58 2 0 7 1 6 0 38 2 2 0 36 13 2 2 53 333049 0 0 0 0
425 341053 I 0 4 7 2 16 4 2 340789 0 47 19 24 1 1 1 10 66 60 0 0 0
426 324155 M 0 0 1 2 0 481 1 135 22 719 322650 0 0 4 14 1 62 62 0 0 1
427 293447 A 292161 0 0 17 0 33 0 1 6 10 0 1 15 0 8 20 1108 66 1 0 0
428 289675 A 289381 0 0 26 0 13 0 10 1 1 0 0 28 0 0 28 131 55 0 0 1
429 288294 F 0 2 0 0 288117 2 0 14 0 60 0 1 0 0 0 32 0 3 0 63 0
430 263221 T 41 0 0 0 0 0 1 21 0 0 0 17 1 0 0 14 263126 0 0 0 0
431 286842 G 16 0 33 29 0 286615 2 0 1 2 1 0 0 0 74 1 0 25 42 0 1
432 295110 N 0 1 130 1 0 4 1 17 9 112 1 294715 2 1 1 86 5 0 1 22 1
433 316855 T 75 0 2 2 0 1 0 70 21 0 0 0 2 9 14 28 316523 0 0 3 105
434 331863 E 6 6 41 330928 0 527 0 2 53 6 2 183 1 5 9 20 8 33 1 0 32
435 359063 G 9 0 11 116 0 356634 2 4 6 2139 0 1 1 0 75 0 0 27 0 0 38
436 366489 R 2 0 10 12 0 76 2 18 52 0 0 0 1 5 366246 14 14 1 1 4 31
437 373500 T 51 1 6 0 0 0 1 40 21 2 244 6 5 2 9 23 373080 0 0 0 9
438 393917 S 27 0 1 1 1 0 1 335 0 48 0 0 52 0 2 393372 25 0 0 0 52
439 385677 D 1 0 385488 31 0 44 8 2 0 3 0 28 0 4 8 0 2 25 0 31 2
440 373929 M 0 0 0 0 0 1 0 98 44 43 373648 0 0 1 6 0 43 45 0 0 0
441 360509 R 0 1 4 0 0 77 0 0 46 0 44 0 0 0 360181 128 4 0 24 0 0
442 364401 A 363997 0 0 36 0 18 0 0 0 0 1 67 20 1 0 25 132 104 0 0 0
443 370345 E 2 0 28 370186 0 36 1 0 41 0 0 3 0 19 0 1 0 14 0 0 14
444 372166 I 0 0 1 1 17 0 1 371973 5 26 0 21 0 2 0 11 46 56 0 0 6
445 421506 I 0 0 1 1 0 1 0 421069 44 97 111 0 1 5 11 2 86 70 1 1 5
446 381695 R 2 1 0 4 0 112 0 2 62 1 55 0 1 1 381391 24 15 1 23 0 0
447 373118 M 0 0 1 2 0 4 2 115 37 30 372748 3 0 28 5 0 71 71 0 0 1
448 373826 M 4 1 3 3 0 2 0 114 48 87 373412 1 0 0 8 0 65 71 7 0 0
449 338855 E 0 0 24 338603 0 103 3 0 51 0 0 0 0 15 9 12 7 15 0 0 13
450 358101 G 6 139 44 0 1 357713 0 1 0 2 0 3 0 0 12 58 3 119 0 0 0
451 402677 A 399757 38 3 49 0 29 0 11 3 0 0 1 14 5 1 30 2601 134 0 0 1
452 397534 K 0 0 0 3474 0 1 1 8 393852 0 1 122 0 3 51 0 10 1 0 0 10
453 384007 P 6 0 0 1 0 0 2 0 0 26 0 0 383875 23 6 40 28 0 0 0 0
454 392578 E 3 0 34 392338 0 74 0 0 57 23 0 1 1 12 4 0 0 9 0 0 22
455 398406 E 4 1 19 398061 0 87 119 1 63 0 0 0 0 9 5 0 0 21 0 0 16
456 405170 M 0 4 0 0 0 0 0 85 43 16 404904 1 1 0 14 0 45 57 0 0 0
457 389878 S 7 9 0 0 20 0 0 1 0 0 1 1 83 0 0 389688 39 5 0 24 0
458 401407 F 1 3 0 0 401102 1 0 27 0 145 0 0 1 0 1 81 2 3 0 40 0
459 381015 Q 1 0 0 30 0 1 42 1 54 32 1 0 49 380481 270 2 1 0 2 0 48
460 338993 G 12 0 0 50 0 338740 0 0 0 2 1 2 1 6 136 10 2 13 15 0 3
461 326816 R 114 0 0 2 0 89 0 0 0 58 0 0 13 135 326311 1 3 0 90 0 0
462 285908 G 8 0 0 119 1 285609 0 0 0 0 0 1 0 3 99 0 0 14 1 0 53
463 283577 V 37 0 10 2 7 0 0 64 1 4 0 0 0 0 2 3 0 283447 0 0 0
464 298013 F 0 3 0 0 297776 1 0 26 0 117 0 0 0 0 1 58 0 12 0 19 0
465 358218 E 2 0 26 358001 0 74 0 0 67 0 0 0 0 7 0 0 1 8 0 0 32
466 304202 L 0 0 0 0 48 0 68 19 0 303999 0 0 54 0 4 0 0 10 0 0 0
467 323280 S 2 0 0 0 0 1 0 1 0 78 0 1 60 0 1 323059 12 0 9 0 56
468 360291 D 9 0 360007 35 0 98 6 0 0 0 0 85 0 0 1 2 9 23 0 15 1
469 439485 E 0 0 21 439130 0 85 0 0 114 1 0 0 0 14 32 0 2 17 0 1 68
470 478325 R 0 0 0 0 0 119 0 0 75 0 60 0 0 0 478011 25 5 0 30 0 0
471 474094 A 473724 0 1 28 0 26 0 0 1 2 0 0 6 3 3 39 79 182 0 0 0
472 486155 A 485657 0 0 38 0 18 0 0 0 0 0 1 16 0 4 72 178 171 0 0 0
473 527364 N 0 0 46 1 0 0 2 27 40 1 0 527135 0 0 1 73 10 1 0 27 0
474 520389 P 8 0 0 0 0 0 0 0 0 88 0 0 520147 55 22 35 33 1 0 0 0
475 495237 I 1 0 0 0 22 0 0 495036 1 5 11 33 0 1 0 2 44 81 0 0 0
476 449989 V 79 1 0 16 0 19 2 0 0 32 117 0 0 0 0 0 0 449723 0 0 0
477 443046 P 20 0 0 0 0 1 14 0 0 65 0 0 442827 0 10 81 25 2 1 0 0
478 426487 S 23 8 0 0 33 0 0 1 0 17 0 0 76 64 1 426215 27 0 0 22 0
479 459643 F 0 4 0 0 457213 1 0 18 0 2279 0 0 0 0 2 103 0 5 0 13 5
480 459213 D 6 0 458794 61 2 95 14 0 0 0 0 99 1 1 1 3 44 56 0 35 1
481 398000 M 0 0 0 2 1 0 0 102 20 43 397675 2 0 0 8 1 63 83 0 0 0
482 496300 S 0 38 0 8 0 109 1 22 0 0 1 72 0 0 48 495989 7 2 0 1 2
483 557370 N 0 0 74 0 0 0 1 26 72 1 12 557060 1 0 0 81 8 0 0 16 18
484 487318 E 4 0 42 487032 0 76 0 1 82 1 0 0 0 16 0 0 0 35 0 0 29
485 437626 G 9 0 0 37 0 437280 0 1 0 0 0 0 0 0 235 1 0 28 0 0 35
486 444472 S 3 10 0 0 28 0 0 4 0 0 0 5 67 0 0 444290 33 0 0 31 1
487 446172 Y 0 46 2 0 16 0 86 2 4 2 0 6 0 0 0 0 0 1 0 445976 31
488 440908 F 0 1 0 0 440704 0 0 31 1 92 0 0 0 0 0 47 0 7 0 25 0
489 430562 F 0 2 1 8371 421998 2 0 22 0 96 0 0 0 0 0 46 0 4 0 20 0
490 433707 G 7 0 0 39 0 422724 0 1 1 0 0 0 0 2 85 0 1 24 0 1 10822
491 448138 D 51 2 447816 30 0 118 15 0 0 5 0 38 0 2 0 0 1 50 0 10 0
492 458814 N 84 2 92 0 51 1 9 33 42 3 2 458408 2 0 0 61 10 0 0 14 0
493 555974 A 555005 0 0 55 158 35 0 3 1 3 2 0 15 5 10 26 515 141 0 0 0
494 474547 E 10 1 46 474198 0 131 0 0 70 0 2 0 0 13 7 2 0 28 0 0 39
495 479787 E 6 0 55 479478 0 95 0 0 76 0 1 0 2 10 3 0 0 33 0 1 27
496 466459 Y 0 126 28 1 41 1 89 0 0 0 0 23 1 0 1 7 0 1 0 466087 53
497 437854 D 3 0 437235 88 0 143 16 0 0 4 0 270 0 0 1 1 1 49 0 43 0
498 349140 N 0 0 36 0 0 1 2 90 22 3 0 348920 0 2 3 36 3 0 0 22 0
