# nucleotide counts
# upper case indicates nucleotide called by both reads
# lower case indicates nucleotide called by one read with other ambiguous
# N indicates disagreement between reads, or both ambiguous
# POSITION WT COUNTS A T C G a t c g N
1 A 665169 664931 43 8 128 23 0 0 0 36
2 T 668259 53 667987 89 10 0 60 0 0 60
3 G 668553 86 40 12 668312 0 0 0 36 67
4 G 665924 31 17 14 665750 0 0 0 52 60
5 C 637160 35 245 636756 29 0 0 23 0 72
6 G 653857 185 17 7 653536 0 0 0 37 75
7 T 669612 91 669017 173 71 0 44 0 0 216
8 C 674839 134 1227 673123 247 0 1 39 0 68
9 C 676750 114 235 675044 1255 0 0 63 2 37
10 C 674761 10873 5911 657279 569 3 1 79 0 46
11 A 671489 653684 11124 6225 286 118 4 1 0 47
12 A 672122 659166 2947 8929 1006 21 2 1 0 50
13 G 673718 260 494 448 672402 0 0 0 68 46
14 G 683224 116 39 567 682333 0 0 0 67 102
15 C 630894 26 67 630658 17 0 0 63 0 63
16 A 564677 563863 27 16 97 30 0 0 0 644
17 C 555919 18 56 555775 3 0 0 40 0 27
18 C 538215 31 39 538024 21 0 0 67 0 33
19 A 536645 536500 23 8 49 38 0 0 0 27
20 A 536829 536672 21 6 56 24 0 0 0 50
21 A 535482 535181 21 52 83 67 0 0 0 78
22 C 532321 19 138 532057 8 0 0 48 0 51
23 G 493312 70 31 20 493067 0 0 0 63 61
24 G 505164 86 12 9 504953 0 0 0 33 71
25 T 507017 63 505945 171 372 0 35 0 0 431
26 C 536066 35 184 535717 14 0 0 62 0 54
27 T 569009 487 566369 1930 55 1 102 0 0 65
28 T 531354 102 524203 3469 3417 0 124 1 1 37
29 A 534548 527983 6134 230 128 34 1 0 0 38
30 T 526746 6183 519769 502 81 3 169 0 1 38
31 G 546774 134 41 24 546478 0 0 0 54 43
32 A 564899 564458 57 48 139 109 0 0 0 88
33 A 526816 526501 59 26 94 62 0 0 0 74
34 C 508818 7815 1429 499025 440 0 0 30 0 79
35 A 454883 450793 612 1942 1446 41 1 0 0 48
36 G 519750 1581 902 19985 497161 0 1 5 41 74
37 A 540776 540464 59 33 104 46 0 0 0 70
38 T 542810 58 542557 82 29 0 38 0 0 46
39 G 545885 113 48 19 545633 0 0 0 30 42
40 G 531724 92 49 18 531395 0 0 0 137 33
41 A 529033 528774 41 17 118 15 0 0 0 68
42 A 540300 540066 35 19 100 34 0 0 0 46
43 A 541360 541041 38 76 85 28 0 0 0 92
44 C 583206 98 55 582872 17 0 0 58 0 106
45 T 544705 24 544452 133 17 0 39 0 0 40
46 G 558356 68 35 18 558151 0 0 0 21 63
47 A 555454 555182 48 3 133 32 0 0 0 56
48 T 557396 63 557093 83 28 0 81 0 0 48
49 G 556291 89 74 128 555920 0 0 0 53 27
50 G 562867 84 31 50 562600 0 0 0 60 42
51 G 559515 200 80 94 559049 0 0 0 31 61
52 G 564103 198 53 102 563668 0 0 0 34 48
53 A 543402 542936 42 185 149 15 1 0 0 74
54 A 546051 545591 57 95 149 40 0 0 0 119
55 C 557269 25 121 556985 15 0 0 48 0 75
56 G 556788 259 32 32 556318 0 0 0 26 121
57 C 567619 22 43 567455 21 0 0 39 0 39
58 C 564121 28 92 563941 14 0 0 16 0 30
59 A 562691 561778 32 545 216 81 0 0 0 39
60 G 577751 55 21 34 577542 0 0 0 42 57
61 A 575856 575436 85 115 102 72 0 0 0 46
62 A 596142 582600 12708 285 434 53 2 0 0 60
63 T 570761 147 558357 298 11886 0 17 0 0 56
64 G 593949 645 138 192 592798 0 0 0 96 80
65 C 604879 173 2653 601716 177 0 0 59 0 101
66 A 577391 576513 163 236 368 90 0 0 0 21
67 A 613192 607619 409 4736 246 41 0 0 0 141
68 C 608312 4353 687 600239 2968 1 0 36 4 24
69 T 593769 1751 590287 872 714 1 75 0 0 69
70 G 598907 191 31 157 598444 0 0 0 46 38
71 A 557047 556584 77 69 155 96 0 0 0 66
72 G 595790 358 72 41 595147 0 0 0 62 110
73 A 555022 554530 44 44 269 51 1 0 0 83
74 T 597457 57 595808 90 1276 0 91 0 0 135
75 C 568211 947 63 566992 30 0 0 93 0 86
76 A 533900 533411 60 85 193 108 0 1 0 42
77 G 555059 100 40 28 554804 0 0 0 25 62
78 A 552031 551737 21 18 166 31 0 0 0 58
79 G 579218 200 36 66 578798 0 0 0 69 49
80 C 561455 129 1884 559198 80 0 0 73 0 91
81 A 529710 527605 1802 48 99 95 0 0 0 61
82 T 541558 59 541225 92 79 0 40 0 0 63
83 C 543893 40 45 543619 95 0 0 57 0 37
84 C 548740 73 121 548372 77 0 0 29 0 68
85 G 538887 159 19 12 538623 0 0 0 41 33
86 T 540457 32 540125 88 22 0 53 0 0 137
87 C 539505 70 162 538993 175 0 0 62 0 43
88 G 542975 207 123 50 542520 0 0 0 30 45
89 G 545803 165 46 89 545426 0 0 0 47 30
90 G 558985 155 30 71 558647 0 0 0 51 31
91 A 556001 555709 73 13 99 28 0 0 0 79
92 A 554589 554300 40 30 126 46 0 0 0 47
93 G 544495 91 43 33 544230 0 0 0 34 64
94 A 534870 534549 52 30 110 37 0 0 0 92
95 T 528523 72 528250 97 36 0 26 0 0 42
96 G 534919 91 31 41 534678 0 0 0 27 51
97 A 554024 553501 138 17 244 64 0 0 1 59
98 T 552921 64 552554 169 51 0 33 0 0 50
99 T 538841 135 538355 104 177 0 45 0 0 25
100 G 540514 207 466 42 539704 0 0 0 44 51
101 A 536982 535844 510 216 313 21 0 0 0 78
102 T 526814 333 525961 147 306 0 32 0 1 34
103 G 520531 138 323 63 519935 0 0 0 37 35
104 G 536265 75 76 308 535655 0 0 0 60 91
105 A 519448 519070 79 50 145 31 0 0 0 73
106 A 505422 504721 94 11 530 24 0 0 0 42
107 T 508125 36 507397 595 47 0 25 1 0 24
108 T 500200 571 499364 81 34 0 118 0 0 32
109 G 505331 87 88 101 504933 0 0 0 57 65
110 G 497207 61 56 90 496919 0 0 0 46 35
111 A 480995 480449 72 90 189 39 0 0 0 156
112 C 491621 34 111 491301 46 0 0 57 0 72
113 G 431132 149 24 121 430769 0 0 0 44 25
114 A 491764 491294 124 90 98 73 0 0 0 85
115 T 499938 42 499592 135 56 0 53 0 0 60
116 T 468872 51 468545 205 9 0 12 0 0 50
117 C 470896 66 48 470582 137 0 0 22 0 41
118 T 462528 55 461957 289 67 0 129 0 0 31
119 A 480474 479988 83 62 104 76 0 0 0 161
120 C 478933 87 95 478585 29 0 0 81 0 56
121 A 442355 439260 450 2311 265 26 0 1 0 42
122 T 452114 175 448855 2426 515 1 47 0 0 95
123 C 419358 322 422 416266 2273 0 0 49 0 26
124 C 423551 41 56 423362 29 0 0 36 0 27
125 A 421526 421234 34 32 72 77 0 0 0 77
126 A 407305 407057 33 14 85 32 0 0 0 84
127 A 407110 406950 27 6 53 31 0 0 0 43
128 T 389289 25 389139 55 12 0 22 0 0 36
129 G 448317 103 20 26 448015 0 0 0 80 73
130 T 426575 124 425878 130 71 0 70 0 0 302
131 G 429831 139 92 87 429471 0 0 0 9 33
132 C 429818 75 239 429388 63 0 0 34 0 19
133 A 423577 423218 91 26 68 23 0 0 0 151
134 C 421125 72 55 420912 9 0 0 47 0 30
135 T 404677 89 404115 382 35 0 28 0 0 28
136 G 447730 57 19 62 447516 0 0 0 45 31
137 A 469273 469021 18 57 55 47 0 0 0 75
138 A 488528 488201 42 15 95 37 0 0 0 138
139 C 520328 49 54 519844 290 0 0 49 0 42
140 T 520200 35 519739 92 225 0 76 0 0 33
141 T 519617 321 519004 157 18 0 84 0 0 33
142 A 524587 524329 79 11 79 55 0 0 0 34
143 A 524770 524474 50 61 63 52 0 0 0 70
144 A 556284 555797 48 56 123 50 0 0 0 210
145 C 556626 213 141 556115 59 0 1 52 0 45
146 T 517559 123 517041 247 57 0 18 0 0 73
147 C 532509 101 208 531735 359 0 0 41 1 64
148 A 518869 511909 832 4763 1251 32 0 0 1 81
149 G 561697 614 2034 3552 555379 1 1 0 68 48
150 T 558692 1300 551835 1464 3706 0 19 0 0 368
151 G 610814 3921 228 207 606300 6 0 0 69 83
152 A 628183 622941 907 3981 186 84 0 2 0 82
153 T 596691 125 595602 474 344 0 106 1 0 39
154 T 618003 970 616189 463 276 1 73 0 0 31
155 A 620949 619264 146 652 717 116 0 0 0 54
156 T 623808 647 622164 621 280 0 53 0 0 43
157 G 625380 308 258 243 624486 0 0 0 36 49
158 A 587045 584437 107 1810 595 34 0 0 0 62
159 G 589526 124 1679 404 587220 0 0 0 55 44
160 G 541311 190 44 120 540870 0 0 0 31 56
161 G 527164 104 32 117 526807 0 0 0 47 57
162 G 526408 91 184 159 525853 0 0 0 64 57
163 C 498910 163 275 498310 58 0 0 39 0 65
164 G 504866 387 84 58 504246 0 0 0 31 60
165 A 505142 504182 218 280 205 14 0 0 0 243
166 C 506308 893 352 504599 395 0 0 32 0 37
167 T 503058 414 501483 637 429 0 43 0 0 52
168 G 497262 307 544 1019 495309 0 0 0 38 45
169 A 547047 546415 67 87 255 86 0 0 0 137
170 T 531847 60 531535 135 33 0 20 0 0 64
171 C 524180 142 150 523721 135 0 0 12 0 20
172 C 523891 199 80 523465 72 1 0 39 0 35
173 A 504757 504334 56 47 147 138 0 0 0 35
174 G 508423 132 55 172 507975 0 0 0 57 32
175 A 488818 488249 75 103 342 15 0 0 1 33
176 A 489264 488619 232 50 253 27 0 0 0 83
177 C 492046 96 261 491332 222 0 0 69 0 66
178 A 391864 391230 104 24 455 20 0 0 0 31
179 G 401855 47 40 124 401571 0 0 1 25 47
180 C 398693 108 455 398035 39 0 0 14 0 42
181 T 396560 112 396198 104 78 0 38 0 0 30
182 T 400736 108 400450 101 14 0 22 0 0 41
183 A 394126 393794 88 43 106 68 0 0 0 27
184 A 418476 416325 324 1311 341 68 1 1 0 105
185 C 434857 1481 56 431873 1332 1 0 77 0 37
186 A 410989 408945 1300 439 192 80 2 0 0 31
187 A 424637 424038 99 74 315 67 0 0 0 44
188 T 386647 55 386102 161 196 0 89 0 0 44
189 A 400465 399834 91 63 430 27 0 0 0 20
190 G 407387 119 45 66 407119 0 0 0 20 18
191 A 414415 414072 53 67 125 51 0 0 0 47
192 G 419073 145 46 79 418710 0 0 0 57 36
193 A 379753 378436 40 926 230 45 0 0 0 76
194 G 399301 62 22 35 399069 0 0 0 55 58
195 A 401715 400594 28 27 961 53 0 0 0 52
196 A 412214 411982 38 17 106 29 0 0 0 42
197 T 414717 46 414420 67 16 0 29 0 0 139
198 G 402850 55 44 20 402611 0 0 0 59 61
199 G 408251 80 20 14 408069 0 0 0 31 37
200 T 384393 54 383660 53 47 0 32 0 0 547
201 G 412987 126 32 13 412697 1 0 0 42 76
202 C 412347 35 98 412069 42 0 0 52 0 51
203 T 411800 30 411502 104 67 0 22 0 0 75
204 C 420444 1866 55 418413 25 0 0 26 0 59
205 T 419895 43 419627 134 30 0 30 0 0 31
206 C 449129 26 47 448946 31 0 0 38 0 41
207 T 446627 51 446294 161 44 0 52 0 0 25
208 G 454222 439 125 15 453560 0 0 0 49 34
209 C 454287 138 42 453842 201 0 0 35 0 29
210 T 442443 86 440736 183 1372 0 48 0 1 17
211 T 451450 112 450995 144 145 0 27 0 0 27
212 T 443457 1914 441162 195 100 0 52 0 0 34
213 T 428042 1777 425876 233 102 0 14 0 0 40
214 G 431525 101 9 83 431267 0 0 0 27 38
215 A 425617 425258 44 28 186 17 0 0 0 84
216 C 434626 11 314 434070 127 0 0 49 0 55
217 G 419247 182 57 363 418557 0 0 0 44 44
218 A 402744 401870 638 36 134 29 0 0 0 37
219 A 403910 403251 39 365 204 26 0 0 0 25
220 A 405855 405501 125 16 165 14 0 0 0 34
221 G 409905 69 198 30 409559 0 0 0 32 17
222 A 415988 415683 115 12 110 26 0 0 0 42
223 A 415586 415281 25 29 196 18 0 0 0 37
224 G 434181 174 20 6 433901 0 0 0 35 45
225 G 488100 164 18 25 487757 0 0 0 47 89
226 A 479674 479378 95 45 108 33 0 0 0 15
227 A 499731 499285 205 30 104 49 0 0 0 58
228 T 478716 137 478317 92 78 0 50 0 0 42
229 A 475685 474910 86 177 339 145 0 0 0 28
230 A 476352 475126 401 299 458 33 1 0 0 34
231 A 471138 470287 175 312 265 71 0 0 0 28
232 T 473066 67 472790 61 13 0 64 0 0 71
233 A 431132 430881 39 13 81 45 0 0 0 73
234 T 377347 68 377171 66 10 0 13 0 0 19
235 C 384201 46 44 383986 26 0 0 47 0 52
236 T 361887 51 361659 102 22 0 28 0 0 25
237 G 364264 86 35 19 364053 0 0 0 37 34
238 G 357031 98 36 34 356824 0 0 0 21 18
239 A 352214 351975 60 39 87 29 0 0 0 24
240 A 336011 335774 41 52 99 22 0 0 0 23
241 G 350754 75 89 43 350399 0 0 0 63 85
242 A 341495 341250 80 9 95 33 0 0 0 28
243 A 377200 376575 104 202 140 83 0 0 0 96
244 C 380885 366 555 379816 43 0 0 72 0 33
245 A 366361 365908 189 41 126 57 0 0 0 40
246 T 485291 458 483592 481 485 1 96 1 0 177
247 C 477749 108 149 477285 113 0 0 80 0 14
248 C 499226 1516 78 497436 102 1 0 64 0 29
249 C 500224 1277 473 497862 485 0 0 48 0 79
250 A 479484 478589 350 68 336 99 0 0 2 40
251 G 519743 326 87 300 518944 0 0 0 40 46
252 C 515366 173 500 514135 471 0 0 36 1 50
253 G 514684 304 133 504 513686 0 0 0 14 43
254 C 521434 478 173 520049 599 0 0 24 0 111
255 G 519602 619 255 187 518465 0 0 0 60 16
256 G 564257 483 62 93 563526 0 0 0 46 47
257 G 557979 361 76 316 557166 0 0 0 29 31
258 G 579080 188 306 330 578188 0 1 0 33 34
259 A 580734 580321 41 24 240 13 0 0 0 95
260 A 576459 576095 57 20 185 72 0 0 0 30
261 G 587112 153 113 27 586728 0 0 0 32 59
262 G 596042 197 130 37 595508 0 0 0 78 92
263 A 593966 593592 82 16 176 6 0 0 0 94
264 T 592583 64 592046 238 80 0 27 0 0 128
265 C 565136 140 451 562214 2267 0 0 20 0 44
266 C 555943 146 2518 552806 354 0 0 83 0 36
267 T 539532 2661 535859 587 313 2 53 0 0 57
268 A 539822 538400 417 480 459 34 0 0 0 32
269 A 539299 536209 1921 369 711 64 2 0 0 23
270 G 538654 397 770 1978 535421 0 1 0 29 58
271 A 512723 512258 117 59 159 102 0 0 0 28
272 A 501368 501036 13 48 199 42 0 0 0 30
273 A 492473 492187 7 81 126 33 0 0 0 39
274 A 465502 465252 31 39 58 23 0 0 0 99
275 C 469500 85 37 469229 9 0 0 26 0 114
276 T 451166 28 450894 142 32 0 32 0 0 38
277 G 448576 80 29 37 448391 0 0 0 10 29
278 G 447184 45 25 31 447042 0 0 0 28 13
279 A 441150 440720 29 40 192 33 0 0 0 136
280 G 436619 51 24 14 436472 0 0 0 30 28
281 G 431595 45 15 7 431446 0 0 0 38 44
282 A 420598 419947 30 23 137 20 0 0 0 441
283 C 451804 33 85 451542 48 0 0 30 0 66
284 C 442746 31 46 442580 53 0 0 21 0 15
285 C 441176 53 120 440905 19 0 0 41 0 38
286 A 487793 486946 119 451 78 51 0 0 0 148
287 T 478350 63 477818 308 27 0 94 0 0 40
288 A 556753 555654 83 699 121 100 0 0 0 96
289 T 554837 280 554181 116 94 0 83 0 0 83
290 A 498469 497968 81 55 94 167 0 0 0 104
291 C 506611 74 112 506081 219 0 0 37 0 88
292 A 435426 434871 163 156 151 61 0 0 0 24
293 A 436115 435096 82 486 383 41 0 1 0 26
294 G 429880 151 557 195 428804 0 0 0 89 84
295 A 331442 331207 52 36 80 21 0 0 0 46
296 G 336157 65 18 10 336022 0 0 0 18 24
297 A 313719 313508 56 19 87 17 0 0 0 32
298 G 320271 139 64 367 319676 0 0 0 15 10
299 T 325926 68 324300 248 276 0 41 0 1 992
300 A 331296 330508 120 451 147 37 0 0 0 33
301 G 359543 203 68 272 358923 0 0 0 37 40
302 A 356079 355478 121 345 86 26 0 0 0 23
303 T 376228 94 375539 362 149 0 34 0 0 50
304 A 370405 370083 161 46 68 22 0 0 0 25
305 G 378920 91 44 32 378676 0 1 0 59 17
306 A 377922 377466 60 67 279 26 0 0 0 24
307 A 379045 378610 34 228 90 22 0 0 0 61
308 A 377914 377625 67 34 158 22 0 0 0 8
309 G 391922 84 17 195 391540 0 0 0 58 28
310 T 392273 137 391456 70 228 0 31 0 0 351
311 G 401425 75 331 34 400896 0 0 0 59 30
312 G 402576 135 230 28 402155 0 0 0 11 17
313 A 402628 402313 59 48 132 37 0 0 0 39
314 T 406571 45 406390 53 33 0 14 0 0 36
315 G 419961 94 38 51 419699 0 0 0 30 49
316 A 423807 423573 39 35 99 23 0 0 0 38
317 G 425559 68 55 11 425388 0 0 0 10 27
318 G 423098 86 33 21 422895 0 0 0 27 36
319 G 425050 220 62 23 424645 0 0 0 13 87
320 A 427392 427084 34 78 82 31 0 0 0 83
321 A 429430 428972 42 86 82 19 0 0 0 229
322 C 431463 24 112 431262 20 0 0 12 0 33
323 T 428227 34 427981 99 9 0 35 0 0 69
324 C 422327 53 92 421984 88 0 0 69 0 41
325 G 412640 153 33 40 412368 0 0 0 25 21
326 T 423588 52 423173 132 41 0 43 0 0 147
327 C 449518 62 64 449227 93 0 0 37 0 35
328 C 473907 39 50 473648 42 0 0 83 0 45
329 T 487569 54 487268 126 11 0 58 0 0 52
330 T 488069 48 487556 311 24 0 83 0 0 47
331 T 474267 140 473679 356 31 0 27 0 0 34
332 A 446520 445978 153 106 111 138 0 0 0 34
333 T 441126 155 440725 115 53 0 45 0 0 33
334 G 442907 221 45 164 442358 0 0 0 59 60
335 A 398922 398447 76 35 219 37 0 0 0 108
336 C 404751 128 115 404337 27 0 0 58 0 86
337 A 357340 357203 28 25 49 17 0 0 0 18
338 A 362534 362404 24 21 43 19 0 0 0 23
339 A 369235 368974 24 14 170 30 0 0 1 22
340 G 433344 104 58 33 433034 1 0 0 51 63
341 A 447054 446829 60 17 88 25 0 0 0 35
342 A 442076 441735 58 109 118 30 0 0 0 26
343 G 498943 84 32 20 498641 0 0 0 57 109
344 A 521536 521166 32 11 127 128 0 0 0 72
345 A 523168 522926 48 15 86 42 0 0 0 51
346 A 524341 523542 127 72 539 25 0 0 0 36
347 T 519062 51 518467 256 128 0 97 0 0 63
348 A 513486 512430 280 455 182 48 0 1 0 90
349 A 512262 511284 351 214 276 80 0 0 0 57
350 G 512589 110 2393 418 509584 0 1 0 52 31
351 G 512399 45 449 73 511739 0 0 0 41 52
352 C 493485 49 85 493222 29 0 0 50 0 50
353 G 490398 158 50 25 490060 0 0 0 42 63
354 A 501304 501022 59 19 109 63 0 0 0 32
355 A 520001 519817 13 11 67 29 0 0 0 64
356 T 518619 47 518377 56 2 0 22 1 0 114
357 C 518490 41 33 518305 15 0 0 16 0 80
358 T 508041 29 507712 144 46 0 34 0 0 76
359 G 512390 320 33 15 511929 0 0 0 47 46
360 G 502434 60 23 269 502013 0 0 0 29 40
361 C 509331 62 395 508721 41 0 0 24 0 88
362 G 509330 148 81 270 508743 0 0 0 25 63
363 C 505803 50 57 505503 92 0 0 49 0 52
364 C 492293 120 215 491684 54 0 0 29 0 191
365 A 491199 490649 231 29 222 38 0 0 0 30
366 A 512998 512379 231 41 229 52 0 0 0 66
367 G 574207 124 65 46 573824 0 0 0 66 82
368 C 573338 32 165 573007 60 0 0 35 0 39
369 C 609764 90 99 609346 71 0 0 50 0 108
370 A 610734 610187 195 80 153 82 0 0 0 37
371 A 619957 619132 237 83 341 122 1 0 0 41
372 T 632269 127 631781 136 105 0 50 0 0 70
373 A 625055 623990 589 115 191 122 0 0 0 48
374 A 629088 628295 379 78 235 39 0 0 0 62
375 T 599781 236 598989 117 255 0 97 0 0 87
376 G 563752 168 160 194 563116 0 0 0 84 30
377 G 520360 114 70 400 519685 0 0 0 40 51
378 T 471835 169 470517 115 407 0 30 0 0 597
379 G 474483 228 107 1305 472786 0 0 0 34 23
380 A 469589 468366 240 311 576 46 0 0 0 50
381 T 468239 588 465813 346 1415 0 24 0 0 53
382 G 463470 213 489 149 462567 0 0 0 25 27
383 A 465309 464199 587 193 247 28 0 0 0 55
384 T 472164 152 471417 289 187 0 27 0 0 92
385 G 466088 338 329 42 465299 0 0 0 50 30
386 C 458515 182 165 458032 73 0 0 29 0 34
387 A 453272 451806 48 40 1313 38 0 0 1 26
388 A 449534 449176 61 70 68 72 0 0 0 87
389 C 433967 73 62 433684 80 0 0 41 0 27
390 A 422266 421986 71 35 74 56 0 0 0 44
391 G 423971 58 45 9626 414161 0 0 0 53 28
392 C 407099 42 48 406889 14 0 0 65 0 41
393 T 392114 9681 382169 117 64 7 46 0 0 30
394 G 453184 139 25 6 452869 0 0 0 67 78
395 G 465486 67 113 20 465212 0 0 0 48 26
396 T 465832 147 465303 112 9 0 22 0 0 239
397 C 498394 212 71 497980 24 0 0 49 0 58
398 T 480513 27 480172 171 23 0 64 0 0 56
399 G 547972 3289 57 374 544069 2 0 0 102 79
400 A 549851 549370 64 26 139 53 0 0 0 199
401 C 581908 28 87 581719 22 0 0 22 0 30
402 T 592719 70 591354 488 639 0 53 0 0 115
403 C 592913 59 84 592521 56 0 0 109 0 84
404 A 588766 588302 66 48 132 37 0 0 0 181
405 C 637908 101 104 637543 44 0 0 75 0 41
406 A 637786 636405 469 320 533 18 0 0 0 41
407 T 654440 436 652836 593 387 0 83 1 0 104
408 G 620564 617 490 877 618514 0 0 0 45 21
409 A 639987 639528 90 35 121 139 0 0 0 74
410 T 618652 55 618363 135 18 0 30 0 0 51
411 G 624743 107 53 43 624420 0 0 0 35 85
412 A 608826 608574 56 33 77 29 0 0 0 57
413 T 603099 58 602750 91 13 0 60 0 0 127
414 C 547948 94 44 547731 18 0 0 42 0 19
415 T 539761 49 539197 354 57 0 47 0 0 57
416 G 523552 124 213 21 523103 0 0 0 34 57
417 G 525864 114 26 187 525454 0 0 0 59 24
418 C 513015 25 115 512703 40 0 0 33 0 99
419 A 509774 509520 46 13 80 51 0 0 0 64
420 T 499966 25 499753 119 12 0 39 0 0 18
421 T 495957 122 495674 97 9 0 21 0 0 34
422 C 496515 32 38 496276 108 0 0 45 0 16
423 C 494769 51 132 494452 51 0 0 22 0 61
424 A 494936 494742 32 12 84 29 0 0 0 37
425 A 492320 492167 40 8 58 15 0 0 0 32
426 T 487600 36 487409 102 14 0 18 0 0 21
427 T 487243 26 487095 73 14 0 17 0 0 18
428 T 480949 50 480702 79 15 0 58 0 0 45
429 G 483919 121 34 33 483643 0 0 0 32 56
430 A 474684 474466 40 19 111 28 0 0 0 20
431 A 474396 474104 112 24 71 50 0 0 0 35
432 T 484044 45 483665 84 102 0 49 0 0 99
433 G 460170 63 27 13 459999 0 0 0 38 30
434 A 501666 501386 47 8 82 45 0 0 0 98
435 T 499161 33 499001 70 16 0 22 0 0 19
436 A 499649 499188 43 21 201 92 0 0 0 104
437 C 528838 28 86 528526 56 0 0 78 0 64
438 A 503905 503444 70 54 151 137 0 1 0 48
439 A 594348 593878 53 31 124 112 0 0 0 150
440 C 600930 49 61 600653 33 0 0 81 0 53
441 A 604394 604040 38 32 80 149 0 0 0 55
442 T 622811 65 622419 98 10 0 111 0 0 108
443 A 531454 530770 55 19 67 135 0 0 0 408
444 C 550746 44 121 550507 28 0 0 23 0 23
445 C 553402 32 49 553181 23 0 0 57 0 60
446 A 548188 547810 48 19 181 81 0 0 1 48
447 G 568235 119 27 35 567913 0 0 0 81 60
448 A 512846 512582 32 19 128 56 0 0 0 29
449 G 562501 119 40 22 562226 0 0 0 34 60
450 G 558189 1222 18 18 556871 0 0 0 33 27
451 A 561589 561098 102 22 123 56 0 0 0 188
452 C 572212 81 74 571930 20 0 0 42 0 65
453 A 563090 562754 58 18 144 75 0 0 0 41
454 A 575578 575237 48 52 133 43 0 0 0 65
455 G 596604 107 28 12 596340 0 0 0 86 31
456 A 614318 614030 22 14 124 56 0 0 0 72
457 G 637986 97 75 39 637592 0 0 0 100 83
458 C 666349 31 51 666106 59 0 0 44 0 58
459 T 665570 143 665119 115 71 0 56 0 0 66
460 C 673981 421 233 673220 27 0 0 30 0 50
461 T 672123 61 671814 136 16 0 52 0 0 44
462 T 682615 358 681830 144 168 0 81 0 0 34
463 G 688948 119 39 25 688673 0 0 0 50 42
464 T 696568 52 696160 140 29 0 103 0 0 84
465 T 695824 92 695498 102 29 0 36 0 0 67
466 C 700017 83 191 699572 32 0 0 44 0 95
467 G 697022 259 44 48 696586 0 0 0 43 42
468 C 714962 88 205 714392 159 0 0 24 0 94
469 A 707691 706639 127 29 209 38 0 0 0 649
470 C 711627 52 1081 710371 37 0 1 40 0 45
471 C 705721 176 287 705088 97 0 0 31 0 42
472 G 720148 443 338 160 719038 0 0 0 81 88
473 G 728614 355 247 165 727729 0 0 0 17 101
474 C 759541 309 431 758545 128 0 0 73 0 55
475 A 763566 762898 116 267 163 61 0 0 0 61
476 T 805072 49 804594 143 53 0 134 0 0 99
477 G 804436 225 250 168 803593 0 0 0 125 75
478 G 846421 182 51 36 846014 0 0 0 60 78
479 A 887453 886913 80 33 186 91 0 0 0 150
480 T 904116 109 903477 230 37 0 77 0 0 186
481 C 844263 70 139 843752 102 0 0 110 0 90
482 C 801990 75 129 801473 93 0 1 141 0 78
483 C 752149 125 186 751520 160 0 0 118 0 40
484 A 763023 762305 115 172 289 78 0 0 0 64
485 G 802041 227 93 38 801490 0 0 0 118 75
486 G 776974 372 45 31 776367 0 0 0 71 88
487 A 739948 739122 284 61 289 64 0 0 0 128
488 T 660171 73 659651 184 186 0 26 1 0 50
489 G 674126 170 311 1725 671779 1 0 0 69 71
490 T 652942 102 651702 216 558 0 78 0 0 286
491 G 657320 227 154 557 656308 0 0 0 42 32
492 C 661279 102 125 660871 81 0 0 30 0 70
493 T 640618 57 639967 152 287 0 54 0 0 101
494 C 660833 44 61 660573 40 0 0 47 0 68
495 T 631165 73 630303 224 433 0 42 1 0 89
496 C 641073 112 204 640622 58 0 0 36 0 41
497 T 639240 147 638602 319 39 0 76 0 0 57
498 G 609926 145 83 15 609571 1 0 0 77 34
499 A 611769 611357 68 99 114 77 0 0 0 54
500 T 602490 51 602171 108 22 0 92 0 0 46
501 G 595798 172 87 49 595399 0 0 0 57 34
502 C 597629 42 231 597037 179 0 0 69 0 71
503 A 564575 563988 39 229 220 35 0 0 0 64
504 G 569780 125 87 25 569435 0 0 0 42 66
505 G 543276 65 48 24 543105 0 0 0 22 12
506 G 567315 96 34 57 567004 0 0 0 55 69
507 T 552840 50 551521 251 136 0 25 0 0 857
508 T 556591 109 556273 76 12 0 69 0 0 52
509 C 558913 26 195 558494 102 0 0 32 0 64
510 G 559186 194 130 77 558673 0 0 0 62 50
511 A 565884 564655 68 20 111 21 0 0 0 1009
512 C 562004 22 84 561807 15 0 0 21 0 55
513 T 547889 42 547491 202 48 0 33 0 0 73
514 C 611335 140 94 610705 273 0 0 52 0 71
515 T 624570 71 623775 446 58 0 78 0 0 142
516 C 793544 116 337 792755 137 0 0 125 0 74
517 C 782840 384 107 782134 133 0 0 24 0 58
518 C 780843 475 130 780006 25 0 1 164 0 42
519 T 776416 497 775523 248 43 0 61 0 0 44
520 A 846675 845925 67 43 192 287 0 0 0 161
521 G 807346 101 67 30 806978 0 0 0 116 54
522 G 785811 113 71 32 785454 1 0 0 52 88
523 A 724550 723879 56 313 169 21 0 0 0 112
524 G 731246 97 34 15 730929 0 0 0 61 110
525 G 702141 163 17 294 701472 0 0 0 59 136
526 T 690807 43 689850 109 20 0 47 0 0 738
527 C 684849 54 63 684599 27 0 0 67 0 39
528 T 699384 59 698758 427 28 0 51 0 0 61
529 G 699837 107 38 21 699494 0 0 0 134 43
530 G 702569 75 22 15 702376 0 0 0 25 56
531 A 700362 698240 39 7 1949 43 0 0 0 84
532 G 715274 121 92 44 714940 0 0 0 36 41
533 C 707999 138 88 707607 24 0 0 31 0 111
534 T 686729 35 686261 228 52 0 32 0 0 121
535 G 689201 305 69 28 688736 1 0 0 22 40
536 C 692189 36 167 691863 48 0 0 36 0 39
537 A 694423 693719 114 55 456 41 0 0 0 38
538 G 711111 65 50 19 710856 0 0 0 74 47
539 G 720277 63 20 16 719988 0 0 0 120 70
540 C 717042 47 193 716633 39 0 0 49 0 81
541 G 709593 213 557 48 708655 0 0 0 74 46
542 C 715278 52 546 714488 140 0 0 13 0 39
543 T 705040 154 704296 350 63 0 59 0 0 118
544 G 727253 305 71 32 726736 0 0 0 39 70
545 C 718044 43 412 717369 38 0 0 43 0 139
546 A 759504 758931 59 76 251 50 0 0 0 137
547 G 781947 176 37 68 781598 0 0 0 26 42
548 T 788934 98 788347 170 50 1 60 0 0 208
549 C 798456 120 161 798019 65 0 0 33 1 57
550 A 792939 792474 59 51 157 151 0 0 0 47
551 A 786594 786223 81 42 114 86 0 0 0 48
552 A 786687 785870 83 94 512 64 0 0 0 64
553 G 760932 134 66 56 760566 0 0 0 61 49
554 G 782535 170 57 64 782126 0 0 0 64 54
555 A 693936 693267 75 81 250 49 0 0 0 214
556 G 681349 260 54 207 680764 0 0 0 23 41
557 T 662489 209 661739 100 45 0 60 0 0 336
558 T 642945 128 642496 129 112 0 39 0 0 41
559 G 650929 130 103 60 650489 0 0 0 104 43
560 G 651967 127 31 185 651481 0 0 0 39 104
561 G 654420 2713 51 78 651458 0 0 0 75 45
562 A 637327 636795 77 46 146 84 0 1 0 178
563 C 566878 37 73 566536 74 0 0 118 0 40
564 A 498464 498060 64 50 94 96 0 0 0 100
565 A 406844 406357 124 211 101 16 0 0 0 35
566 T 409580 43 409379 62 54 0 16 0 0 26
567 G 420393 140 233 25 419949 0 0 0 22 24
568 G 427712 187 126 20 427310 0 0 0 33 36
569 T 390515 72 389006 321 253 0 49 0 0 814
570 G 390445 103 335 111 389845 0 0 0 36 15
571 A 386865 386624 43 20 108 36 0 0 0 34
572 T 386957 44 386721 51 27 0 67 0 0 47
573 G 380545 80 34 16 380320 0 0 0 62 33
574 G 353574 33 18 15 353450 0 0 0 27 31
575 A 420645 420270 25 5 152 79 0 0 1 113
576 G 440260 114 21 9 439984 0 0 0 86 46
577 T 430099 69 429689 61 60 0 22 0 0 198
578 T 490741 50 474178 16211 117 0 92 12 1 80
579 G 520292 156 127 49 519882 0 0 0 51 27
580 A 523841 523488 72 19 139 52 0 0 0 71
581 T 511246 57 511020 103 17 0 22 0 0 27
582 A 507627 507288 36 39 112 113 0 0 0 39
583 A 491770 491439 46 84 107 58 0 0 0 36
584 G 522153 98 56 34 521888 0 0 0 33 44
585 G 553265 102 30 74 552960 0 0 0 58 41
586 A 555377 555008 60 21 132 64 0 0 0 92
587 T 508990 48 508773 51 32 0 16 0 0 70
588 G 529953 124 44 23 529639 0 0 0 79 44
589 A 533831 533467 50 11 209 29 0 0 0 65
590 T 535551 51 535121 197 84 0 39 0 0 59
591 C 532584 42 131 532252 103 0 0 24 0 32
592 A 529031 528771 22 23 85 83 0 0 0 47
593 A 513874 513694 21 6 80 33 0 0 0 40
594 A 515763 515417 20 53 94 33 0 0 0 146
595 C 505414 41 102 505192 25 0 0 20 0 34
596 G 496860 111 29 26 496633 0 0 0 23 38
597 T 479274 55 478729 126 39 0 32 0 0 293
598 G 473315 119 22 15 473077 0 0 0 64 18
599 G 479661 57 36 48 479434 0 0 0 46 40
600 G 495043 131 77 29 494707 0 0 0 67 32
601 A 496891 496573 67 25 114 46 0 0 0 66
602 T 498023 43 497811 77 12 0 38 0 0 42
603 C 489175 57 69 488922 13 0 0 55 0 59
604 A 484205 483851 41 75 159 29 0 0 0 50
605 A 485972 485752 43 55 59 17 0 0 0 46
606 T 485040 41 484708 229 27 0 11 0 0 24
607 G 495882 61 33 10 495676 0 0 0 48 54
608 A 486924 486663 54 20 67 54 0 0 0 66
609 T 463677 42 463481 69 15 0 39 0 0 31
610 C 477683 80 113 477412 16 0 0 37 0 25
611 G 476195 153 48 46 475887 0 0 0 33 28
612 G 517825 91 49 76 517493 0 0 0 65 51
613 A 519116 518693 59 22 220 58 0 0 0 64
614 A 505324 504858 102 42 161 20 0 0 0 141
615 C 628468 44 108 628005 134 0 0 92 0 85
616 T 612641 34 612365 118 13 0 53 0 0 58
617 T 602524 30 602318 85 8 0 40 0 0 43
618 C 613993 35 52 613824 8 0 0 35 0 39
619 T 616238 56 615672 187 18 0 259 0 0 46
620 G 619329 103 46 27 619079 0 0 0 36 38
621 G 625271 122 38 20 624996 0 0 0 52 43
622 A 614038 613578 60 19 187 64 0 0 0 130
623 G 582946 87 39 17 582642 0 0 0 85 76
624 A 470424 470073 36 29 140 49 0 0 0 97
625 G 509724 51 99 7 509450 0 0 0 73 44
626 G 538923 131 23 15 538624 0 0 0 81 49
627 T 512402 121 509920 152 91 0 38 0 0 2080
628 G 508276 133 56 20 508012 0 0 0 14 41
629 A 506567 506212 50 32 139 86 0 0 0 48
630 A 510955 510710 63 10 116 29 0 0 0 27
631 A 514064 513527 103 64 274 36 0 0 0 60
632 A 509768 509270 114 115 203 33 0 0 0 33
633 T 494127 76 493663 163 106 0 39 0 0 80
634 G 467220 85 30 18 467056 0 0 1 15 15
635 G 466186 71 25 23 465989 0 0 0 59 19
636 A 466564 466088 48 66 235 25 0 0 0 102
637 C 457200 49 118 456922 28 0 0 51 0 32
638 G 454949 111 21 23 454722 0 0 0 45 27
639 A 455085 454898 21 19 107 26 0 0 0 14
640 A 459302 458968 37 60 138 60 0 0 0 39
641 A 460588 460310 57 59 110 24 0 0 0 28
642 A 458455 458189 30 98 72 28 0 0 0 38
643 A 456453 456118 91 104 58 24 0 0 0 58
644 C 450579 67 33 450351 8 0 0 29 0 91
645 A 448904 448646 28 102 94 15 0 0 0 19
646 A 446816 446563 43 10 139 47 0 0 0 14
647 G 457704 62 45 23 457498 0 0 0 42 34
648 G 436808 142 23 10 436546 0 0 0 57 30
649 A 416928 415728 545 127 458 30 0 0 1 39
650 G 424234 106 569 2205 421257 0 0 1 34 62
651 T 400774 158 398881 316 541 0 24 0 0 854
652 G 421137 175 30 25 420785 0 0 0 29 93
653 C 415804 27 30 415591 113 0 0 18 0 25
654 T 409947 17 409768 50 21 0 45 0 0 46
655 T 438307 27 438074 89 14 0 53 1 0 49
656 A 418929 418562 28 43 100 131 0 1 1 63
657 C 456974 30 117 456695 45 0 0 55 0 32
658 G 456378 79 22 11 456157 0 0 0 70 39
659 A 416145 415943 34 16 95 22 0 0 0 35
660 G 458334 37 28 10 458071 0 0 0 112 76
661 A 371136 370899 25 10 82 63 0 0 0 57
662 G 381465 54 17 14 381284 0 0 0 56 40
663 A 372137 371913 14 4 74 78 0 0 0 54
664 A 327855 327710 36 9 57 18 0 0 0 25
665 T 329873 48 329698 49 5 0 41 0 0 32
666 G 343939 80 15 25 343738 1 0 0 31 49
667 T 392181 61 391708 84 21 0 71 0 0 236
668 G 408404 78 45 11 408131 0 0 0 80 59
669 C 410513 19 742 409641 47 0 0 13 0 51
670 A 404736 404515 22 32 77 58 0 0 0 32
671 A 414741 414540 44 9 53 20 0 0 0 75
672 C 444409 20 36 444199 11 0 0 85 0 58
673 A 439907 439713 42 11 54 64 0 1 0 22
674 T 427565 24 427385 73 24 0 6 0 0 53
675 T 428051 29 427835 84 9 0 67 0 0 27
676 C 435469 25 44 435314 33 0 0 13 0 40
677 T 434408 37 434153 114 21 0 35 0 0 48
678 C 450537 70 59 450349 5 0 0 20 0 34
679 A 448347 448161 17 18 64 26 0 1 0 60
680 A 449584 449445 32 4 44 30 0 0 0 29
681 A 449090 448857 14 7 144 10 0 0 0 58
682 G 460493 43 40 16 460340 0 0 0 29 25
683 G 470041 64 20 42 469854 0 0 0 23 38
684 A 465556 465245 113 22 136 21 0 0 0 19
685 A 464089 463980 14 8 49 20 0 0 0 18
686 A 464442 464302 15 1 57 24 0 0 0 43
687 A 493189 492963 67 10 46 42 0 0 0 61
688 T 494981 48 494784 91 10 0 9 0 0 39
689 T 487495 15 486948 73 400 0 35 0 0 24
690 T 487595 41 487015 95 349 0 44 0 0 51
691 C 467853 48 75 467583 26 0 0 75 0 46
692 A 466307 465984 33 56 175 37 0 0 0 22
693 A 466250 465914 23 122 150 18 0 0 0 23
694 A 466857 466280 28 378 88 31 0 0 0 52
695 C 485970 334 70 485406 43 0 0 43 0 74
696 A 454621 454045 22 379 108 32 0 0 0 35
697 G 471908 106 24 2588 469046 0 0 0 70 74
698 C 477708 49 60 477468 20 0 0 68 0 43
699 T 442250 78 441477 182 354 0 92 0 0 67
700 G 471598 160 67 23 471163 0 0 0 102 83
701 C 404929 37 58 404629 96 0 0 76 0 33
702 A 407154 406719 87 22 143 18 0 0 0 165
703 C 401697 30 98 401471 28 0 0 20 0 50
704 A 400643 400297 31 86 99 91 0 0 0 39
705 A 399899 399627 48 39 97 41 0 0 0 47
706 A 387115 386766 93 28 157 38 0 0 0 33
707 G 427292 153 42 257 426715 0 0 0 57 68
708 G 428401 741 30 21 427507 0 0 0 34 68
709 G 404497 121 38 36 404224 0 0 0 41 37
710 C 401472 49 122 401065 164 0 0 36 0 36
711 A 395375 395022 55 52 99 112 0 0 0 35
712 A 426306 425867 85 83 131 70 0 0 0 70
713 T 405706 107 405356 117 58 0 36 0 0 32
714 G 407463 203 57 80 407069 0 0 0 28 26
715 A 382213 381920 57 35 150 17 0 0 0 34
716 T 397114 64 396752 69 51 0 95 0 0 83
717 G 395380 143 87 44 395040 0 0 0 42 24
718 G 433880 98 20 63 433587 0 0 0 60 52
719 A 433949 433675 43 50 98 26 0 0 0 57
720 T 426327 42 426042 73 50 0 40 0 0 80
721 C 409077 27 53 408906 47 0 0 22 0 22
722 A 411052 410754 42 39 128 65 0 0 0 24
723 A 463005 462703 34 11 120 74 0 0 0 63
724 G 468119 113 22 37 467875 0 0 0 48 24
725 T 468627 80 468112 92 29 0 36 0 0 278
726 G 473855 156 181 37 473412 0 0 0 40 29
727 A 464259 463864 74 104 128 57 0 0 0 32
728 G 480368 110 42 19 480119 0 0 0 33 45
729 A 478979 478601 41 28 199 30 0 0 0 80
730 G 482187 82 22 25 481974 0 0 0 45 39
731 A 473449 473163 35 49 105 40 0 0 0 57
732 A 460279 459873 34 80 228 44 0 0 0 20
733 A 488400 487806 10 10 494 41 0 0 0 39
734 G 497118 91 19 29 496908 0 0 0 38 33
735 T 496844 48 496161 97 176 0 32 0 0 330
736 C 484554 263 95 484098 18 0 0 13 0 67
737 G 480043 152 42 13 479739 0 1 0 57 39
738 G 485010 122 28 14 484788 1 0 0 24 33
739 A 482879 482630 70 22 102 31 0 0 0 24
740 A 487221 486620 31 92 192 11 0 0 0 275
741 C 495080 77 177 494711 29 0 0 33 0 53
742 C 535580 92 1103 534232 18 1 3 78 0 53
743 C 551473 60 68 550037 1199 0 1 81 0 27
744 A 549435 547842 1165 64 256 58 1 0 0 49
745 G 570242 70 54 14 569991 1 0 0 70 42
746 G 569130 76 20 14 568928 0 0 0 38 54
747 A 564276 563924 64 19 140 50 0 0 0 79
748 A 569913 569529 51 61 130 92 0 0 0 50
749 A 539261 538967 71 54 95 40 0 0 0 34
750 T 564522 65 564142 96 65 0 85 0 0 69
751 G 571551 167 48 28 571236 0 0 0 27 45
752 C 606447 66 186 606048 17 0 0 61 0 69
753 T 586492 61 586087 174 55 0 59 0 0 56
754 G 592431 81 26 12 592177 0 0 0 80 55
755 A 556826 556514 55 13 132 53 0 0 0 59
756 G 570301 65 16 12 570100 0 0 0 49 59
757 A 568058 567780 52 6 134 26 0 0 0 60
758 T 571110 46 570873 65 26 0 30 0 0 70
759 C 556718 56 214 556338 31 0 0 32 0 47
760 G 554291 161 31 25 553936 0 0 0 89 49
761 A 533544 533328 32 6 78 23 0 0 0 77
762 A 530123 529872 29 10 113 37 0 0 0 62
763 G 562436 37 25 12 562274 0 0 0 33 55
764 A 560906 560613 39 1 87 31 0 0 0 135
765 T 535299 38 535031 83 4 0 73 0 0 70
766 C 532450 117 148 532025 44 0 0 62 0 54
767 T 504751 377 504024 176 47 0 84 0 0 43
768 C 515749 358 229 515054 44 0 0 31 0 33
769 A 513770 512882 47 631 125 22 0 0 0 63
770 T 514675 55 514250 130 144 0 41 0 0 55
771 C 510048 41 461 509420 17 0 0 45 0 64
772 T 470888 30 470707 78 9 0 25 0 0 39
773 T 475839 21 475653 80 19 0 23 0 0 43
774 T 476212 28 475984 97 20 0 37 0 0 46
775 C 472242 79 295 470888 905 1 0 43 0 31
776 T 470540 102 470116 204 46 0 37 0 0 35
777 G 460264 158 853 128 459032 0 4 0 58 31
778 G 466446 141 32 24 466205 0 0 0 11 33
779 C 463470 44 156 463118 55 0 0 44 0 53
780 A 462125 461725 47 82 115 30 0 0 0 126
781 C 456805 22 147 456494 10 0 0 65 0 67
782 G 481948 130 30 9 481612 0 0 0 51 116
783 G 497431 111 21 11 497215 0 0 0 28 45
784 T 496302 62 495768 83 60 0 12 0 0 317
785 C 498532 38 57 498309 42 0 0 22 0 64
786 T 510909 58 509797 782 48 0 160 1 0 63
787 G 503214 6024 404 32 496618 3 3 0 91 39
788 C 517533 35 1110 516173 73 0 0 79 0 63
789 A 499299 498538 79 122 134 50 0 0 0 376
790 C 493003 55 102 492665 23 0 0 44 0 114
791 T 436781 80 436388 177 27 0 45 0 0 64
792 C 466429 561 118 465508 78 1 0 61 0 102
793 A 475572 474681 98 262 375 80 0 0 0 76
794 T 466594 71 465929 430 28 0 89 0 0 47
795 A 455334 454627 139 254 127 13 0 0 0 174
796 T 477723 93 477232 178 69 0 105 1 1 44
797 T 483321 65 482815 92 178 0 49 1 0 121
798 G 530622 133 70 160 530083 0 0 1 96 79
799 A 517808 517312 40 49 122 61 0 0 0 224
800 G 557574 72 24 22 557301 0 0 0 70 85
801 A 517847 515111 50 23 630 48 0 0 0 1985
802 G 529798 133 51 33 529525 0 0 0 33 23
803 G 568277 57 68 60 568018 0 0 0 44 30
804 G 577102 129 39 73 576687 0 0 0 21 153
805 T 591849 72 590914 103 32 0 50 0 0 678
806 C 596989 23 104 596579 21 0 0 47 0 215
807 A 592487 591721 76 27 188 81 0 0 0 394
808 G 613778 125 31 26 613001 0 0 0 32 563
809 T 612601 52 612368 82 17 0 10 0 0 72
810 T 610028 85 609652 123 18 0 17 0 0 133
811 G 619198 143 37 17 618613 0 0 0 28 360
812 C 609376 33 89 604883 4266 0 0 25 1 79
813 T 611172 29 605420 4442 25 0 28 0 0 1228
814 C 624006 25 94 623788 31 0 0 12 0 56
815 A 622323 621514 78 34 96 59 0 0 0 542
816 C 630799 45 89 627447 25 0 0 26 0 3167
817 A 623657 623403 62 22 79 42 0 0 0 49
818 A 634937 634675 43 16 66 47 0 0 0 90
819 A 634910 634059 80 16 400 22 0 0 0 333
820 T 632570 60 632126 93 11 0 47 0 0 233
821 C 627512 39 58 625377 39 0 0 36 0 1963
822 T 625328 60 624720 386 20 1 86 1 0 54
823 T 605957 588 604922 164 133 0 41 0 0 109
824 G 605919 236 100 421 604519 0 0 1 29 613
825 T 581320 528 580336 192 33 0 20 0 0 211
826 C 582830 71 324 582039 89 0 0 59 0 248
827 T 510921 74 508970 339 43 0 23 0 0 1472
828 G 511517 241 109 256 508103 0 0 2 40 2766
829 C 505393 82 608 504399 217 0 0 50 0 37
830 C 503775 57 83 503242 210 0 0 101 0 82
831 C 440081 77 4450 435275 173 0 0 38 0 68
832 G 409700 495 55 57 408934 0 0 1 19 139
833 C 420899 211 176 420422 55 0 0 16 0 19
834 C 419161 90 136 418770 41 0 0 25 0 99
835 T 401993 109 401080 361 347 0 35 0 0 61
836 G 400829 112 184 44 400390 0 1 0 49 49
837 T 388214 152 387413 128 215 0 66 0 0 240
838 G 418850 540 129 118 417885 0 0 0 61 117
839 T 377888 86 377488 74 36 0 54 0 0 150
840 G 408002 331 99 134 406872 0 1 0 106 459
841 T 320148 35 319881 88 20 0 42 0 0 82
842 A 319956 319271 53 24 62 81 0 0 0 465
843 T 315761 53 312879 114 51 0 36 0 1 2627
844 G 319693 117 74 99 319320 0 0 0 68 15
845 G 351715 140 94 90 350859 1 0 2 31 498
846 A 345623 257278 131 110 251 31 0 2 0 87820
847 C 343828 1577 3116 327182 11819 0 0 65 4 65
848 C 340447 35194 1268 293770 10128 8 1 49 3 26
849 T 322864 3411 279342 3052 36912 0 84 1 17 45
850 G 454911 203 140 4432 449917 1 0 3 122 93
851 C 454689 37 441 449825 4299 0 0 67 2 18
852 C 444170 93 255 439764 4014 0 0 8 0 36
853 G 436751 128 39 71 436446 0 0 0 32 35
854 T 432132 39 431794 123 37 0 85 0 0 54
855 A 440248 439971 33 52 134 32 0 0 0 26
856 G 454810 76 60 23 454598 0 0 0 22 31
857 C 453886 22 76 453750 17 0 0 11 0 10
858 C 467031 13 88 466797 29 0 0 16 0 88
859 A 529649 529283 41 82 98 62 0 0 0 83
860 G 536950 121 13 38 536705 0 0 0 52 21
861 T 537024 63 536718 58 27 0 48 0 0 110
862 G 584252 136 101 5 583883 0 0 0 57 70
863 G 583610 75 38 57 583369 0 0 0 48 23
864 C 589132 84 98 588837 49 0 0 33 0 31
865 T 585894 2643 574237 8567 372 0 38 0 0 37
866 A 588691 578166 7407 2469 459 92 7 7 0 84
867 C 583978 2120 5519 573971 2277 0 0 22 0 69
868 G 610390 128 103 593 609456 0 0 0 53 57
869 A 610493 609461 46 595 145 34 0 0 0 212
870 C 614337 30 141 613431 599 0 0 51 0 85
871 T 588242 1326 584953 499 1424 1 15 0 0 24
872 T 590239 442 582660 4734 2348 0 29 3 0 23
873 C 589106 262 570 587259 909 1 0 61 0 44
874 G 592415 174 94 2536 589543 0 0 0 31 37
875 A 592619 589501 1813 584 638 61 0 0 0 22
876 A 592682 589890 28 2147 582 17 0 0 0 18
877 A 593566 593410 12 16 86 13 0 0 0 29
878 A 595758 595536 33 9 96 22 0 0 0 62
879 A 592247 591620 24 24 472 23 0 0 0 84
880 G 595622 5998 16451 7677 565419 0 1 0 22 54
881 A 581562 561125 581 15705 4068 31 0 1 1 50
882 G 577286 7356 6109 14482 549238 0 3 5 52 41
883 G 574336 66 46 24 574139 0 0 0 29 32
884 G 568665 108 40 14 568408 0 0 0 70 25
885 A 549439 548919 55 15 236 61 1 0 0 152
886 T 539345 121 538902 154 12 0 66 0 0 90
887 A 478269 477088 63 40 97 53 0 0 0 928
888 C 479202 40 75 478966 40 0 0 34 0 47
889 T 455969 71 455673 86 12 0 47 0 0 80
890 C 476816 26 47 476646 17 0 0 32 0 48
891 T 485862 116 485367 113 119 0 81 0 0 66
892 T 477416 31 477188 71 5 0 79 0 0 42
893 T 465163 71 464882 60 33 0 76 0 0 41
894 A 445906 445510 49 8 205 77 0 0 0 57
895 G 456892 82 43 10 456686 0 0 0 43 28
896 T 436384 41 435895 70 35 0 17 0 0 326
897 G 428245 78 57 19 427994 0 0 0 66 31
898 G 430761 82 232 14 430252 0 0 0 114 67
899 G 424400 79 41 175 423984 0 0 0 43 78
900 A 487420 486877 238 31 140 57 0 0 0 77
901 A 494875 494297 81 216 200 53 0 0 0 28
902 T 495191 73 494611 81 332 0 37 0 0 57
903 A 487507 486471 430 156 226 178 0 0 0 46
904 G 493139 513 39 1739 490772 0 0 0 36 40
905 A 495734 492686 93 1721 248 33 0 0 0 953
906 C 505437 785 96 504339 154 0 0 25 0 38
907 C 497975 29 71 497741 15 0 0 24 0 95
908 C 517928 38 22 517743 39 0 0 53 0 33
909 T 517329 33 516849 266 132 0 20 0 0 29
910 T 524173 141 523775 72 61 0 67 0 0 57
911 T 502676 39 502382 199 14 0 17 0 0 25
912 C 503855 30 168 503474 31 0 0 121 0 31
913 A 502387 502042 113 48 111 21 0 0 0 52
914 A 505778 505446 69 42 137 46 0 0 0 38
915 A 510421 510022 64 115 126 26 0 0 0 68
916 C 510784 2010 169 507297 1218 0 0 23 0 67
917 T 497647 2364 481778 935 12502 1 19 0 1 47
918 G 505349 10911 794 1245 492327 0 0 1 32 39
919 C 509067 28 64 508759 124 0 0 28 0 64
920 T 509464 48 509193 119 66 0 8 0 0 30
921 T 509570 59 509212 144 110 0 14 0 0 31
922 C 515550 1357 986 512868 239 0 0 68 0 32
923 A 512294 507984 3979 133 97 53 0 0 0 48
924 A 514412 511282 716 2220 117 48 0 0 0 29
925 A 514296 498197 695 8647 6704 29 0 1 0 23
926 A 511245 494864 479 1281 14522 26 0 0 5 68
927 C 513484 3917 1148 498671 9691 0 0 26 3 28
928 A 500155 470923 27085 812 1226 30 3 0 0 76
929 G 571919 397 1619 260 569454 0 0 0 65 124
930 C 581894 358 4107 577022 319 0 1 54 0 33
931 C 596362 7114 1560 587471 78 0 0 71 0 68
932 A 591925 483231 44 6573 102007 33 0 0 6 31
933 A 592844 493425 7661 5567 85970 128 5 1 39 48
934 G 659981 262 116 62 659360 0 0 0 76 105
935 T 678593 184 677573 130 107 0 114 0 0 485
936 A 663563 662936 145 174 203 48 0 0 0 57
937 T 653532 42 652998 131 124 0 87 0 0 150
938 A 596873 596276 54 30 241 137 0 0 0 135
939 C 590480 53 259 589950 83 0 0 56 0 79
940 A 573233 572449 56 43 553 51 0 0 0 81
941 G 655822 128 145 58 655365 0 0 0 70 56
942 C 663649 33 148 663015 282 0 0 69 0 102
943 C 599543 88 141 599106 147 0 0 32 0 29
944 T 665599 92 664854 236 164 0 166 0 0 87
945 A 697497 696555 278 127 271 186 0 0 1 79
946 A 701415 700666 437 75 128 51 0 0 0 58
947 T 710023 78 709576 126 77 0 69 0 0 97
948 C 656927 53 146 656305 331 0 0 43 0 49
949 A 620117 618394 28 1358 217 45 0 0 0 75
950 G 627667 74 27 15 627470 0 0 0 38 43
951 A 628414 627902 47 17 160 13 0 0 0 275
952 C 640032 140 1238 638349 179 0 0 93 0 33
953 C 631725 67 444 631011 104 0 0 39 0 60
954 G 636588 390 171 1182 634690 0 0 0 103 52
955 A 652832 652182 48 316 195 41 0 0 0 50
956 A 662410 661407 150 101 607 47 0 0 0 98
957 C 667587 200 293 666808 205 0 0 48 0 33
958 G 667910 102 42 23 667643 0 0 0 31 69
959 A 686911 686506 72 17 147 97 0 0 0 72
960 G 692113 109 41 22 691862 0 0 0 22 57
961 A 703653 699234 80 4107 130 48 0 1 0 53
962 A 729898 725335 113 26 4331 45 0 0 0 48
963 T 726768 127 722016 4243 186 0 22 1 0 173
964 C 721859 70 60 721607 41 0 0 59 0 22
965 C 726158 51 106 725897 38 0 0 25 0 41
966 A 710073 709298 82 75 370 108 0 0 0 140
967 G 731775 280 192 532 730649 0 0 0 53 69
968 C 723184 138 732 722093 150 0 0 39 0 32
969 A 759589 758165 593 196 257 78 0 0 0 300
970 C 788966 42 213 788504 32 0 0 78 0 97
971 A 759712 759027 122 139 103 89 0 1 0 231
972 C 772161 66 86 771917 29 0 0 31 0 32
973 A 764379 763969 23 27 203 120 0 0 0 37
974 A 771371 770952 37 12 231 71 0 0 0 68
975 G 779982 161 31 17 779577 0 0 0 46 150
976 A 729042 728662 45 74 117 79 0 1 0 64
977 G 735290 103 20 25 734933 0 0 0 133 76
978 T 602526 61 601490 94 21 0 80 0 0 780
979 C 632019 45 76 631670 29 0 0 116 0 83
980 A 605069 604725 26 21 159 74 0 0 0 64
981 G 605601 258 18 20 605188 0 0 0 82 35
982 C 605507 52 168 604938 160 0 0 101 0 88
983 T 530123 32 529831 101 62 0 48 0 0 49
984 G 568383 176 74 60 567931 0 0 0 77 65
985 G 579777 249 46 440 578966 0 0 0 44 32
986 T 574153 70 573207 88 75 0 49 0 0 664
987 G 657821 729 119 98 656708 0 0 0 93 74
988 T 641956 47 641180 87 177 0 152 0 0 313
989 G 644721 250 63 55 644176 0 0 0 97 80
990 G 583881 105 143 31 583557 0 0 0 26 19
991 A 579908 579507 68 45 142 47 0 0 0 99
992 T 587585 48 587170 102 63 0 70 0 0 132
993 G 569818 132 67 63 569436 0 0 0 65 55
994 G 566947 348 43 36 566434 0 0 0 49 37
995 C 571372 63 151 570997 61 0 0 30 0 70
996 A 577196 576725 48 37 285 33 0 0 0 68
997 T 596347 67 592884 146 3147 0 48 0 0 55
998 G 599896 181 55 82 599413 0 0 0 64 101
999 C 610659 3084 278 607132 69 0 0 26 0 70
1000 C 608921 69 114 608592 37 0 0 73 0 36
1001 A 606993 606714 57 26 80 17 0 0 0 99
1002 T 608085 49 607819 102 17 0 56 0 0 42
1003 T 589763 45 589497 77 21 0 76 0 0 47
1004 C 583175 53 63 582923 40 0 0 41 0 55
1005 T 559436 57 559044 125 123 0 48 0 0 39
1006 G 561605 161 54 76 561221 0 0 0 24 69
1007 C 575915 45 139 575512 107 0 0 66 0 46
1008 T 524872 120 524323 212 131 0 43 1 0 42
1009 G 530276 109 47 44 529987 0 0 0 46 43
1010 C 491839 30 82 491515 116 0 0 53 0 43
1011 A 487837 487570 39 35 129 27 0 0 0 37
1012 T 502029 84 501706 92 41 0 64 0 0 42
1013 T 492734 44 492447 97 43 0 38 0 0 65
1014 T 493227 71 492808 183 67 0 50 0 0 48
1015 G 491171 50 31 14 491018 0 0 0 32 26
1016 A 481367 481133 46 9 113 29 0 0 0 37
1017 A 481800 481486 62 19 155 38 0 0 0 40
1018 G 469535 141 29 12 469273 0 0 0 36 44
1019 A 492217 491814 55 37 158 45 0 0 0 108
1020 T 495198 35 494952 135 11 0 22 0 0 43
1021 C 486372 44 48 486149 75 0 0 37 0 19
1022 T 488655 34 488392 135 9 0 51 0 0 34
1023 A 475400 475082 70 29 79 105 0 0 0 35
1024 A 474865 474471 50 146 135 39 0 0 0 24
1025 G 479243 77 135 14 478962 0 0 0 21 34
1026 A 467327 466902 60 46 243 18 0 0 0 58
1027 G 503805 76 25 18 503528 0 0 0 53 105
1028 T 421501 26 420375 57 14 0 13 0 0 1016
1029 A 415566 415400 35 7 68 24 0 0 0 32
1030 T 408572 38 408416 64 8 0 23 0 0 23
1031 T 405057 48 404787 54 7 1 113 0 0 47
1032 A 415855 415556 69 10 110 62 0 0 0 48
1033 A 377228 377013 26 17 99 35 0 0 0 38
1034 G 366958 71 44 24 366761 0 0 0 35 23
1035 C 368542 23 67 368285 38 0 0 60 0 69
1036 T 318145 23 317982 63 38 0 19 0 0 20
1037 T 372216 51 371881 97 42 0 81 0 0 64
1038 C 377444 51 63 377207 42 0 0 56 0 25
1039 A 388777 388502 100 36 62 37 0 0 0 40
1040 T 389606 41 389383 107 21 0 20 0 0 34
1041 C 383713 23 71 383472 55 0 0 66 0 26
1042 A 383103 382861 31 9 102 52 0 0 0 48
1043 G 375145 58 18 11 374986 0 0 0 49 23
1044 A 376745 376398 29 13 210 46 0 0 0 49
1045 G 373790 56 27 14 373634 0 0 0 15 44
1046 G 396023 42 351 14 395549 0 0 0 33 34
1047 G 474711 272 25 27 474216 0 0 0 81 90
1048 A 475490 474433 433 77 142 63 1 0 0 341
1049 C 481896 46 368 481278 127 0 0 42 0 35
1050 C 470816 101 500 470084 40 0 0 62 0 29
1051 A 478435 478166 28 39 64 92 0 0 0 46
1052 A 513639 513448 28 5 80 37 0 0 0 41
1053 A 512373 512106 27 29 157 18 0 0 0 36
1054 G 523413 79 27 9 523238 0 0 0 13 47
1055 T 515508 43 514922 86 24 0 25 0 0 408
1056 A 518410 518073 54 9 100 77 0 0 0 97
1057 T 523717 70 518399 5021 40 0 45 1 0 141
1058 C 527793 27 162 523142 4373 0 0 57 1 31
1059 C 524497 4375 104 519936 23 2 0 23 0 34
1060 C 518266 52 51 517697 337 0 0 81 0 48
1061 C 491994 84 65 491754 35 0 0 29 0 27
1062 A 488032 487415 33 38 412 89 0 0 0 45
1063 A 479879 479669 26 4 118 27 0 0 0 35
1064 G 485225 90 64 7 485006 0 0 0 18 40
1065 G 473958 50 32 7 473832 0 0 0 11 26
1066 G 470323 53 35 14 470106 0 0 0 48 67
1067 G 441510 40 19 16 441352 0 0 0 35 48
1068 G 423073 156 12 12 422815 0 0 0 46 32
1069 A 420127 419939 28 5 99 27 0 0 0 29
1070 A 432565 432392 14 7 78 49 0 0 0 25
1071 A 434963 434668 36 72 55 43 0 0 0 89
1072 C 446058 67 53 445831 12 0 0 52 0 43
1073 T 427785 8 427577 147 14 0 16 0 0 23
1074 T 429358 35 429180 79 14 0 32 0 0 18
1075 T 439892 114 439144 480 17 0 53 0 0 84
1076 C 415886 323 44 415338 81 0 0 43 0 57
1077 C 442572 116 341 441790 259 0 0 35 0 31
1078 A 488611 488116 44 41 144 61 0 0 0 205
1079 C 502037 33 136 501731 40 0 0 65 0 32
1080 T 503115 62 502826 94 53 0 32 0 0 48
1081 A 486256 485938 42 43 80 110 0 0 0 43
1082 G 495774 63 19 16 495597 0 0 0 40 39
1083 A 498522 498184 21 19 185 57 0 0 0 56
1084 G 504331 52 33 14 504138 0 0 0 52 42
1085 G 527039 41 26 20 526793 0 0 0 89 70
1086 A 457186 456637 247 12 148 59 0 0 0 83
1087 G 516745 100 21 13 516471 0 0 0 60 80
1088 T 510113 42 508279 645 51 0 62 0 2 1032
1089 A 511918 510916 594 41 162 51 0 0 0 154
1090 C 518389 80 66 518068 86 0 0 37 0 52
1091 A 497940 497553 98 32 107 132 0 0 0 18
1092 A 497920 497588 134 15 110 36 0 0 0 37
1093 A 543980 542867 67 820 61 85 0 0 0 80
1094 T 531925 47 531622 93 27 0 88 0 0 48
1095 T 506962 493 505908 87 294 0 74 0 0 106
1096 G 447194 107 42 19 446971 0 0 0 15 40
1097 C 439336 15 29 439172 72 0 0 12 0 36
1098 T 438422 11 438091 226 37 0 25 0 0 32
1099 T 437772 1500 436132 66 15 1 17 1 0 40
1100 C 436074 35 42 435853 80 0 0 43 0 21
1101 A 430648 430379 55 26 119 40 0 0 0 29
1102 A 438017 437785 28 49 95 30 0 0 0 30
1103 A 440274 439907 27 140 132 40 0 0 0 28
1104 T 442333 50 441942 108 166 0 17 0 0 50
1105 G 439578 69 27 10 439422 0 0 0 18 32
1106 A 436095 435894 39 18 70 30 0 0 0 44
1107 A 441997 441837 23 17 73 24 0 0 0 23
1108 A 443764 443491 32 89 93 28 0 0 0 31
1109 A 445997 445685 57 96 81 12 0 0 0 66
1110 C 465481 58 56 465286 20 0 0 30 0 31
1111 A 461675 461331 98 16 159 42 0 0 0 29
1112 T 481172 35 480801 120 72 0 68 0 0 76
1113 G 467320 175 85 48 466954 0 0 0 37 21
1114 G 464857 80 33 13 464658 0 0 0 52 21
1115 A 479390 479160 26 9 80 21 0 0 0 94
1116 T 474131 58 473888 77 18 0 22 0 0 68
1117 G 479066 212 174 34 478601 0 0 0 22 23
1118 C 550910 125 254 550283 72 0 0 81 0 95
1119 T 531147 13 530494 256 257 0 88 1 0 38
1120 A 532544 532083 80 118 163 54 0 0 0 46
1121 T 511235 112 510874 79 104 0 35 0 0 31
1122 G 521554 333 122 40 520840 0 1 0 170 48
1123 G 524516 74 35 60 524253 0 0 0 34 60
1124 A 494005 493688 58 22 121 71 0 0 0 45
1125 A 495504 495218 44 42 82 61 0 0 0 57
1126 T 444704 107 444138 73 211 0 55 0 0 120
1127 C 411720 91 55 411263 212 0 0 61 0 38
1128 A 405469 404952 139 20 291 33 0 0 0 34
1129 A 400927 400545 66 129 126 44 0 0 0 17
1130 G 404762 76 153 76 404379 0 0 0 43 35
1131 T 384152 89 383575 124 126 0 33 2 0 203
1132 A 376474 375257 29 21 107 44 0 0 0 1016
1133 C 410344 21 60 410108 37 0 0 65 0 53
1134 T 392376 39 392130 108 11 0 50 0 0 38
1135 C 404918 44 146 404541 53 0 0 82 0 52
1136 T 362150 31 361878 88 101 0 21 0 0 31
1137 T 364195 34 363896 120 28 0 83 0 0 34
1138 G 369511 64 10 8 369387 0 0 0 13 29
1139 A 381385 381171 41 11 73 36 0 0 0 53
1140 A 384224 384046 30 12 58 21 0 0 0 57
1141 C 386339 1287 57 384868 32 0 0 35 0 60
1142 T 372281 73 370804 1319 22 0 32 0 0 31
1143 G 385335 1242 41 140 383853 0 0 0 36 23
1144 A 392490 392217 19 53 129 30 0 0 0 42
1145 G 399786 37 14 7 399671 0 0 0 26 31
1146 A 398724 398449 30 59 130 8 0 0 0 48
1147 A 447329 446714 39 66 375 47 0 0 0 88
1148 G 456072 161 119 381 455340 0 0 0 37 34
1149 C 491464 239 158 490653 304 0 0 64 0 46
1150 A 488689 487928 124 292 249 49 0 0 1 46
1151 G 492048 357 78 50 491440 0 0 0 85 38
1152 G 569059 147 303 74 568382 0 0 0 79 74
1153 T 568158 108 566705 175 414 0 36 0 1 719
1154 A 573953 573102 422 51 171 27 0 0 0 180
1155 C 589440 52 108 588713 431 0 1 69 1 65
1156 T 552542 48 552043 154 43 0 208 0 0 46
1157 G 572319 100 77 24 572037 0 0 0 40 41
1158 G 582332 80 53 42 582023 0 0 0 74 60
1159 G 571287 94 62 39 571029 0 0 0 11 52
1160 C 612093 30 132 611628 63 0 0 86 0 154
1161 C 550454 42 90 549873 357 0 0 68 0 24
1162 A 568844 568516 67 26 86 73 0 0 0 76
1163 T 569465 58 569201 102 14 0 52 0 0 38
1164 A 563507 563207 36 62 155 26 0 0 0 21
1165 A 579554 578720 78 14 671 37 0 0 0 34
1166 G 568983 114 18 551 568153 0 0 0 68 79
1167 A 549517 549308 34 5 86 21 0 0 0 63
1168 A 546650 546105 56 113 78 23 0 0 0 275
1169 C 545893 35 39 545735 46 0 0 20 0 18
1170 C 569500 67 52 568875 387 0 0 73 0 46
1171 A 553939 553456 43 175 143 74 0 0 0 48
1172 G 566425 77 65 17 566153 0 0 0 72 41
1173 A 567023 566599 97 85 159 36 0 0 0 47
1174 A 561741 561421 94 49 112 34 0 0 0 31
1175 G 577140 74 23 116 576818 0 0 0 72 37
1176 T 544341 71 543376 54 98 0 56 0 0 686
1177 G 548350 86 33 33 548127 0 0 0 45 26
1178 G 558523 41 30 24 558382 0 0 0 28 18
1179 A 558848 558441 67 14 195 34 0 0 0 97
1180 G 569047 77 40 16 568825 0 0 0 60 29
1181 G 568333 84 30 24 568067 0 0 0 72 56
1182 A 540454 540119 63 6 164 51 0 0 0 51
1183 A 539714 539383 89 28 121 56 0 0 0 37
1184 A 540523 540118 37 122 122 25 0 1 0 98
1185 C 553584 63 100 553307 36 0 0 51 0 27
1186 A 552459 550113 382 721 826 29 0 1 0 387
1187 C 584402 181 468 583098 564 0 0 41 0 50
1188 T 566963 550 565278 585 429 0 66 0 0 55
1189 A 609831 608935 118 103 549 54 0 0 0 72
1190 A 637964 636883 157 581 247 46 0 0 0 50
1191 T 634337 146 633149 706 103 0 122 0 0 111
1192 C 641949 2056 296 639446 56 0 0 42 0 53
1193 A 618214 615913 365 50 1703 143 0 0 1 39
1194 A 623624 620399 699 587 1802 49 0 0 0 88
1195 C 633727 269 224 632786 255 0 0 99 0 94
1196 A 552907 551964 98 399 336 65 0 0 0 45
1197 G 551975 242 167 1094 550392 0 0 0 35 45
1198 A 504675 504235 48 71 219 63 0 0 0 39
1199 G 517057 116 45 41 516757 0 0 0 57 41
1200 G 546851 146 40 23 546417 0 1 0 100 124
1201 G 484596 14528 49 300 469648 3 0 0 33 35
1202 C 493245 130 90 478125 14805 0 0 26 0 69
1203 C 499043 103 84 485475 13314 0 0 39 3 25
1204 T 495984 213 495032 494 61 0 90 0 0 94
1205 C 521806 282 44 521059 295 0 0 68 0 58
1206 T 506134 176 505213 327 304 0 54 0 1 59
1207 G 508215 212 40 76 507798 0 0 0 37 52
1208 C 503545 72 194 503130 70 0 0 30 0 49
1209 A 481806 481335 77 42 232 59 0 0 0 61
1210 G 514869 61 469 11 514229 0 0 0 35 64
1211 G 513437 77 469 96 512734 0 0 0 27 34
1212 T 518290 226 516575 174 639 0 57 0 0 619
1213 C 518949 34 78 518730 24 0 0 29 0 54
1214 A 504516 504233 30 41 71 100 0 0 0 41
1215 A 535455 535219 45 9 69 66 0 0 0 47
1216 A 524177 523941 52 21 86 48 0 0 0 29
1217 T 529858 34 529624 122 9 0 17 0 0 52
1218 C 528270 51 74 528010 19 0 0 47 0 69
1219 A 493828 493491 26 10 205 44 0 0 0 52
1220 G 526891 58 18 13 526715 0 0 0 40 47
1221 T 511113 57 510668 121 14 0 31 0 0 222
1222 G 515588 107 38 8 515351 0 0 0 31 53
1223 T 508580 56 508107 119 14 0 42 0 0 242
1224 G 493886 251 36 29 493462 0 0 0 68 40
1225 C 506507 169 468 505210 503 0 2 106 0 49
1226 A 500868 499841 343 334 254 46 0 0 0 50
1227 A 509866 508567 265 379 337 41 0 0 0 277
1228 C 511090 23 90 510697 184 0 0 33 0 63
1229 C 508439 73 31 508237 24 1 0 39 0 34
1230 T 466337 108 465624 303 194 0 47 0 0 61
1231 G 484053 317 96 21 483522 0 0 0 64 33
1232 C 523049 35 458 522375 67 0 0 66 0 48
1233 A 514789 514350 101 123 103 55 0 0 1 56
1234 T 521257 93 520911 74 34 0 74 1 0 70
1235 T 517686 17 517477 52 24 0 83 0 0 33
1236 T 493577 28 493371 89 13 0 44 0 0 32
1237 T 493709 104 493363 90 57 0 37 0 0 58
1238 C 466359 26 54 466136 98 0 0 30 0 15
1239 T 429058 120 428640 122 59 0 35 0 0 82
1240 G 463058 142 20 97 462703 0 0 0 47 49
1241 T 449093 62 448737 115 63 0 20 0 0 96
1242 G 459555 267 140 48 459027 0 1 0 37 35
1243 C 465303 244 368 463425 1187 0 0 33 0 46
1244 A 458063 454123 2575 116 1129 72 3 0 1 44
1245 A 469248 465999 1888 483 809 36 0 0 1 32
1246 A 465413 465043 25 118 163 27 0 1 0 36
1247 G 478870 97 16 31 478627 0 0 0 57 42
1248 A 469632 469286 33 12 202 44 0 0 0 55
1249 A 427846 427056 16 392 310 23 0 0 0 49
1250 A 456045 453745 225 415 779 32 0 0 0 849
1251 C 461144 542 296 459660 522 0 0 71 1 52
1252 C 485471 23 83 484851 415 0 0 68 2 29
1253 T 485246 42 484786 149 98 0 61 0 0 110
1254 C 482524 38 77 481971 396 0 0 33 0 9
1255 C 512376 66 81 512073 36 0 0 73 0 47
1256 C 502350 58 85 502119 37 0 0 30 0 21
1257 A 508803 508540 64 62 57 42 0 0 0 38
1258 T 512480 155 511476 494 244 0 50 2 1 58
1259 T 489291 274 488655 176 71 2 68 0 0 45
1260 T 495527 115 494593 498 234 0 23 0 0 64
1261 G 493791 1792 150 4868 486939 0 1 3 8 30
1262 A 500811 499019 1087 235 342 35 0 0 0 93
1263 C 498747 251 260 497496 655 0 0 50 0 35
1264 A 474839 472640 182 822 1106 47 0 0 1 41
1265 A 490835 488674 142 33 1916 40 0 0 0 30
1266 A 493153 491077 594 224 1075 19 0 0 0 164
1267 C 511921 822 266 509852 913 1 1 47 0 19
1268 C 506305 1223 199 498931 5846 2 0 52 2 50
1269 A 468102 461451 2095 2885 1550 59 1 1 0 60
1270 A 483841 482785 559 83 117 59 0 0 0 238
1271 C 480470 90 622 479591 71 0 0 61 0 35
1272 C 505223 528 94 504340 168 0 0 41 0 52
1273 A 499734 496675 97 25 2841 46 0 0 0 50
1274 T 499983 72 499543 108 83 0 52 0 0 125
1275 C 497466 2693 98 494505 57 2 0 64 0 47
1276 A 477837 474957 72 2546 121 91 0 0 0 50
1277 T 485026 42 484161 250 465 0 49 0 0 59
1278 G 465645 126 385 203 464834 0 0 0 57 40
1279 G 460698 652 276 57 459624 0 0 0 55 34
1280 C 429715 49 316 429018 250 0 1 33 0 48
1281 A 404713 403546 590 39 465 25 1 0 0 47
1282 G 414688 441 36 95 414062 0 0 0 21 33
1283 C 406896 101 101 406569 51 0 0 35 0 39
1284 A 402751 402206 133 265 107 7 0 0 0 33
1285 T 405700 49 405509 73 18 0 24 0 0 27
1286 T 397402 201 397052 57 45 0 16 0 0 31
1287 C 401759 49 120 401447 45 0 0 44 0 54
1288 A 397261 389456 6986 300 308 48 0 0 0 163
1289 C 378484 45 107 377819 459 0 0 33 0 21
1290 T 381055 149 373417 7201 190 0 40 2 0 56
1291 G 428969 105 179 172 428384 1 0 0 82 46
1292 G 441141 215 116 136 440556 1 0 0 56 61
1293 G 449528 173 98 200 448981 0 0 1 35 40
1294 A 436241 381505 170 54071 383 40 0 6 0 66
1295 A 446244 391655 53859 206 400 73 13 0 0 38
1296 T 423021 172 422043 625 59 0 86 0 0 36
1297 A 459609 458431 186 652 157 63 0 0 0 120
1298 C 502080 68 1151 500633 100 0 0 96 0 32
1299 A 472159 471020 518 58 414 56 0 0 1 92
1300 G 477728 79 454 40 477064 0 0 0 47 44
1301 A 453257 452374 75 500 195 36 0 0 0 77
1302 G 482133 183 552 15 481292 0 0 0 48 43
1303 G 476309 99 36 25 476106 0 0 0 19 24
1304 G 477704 159 42 21 477406 0 0 0 40 36
1305 A 476804 476309 77 32 329 15 0 0 0 42
1306 A 469216 468872 41 27 181 65 0 0 0 30
1307 G 478310 123 43 25 477918 0 0 0 23 178
1308 A 476744 476348 46 29 235 36 0 0 0 50
1309 A 490872 490458 83 27 187 26 0 0 0 91
1310 C 523392 194 44 522975 62 0 0 51 0 66
1311 A 505006 504592 180 61 102 39 0 0 0 32
1312 T 513880 82 512576 131 968 0 35 0 0 88
1313 C 502353 58 63 501405 760 0 0 41 0 26
1314 A 498138 496910 235 156 712 80 0 0 0 45
1315 G 507317 111 22 38 507048 0 0 0 61 37
1316 A 495560 495206 47 7 90 64 0 0 0 146
1317 C 501154 48 69 500924 34 0 0 28 0 51
1318 A 493347 492621 124 59 448 26 0 0 0 69
1319 T 476379 229 475731 258 106 0 20 0 0 35
1320 G 482836 253 284 218 481995 0 0 0 33 53
1321 A 467022 466770 32 19 122 37 0 0 0 42
1322 G 473824 63 48 10 473628 0 0 0 36 39
1323 G 478055 69 135 17 477761 0 0 0 39 34
1324 G 471511 348 178 803 470134 0 0 0 22 26
1325 C 471962 152 1218 470283 202 0 0 37 0 70
1326 A 464857 463237 858 314 371 41 0 0 0 36
1327 G 475063 55 17 45 474885 0 0 0 24 37
1328 A 476587 476386 32 18 86 20 0 0 0 45
1329 A 483792 483502 26 3 198 24 0 0 0 39
1330 A 499270 497540 1401 47 188 36 0 0 0 58
1331 T 504156 90 502395 143 1407 0 40 0 1 80
1332 T 537968 111 537381 121 252 0 64 0 0 39
1333 A 543212 542405 122 34 538 79 0 0 0 34
1334 T 536506 99 535762 499 66 0 60 0 0 20
1335 A 535692 534807 97 57 572 128 0 0 0 31
1336 A 517174 512747 1185 496 2679 27 0 0 0 40
1337 G 550274 509 2890 573 546182 0 4 0 54 62
1338 G 562808 1766 275 791 559826 0 0 0 88 62
1339 A 580644 579320 148 193 719 118 0 0 0 146
1340 T 489854 111 488797 232 595 0 59 0 0 60
1341 G 490806 194 134 187 490177 0 0 0 72 42
1342 A 481834 481403 68 66 149 105 0 0 0 43
1343 T 485887 81 485616 83 33 1 29 0 0 44
1344 G 478872 119 91 22 478599 0 0 0 26 15
1345 G 485640 99 53 145 485226 0 0 0 81 36
1346 A 461180 460729 148 51 156 29 0 0 0 67
1347 A 474205 473725 46 68 266 41 0 0 0 59
1348 G 480303 138 124 34 479922 0 0 0 55 30
1349 G 548927 128 84 45 548527 0 0 0 71 72
1350 T 532683 256 531165 187 158 1 21 0 0 895
1351 G 523995 610 112 2368 520830 0 0 0 13 62
1352 C 523877 895 2473 519444 1000 0 1 33 0 31
1353 A 516062 513524 893 782 754 92 1 0 0 16
1354 A 516973 516697 28 91 100 44 0 0 0 13
1355 A 524890 524385 270 34 131 47 0 0 0 23
1356 A 544879 544288 74 146 126 50 0 0 0 195
1357 C 553783 108 365 553066 110 0 0 65 0 69
1358 C 535106 49 72 533013 1887 0 0 33 1 51
1359 A 514738 512559 150 44 1929 19 0 0 0 37
1360 G 535536 185 242 132 534888 0 0 0 56 33
1361 A 531901 531221 257 9 345 45 0 0 0 24
1362 A 552409 551626 169 302 222 59 0 0 0 31
1363 G 574028 145 89 62 573624 0 1 0 63 44
1364 A 572241 571459 176 196 291 74 0 1 0 44
1365 A 567013 566256 175 244 286 25 0 1 0 26
1366 A 571789 570735 472 276 199 20 0 0 0 87
1367 T 575403 1221 571610 194 2262 1 48 0 1 66
1368 G 583753 558 138 234 582763 0 0 0 15 45
1369 T 573115 95 572606 144 135 0 29 0 0 106
1370 C 587227 149 132 586821 29 0 0 48 0 48
1371 C 591354 138 294 590750 64 0 0 59 0 49
1372 T 619807 198 619275 149 19 1 83 0 0 82
1373 T 627639 153 627233 149 31 0 29 0 0 44
1374 C 633934 63 258 633489 31 0 0 74 0 19
1375 C 631497 4405 326 607168 19542 2 0 19 7 28
1376 A 633822 607318 238 539 25542 114 0 0 12 59
1377 G 637225 4139 454 610 631956 1 0 0 34 31
1378 G 640538 417 1002 183 638837 0 0 0 57 42
1379 G 645225 376 949 56 643696 0 1 0 77 70
1380 G 611371 435 36 74 610756 0 0 0 40 30
1381 C 554841 75 233 554162 275 0 0 43 1 52
1382 G 551068 234 116 231 550444 0 0 0 23 20
1383 G 567986 215 119 52 567460 1 0 0 99 40
1384 G 567080 76 49 27 566834 0 0 0 36 58
1385 G 575577 217 19 35 575134 0 0 0 83 89
1386 A 543220 529326 40 26 311 58 0 0 0 13459
1387 G 550193 174 92 9 549752 0 0 0 64 102
1388 T 529001 23 514753 117 88 0 31 0 1 13988
1389 C 539678 99 278 539023 82 0 1 47 0 148
1390 T 526113 149 525432 103 323 0 22 0 0 84
1391 T 526228 29 525843 218 16 0 94 0 0 28
1392 C 526284 37 156 525408 150 0 1 21 0 511
1393 G 591597 118 24 20 590869 0 0 0 106 460
1394 A 583971 582660 25 14 163 78 0 0 0 1031
1395 G 594722 56 34 20 594448 0 0 0 45 119
1396 C 548814 424 326 547508 314 0 0 39 0 203
1397 T 538591 1169 536513 361 152 0 46 0 0 350
1398 C 523260 293 1065 521385 433 0 0 28 0 56
1399 T 520302 152 519824 174 49 0 44 0 0 59
1400 C 524001 74 251 523480 118 0 0 34 0 44
1401 G 526744 131 115 76 526306 0 0 0 39 77
1402 G 571807 113 27 10 571516 0 0 0 72 69
1403 A 607734 606435 35 44 191 76 0 0 0 953
1404 C 625535 72 128 625109 48 0 0 82 0 96
1405 G 643486 365 120 369 642522 0 0 1 51 58
1406 A 685783 685020 200 15 231 166 0 0 0 151
1407 A 676347 675814 76 43 359 18 0 0 0 37
1408 A 679787 679423 40 34 176 63 0 0 0 51
1409 G 692696 118 66 12 692217 0 0 0 25 258
1410 G 694748 114 23 16 694426 0 0 0 116 53
1411 G 659298 140 28 29 659020 0 0 0 28 53
1412 C 659352 38 249 658736 64 0 0 65 0 200
1413 A 644478 643803 46 49 426 54 0 0 0 100
1414 G 656286 354 67 30 655742 0 0 0 34 59
1415 C 634221 41 343 633710 34 0 0 31 0 62
1416 G 680466 168 31 66 679999 0 0 0 99 103
1417 A 682799 679098 39 3462 82 43 0 0 0 75
1418 A 681865 681099 35 74 149 65 0 0 0 443
1419 C 677228 87 105 673604 3317 0 0 28 0 87
1420 C 662307 28 69 662050 19 0 0 89 0 52
1421 C 627514 56 101 627220 88 0 0 30 0 19
1422 G 622336 128 53 6 622041 0 0 0 42 66
1423 A 622543 622159 82 9 209 30 0 0 0 54
1424 T 622577 65 622240 103 42 0 21 0 0 106
1425 C 595384 30 125 595120 14 0 0 51 0 44
1426 G 582604 201 17 20 582260 0 0 0 62 44
1427 T 560925 31 560376 133 44 0 82 0 0 259
1428 G 538365 147 29 27 538063 0 0 0 43 56
1429 C 537570 27 75 537357 17 0 0 44 0 50
1430 C 537136 18 54 536950 21 0 0 44 0 49
1431 C 535059 46 74 534811 16 0 0 39 0 73
1432 T 515427 40 515100 192 26 0 29 0 0 40
1433 C 553059 108 74 552753 16 0 0 48 0 60
1434 T 544420 102 543475 568 204 0 52 0 0 19
1435 T 604456 105 603835 232 66 0 122 0 0 96
1436 T 547810 42 547210 254 226 0 60 0 0 18
1437 T 550792 161 549938 337 124 0 170 0 0 62
1438 G 543542 233 595 105 542547 0 0 0 21 41
1439 A 537046 536020 103 602 170 43 0 0 0 108
1440 C 551200 196 148 550689 115 1 0 27 0 24
1441 A 545552 545198 78 20 138 48 0 0 0 70
1442 T 461559 47 461332 75 48 0 32 0 0 25
1443 G 566656 141 36 48 566221 0 0 1 93 116
1444 A 558940 558370 39 5 403 68 0 0 0 55
1445 G 631655 382 23 13 631103 0 0 0 56 78
1446 T 634344 52 633348 381 29 0 48 0 0 486
1447 A 614128 613840 28 4 73 162 0 0 0 21
1448 A 621388 621198 50 6 69 25 0 0 0 40
1449 T 618596 66 618212 78 38 0 148 0 0 54
1450 G 619541 474 40 16 618923 1 0 0 48 39
1451 A 583925 583217 440 21 128 43 0 0 0 76
1452 A 533269 532960 76 19 149 25 0 0 0 40
1453 G 531557 123 317 106 530912 0 0 0 51 48
1454 G 479296 38 289 12 478853 0 0 0 27 77
1455 A 474959 474352 399 36 105 14 0 0 0 53
1456 T 483543 43 483295 58 4 0 43 0 0 100
1457 C 479559 22 24 479449 12 0 0 29 0 23
1458 T 471044 43 470847 49 9 0 71 0 0 25
1459 T 474038 9 473835 114 5 0 38 0 0 37
1460 A 474455 474294 18 1 48 61 0 0 0 33
1461 T 473447 16 473355 36 6 0 12 0 0 22
1462 T 470836 18 470627 68 13 0 17 0 0 93
1463 T 468779 33 468624 71 4 0 29 0 0 18
1464 C 467695 15 42 467563 17 0 0 21 0 37
1465 T 450916 18 450787 64 4 0 16 1 0 26
1466 T 448723 4821 443779 52 8 0 44 0 0 19
1467 C 447753 18 4844 442822 9 0 1 36 0 23
1468 G 445351 175 26 17 445042 0 0 0 62 29
1469 G 449163 44 20 21 449021 0 0 0 40 17
1470 A 451519 451170 130 3 109 32 0 0 0 75
1471 G 461564 64 43 13 461399 0 0 0 16 29
1472 A 461957 461574 57 26 147 35 0 0 0 118
1473 C 474067 26 72 473814 81 0 0 38 0 36
1474 A 462215 462032 18 11 69 37 0 0 0 48
1475 A 515641 515330 46 21 80 53 0 0 0 111
1476 T 533040 67 532800 77 14 0 33 0 0 49
1477 G 572814 412 563 43 571641 0 0 0 81 74
1478 C 589126 197 739 588011 80 0 0 54 0 45
1479 A 570157 569458 76 182 218 187 0 0 0 36
1480 G 576229 118 39 30 575934 0 0 0 66 42
1481 A 597466 596987 79 21 157 121 0 0 0 101
1482 G 520814 197 78 48 520403 0 0 0 47 41
1483 G 551885 154 97 43 551411 0 0 0 75 105
1484 A 464428 463784 52 26 465 43 0 0 0 58
1485 G 475400 100 78 19 475147 0 0 0 25 31
1486 T 456853 53 455717 58 132 0 46 0 0 847
1487 A 451498 450961 82 119 159 105 0 0 0 72
1488 C 452761 84 200 452372 37 0 0 29 0 39
1489 G 433830 219 559 23 432953 0 0 0 32 44
1490 A 433682 431374 823 422 920 35 0 0 0 108
1491 C 421250 139 679 419899 395 0 0 70 0 68
1492 A 350790 349157 363 294 941 20 0 0 0 15
1493 A 351595 348343 439 614 2154 17 0 0 0 28
1494 T 329819 1533 325789 1759 702 0 20 0 0 16