# amino-acid counts among definitively called codons
# POSITION TOTAL_COUNTS WT N_A N_C N_D N_E N_F N_G N_H N_I N_K N_L N_M N_N N_P N_Q N_R N_S N_T N_V N_W N_Y N_STOP
1 704218 M 0 0 0 0 0 0 2 156 55 56 703698 0 0 0 5 0 116 129 1 0 0
2 672314 A 671758 0 1 43 0 49 0 0 0 0 0 0 25 1 1 37 52 347 0 0 0
3 721526 S 88 20 1 0 82 0 28 22 0 74 0 31 128 1 16 720852 105 10 23 45 0
4 725542 Q 97 190 3 32 13283 507 106 276 118 36838 95 4831 55 657184 106 3815 1088 771 5664 363 120
5 643302 G 360 117 118 0 0 641008 23 2 0 7 0 71 962 0 286 313 0 32 0 3 0
6 537942 T 95 0 0 0 0 0 3 43 0 12 0 20 10 0 0 42 537717 0 0 0 0
7 534034 K 0 0 0 57 0 0 0 21 533833 0 0 54 0 5 46 0 0 0 0 0 18
8 475248 R 0 0 0 0 0 14 0 1 0 30 0 0 12 81 475004 0 0 0 106 0 0
9 486773 S 9 6 1 1 44 1 0 8 2 1411 1 8413 78 0 3 476680 44 2 0 61 8
10 516194 Y 67 179 3 0 20 1 168 39 1473 43 9 9 110 3 6 9 8 18 16 513956 57
11 475292 E 8 2 42 474752 2 90 0 4 113 27 0 2 3 5 1 23 11 27 0 15 165
12 468638 Q 20 97 1 27 2 3 3521 40 1297 349 1 121 19 458296 3110 133 27 34 1 1 1538
13 567290 M 1 0 10 1 2 3 1 189 64 82 566745 0 7 0 12 16 67 85 1 0 4
14 556601 E 11 9 50 555992 12 238 0 9 115 7 0 4 1 23 18 5 16 29 2 0 60
15 523980 T 59 0 6 0 0 5 1 32 1 5 3 29 17 0 0 35 523766 17 0 0 4
16 583118 D 14 2 582615 74 1 170 42 5 2 4 4 72 14 0 4 1 1 51 0 33 9
17 576521 G 7 3955 1 69 0 572095 1 0 18 2 1 8 17 3 96 32 17 63 63 73 0
18 566127 E 24 9 30 565093 0 168 110 48 136 2 0 6 137 17 6 0 86 224 0 1 30
19 555517 R 6 124 1 0 0 13 207 0 0 43 2 0 20 12 555052 31 6 0 0 0 0
20 567466 Q 0 0 0 12 0 3 63 0 39 32 1 24 3945 562759 300 214 2 3 0 0 69
21 544561 N 3 0 55 23 2 3 8 34 2870 87 2 512304 28755 18 53 187 129 2 3 23 0
22 555156 A 553321 0 0 55 0 43 0 23 328 2 0 4 36 0 882 42 189 202 1 0 28
23 572882 T 247 95 12 1 3 30 758 42 9 24 0 64 6 82 22 544 570919 5 0 10 9
24 547557 E 8 8 50 546969 2 100 3 4 129 17 1 8 0 86 17 11 3 97 3 1 40
25 481500 I 0 0 4 0 26 5 3 475383 12 6 9 38 8 5850 5 5 70 64 0 0 12
26 528142 R 0 1 1 2 2 185 0 32 85 5 1 1 24 0 498175 29566 19 0 0 0 43
27 496209 A 495409 0 0 42 0 19 61 1 102 13 2 1 27 1 11 318 70 132 0 0 0
28 532070 S 26 15 3 2 68 9 3 1 1 6 0 7 88 340 48 531361 34 2 0 33 23
29 512915 V 87 4 27 1 37 8 0 170 0 10 23 0 22 0 6 302 3 512215 0 0 0
30 536782 G 19 155 0 68 0 535569 0 0 0 2 1 1 21 34 201 3 598 47 62 1 0
31 529724 K 4 3 0 91 1 0 1 1 527385 21 34 419 23 7 1569 6 120 0 0 4 35
32 517855 M 1 1 6 4 2 130 1 114 26 45 517106 28 9 0 14 12 300 52 0 1 3
33 526922 I 3 6 5 74 39 4 3 526517 1 6 32 31 0 1 1 12 45 132 5 3 2
34 525137 D 325 100 523323 204 0 145 14 311 4 2 53 103 8 4 21 167 48 230 1 73 1
35 481386 G 15 3 1 66 13 481027 1 1 2 7 0 0 7 1 102 31 18 34 3 0 54
36 503612 I 1 0 0 2 7076 1 0 496244 0 18 11 24 2 4 78 4 48 97 0 0 2
37 470622 G 31 39 19 61 0 469100 1 0 2 2 0 0 3 1 61 41 0 1215 6 0 40
38 424812 R 1 0 2 0 0 19 2 4 25 27 1 1 21 601 423983 10 2 0 0 0 113
39 457885 F 36 23 1 1 456896 2 1 26 4 314 1 384 28 0 48 57 7 11 0 41 4
40 435491 Y 33 97 5 3 31 8 287 5 1 5 0 35 1 0 44 16 2 2 0 434864 52
41 371351 I 2 3 0 2 48 3 11 369563 0 44 96 43 1 4 30 1357 76 59 8 1 0
42 363007 Q 17 0 0 42 0 10 10 2 45 18 0 0 18 362745 52 2 1 0 0 0 45
43 352854 M 7 1 6 0 5 24 8 90 12 38 352535 1 2 0 5 0 84 36 0 0 0
44 383460 C 40 382667 0 4 28 10 3 207 0 11 0 3 4 15 70 297 1 1 18 56 25
45 366580 T 58 16 0 0 3 0 2 24 0 1 0 38 8 2 8 215 366200 0 0 1 4
46 398143 E 12 1 24 397655 107 45 2 0 38 2 0 2 0 6 2 3 4 16 0 0 224
47 452751 L 0 17 106 7 68 1 18 43 3 445495 1 0 5027 3 12 1912 27 0 8 0 3
48 458619 K 7 0 0 59 6 106 24 17 458201 36 0 43 2 8 45 5 6 3 0 0 51
49 445369 L 519 33 3 4 3642 4 19 24 16 440342 7 13 433 6 105 12 142 25 7 0 13
50 440649 S 168 46 22 6 3 1500 123 23 1 40 11 40 35 186 571 437787 42 41 0 2 2
51 476402 D 48 0 474242 107 0 791 6 9 0 360 0 86 19 0 3 1 108 598 0 22 2
52 506383 Y 3791 80 3 165 71 64 94 6 0 135 20 13 13 0 451 251 45 1 10 499246 1924
53 481494 E 37 3 150 480553 1 364 1 1 79 1 6 0 2 14 42 36 3 40 1 1 159
54 428953 G 297 0 16 65 0 428238 2 0 0 3 1 3 14 1 156 10 14 80 53 0 0
55 400633 R 4 1 9 0 0 34 29 1 7 40 0 0 808 99 399407 13 49 4 12 0 116
56 395908 L 29 12 0 127 1 189 19 15 4 394965 20 84 142 101 48 32 66 30 4 14 6
57 413385 I 20 0 2 125 37 92 3 412502 2 100 13 87 56 1 49 10 95 182 0 3 6
58 398887 Q 4 1 17 22 1 13 36 0 77 49 2 12 31 398419 115 20 1 5 14 4 44
59 383858 N 254 1 348 1 3 12 7 26 35 9 0 382928 32 5 39 73 17 22 5 28 13
60 304079 S 0 8 3 0 1 52 1 24 3 59 8 24 2 7 37 303829 16 4 0 1 0
61 304938 L 8 0 14 6 28 2 2 35 3 290217 20 3 1 0 1 64 4 14472 0 13 45
62 276533 T 73 1 8 16 0 80 16 33 20 4 0 0 45 8 24 55 276140 3 0 5 2
63 281420 I 30 60 0 3 5 2 2 278730 21 48 530 0 1710 4 24 12 141 45 16 28 9
64 286638 E 2 0 54 285935 9 471 4 0 28 6 1 6 27 12 17 4 7 17 2 3 33
65 272387 R 9 0 1 1 1 57 4 16 82 3 0 0 32 1 272065 84 10 0 1 0 20
66 278436 M 0 0 1 0 0 0 1 87 16 10 278131 33 0 0 4 58 42 53 0 0 0
67 266422 V 44 1 1 29 0 18 0 6 0 27 34 265 0 9 1 0 5 265968 1 0 13
68 308086 L 0 3 1 3 36 1 30 76 2 307790 0 1 92 0 11 17 7 14 0 2 0
69 321114 S 5 13 0 1 25 23 0 0 0 3 0 1 195 1 5 320779 20 0 0 29 14
70 341364 A 341002 11 53 1 1 66 2 1 6 0 0 1 20 15 3 41 100 39 2 0 0
71 330801 F 15 5 5 1 330597 3 4 15 0 81 0 1 2 0 16 29 3 11 0 10 3
72 332588 D 3 3 332350 32 1 62 6 1 15 0 0 55 0 2 2 5 18 17 1 15 0
73 306504 E 200 11 15 301423 0 41 1 8 78 19 0 0 4 17 3 37 4582 36 11 0 18
74 312699 R 0 0 0 0 0 69 2 22 58 2 0 1 5 21 312461 34 6 1 0 0 17
75 317496 R 3 0 0 0 0 51 5 3 685 0 31 6 1 0 316630 28 8 31 14 0 0
76 336352 N 1 15 45 3 0 0 0 491 21 53 1 335587 1 0 8 56 4 0 2 21 43
77 336520 K 70 3 0 48 3 5 3 19 335953 32 17 56 6 21 116 18 113 1 0 5 31
78 269003 Y 4 17 2 28 9 1 26 2 0 0 0 33 9 1 2 10 0 0 0 268838 21
79 262011 L 0 1 2 0 0 9 7 21 4 261810 21 8 69 17 26 4 0 3 0 7 2
80 240183 E 5 1 12 239902 5 45 0 34 37 8 0 1 3 28 5 4 7 27 1 42 16
81 232008 E 5 13 55 231696 12 35 3 0 37 7 9 2 1 36 8 41 4 21 0 3 20
82 273697 H 0 6 12 3 17868 9 254471 6 5 18 10 17 3 569 71 173 12 357 33 54 0
83 369754 P 23 92 0 1 0 14 37 7 4 60 107 6 369068 133 40 78 34 6 6 0 38
84 369913 S 860 9 0 6 1 117 0 25 6 4 23 67 1 5 76 368662 42 1 8 0 0
85 390063 A 389154 4 1 29 0 138 7 59 7 3 2 0 28 6 47 272 184 63 0 42 17
86 424349 G 24 1 8 46 4 423457 34 1 8 40 1 3 160 0 453 2 3 43 40 0 21
87 441692 K 5 2 0 160 0 3 0 1 441168 3 22 95 0 7 125 10 17 6 0 6 62
88 448222 D 9 9 447205 49 0 90 8 21 0 7 23 615 37 3 1 12 3 44 0 33 53
89 416849 P 532 293 19 9 8 48 40 5 4 227 3 9 414741 0 31 145 47 522 33 4 129
90 417520 K 17 4 10 53 3 23 4 2 416026 33 41 26 1 29 593 168 411 55 2 2 17
91 389466 K 1 1 0 67 0 1 0 14 388750 0 0 10 13 15 389 1 7 1 1 11 184
92 352060 T 29 0 0 0 0 6 0 17 0 5 0 34 21 4 12 25 351897 1 0 0 9
93 348010 G 11 0 9 37 0 347807 0 0 4 0 0 0 1 0 73 6 1 23 0 0 38
94 325777 G 9 0 1 31 0 325613 0 0 0 0 5 0 0 0 45 1 1 18 1 0 52
95 337237 P 14 6 3 0 0 0 34 0 0 41 0 0 337076 0 7 37 18 1 0 0 0
96 364177 I 1 15 0 0 0 1 1 363839 30 83 35 0 11 0 5 2 40 82 0 5 27
97 345759 Y 0 40 0 18 111 13 88 4 1 7 0 21 2 18 0 1 0 1 0 345393 41
98 298579 K 2 2 5 46 1 7 22 3 298022 4 13 32 7 58 308 13 11 0 1 0 22
99 221945 R 1 9 0 2 2 50 2 17 22 1 0 2 1 0 221786 15 2 2 0 0 31
100 220105 V 700 2 0 22 3 16 44 39 10 47 2 34 294 68 6 59 65 218694 0 0 0
101 263188 D 15 3 262554 66 0 43 12 0 0 7 0 114 127 7 5 2 178 27 0 21 7
102 272717 R 2 0 0 0 0 59 28 15 46 50 0 0 4 1 272462 27 8 1 0 1 13
103 285405 K 5 0 0 34 0 0 0 3 285146 0 10 89 1 2 63 2 13 22 0 0 15
104 292651 W 10 25 0 0 144 10 5 9 0 27 0 2 1 0 55 26 6 1 292218 16 96
105 300166 M 10 0 0 0 0 0 9 96 33 31 299859 16 0 1 5 1 43 58 0 0 4
106 315047 R 0 0 0 0 1 76 0 3 36 0 40 0 2 0 314833 21 15 0 19 0 1
107 313317 E 0 0 651 312389 0 57 0 0 155 4 0 1 2 14 1 1 0 16 0 0 26
108 317669 L 1 2 0 0 32 1 32 36 0 317493 0 0 30 4 9 7 7 10 0 0 5
109 306801 V 52 305 23 3 14 10 0 90 7 40 1 1 3 0 7 3 0 306242 0 0 0
110 335836 L 2 0 1 1 19 0 11 36 20 335441 0 3 271 0 11 1 8 6 0 0 5
111 326892 Y 1 58 2 0 16 8 59 6 0 5 32 11 19 12 2 10 266 35 16 326299 35
112 287644 D 14 0 287290 26 0 59 12 5 1 16 1 145 2 0 2 2 4 44 0 19 2
113 265690 K 0 0 3 33 1 0 0 20 265524 6 0 14 0 17 51 2 5 2 0 0 12
114 310477 E 1 0 12 310246 7 44 2 10 44 7 0 0 3 9 2 2 0 18 0 56 14
115 350999 E 4 0 17 350804 0 66 0 1 51 0 0 4 1 5 12 3 1 24 0 0 6
116 374592 I 2 8 14 1 3 0 0 374230 20 24 104 33 9 0 3 2 41 89 0 2 7
117 358173 R 3 4 2 8 2 66 1 17 61 9 33 1 4 1 357810 95 7 5 20 1 23
118 349703 R 2 0 0 2 0 16 4 11 0 28 0 0 23 52 349504 3 2 4 0 0 52
119 374728 I 0 0 0 0 12 24 0 374544 0 0 27 23 0 1 0 2 43 49 0 0 3
120 350322 W 10 20 1 1 0 4 0 0 2 29 4 0 4 10 138 6 1 1 350007 0 84
121 364589 R 14 80 1 1 0 40 167 0 1 30 0 5 22 1 364162 57 4 2 0 1 1
122 345553 Q 6 0 2 7 1 3 94 12 45 34 3 6 7 335660 75 0 13 9547 2 0 36
123 394365 A 393857 0 27 1 1 284 0 1 1 2 0 5 15 1 3 23 70 73 0 0 1
124 428794 N 0 0 58 6 6 1 4 52 35 5 0 428382 18 15 1 120 7 0 0 81 3
125 418309 N 0 7 75 0 36 13 6 35 25 22 14 417811 16 4 34 70 12 7 0 61 61
126 332728 G 13 52 57 0 2 331968 8 0 4 183 25 1 7 0 184 156 20 44 2 1 1
127 332206 D 4 1 331155 64 15 79 54 18 104 14 1 75 11 0 72 184 70 255 0 26 4
128 325096 D 574 0 321928 41 2 108 1489 8 18 17 34 57 10 2 38 243 448 30 21 28 0
129 330413 A 329676 105 0 32 0 54 0 1 198 4 0 0 9 2 33 64 141 87 2 0 5
130 290687 T 47 2 1 0 0 1 3 34 33 16 2 1 4 2 13 25 290488 12 0 3 0
131 266369 A 266153 3 26 0 1 8 5 1 0 1 2 3 51 1 0 65 26 20 1 0 2
132 331119 G 10 34 40 5 1 330880 0 68 1 3 0 7 0 1 12 37 1 14 0 5 0
133 349497 L 10 0 0 0 0 11 2 138 0 349148 21 3 117 20 5 6 1 15 0 0 0
134 414187 T 75 4 0 2 0 5 0 28 1 17 0 16 33 1 26 102 413873 0 0 3 1
135 428775 H 6 0 26 1 3 7 428426 2 0 49 0 51 16 49 60 9 7 0 0 52 11
136 451810 M 8 0 0 4 10 36 29 145 26 54 451274 3 4 6 4 17 75 99 3 13 0
137 459256 M 0 0 0 0 3 1 0 107 37 44 458867 1 8 5 12 2 64 59 0 0 46
138 415020 I 0 1 1 0 23 0 1 414835 1 7 7 30 4 2 0 7 48 52 0 0 1
139 394881 W 5 41 0 0 1 18 1 0 1 21 1 0 2 0 138 19 16 2 394475 1 139
140 378679 H 5 1 25 0 0 2 378440 5 2 16 2 38 4 17 47 0 3 3 0 67 2
141 375797 S 8 10 0 0 43 1 0 0 0 0 0 0 86 0 0 375582 28 0 0 32 7
142 370884 N 0 1 58 0 0 5 5 13 17 4 0 370731 1 1 0 34 1 0 0 13 0
143 362673 L 0 0 0 0 23 2 0 2 2 362386 10 0 10 0 0 210 1 7 6 1 13
144 343159 N 37 0 67 0 0 0 5 16 32 1 4 342902 0 0 0 64 10 0 0 20 1
145 329909 D 3 0 329688 19 0 51 9 2 0 11 12 49 0 0 10 0 5 26 0 21 3
146 322289 T 2246 0 2 1 0 0 0 40 21 1 0 1 1 3 8 57 319904 0 0 3 1
147 420979 T 88 11 0 0 0 1 7 58 40 0 0 13 6 0 9 38 420702 3 2 1 0
148 382923 Y 5 52 7 0 34 1 62 5 0 3 0 25 6 3 3 3 7 0 0 382674 33
149 385703 Q 8 0 1 15 1 0 33 0 35 25 0 0 11 385417 95 4 5 6 0 0 47
150 371007 R 14 4 0 1 0 59 1 0 51 4 28 0 7 0 370784 26 11 0 14 1 2
151 408731 T 80 0 0 17 0 5 0 56 25 2 0 1 6 0 8 29 408501 0 0 0 1
152 432101 R 0 0 0 0 0 79 0 29 57 19 2 0 13 3 431821 17 18 0 0 0 43
153 478217 A 477937 0 41 3 0 16 0 5 6 14 0 1 17 0 1 50 66 49 1 4 6
154 509914 L 0 0 2 1 30 4 21 221 0 509521 0 1 73 0 3 1 10 13 7 1 5
155 517914 V 54 1 37 0 24 25 0 58 0 17 1 2 0 1 2 6 7 517678 0 1 0
156 528825 R 3 134 0 3 1 18 201 3 0 29 0 1 15 0 528341 49 4 18 2 2 1
157 531807 T 126 11 0 2 0 7 4 111 17 1 1 34 12 19 44 113 531262 40 1 2 0
158 541104 G 21 19 152 0 6 540628 1 1 0 12 0 2 21 2 15 176 5 34 1 4 4
159 562462 M 15 1 0 0 4 2 2 159 35 494 561477 1 6 3 56 3 91 105 3 5 0
160 643072 D 11 8 642563 53 0 109 10 6 2 2 0 93 6 4 15 2 7 110 0 40 31
161 563117 P 786 0 1 2 0 144 55 4 5 62 2 1 561769 12 37 115 60 42 1 0 19
162 529445 R 1 0 1 5 62 207 1 2 55 0 59 3 24 4 528890 31 15 9 25 0 51
163 485059 M 1 22 1 2 0 21 2 205 26 40 484395 3 0 9 7 6 97 174 6 24 18
164 477515 C 515 476433 0 0 39 17 2 3 0 7 0 0 28 2 77 59 22 82 18 171 40
165 455264 S 51 68 0 0 35 24 0 1 1 3 0 399 192 2 1 454338 59 31 2 50 7
166 448680 L 1 1 5 0 1 0 16 4 0 448382 89 0 88 35 8 12 0 17 1 3 17
167 439956 M 0 0 1 0 5 8 0 169 21 129 439494 0 1 0 9 0 65 50 1 1 2
168 413567 Q 20 1 0 21 2 4 63 1 48 34 0 1 24 412951 124 163 6 3 1 2 98
169 380396 G 9 24 44 0 0 380221 3 0 0 3 0 0 3 0 12 35 0 37 0 0 5
170 407371 S 3 1 0 0 1 0 1 0 0 111 0 3 42 1 16 407125 29 0 16 0 22
171 400967 T 62 1 0 0 0 9 2 39 1 20 0 18 13 2 10 61 400712 17 0 0 0
172 430205 L 5 18 0 0 30 15 30 39 5 429934 1 0 94 2 5 5 0 16 0 0 6
173 560276 P 86 0 2 0 1 2 81 5 3 81 0 24 559778 2 30 83 83 5 0 1 9
174 564932 R 1 4 0 0 0 130 0 3 46 6 50 0 3 1 564470 37 139 2 30 0 10
175 455588 R 4 0 7 4 2 104 0 0 48 2 24 0 0 1 455323 23 13 0 31 2 0
176 488993 S 95 7 1 0 42 4 1 0 2 7 0 0 76 0 3 488669 35 18 1 28 4
177 510762 G 9 9 0 44 0 510491 0 0 1 2 0 0 2 2 88 14 1 42 1 0 56
178 492873 A 492562 0 33 1 0 15 5 8 0 7 0 6 14 3 39 42 56 59 2 0 21
179 510340 A 509863 2 0 37 0 19 1 0 17 2 0 0 22 1 0 55 190 130 0 1 0
180 524344 G 5 33 47 1 0 524155 1 0 0 2 0 0 0 2 7 66 0 25 0 0 0
181 520551 A 520065 0 43 0 0 9 6 0 1 2 19 1 13 77 5 82 149 39 5 35 0
182 532039 A 531484 0 1 47 1 16 0 0 0 0 0 0 11 1 7 46 181 244 0 0 0
183 568882 V 77 4 31 0 22 10 1 68 1 10 1 0 6 12 1 11 21 568592 0 8 6
184 577630 K 3 0 0 94 1 1 0 45 577197 0 0 94 14 37 82 6 18 2 1 4 31
185 489124 G 17 4 0 60 0 488874 1 0 0 3 0 4 0 0 83 0 11 26 0 0 41
186 478331 V 61 8 26 17 22 7 0 655 1 28 0 2 5 3 88 11 16 477369 1 11 0
187 471274 G 19 0 11 64 0 470960 0 3 2 10 3 1 5 0 89 1 1 44 58 2 1
188 369011 T 88 0 0 1 1 16 0 56 23 5 0 2 5 6 16 35 368751 0 1 0 5
189 288698 M 0 34 0 0 0 0 0 89 28 44 288327 9 20 0 2 0 36 100 2 0 7
190 279821 V 74 91 0 30 0 30 0 2 0 24 37 0 2 0 3 8 6 279507 0 5 2
191 266998 M 1 1 0 2 1 1 2 65 21 29 266773 0 11 0 5 3 36 38 6 0 3
192 240701 E 1 1 10 240553 2 55 0 1 36 1 1 1 1 7 2 0 1 16 0 0 12
193 301527 L 21 6 1 3 24 3 0 1 0 301256 22 0 1 0 2 142 2 20 2 1 20
194 358938 I 1 0 6 3 1 0 1 358682 15 39 55 1 2 1 11 0 48 62 0 0 10
195 339671 R 6 0 0 0 7 69 0 1 63 0 48 2 10 0 339398 25 9 4 29 0 0
196 353826 M 4 2 0 1 0 3 0 75 26 32 353536 0 8 7 19 0 44 65 0 0 4
197 378281 I 31 7 14 0 26 0 1 377955 0 6 8 37 2 2 0 8 101 78 0 0 5
198 359667 K 0 1 1 50 0 0 3 9 359468 4 0 39 2 22 54 3 5 0 0 1 5
199 337995 R 3 42 0 0 0 6 48 0 0 16 0 0 9 0 337848 20 1 2 0 0 0
200 334434 G 15 0 0 42 0 334255 0 0 0 3 0 0 0 0 54 1 0 32 23 6 3
201 333265 I 0 0 0 0 22 3 0 332946 3 3 7 19 0 4 0 6 180 72 0 0 0
202 342098 N 5 0 62 0 0 0 401 17 28 6 11 341493 2 4 2 44 6 0 1 16 0
203 319401 D 23 0 319214 29 0 34 5 1 0 0 0 26 2 0 0 0 0 22 1 10 34
204 332520 R 2 1 9 0 0 3 0 1 1 39 0 0 12 84 332300 0 2 0 66 0 0
205 346899 N 1 0 54 9 0 1 3 17 18 1 0 346691 2 1 6 77 1 5 2 8 2
206 413163 F 1 2 0 0 412948 0 2 13 0 99 0 1 6 7 0 57 2 12 0 13 0
207 425628 W 1 31 10 5 2 12 7 0 0 40 0 0 16 6 151 30 0 226 424970 9 112
208 315965 R 1 0 0 0 0 75 3 24 23 5 0 0 1 3 315762 38 2 0 1 2 25
209 343413 G 10 24 39 0 0 343264 1 0 0 0 0 0 0 0 9 52 1 12 0 1 0
210 365246 E 4 0 21 364984 8 65 0 0 58 11 0 0 0 10 3 3 0 21 0 0 58
211 354962 N 0 0 53 3 0 26 6 50 24 229 1447 352905 80 29 0 96 2 0 0 11 1
212 335165 G 3 0 4 29 1 335000 2 1 0 13 0 0 0 0 59 0 5 19 0 0 29
213 327678 R 1 0 0 5 0 15 0 7 0 26 0 2 8 83 327424 2 4 1 0 0 100
214 319151 K 0 0 0 44 0 2 18 9 318974 0 0 27 0 2 63 1 2 2 2 0 5
215 316411 T 56 1 0 5 0 1 0 16 12 11 1 4 49 13 2 123 316115 1 0 0 1
216 295468 R 1 1 0 0 0 37 5 4 38 0 27 1 0 0 295294 31 9 0 19 1 0
217 273691 S 1 25 0 1 1 55 0 54 1 10 1 40 4 1 37 273444 8 4 4 0 0
218 285433 A 285239 1 23 0 1 15 0 0 0 31 0 0 6 0 1 29 63 22 2 0 0
219 284647 Y 0 41 1 0 12 1 40 0 0 0 0 6 0 1 0 6 10 4 0 284486 39
220 291800 E 2 0 45 291595 1 55 0 0 48 2 0 0 0 6 1 0 0 23 0 0 22
221 258996 R 0 1 0 6 0 59 0 12 40 1 0 1 3 0 258837 20 3 0 0 0 13
222 225485 M 0 0 0 1 0 21 0 63 21 17 225229 66 0 0 4 3 32 26 0 2 0
223 287200 C 6907 280057 0 0 22 9 0 0 0 5 1 0 0 0 52 35 3 7 15 71 16
224 298532 N 0 0 40 1 0 0 12 26 24 0 0 298226 0 137 0 39 6 0 0 21 0
225 310839 I 0 0 0 0 12 0 0 310440 0 293 3 14 0 0 0 4 39 31 0 3 0
226 322502 L 0 1 0 0 29 0 36 23 0 322333 0 0 63 0 0 4 0 13 0 0 0
227 333807 K 0 0 0 40 0 0 0 19 333648 0 0 15 0 9 56 0 3 0 0 0 17
228 339574 G 4 3 0 50 0 339413 0 0 0 0 2 0 0 0 59 2 0 18 0 0 23
229 349334 K 0 0 1 62 0 6 0 7 349145 0 0 41 0 3 46 0 7 1 1 0 14
230 361331 F 0 8 1 0 361141 3 0 33 0 85 0 0 0 0 0 45 1 2 1 10 1
231 342816 Q 1 0 0 3 2 1 32 0 33 65 1 1 5 342296 305 33 3 0 0 0 35
232 326021 T 60 0 0 0 0 0 2 30 24 5 0 4 12 14 502 13 325351 0 0 0 4
233 316696 A 315458 0 26 0 0 6 0 0 0 2 0 21 987 1 1 19 133 40 1 1 0
234 272482 A 272174 0 0 23 2 8 6 1 1 1 0 0 90 0 0 36 108 32 0 0 0
235 266901 Q 0 0 0 8 0 1 22 3 15 10 0 1 4 266737 53 0 4 0 0 2 41
236 263198 R 2 0 0 8 0 92 0 4 52 3 21 1 49 0 262930 22 5 0 8 1 0
237 261202 A 260893 14 0 18 0 36 6 2 0 2 0 0 8 5 3 48 76 91 0 0 0
238 268854 M 2 1 0 5 1 4 23 63 14 20 268630 2 1 0 13 0 27 36 0 0 12
239 239153 M 378 1 0 1 0 11 0 77 10 33 238480 1 0 1 7 0 44 92 1 0 16
240 287747 D 12 0 287550 42 0 51 13 1 0 0 0 31 0 0 0 7 1 23 0 15 1
241 275377 Q 2 5 0 18 98 1 24 7 21 15 0 1 10 275052 78 4 2 8 0 0 31
242 320459 V 58 1 0 39 0 9 0 4 1 19 59 1 9 1 2 2 2 320251 0 1 0
243 323069 R 0 0 2 0 1 72 0 24 114 2 2 2 0 2 322776 35 8 2 0 3 24
244 317385 E 7 0 13 317095 0 47 0 0 45 1 1 0 2 5 2 6 0 136 0 4 21
245 342821 S 3 12 0 1 1 92 3 12 1 2 0 38 1606 1 30 341003 7 4 1 0 4
246 334488 R 1 1 0 1 2 6 1 0 3 51 0 0 9 93 334249 13 1 0 49 5 3
247 338003 N 14 14 56 3 0 5 395 17 36 1 0 337366 2 0 5 54 15 2 0 17 1
248 366415 P 4 1 3 1 0 0 4 0 0 56 0 0 366219 42 16 30 35 0 0 0 4
249 380854 G 14 0 19 49 1 380602 0 3 0 4 0 0 0 0 78 2 0 30 0 0 52
250 365356 N 1 1 52 0 0 5 3 21 18 1 10 365162 3 1 0 61 6 3 0 8 0
251 390383 A 389990 0 55 0 0 11 0 0 0 121 0 0 8 0 2 31 73 89 2 0 1
252 379404 E 5 0 21 379117 0 93 0 3 83 8 0 0 3 8 2 0 0 27 1 0 33
253 392475 I 0 0 0 0 30 0 0 392289 0 10 24 10 0 1 3 5 47 56 0 0 0
254 377440 E 1 0 20 377169 0 51 1 0 120 0 0 0 0 17 0 1 0 23 0 0 37
255 380986 D 8 1 380802 23 0 58 9 1 1 7 0 36 0 0 0 1 0 20 0 19 0
256 365167 L 0 0 0 1 30 15 35 22 1 364913 13 1 83 2 21 22 0 5 1 1 1
257 367129 I 3 1 0 0 24 2 9 363929 0 2910 6 33 11 2 1 102 46 47 0 3 0
258 329491 F 2 2 0 0 329267 8 2 23 9 90 0 0 5 1 6 49 0 9 0 16 2
259 320104 L 1 0 4 0 0 2 1 2 0 319916 59 3 53 30 8 10 1 11 1 2 0
260 324179 A 323918 0 1 27 0 33 1 0 0 0 0 0 17 0 1 13 70 86 0 0 12
261 272225 R 4 0 0 0 0 9 0 0 0 17 1 0 3 49 272077 0 1 0 64 0 0
262 336548 S 4 10 0 0 33 3 0 0 0 0 1 2 44 0 4 336390 24 0 0 31 2
263 326685 A 326224 8 1 48 0 98 1 5 5 2 0 0 15 0 3 74 114 87 0 0 0
264 272365 L 4 3 2 0 43 2 15 20 22 272157 1 1 47 14 9 4 2 6 7 1 5
265 288431 I 41 7 0 3 1 1 4 286744 16 1421 37 0 2 5 10 2 81 55 0 0 1
266 307856 L 2 1 0 4 27 0 4 27 3 307638 24 0 0 1 7 46 6 36 5 2 23
267 321247 R 1 0 3 3 2 91 0 19 159 6 0 0 2 2 320903 22 5 1 0 2 26
268 359378 G 6 1 0 38 0 359155 6 4 0 5 1 22 6 0 65 4 9 30 26 0 0
269 377121 S 8 4 0 3 0 2 1 2 0 38 3 0 59 0 0 376919 24 0 2 0 56
270 382175 V 39 1 27 4 10 5 0 36 2 12 0 0 1 1 0 2 1 382028 0 0 6
271 371588 A 371341 0 27 1 0 26 0 0 0 1 0 1 19 0 0 25 72 59 0 16 0
272 372204 H 2 0 5 2 0 3 371913 1 3 38 0 24 10 89 51 4 1 1 0 57 0
273 371112 K 1 0 0 37 1 6 0 23 370879 4 0 48 0 4 88 1 5 8 0 2 5
274 356245 S 1 2 0 0 35 5 0 4 3 12 2 70 38 6 1 356023 22 7 0 14 0
275 327247 C 17 326916 0 2 18 39 4 17 1 12 13 1 2 0 55 23 8 18 6 50 45
276 275479 L 0 6 0 0 0 11 4 1 0 275302 71 0 20 18 23 4 2 14 1 0 2
277 207483 P 22 0 0 0 2 7 32 1 2 51 0 0 207173 0 14 94 36 49 0 0 0
278 180532 A 179787 1 24 0 1 123 3 401 2 21 0 3 17 0 1 29 80 27 7 0 5
279 156025 C 6 155798 0 0 7 12 1 0 0 11 0 0 0 0 124 9 0 0 4 33 20
280 146708 V 30 25 0 7 0 6 0 71 8 18 46 0 0 1 4 0 3 146487 0 0 2
281 97976 Y 0 20 7 14 6 1 23 1 0 3 0 6 0 1 6 4 4 1 5 97858 16
282 51348 G 7 2 10 15 0 51254 4 0 2 1 5 0 5 1 13 6 3 9 0 4 7
283 114897 P 1481 34 2 3 0 1590 99 118 45 316 4 3 108890 3 626 466 534 578 87 18 0
284 240359 A 239362 1 28 0 0 10 0 0 420 1 6 0 25 0 139 26 212 123 2 0 4
285 243218 V 56 0 0 12 0 2 154 77 0 31 0 1 2 1 4 8 8 242861 0 0 1
286 277780 A 277640 0 22 0 0 2 8 2 0 1 0 0 9 0 0 32 29 27 6 2 0
287 353692 S 0 27 0 0 0 59 0 22 0 0 0 61 2 7 394 353090 30 0 0 0 0
288 391221 G 10 19 34 0 0 391067 0 1 0 0 0 0 0 1 22 45 0 22 0 0 0
289 395346 Y 0 64 4 23 28 4 7160 6 28 2 1 12 0 0 371 12 0 20 0 387583 28
290 428063 D 0 0 427849 29 0 54 8 2 0 0 8 72 8 1 0 1 0 18 0 12 1
291 430955 F 0 6 13 0 430729 7 0 10 2 125 0 0 0 0 1 47 0 5 0 10 0
292 434000 E 4 1 14 433146 0 439 1 134 100 22 1 0 51 7 8 26 1 17 0 4 24
293 434667 K 3 0 0 52 0 0 127 10 434238 0 0 24 9 6 151 19 14 0 0 0 14
294 426819 E 16 0 52 401129 43 1051 30 0 156 0 18 26 4 23132 38 322 114 574 0 86 28
295 398790 G 9 0 3 63 0 398593 0 2 0 1 0 0 1 0 44 5 0 32 0 1 36
296 342878 Y 3 58 6 0 32 3 52 1 0 1 0 21 10 1 5 8 0 1 0 342645 31
297 303718 S 3 5 0 0 13 0 0 1 3 5 0 0 47 1 0 303580 34 0 0 22 4
298 282729 L 1 2 1 0 16 13 0 4 1 282610 0 0 0 2 16 34 0 3 0 0 26
299 309533 V 27 0 0 24 0 7 0 3 1 28 31 0 0 4 15 2 0 309376 10 0 5
300 222647 G 13 0 0 48 0 222488 0 1 1 0 0 1 2 15 32 1 0 22 0 2 21
301 357578 I 1 9 4 2 0 2 14 357231 39 49 95 8 5 1 6 13 39 52 3 0 5
302 356163 D 21 0 355257 38 3 54 18 0 0 5 0 83 172 2 16 424 5 32 0 33 0
303 342153 P 30 0 0 2 1 3 55 0 0 22 2 1 341959 0 6 32 28 11 0 0 1
304 386010 F 2 31 1 0 385553 19 3 22 0 216 7 0 10 0 1 85 0 37 1 20 2
305 385791 K 9 1 0 51 6 0 0 12 385476 2 0 41 0 23 130 6 4 1 0 8 21
306 381658 L 5 1 6 0 0 3 0 0 2 381463 89 0 53 8 6 4 2 10 4 1 1
307 396282 L 19 0 0 3 33 20 14 18 1 396056 0 0 89 0 8 4 0 15 1 0 1
308 399647 Q 65 142 2 13 3 4572 1178 3 33 17 0 2 9 393059 135 20 17 140 201 1 35
309 394735 N 33 159 48 18 1 1814 5 20 71 193 1 389277 5 309 1135 70 1530 23 16 6 1
310 384817 S 562 817 1 10 0 71 11 27 0 7 0 87 4 35 53 383110 16 1 2 1 2
311 415374 Q 26 24 0 8 1 80 25 0 341 23 0 16 19 406535 7353 506 357 11 2 2 45
312 449523 V 55 67 0 37 0 12 0 89 2 38 11 5 3 1 1 14 1 449181 0 2 4
313 421193 Y 14 80 5 0 62 5 39 1 0 1 0 20 2 10 18 38 2 4 0 420850 42
314 420784 S 2 31 8 2 0 128 0 28 0 8 1 53 7 1 59 420429 22 1 1 1 2
315 417590 L 5 5 24 0 9 4 0 152 1 417153 0 1 118 22 24 0 22 12 12 13 13
316 479973 I 2 2 1 0 36 6 13 479690 0 16 32 57 8 0 2 8 46 52 0 2 0
317 447177 R 0 2 2 0 4 169 3 25 57 1 0 2 1 1 446851 24 6 0 2 0 27
318 443637 P 36 9 1 2 0 379 64 2 2 89 3 0 442836 61 17 76 43 6 7 4 0
319 456474 N 2 15 54 6 4 50 8 30 301 30 4 455600 18 2 160 95 6 67 3 19 0
320 476654 E 11 0 42 476176 0 79 4 0 68 0 8 2 3 8 14 0 0 45 0 0 194
321 501499 N 7 2 43 0 1 12 1 21 3688 3 1 497604 8 1 7 67 8 0 6 18 1
322 507360 P 17 13 1 10 3 12 0 1 0 79 0 0 507067 44 27 36 41 5 3 1 0
323 508101 A 507504 1 0 45 3 52 1 68 1 25 0 0 23 50 71 47 103 95 0 3 9
324 539215 H 0 0 16 0 0 9 538796 1 0 61 5 33 18 87 77 20 5 5 0 80 2
325 540469 K 1 0 0 112 0 1 0 0 540097 0 35 30 1 10 138 1 27 1 0 0 15
326 453772 S 0 33 0 1 0 88 0 7 0 2 0 66 0 0 42 453527 5 1 0 0 0
327 450313 Q 0 1 0 16 0 2 46 0 37 6 0 0 9 450015 122 0 0 3 0 0 56
328 373292 L 1 0 0 0 0 35 0 4 5 373068 42 20 53 16 16 9 0 12 8 0 3
329 412817 V 53 4 3 26 0 16 0 115 3 27 52 2 3 3 0 3 0 412496 5 0 6
330 390179 W 0 49 6 2 0 32 7 1 1 47 0 3 6 1 59 20 4 8 389813 0 120
331 365365 M 3 3 0 1 0 2 1 116 36 114 364934 8 11 4 10 4 50 61 1 0 6
332 380605 A 380233 1 1 29 0 27 9 1 5 4 3 1 90 6 1 37 80 73 1 0 3
333 410391 C 3 409861 1 0 37 10 0 0 1 8 0 0 2 2 132 119 30 10 28 103 44
334 422178 N 2 100 74 1 0 5 146 25 17 3 0 421701 5 2 0 58 5 10 0 22 2
335 384407 S 46 33 0 0 29 5 0 12 0 2 1 0 40 0 6 384196 13 3 0 21 0
336 364781 A 363356 0 51 7 1 82 0 0 1 1082 1 0 13 3 1 33 97 50 3 0 0
337 348276 A 348024 29 0 24 1 22 0 0 0 0 0 0 9 2 25 36 58 46 0 0 0
338 359720 F 0 4 0 5 359560 9 0 11 1 34 0 2 6 4 5 40 6 12 8 11 2
339 351748 E 5 0 40 351539 0 79 0 0 25 1 0 0 0 11 1 1 1 18 0 0 27
340 321296 D 1 4 321112 17 0 41 24 0 1 1 0 36 9 0 0 6 3 27 0 14 0
341 337696 L 0 0 0 0 0 0 0 29 0 337559 0 0 69 11 2 7 14 5 0 0 0
342 326419 R 1 4 0 3 0 62 0 21 41 2 0 0 5 1 326224 15 8 1 0 0 31
343 291789 V 45 0 0 25 0 4 0 178 5 23 0 0 0 0 1 0 0 291504 0 4 0
344 283909 L 2 0 1 1 35 15 0 21 0 283747 0 0 1 1 1 46 1 7 1 3 26
345 243899 S 4 7 0 0 3 65 0 13 2 9 1 25 2 0 35 243717 9 1 1 5 0
346 219937 F 3 2 0 0 219771 2 2 10 0 62 9 2 1 2 1 46 1 10 1 11 1
347 279901 I 0 2 0 1 21 8 0 279739 3 9 5 20 0 0 5 8 39 41 0 0 0
348 265725 R 0 1 0 1 0 69 0 16 28 5 0 0 9 0 265537 24 7 0 2 0 26
349 255525 G 9 0 0 26 0 255406 6 1 0 4 0 0 0 0 39 0 1 13 20 0 0
350 335368 T 75 30 9 0 0 51 2 32 1 11 0 15 5 4 8 50 335074 1 0 0 0
351 342530 K 0 0 0 44 0 2 8 17 342308 0 0 35 0 29 64 3 4 0 0 0 16
352 363005 V 49 3 0 26 4 9 1 36 0 21 0 0 0 2 2 13 0 362831 0 8 0
353 367330 S 0 5 0 0 47 0 0 29 0 8 177 0 279 1 0 366734 21 0 0 29 0
354 346206 P 10 0 14 5 1 7 0 0 0 28 0 0 346000 47 24 24 40 5 0 0 1
355 337189 R 0 0 0 0 0 73 1 0 58 1 50 0 0 0 336947 42 2 1 14 0 0
356 300554 G 7 0 0 35 1 300414 0 1 0 3 0 0 0 4 48 2 0 13 26 0 0
357 300190 K 0 0 0 62 0 1 0 14 299994 0 0 46 1 0 50 1 2 0 0 1 18
358 304096 L 0 0 3 0 20 1 13 19 0 303926 2 2 58 0 3 0 6 3 0 0 40
359 291004 S 8 11 0 1 42 0 0 1 0 1 0 0 65 45 254 290515 28 7 1 24 1
360 343088 T 45 0 2 0 1 0 2 27 1 2 0 17 11 3 2 53 342916 4 2 0 0
361 323736 R 5 1 0 2 0 46 2 25 42 3 1 2 0 1 323573 11 7 0 0 0 15
362 296864 G 6 0 0 23 0 296749 0 0 0 0 0 0 0 2 36 0 0 22 1 0 25
363 348277 V 75 5 1 23 14 5 0 68 0 133 0 6 0 0 1 1 0 347945 0 0 0
364 344770 Q 1 1 0 5 1 0 35 20 32 73 0 1 2 344476 50 28 9 0 0 0 36
365 361722 I 0 0 2 0 18 1 0 361439 0 88 14 19 0 5 3 5 66 58 1 0 3
366 314554 A 314415 0 21 1 0 10 1 1 0 6 0 0 10 0 0 28 31 29 1 0 0
367 309666 S 9 0 9 0 6 2 0 1 1 23 0 0 38 0 10 309497 24 16 0 0 30
368 315363 N 2 0 37 0 1 10 2 11 19 6 1 315208 0 3 2 39 7 3 0 9 3
369 310787 E 3 2 6 310613 0 37 0 0 55 0 2 0 4 5 4 1 2 20 0 3 30
370 319509 N 0 2 39 0 0 0 32 13 23 7 1 319249 3 11 18 47 54 1 0 9 0
371 317623 M 4 0 2 2 1 1 1 174 19 28 317114 0 2 1 7 2 39 217 1 5 3
372 329310 D 3 2 329072 42 0 61 24 0 0 2 1 47 0 0 3 3 5 25 0 20 0
373 327017 A 326454 3 30 0 241 14 0 0 39 31 12 12 30 1 1 18 84 47 0 0 0
374 365266 M 1 2 4 0 0 6 1 179 35 115 364322 0 1 2 5 5 75 140 2 3 368
375 347778 E 7 0 62 347449 12 94 0 3 53 8 0 3 5 8 0 0 12 24 0 0 38
376 266359 S 26 0 0 1 2 7 0 3 5 22 0 1 32 1 6 266213 15 0 0 0 25
377 271403 S 2 24 2 0 16 49 0 11 0 6 0 66 0 0 37 271156 28 1 5 0 0
378 250549 T 42 0 0 0 1 2 6 19 3 12 0 13 8 0 2 38 250396 1 0 6 0
379 256641 L 0 0 0 0 26 1 14 45 0 256464 8 2 56 1 6 4 1 5 0 8 0
380 260122 E 7 0 29 259898 0 42 1 0 32 1 0 1 0 74 1 2 0 20 1 0 13
381 264894 L 5 0 20 4 0 2 0 5 1 264771 17 1 42 5 6 0 3 6 4 0 2
382 278889 R 0 27 0 4 2 68 0 12 26 1 1 0 1 0 278705 15 6 2 0 0 19
383 322631 S 61 27 0 1 0 53 0 23 14 1 0 47 3 0 64 322306 15 9 0 7 0
384 348464 R 0 1 2 3 0 154 3 0 46 1 16 13 6 1 348106 65 17 1 25 3 1
385 415361 Y 0 45 9 2 31 27 69 0 1 11 6 52 315 0 4 10 5 11 0 414723 40
386 404795 W 2 39 0 2 1 11 0 5 1 52 1 1 1 2 106 14 3 2 404418 1 133
387 373538 A 372936 5 42 4 0 281 3 0 0 0 0 0 29 0 8 52 77 101 0 0 0
388 417931 I 4 0 0 0 0 1 3 417560 33 55 108 1 2 4 11 0 79 55 0 4 11
389 395613 R 0 3 0 7 2 64 0 18 56 2 0 7 0 0 395403 22 8 2 0 2 17
390 405808 T 57 41 3 0 10 0 0 23 0 17 2 32 2 7 2 40 405564 3 1 3 1
391 415473 R 1 1 0 1 0 108 2 19 53 1 0 1 0 0 415221 22 7 1 8 0 27
392 401397 S 2 17 2 5 5 46 0 6 2 0 0 45 1 2 48 401202 9 2 0 0 3
393 411190 G 9 2 0 41 0 410146 1 0 0 0 0 0 1 1 76 850 1 36 3 0 23
394 386554 G 13 1 0 44 0 386046 0 2 0 1 0 0 1 0 46 0 0 36 0 0 364
395 392175 N 36 2 63 2 2 12 45 29 35 1 0 391772 1 2 38 60 51 4 0 14 6
396 394011 T 84 14 0 2 202 85 561 131 40 178 0 26 17 7 740 121 391710 49 25 0 19
397 447919 N 56 26 59 0 3 0 6 28 59 13 0 446761 10 42 509 118 12 85 109 19 4
398 449171 Q 20 35 0 20 0 19 278 13 1291 27 0 9 60 443208 4046 92 6 0 1 0 46
399 398673 Q 78 21 9 13 10 39 53 2 35 79 1 0 41 397728 332 43 54 74 2 1 58
400 355809 R 4 3 0 8 1 130 4 1 72 0 53 1 5 2 355471 27 8 2 17 0 0
401 342476 A 341906 0 30 23 1 49 0 1 0 1 0 5 78 1 233 29 54 63 0 2 0
402 347464 S 488 12 0 42 21 20 251 0 34 52 0 1 75 103 340 345951 26 6 1 40 1
403 351595 A 350975 3 0 35 1 19 14 1 0 58 0 5 21 1 25 96 159 125 0 1 56
404 366630 G 36 30 49 3 0 366369 0 0 0 4 3 1 1 0 17 51 31 34 0 0 1
405 364940 Q 2 0 0 14 1 0 21 0 30 13 18 2 8 364720 66 9 2 0 0 0 34
406 378118 I 1 0 0 0 27 0 14 377905 0 6 8 29 2 0 0 10 48 66 0 1 1
407 347230 S 8 19 0 0 0 101 10 10 0 2 0 47 0 7 160 346864 2 0 0 0 0
408 353942 V 73 1 1 38 0 8 3 2 0 22 118 1 0 2 2 0 0 353671 0 0 0
409 360987 Q 1187 252 0 19 0 33 35 24 27 13 7 1 6 358330 42 101 669 44 4 6 187
410 333008 P 104 8 1 0 0 24 48 0 0 20 0 3 332706 7 11 41 34 1 0 0 0
411 354713 A 353960 9 1 34 0 19 7 0 0 1 0 0 14 0 16 267 295 81 0 0 9
412 362967 F 1 1 0 0 362728 10 1 47 3 115 0 1 2 0 1 33 0 16 0 5 3
413 324050 S 2 10 0 6 24 8 0 3 17 4 0 1 42 0 8 323883 21 5 0 14 2
414 342126 V 75 4 0 37 6 26 2 20 6 46 78 0 0 9 2 1 6 341806 0 1 1
415 349248 Q 9693 112 1 18 7 154 34 25 48 1997 0 2 8 334995 1642 213 31 215 4 1 48
416 350878 R 0 0 0 16 1 84 7 15 29 2 1 13 2 1 350669 13 11 0 0 0 14
417 316859 N 0 4 64 0 17 42 9 20 55 117 0 316111 2 0 40 40 121 30 163 23 1
418 334984 L 4 1 0 0 29 3 20 33 0 334703 51 5 97 1 8 8 4 16 1 0 0
419 359241 P 13 2 1 0 0 4 8 1 0 80 0 0 358950 39 38 29 40 33 0 3 0
420 338668 F 15 2 0 0 337345 9 1 34 0 227 0 0 0 6 0 170 17 677 26 139 0
421 348937 D 1131 204 342988 27 1 88 61 7 4 19 0 868 0 314 41 2367 3 771 12 27 4
422 342884 K 6 25 0 113 1 199 0 48 331596 17 9 72 0 30 10255 369 13 66 3 28 34
423 330595 P 22 14 6 3 0 131 70 2 4135 68 0 279 317591 63 6652 1162 311 76 0 8 2
424 341854 T 555 5 6 18 0 25 0 54 2 434 24 61 11 11 18 67 340522 6 31 4 0
425 343323 I 105 1 3 10 27 9 0 342687 1 5 6 26 0 0 2 3 52 383 1 0 2
426 331116 M 14 11 1 1 16 1 1 154 31 128 328182 8 8 36 14 8 258 2239 2 0 3
427 304558 A 300827 14 0 21 5 2903 3 16 1 137 11 363 20 4 8 69 74 77 1 2 2
428 302456 A 302056 13 0 18 0 20 68 19 0 2 0 5 8 16 3 91 81 52 0 2 2
429 300261 F 0 343 3 1 298811 4 10 52 0 75 0 1 6 13 5 105 1 15 3 811 2
430 269519 T 190 8 0 2 4 34 1 51 9 2 5 18 270 0 773 470 267567 96 1 7 11
431 291731 G 10 1 3 42 33 291049 182 125 1 43 0 0 7 0 101 28 4 27 66 9 0
432 302403 N 216 1 65 1 431 54 14 21 76 31 8 300922 9 31 21 421 21 18 9 31 2
433 322947 T 142 1 3 8 4 77 0 601 40 220 0 1 181 5 14 24 321579 41 0 6 0
434 328825 E 12 11 47 328175 1 140 15 7 50 2 18 6 2 47 12 93 19 121 7 0 40
435 348231 G 15 2 6 131 3 347747 0 2 6 2 2 0 10 0 221 2 1 35 10 2 34
436 352398 R 2 0 14 7 2 76 0 79 51 23 1 1 1 1 352059 23 9 9 4 1 35
437 353870 T 49 7 19 4 0 4 1 43 26 5 0 4 12 5 74 383 353002 10 0 0 222
438 365337 S 12 5 2 2 1 207 0 4 0 37 0 0 46 2 28 364802 37 106 2 1 43
439 358267 D 8 0 357565 27 0 63 11 497 0 14 0 29 2 2 3 0 2 27 1 13 3
440 353519 M 18 85 3 7 0 14 3 78 20 31 352720 0 12 10 9 25 63 50 6 314 51
441 340676 R 0 0 0 2 0 73 0 0 50 3 55 1 2 1 340261 192 9 0 27 0 0
442 344636 A 336692 70 24 144 0 652 1 349 0 207 11 92 13 8 1 652 2682 3032 3 2 1
443 349459 E 2 0 31 349257 0 63 1 0 45 1 0 0 1 12 7 1 0 23 0 1 14
444 345903 I 3 20 1 2 20 15 1 345530 3 22 2 21 8 15 21 11 34 162 4 8 0
445 391964 I 10 58 1 0 0 10 1 391392 23 50 121 1 6 37 22 6 158 48 0 4 16
446 356516 R 244 0 7451 85 2 3835 26 13 128 19 52 240 1 0 344206 67 30 52 29 5 31
447 343263 M 20 0 7 1 1068 14 350 77 32 164 340968 23 2 34 140 22 43 247 3 5 43
448 339069 M 23 0 16 20 0 9 0 956 41 267 337502 0 1 2 19 6 36 82 83 1 5
449 313030 E 8 16 33 311158 0 133 0 0 46 1 2 1572 1 9 4 1 3 24 0 0 19
450 338710 G 477 2685 56 1 14 334440 196 5 0 16 1 1 15 1 11 256 496 34 4 1 0
451 376870 A 368117 64 21 71 9 6507 24 53 0 1335 0 0 25 14 29 66 299 191 42 0 3
452 372748 K 0 0 2 43 0 4 11 26 372354 10 0 145 0 41 74 3 13 1 1 9 11
453 369120 P 25 0 0 1 0 312 2 1 65 59 0 0 367745 275 61 97 28 14 434 0 1
454 377880 E 27 117 26 361264 23 3324 48 3 44 217 1 0 0 22 6 394 4 12186 25 121 28
455 386280 E 146 120 109 384788 10 137 4 53 48 17 26 83 49 156 119 171 49 154 2 19 20
456 392831 M 563 2 20 11 7 132 1 108 37 83 391040 6 3 95 269 37 54 68 168 123 4
457 378184 S 48 13 83 0 29 20 3 4 0 9 1 2 68 17 1 377819 34 2 1 30 0
458 390472 F 5 3 7 0 389521 2 153 34 0 284 0 0 1 0 2 254 2 5 38 156 5
459 375546 Q 2 10 0 163 1 205 48 8 216 65 18 84 163 369595 4102 17 452 240 107 0 50
460 343170 G 321 7 2 41 1 342619 9 1 2 22 1 0 1 7 77 11 4 24 8 0 12
461 326307 R 431 1 0 14 0 66 0 0 0 68 0 0 152 127 325044 3 310 0 91 0 0
462 293476 G 61 4 9 131 0 292514 98 0 0 75 1 247 121 1 73 4 1 72 6 5 53
463 289809 V 109 43 17 1160 11 55 0 61 1 33 0 6 0 10 85 7 2 288207 0 1 1
464 307320 F 1 122 0 0 303763 2 0 20 0 339 0 0 2882 3 1 90 65 10 0 22 0
465 370356 E 3 0 30 369989 5 174 0 4 74 0 0 0 0 8 0 3 0 12 12 7 35
466 317492 L 180 12 3 8 92 413 74 147 4 312609 19 9 162 6 6 23 16 519 2346 841 3
467 337329 S 5 688 0 3 23 10 57 4 17 82 0 0 60 5 269 335953 108 1 7 7 30
468 370170 D 7 80 369593 24 59 88 6 0 0 1 0 57 0 0 0 1 220 10 0 24 0
469 445145 E 98 2 60 444226 1 135 25 9 173 44 6 0 1 31 27 48 27 39 0 150 43
470 480591 R 0 0 0 0 0 122 0 1 104 394 290 0 0 2 479596 29 9 0 44 0 0
471 477867 A 477071 0 0 50 1 45 0 0 0 12 0 0 12 3 1 17 71 167 0 0 417
472 491273 A 490720 0 4 49 47 21 3 1 0 3 0 1 16 1 16 40 158 193 0 0 0
473 531872 N 2 0 64 1 191 0 8 148 139 5 11 531124 32 13 15 79 12 4 0 24 0
474 523737 P 32 0 0 1 0 0 0 0 0 79 0 0 523398 68 30 88 41 0 0 0 0
475 501736 I 1 0 1 0 26 0 0 501490 0 9 8 35 0 0 3 6 47 110 0 0 0
476 457577 V 101 1 0 58 0 70 0 0 0 50 143 0 0 1 1 1 1 457150 0 0 0
477 450704 P 15 0 0 0 0 0 32 133 0 44 0 0 450318 0 10 65 87 0 0 0 0
478 431934 S 4 11 0 0 28 6 4 8 12 206 0 0 82 93 6 431398 37 9 0 26 4
479 455425 F 0 50 1 0 454777 221 0 15 1 174 1 1 7 0 2 127 0 10 0 37 1
480 452745 D 4 19 452084 57 0 110 12 1 1 2 0 92 15 0 13 8 56 243 0 27 1
481 392338 M 21 21 0 43 5 13 0 83 22 33 391845 0 0 10 11 0 53 95 83 0 0
482 477090 S 0 43 0 4 0 124 0 41 0 1 0 56 1 0 51 476523 245 0 1 0 0
483 533556 N 0 0 442 0 2 0 4 34 49 1 12 532933 0 0 1 53 3 0 0 21 1
484 472271 E 6 0 35 471234 6 68 0 1 68 0 0 1 580 21 0 0 5 205 0 2 39
485 427774 G 9 6 2 31 2 427293 0 1 2 35 0 0 1 0 177 0 3 169 0 1 42
486 435845 S 0 8 1 3 29 0 0 5 0 2 0 2 54 0 0 435566 149 0 0 26 0
487 436256 Y 0 58 4 0 13 0 101 2 1 1 0 11 0 0 0 4 0 0 0 436024 37
488 429645 F 1 4 0 0 429411 0 0 21 0 74 5 0 0 0 1 70 0 0 0 58 0
489 409143 F 0 4 0 4 408871 0 0 13 0 111 55 0 2 0 0 42 21 4 0 16 0
490 408805 G 8 0 0 27 2 408104 0 0 0 3 0 0 0 0 578 1 1 35 0 0 46
491 414661 D 5 3 413271 128 0 76 9 0 0 13 0 39 6 0 1 2 1 41 0 1064 2
492 419957 N 1 0 83 1 0 0 13 25 63 20 0 419656 4 1 1 66 7 0 0 13 3
493 498041 A 491324 1 1 48 0 34 1 5 4 11 3 1 24 3 6037 47 347 150 0 0 0
494 417069 E 8 0 82 416718 0 87 12 0 76 6 1 0 0 11 1 1 0 28 0 1 37
495 418687 E 7 0 39 417323 0 90 6 0 60 4 4 0 1 17 1046 10 11 37 0 1 31
496 405871 Y 17 113 6 8 38 182 76 0 2 6 0 24 0 0 12 117 0 6 9 405162 93
497 380996 D 1122 32 375598 92 10 1840 39 34 0 33 15 140 1 1 139 77 451 1098 14 259 1
498 296077 N 98 32 42 279 41 241 34 260 4251 69 11 281268 142 49 6959 101 119 803 1132 35 111
