# amino-acid counts among definitively called codons
# POSITION TOTAL_COUNTS WT N_A N_C N_D N_E N_F N_G N_H N_I N_K N_L N_M N_N N_P N_Q N_R N_S N_T N_V N_W N_Y N_STOP
1 455643 M 0 0 1 0 0 0 0 96 42 32 455283 0 0 0 6 0 77 105 1 0 0
2 432396 A 432132 0 0 53 0 20 0 0 0 0 0 0 4 0 0 51 25 111 0 0 0
3 453607 S 0 6 0 0 36 0 0 0 0 1 0 0 79 0 1 453423 17 1 0 43 0
4 454628 Q 1 0 0 7 9 0 42 1 73 19 0 1 7 454326 99 9 0 0 0 2 32
5 413328 G 17 44 36 0 0 413163 0 0 0 0 0 0 2 0 5 32 0 27 2 0 0
6 366604 T 68 0 0 0 0 1 0 33 1 1 0 15 5 0 0 25 366455 0 0 0 0
7 364404 K 0 0 0 48 0 7 0 7 364220 0 0 28 1 3 70 0 4 0 0 0 16
8 317576 R 0 0 0 0 0 3 0 0 1 31 0 0 7 44 317421 0 1 0 68 0 0
9 327281 S 2 10 0 0 33 0 0 0 0 3 0 0 47 0 0 327152 10 9 0 15 0
10 357827 Y 1 148 0 0 5 0 63 0 0 6 10 6 0 0 0 0 0 1 0 357555 32
11 323189 E 5 0 20 322989 0 54 0 0 46 0 0 6 0 12 0 0 0 20 0 0 37
12 300387 Q 0 0 0 3 0 0 15 0 15 15 0 0 7 300186 89 1 0 0 1 0 55
13 370164 M 0 0 7 1 0 0 0 97 25 29 369898 0 0 0 4 1 47 54 1 0 0
14 364767 E 2 0 14 364602 0 51 0 0 27 0 0 0 0 13 0 0 2 17 0 0 39
15 344781 T 64 0 0 0 0 0 0 19 0 2 0 9 10 0 0 27 344650 0 0 0 0
16 389324 D 4 0 389095 35 1 59 6 1 0 0 4 33 0 1 0 0 0 38 0 36 11
17 385507 G 10 0 0 38 0 385255 1 0 1 6 0 0 1 0 52 0 0 71 72 0 0
18 380338 E 3 0 8 380128 0 73 0 0 74 0 0 3 0 9 0 0 0 15 0 0 25
19 383673 R 2 73 0 0 0 8 104 0 0 39 0 0 25 0 383401 19 1 1 0 0 0
20 392536 Q 0 0 0 10 0 0 57 0 32 22 0 0 9 392157 200 0 0 0 0 0 49
21 373299 N 0 0 41 2 0 9 2 28 22 0 0 373081 0 0 1 89 1 0 0 23 0
22 381886 A 381636 0 0 36 0 11 0 1 0 0 0 1 12 2 0 44 49 91 0 0 3
23 397942 T 97 1 0 0 0 0 1 25 0 0 0 18 2 0 0 44 397754 0 0 0 0
24 378920 E 5 1 24 378689 0 94 0 0 42 0 1 0 0 6 2 0 0 18 1 0 37
25 331627 I 0 0 0 0 20 2 0 331492 0 2 5 16 1 0 0 1 38 50 0 0 0
26 362150 R 0 0 0 0 0 192 0 37 25 3 0 0 0 1 361850 15 3 0 0 0 24
27 348295 A 348105 0 0 30 0 11 2 1 0 0 0 0 10 0 1 32 28 75 0 0 0
28 377242 S 1 10 0 0 26 0 0 1 0 1 0 0 54 0 2 377081 28 0 0 38 0
29 362872 V 45 0 22 0 17 4 0 69 0 5 0 0 0 0 1 1 0 362708 0 0 0
30 380027 G 15 0 0 38 0 379773 0 0 0 0 0 0 1 0 91 0 0 53 56 0 0
31 377736 K 0 0 0 42 0 0 0 0 377504 0 27 34 0 1 111 0 0 0 0 0 17
32 371631 M 0 0 2 2 0 0 0 62 27 26 371422 5 1 0 4 1 38 41 0 0 0
33 379441 I 0 0 3 0 31 0 0 379279 0 0 4 32 0 0 0 2 49 41 0 0 0
34 378547 D 1 0 378342 30 0 54 8 0 0 0 1 39 0 0 0 0 1 34 0 36 1
35 345552 G 11 0 0 34 0 345371 0 0 2 0 0 0 0 0 47 0 0 42 0 0 45
36 363955 I 0 1 0 0 14 0 0 363767 0 1 4 19 0 2 0 2 44 101 0 0 0
37 341678 G 8 0 4 23 0 341517 0 0 0 0 0 0 0 2 54 0 0 30 0 0 40
38 315857 R 0 0 0 0 1 8 1 0 0 25 0 0 8 50 315695 0 1 0 0 0 68
39 345275 F 0 2 0 0 345098 0 0 23 0 84 0 0 1 0 0 39 0 4 0 24 0
40 333446 Y 0 114 2 0 29 0 76 0 0 1 0 18 0 0 3 4 3 0 0 333169 27
41 297739 I 0 0 0 0 14 0 3 297633 0 0 5 26 0 1 0 2 32 23 0 0 0
42 291938 Q 0 0 0 9 0 0 10 0 32 16 0 0 7 291785 44 1 0 0 0 0 34
43 283765 M 0 3 0 0 0 0 0 59 13 16 283592 0 0 0 1 0 25 56 0 0 0
44 315633 C 0 315413 0 0 23 4 0 0 0 0 0 0 0 0 64 42 0 0 9 47 31
45 304126 T 45 0 0 0 0 0 0 26 0 0 0 10 4 0 0 40 304001 0 0 0 0
46 336361 E 2 1 17 336231 0 34 0 0 37 0 0 0 0 10 1 0 0 11 0 0 17
47 391945 L 0 0 0 0 23 0 14 10 0 391825 0 0 48 0 2 1 14 7 0 1 0
48 395299 K 0 0 0 78 0 25 0 6 395016 1 1 45 0 2 80 2 0 0 0 0 43
49 390080 L 0 0 0 0 23 0 12 15 0 389969 0 0 50 1 3 1 1 4 0 0 1
50 388656 S 0 25 0 0 0 173 0 11 0 1 0 20 4 0 45 388372 5 0 0 0 0
51 433691 D 2 0 433519 30 0 38 5 0 0 0 0 41 0 0 0 0 0 20 0 32 4
52 463934 Y 0 180 5 0 30 0 53 2 0 4 6 7 0 0 0 2 1 1 0 463590 53
53 443566 E 3 1 107 443164 0 128 0 0 53 1 1 0 0 7 1 0 1 29 0 1 69
54 399485 G 12 0 1 36 0 399311 0 0 0 0 0 0 0 0 43 0 0 22 60 0 0
55 376129 R 1 0 2 0 0 23 0 0 0 41 0 0 9 61 375871 0 0 0 0 0 121
56 373068 L 0 0 0 0 0 0 0 0 0 372964 11 0 61 15 6 0 2 9 0 0 0
57 396132 I 0 0 0 0 23 0 0 395963 0 0 10 29 0 0 0 3 56 48 0 0 0
58 382123 Q 0 0 0 9 0 0 41 0 38 14 0 0 5 381896 85 0 0 0 0 0 35
59 365758 N 0 0 29 0 0 0 3 35 16 0 0 365565 1 0 0 85 3 1 0 20 0
60 287158 S 1 5 0 0 0 52 0 33 0 4 0 23 0 0 25 287011 4 0 0 0 0
61 288012 L 1 1 0 0 22 0 0 15 0 287896 0 0 8 0 0 44 0 2 0 0 23
62 264482 T 64 1 0 0 0 0 0 30 10 0 0 0 0 5 5 26 264340 0 0 0 1
63 283469 I 0 1 0 2 0 0 0 283156 18 12 149 0 0 1 4 0 35 88 0 0 3
64 293554 E 1 0 26 293401 0 51 0 0 20 0 0 0 0 5 2 1 0 11 0 0 36
65 283864 R 0 0 0 2 0 58 1 25 35 1 0 0 0 0 283705 15 4 0 0 0 18
66 295336 M 0 0 2 0 0 0 0 70 19 11 295097 4 0 0 1 0 37 94 1 0 0
67 283909 V 59 2 0 21 0 6 0 1 0 14 26 0 0 0 0 0 0 283779 1 0 0
68 307254 L 1 2 0 0 20 0 15 22 0 307142 0 0 33 0 5 0 0 14 0 0 0
69 319834 S 1 7 0 0 16 0 0 0 0 0 0 0 56 1 0 319704 15 0 0 34 0
70 341464 A 341313 2 21 0 0 9 0 0 0 7 0 0 8 0 0 33 47 24 0 0 0
71 331051 F 3 2 0 0 330883 0 0 12 0 103 0 0 0 0 0 28 0 1 0 6 13
72 330468 D 4 2 330271 24 0 59 9 0 1 0 0 46 0 0 0 0 7 23 0 22 0
73 304660 E 0 0 13 304502 0 33 0 0 49 6 0 0 3 9 4 0 0 17 0 0 24
74 311013 R 0 0 0 1 0 126 0 18 21 0 0 0 0 1 310798 20 6 0 0 0 22
75 318829 R 0 0 0 1 0 108 0 1 26 0 27 1 0 0 318586 45 8 0 26 0 0
76 342041 N 0 0 41 7 0 0 1 23 26 0 0 341828 0 0 0 93 1 0 0 21 0
77 343391 K 0 0 0 159 0 21 0 13 343082 1 0 32 0 3 54 0 6 0 0 0 20
78 267046 Y 0 85 2 1 23 1 28 2 0 1 0 11 1 1 0 2 1 0 1 266873 13
79 260790 L 0 3 0 0 0 0 0 0 0 260712 11 0 49 8 4 0 0 2 1 0 0
80 240290 E 0 0 8 240166 0 50 0 1 18 1 0 0 0 9 0 0 0 14 0 0 23
81 226807 E 2 2 20 226690 0 31 0 0 24 0 0 1 0 5 0 0 0 12 0 0 20
82 263502 H 0 0 5 1 1 0 263384 0 1 16 0 11 3 10 31 2 5 0 0 31 1
83 354839 P 5 0 0 0 0 0 25 0 0 32 1 0 354694 0 10 43 28 0 0 1 0
84 355537 S 2 2 0 0 0 96 0 45 0 1 0 22 2 1 40 355315 11 0 0 0 0
85 377210 A 376984 0 1 27 0 8 1 1 0 0 0 0 13 3 21 42 52 57 0 0 0
86 417633 G 10 0 0 40 0 417390 1 0 2 0 0 0 1 0 54 0 0 57 78 0 0
87 436530 K 0 0 0 136 0 2 0 1 436067 0 21 111 0 1 157 0 7 0 0 0 27
88 445758 D 1 0 445568 39 0 38 10 8 0 1 0 30 0 0 0 1 0 21 0 41 0
89 407622 P 10 0 0 0 1 0 38 0 1 30 0 0 407480 1 6 26 28 1 0 0 0
90 408478 K 0 0 0 73 0 53 0 1 408094 2 9 15 0 2 219 0 3 0 0 0 7
91 378577 K 0 0 0 40 0 3 0 12 378415 1 0 14 0 1 81 0 3 1 0 0 6
92 342674 T 102 0 1 0 0 0 0 16 0 3 0 11 10 0 0 20 342511 0 0 0 0
93 340306 G 3 0 0 29 0 340150 0 0 0 0 0 0 0 0 48 0 1 44 0 0 31
94 319636 G 9 1 3 31 0 319493 0 0 0 0 0 0 0 0 30 0 0 31 0 0 38
95 334054 P 7 0 0 0 1 0 38 0 0 24 0 0 333929 2 6 28 19 0 0 0 0
96 366564 I 0 0 0 0 0 0 1 366360 30 28 54 2 4 0 1 0 42 32 0 10 0
97 389341 Y 0 53 1 0 43 0 40 4 0 1 0 30 0 8 0 3 0 1 0 389146 11
98 335356 K 0 0 0 77 0 0 0 0 335055 5 21 27 0 7 133 0 11 0 0 0 20
99 245782 R 0 0 0 0 0 38 0 22 16 2 0 0 0 0 245666 16 8 0 0 0 14
100 243100 V 23 1 0 14 0 3 0 29 0 21 0 0 0 0 0 1 0 243008 0 0 0
101 290168 D 0 1 290027 28 0 27 6 1 0 0 0 20 1 0 2 1 1 30 0 22 1
102 300825 R 0 0 0 1 0 160 0 20 25 0 1 0 0 0 300587 13 5 0 0 0 13
103 315414 K 1 0 0 85 0 43 0 0 315175 0 5 20 0 2 70 0 2 0 0 0 11
104 324111 W 0 38 0 0 0 6 0 0 0 32 0 0 0 0 69 10 0 0 323912 0 44
105 332568 M 0 0 2 0 0 1 0 98 36 19 332323 0 0 0 4 0 34 51 0 0 0
106 348807 R 0 0 0 3 0 111 0 0 46 0 57 0 0 0 348512 51 9 0 17 0 1
107 346336 E 1 0 20 346058 0 39 0 0 159 1 0 2 0 9 0 0 0 11 0 0 36
108 345586 L 0 0 0 0 29 0 27 13 0 345471 0 0 37 0 0 2 0 7 0 0 0
109 333079 V 45 0 24 0 14 2 0 50 0 10 0 0 0 0 1 2 0 332931 0 0 0
110 364702 L 0 0 0 0 22 0 10 32 0 364573 0 0 58 0 2 1 0 4 0 0 0
111 354622 Y 0 83 1 0 32 0 60 0 0 6 15 7 0 0 0 1 0 1 0 354379 37
112 309918 D 3 0 309693 16 0 85 7 0 1 0 0 49 0 0 0 1 1 37 0 24 1
113 285843 K 0 0 0 41 0 13 0 11 285677 0 0 15 0 13 60 1 5 0 0 0 7
114 338470 E 2 0 15 338328 0 47 0 0 27 0 0 0 0 13 3 0 0 10 0 0 25
115 383277 E 2 0 8 383109 0 53 0 1 45 0 0 0 1 5 10 1 0 19 0 0 23
116 408246 I 0 0 0 0 0 0 0 407836 14 24 216 12 1 0 3 1 38 94 0 4 3
117 388980 R 0 0 0 0 0 234 0 0 32 0 42 0 0 0 388600 38 4 0 30 0 0
118 380667 R 0 0 0 0 0 21 0 0 0 29 0 0 14 46 380489 0 0 0 0 0 68
119 407343 I 0 0 0 0 12 0 0 407200 0 1 2 30 0 0 0 2 32 64 0 0 0
120 382416 W 0 30 0 0 0 4 0 0 0 27 0 0 0 0 72 10 0 0 382200 0 73
121 393243 R 1 103 0 0 0 11 90 1 0 43 0 0 9 0 392941 44 0 0 0 0 0
122 371714 Q 0 0 0 8 0 1 16 0 21 14 0 0 4 371549 57 1 0 0 0 0 43
123 432289 A 432049 0 43 0 0 5 0 0 1 2 0 1 19 0 0 43 64 62 0 0 0
124 479888 N 0 0 63 0 0 1 5 33 42 0 0 479676 1 4 0 47 2 0 0 14 0
125 468827 N 0 0 179 0 0 40 1 33 30 1 3 468447 0 0 0 65 0 0 2 21 5
126 370293 G 10 42 30 0 0 370147 0 0 1 0 0 0 0 0 4 36 0 22 1 0 0
127 368378 D 2 1 368199 34 0 52 6 0 0 1 3 32 0 0 0 1 0 18 0 28 1
128 360103 D 5 0 359931 31 1 52 6 0 0 0 0 29 0 0 0 0 0 29 0 19 0
129 367545 A 367344 0 0 21 0 9 0 0 0 2 0 0 15 1 0 32 52 68 1 0 0
130 324951 T 85 0 0 0 0 0 0 39 16 1 1 0 1 1 9 19 324779 0 0 0 0
131 299727 A 299622 0 26 0 0 11 0 0 0 0 0 0 4 0 0 26 16 22 0 0 0
132 370773 G 11 32 35 0 0 370614 0 0 0 0 0 0 0 0 7 35 0 38 0 0 1
133 392160 L 0 0 1 0 0 0 0 0 0 392014 17 0 86 18 10 4 0 9 0 0 1
134 465176 T 75 0 2 0 0 0 0 24 1 0 0 15 4 0 0 59 464996 0 0 0 0
135 484261 H 1 0 8 0 0 0 483962 0 0 51 0 68 5 28 90 0 1 0 0 47 0
136 512243 M 0 0 2 1 0 0 2 88 33 22 511930 0 1 0 4 0 62 97 0 1 0
137 522126 M 0 0 0 0 0 0 0 96 36 38 521796 0 0 0 8 1 66 84 0 1 0
138 467690 I 0 0 1 0 21 0 0 467529 0 6 3 29 0 0 0 3 43 55 0 0 0
139 444374 W 0 81 0 1 0 6 0 1 0 25 0 0 0 0 128 15 0 0 444032 0 85
140 425876 H 1 0 26 0 0 0 425646 1 0 31 0 37 4 9 59 0 0 0 0 62 0
141 423335 S 2 16 0 0 40 0 0 0 0 0 0 0 66 0 0 423169 18 0 0 24 0
142 418752 N 0 0 60 0 0 4 4 36 11 0 0 418521 0 0 0 95 1 0 0 20 0
143 411149 L 0 0 0 0 48 0 0 0 0 410995 16 0 1 0 0 66 0 1 6 0 16
144 390040 N 0 0 72 0 0 5 0 11 32 0 0 389824 0 0 0 80 2 0 0 14 0
145 374722 D 1 0 374568 23 0 41 15 0 0 0 0 27 0 0 0 0 0 26 0 21 0
146 363831 T 150 0 1 0 0 0 0 60 25 0 0 2 0 1 8 22 363560 0 0 0 2
147 462549 T 124 0 2 1 0 0 5 42 20 0 0 2 3 2 8 25 462312 1 0 2 0
148 414311 Y 0 97 2 0 30 0 65 7 0 1 0 19 0 1 0 7 0 0 1 414057 24
149 414366 Q 0 0 0 16 0 0 63 0 27 25 0 0 9 414024 152 0 2 0 0 0 48
150 389774 R 0 0 2 2 0 87 0 0 47 0 39 0 0 0 389532 36 9 0 19 1 0
151 425726 T 74 0 0 1 0 1 0 57 17 0 0 0 5 1 2 49 425519 0 0 0 0
152 445551 R 0 0 0 1 0 339 0 43 35 0 0 1 0 0 445070 19 14 0 0 0 29
153 490276 A 490123 0 32 2 0 8 0 0 0 0 0 0 8 0 0 51 28 24 0 0 0
154 522350 L 0 0 0 0 43 1 25 33 0 522166 0 0 74 0 1 2 0 5 0 0 0
155 530662 V 59 1 39 0 11 4 0 39 0 8 0 0 0 0 0 0 0 530501 0 0 0
156 538812 R 1 84 0 0 0 22 148 0 0 77 0 0 24 0 538409 46 1 0 0 0 0
157 541312 T 125 1 0 0 0 1 0 73 0 0 0 16 5 2 0 42 541047 0 0 0 0
158 552004 G 21 42 139 1 0 551598 0 0 0 0 2 0 0 0 11 148 0 42 0 0 0
159 572256 M 0 0 0 0 1 0 4 164 14 52 571819 0 0 0 6 1 77 117 1 0 0
160 654920 D 3 0 654582 41 0 91 11 3 0 0 0 56 1 0 1 0 0 28 0 102 1
161 579358 P 13 0 0 0 0 1 69 1 0 48 0 0 579112 2 21 54 36 1 0 0 0
162 547906 R 0 0 0 1 0 305 0 0 37 0 68 0 0 3 547410 55 6 0 21 0 0
163 503343 M 0 0 1 0 0 0 0 99 18 32 503030 0 0 0 6 1 50 106 0 0 0
164 495793 C 2 495457 0 0 46 8 0 1 0 1 0 0 0 0 63 51 0 1 23 111 29
165 471115 S 12 13 0 2 25 0 0 0 0 1 0 0 81 0 0 470921 18 0 0 42 0
166 468097 L 0 0 1 0 0 0 0 1 0 467892 41 0 114 32 4 0 0 12 0 0 0
167 458736 M 0 1 0 0 0 0 0 211 27 48 458308 0 1 0 6 1 69 64 0 0 0
168 431258 Q 0 0 0 14 0 0 74 0 40 24 0 0 6 430838 197 0 0 0 0 0 65
169 398386 G 11 15 50 0 0 398252 0 0 0 2 0 2 0 0 7 27 0 20 0 0 0
170 422941 S 3 0 1 0 0 0 0 0 0 92 0 0 46 0 0 422727 20 1 10 0 41
171 414230 T 62 0 3 0 0 1 0 25 0 0 0 19 0 2 1 34 414082 1 0 0 0
172 443170 L 0 0 0 0 33 0 26 49 0 442944 0 0 94 0 2 4 0 18 0 0 0
173 574772 P 12 0 0 0 0 0 83 0 0 50 0 0 574493 1 14 58 58 0 0 0 3
174 572833 R 1 0 0 3 0 447 0 1 41 1 60 0 2 0 572146 69 18 1 37 0 6
175 451731 R 0 0 0 1 0 124 0 0 33 0 43 0 0 0 451465 32 8 1 24 0 0
176 481431 S 3 9 0 0 44 1 0 0 0 0 0 0 58 0 0 481257 31 0 0 28 0
177 500821 G 10 0 0 38 0 500610 0 1 0 1 0 0 0 1 63 1 0 40 1 1 54
178 480220 A 480067 0 30 0 0 13 0 0 0 0 0 0 8 0 0 37 34 31 0 0 0
179 496676 A 496290 0 0 36 0 16 0 0 1 2 0 0 7 0 0 48 186 89 0 0 1
180 509449 G 9 49 30 0 0 509270 0 0 0 0 0 0 0 0 10 36 0 45 0 0 0
181 507181 A 506920 1 45 0 0 9 0 0 0 0 0 0 15 1 0 48 113 29 0 0 0
182 521021 A 520552 1 0 49 0 11 0 0 0 0 0 0 17 1 2 48 178 162 0 0 0
183 566609 V 69 0 31 0 32 6 0 35 1 12 0 0 1 0 0 8 1 566413 0 0 0
184 577916 K 1 1 0 105 0 96 1 19 577358 0 0 87 1 27 180 0 4 0 0 0 36
185 489589 G 6 0 0 43 0 489377 0 0 0 0 0 0 0 0 47 0 0 37 0 0 79
186 481251 V 62 1 34 1 13 1 0 31 1 11 0 0 0 0 0 6 0 481090 0 0 0
187 476763 G 20 0 4 57 0 476488 0 0 1 1 0 0 1 0 53 0 2 46 90 0 0
188 381595 T 69 0 0 0 0 0 0 59 14 0 2 1 2 10 10 38 381389 1 0 0 0
189 310984 M 0 0 0 0 0 0 0 49 19 12 310778 2 0 0 0 0 39 82 3 0 0
190 301764 V 56 0 0 20 0 5 0 0 0 20 33 0 0 0 1 0 0 301627 0 0 2
191 290458 M 0 0 1 1 0 0 0 68 15 30 290273 0 0 0 5 0 25 39 1 0 0
192 267669 E 0 0 6 267520 0 64 0 0 22 1 1 0 0 5 0 0 0 19 0 0 31
193 335408 L 0 0 0 0 28 0 0 1 0 335266 22 0 3 1 3 57 0 9 5 0 13
194 402540 I 0 0 9 5 0 0 0 402114 17 32 230 0 0 0 1 0 53 76 0 0 3
195 381300 R 0 0 0 0 0 283 0 0 28 0 51 0 0 0 380870 36 10 0 22 0 0
196 394362 M 0 0 1 0 0 1 0 76 37 37 394123 0 0 0 2 0 45 40 0 0 0
197 420534 I 0 0 3 0 37 0 0 420320 2 0 5 48 0 0 0 1 41 76 0 0 1
198 398535 K 0 0 0 60 0 10 0 5 398347 0 0 20 0 6 74 0 3 0 0 0 10
199 372608 R 0 45 0 0 1 5 62 0 0 33 0 0 9 0 372432 16 3 1 0 0 1
200 367937 G 7 0 0 27 0 367740 0 0 1 1 0 0 0 0 44 1 0 49 67 0 0
201 364539 I 0 0 1 0 27 0 0 364393 0 1 4 19 0 0 0 2 41 51 0 0 0
202 374007 N 0 0 84 0 0 10 3 13 27 0 1 373794 0 3 0 52 3 0 0 17 0
203 349905 D 1 0 349717 30 0 55 5 0 0 0 0 35 0 0 0 1 0 32 0 29 0
204 364014 R 0 0 0 0 0 10 0 0 0 43 0 0 13 69 363824 0 0 0 55 0 0
205 379467 N 0 0 44 1 0 2 0 17 12 0 0 379304 0 0 0 73 1 0 0 13 0
206 452454 F 0 0 0 0 452257 0 0 16 0 116 0 0 2 0 0 41 3 0 0 19 0
207 465773 W 0 54 0 5 0 14 0 2 0 58 0 0 0 0 162 12 0 0 465378 0 88
208 342087 R 0 0 0 0 0 91 0 43 22 0 0 0 1 2 341868 30 3 0 1 0 26
209 368097 G 6 29 21 1 0 367978 0 0 0 0 0 0 0 0 15 25 0 22 0 0 0
210 390808 E 4 0 26 390555 0 62 0 0 57 0 0 0 0 6 0 0 0 28 0 0 70
211 380250 N 0 0 59 0 0 13 3 25 19 0 13 380076 0 0 0 33 1 0 0 8 0
212 358557 G 11 0 5 28 0 358378 0 0 0 1 0 0 0 0 60 0 0 33 0 0 41
213 351586 R 0 0 0 1 0 9 0 0 1 26 0 0 5 67 351384 0 2 1 0 0 90
214 343623 K 0 0 0 53 0 8 0 7 343478 0 0 10 0 1 58 0 0 0 0 0 8
215 341513 T 57 0 0 0 0 1 0 21 11 0 0 4 15 11 1 24 341368 0 0 0 0
216 319445 R 0 0 0 0 0 146 0 0 19 0 39 0 0 0 319189 30 5 0 17 0 0
217 296829 S 0 16 0 3 0 40 0 6 0 1 0 26 0 0 27 296709 1 0 0 0 0
218 311280 A 311152 4 26 1 0 12 0 0 0 0 0 0 8 0 0 20 36 21 0 0 0
219 310049 Y 0 104 4 0 19 0 45 0 0 0 0 1 0 0 0 0 7 0 0 309842 27
220 318127 E 5 0 32 317909 0 65 0 0 49 0 0 0 0 9 1 0 2 26 0 0 29
221 283536 R 0 0 0 1 0 64 0 16 24 3 0 0 0 0 283389 17 6 0 0 0 16
222 248765 M 0 0 0 1 0 0 0 41 16 13 248626 0 0 0 2 0 26 39 0 0 1
223 313873 C 0 313626 0 1 36 12 0 0 0 4 0 0 0 0 60 47 0 3 15 50 19
224 324799 N 0 0 56 0 0 4 10 45 14 0 0 324589 0 1 0 65 2 0 0 13 0
225 337799 I 0 0 0 0 26 0 0 337685 0 1 5 13 0 0 0 0 47 22 0 0 0
226 350845 L 0 0 0 0 25 0 29 13 0 350711 0 0 58 0 1 3 0 5 0 0 0
227 362195 K 0 0 0 67 0 4 0 21 362009 0 0 10 0 3 69 1 2 0 0 0 9
228 369349 G 12 1 0 36 0 369196 0 0 1 0 0 1 0 0 44 0 0 22 0 0 36
229 379191 K 0 0 0 77 1 10 0 18 378945 0 0 45 0 4 84 0 0 0 0 0 7
230 392159 F 0 1 0 0 392012 0 0 29 0 64 0 0 2 0 0 43 0 1 0 7 0
231 370216 Q 0 0 0 4 0 0 7 0 33 14 0 1 2 370021 93 8 0 0 0 0 33
232 350314 T 78 0 0 0 0 0 0 26 20 0 0 1 10 0 5 10 350164 0 0 0 0
233 341292 A 341165 1 31 0 1 12 0 0 0 0 0 0 8 2 0 27 28 17 0 0 0
234 292903 A 292680 1 1 33 0 13 2 0 0 0 0 0 10 0 0 24 107 32 0 0 0
235 286465 Q 0 0 0 6 0 0 26 0 8 13 0 0 0 286317 47 0 11 0 0 0 37
236 280792 R 0 0 0 0 0 118 0 0 21 1 47 1 0 0 280563 21 7 0 13 0 0
237 280559 A 280377 1 0 27 0 25 0 0 0 1 0 0 11 5 0 24 22 66 0 0 0
238 293264 M 0 0 1 0 0 0 0 51 11 8 293091 1 1 0 4 0 33 57 0 0 6
239 259491 M 0 0 2 2 0 0 0 100 18 29 259262 0 0 0 2 0 36 40 0 0 0
240 310207 D 0 0 310046 35 0 47 7 0 0 0 0 12 0 0 0 1 0 27 0 31 1
241 295599 Q 0 0 0 6 0 1 15 0 24 23 0 0 1 295412 78 1 0 0 0 0 38
242 343278 V 56 0 0 30 0 3 0 0 1 16 14 0 0 0 0 0 0 343158 0 0 0
243 342479 R 0 0 0 1 0 114 0 29 13 0 0 0 0 0 342254 31 8 0 0 0 29
244 335714 E 0 0 16 335544 0 63 0 0 46 1 0 0 0 7 2 0 0 15 0 0 20
245 361979 S 0 6 0 0 0 158 0 12 1 0 0 31 0 0 31 361726 9 5 0 0 0
246 353255 R 0 0 0 0 1 6 0 0 0 29 0 0 9 68 353083 1 0 0 58 0 0
247 357991 N 0 0 36 0 0 1 2 18 28 0 0 357800 0 0 0 79 13 0 0 14 0
248 385210 P 3 0 0 0 0 0 0 0 0 30 0 0 385055 61 10 22 29 0 0 0 0
249 404049 G 4 0 0 27 0 403900 0 0 0 0 0 0 1 1 56 0 1 18 0 0 41
250 387319 N 0 1 76 0 0 1 0 11 25 0 8 387125 0 1 0 53 2 0 0 16 0
251 413080 A 412860 1 56 1 0 7 0 0 0 6 0 1 14 0 0 45 51 38 0 0 0
252 399297 E 3 0 36 399043 0 89 0 0 51 0 0 0 0 9 2 1 0 26 0 0 37
253 415463 I 0 0 1 0 31 0 0 415314 0 1 6 21 0 0 0 3 37 49 0 0 0
254 400995 E 2 0 17 400765 1 61 0 1 63 0 0 0 0 15 1 1 0 29 0 0 39
255 404957 D 1 0 404791 24 0 61 2 0 0 0 0 35 0 1 0 0 0 26 0 16 0
256 387006 L 0 0 0 0 25 0 29 26 0 386845 0 0 73 0 3 2 0 3 0 0 0
257 388818 I 0 0 0 0 10 0 1 388664 0 1 6 28 0 0 0 4 35 68 0 0 1
258 350845 F 0 1 0 0 350710 0 0 15 0 65 0 0 3 0 0 42 0 2 1 6 0
259 341629 L 0 0 0 0 0 1 0 0 0 341514 27 0 51 25 2 0 0 7 2 0 0
260 346936 A 346722 0 1 29 0 11 0 0 0 0 0 0 14 0 0 23 60 76 0 0 0
261 295226 R 0 0 0 0 0 6 0 0 0 20 0 0 1 38 295099 1 0 0 61 0 0
262 368243 S 3 12 0 0 30 1 0 0 0 0 0 1 46 1 0 368106 19 2 0 21 1
263 359159 A 358902 0 2 38 0 14 1 0 0 0 0 0 15 0 0 43 89 55 0 0 0
264 298318 L 0 0 0 0 32 0 15 11 0 298198 0 0 55 0 0 2 3 2 0 0 0
265 314621 I 0 0 0 1 0 0 0 314419 13 25 89 2 0 0 0 2 39 30 0 1 0
266 331811 L 0 0 0 5 32 0 0 2 0 331679 20 0 2 0 1 50 0 0 6 2 12
267 333647 R 0 0 0 1 0 95 0 37 18 0 0 0 0 0 333448 12 4 0 0 0 32
268 370219 G 9 0 0 17 0 370061 0 0 0 0 0 0 0 0 55 0 0 25 52 0 0
269 388694 S 5 0 0 0 0 1 0 0 0 45 0 0 58 0 0 388505 35 4 0 0 41
270 393159 V 45 0 24 0 19 1 1 22 0 3 0 0 0 0 0 3 0 393041 0 0 0
271 381811 A 381627 0 21 1 0 12 0 0 0 0 0 0 20 3 0 31 49 47 0 0 0
272 381910 H 0 0 14 0 0 0 381696 0 0 30 0 34 8 32 48 1 0 0 0 47 0
273 381702 K 0 0 0 43 0 30 0 15 381443 0 0 24 0 2 134 0 1 0 0 0 10
274 364807 S 2 4 0 0 21 0 0 0 0 7 0 0 43 0 0 364698 10 0 0 22 0
275 330885 C 0 330735 0 0 18 5 0 0 0 4 0 0 0 0 29 7 0 8 0 32 47
276 272980 L 1 2 0 0 0 0 1 0 0 272897 29 0 20 22 2 0 0 5 0 0 1
277 207816 P 7 0 0 0 0 0 33 0 0 33 0 0 207641 0 9 70 21 2 0 0 0
278 181820 A 181647 1 32 0 0 5 0 0 0 1 0 0 23 0 0 24 66 21 0 0 0
279 157097 C 0 156894 0 0 11 9 0 0 0 0 0 0 2 0 120 5 0 1 3 37 15
280 141955 V 22 1 0 7 0 3 0 0 0 10 6 0 0 0 1 0 0 141904 0 1 0
281 90137 Y 0 46 2 0 2 0 21 0 0 2 1 4 0 0 0 0 1 2 5 90046 5
282 49547 G 3 0 6 12 0 49496 0 0 1 0 1 0 0 0 14 0 1 4 0 0 9
283 98780 P 1 0 0 0 0 0 12 0 0 17 0 0 98713 2 4 26 5 0 0 0 0
284 238360 A 238136 0 16 0 0 9 0 0 0 0 0 0 15 0 0 37 83 64 0 0 0
285 242463 V 48 0 0 15 0 1 0 35 0 16 0 0 0 0 3 0 0 242344 0 0 1
286 279566 A 279456 0 19 0 0 0 0 0 0 0 0 0 5 0 0 39 26 21 0 0 0
287 357091 S 0 24 0 0 0 48 0 19 0 0 0 27 1 5 41 356916 10 0 0 0 0
288 395446 G 10 33 39 0 0 395274 0 0 0 0 0 0 0 0 13 40 1 36 0 0 0
289 401037 Y 1 122 3 0 30 1 107 0 0 1 0 11 0 0 0 1 0 0 0 400728 32
290 436710 D 1 0 436541 16 0 41 4 0 0 0 0 60 0 0 0 0 0 20 0 27 0
291 440615 F 0 0 0 0 440451 0 0 7 0 111 0 0 0 1 0 31 0 2 0 12 0
292 445200 E 1 0 13 444976 1 80 0 0 61 0 0 0 0 11 10 1 0 15 0 0 31
293 442773 K 0 0 0 84 0 24 0 16 442559 0 0 20 0 2 59 0 1 0 0 0 8
294 435441 E 0 0 64 435186 0 80 1 0 25 0 0 0 0 8 6 0 1 18 1 0 51
295 415739 G 11 0 4 48 0 415555 0 0 1 0 0 0 0 0 43 0 0 42 0 0 35
296 359708 Y 0 80 2 0 24 0 51 0 0 0 0 24 0 0 0 0 0 0 0 359506 21
297 315960 S 0 5 0 0 13 1 0 0 0 2 0 0 35 0 0 315856 26 0 0 22 0
298 300784 L 0 1 0 0 10 0 0 9 0 300693 0 0 2 0 0 39 0 1 0 0 29
299 330638 V 50 0 1 26 0 9 0 0 0 25 27 0 0 2 0 3 2 330487 6 0 0
300 233902 G 6 1 0 54 0 233732 0 0 0 0 0 0 0 0 33 0 0 26 1 0 49
301 392913 I 1 0 0 1 0 0 0 392590 25 36 127 4 0 0 3 1 59 56 0 0 10
302 392090 D 5 0 391898 29 4 44 8 0 0 0 0 33 0 0 4 0 6 22 0 37 0
303 379517 P 10 0 0 1 0 0 44 0 1 32 0 0 379387 0 3 16 23 0 0 0 0
304 435882 F 0 3 1 0 435652 0 0 15 0 102 0 0 3 0 0 77 0 2 0 27 0
305 435586 K 0 0 0 64 0 11 0 31 435312 0 0 48 0 17 84 0 5 0 0 0 14
306 433152 L 0 0 0 0 0 0 0 0 0 433058 9 1 67 11 3 0 0 3 0 0 0
307 446262 L 2 0 0 0 38 0 16 24 0 446100 0 0 69 1 3 0 0 9 0 0 0
308 449561 Q 0 0 0 14 0 0 17 0 28 17 0 0 2 449361 83 2 0 0 0 0 37
309 446636 N 0 0 86 0 0 14 2 16 25 1 0 446401 0 0 2 74 8 0 0 7 0
310 436932 S 13 26 0 0 0 43 0 58 0 0 0 38 0 3 46 436690 15 0 0 0 0
311 469245 Q 2 0 0 11 0 0 20 0 38 25 0 0 3 469030 61 3 1 1 1 0 49
312 510539 V 59 1 0 23 0 3 0 50 3 26 0 0 0 0 0 0 0 510372 0 2 0
313 476338 Y 0 140 1 0 31 0 47 2 0 1 0 18 0 1 0 3 0 0 0 476046 48
314 475120 S 1 18 0 0 0 122 0 43 0 2 0 39 0 2 72 474797 24 0 0 0 0
315 467316 L 0 0 0 0 1 0 0 31 0 467118 0 0 131 18 3 1 0 11 0 0 2
316 520416 I 0 1 0 0 23 0 0 520068 0 2 20 27 0 0 1 2 53 219 0 0 0
317 476420 R 0 0 1 0 0 157 0 35 29 2 0 1 0 0 476151 24 7 0 0 0 13
318 470648 P 11 0 0 1 0 0 0 0 0 71 0 0 470452 46 7 43 17 0 0 0 0
319 482895 N 0 0 50 0 0 4 1 29 28 0 0 482573 0 1 0 179 3 0 0 27 0
320 503579 E 0 0 50 503296 0 66 0 0 71 0 0 0 0 10 0 0 0 44 1 0 41
321 527604 N 0 0 59 0 0 2 3 15 26 0 0 527372 0 0 0 109 5 0 0 13 0
322 536464 P 5 0 0 0 0 0 0 0 0 55 0 0 536256 47 18 38 45 0 0 0 0
323 544335 A 544033 0 0 58 0 13 1 0 0 0 0 0 19 1 1 52 69 88 0 0 0
324 579277 H 0 0 5 0 0 1 578970 0 1 64 0 21 6 36 98 1 3 0 0 71 0
325 581372 K 0 0 0 133 0 32 0 1 580884 0 31 48 0 4 215 1 10 0 0 0 13
326 488340 S 0 31 0 0 0 70 0 11 0 3 0 44 0 0 34 488132 13 2 0 0 0
327 480681 Q 0 0 1 20 0 0 58 0 34 14 0 0 5 480284 209 0 0 0 0 0 56
328 394264 L 2 0 0 0 0 0 0 0 0 394151 34 0 53 10 4 0 0 10 0 0 0
329 437194 V 69 2 0 23 0 7 0 0 0 32 27 0 1 0 0 0 0 437033 0 0 0
330 419080 W 0 55 0 0 1 6 0 0 0 49 0 1 0 0 83 12 0 6 418809 0 58
331 393815 M 0 0 0 0 0 0 0 85 36 36 393568 0 0 0 2 0 39 49 0 0 0
332 412522 A 412275 0 0 46 0 17 0 0 0 0 0 0 12 0 0 42 67 63 0 0 0
333 446165 C 0 445821 0 0 39 3 1 0 0 1 3 0 0 0 100 40 1 0 10 97 49
334 459725 N 0 0 69 0 1 3 4 32 12 0 0 459488 0 2 0 98 0 0 0 16 0
335 418525 S 2 11 0 0 35 0 0 1 0 2 0 0 40 0 0 418348 25 0 0 61 0
336 396160 A 395907 2 35 0 0 12 0 0 0 1 0 0 13 0 0 55 91 44 0 0 0
337 379717 A 379527 0 0 27 0 11 1 0 0 0 0 0 12 0 0 40 50 49 0 0 0
338 393540 F 0 0 0 0 393390 0 0 18 0 63 0 0 2 0 0 49 0 4 0 14 0
339 386846 E 0 0 29 386625 0 80 0 0 36 0 0 0 0 12 0 0 0 19 0 0 45
340 354790 D 1 0 354662 16 0 35 5 1 0 0 0 27 0 0 0 0 1 26 0 16 0
341 374258 L 0 0 0 0 0 0 1 27 0 374131 0 0 73 17 0 2 0 7 0 0 0
342 362555 R 0 0 0 7 0 146 0 37 26 0 0 0 0 1 362292 27 4 0 0 0 15
343 324228 V 35 0 0 14 0 2 0 23 0 15 0 0 0 0 1 0 0 324137 0 1 0
344 315796 L 0 0 0 1 21 0 0 10 1 315680 0 0 3 0 0 45 0 2 0 0 33
345 271901 S 0 7 0 0 0 66 0 35 0 3 0 15 1 0 26 271741 7 0 0 0 0
346 243787 F 0 1 0 0 243662 0 0 6 0 69 0 0 0 0 0 26 0 3 0 20 0
347 307474 I 1 0 0 0 13 0 1 307360 0 4 7 25 0 0 0 0 27 36 0 0 0
348 290575 R 0 0 0 0 0 110 0 48 25 0 0 0 0 1 290351 21 3 0 0 0 16
349 278638 G 4 0 0 25 0 278501 0 0 0 0 0 0 0 0 36 0 0 32 40 0 0
350 364401 T 48 0 13 0 0 1 0 34 0 0 0 20 0 1 0 32 364249 2 0 1 0
351 373336 K 0 0 0 39 0 7 0 18 373111 0 0 18 0 24 98 0 4 1 0 0 16
352 394970 V 49 0 0 20 0 0 0 29 0 16 0 0 0 0 1 6 0 394841 0 8 0
353 399984 S 1 7 0 0 26 0 0 12 0 0 0 0 88 0 0 399801 14 0 0 35 0
354 376195 P 5 0 0 0 0 0 0 0 1 44 0 0 375963 76 10 35 60 0 0 0 1
355 365069 R 0 0 0 0 0 160 0 1 47 1 70 0 0 1 364703 69 6 1 10 0 0
356 325334 G 5 0 0 34 0 325170 0 0 0 0 0 0 0 0 45 0 0 35 45 0 0
357 325096 K 0 0 0 46 0 0 0 19 324903 0 0 38 0 0 75 1 2 0 0 0 12
358 329231 L 0 1 0 0 17 0 11 6 0 329108 0 0 77 0 1 0 8 2 0 0 0
359 315804 S 2 12 0 0 23 1 0 0 0 0 0 0 56 1 0 315659 22 0 0 28 0
360 372574 T 45 4 0 0 0 0 1 25 0 2 0 10 3 0 0 26 372458 0 0 0 0
361 352803 R 0 0 0 1 0 99 0 44 35 0 0 0 0 0 352583 16 6 0 0 0 19
362 324965 G 8 0 1 20 0 324817 0 0 0 0 0 0 1 2 32 1 0 42 0 0 41
363 383707 V 63 0 3 19 0 4 0 35 0 18 0 0 0 0 2 2 1 383560 0 0 0
364 380747 Q 0 0 0 10 0 0 30 0 34 13 0 1 5 380545 51 0 5 0 0 0 53
365 400242 I 0 0 0 0 21 0 0 400055 0 10 15 31 0 2 0 1 44 63 0 0 0
366 347726 A 347597 0 24 0 1 10 0 0 0 1 0 1 11 0 0 31 29 21 0 0 0
367 343009 S 4 0 0 0 1 0 0 0 0 38 0 0 30 0 0 342860 27 0 0 0 49
368 349932 N 0 0 61 0 0 12 2 15 15 0 1 349748 0 0 0 67 1 0 0 10 0
369 345953 E 1 0 9 345818 0 30 0 0 41 2 0 0 0 10 0 0 0 17 0 0 25
370 356046 N 0 0 47 0 0 6 3 25 19 0 0 355818 0 0 0 61 57 0 0 10 0
371 354276 M 0 0 0 0 0 0 0 92 20 25 354052 0 0 0 4 0 38 42 3 0 0
372 367252 D 0 0 367102 30 0 48 5 1 0 0 1 26 0 0 0 0 1 15 0 23 0
373 364645 A 364509 0 34 0 0 11 0 0 0 0 1 0 8 1 0 23 34 24 0 0 0
374 407500 M 1 1 0 0 0 1 0 87 38 41 407204 0 0 0 3 0 47 75 0 2 0
375 390232 E 3 0 17 390040 0 60 0 1 32 0 0 3 0 14 1 0 0 31 0 0 30
376 299161 S 3 0 0 0 0 0 0 0 0 20 0 0 29 0 0 299064 15 0 0 1 29
377 303391 S 0 17 0 0 0 179 0 14 1 0 0 21 0 0 24 303128 5 2 0 0 0
378 279111 T 119 0 0 0 0 0 0 11 0 1 0 5 0 0 0 19 278956 0 0 0 0
379 284398 L 0 0 0 0 20 0 26 27 0 284265 0 0 50 0 3 5 0 2 0 0 0
380 287563 E 0 0 11 287421 0 45 0 0 29 0 0 1 0 8 0 1 0 21 0 0 26
381 291716 L 0 0 0 0 1 0 0 0 0 291640 14 0 51 4 3 0 0 3 0 0 0
382 306539 R 0 0 0 2 0 60 0 20 19 1 0 0 0 1 306383 25 10 0 0 0 18
383 354520 S 0 9 0 1 0 88 0 23 0 0 0 22 0 0 48 354320 8 1 0 0 0
384 379072 R 2 0 0 0 0 160 0 0 26 2 31 0 0 0 378797 24 10 0 20 0 0
385 451978 Y 1 189 4 0 25 5 67 0 0 5 0 25 0 0 0 5 0 14 0 451616 22
386 440115 W 0 39 0 1 0 15 0 0 1 68 0 0 0 0 79 4 0 0 439812 0 96
387 406678 A 406439 1 38 1 0 20 0 0 0 0 0 0 23 0 0 42 58 56 0 0 0
388 455051 I 1 1 0 0 0 0 5 454511 18 39 322 1 2 1 6 0 75 66 0 1 2
389 429332 R 0 0 0 2 0 283 0 27 20 0 0 0 0 0 428955 20 4 0 0 0 21
390 439854 T 83 0 0 0 0 0 0 27 0 0 0 23 2 0 0 25 439694 0 0 0 0
391 449351 R 0 0 0 4 0 101 0 28 29 0 0 0 1 1 449124 20 16 0 0 0 27
392 434281 S 0 15 0 0 0 112 1 14 2 1 0 27 1 0 29 434074 3 2 0 0 0
393 445406 G 15 0 0 30 0 445188 0 0 1 0 0 0 0 0 67 1 1 58 1 0 44
394 424781 G 14 0 1 28 0 424592 0 0 0 0 0 1 0 0 58 0 0 44 0 0 43
395 429751 N 0 0 125 0 0 25 3 23 36 0 0 429435 0 0 0 64 23 0 0 17 0
396 430560 T 61 0 0 0 0 0 8 33 0 0 0 19 7 0 1 34 430396 1 0 0 0
397 487373 N 0 0 167 0 0 33 3 24 50 1 0 486988 0 1 0 80 1 0 0 19 6
398 490193 Q 0 0 0 7 0 0 31 3 35 13 0 9 4 489948 95 3 0 0 0 0 45
399 436394 Q 0 0 0 8 0 0 67 0 19 22 0 1 4 435998 217 0 0 7 1 0 50
400 390524 R 0 0 0 3 0 118 0 1 29 0 62 0 0 0 390244 34 8 1 24 0 0
401 369891 A 369687 0 26 0 0 17 0 0 0 2 0 0 22 0 2 31 40 64 0 0 0
402 372096 S 4 9 0 0 27 0 0 0 0 3 0 0 89 0 0 371880 31 0 0 53 0
403 372411 A 372137 0 0 30 0 14 0 0 0 1 0 0 21 3 0 37 47 121 0 0 0
404 387341 G 8 29 29 0 0 387219 0 0 0 0 0 1 0 0 4 36 0 15 0 0 0
405 387143 Q 0 0 0 10 0 0 17 0 24 20 0 0 6 386919 90 8 0 0 0 0 49
406 404224 I 0 0 0 0 18 0 0 404036 0 1 9 17 0 1 1 3 36 101 0 1 0
407 365736 S 0 15 0 0 0 123 0 15 0 1 1 30 0 0 51 365494 6 0 0 0 0
408 370197 V 87 0 0 34 0 10 0 0 0 23 48 0 0 0 0 0 0 369995 0 0 0
409 365430 Q 1 0 0 15 0 0 34 0 24 10 0 4 4 365101 66 1 2 0 0 0 168
410 333352 P 5 1 0 0 0 0 30 0 0 23 0 0 333246 0 5 28 14 0 0 0 0
411 357095 A 356873 6 0 27 0 8 2 0 0 1 0 0 11 0 0 31 102 34 0 0 0
412 372797 F 0 1 0 0 372638 1 1 56 0 46 0 0 1 0 0 39 0 1 1 12 0
413 328028 S 1 2 0 0 24 0 0 0 0 1 0 1 31 1 0 327944 9 0 0 14 0
414 342140 V 65 2 1 46 0 6 0 0 0 24 46 0 0 1 0 0 0 341949 0 0 0
415 354287 Q 9 0 0 16 1 0 16 0 45 17 0 0 1 354075 63 0 1 1 0 0 42
416 357202 R 0 0 0 15 0 167 0 22 27 1 0 2 0 1 356935 20 3 0 0 0 9
417 329144 N 0 0 75 0 0 42 2 13 15 1 0 328887 1 0 3 74 13 0 1 17 0
418 352032 L 0 1 0 0 15 0 26 39 0 351861 0 0 77 0 1 5 0 7 0 0 0
419 380151 P 6 0 0 0 0 0 3 0 0 36 0 0 379969 47 10 33 46 1 0 0 0
420 356366 F 0 3 0 1 356202 0 0 35 0 70 1 0 6 0 0 35 0 0 0 13 0
421 364383 D 2 0 364128 31 0 87 12 0 0 2 0 55 0 0 0 0 1 31 0 29 5
422 349512 K 0 0 0 56 0 24 0 19 349170 1 0 27 0 14 194 0 1 0 0 0 6
423 342133 P 7 0 0 0 0 1 0 0 0 18 0 0 342025 33 10 20 19 0 0 0 0
424 356678 T 40 0 0 0 1 0 0 27 0 0 0 17 5 1 0 23 356564 0 0 0 0
425 365620 I 0 2 0 0 21 0 0 365447 0 1 11 26 0 0 0 0 61 51 0 0 0
426 348144 M 1 0 0 0 0 0 0 77 28 29 347897 0 0 0 4 0 45 63 0 0 0
427 316216 A 316006 1 0 39 0 18 0 0 0 0 0 0 10 1 0 31 33 77 0 0 0
428 312349 A 312166 0 1 36 0 6 0 0 0 1 0 0 14 2 0 36 44 42 0 0 1
429 310493 F 0 0 0 0 310349 0 0 11 0 82 0 0 1 0 0 26 1 1 0 22 0
430 283078 T 80 0 1 0 0 0 2 16 0 0 0 16 7 0 0 25 282931 0 0 0 0
431 306382 G 7 1 1 32 0 306215 0 0 0 2 0 0 0 0 54 0 0 28 42 0 0
432 314471 N 0 0 48 0 0 1 1 20 21 0 0 314232 0 0 0 128 2 0 0 18 0
433 335957 T 342 0 0 0 0 0 0 57 20 0 0 0 6 2 6 23 335501 0 0 0 0
434 350705 E 6 2 68 350373 0 133 0 0 25 0 0 0 1 10 4 1 0 17 0 0 65
435 377825 G 9 1 0 65 0 377598 0 0 0 1 0 0 0 0 52 0 0 55 0 0 44
436 385071 R 0 0 0 7 0 292 0 39 38 0 0 0 0 0 384654 18 6 0 0 1 16
437 390258 T 180 0 0 1 0 0 1 36 21 0 0 1 3 2 5 30 389976 0 0 0 2
438 407602 S 4 0 0 0 0 1 0 1 0 51 0 0 45 0 0 407420 25 0 0 0 55
439 397422 D 5 0 397234 24 0 55 8 1 0 11 0 26 1 2 0 0 0 24 0 31 0
440 383223 M 0 0 0 1 0 0 0 87 19 21 382978 0 0 0 5 0 50 62 0 0 0
441 368119 R 0 0 0 0 0 110 0 0 28 1 74 0 0 0 367834 38 10 0 24 0 0
442 370823 A 370623 0 0 27 0 24 1 0 0 1 0 4 11 2 0 30 43 57 0 0 0
443 376721 E 1 0 19 376587 0 52 0 0 26 0 0 0 1 5 0 0 0 8 0 0 22
444 376190 I 0 0 0 1 18 0 0 375975 0 4 1 21 0 0 0 1 50 119 0 0 0
445 425057 I 0 0 0 0 0 0 0 424156 16 32 226 0 0 0 2 0 56 554 0 7 8
446 383052 R 0 1 0 0 0 394 0 0 22 0 42 0 0 0 382538 25 5 1 24 0 0
447 368431 M 0 0 3 0 0 0 0 87 18 26 368201 0 0 0 3 0 48 44 0 0 1
448 368199 M 0 0 8 0 0 0 0 82 35 46 367926 0 0 0 3 0 32 66 1 0 0
449 332781 E 0 0 33 332557 0 84 0 0 32 0 0 0 0 12 0 0 0 29 0 0 34
450 350946 G 4 25 28 0 0 350826 0 0 0 0 0 0 0 0 7 45 1 10 0 0 0
451 388918 A 388489 21 1 38 0 10 0 0 0 0 0 0 14 5 2 44 151 141 0 0 2
452 383240 K 0 0 0 69 0 16 0 14 382932 0 0 61 0 2 140 0 1 0 0 0 5
453 368690 P 3 0 0 0 0 0 0 0 0 31 0 0 368574 36 5 23 18 0 0 0 0
454 375941 E 0 0 23 375685 0 152 0 1 25 0 0 0 1 7 1 0 1 19 0 0 26
455 379234 E 3 0 23 379049 0 86 0 0 22 0 0 0 0 5 0 0 1 22 0 0 23
456 384212 M 0 2 0 0 0 0 0 77 27 24 383441 0 0 0 2 0 46 593 0 0 0
457 368252 S 0 11 0 0 35 0 0 0 0 1 0 0 63 0 0 368088 27 2 0 25 0
458 376820 F 0 3 0 0 376537 2 0 29 0 133 0 0 0 0 0 79 0 0 0 37 0
459 356096 Q 0 0 1 6 0 0 75 0 44 30 0 0 44 355516 345 1 1 0 1 0 32
460 312809 G 12 0 0 34 0 312700 0 0 0 1 1 0 0 0 20 3 0 27 11 0 0
461 296148 R 73 0 0 0 0 33 0 0 0 78 0 0 13 83 295806 1 0 0 61 0 0
462 252459 G 14 0 0 92 0 252214 0 0 0 1 0 0 1 2 52 0 0 23 0 0 60
463 247434 V 27 0 7 0 10 3 0 28 0 4 0 0 0 0 0 3 0 247352 0 0 0
464 261554 F 0 0 0 0 261374 1 0 7 0 115 0 0 2 0 0 43 0 1 0 10 1
465 312708 E 1 0 29 312465 0 92 0 0 57 0 0 0 0 7 0 2 0 8 0 0 47
466 264819 L 1 0 0 0 17 1 2 13 1 264731 0 0 40 0 6 3 0 4 0 0 0
467 281490 S 1 2 0 0 0 1 0 1 0 84 1 0 48 1 2 281297 10 0 6 0 36
468 314523 D 3 0 314379 22 0 63 3 0 0 0 0 22 0 1 0 2 1 6 0 21 0
469 384119 E 1 0 25 383814 0 109 0 0 80 0 1 0 0 16 34 0 0 14 0 0 25
470 417654 R 0 0 0 0 0 753 0 0 43 0 84 0 0 1 416704 41 3 1 24 0 0
471 412389 A 412041 0 0 28 1 25 0 1 1 2 0 0 5 1 1 44 39 200 0 0 0
472 423502 A 423136 0 0 44 0 12 0 0 0 0 1 0 10 1 0 78 52 168 0 0 0
473 459434 N 0 0 55 2 0 13 1 30 28 0 0 459034 0 0 0 251 3 0 0 17 0
474 453748 P 12 0 0 0 0 0 0 0 0 67 0 0 453495 85 17 25 47 0 0 0 0
475 432816 I 0 0 0 0 19 0 0 432556 0 4 11 35 1 1 0 3 33 153 0 0 0
476 392789 V 51 1 0 17 0 1 0 0 0 21 108 0 0 0 4 0 0 392586 0 0 0
477 386866 P 17 0 0 0 0 0 26 0 0 36 0 0 386714 0 10 40 23 0 0 0 0
478 372548 S 2 7 0 0 28 0 0 0 0 9 0 0 58 0 0 372404 16 1 0 23 0
479 402247 F 0 1 0 0 402041 1 1 5 0 138 0 0 0 1 0 38 0 3 0 17 1
480 401245 D 6 0 400937 29 0 89 17 0 0 1 0 57 0 0 0 1 28 50 0 26 4
481 348171 M 0 0 0 0 0 0 0 99 15 24 347891 0 0 1 2 1 55 83 0 0 0
482 432307 S 0 30 0 10 0 157 0 34 0 0 1 41 1 0 44 431978 10 1 0 0 0
483 483349 N 0 0 267 0 0 50 2 35 39 0 11 482765 0 0 0 156 3 0 0 16 5
484 421318 E 0 0 31 421050 0 120 0 0 40 0 0 0 0 9 0 0 0 33 0 0 35
485 376131 G 6 1 0 21 0 376018 0 0 0 0 0 0 0 0 25 0 0 31 0 0 29
486 380742 S 4 4 0 0 24 1 0 3 0 1 0 0 38 1 0 380615 23 0 0 28 0
487 380800 Y 0 915 0 0 19 0 72 4 0 3 0 4 0 0 1 0 0 0 0 379759 23
488 374477 F 0 1 0 0 374339 0 0 14 0 68 0 0 0 0 0 38 0 1 0 16 0
489 356374 F 0 2 0 2 356200 0 0 13 0 106 0 0 1 0 0 35 0 2 0 13 0
490 355938 G 14 0 0 34 0 355748 0 1 0 0 0 0 0 0 70 1 0 33 0 0 37
491 362461 D 1 0 362306 19 0 45 6 0 0 1 0 30 0 0 1 0 0 39 0 13 0
492 369050 N 0 1 52 0 0 5 3 24 19 0 1 368860 1 1 0 67 1 0 0 15 0
493 448542 A 448212 1 1 46 0 16 0 0 0 8 1 0 15 0 2 38 87 115 0 0 0
494 376090 E 4 0 60 375864 0 58 0 0 27 0 1 0 0 11 2 0 0 13 0 0 50
495 378465 E 3 1 21 378271 0 60 0 0 18 0 0 0 0 8 0 4 1 26 0 0 52
496 366282 Y 0 329 5 0 15 0 70 0 0 2 0 22 0 0 1 1 2 1 0 365793 41
497 341762 D 0 0 341525 28 0 65 11 1 1 0 1 66 0 0 0 0 2 43 0 18 1
498 266674 N 0 0 32 0 0 8 4 17 12 0 0 266490 0 3 1 89 2 0 0 16 0
