# nucleotide counts
# upper case indicates nucleotide called by both reads
# lower case indicates nucleotide called by one read with other ambiguous
# N indicates disagreement between reads, or both ambiguous
# POSITION WT COUNTS A T C G a t c g N
1 A 457355 457124 30 4 108 63 0 0 0 26
2 T 459211 43 459033 77 7 0 27 0 0 24
3 G 459301 50 39 10 459149 0 0 0 7 46
4 G 456363 26 53 7 456239 0 0 0 14 24
5 C 435842 54 111 435607 22 0 0 17 0 31
6 G 444808 91 13 10 444660 0 0 0 11 23
7 T 456034 18 455833 82 1 0 11 0 0 89
8 C 459129 43 40 458978 8 0 0 33 0 27
9 C 460104 47 40 459965 12 0 0 18 0 22
10 C 458774 75 56 458568 9 0 0 40 0 26
11 A 456718 456494 30 18 101 57 0 0 0 18
12 A 456992 456694 39 26 179 31 0 0 0 23
13 G 458587 36 47 7 458427 0 0 0 39 31
14 G 467850 43 30 30 467703 0 0 0 18 26
15 C 435140 41 53 434952 14 0 0 32 0 48
16 A 395597 395151 21 11 73 20 0 0 0 321
17 C 386242 18 34 386142 7 0 0 27 0 14
18 C 375821 48 27 375685 9 0 0 39 0 13
19 A 374466 374350 19 5 56 28 0 0 0 8
20 A 372547 372417 7 6 80 20 0 0 0 17
21 A 371577 371402 14 14 83 26 0 0 0 38
22 C 370706 16 74 370582 6 0 0 16 0 12
23 G 341672 50 35 12 341546 0 0 0 15 14
24 G 345386 18 21 3 345300 0 0 0 29 15
25 T 347413 12 347093 49 11 0 23 0 0 225
26 C 365821 18 46 365692 14 0 0 30 0 21
27 T 393992 16 393840 75 1 0 18 0 0 42
28 T 365381 16 365238 69 2 0 51 0 0 5
29 A 367330 367103 22 1 156 33 0 0 0 15
30 T 362218 31 362017 60 14 0 83 0 0 13
31 G 372234 63 38 13 372071 0 0 0 22 27
32 A 384865 384703 25 9 70 23 0 0 0 35
33 A 357621 357458 22 11 61 15 0 0 0 54
34 C 344536 20 63 344409 5 0 0 26 0 13
35 A 306322 306167 15 8 98 19 0 0 0 15
36 G 355232 19 15 5 355152 0 0 0 35 6
37 A 372105 371938 29 1 63 33 0 0 0 41
38 T 374060 33 373925 50 6 0 23 0 0 23
39 G 376688 54 39 16 376538 0 0 0 20 21
40 G 368342 29 40 13 368193 0 0 0 56 11
41 A 370146 370007 18 7 56 28 0 0 0 30
42 A 378220 378057 10 4 83 45 0 0 0 21
43 A 379381 379188 26 18 79 2 0 0 0 68
44 C 409825 13 26 409722 6 0 0 30 0 28
45 T 383623 15 383470 71 12 0 13 0 0 42
46 G 393104 39 48 7 392941 0 0 0 48 21
47 A 390931 390723 44 4 71 51 0 0 0 38
48 T 392392 44 392246 48 9 0 28 0 0 17
49 G 391819 47 81 8 391650 0 0 0 7 26
50 G 396928 42 80 14 396749 0 0 0 24 19
51 G 394722 36 75 13 394554 0 0 0 21 23
52 G 397880 81 26 10 397734 0 0 0 25 4
53 A 383936 383807 15 6 80 13 0 0 0 15
54 A 385804 385624 12 3 85 17 0 0 0 63
55 C 393525 20 79 393353 13 0 0 4 0 56
56 G 392728 106 42 30 392445 0 0 0 20 85
57 C 399230 49 20 399091 12 0 0 45 0 13
58 C 396810 35 49 396658 10 0 0 37 0 21
59 A 394558 394230 22 11 202 60 0 0 0 33
60 G 402707 34 48 11 402555 0 0 0 42 17
61 A 400859 400698 24 3 56 33 0 0 0 45
62 A 411270 411082 32 1 113 20 0 0 0 22
63 T 389228 26 389090 55 1 0 16 0 0 40
64 G 403121 54 51 15 402957 0 0 0 20 24
65 C 410082 41 99 409869 15 0 0 23 0 35
66 A 391577 391429 13 2 71 35 0 0 0 27
67 A 416319 416099 40 4 99 19 0 0 0 58
68 C 412721 19 26 412635 8 0 0 24 0 9
69 T 407921 19 407739 83 5 0 55 0 0 20
70 G 410726 47 40 10 410568 0 0 0 51 10
71 A 383602 383384 19 7 102 58 0 0 0 32
72 G 411068 29 23 4 410976 0 0 0 13 23
73 A 380205 380080 25 3 57 11 0 0 0 29
74 T 417239 23 417063 50 10 0 18 0 0 75
75 C 391514 33 39 391394 7 0 0 18 0 23
76 A 368370 368082 28 8 194 36 0 0 0 22
77 G 382452 27 43 8 382341 0 0 0 22 11
78 A 380709 380549 11 3 76 41 0 0 0 29
79 G 401631 39 37 14 401457 0 0 0 47 37
80 C 391903 34 87 391733 13 0 0 19 0 17
81 A 374231 374048 22 8 59 36 0 0 0 58
82 T 382944 30 382810 58 1 0 10 0 0 35
83 C 384365 38 30 384257 15 0 0 12 0 13
84 C 388677 31 74 388503 17 0 0 16 0 36
85 G 378673 71 20 9 378553 0 0 0 6 14
86 T 382138 23 381968 52 18 0 12 0 0 65
87 C 381336 29 77 381182 15 0 0 14 0 19
88 G 383660 68 56 24 383444 0 0 0 50 18
89 G 385874 38 54 16 385692 0 0 0 58 16
90 G 394465 33 46 6 394341 0 0 0 27 12
91 A 394039 393909 18 1 45 13 0 0 0 53
92 A 392973 392786 28 2 121 13 0 0 0 23
93 G 384869 21 30 5 384745 0 0 0 30 38
94 A 378941 378795 27 1 46 45 0 0 0 27
95 T 374462 36 374321 40 7 0 36 0 0 22
96 G 378864 26 38 7 378742 0 0 0 30 21
97 A 396708 396574 32 1 46 18 0 0 1 36
98 T 396411 36 396283 52 2 0 18 0 0 20
99 T 388990 27 388864 67 5 0 17 0 0 10
100 G 390180 45 37 8 390028 0 0 0 44 18
101 A 388342 388170 36 4 56 34 0 0 0 42
102 T 382232 29 382123 44 7 0 10 0 0 19
103 G 378377 43 48 9 378223 0 0 0 17 37
104 G 390067 38 46 13 389925 0 0 0 21 24
105 A 379993 379847 16 3 59 37 0 0 0 31
106 A 369269 369101 17 2 102 33 0 0 0 14
107 T 371671 23 371574 45 3 0 7 0 0 19
108 T 367735 16 367602 45 7 0 42 0 0 23
109 G 373719 42 41 20 373585 0 0 0 8 23
110 G 369140 33 31 9 369009 0 0 0 27 31
111 A 357708 357447 23 7 125 33 0 0 0 73
112 C 366251 24 79 366066 11 0 0 45 0 26
113 G 325223 51 28 10 325095 0 0 0 14 25
114 A 369036 368921 33 2 28 30 0 0 0 22
115 T 374703 26 374557 58 7 0 12 0 0 43
116 T 347489 24 347393 40 2 0 15 0 0 15
117 C 348486 21 29 348405 11 0 0 14 0 6
118 T 342871 26 342689 83 2 0 44 0 0 27
119 A 354291 354029 31 7 122 30 0 0 0 72
120 C 352815 30 36 352710 6 0 0 9 0 24
121 A 321966 321885 18 5 25 13 0 0 0 20
122 T 328200 32 328088 38 2 0 14 0 0 26
123 C 305946 22 28 305827 7 0 0 39 0 23
124 C 309339 33 38 309217 11 0 0 24 0 16
125 A 308084 307962 17 8 45 37 0 0 0 15
126 A 297291 297172 9 2 41 36 0 0 0 31
127 A 297166 297050 24 1 59 14 0 0 0 18
128 T 285712 13 285624 25 8 0 11 0 0 31
129 G 339602 47 20 8 339467 0 0 0 19 41
130 T 324103 30 323827 66 7 0 21 0 0 152
131 G 325839 49 24 16 325730 0 0 0 9 11
132 C 325635 32 84 325483 9 0 0 10 0 17
133 A 321411 321192 34 4 45 9 0 0 0 127
134 C 319167 13 27 319099 10 0 0 9 0 9
135 T 308237 13 308116 64 3 0 15 0 0 26
136 G 342568 38 18 10 342464 0 0 0 12 26
137 A 359330 359210 12 3 51 40 0 0 0 14
138 A 371578 371386 18 4 67 30 0 0 0 73
139 C 397928 25 24 397842 7 0 0 19 0 11
140 T 397916 15 397771 67 3 0 23 0 0 37
141 T 397320 35 397170 62 1 0 27 0 0 25
142 A 400515 400336 45 3 103 18 0 0 0 10
143 A 400319 400111 8 2 107 66 0 0 0 25
144 A 424110 423830 20 29 70 59 0 0 0 102
145 C 422281 19 28 422164 4 0 0 21 0 45
146 T 393268 14 393142 53 6 0 15 0 0 38
147 C 402877 53 65 402692 14 0 0 30 0 23
148 A 392285 392031 26 12 174 27 0 0 0 15
149 G 424284 23 12 11 424198 0 0 0 26 14
150 T 421998 35 421703 45 20 0 8 0 0 187
151 G 463068 46 40 6 462902 0 0 0 49 25
152 A 476617 476475 27 4 45 26 0 0 0 40
153 T 451295 38 451142 39 3 0 56 0 0 17
154 T 470535 17 470406 55 6 0 44 0 0 7
155 A 472246 471907 45 3 187 62 0 0 0 42
156 T 476207 56 475993 62 16 0 36 0 0 44
157 G 477556 60 74 8 477364 0 0 0 37 13
158 A 449438 449155 31 5 145 37 0 0 0 65
159 G 451637 54 104 8 451397 0 0 0 64 10
160 G 415067 35 62 12 414917 0 0 0 19 22
161 G 404883 38 22 13 404765 0 0 0 14 31
162 G 404324 25 32 8 404193 0 0 0 29 37
163 C 380052 31 122 379820 26 0 1 17 0 35
164 G 384126 65 42 10 383961 0 0 0 13 35
165 A 384074 383829 45 6 49 12 0 0 0 133
166 C 385149 15 32 385062 10 0 0 12 0 18
167 T 382933 15 382818 64 7 0 8 0 0 21
168 G 379042 55 26 4 378907 0 0 0 25 25
169 A 416608 416447 26 1 53 49 0 0 0 32
170 T 403111 33 402925 58 1 0 39 0 0 55
171 C 397085 41 49 396950 10 0 0 16 0 19
172 C 396729 43 36 396605 9 0 0 21 0 15
173 A 383304 383094 14 5 85 71 0 0 0 35
174 G 385767 31 32 10 385671 0 0 0 9 14
175 A 367822 367738 20 5 30 9 0 0 0 20
176 A 368145 367970 36 10 86 11 0 0 0 32
177 C 369643 15 47 369532 2 0 0 27 0 20
178 A 291630 291522 5 7 54 18 0 0 0 24
179 G 297984 24 38 6 297897 0 0 0 12 7
180 C 295518 22 12 295450 8 0 0 17 0 9
181 T 294698 17 294618 35 3 0 16 0 0 9
182 T 297583 21 297442 55 4 0 41 0 0 20
183 A 293101 292893 23 4 112 52 0 0 0 17
184 A 312119 311928 33 13 77 39 0 0 0 29
185 C 326190 19 39 326064 9 0 0 32 0 27
186 A 308524 308402 25 8 52 21 0 0 0 16
187 A 319728 319566 27 3 97 11 0 0 0 24
188 T 290218 23 290080 37 8 0 40 0 0 30
189 A 301079 300803 27 4 216 17 0 0 0 12
190 G 306207 26 40 6 306113 0 0 0 8 14
191 A 312680 312546 16 4 61 29 0 0 0 24
192 G 315828 28 24 5 315722 0 0 0 19 30
193 A 289669 289509 18 4 63 27 0 0 0 48
194 G 304669 42 27 4 304555 0 0 0 8 33
195 A 307006 306888 17 2 54 23 0 0 0 22
196 A 314993 314855 14 0 104 9 0 0 0 11
197 T 316983 31 316831 39 4 0 9 0 0 69
198 G 307491 29 40 11 307343 0 0 0 34 34
199 G 310891 31 19 4 310751 0 0 0 50 36
200 T 291169 23 290614 60 10 0 61 0 0 401
201 G 315690 25 31 8 315578 0 0 0 18 30
202 C 315261 23 23 315155 15 0 0 33 0 12
203 T 316103 17 315968 35 9 0 24 0 0 50
204 C 322185 28 23 322114 7 0 0 3 0 10
205 T 322205 15 322099 59 2 0 12 0 0 18
206 C 348340 38 17 348251 7 0 0 11 0 16
207 T 346564 24 346429 75 6 0 22 0 0 8
208 G 351657 48 36 16 351512 0 0 0 27 18
209 C 351709 21 32 351604 20 0 0 12 0 20
210 T 343072 11 342856 150 12 0 18 0 0 25
211 T 351102 12 350998 61 6 0 15 0 0 10
212 T 345367 7 345251 36 17 0 43 0 0 13
213 T 334350 29 334203 46 32 0 22 0 0 18
214 G 337039 76 25 23 336862 0 0 0 3 50
215 A 332221 332035 23 16 67 27 0 0 0 53
216 C 340249 11 153 340012 23 0 0 31 0 19
217 G 329253 61 25 23 329107 0 0 0 24 13
218 A 310802 310684 24 3 38 25 0 0 0 28
219 A 311585 311466 12 10 80 10 0 0 0 7
220 A 312950 312747 23 4 129 30 0 0 0 17
221 G 315700 24 19 6 315615 0 0 0 27 9
222 A 320526 320411 23 1 40 21 0 0 0 30
223 A 320325 320153 27 4 109 13 0 0 0 19
224 G 334136 29 29 8 334029 0 0 0 30 11
225 G 371873 31 35 15 371731 0 0 0 37 24
226 A 365488 365371 21 1 53 16 0 0 0 26
227 A 379565 379357 28 1 117 30 0 0 0 32
228 T 361176 40 361019 50 4 0 41 0 0 22
229 A 359022 358727 22 6 195 62 0 0 0 10
230 A 359607 359459 16 8 77 24 0 0 0 23
231 A 353695 353556 28 4 54 40 0 0 0 13
232 T 355381 28 355248 40 4 0 24 1 0 36
233 A 318763 318584 30 10 101 26 0 0 0 12
234 T 277097 16 276987 46 5 0 19 0 0 24
235 C 282520 15 20 282438 5 0 0 22 0 20
236 T 264614 9 264519 51 11 0 13 0 0 11
237 G 266185 40 24 5 266069 0 0 0 32 15
238 G 258490 21 23 13 258418 0 0 0 11 4
239 A 254275 254173 19 0 54 11 0 0 0 18
240 A 241449 241262 5 4 155 9 0 0 0 14
241 G 250815 27 22 6 250732 0 0 0 17 11
242 A 244515 244422 13 2 39 21 0 0 0 18
243 A 278050 277854 24 5 72 12 0 0 0 83
244 C 280317 19 34 280227 8 0 0 5 0 24
245 A 268491 268391 18 8 33 12 0 0 0 29
246 T 365615 30 365434 56 2 0 11 0 0 82
247 C 360051 29 45 359934 5 0 0 23 0 15
248 C 377476 27 35 377372 12 0 0 12 0 18
249 C 378116 48 54 377965 10 0 0 20 0 19
250 A 362317 362127 3 11 101 44 0 0 0 31
251 G 393247 26 47 16 393117 0 0 0 18 23
252 C 389704 32 100 389490 30 0 0 26 0 26
253 G 386385 54 45 39 386202 0 0 0 10 35
254 C 391444 34 64 391276 34 0 0 10 0 26
255 G 390777 78 66 53 390546 0 0 0 19 15
256 G 427751 39 80 21 427573 0 0 0 21 17
257 G 422576 43 57 11 422408 0 0 0 39 18
258 G 439281 50 33 12 439078 0 0 0 90 18
259 A 440815 440598 27 1 139 18 0 0 0 32
260 A 438142 437841 22 7 159 87 0 0 0 26
261 G 446954 45 106 8 446706 0 1 0 72 16
262 G 453423 43 42 11 453285 0 0 0 31 11
263 A 452171 452018 33 2 40 23 0 0 0 55
264 T 451303 43 451116 77 3 0 16 0 0 48
265 C 430994 30 30 430872 12 0 0 18 0 32
266 C 423848 40 32 423712 7 0 0 35 0 22
267 T 412777 23 412596 132 3 0 9 0 0 14
268 A 413014 412846 10 5 127 9 0 0 0 17
269 A 413085 412759 12 4 278 18 0 0 0 14
270 G 413091 38 14 1 412996 0 0 0 29 13
271 A 397369 397290 6 2 49 14 0 0 0 8
272 A 389721 389559 14 4 87 15 0 0 0 42
273 A 381664 381538 13 3 81 11 0 0 0 18
274 A 358300 358096 16 15 112 23 0 0 0 38
275 C 361509 12 19 361367 5 0 0 25 0 81
276 T 348056 16 347942 50 6 0 23 0 0 19
277 G 346348 39 32 10 346229 0 0 0 14 24
278 G 345114 30 44 4 345017 0 0 0 9 10
279 A 341308 341112 31 3 89 39 0 0 0 34
280 G 336855 29 41 4 336745 0 0 0 24 12
281 G 333168 38 33 9 333051 0 0 0 8 29
282 A 323182 322883 31 7 41 8 0 0 0 212
283 C 347222 19 29 347145 7 0 0 15 0 7
284 C 340932 43 26 340825 8 0 0 17 0 13
285 C 339855 57 39 339699 14 0 0 29 0 17
286 A 376469 376345 35 8 34 27 0 0 0 20
287 T 368990 45 368819 49 2 0 39 0 0 36
288 A 437146 436991 36 2 64 26 0 0 0 27
289 T 435881 44 435720 52 3 0 25 0 0 37
290 A 392967 392684 49 12 54 108 0 0 0 60
291 C 399781 20 42 399663 4 0 0 34 0 18
292 A 345788 345620 20 15 87 40 0 0 0 6
293 A 347390 347186 26 11 140 8 0 0 0 19
294 G 342474 23 21 6 342337 0 0 0 48 39
295 A 264281 264159 16 2 43 34 0 0 0 27
296 G 267866 18 25 8 267781 0 0 0 22 12
297 A 251127 251019 14 4 38 25 0 0 0 27
298 G 256087 31 19 5 256018 0 0 0 7 7
299 T 261764 16 261099 26 4 0 19 0 0 600
300 A 273933 273735 20 8 136 11 0 0 0 23
301 G 295566 25 26 7 295483 0 0 0 16 9
302 A 293200 293072 31 3 32 28 0 0 0 34
303 T 314216 34 314045 46 2 0 50 0 0 39
304 A 310945 310730 13 4 172 14 0 0 0 12
305 G 316872 30 22 5 316752 0 0 0 37 26
306 A 316256 316188 14 0 32 5 0 0 0 17
307 A 316753 316580 11 2 129 6 0 0 0 25
308 A 316160 316005 5 3 116 8 0 0 0 23
309 G 326845 28 15 5 326760 0 0 0 19 18
310 T 328462 26 328089 44 8 0 10 0 0 285
311 G 334537 29 33 10 334437 0 0 0 11 17
312 G 335024 18 32 8 334960 0 0 0 5 1
313 A 335045 334932 19 0 54 17 0 0 0 23
314 T 338051 38 337923 34 5 0 24 0 0 27
315 G 348777 47 50 8 348617 0 0 0 29 26
316 A 351409 351222 18 3 114 27 0 0 0 25
317 G 352513 49 57 9 352329 0 0 0 30 39
318 G 350580 38 39 12 350440 0 0 0 27 24
319 G 351545 164 36 10 351258 1 0 0 40 36
320 A 352921 352789 12 1 42 39 0 0 0 38
321 A 354263 353955 18 5 84 26 0 0 0 175
322 C 355469 13 34 355391 7 0 0 16 0 8
323 T 353130 28 353000 43 0 0 16 0 0 43
324 C 347795 45 37 347648 10 0 0 26 0 29
325 G 340393 53 20 12 340280 0 0 0 13 15
326 T 350947 25 350771 48 4 0 14 0 0 85
327 C 374741 40 28 374615 8 0 0 8 0 42
328 C 394516 38 24 394383 7 0 0 44 0 20
329 T 410656 12 410496 76 3 0 30 0 0 39
330 T 410326 27 410185 57 6 0 40 0 0 11
331 T 399552 26 399418 69 4 0 9 0 0 26
332 A 371931 371696 56 1 87 55 0 0 0 36
333 T 366698 37 366569 43 21 0 13 0 0 15
334 G 368005 71 34 7 367804 0 0 0 41 48
335 A 321508 321273 40 12 89 25 0 0 0 69
336 C 326743 20 56 326595 5 0 0 18 0 49
337 A 287615 287522 9 14 54 6 0 0 0 10
338 A 291500 291375 13 6 80 12 0 0 0 14
339 A 297246 297011 12 8 174 13 0 0 0 28
340 G 344035 31 25 13 343905 0 0 0 26 35
341 A 356413 356281 11 2 60 37 0 0 0 22
342 A 352142 351956 13 4 114 36 0 0 0 19
343 G 396563 57 24 6 396356 0 0 0 45 75
344 A 417311 417083 22 4 81 84 0 1 0 36
345 A 418088 417973 11 0 78 19 0 0 0 7
346 A 418822 418648 37 6 96 15 0 0 0 20
347 T 414128 37 413863 41 3 0 45 0 0 139
348 A 409928 409615 25 8 247 21 0 0 0 12
349 A 405013 404637 33 10 266 30 0 0 0 37
350 G 403570 33 43 5 403432 0 0 0 36 21
351 G 403435 26 32 9 403336 0 0 0 11 21
352 C 389143 32 72 388941 23 0 0 13 0 62
353 G 386987 46 30 14 386816 0 0 0 16 65
354 A 397021 396914 29 2 31 22 0 0 0 23
355 A 411180 411046 12 1 65 20 0 0 0 36
356 T 409523 30 409331 32 2 0 21 0 0 107
357 C 409498 35 25 409390 2 0 0 27 0 19
358 T 400535 14 400336 62 6 0 27 0 0 90
359 G 406099 54 30 10 405938 0 0 0 31 36
360 G 395179 29 30 2 395077 0 0 0 18 23
361 C 400475 46 106 400198 12 0 0 31 0 82
362 G 400406 94 44 11 400176 0 0 0 24 57
363 C 397430 22 21 397334 10 0 0 15 0 28
364 C 386373 26 45 385974 9 0 0 16 0 303
365 A 385299 385177 14 6 67 15 0 0 0 20
366 A 403121 402961 17 9 91 18 0 0 0 25
367 G 455100 74 43 21 454919 0 0 0 19 24
368 C 454322 49 67 454149 16 0 0 17 0 24
369 C 486654 40 66 486454 12 0 0 41 0 41
370 A 487764 487600 14 10 65 37 0 0 0 38
371 A 496160 495997 34 3 50 44 0 0 0 32
372 T 506103 60 505900 82 1 0 16 0 0 44
373 A 500309 499928 29 2 231 95 0 0 0 24
374 A 504114 503874 42 0 126 53 0 0 0 19
375 T 482131 35 481965 61 8 0 33 0 0 29
376 G 453347 46 55 7 453146 0 0 0 61 32
377 G 414701 35 26 12 414556 0 0 0 54 18
378 T 378055 25 377600 55 16 0 23 0 0 336
379 G 380389 40 32 7 380264 1 0 0 26 19
380 A 377261 377116 24 2 58 36 0 0 0 25
381 T 376659 33 376519 47 9 0 13 0 0 38
382 G 373134 34 24 6 373030 0 0 0 22 18
383 A 374883 374717 30 5 58 33 0 0 0 40
384 T 382060 33 381892 65 2 0 26 0 0 42
385 G 377550 55 33 20 377399 0 0 0 18 25
386 C 372360 22 71 372212 11 0 0 17 0 27
387 A 369047 368894 10 4 100 18 0 0 0 21
388 A 364459 364225 22 5 96 33 0 0 0 78
389 C 350549 19 43 350450 10 0 0 21 0 6
390 A 341535 341370 12 3 125 4 0 0 0 21
391 G 342806 21 28 9 342725 0 0 0 6 17
392 C 329926 28 22 329841 11 0 0 7 0 17
393 T 318493 14 318419 26 2 0 18 0 0 14
394 G 372557 36 33 7 372410 0 0 0 20 51
395 G 382505 37 40 11 382395 0 0 0 12 10
396 T 383025 36 382755 58 8 0 4 0 0 164
397 C 412709 20 38 412604 10 0 0 14 0 23
398 T 401535 20 401334 96 12 0 39 0 0 34
399 G 464589 52 41 12 464407 0 0 0 37 40
400 A 466205 465886 48 5 77 43 0 0 0 146
401 C 493828 20 25 493708 16 0 0 38 0 21
402 T 503933 45 503724 91 5 0 23 0 0 45
403 C 503914 73 50 503667 9 0 0 75 0 40
404 A 501772 501452 54 10 96 23 0 0 0 137
405 C 543467 26 69 543270 13 0 0 67 0 22
406 A 543372 543178 24 5 107 23 0 0 0 35
407 T 557320 45 557116 71 6 0 52 0 0 30
408 G 528018 47 45 10 527852 0 0 0 37 27
409 A 546597 546303 42 3 92 102 0 0 0 55
410 T 528803 37 528637 66 10 0 15 0 0 38
411 G 533501 56 36 12 533318 0 0 0 53 26
412 A 520616 520449 27 6 60 34 0 0 0 40
413 T 516540 34 516371 49 4 0 38 0 0 44
414 C 468819 34 38 468665 5 0 0 46 0 31
415 T 462498 42 462294 99 9 0 28 0 0 26
416 G 448221 53 26 15 448075 0 0 0 27 25
417 G 450480 36 63 21 450301 0 0 0 42 17
418 C 440090 39 66 439873 28 0 0 26 0 58
419 A 437900 437757 32 6 61 22 0 0 0 22
420 T 430867 11 430762 61 0 0 7 0 0 26
421 T 427761 18 427643 66 4 0 8 0 0 22
422 C 428521 25 40 428385 16 0 0 29 0 26
423 C 427010 51 35 426853 15 0 0 27 0 29
424 A 426933 426806 21 4 66 10 0 0 0 26
425 A 424285 424109 38 1 101 9 0 0 0 27
426 T 419959 11 419868 42 0 0 7 0 0 31
427 T 419518 18 419405 46 2 0 30 0 0 17
428 T 415572 14 415405 67 9 0 39 0 0 38
429 G 418031 41 37 12 417901 0 0 0 18 22
430 A 407254 407115 15 0 84 6 0 0 0 34
431 A 406869 406724 13 2 91 16 0 0 0 23
432 T 410601 32 410424 60 8 0 45 0 0 32
433 G 383602 28 21 15 383481 0 0 0 36 21
434 A 414484 414340 29 1 47 41 0 0 0 26
435 T 412070 28 411948 38 3 0 29 0 0 24
436 A 412415 412098 27 2 174 52 0 0 0 62
437 C 441752 40 68 441562 11 0 0 33 0 38
438 A 420111 419858 16 12 92 94 0 0 0 39
439 A 490961 490679 30 12 132 43 0 0 0 65
440 C 495703 39 49 495564 8 0 0 21 0 22
441 A 497313 497115 25 19 60 64 0 0 0 30
442 T 511312 35 511099 84 4 0 52 0 0 38
443 A 429271 428846 41 5 111 81 0 0 0 187
444 C 441300 26 44 441185 13 0 0 17 0 15
445 C 443131 35 52 442989 19 0 0 17 0 19
446 A 438715 438421 29 13 160 48 0 0 0 44
447 G 453528 43 58 12 453339 0 0 0 54 22
448 A 404075 403864 23 7 97 47 0 0 0 37
449 G 443323 59 41 12 443178 0 0 0 14 19
450 G 437875 45 30 12 437767 0 0 0 9 12
451 A 441910 441665 50 8 78 22 0 0 0 87
452 C 447820 20 58 447676 3 0 0 36 0 27
453 A 440560 440247 28 4 174 70 0 0 0 37
454 A 450493 450046 29 1 343 40 0 0 0 34
455 G 464614 37 44 18 464470 0 0 0 31 14
456 A 482066 481857 17 4 90 29 0 0 0 69
457 G 498761 29 52 9 498648 0 0 0 6 17
458 C 519613 39 25 519464 15 0 0 23 0 47
459 T 518924 10 518783 61 5 0 30 0 0 35
460 C 524480 33 46 524349 6 0 0 25 0 21
461 T 523067 25 522891 77 3 0 31 0 0 40
462 T 530484 28 530344 65 4 0 22 0 0 21
463 G 534735 39 12 9 534636 0 0 0 22 17
464 T 541132 39 540954 60 5 0 25 0 0 49
465 T 540394 32 540238 63 5 0 28 0 0 28
466 C 543790 47 85 543568 24 0 0 45 0 21
467 G 541318 148 78 28 540978 0 0 0 40 46
468 C 554106 50 88 553869 11 0 0 46 0 42
469 A 548695 548154 31 10 129 27 0 0 0 344
470 C 551304 18 75 551126 14 0 0 43 0 28
471 C 547064 71 99 546813 9 0 0 42 0 30
472 G 557952 152 43 12 557657 0 0 0 61 27
473 G 563817 141 47 21 563543 0 0 0 33 32
474 C 590545 66 76 590312 21 0 0 24 0 46
475 A 593883 593615 53 9 121 23 0 0 0 62
476 T 629092 21 628883 85 8 0 61 0 0 34
477 G 629883 85 99 17 629589 0 0 0 57 36
478 G 662794 62 103 12 662550 0 0 0 40 27
479 A 695983 695728 37 5 106 52 0 0 0 55
480 T 709336 56 708994 111 4 0 61 0 0 110
481 C 659462 42 56 659275 20 0 0 51 0 18
482 C 625683 80 56 625404 23 0 0 72 0 48
483 C 584703 88 64 584434 9 0 0 73 0 35
484 A 593541 593116 26 7 330 29 0 0 0 33
485 G 624024 47 73 10 623786 0 0 0 55 53
486 G 602812 39 55 6 602653 0 0 0 39 20
487 A 574835 574563 34 3 128 29 0 0 0 78
488 T 510392 23 510219 50 11 0 55 0 0 34
489 G 520951 67 29 12 520751 0 0 0 67 25
490 T 505480 35 505132 66 12 0 78 0 0 157
491 G 507004 111 49 19 506701 0 0 0 91 33
492 C 510168 31 45 509998 24 0 0 28 0 42
493 T 495090 19 494866 89 14 0 36 0 0 66
494 C 510510 47 32 510353 15 0 0 28 0 35
495 T 489790 21 489637 72 3 0 20 0 0 37
496 C 496664 47 31 496542 14 0 0 14 0 16
497 T 495268 35 495056 121 5 0 11 0 0 40
498 G 472358 43 30 12 472222 0 0 0 34 17
499 A 473178 473007 49 2 66 21 0 0 0 33
500 T 466309 28 466112 74 9 0 45 0 1 40
501 G 460891 102 92 22 460636 0 0 0 21 18
502 C 462350 46 78 462169 14 0 0 23 0 20
503 A 439010 438714 24 6 206 15 0 0 0 45
504 G 441665 34 70 7 441516 0 0 0 22 16
505 G 422344 33 18 13 422205 0 0 0 34 41
506 G 438387 55 25 11 438211 0 0 0 46 39
507 T 425498 17 424788 61 7 0 28 0 0 597
508 T 428478 21 428358 47 5 0 27 0 0 20
509 C 428789 42 93 428601 14 0 0 10 0 29
510 G 428839 80 39 11 428660 0 0 0 21 28
511 A 432068 431377 31 5 71 29 0 0 0 555
512 C 428909 25 29 428795 7 0 0 40 0 13
513 T 417864 29 417675 61 4 0 39 0 0 56
514 C 463007 54 37 462828 18 0 0 51 0 19
515 T 473062 29 472818 120 8 0 25 0 0 62
516 C 593460 49 141 593180 16 0 0 47 0 27
517 C 583474 60 62 583294 12 0 0 22 0 24
518 C 581608 86 52 581352 15 0 0 86 0 17
519 T 578319 61 578078 118 7 0 31 0 0 24
520 A 630699 629923 45 8 503 160 0 0 0 60
521 G 598400 51 67 22 598165 0 0 0 70 25
522 G 579194 70 61 11 578985 0 0 0 46 21
523 A 530741 530442 32 4 161 30 0 0 0 72
524 G 534376 41 46 13 534213 0 0 0 47 16
525 G 508878 32 28 7 508760 0 0 0 27 24
526 T 498457 32 497921 60 5 0 25 0 0 414
527 C 493744 29 46 493616 11 0 0 12 0 30
528 T 507860 11 507605 179 6 0 25 0 0 34
529 G 508233 42 57 24 508019 0 0 0 65 26
530 G 509750 42 42 12 509576 0 0 0 54 24
531 A 508344 508113 24 2 121 16 0 0 0 68
532 G 519076 40 37 13 518946 0 0 0 16 24
533 C 514050 35 36 513881 14 0 0 20 0 64
534 T 498255 6 498092 85 6 0 29 0 0 37
535 G 499744 189 49 9 499368 0 0 0 47 82
536 C 502694 37 92 502510 17 0 0 21 0 17
537 A 504625 504146 39 17 364 20 0 0 0 39
538 G 518018 36 49 10 517893 0 0 0 15 15
539 G 525557 30 45 10 525432 0 0 0 23 17
540 C 522916 39 92 522694 29 0 0 25 0 37
541 G 517532 117 50 16 517317 0 0 0 14 18
542 C 521394 46 29 521267 10 0 0 21 0 21
543 T 513617 17 513386 140 5 0 33 0 0 36
544 G 530589 190 49 19 530267 0 0 0 16 48
545 C 522938 52 162 522650 21 0 0 12 0 41
546 A 556505 556211 30 14 185 24 0 0 0 41
547 G 574086 45 32 14 573930 0 0 0 42 23
548 T 581802 35 581538 77 28 0 51 0 0 73
549 C 590122 47 87 589832 9 0 0 104 0 43
550 A 586817 586390 40 30 203 123 0 0 0 31
551 A 582937 582571 19 6 282 29 0 0 0 30
552 A 583021 582336 47 46 537 30 0 0 0 25
553 G 565079 43 82 8 564883 0 0 0 48 15
554 G 583539 52 41 7 583364 0 0 0 40 35
555 A 519104 518847 34 7 107 15 0 0 0 94
556 G 510281 39 22 8 510176 0 0 0 14 22
557 T 496635 39 496288 64 11 0 26 0 0 207
558 T 483461 28 483270 58 13 0 69 0 0 23
559 G 491073 49 94 10 490826 0 0 0 70 24
560 G 494421 63 50 24 494248 0 0 0 13 23
561 G 496634 90 37 21 496446 0 0 0 12 28
562 A 485789 485511 45 28 87 13 0 0 0 105
563 C 433967 29 71 433799 11 0 0 24 0 33
564 A 384958 384758 26 6 73 60 0 0 0 35
565 A 313483 313348 14 2 82 12 0 0 0 25
566 T 316108 22 316006 39 3 0 10 0 0 28
567 G 325082 20 35 2 324974 0 0 0 17 34
568 G 330796 34 21 7 330711 0 0 0 20 3
569 T 303657 20 303113 56 10 0 22 0 0 436
570 G 303761 35 34 8 303658 0 0 0 21 5
571 A 301041 300941 30 4 47 7 0 0 0 12
572 T 301759 18 301660 27 6 0 26 0 0 22
573 G 298283 33 32 7 298171 0 0 0 17 23
574 G 275453 23 33 5 275368 0 0 0 20 4
575 A 332090 331907 27 6 80 12 0 0 0 58
576 G 348660 45 7 6 348578 0 0 0 12 12
577 T 341469 28 341251 42 10 0 15 0 0 123
578 T 389981 15 389814 69 11 0 53 1 0 18
579 G 413117 48 38 9 412976 0 0 0 30 16
580 A 415846 415626 38 1 92 55 0 0 0 34
581 T 406178 34 406033 53 4 0 33 0 0 21
582 A 403608 403241 17 3 252 56 0 0 0 39
583 A 394750 394401 23 6 288 22 0 0 0 10
584 G 417745 31 53 10 417619 0 0 0 14 18
585 G 444220 24 34 7 444121 0 0 0 6 28
586 A 445456 445310 41 2 46 20 0 0 0 37
587 T 407837 39 407670 50 6 0 34 0 0 38
588 G 421639 51 26 9 421478 0 0 0 51 24
589 A 424366 424143 38 0 79 73 0 0 0 33
590 T 425646 53 425409 42 2 0 92 0 0 48
591 C 423263 35 37 423156 5 0 0 10 0 20
592 A 420693 420529 15 7 75 37 0 0 0 30
593 A 406466 406322 5 5 89 23 0 0 0 22
594 A 407727 407479 9 13 158 27 0 0 0 41
595 C 397377 22 49 397260 11 0 0 9 0 26
596 G 390041 63 35 15 389891 0 0 0 13 24
597 T 376011 20 375735 42 14 0 14 0 0 186
598 G 371109 37 68 9 370955 0 0 0 22 18
599 G 374908 29 50 8 374757 0 0 0 50 14
600 G 387009 43 34 7 386870 0 0 0 39 16
601 A 388399 388248 35 1 57 23 0 0 0 35
602 T 390483 24 390362 46 4 0 14 0 0 33
603 C 381715 29 35 381594 4 0 0 23 0 30
604 A 378028 377849 18 6 96 5 0 0 0 54
605 A 378392 378283 14 4 63 15 0 0 0 13
606 T 377383 25 377279 33 7 0 11 0 0 28
607 G 384698 41 34 6 384586 0 0 0 18 13
608 A 377104 376965 36 2 62 13 0 0 0 26
609 T 355357 27 355242 35 3 0 21 0 0 29
610 C 368735 27 55 368608 10 0 0 14 0 21
611 G 367629 73 43 13 367434 0 0 0 49 17
612 G 403754 26 30 12 403618 0 0 0 45 23
613 A 404421 404310 14 0 48 13 0 0 0 36
614 A 392972 392743 19 1 88 17 0 0 0 104
615 C 484279 24 26 484166 4 0 0 41 0 18
616 T 472063 22 471881 88 0 0 27 0 0 45
617 T 461820 19 461676 52 2 0 43 0 0 28
618 C 470058 28 49 469925 9 0 0 26 0 21
619 T 471797 39 471451 145 21 1 98 0 0 42
620 G 473939 56 60 12 473782 0 0 0 10 19
621 G 478731 40 39 18 478584 0 0 0 37 13
622 A 470426 470141 34 7 124 25 0 0 0 95
623 G 450846 29 55 6 450699 0 0 0 42 15
624 A 363916 363712 21 10 90 31 0 0 0 52
625 G 391386 29 35 13 391262 0 0 0 30 17
626 G 416533 25 26 6 416400 0 0 0 41 35
627 T 395691 35 394074 71 42 0 57 0 0 1412
628 G 392934 58 71 6 392776 0 0 0 11 12
629 A 392045 391848 28 4 104 37 0 0 0 24
630 A 395632 395505 22 4 74 16 0 0 0 11
631 A 398538 398400 8 4 77 12 0 0 0 37
632 A 395589 395444 50 2 51 23 0 0 0 19
633 T 382672 19 382555 39 14 0 25 0 0 20
634 G 363147 48 41 16 362998 0 0 0 7 37
635 G 362823 34 34 12 362722 0 0 0 12 9
636 A 363203 363021 15 6 90 16 0 0 0 55
637 C 354965 21 92 354817 12 0 0 6 0 17
638 G 353275 70 27 8 353135 0 0 0 16 19
639 A 353600 353506 12 2 44 20 0 0 0 16
640 A 356514 356416 9 1 63 19 0 0 0 6
641 A 357278 357144 7 0 73 23 0 0 0 31
642 A 352080 351971 8 3 77 9 0 0 0 12
643 A 350255 350094 25 30 61 9 0 0 0 36
644 C 344365 26 21 344282 2 0 0 14 0 20
645 A 343111 342985 20 13 61 15 0 0 0 17
646 A 341104 340876 17 6 164 28 0 0 0 13
647 G 349858 22 46 6 349759 0 0 0 6 19
648 G 331680 26 27 5 331534 0 0 0 74 14
649 A 317893 317731 18 4 54 53 0 0 0 33
650 G 323179 29 8 1 323102 0 0 0 16 23
651 T 306393 20 305721 57 10 0 11 0 0 574
652 G 320863 36 26 12 320755 0 0 0 18 16
653 C 317020 27 22 316929 17 0 0 9 0 16
654 T 312758 13 312653 50 3 0 26 0 0 13
655 T 335341 12 335246 46 6 0 2 0 0 29
656 A 319392 319150 22 7 108 63 0 0 0 42
657 C 353697 24 83 353536 15 0 0 18 0 21
658 G 353126 61 34 10 352953 0 0 0 46 22
659 A 321192 321029 27 13 72 21 0 0 0 30
660 G 359350 19 31 9 359234 0 0 0 26 31
661 A 293098 292955 16 4 67 27 0 0 0 29
662 G 301076 25 23 6 300973 0 0 0 21 28
663 A 294415 294304 20 0 47 10 0 0 0 34
664 A 255563 255474 15 0 43 9 0 0 0 22
665 T 257638 19 257558 28 3 0 15 0 0 15
666 G 267393 39 11 0 267317 0 0 0 15 11
667 T 317785 30 317522 61 17 0 7 0 0 148
668 G 331815 54 44 18 331656 0 0 0 18 25
669 C 333547 20 70 333391 24 0 0 16 0 26
670 A 329439 329305 13 12 61 41 0 0 0 7
671 A 335930 335722 47 4 71 15 0 0 0 71
672 C 360652 9 29 360556 7 0 0 33 0 18
673 A 357015 356926 26 1 23 11 0 0 0 28
674 T 346891 15 346772 49 0 0 23 0 0 32
675 T 347028 13 346897 37 5 0 52 0 0 24
676 C 352622 13 28 352530 5 0 0 20 0 26
677 T 351818 29 351688 62 1 0 5 0 0 33
678 C 366250 43 42 366127 6 0 0 11 0 21
679 A 364728 364620 12 3 73 5 0 0 0 15
680 A 365608 365478 21 4 75 15 0 0 0 15
681 A 365281 365036 10 1 193 29 0 0 0 12
682 G 374492 35 37 12 374356 0 0 0 42 10
683 G 384213 40 22 12 384092 0 0 0 17 30
684 A 381468 381327 20 5 63 21 0 0 0 32
685 A 380381 380229 8 4 88 26 0 0 0 26
686 A 380571 380378 19 0 99 47 0 0 0 28
687 A 401287 401106 48 2 88 25 0 0 0 18
688 T 401480 30 401375 42 1 0 17 0 0 15
689 T 394798 7 394705 46 2 0 15 0 0 23
690 T 394423 24 394286 70 2 0 19 0 0 22
691 C 376063 35 41 375920 5 0 0 43 0 19
692 A 374691 374533 14 14 95 16 0 0 0 19
693 A 373755 373600 7 1 94 26 0 0 0 27
694 A 374001 373830 12 15 81 27 0 0 0 36
695 C 387736 27 28 387633 7 0 0 31 0 10
696 A 364545 364415 16 6 59 12 0 0 0 37
697 G 375464 29 37 13 375336 0 0 0 30 19
698 C 379584 36 23 379462 15 0 0 32 0 16
699 T 346085 23 345904 63 6 0 43 0 0 46
700 G 366939 133 32 17 366679 0 0 0 28 50
701 C 304366 36 36 304211 23 0 0 40 0 20
702 A 305956 305751 30 19 55 12 0 0 0 89
703 C 300558 21 39 300466 7 0 0 10 0 15
704 A 300321 300185 13 15 49 42 0 0 0 17
705 A 298860 298723 24 3 78 18 0 0 0 14
706 A 289219 289034 13 5 126 17 0 0 0 24
707 G 318763 44 51 8 318611 0 0 0 28 21
708 G 318474 36 24 5 318348 0 0 0 36 25
709 G 302091 23 29 20 301983 0 0 0 15 21
710 C 299216 35 72 299040 26 0 0 11 0 32
711 A 295115 294985 14 8 58 36 0 0 0 14
712 A 317618 317504 17 1 65 13 0 0 0 18
713 T 299495 16 299397 35 11 0 14 0 0 22
714 G 300789 29 29 6 300687 0 0 0 19 19
715 A 279540 279410 28 3 49 28 0 0 0 22
716 T 293042 26 292892 43 2 0 41 0 0 38
717 G 291783 33 73 13 291643 0 0 0 9 12
718 G 318473 14 34 7 318383 0 0 0 22 13
719 A 318617 318489 31 1 50 12 0 0 0 34
720 T 313306 36 313171 37 3 0 35 0 0 24
721 C 301646 25 40 301522 7 0 0 33 0 19
722 A 302646 302496 24 2 80 27 0 0 0 17
723 A 343524 343369 16 3 90 15 0 0 0 31
724 G 347283 15 11 6 347224 0 0 0 17 10
725 T 347866 34 347623 58 4 0 13 0 0 134
726 G 351684 45 39 10 351564 1 0 0 9 16
727 A 343992 343788 30 2 118 23 0 0 0 31
728 G 356273 14 30 10 356182 0 0 0 19 18
729 A 355114 354949 28 4 96 12 0 0 0 25
730 G 357466 50 23 7 357318 0 0 0 38 30
731 A 351171 350992 17 0 69 55 0 0 0 38
732 A 342071 341880 16 1 149 14 0 0 0 11
733 A 363945 363706 6 0 164 27 0 0 0 42
734 G 369717 35 17 9 369621 0 0 0 22 13
735 T 369584 31 369356 40 6 0 8 0 0 143
736 C 360018 17 60 359913 8 0 0 6 0 14
737 G 357237 70 32 11 357071 0 0 0 30 23
738 G 360363 44 117 16 360123 0 0 0 49 14
739 A 358844 358757 14 2 37 13 0 0 0 21
740 A 361722 361421 18 14 83 33 0 0 0 153
741 C 366800 28 25 366694 3 0 0 36 0 14
742 C 407209 30 24 407096 4 0 0 27 0 28
743 C 418137 69 34 417981 11 0 0 18 0 24
744 A 417225 417062 13 15 100 20 0 0 0 15
745 G 433415 49 45 12 433244 0 0 0 36 29
746 G 430363 30 19 7 430255 0 0 0 34 18
747 A 427786 427616 19 1 78 34 0 0 0 38
748 A 432063 431901 22 1 88 31 0 0 0 20
749 A 406430 406292 22 3 62 22 0 0 0 29
750 T 427291 25 427128 63 14 0 33 0 0 28
751 G 431860 55 49 22 431688 0 0 0 21 25
752 C 462988 69 47 462805 10 0 0 23 0 34
753 T 449959 9 449767 113 15 0 11 0 0 44
754 G 454665 55 43 12 454493 0 0 0 32 30
755 A 428452 428273 28 5 103 11 0 0 0 32
756 G 434383 51 30 8 434234 0 0 0 49 11
757 A 432536 432331 34 1 53 62 0 0 0 55
758 T 435273 22 435144 39 4 0 30 0 0 34
759 C 425220 29 56 425084 6 0 0 16 0 29
760 G 423440 66 42 16 423241 0 0 0 40 35
761 A 407037 406895 31 4 64 23 0 0 0 20
762 A 404695 404446 16 3 192 22 0 0 0 16
763 G 430152 37 16 4 430060 0 0 0 20 15
764 A 429413 429202 27 1 66 29 0 0 0 88
765 T 411217 23 411058 62 4 0 28 1 0 41
766 C 409349 29 26 409222 3 0 0 33 0 36
767 T 387913 29 387708 75 4 0 68 0 0 29
768 C 395158 41 40 395025 8 0 0 22 0 22
769 A 393764 393647 11 2 69 8 0 0 0 27
770 T 394362 30 394254 36 4 0 4 0 0 34
771 C 390838 16 28 390745 6 0 0 13 0 30
772 T 357383 15 357268 55 2 0 13 0 0 30
773 T 360019 6 359945 46 2 0 11 0 0 9
774 T 360813 12 360696 53 6 0 32 0 0 14
775 C 357290 27 29 357173 10 0 0 21 0 30
776 T 355624 25 355498 54 6 0 20 0 0 21
777 G 346061 49 25 12 345941 0 0 0 23 11
778 G 350729 63 24 17 350577 0 0 0 30 18
779 C 348457 32 76 348287 12 0 0 18 0 32
780 A 347648 347456 21 3 95 12 0 0 0 61
781 C 344325 12 74 344184 6 0 0 13 0 36
782 G 365572 47 25 6 365435 0 0 0 28 31
783 G 372517 37 17 4 372409 0 0 0 24 26
784 T 371464 20 371225 47 7 0 23 0 0 142
785 C 373094 24 33 372992 13 0 0 14 0 18
786 T 380882 10 380616 134 7 0 83 0 0 32
787 G 374139 93 44 16 373944 0 0 0 29 13
788 C 383699 42 57 383531 16 0 0 27 0 26
789 A 369564 369178 30 12 53 32 0 0 0 259
790 C 362339 20 40 362211 3 0 0 40 0 25
791 T 318117 18 317964 71 4 0 31 0 0 29
792 C 336648 42 48 336462 11 0 0 44 0 41
793 A 341494 341341 27 3 34 46 0 0 0 43
794 T 332468 18 332365 46 2 0 29 0 0 8
795 A 322907 322585 27 3 93 3 0 0 0 196
796 T 340184 23 340053 32 5 0 53 0 0 18
797 T 344692 20 344533 54 7 0 22 0 0 56
798 G 381075 36 39 10 380936 0 0 0 16 38
799 A 375408 375081 32 2 120 6 0 0 0 167
800 G 403477 26 43 6 403354 0 0 0 28 20
801 A 371890 366263 13 0 121 17 0 0 0 5476
802 G 377607 49 53 6 377473 0 0 0 14 12
803 G 398488 18 28 10 398393 0 0 0 19 20
804 G 399397 40 32 6 399228 0 0 0 11 80
805 T 393166 36 392774 58 10 0 12 0 0 276
806 C 394518 31 51 394356 11 0 0 15 0 54
807 A 391266 391025 27 7 81 23 0 0 0 103
808 G 397364 25 19 4 397026 0 0 0 7 283
809 T 396428 25 396297 46 5 0 7 0 0 48
810 T 393639 25 393523 56 1 0 11 0 0 23
811 G 396045 49 31 23 395793 0 0 0 15 134
812 C 385038 25 47 384919 12 0 0 16 0 19
813 T 385169 21 384403 69 6 0 15 0 0 655
814 C 387378 34 49 387254 14 0 0 9 0 18
815 A 385998 385735 31 10 48 58 0 0 0 116
816 C 386586 29 32 382666 5 1 0 58 0 3795
817 A 382412 382288 10 3 73 16 0 0 0 22
818 A 382780 382582 15 1 165 6 0 0 0 11
819 A 382303 382101 23 6 84 1 0 0 0 88
820 T 379986 10 379872 50 2 0 13 0 0 39
821 C 376021 23 31 375347 5 0 0 14 0 601
822 T 365677 14 365549 52 3 0 35 0 0 24
823 T 350217 6 350109 37 18 0 13 0 0 34
824 G 349743 34 34 5 349575 0 0 0 31 64
825 T 331129 48 330916 62 1 0 44 0 0 58
826 C 328771 31 35 328623 9 0 0 45 0 28
827 T 275197 24 275061 22 7 0 10 0 0 73
828 G 273376 21 30 8 273060 0 0 0 7 250
829 C 269319 30 93 269154 20 0 0 2 0 20
830 C 266891 42 51 266739 11 0 0 14 0 34
831 C 208495 50 72 208328 17 0 0 8 0 20
832 G 184970 67 26 24 184811 0 0 0 13 29
833 C 185773 32 22 185689 7 0 0 6 0 17
834 C 184143 20 29 184047 11 0 0 16 0 20
835 T 173680 4 173494 137 16 0 3 0 0 26
836 G 170223 39 13 3 170138 0 0 0 23 7
837 T 161082 15 160961 32 4 0 20 0 0 50
838 G 168689 10 13 1 168638 0 0 0 4 23
839 T 143753 8 143691 22 5 0 2 0 0 25
840 G 159085 37 13 7 158872 0 0 0 8 148
841 T 107911 8 107849 23 4 0 3 0 0 24
842 A 106266 105955 9 2 63 12 0 0 0 225
843 T 103710 10 102325 12 9 0 2 0 0 1352
844 G 101999 28 23 6 101924 0 0 1 14 3
845 G 118045 31 14 10 117642 0 0 0 11 337
846 A 114434 51322 20 11 28 9 0 1 0 63043
847 C 122184 6 29 122116 3 0 0 13 0 17
848 C 122960 16 23 122908 4 0 0 3 0 6
849 T 121075 10 121015 13 5 0 11 0 0 21
850 G 238830 84 38 16 238617 0 0 0 27 48
851 C 241448 18 66 241342 12 0 0 6 0 4
852 C 242405 24 66 242278 5 0 0 7 0 25
853 G 242830 36 15 4 242757 0 0 0 8 10
854 T 259572 16 259425 50 6 0 48 0 0 27
855 A 267299 267109 8 0 139 17 0 0 0 26
856 G 279669 30 36 6 279570 0 0 0 15 12
857 C 280514 19 21 280429 5 0 0 10 0 30
858 C 292457 21 44 292371 6 0 0 6 0 9
859 A 357298 357152 24 9 48 19 0 0 0 46
860 G 362804 35 19 11 362703 0 0 0 27 9
861 T 363090 34 362915 53 11 0 18 0 0 59
862 G 395693 41 33 13 395546 0 0 0 38 22
863 G 396288 39 36 11 396175 0 0 0 19 8
864 C 401626 28 39 401472 10 0 0 46 0 31
865 T 401609 11 401429 108 5 0 38 0 0 18
866 A 404768 404531 31 2 123 32 0 0 0 49
867 C 404757 27 83 404619 7 0 0 10 0 11
868 G 437320 60 27 4 437195 0 0 0 11 23
869 A 438941 438719 20 1 41 28 0 0 0 132
870 C 442471 15 30 442383 4 0 0 16 0 23
871 T 441411 7 441272 72 2 0 30 0 0 28
872 T 443585 13 443508 35 0 0 19 0 0 10
873 C 443851 33 89 443642 9 0 0 60 0 18
874 G 446487 61 33 21 446284 0 0 0 67 21
875 A 447221 447087 16 3 94 6 0 0 0 15
876 A 447491 447362 9 5 78 7 0 0 0 30
877 A 447425 447291 8 2 109 4 0 0 0 11
878 A 448104 447955 16 2 87 30 0 0 0 14
879 A 447667 447329 16 5 256 17 0 0 1 43
880 G 450083 40 52 9 449945 0 0 0 12 25
881 A 444210 444011 18 2 98 13 0 0 0 68
882 G 439306 49 62 6 439151 0 0 0 28 10
883 G 437807 35 37 11 437603 0 0 0 104 17
884 G 434875 56 46 12 434672 0 0 0 72 17
885 A 419468 419242 35 0 52 6 0 0 0 133
886 T 416493 31 416316 60 4 0 18 0 0 64
887 A 369557 368913 25 1 82 19 0 0 0 517
888 C 368073 14 28 367968 8 0 0 15 0 40
889 T 326900 26 326753 40 1 0 33 0 0 47
890 C 333084 23 15 333011 6 0 0 13 0 16
891 T 348344 9 348219 55 3 0 18 0 0 40
892 T 343363 13 343277 36 2 0 26 0 0 9
893 T 344329 33 344185 48 8 0 33 0 0 22
894 A 349204 348897 14 0 209 40 0 0 0 44
895 G 360605 36 34 10 360468 0 0 0 33 24
896 T 344288 30 343827 54 24 0 20 0 0 333
897 G 336575 47 51 5 336432 0 0 0 15 25
898 G 337763 26 61 19 337582 0 0 0 31 44
899 G 312285 62 30 7 312139 0 0 0 25 22
900 A 390039 389856 25 1 84 19 0 0 0 54
901 A 400025 399863 40 8 60 18 0 0 0 36
902 T 400559 40 400412 62 3 0 13 0 0 29
903 A 395412 395147 26 0 154 73 0 0 0 12
904 G 402261 47 43 9 402115 0 0 0 18 29
905 A 406826 405977 26 20 50 23 0 0 0 730
906 C 415922 27 29 415782 9 0 0 40 0 35
907 C 410170 27 19 410074 11 0 0 20 0 19
908 C 447958 54 38 447772 6 0 0 71 0 17
909 T 448157 18 447874 156 15 0 68 0 0 26
910 T 455290 17 455155 67 6 0 24 0 0 21
911 T 436392 28 436241 79 4 0 13 0 0 27
912 C 437532 31 61 437362 14 0 0 45 0 19
913 A 436316 436181 14 17 76 11 0 0 0 17
914 A 439212 439009 31 5 95 54 0 0 0 18
915 A 445386 445123 30 18 101 64 0 0 0 50
916 C 445885 16 35 445790 3 0 0 27 0 14
917 T 438399 12 438260 73 5 0 5 0 0 44
918 G 443861 59 50 18 443663 0 0 0 23 48
919 C 447270 24 38 447153 12 0 0 24 0 19
920 T 448154 17 448009 72 3 0 28 0 0 25
921 T 447502 32 447372 38 2 0 21 0 0 37
922 C 452649 28 40 452534 14 0 0 18 0 15
923 A 451209 451020 17 4 84 35 0 0 0 49
924 A 451133 450991 14 3 87 16 0 0 0 22
925 A 451259 451123 7 3 104 9 0 0 0 13
926 A 450426 450239 17 17 92 3 0 0 0 58
927 C 453399 27 44 453257 10 0 0 21 0 40
928 A 442393 442262 26 5 57 27 0 0 0 16
929 G 458052 44 61 30 457838 0 0 0 23 56
930 C 461291 36 48 461142 34 0 0 10 0 21
931 C 478369 44 51 478210 14 0 0 25 0 25
932 A 473311 473111 26 8 66 84 0 0 0 16
933 A 474726 474506 15 13 93 79 0 0 0 20
934 G 536077 54 20 10 535918 0 0 0 29 46
935 T 550271 31 549894 60 5 0 47 0 0 234
936 A 535357 535107 34 1 158 27 0 0 0 30
937 T 525323 21 525192 56 2 0 29 0 0 23
938 A 509207 508865 34 4 148 84 0 0 0 72
939 C 493712 34 166 493437 21 0 0 34 0 20
940 A 479295 479068 20 25 124 25 0 0 0 33
941 G 551512 50 51 32 551253 0 0 0 74 52
942 C 560959 58 39 560723 23 0 0 74 0 42
943 C 488804 32 55 488643 13 0 0 44 0 17
944 T 556715 25 556377 164 5 0 99 0 0 45
945 A 580934 580697 11 4 132 67 0 0 0 23
946 A 589185 588856 36 3 235 20 0 0 0 35
947 T 586800 32 586621 70 2 0 13 0 0 62
948 C 527389 46 70 527177 21 0 0 34 0 41
949 A 484400 484150 14 10 160 36 0 0 1 29
950 G 485965 31 38 7 485818 0 0 0 37 34
951 A 486918 486610 22 5 85 22 0 0 0 174
952 C 490563 18 45 490433 13 0 0 31 0 23
953 C 483064 48 71 482870 7 0 0 13 0 55
954 G 488330 100 38 12 488134 0 0 0 18 28
955 A 498105 497989 29 2 55 14 0 0 0 16
956 A 511497 511189 31 3 196 26 0 0 0 52
957 C 506484 18 142 506268 14 0 0 20 0 22
958 G 506139 72 42 10 505959 0 0 0 32 24
959 A 518325 518121 44 0 72 54 0 0 0 34
960 G 521638 38 39 14 521488 0 0 0 20 39
961 A 529477 529353 14 3 61 24 0 0 0 22
962 A 547311 547112 19 6 113 36 0 0 0 25
963 T 546049 26 545875 69 2 0 24 0 0 53
964 C 543384 47 38 543227 5 0 0 44 0 23
965 C 545796 49 57 545613 19 0 0 32 0 26
966 A 540117 539873 14 7 158 26 0 0 0 39
967 G 554552 72 54 22 554307 0 0 0 72 25
968 C 547688 61 89 547438 17 0 0 51 0 32
969 A 575616 575294 47 10 108 34 0 0 0 123
970 C 598164 26 73 598015 6 0 0 23 0 21
971 A 582211 581837 65 9 100 50 0 0 0 150
972 C 591114 33 66 590975 9 0 0 8 0 23
973 A 587999 587687 15 4 168 72 0 0 0 53
974 A 592964 592547 33 10 260 85 0 0 0 29
975 G 598588 25 42 8 598336 0 0 0 69 108
976 A 561580 561381 40 4 88 29 0 0 0 38
977 G 566231 49 22 17 566077 0 0 0 32 34
978 T 496186 32 495615 40 6 0 48 0 0 445
979 C 521227 39 60 521027 23 0 0 41 0 37
980 A 491529 491253 16 7 223 9 0 0 0 21
981 G 492962 30 46 18 492831 0 0 0 18 19
982 C 493173 43 112 492927 15 0 0 18 0 58
983 T 409513 10 409378 63 8 0 30 0 0 24
984 G 439262 28 35 7 439141 0 0 0 37 14
985 G 445851 27 26 12 445727 0 0 0 36 23
986 T 441953 23 441358 70 13 0 21 0 0 468
987 G 508002 53 39 6 507842 0 0 0 18 44
988 T 493919 32 493541 70 17 0 65 0 0 194
989 G 491190 43 62 15 491004 0 0 0 35 31
990 G 429501 27 46 11 429367 0 0 0 18 32
991 A 426398 426262 42 0 51 15 0 0 0 28
992 T 426233 40 426094 42 2 0 23 0 0 32
993 G 412494 54 28 8 412327 0 0 0 38 39
994 G 417782 67 42 12 417580 0 0 0 56 25
995 C 420909 48 65 420720 20 0 0 21 0 35
996 A 435052 434847 34 8 111 14 0 0 0 38
997 T 453125 27 452946 103 3 0 8 0 0 38
998 G 459169 100 45 18 458944 0 0 0 36 26
999 C 465419 53 87 465217 16 0 0 14 0 32
1000 A 464131 463958 17 6 73 41 0 0 0 36
1001 A 470209 469987 35 1 108 48 0 0 0 30
1002 T 470949 13 470776 64 3 0 66 0 0 27
1003 T 452250 28 452071 46 2 0 50 0 0 53
1004 C 446709 64 40 446546 11 0 0 28 0 20
1005 T 420374 23 420198 84 4 0 41 0 0 24
1006 G 425041 106 64 16 424822 0 0 0 11 22
1007 C 437061 38 51 436895 20 0 0 28 0 29
1008 T 409384 16 409198 72 8 0 33 0 0 57
1009 G 414445 57 45 15 414281 0 0 0 33 14
1010 C 390111 30 49 389969 19 0 0 21 0 23
1011 A 386641 386495 20 10 68 23 0 0 0 25
1012 T 399946 18 399833 45 6 0 26 0 0 18
1013 T 398842 14 398727 52 0 0 30 0 0 19
1014 T 399589 11 399451 85 12 0 17 0 0 13
1015 G 399099 40 46 13 398967 0 0 0 13 20
1016 A 390951 390790 20 2 83 12 0 0 0 44
1017 A 391359 391156 26 3 113 45 0 0 0 16
1018 G 378216 31 16 5 378099 0 0 0 50 15
1019 A 393165 393041 29 3 42 23 0 0 0 27
1020 T 395536 20 395422 38 2 0 18 0 0 36
1021 C 388040 27 33 387937 8 0 0 24 0 11
1022 T 389712 18 389567 79 1 0 19 0 0 28
1023 A 377258 377080 8 2 98 51 0 0 0 19
1024 A 376342 376129 16 6 165 12 0 0 0 14
1025 G 378741 35 38 4 378620 0 0 0 15 29
1026 A 369415 369251 25 4 65 31 0 0 0 39
1027 G 397150 28 17 7 397004 0 0 0 76 18
1028 T 332409 16 331545 38 4 0 32 0 0 774
1029 A 328458 328258 14 3 131 31 0 0 0 21
1030 T 321965 11 321886 33 4 0 13 0 0 18
1031 T 319523 35 319362 50 2 0 54 0 0 20
1032 A 328997 328730 21 2 193 19 0 0 0 32
1033 A 289852 289715 7 7 71 31 0 0 0 21
1034 G 281091 15 39 11 281001 0 0 0 12 13
1035 C 281318 26 18 281243 4 0 0 17 0 10
1036 T 249226 6 249157 45 3 0 9 0 0 6
1037 T 295404 22 295298 31 3 0 18 0 0 32
1038 C 299544 27 43 299416 9 0 0 14 0 35
1039 A 308577 308467 15 5 39 24 0 0 0 27
1040 T 309020 26 308930 30 0 0 6 0 0 28
1041 C 308907 28 44 308783 7 0 0 27 0 18
1042 A 308365 308168 17 7 115 27 0 0 0 31
1043 G 295639 28 49 3 295525 0 0 0 21 13
1044 A 297683 297562 19 2 74 3 0 0 0 23
1045 G 290038 33 40 4 289938 0 0 0 8 15
1046 G 308458 28 33 6 308334 0 0 0 32 25
1047 G 372199 74 25 17 372004 1 0 0 38 40
1048 A 375506 375230 30 3 68 16 0 0 0 159
1049 C 380730 37 37 380617 6 0 0 10 0 23
1050 C 370653 40 26 370540 9 0 0 18 0 20
1051 A 376698 376524 16 24 47 72 0 0 0 15
1052 A 402791 402589 21 5 114 46 0 0 0 16
1053 A 404163 403890 10 9 201 24 0 0 0 29
1054 G 410425 36 25 3 410313 0 0 0 20 28
1055 T 404728 32 404407 52 10 0 15 0 0 212
1056 A 406649 406469 29 1 79 34 0 0 0 37
1057 T 410711 26 410496 92 1 0 24 0 0 72
1058 C 412116 36 39 412001 7 0 0 14 0 19
1059 C 409300 66 37 409148 14 0 0 10 0 25
1060 C 404587 63 40 404396 5 0 0 64 0 19
1061 C 384333 81 44 384106 11 0 0 66 0 25
1062 A 383122 382921 20 19 66 69 0 0 0 27
1063 A 377276 377057 12 6 168 15 0 0 0 18
1064 G 382148 52 75 9 381975 0 0 0 22 15
1065 G 373251 30 59 12 373125 0 0 0 8 17
1066 G 370643 41 48 14 370472 0 0 0 22 46
1067 G 347699 37 39 7 347575 0 0 0 19 22
1068 G 330063 94 36 12 329876 0 0 0 22 23
1069 A 327497 327407 13 0 48 12 0 0 0 17
1070 A 339465 339323 19 4 79 21 0 0 0 19
1071 A 340884 340652 14 26 107 23 0 0 0 62
1072 C 348479 23 22 348400 2 0 0 24 0 8
1073 T 334525 11 334395 96 2 0 3 0 0 18
1074 T 335073 9 334985 52 2 0 7 0 0 18
1075 T 344681 25 344515 66 5 0 17 0 0 53
1076 C 320313 29 24 320199 13 0 0 24 0 24
1077 C 339851 33 46 339730 12 0 0 17 0 13
1078 A 376818 376599 26 11 47 13 0 0 0 122
1079 C 386782 11 32 386692 8 0 0 27 0 12
1080 T 387772 25 387614 77 0 0 42 0 0 14
1081 A 375445 375231 20 2 104 66 0 0 0 22
1082 G 380758 38 47 8 380628 0 0 0 21 16
1083 A 384606 384490 16 2 50 20 0 0 0 28
1084 G 388044 34 46 12 387927 0 0 0 15 10
1085 G 406548 27 48 15 406388 0 0 0 35 35
1086 A 350397 350239 25 4 55 31 0 0 0 43
1087 G 395205 41 14 7 395091 0 0 0 25 27
1088 T 391295 22 390465 65 12 0 26 0 0 705
1089 A 392532 392266 33 2 134 28 0 0 0 69
1090 C 398417 42 54 398248 11 0 0 38 0 24
1091 A 383067 382924 13 10 52 53 0 0 0 15
1092 A 382901 382709 29 3 87 51 0 0 0 22
1093 A 431418 431225 31 10 68 46 0 0 0 38
1094 T 422765 34 422626 45 1 0 19 0 0 40
1095 T 406040 10 405898 51 22 0 20 0 0 39
1096 G 359756 30 33 15 359642 0 0 0 12 24
1097 C 353902 26 23 353800 11 0 0 32 0 10
1098 T 353869 5 353766 55 1 0 18 0 0 24
1099 T 353447 29 353343 32 6 0 12 0 0 25
1100 C 352274 42 40 352158 8 0 0 8 0 18
1101 A 347081 346927 14 4 101 13 0 0 0 22
1102 A 352445 352333 10 2 73 10 0 0 0 17
1103 A 355605 355489 16 1 79 7 0 0 0 13
1104 T 357316 15 357212 30 3 0 15 0 0 41
1105 G 354751 42 28 11 354642 0 0 0 19 9
1106 A 352002 351909 20 1 32 14 0 0 0 26
1107 A 356652 356522 9 1 51 42 0 0 0 27
1108 A 357791 357655 10 3 54 50 0 0 0 19
1109 A 359631 359435 25 58 69 8 0 0 0 36
1110 C 374960 23 26 374866 2 0 0 31 0 12
1111 A 372396 372266 30 3 47 34 0 0 0 16
1112 T 389275 22 389151 41 10 0 25 0 0 26
1113 G 375453 39 54 9 375314 0 0 0 23 14
1114 G 372760 32 24 5 372656 0 0 0 28 15
1115 A 384176 384035 18 2 51 21 0 0 0 49
1116 T 380558 30 380416 54 6 0 22 0 0 30
1117 G 384908 37 23 10 384803 0 0 0 15 20
1118 C 440151 41 32 439987 13 0 0 42 0 36
1119 T 426333 12 426152 88 2 0 36 0 0 43
1120 A 427188 426971 44 4 80 54 0 0 0 35
1121 T 410345 40 410182 48 6 0 47 0 0 22
1122 G 419039 44 42 10 418804 0 0 0 95 44
1123 G 420294 45 33 15 420165 0 0 0 20 16
1124 A 398770 398607 35 3 63 22 0 0 0 40
1125 A 398807 398628 21 1 108 10 0 0 0 39
1126 T 352038 17 351913 34 3 0 48 0 0 23
1127 C 330684 31 25 330550 1 0 0 56 0 21
1128 A 324687 324487 20 4 151 8 0 0 0 17
1129 A 321807 321560 18 3 191 17 0 0 0 18
1130 G 324627 24 18 5 324557 0 0 0 8 15
1131 T 307012 17 306805 36 9 0 21 0 0 124
1132 A 302610 301710 16 6 128 22 0 0 0 728
1133 C 327496 8 16 327434 4 0 0 29 0 5
1134 T 313047 16 312935 44 2 0 10 0 0 40
1135 C 323555 29 33 323437 2 0 0 20 0 34
1136 T 285631 26 285516 56 3 0 15 0 0 15
1137 T 287481 16 287327 64 3 0 47 0 0 24
1138 G 290112 31 27 8 290032 0 0 0 5 9
1139 A 300601 300499 22 1 47 7 0 0 0 25
1140 A 302547 302445 12 1 47 9 0 0 0 33
1141 C 303984 15 25 303899 3 0 0 15 0 27
1142 T 293684 5 293580 51 4 0 28 0 0 16
1143 G 303646 33 27 9 303546 0 0 0 23 8
1144 A 310245 310113 18 6 63 15 0 0 0 30
1145 G 315752 23 22 11 315682 0 0 0 6 8
1146 A 314499 314382 24 2 52 11 0 0 0 28
1147 A 356019 355863 10 2 90 31 0 0 0 23
1148 G 362036 24 24 10 361945 0 0 0 18 15
1149 C 394824 43 78 394634 14 0 0 16 0 39
1150 A 392624 392382 20 7 173 14 0 0 0 28
1151 G 393987 26 34 13 393842 0 0 0 55 17
1152 G 460191 46 24 8 460030 0 0 0 56 27
1153 T 458978 26 458263 68 25 0 30 0 0 566
1154 A 464740 464363 45 9 199 24 0 0 0 100
1155 C 478639 30 51 478513 10 0 0 19 0 16
1156 T 450325 28 450100 65 18 0 78 0 0 36
1157 G 462631 48 69 4 462473 0 0 0 18 19
1158 G 470454 57 26 21 470284 0 0 0 33 33
1159 G 459232 61 46 30 459026 0 0 0 29 40
1160 C 493986 44 74 493761 27 0 0 32 0 48
1161 C 445809 34 81 445630 11 0 0 31 0 22
1162 A 462252 462058 42 10 67 38 0 0 0 37
1163 T 462750 29 462584 79 7 0 33 0 0 18
1164 A 457427 457017 15 5 329 30 0 0 0 31
1165 A 474419 474026 27 3 322 18 0 0 0 23
1166 G 465766 29 28 6 465599 0 0 0 67 37
1167 A 446835 446701 18 3 55 43 0 0 0 15
1168 A 444683 444395 24 3 83 23 0 0 0 155
1169 C 443707 23 27 443610 1 0 0 28 0 18
1170 C 467641 34 37 467525 12 0 0 12 0 21
1171 A 455660 455436 28 7 107 40 0 0 0 42
1172 G 465617 35 28 19 465501 0 0 0 18 16
1173 A 466067 465948 19 2 61 10 0 0 0 27
1174 A 461496 461292 17 3 129 26 0 0 0 29
1175 G 474442 37 23 4 474318 0 0 0 45 15
1176 T 449175 27 448478 53 8 0 32 0 0 577
1177 G 452189 54 46 16 452015 0 0 0 25 33
1178 G 461315 32 59 18 461163 0 0 0 19 24
1179 A 461717 461420 42 3 177 28 0 0 0 47
1180 G 469481 47 48 16 469299 0 0 0 52 19
1181 G 471631 35 48 17 471461 0 0 0 34 36
1182 A 444116 443969 33 1 58 17 0 0 0 38
1183 A 443600 443374 17 4 154 20 0 0 0 31
1184 A 443188 442952 26 23 90 37 0 0 0 60
1185 C 452306 34 40 452123 4 0 0 81 0 24
1186 A 452012 451583 30 18 66 44 0 0 0 271
1187 C 476726 29 37 476616 5 0 0 29 0 10
1188 T 463942 37 463698 130 11 0 29 0 0 37
1189 A 497220 496925 25 5 204 33 0 0 0 28
1190 A 520253 520051 26 1 128 25 0 0 0 22
1191 T 517631 62 517389 58 3 0 59 0 0 60
1192 C 522252 51 53 522093 7 0 0 28 0 20
1193 A 503811 503597 16 9 99 60 0 0 0 30
1194 A 508009 507747 30 13 138 32 0 0 0 49
1195 C 515333 31 59 515149 19 0 0 53 0 22
1196 A 443954 443615 29 7 224 58 0 0 0 21
1197 G 439297 34 57 23 439146 0 0 0 16 21
1198 A 399676 399473 25 7 128 20 0 0 0 23
1199 G 406325 33 67 8 406167 0 0 0 15 35
1200 G 429842 37 34 11 429693 0 0 0 32 35
1201 G 375229 40 32 25 375083 0 0 0 32 17
1202 C 381870 27 66 381714 19 0 0 23 0 21
1203 C 386397 36 32 386289 8 0 0 12 0 20
1204 T 383695 32 383486 96 4 0 44 0 0 33
1205 C 403042 57 32 402886 10 0 0 38 0 19
1206 T 392138 21 391905 125 7 0 39 0 0 41
1207 G 392815 51 40 26 392649 0 0 0 16 33
1208 C 389444 34 125 389226 15 0 0 16 0 28
1209 A 374803 374514 14 7 204 29 0 0 0 35
1210 G 399830 39 31 5 399704 0 0 0 14 37
1211 G 399535 32 16 8 399434 0 0 0 21 24
1212 T 403118 25 402602 67 11 0 20 0 0 393
1213 C 403655 26 57 403519 10 0 0 12 0 31
1214 A 392026 391837 20 14 94 50 0 0 0 11
1215 A 417855 417689 19 0 94 26 0 0 0 27
1216 A 407634 407459 28 2 104 15 0 0 0 26
1217 T 410732 20 410618 45 2 0 19 0 0 28
1218 C 409219 37 33 409078 12 0 0 38 0 21
1219 A 380252 380039 16 6 133 24 0 0 0 34
1220 G 404637 32 19 7 404513 0 0 0 39 27
1221 T 391218 47 390954 53 5 0 28 0 0 131
1222 G 393578 50 19 6 393436 0 0 0 48 19
1223 T 388438 36 388151 93 11 0 25 0 0 122
1224 G 375321 57 33 19 375159 0 0 0 31 22
1225 C 386019 33 183 385722 17 0 0 46 0 18
1226 A 382131 381996 11 9 68 26 0 0 0 21
1227 A 389046 388721 37 9 128 20 0 0 0 131
1228 C 388897 20 30 388804 7 0 0 22 0 14
1229 C 387884 36 26 387746 6 0 0 38 0 32
1230 T 353272 21 353045 127 14 0 34 0 0 31
1231 G 365185 104 39 14 364985 0 0 0 25 18
1232 C 398028 31 45 397891 21 0 0 13 0 27
1233 A 391046 390879 24 12 62 32 0 0 0 37
1234 T 400234 57 400070 37 2 0 44 0 0 24
1235 T 398027 14 397915 46 3 0 27 0 0 22
1236 T 378474 15 378365 53 4 0 20 0 0 17
1237 T 381978 14 381869 51 1 0 9 0 0 34
1238 C 358734 16 27 358648 2 0 0 27 0 14
1239 T 333589 16 333449 66 2 0 25 0 0 31
1240 G 357167 47 18 10 357052 0 0 0 25 15
1241 T 346840 50 346616 67 17 0 18 0 0 72
1242 G 356524 72 39 24 356338 1 0 0 23 27
1243 C 362390 47 46 362214 27 0 0 29 0 27
1244 A 357482 357310 20 16 68 49 0 0 0 19
1245 A 364715 364491 16 4 178 15 0 0 0 11
1246 A 363474 363241 9 3 185 19 0 0 0 17
1247 G 374575 45 23 4 374442 0 0 0 44 17
1248 A 370335 370206 19 5 51 21 0 0 0 33
1249 A 336769 336587 18 6 123 26 0 0 0 9
1250 A 351730 350953 16 19 128 9 0 0 0 605
1251 C 353671 17 31 353547 8 0 0 37 0 31
1252 C 373775 42 28 373653 7 0 0 18 0 27
1253 T 375535 28 375320 93 5 0 38 0 0 51
1254 C 370450 45 31 370322 7 0 0 28 0 17
1255 C 391654 47 35 391536 7 0 0 18 0 11
1256 C 383726 51 39 383598 10 0 0 16 0 12
1257 A 387898 387794 23 11 37 17 0 0 0 16
1258 T 388913 39 388756 52 4 0 25 0 0 37
1259 T 367306 18 367186 44 3 0 25 0 0 30
1260 T 371843 19 371641 120 18 0 14 0 0 31
1261 G 369778 64 34 14 369607 0 0 0 16 43
1262 A 376666 376431 35 10 98 26 0 0 0 66
1263 C 374090 38 60 373954 6 0 0 16 0 16
1264 A 355560 355406 6 16 81 37 0 0 0 14
1265 A 367166 366849 21 1 234 44 0 0 0 17
1266 A 370036 369663 13 16 219 23 0 1 0 101
1267 C 387098 23 21 386980 9 0 0 46 0 19
1268 C 383970 37 20 383852 14 0 0 21 0 26
1269 A 349920 349815 14 7 38 21 0 0 0 25
1270 A 364453 364237 19 9 41 28 0 0 0 119
1271 C 362214 20 28 362135 5 0 0 15 0 11
1272 C 386843 21 31 386755 7 0 0 13 0 16
1273 A 384337 384198 23 1 53 40 0 0 0 22
1274 T 387737 28 387526 65 2 0 39 0 0 77
1275 C 387724 38 39 387599 13 0 0 23 0 12
1276 A 373171 373020 28 2 67 42 0 0 0 12
1277 T 380724 31 380580 53 7 0 22 0 0 31
1278 G 363265 37 29 15 363136 0 0 0 24 24
1279 G 360913 41 34 12 360790 0 0 0 11 25
1280 C 334932 40 81 334750 22 0 0 19 0 20
1281 A 318274 318083 8 5 109 22 0 0 0 47
1282 G 327186 49 40 17 327043 0 0 0 17 20
1283 C 321079 40 45 320963 8 0 0 13 0 10
1284 A 317090 316912 21 1 91 24 0 0 0 41
1285 T 318586 12 318481 44 1 0 36 0 0 12
1286 T 311397 23 311301 28 1 0 18 0 0 26
1287 C 315225 32 42 315083 10 0 0 32 0 26
1288 A 311399 311152 22 9 92 23 0 0 0 101
1289 C 294497 20 17 294412 4 0 0 26 0 18
1290 T 296673 7 296555 63 6 0 19 0 0 23
1291 G 322574 46 44 11 322395 0 0 0 26 52
1292 G 331924 33 33 8 331827 0 0 0 13 10
1293 G 340024 63 31 12 339876 0 0 0 22 20
1294 A 332717 332600 21 1 50 16 0 0 0 29
1295 A 342407 342209 26 4 144 14 0 0 0 10
1296 T 325657 22 325496 67 6 0 42 0 0 24
1297 A 353996 353513 23 10 348 37 0 0 0 65
1298 C 391196 28 71 391052 7 0 0 13 0 25
1299 A 381123 380847 25 11 188 22 0 0 0 30
1300 G 386239 31 71 12 386087 0 0 0 27 11
1301 A 374817 374532 20 8 157 39 0 0 0 61
1302 G 400972 77 72 9 400772 0 0 0 26 16
1303 G 394848 41 45 14 394712 0 0 0 27 9
1304 G 394465 67 57 9 394267 0 0 0 41 24
1305 A 393924 393711 29 0 88 59 0 0 0 37
1306 A 388578 388173 19 1 302 67 0 0 0 16
1307 G 396721 46 40 8 396480 0 0 0 19 128
1308 A 394978 394843 17 1 65 19 0 0 0 33
1309 A 407729 407407 34 9 194 13 0 0 0 72
1310 C 434345 33 40 434217 5 0 0 17 0 33
1311 A 418304 418077 37 8 106 38 0 0 0 38
1312 T 425347 29 425176 47 7 0 43 0 0 45
1313 C 415094 40 55 414925 18 0 0 37 0 19
1314 A 410917 410665 22 8 170 22 0 0 0 30
1315 G 416174 29 32 23 416043 0 0 0 25 22
1316 A 404919 404711 37 6 55 32 0 0 0 78
1317 C 409084 16 47 408984 10 0 0 7 0 20
1318 A 401757 401629 23 2 66 12 0 0 0 25
1319 T 385462 20 385349 50 5 0 15 0 0 23
1320 G 391999 45 36 9 391865 0 0 0 6 38
1321 A 376462 376283 24 4 114 10 0 0 0 27
1322 G 381378 31 78 12 381236 0 0 0 9 12
1323 G 383843 43 30 10 383705 0 0 0 27 28
1324 G 378161 47 31 15 378002 0 0 0 49 17
1325 C 378552 38 62 378355 24 0 0 47 0 26
1326 A 372783 372578 28 4 106 33 0 0 0 34
1327 G 380743 28 24 6 380644 0 0 0 11 30
1328 A 381528 381426 8 2 58 12 0 0 0 22
1329 A 386713 386422 18 2 238 14 0 0 0 19
1330 A 399248 399042 25 1 135 21 0 0 0 24
1331 T 403644 31 403498 51 3 0 33 0 0 28
1332 T 427298 16 427189 52 4 0 18 0 0 19
1333 A 430439 429778 45 3 565 27 0 0 0 21
1334 T 426747 32 426595 58 2 0 39 0 0 21
1335 A 426489 426020 18 1 361 74 0 0 0 15
1336 A 412499 412001 25 10 431 16 0 0 0 16
1337 G 435538 30 47 7 435404 0 0 0 31 19
1338 G 443980 40 25 8 443839 0 0 0 45 23
1339 A 460706 460517 34 3 56 24 0 0 0 72
1340 T 396842 22 396701 53 6 0 14 0 0 46
1341 G 391197 55 41 5 391035 0 0 0 40 21
1342 A 381058 380858 45 3 79 46 0 0 0 27
1343 T 384336 45 384209 36 4 0 23 0 0 19
1344 G 374917 47 38 10 374791 0 0 0 18 13
1345 G 380728 46 36 14 380559 0 0 0 48 25
1346 A 357750 357557 30 1 94 37 0 0 0 31
1347 A 369350 369015 29 5 218 47 0 0 0 36
1348 G 373178 49 26 7 373059 0 0 0 21 16
1349 G 418641 37 13 7 418542 0 0 0 17 25
1350 T 405490 36 404778 60 36 0 3 0 0 577
1351 G 396479 158 68 19 396202 0 0 0 15 17
1352 C 396319 46 145 396063 36 0 0 11 0 18
1353 A 389614 389427 13 23 77 52 0 0 0 22
1354 A 389587 389453 7 3 87 25 0 0 0 12
1355 A 394546 394340 14 1 167 13 0 0 0 11
1356 A 402447 401937 28 36 275 14 0 0 0 157
1357 C 407009 23 26 406928 4 0 0 5 0 23
1358 C 390988 38 33 390888 5 0 0 7 0 17
1359 A 373729 373526 29 3 146 6 0 0 0 19
1360 G 381379 30 26 8 381287 0 0 0 15 13
1361 A 377039 376806 20 2 155 25 0 0 0 31
1362 A 389309 388538 21 4 691 35 0 0 0 20
1363 G 395845 27 25 5 395734 0 0 0 27 27
1364 A 390136 389943 23 4 91 53 0 0 0 22
1365 A 386154 385406 23 0 687 24 0 0 0 14
1366 A 386594 385931 24 3 603 15 0 0 0 18
1367 T 387109 27 387001 48 4 0 13 0 0 16
1368 G 389492 53 17 12 389372 0 0 0 8 30
1369 T 378993 27 378834 69 2 0 6 0 0 55
1370 C 383070 25 41 382937 12 0 0 35 0 20
1371 C 376094 37 37 375944 12 0 0 51 0 13
1372 T 378456 29 378278 89 3 0 38 0 0 19
1373 T 380185 37 380020 80 5 0 13 0 0 30
1374 C 381572 37 58 381434 10 0 0 26 0 7
1375 C 379039 62 37 378900 9 0 0 18 0 13
1376 A 371670 371139 30 53 367 45 0 1 1 34
1377 G 370957 63 77 8 370769 1 0 0 26 13
1378 G 367724 28 19 6 367636 0 0 0 21 14
1379 G 367162 37 31 15 367028 1 0 0 29 21
1380 G 339637 30 44 23 339506 0 0 0 29 5
1381 C 301883 39 62 301612 111 0 1 21 0 37
1382 G 298656 84 79 90 298362 0 0 0 29 12
1383 G 308060 49 72 11 307874 0 0 0 44 10
1384 G 307557 47 64 17 307386 0 0 0 10 33
1385 G 312668 105 26 16 312468 0 0 0 9 44
1386 A 285394 259946 11 5 121 10 0 0 1 25300
1387 G 283506 31 17 4 283403 0 0 0 28 23
1388 T 268546 7 255144 31 6 0 8 0 0 13350
1389 C 275488 20 12 275356 5 0 0 18 0 77
1390 T 265854 8 265698 77 2 0 15 0 0 54
1391 T 266224 10 266116 48 2 0 40 0 0 8
1392 C 267728 36 70 267169 12 0 0 16 0 425
1393 G 318817 60 48 8 318457 0 0 0 19 225
1394 A 314220 313490 8 2 95 10 0 0 0 615
1395 G 321587 27 24 7 321490 0 0 0 17 22
1396 C 296460 19 20 296307 7 0 0 18 0 89
1397 T 291905 4 291628 47 10 0 16 0 0 200
1398 C 283055 21 24 282971 4 0 0 16 0 19
1399 T 281934 12 281842 51 2 0 11 0 0 16
1400 C 284860 37 86 284689 11 0 0 8 0 29
1401 G 286560 57 30 6 286436 0 0 0 9 22
1402 G 318855 27 23 4 318782 0 0 0 13 6
1403 A 350909 350429 10 6 105 9 0 0 0 350
1404 C 367628 48 83 367415 14 0 0 24 0 44
1405 G 390962 82 26 50 390752 0 0 0 10 42
1406 A 424087 423823 19 2 162 41 0 0 0 40
1407 A 421867 421256 21 5 510 43 0 0 0 32
1408 A 425490 424573 24 2 793 79 0 0 0 19
1409 G 437599 48 90 4 437337 0 0 0 20 100
1410 G 440067 33 38 6 439921 0 0 0 42 27
1411 G 427850 41 45 13 427728 0 0 0 12 11
1412 C 432437 33 207 432101 27 0 0 24 0 45
1413 A 428937 428542 23 11 286 28 0 0 0 47
1414 G 436692 58 81 15 436506 0 0 0 15 17
1415 C 428936 47 170 428671 14 0 0 6 0 28
1416 G 465271 80 41 16 465075 0 0 0 24 35
1417 A 469162 469007 17 2 70 40 0 0 0 26
1418 A 473104 472579 31 4 267 50 0 0 0 173
1419 C 473830 26 51 473694 8 0 0 25 0 26
1420 C 471039 47 25 470835 13 0 0 95 0 24
1421 C 458398 86 69 458138 20 0 0 53 0 32
1422 G 457239 83 41 7 457024 0 0 0 26 58
1423 A 457738 457488 27 6 158 21 0 0 0 38
1424 T 458344 41 458207 41 2 0 21 0 0 32
1425 C 440048 25 82 439877 15 0 0 11 0 38
1426 G 429995 121 20 10 429802 0 0 0 20 22
1427 T 414869 17 414635 56 9 0 32 0 0 120
1428 G 394392 93 30 19 394199 0 0 0 10 41
1429 C 393967 23 40 393846 18 0 0 20 0 20
1430 C 394570 26 39 394452 10 0 0 27 0 16
1431 C 393173 53 34 393025 8 0 0 29 0 24
1432 T 380171 18 380038 70 3 0 15 0 0 27
1433 C 408926 25 48 408806 9 0 0 21 0 17
1434 T 403040 10 402767 215 4 0 13 0 0 31
1435 T 458907 7 458705 99 4 0 31 0 0 61
1436 T 409544 19 409441 39 3 0 30 0 0 12
1437 T 413653 25 413391 66 49 0 85 0 0 37
1438 G 407765 94 30 20 407585 0 0 0 14 22
1439 A 403437 403174 51 39 95 27 0 0 0 51
1440 C 415286 56 62 415105 5 0 0 26 0 32
1441 A 411490 411303 32 6 98 25 0 0 0 26
1442 T 355561 18 355420 65 3 0 26 0 0 29
1443 G 445902 58 56 11 445707 0 0 0 35 35
1444 A 440946 440669 30 2 172 22 0 0 0 51
1445 G 501668 56 38 15 501480 0 0 0 51 28
1446 T 503217 48 502810 70 26 0 26 0 0 237
1447 A 488709 488278 21 2 325 60 0 0 0 23
1448 A 494640 494339 46 3 219 17 0 0 0 16
1449 T 491905 36 491633 71 22 0 106 0 0 37
1450 G 492459 56 39 11 492238 0 0 0 78 37
1451 A 465767 465532 34 0 132 34 0 0 0 35
1452 A 427849 427365 25 9 373 21 1 0 1 54
1453 G 425738 23 33 7 425631 0 0 0 25 19
1454 G 388385 25 33 7 388287 0 0 0 12 21
1455 A 385006 384871 34 3 53 11 0 0 0 34
1456 T 390924 26 390780 42 5 0 15 0 0 56
1457 C 388233 29 32 388110 5 0 0 33 0 24
1458 T 381981 34 381828 69 3 0 39 0 0 8
1459 T 385257 9 385137 72 0 0 25 1 0 13
1460 A 385828 384800 26 0 950 39 0 0 0 13
1461 T 385083 25 384988 42 2 0 10 0 0 16
1462 T 383096 14 382988 43 2 0 5 0 0 44
1463 T 380151 16 380062 46 1 0 12 0 0 14
1464 C 379148 18 29 379046 9 0 0 11 0 35
1465 T 363978 13 363862 77 4 0 7 0 0 15
1466 T 361854 15 361712 42 2 0 51 0 0 32
1467 C 360194 36 60 360036 9 0 0 40 0 13
1468 G 358367 66 39 6 358232 0 0 0 5 19
1469 G 361283 38 35 15 361166 0 0 0 12 17
1470 A 362853 362709 27 0 68 7 0 0 0 42
1471 G 370920 33 13 8 370836 0 0 0 18 12
1472 A 371214 371038 41 3 48 10 0 0 0 74
1473 C 380252 16 46 380137 10 0 0 24 0 19
1474 A 372088 371957 17 5 58 20 0 0 0 31
1475 A 414024 413854 28 6 87 30 0 0 0 19
1476 T 428892 28 428723 71 4 0 33 0 0 33
1477 G 464631 93 39 25 464394 0 0 0 47 33
1478 C 479656 49 131 479400 21 0 0 27 0 28
1479 A 465336 464958 37 12 178 120 0 0 0 31
1480 G 470382 33 58 13 470254 0 0 0 8 16
1481 A 493943 493707 25 6 83 40 0 0 0 82
1482 G 424705 36 55 11 424571 0 0 0 17 15
1483 G 449847 43 58 12 449682 0 0 0 30 22
1484 A 378752 378591 26 4 71 16 0 0 0 44
1485 G 386313 33 24 6 386206 0 0 0 31 13
1486 T 371752 27 371014 74 8 0 38 0 0 591
1487 A 367473 367007 18 4 334 56 0 0 0 54
1488 C 368028 31 89 367849 15 0 0 17 0 27
1489 G 353233 76 22 11 353077 0 0 0 28 19
1490 A 352906 352716 45 4 65 18 0 0 0 58
1491 C 343054 26 37 342929 7 0 0 34 0 21
1492 A 284247 284139 17 11 44 24 0 0 0 12
1493 A 284605 284450 21 3 110 8 0 0 0 13
1494 T 267786 18 267695 26 1 0 4 0 0 42