# amino-acid counts among definitively called codons
# POSITION TOTAL_COUNTS WT N_A N_C N_D N_E N_F N_G N_H N_I N_K N_L N_M N_N N_P N_Q N_R N_S N_T N_V N_W N_Y N_STOP
1 555309 M 1 0 0 0 0 0 4 235 46 32 554727 0 0 1 4 3 99 150 7 0 0
2 528314 A 523721 87 77 108 82 455 230 113 77 390 4 115 860 146 410 351 335 516 48 78 111
3 557582 S 364 125 102 101 156 63 174 98 75 265 13 103 580 115 274 554308 297 95 52 113 109
4 559206 Q 470 171 168 168 171 339 343 398 384 829 64 324 1292 550938 728 739 680 334 74 206 386
5 505113 G 267 168 269 58 79 501766 166 99 37 234 28 71 489 110 249 378 292 147 12 99 95
6 445051 T 215 114 115 96 133 178 168 238 129 437 45 215 462 168 250 424 441084 200 50 157 173
7 444855 K 366 79 105 159 83 254 200 241 440298 349 58 229 619 172 326 375 390 222 26 122 182
8 392324 R 144 23 77 62 68 201 142 150 95 349 41 125 465 201 389160 217 271 125 224 88 96
9 403022 S 224 74 95 88 135 184 183 143 116 341 26 99 329 118 316 399769 298 206 39 119 120
10 439073 Y 311 161 160 87 91 330 243 185 137 359 54 190 499 142 393 357 334 194 67 434584 195
11 404835 E 165 41 77 402387 57 263 33 98 114 214 15 94 296 47 193 208 201 137 35 49 111
12 383692 Q 268 99 94 71 101 194 261 122 167 411 43 154 615 379384 386 368 422 141 50 102 239
13 464728 M 284 123 132 123 92 267 277 395 219 461 459481 186 619 164 454 388 350 331 65 158 159
14 460224 E 300 65 89 456095 82 451 168 110 156 265 25 63 872 98 332 376 243 212 50 56 116
15 435162 T 221 64 63 63 34 171 80 86 66 194 45 85 347 89 226 188 432876 134 23 63 44
16 490414 D 162 24 488113 130 39 238 81 66 58 141 26 143 253 62 212 177 161 123 30 97 78
17 483156 G 235 66 59 186 78 479821 98 105 97 251 38 81 413 136 378 276 237 227 157 99 118
18 476789 E 295 67 93 473280 53 259 138 65 230 199 19 101 686 126 294 275 232 153 27 65 132
19 479698 R 210 285 82 58 35 223 513 88 57 337 28 52 493 89 476410 199 269 117 26 43 84
20 488460 Q 331 109 119 123 99 240 308 156 185 457 73 96 627 483375 908 346 302 191 51 125 239
21 467119 N 253 70 152 91 47 251 173 175 190 354 59 463086 532 141 339 334 353 180 48 150 141
22 471009 A 464987 105 158 249 101 350 262 211 186 390 62 229 657 248 468 601 645 641 58 185 216
23 490699 T 428 88 132 100 144 275 264 238 173 389 56 200 632 259 528 490 485654 189 68 179 213
24 468651 E 317 94 150 463901 104 383 166 209 218 405 40 145 406 200 436 382 338 300 88 146 223
25 425754 I 128 52 61 70 80 141 143 422782 94 218 49 141 402 117 283 264 293 189 33 89 125
26 449302 R 209 68 43 87 39 488 115 153 116 271 25 75 628 92 445874 301 239 115 78 97 189
27 428991 A 426067 51 71 96 52 292 92 75 76 212 35 55 431 86 223 233 263 347 46 76 112
28 460312 S 275 91 76 86 138 231 110 64 91 299 23 88 413 94 245 457272 247 128 50 120 171
29 445700 V 304 48 86 92 84 164 99 230 59 250 22 97 354 58 229 199 195 442943 25 78 84
30 466717 G 235 92 80 135 89 463663 116 59 31 324 19 19 439 121 506 163 166 184 104 76 96
31 466573 K 170 66 58 137 68 136 88 115 463705 228 39 135 342 88 313 265 235 140 28 78 139
32 459104 M 277 137 100 116 110 219 169 329 148 298 454906 139 300 158 316 378 290 312 50 134 218
33 464761 I 170 128 112 97 126 210 156 461319 140 333 58 196 124 181 380 267 87 239 51 141 246
34 461932 D 276 117 457679 165 85 443 164 187 109 337 60 201 257 148 342 362 343 266 47 172 172
35 423248 G 227 105 92 126 65 420149 121 114 95 199 51 111 299 94 368 279 235 179 40 90 209
36 446458 I 148 13 40 19 53 65 113 444380 49 207 39 82 306 96 296 156 168 108 8 46 66
37 424145 G 108 55 67 83 47 422512 49 68 54 151 21 38 132 37 218 123 106 95 36 34 111
38 392776 R 123 6 44 24 36 47 134 64 39 236 8 73 555 204 390603 111 205 58 2 28 176
39 430966 F 166 67 49 53 428194 117 96 126 72 351 18 36 465 107 259 277 175 94 39 96 109
40 416141 Y 236 177 85 121 105 271 223 210 172 265 71 142 164 17 307 232 253 206 72 412544 268
41 380527 I 104 71 73 66 64 168 112 378006 87 224 44 116 257 68 188 244 280 115 25 90 125
42 375976 Q 147 73 54 67 67 133 137 115 138 275 52 66 401 373186 316 218 182 99 34 66 150
43 365697 M 88 41 46 29 34 70 81 140 62 148 364084 57 150 54 92 121 146 123 22 52 57
44 395210 C 96 393656 19 16 65 66 64 44 30 136 10 45 194 24 178 174 87 58 39 158 51
45 381549 T 208 50 56 44 27 139 83 95 47 139 12 64 283 78 174 199 379630 77 34 50 60
46 416198 E 162 48 107 414033 63 133 76 97 143 131 29 78 208 75 143 239 150 115 28 50 90
47 476976 L 93 21 31 27 79 53 67 91 48 475445 17 45 281 58 155 148 143 51 13 44 66
48 482977 K 83 19 27 128 72 83 40 108 481297 151 8 146 111 47 116 122 94 69 11 64 181
49 472224 L 515 194 195 230 181 452 439 346 228 464575 82 270 900 378 861 624 661 389 125 252 327
50 467330 S 353 197 154 177 122 855 341 267 152 569 46 233 879 178 828 460746 499 310 100 134 190
51 513678 D 196 44 510578 179 114 156 74 218 102 231 82 139 348 47 76 182 318 326 7 140 121
52 545672 Y 370 249 176 161 167 518 202 244 196 451 105 173 385 101 339 457 406 348 114 540250 260
53 523789 E 324 121 328 518843 83 553 199 136 207 300 78 108 497 158 437 383 389 233 68 90 254
54 476056 G 273 44 106 212 68 473048 83 92 74 285 47 64 306 99 408 192 185 220 118 52 80
55 447749 R 241 61 65 29 51 297 181 100 42 419 28 72 674 229 444220 164 230 127 45 73 401
56 445310 L 296 116 93 83 80 313 220 147 98 441120 74 85 819 187 418 322 283 246 70 107 133
57 477181 I 229 102 121 98 126 358 215 472918 113 412 94 186 307 158 463 343 333 314 63 83 145
58 458963 Q 263 145 150 178 151 487 261 154 164 549 69 142 697 453238 708 389 352 293 148 155 270
59 441727 N 410 175 279 244 205 597 233 245 257 605 105 434947 483 229 776 466 483 438 109 183 258
60 352234 S 181 82 76 71 53 253 89 97 61 209 30 109 205 69 293 349851 148 160 46 62 89
61 349955 L 193 114 90 105 109 161 131 105 52 347439 49 69 171 74 229 266 106 171 26 113 182
62 331502 T 303 120 117 82 98 203 211 229 136 427 44 155 770 140 353 447 327180 199 40 132 116
63 342988 I 203 95 84 44 109 225 145 339417 145 350 180 126 440 124 248 284 300 181 40 107 141
64 352885 E 188 74 149 349398 94 258 183 156 125 292 21 136 505 106 236 294 260 147 40 113 110
65 342067 R 250 50 66 74 110 137 92 142 144 250 26 74 442 67 339163 332 234 161 21 100 132
66 362186 M 4 13 7 21 16 17 33 126 52 65 361298 50 77 22 32 83 102 64 15 32 57
67 354496 V 76 12 6 65 10 63 3 8 15 54 46 5 23 11 34 15 15 354010 8 9 8
68 382362 L 80 14 29 28 125 62 107 50 30 380883 12 26 355 59 173 110 93 58 7 34 27
69 399877 S 146 60 57 75 95 159 81 112 72 210 24 100 317 78 207 397485 187 126 28 138 120
70 423807 A 420579 67 146 66 46 253 133 101 86 258 47 89 385 112 239 252 473 224 34 87 130
71 406510 F 186 81 50 65 403994 147 90 101 59 358 36 84 206 101 192 244 171 149 27 94 75
72 406334 D 146 66 403864 86 60 312 168 67 48 162 22 155 242 70 155 197 169 146 45 92 62
73 375852 E 120 29 57 374009 61 163 89 60 119 175 20 32 234 43 126 119 118 109 13 68 88
74 383294 R 137 37 39 51 65 227 94 96 99 226 36 53 313 14 381218 182 133 86 47 64 77
75 392896 R 115 47 30 33 37 262 59 83 144 179 89 59 180 46 390831 208 179 110 55 52 98
76 416797 N 124 58 103 61 57 122 64 136 75 172 20 414738 232 48 199 201 128 59 46 83 71
77 419212 K 191 86 55 130 66 213 81 121 416471 206 53 131 256 59 267 259 184 149 41 64 129
78 343955 Y 143 79 72 53 92 157 113 161 109 180 38 112 182 58 201 179 141 118 26 341613 128
79 337444 L 207 87 68 116 83 198 124 181 155 334157 68 111 448 116 363 277 231 140 44 92 178
80 316744 E 372 154 130 311527 130 229 209 240 211 442 77 193 560 256 446 477 394 293 43 133 228
81 302191 E 221 132 132 297835 107 340 182 200 236 427 57 175 377 180 317 324 253 223 50 140 283
82 333492 H 160 85 108 107 80 252 329687 193 207 374 71 190 259 153 390 262 250 243 56 165 200
83 418230 P 407 163 145 133 160 468 177 217 161 482 63 145 413149 139 567 481 348 313 105 183 224
84 412317 S 328 156 121 68 109 562 109 281 127 256 25 219 237 66 400 408402 236 197 86 136 196
85 434361 A 430196 106 138 191 76 472 125 116 79 236 55 82 363 127 520 443 348 338 101 79 170
86 481660 G 349 133 148 256 101 476668 183 180 125 439 59 127 557 193 574 395 267 442 138 129 197
87 506742 K 373 70 84 548 189 465 162 177 500620 456 70 404 531 186 685 496 461 301 79 129 256
88 523648 D 428 159 517228 211 144 800 342 249 112 629 80 195 630 239 569 409 275 453 93 185 218
89 482427 P 706 301 234 213 262 655 351 415 265 947 114 268 473321 364 893 827 775 641 166 349 360
90 486170 K 475 234 255 318 241 696 210 433 478695 672 129 308 182 192 799 559 390 519 193 213 457
91 452359 K 346 135 145 204 132 167 193 225 447478 505 105 139 457 142 478 462 339 248 58 170 231
92 411656 T 213 61 49 40 41 107 119 106 61 205 30 99 246 72 190 223 409536 105 30 42 81
93 407639 G 156 56 58 93 38 405634 84 73 72 119 27 85 169 72 267 186 128 142 38 47 95
94 388406 G 69 35 31 67 26 387082 42 48 27 113 17 28 138 37 236 75 79 75 25 37 119
95 405429 P 95 37 27 8 17 62 135 52 18 146 9 16 404288 38 117 121 109 50 10 28 46
96 443061 I 122 61 44 42 52 131 61 440862 109 280 67 67 252 57 179 144 207 160 36 56 72
97 464877 Y 145 140 66 63 120 157 169 137 72 214 26 98 163 73 209 217 168 158 37 462319 126
98 408145 K 188 70 80 188 66 157 136 80 404873 239 81 136 411 120 439 197 239 166 33 91 155
99 309993 R 171 40 67 57 62 218 71 75 59 164 10 50 235 56 308068 188 148 101 19 40 94
100 305805 V 211 74 64 65 72 182 135 152 64 275 27 92 568 82 222 263 178 302870 19 70 120
101 352928 D 206 34 350078 87 70 186 105 102 53 281 21 122 375 77 272 249 220 201 21 97 71
102 356860 R 245 70 82 47 55 219 85 139 97 174 43 87 367 76 354135 283 279 168 32 80 97
103 372060 K 85 37 20 79 23 89 85 50 370605 92 20 74 244 41 154 103 100 49 20 40 50
104 377817 W 181 136 55 41 70 107 135 102 64 310 34 70 452 109 347 297 155 123 374758 94 177
105 387760 M 82 40 23 34 29 96 71 174 71 186 386043 43 182 48 149 108 107 161 27 32 54
106 406497 R 74 25 30 30 20 292 52 51 95 120 106 40 215 35 404798 169 156 51 68 26 44
107 403851 E 93 38 64 402274 27 163 38 40 289 113 21 47 113 40 103 104 52 104 28 31 69
108 404156 L 120 36 38 35 103 123 96 85 32 402466 24 29 308 55 195 129 80 111 27 31 33
109 389457 V 190 69 62 51 65 206 70 163 44 140 9 49 238 46 232 144 116 387377 33 69 84
110 411116 L 127 59 38 51 116 149 147 122 45 408886 23 56 389 86 262 107 172 116 29 48 88
111 392424 Y 123 130 65 45 91 158 199 124 46 221 35 82 172 53 190 231 110 140 30 390052 127
112 351016 D 199 63 348449 95 39 231 137 98 48 179 22 123 282 81 130 218 214 167 45 124 72
113 322630 K 162 58 58 80 84 128 92 133 320010 294 36 131 333 88 236 201 193 110 41 73 89
114 376087 E 146 79 69 373800 66 178 110 103 120 257 31 58 198 54 179 175 139 134 18 52 121
115 419756 E 115 46 78 417649 56 199 63 57 159 197 44 65 188 72 160 168 134 117 21 68 100
116 443715 I 132 106 74 62 99 169 182 440109 105 387 250 144 372 109 293 318 271 182 61 108 182
117 425297 R 100 62 77 77 79 386 73 123 126 238 159 117 192 109 422472 310 219 115 91 65 107
118 414226 R 98 49 21 29 37 103 82 29 23 238 5 31 248 187 412627 94 83 58 10 34 140
119 442501 I 41 32 6 23 49 68 24 441539 21 66 35 44 73 24 59 94 115 115 14 25 34
120 413758 W 98 99 13 21 26 145 51 51 54 175 61 30 134 54 373 150 79 93 411761 59 231
121 427237 R 233 282 64 45 87 194 335 121 56 308 43 81 406 81 424005 281 243 176 44 72 80
122 404754 Q 217 52 79 119 26 348 159 71 111 168 23 84 353 401549 496 219 152 214 79 59 176
123 464565 A 461454 115 140 84 60 371 64 95 66 203 41 71 318 62 242 285 348 350 39 58 99
124 506747 N 134 93 186 71 87 187 198 213 128 362 28 503269 400 116 277 285 189 183 65 114 162
125 492610 N 231 115 196 140 195 202 174 290 201 318 99 488254 226 131 360 522 321 181 89 197 168
126 399181 G 270 182 177 151 105 395295 117 177 99 257 36 153 362 151 380 369 277 301 47 100 175
127 396796 D 189 80 393295 126 94 360 151 206 118 198 26 206 283 119 348 251 254 193 10 165 124
128 386932 D 153 70 384394 132 71 250 81 98 81 170 36 123 154 93 245 178 181 162 54 99 107
129 395464 A 392694 67 91 95 69 237 73 125 93 157 43 100 184 73 186 214 432 320 30 71 110
130 354990 T 119 54 23 32 51 72 87 127 93 200 21 62 148 62 182 183 353204 101 17 67 85
131 330393 A 328676 48 71 46 36 149 65 40 46 133 17 55 215 60 145 166 186 142 20 26 51
132 403203 G 154 99 125 78 74 401094 40 113 61 147 27 63 148 58 192 215 145 162 20 77 111
133 423927 L 134 62 53 58 50 185 130 79 66 421365 63 58 470 117 279 210 162 183 44 69 90
134 498610 T 449 94 107 112 64 399 284 254 137 352 9 151 994 199 503 387 493700 189 21 78 127
135 519003 H 235 105 164 113 116 308 514282 223 159 419 61 246 405 203 584 426 336 170 38 183 227
136 547664 M 329 130 185 247 126 352 204 414 318 528 541391 238 370 165 568 513 486 467 90 221 322
137 558808 M 279 102 110 87 58 180 174 266 92 367 554741 116 569 169 396 277 253 299 44 94 135
138 511514 I 170 51 55 37 86 112 95 509046 83 191 33 146 246 86 212 217 261 175 34 102 76
139 489562 W 73 102 20 39 29 113 34 43 48 138 21 39 178 53 434 131 92 43 487583 32 317
140 470977 H 111 16 44 25 25 69 469572 45 22 119 14 74 180 81 172 77 70 51 6 172 32
141 469028 S 69 42 35 26 79 71 31 59 62 80 21 51 218 28 114 467660 131 69 12 117 53
142 465290 N 136 33 138 58 32 98 60 92 126 91 3 463489 129 57 164 185 156 95 26 54 68
143 456388 L 79 44 52 68 112 107 62 86 94 454463 52 62 189 97 147 194 137 128 31 72 112
144 437159 N 97 38 201 63 33 83 94 98 100 147 19 435228 117 54 184 227 141 71 16 99 49
145 424968 D 22 41 423149 84 42 122 83 78 53 156 29 114 138 55 137 192 141 128 19 95 90
146 416375 T 323 48 63 41 35 138 70 162 78 124 9 65 325 55 185 160 414264 124 10 49 47
147 500634 T 287 48 46 43 24 125 55 100 65 145 18 56 150 37 156 172 498911 76 37 44 39
148 444751 Y 126 129 55 48 56 216 144 61 44 165 11 88 256 72 239 235 158 100 35 442383 130
149 440949 Q 192 62 58 99 41 151 144 86 62 283 24 59 273 438234 466 189 139 124 32 57 174
150 409913 R 105 40 54 44 26 225 48 53 162 116 79 41 101 58 408266 140 117 99 44 27 68
151 442391 T 248 57 92 75 48 154 107 137 104 186 45 58 386 94 167 239 439877 125 19 68 105
152 461280 R 263 113 129 95 123 415 144 242 153 367 41 128 351 113 457283 356 293 264 32 147 228
153 507419 A 503287 92 152 79 82 326 153 176 141 353 47 115 520 111 397 456 413 245 36 85 153
154 542592 L 229 120 126 165 175 306 185 294 134 537933 78 105 517 206 520 381 371 285 89 148 225
155 552232 V 332 116 122 186 144 427 139 253 128 407 54 116 330 148 475 407 371 547668 51 121 237
156 560723 R 460 424 184 163 120 402 699 237 153 508 94 165 551 196 554762 502 415 321 69 131 167
157 562259 T 510 175 163 180 94 419 203 501 154 345 87 235 581 153 586 488 556694 330 39 123 199
158 574662 G 581 273 532 166 182 568089 215 167 109 509 54 108 650 153 740 879 371 469 36 163 216
159 594093 M 575 76 238 191 211 424 319 648 281 737 585695 254 964 134 739 791 646 539 67 280 284
160 669982 D 473 212 662370 309 178 946 268 378 229 649 55 353 527 214 513 620 491 473 141 284 299
161 604725 P 328 154 255 206 172 657 286 293 228 740 95 201 597911 157 789 721 488 462 122 173 287
162 578202 R 496 133 233 276 277 1162 249 394 417 834 178 306 536 318 570012 636 476 467 204 219 379
163 539093 M 274 162 159 199 152 406 247 391 225 469 533441 248 180 165 548 445 427 404 123 200 228
164 533000 C 290 527862 115 84 186 267 189 234 132 404 89 155 434 105 496 457 367 208 108 610 208
165 507808 S 246 166 101 79 157 268 160 113 146 304 41 153 467 126 457 503786 297 247 73 225 196
166 508483 L 149 154 83 131 111 311 76 205 149 504552 129 131 379 195 456 359 198 282 113 94 226
167 500750 M 156 127 60 79 97 270 79 542 171 380 496954 111 239 75 276 222 300 271 73 109 159
168 470496 Q 218 102 128 112 93 222 272 113 164 395 63 102 315 466241 651 237 239 226 79 91 433
169 436404 G 194 153 174 90 72 433657 77 110 88 196 45 78 215 96 278 260 164 186 85 76 110
170 459921 S 152 66 28 42 61 147 75 82 94 463 29 63 297 49 247 457433 187 142 72 53 139
171 451198 T 297 88 37 23 57 197 93 131 72 258 16 101 290 84 239 218 448643 129 30 83 112
172 479812 L 234 131 114 83 166 311 152 201 100 475839 58 50 561 148 384 365 267 258 93 139 158
173 603568 P 385 179 123 155 153 361 266 246 205 615 104 209 598159 142 428 496 465 320 66 202 289
174 601193 R 175 114 89 96 227 467 146 265 170 612 134 144 466 136 596187 615 327 295 98 191 239
175 477679 R 137 80 50 93 45 336 60 113 164 277 98 63 200 118 475049 232 157 122 109 56 120
176 509388 S 141 116 85 41 151 150 107 149 98 300 44 85 318 78 223 506675 171 157 41 127 131
177 526540 G 99 56 44 101 68 524071 84 133 101 210 39 83 204 93 367 195 131 156 43 70 192
178 505854 A 502925 102 88 71 77 182 90 118 66 229 23 92 438 79 267 262 224 259 55 72 135
179 522757 A 519761 61 72 112 60 175 46 90 64 219 11 75 168 53 182 250 746 422 18 65 107
180 536722 G 113 163 123 44 67 534861 63 71 50 139 24 42 139 52 225 204 69 159 35 38 41
181 535363 A 531888 103 132 66 111 149 115 135 101 287 59 68 344 98 318 308 606 230 55 98 92
182 554380 A 549256 99 119 166 51 545 158 90 72 232 17 90 359 119 451 354 896 1052 62 80 112
183 599591 V 227 103 132 93 129 386 176 206 99 385 63 106 466 141 531 448 283 595255 82 124 156
184 608106 K 329 119 148 283 113 474 109 230 602796 442 62 430 311 235 636 353 299 289 106 110 232
185 523861 G 346 104 154 311 94 519058 181 141 218 357 74 186 327 175 652 327 310 295 92 137 322
186 517813 V 328 116 134 138 117 446 170 270 172 278 72 145 304 146 358 322 252 513683 71 104 187
187 511024 G 259 84 89 203 55 507680 106 135 85 246 53 118 391 117 387 271 259 165 137 50 134
188 423578 T 226 46 71 48 36 164 86 145 84 210 17 70 235 69 282 189 421288 125 36 54 97
189 361974 M 114 46 64 52 40 138 57 198 107 201 359736 83 156 90 231 154 149 175 52 48 83
190 352488 V 228 58 63 135 31 188 48 57 59 188 80 59 142 54 227 151 109 350429 40 50 92
191 340790 M 99 51 48 61 31 146 54 157 82 159 338805 83 168 66 193 126 182 144 33 36 66
192 317984 E 118 44 78 316301 32 274 39 22 77 121 14 40 103 73 173 92 80 120 33 32 118
193 381691 L 140 65 63 53 99 131 76 65 78 379733 37 45 156 55 183 272 79 129 49 51 132
194 452060 I 238 76 87 76 64 422 157 448159 117 269 96 78 680 109 348 247 334 236 49 116 102
195 425475 R 199 62 55 79 81 357 159 105 122 276 140 71 561 108 422216 281 279 116 65 56 87
196 434119 M 311 112 89 80 53 320 105 180 68 218 430873 57 357 73 323 199 261 219 59 63 99
197 462463 I 179 72 73 69 73 172 88 459847 48 164 36 135 366 99 247 181 223 204 43 54 90
198 438014 K 101 33 27 120 23 128 37 62 436386 112 6 67 153 73 195 116 111 91 21 32 120
199 413633 R 79 114 46 37 39 115 141 38 29 189 28 26 250 54 411996 168 124 86 20 21 33
200 408433 G 120 53 54 105 27 406833 57 53 42 72 16 45 131 61 217 111 116 148 54 52 66
201 407237 I 153 78 61 38 81 152 73 405211 31 158 20 68 201 71 174 159 163 184 22 55 84
202 414236 N 116 29 228 40 18 89 76 75 97 144 36 412035 400 56 178 232 140 98 39 53 57
203 389771 D 151 54 387382 134 69 274 70 106 80 146 27 111 126 63 197 189 116 215 66 102 93
204 404767 R 205 103 72 58 105 262 85 164 88 402 53 119 223 238 401390 294 257 192 222 117 118
205 422851 N 154 79 134 71 86 141 99 133 104 231 29 420094 291 83 221 271 153 169 63 114 131
206 503183 F 205 52 70 108 500031 188 73 153 95 401 56 73 496 89 268 248 196 161 24 86 110
207 516892 W 215 157 70 93 102 283 164 90 49 422 44 78 471 75 645 362 191 198 512885 76 222
208 389984 R 296 72 44 95 69 356 166 132 106 271 27 108 420 89 386702 335 241 152 50 89 164
209 419198 G 121 97 74 49 46 417497 72 53 47 150 20 36 185 53 131 206 88 159 18 33 63
210 441018 E 137 36 87 438943 68 273 50 46 154 130 30 32 182 50 182 141 95 138 25 49 170
211 430104 N 124 49 95 42 37 139 59 100 71 134 59 428313 170 44 188 164 96 78 27 55 60
212 405073 G 179 58 48 105 74 403042 33 75 48 171 21 49 179 50 261 165 113 135 44 51 172
213 398043 R 124 56 38 31 63 157 81 50 29 242 16 49 376 222 395837 153 144 103 33 42 197
214 390495 K 100 42 65 107 49 134 47 71 388799 165 23 62 111 45 198 124 94 98 23 48 90
215 387765 T 103 33 32 41 36 86 41 73 42 94 12 34 141 80 109 129 386521 65 13 17 63
216 365489 R 75 47 22 34 19 298 16 39 65 66 85 45 76 35 364147 136 90 44 56 42 52
217 335937 S 75 50 41 43 31 170 60 50 35 100 27 93 134 49 185 334476 105 100 27 32 54
218 352489 A 351479 17 45 31 21 161 21 20 17 63 12 23 89 29 85 96 101 113 18 29 19
219 350829 Y 63 63 21 33 31 92 88 33 29 77 3 23 84 25 79 92 60 30 12 349843 48
220 355938 E 40 25 67 355039 16 110 24 39 71 76 8 12 59 19 35 37 51 95 15 28 72
221 314464 R 64 28 76 35 36 200 26 54 120 77 19 22 63 44 313257 94 69 81 21 24 54
222 286178 M 41 7 24 8 19 24 16 107 25 63 285523 13 55 10 27 41 60 68 2 22 23
223 351304 C 4 350884 0 0 36 8 1 0 1 24 0 2 11 0 91 62 3 3 20 125 29
224 365870 N 15 14 68 11 2 11 20 50 43 28 5 365429 5 8 30 74 13 12 3 22 7
225 380740 I 16 7 9 7 30 41 10 380339 12 39 1 31 11 3 21 28 62 39 13 12 9
226 396674 L 7 2 6 5 34 22 39 30 8 396241 7 20 136 11 33 16 11 27 2 11 6
227 408713 K 25 11 4 90 10 38 10 27 408187 29 7 37 42 16 65 28 17 24 14 12 20
228 417682 G 54 14 26 62 23 416901 16 23 23 51 5 18 65 23 123 74 37 64 3 20 57
229 428100 K 90 17 29 107 43 159 37 77 426722 97 14 75 85 30 167 106 61 59 38 37 50
230 444362 F 68 53 31 31 442856 138 39 97 30 205 26 43 146 31 135 161 61 89 23 53 46
231 421073 Q 120 34 53 41 56 143 92 104 94 147 25 81 316 418592 447 212 200 93 36 51 136
232 397327 T 137 39 27 22 19 45 68 89 71 118 14 42 241 37 103 128 395978 77 1 36 35
233 391415 A 389476 74 92 56 47 230 54 30 34 119 18 37 217 40 203 203 154 165 65 49 52
234 345327 A 343563 32 38 56 34 151 40 47 38 104 14 25 113 20 134 175 435 193 29 34 52
235 337738 Q 126 27 36 36 23 142 75 53 56 148 11 21 168 336142 177 121 104 98 30 48 96
236 328050 R 102 26 48 72 63 354 65 72 100 176 91 52 249 45 325849 193 142 134 67 45 105
237 327906 A 325207 56 89 116 70 287 42 113 49 166 11 81 244 60 263 225 233 334 50 93 117
238 343003 M 54 81 60 73 76 184 117 200 113 263 340178 115 233 77 270 253 194 173 52 92 145
239 305907 M 83 38 37 51 28 176 38 232 75 196 303870 35 106 46 220 136 135 210 64 48 83
240 360317 D 93 46 358512 99 22 353 81 43 31 121 18 82 100 53 154 114 97 132 30 70 66
241 342220 Q 248 100 95 110 80 270 119 112 88 280 42 85 276 338944 461 242 206 164 40 102 156
242 394433 V 256 65 53 120 86 295 71 93 59 333 73 51 300 76 258 173 154 391712 63 48 94
243 395019 R 175 109 66 107 68 352 92 159 138 246 42 97 262 91 392031 329 189 164 56 89 157
244 388671 E 210 68 115 385655 76 337 100 97 200 255 32 109 314 112 147 210 196 203 29 71 135
245 416464 S 180 80 28 53 36 283 85 90 58 214 28 115 244 87 305 414070 171 126 64 51 96
246 407302 R 91 33 37 57 41 161 60 79 84 186 27 71 193 211 405347 104 126 94 175 45 80
247 412700 N 53 26 93 50 44 101 49 56 107 88 29 411345 70 24 123 131 90 85 26 62 48
248 437034 P 100 48 25 33 28 87 37 45 37 185 18 40 435727 82 158 97 122 53 34 36 42
249 459281 G 133 70 69 137 39 456976 51 95 73 185 38 59 139 52 341 173 117 175 41 73 245
250 443149 N 220 95 125 136 99 328 116 212 171 307 81 439387 216 97 335 352 253 225 64 141 189
251 466238 A 464780 34 50 40 26 105 22 34 50 135 19 21 93 49 97 125 201 222 56 15 64
252 450099 E 128 59 54 448083 46 289 67 77 101 194 24 47 155 55 151 121 113 140 37 55 103
253 465304 I 93 42 50 40 57 127 45 463987 23 111 22 42 59 26 146 92 85 138 34 31 54
254 451895 E 11 2 36 451341 1 112 15 6 146 16 4 11 14 26 30 16 8 41 0 8 51
255 455368 D 88 53 453724 80 53 160 58 94 29 179 28 84 126 46 110 95 91 121 29 60 60
256 437195 L 96 103 59 61 170 203 91 151 64 434691 27 85 321 59 211 221 141 132 62 91 156
257 442487 I 162 70 50 67 83 137 109 440211 4 257 24 61 346 101 189 168 82 181 46 62 77
258 402497 F 159 64 28 75 399709 185 103 156 107 338 43 88 295 97 195 292 189 136 46 70 122
259 393395 L 119 46 36 63 76 168 83 90 73 391263 58 66 244 132 174 165 139 176 50 70 104
260 400116 A 398627 32 36 73 35 120 49 44 42 82 4 33 133 22 103 129 230 222 17 42 41
261 345095 R 42 21 14 21 6 81 30 22 25 128 10 16 150 103 343978 78 58 36 231 15 30
262 434728 S 132 35 69 43 97 136 55 63 78 133 10 63 198 49 148 432945 140 96 31 102 105
263 429902 A 426918 51 55 143 61 209 76 135 101 180 38 98 125 67 218 272 493 443 40 67 112
264 363460 L 154 91 48 86 150 198 98 147 90 361024 31 88 147 83 259 214 110 201 34 79 128
265 381965 I 206 103 98 85 70 257 138 378413 150 358 122 105 330 96 344 285 297 185 55 117 151
266 398314 L 203 60 63 103 84 319 84 109 58 395566 86 79 218 67 245 356 194 165 56 75 124
267 386040 R 227 55 58 72 56 350 134 140 100 249 30 78 546 82 383002 279 197 161 39 72 113
268 420740 G 21 36 28 65 25 419490 36 36 35 82 24 27 227 33 188 98 59 82 87 29 32
269 438084 S 125 18 48 56 47 94 56 26 19 193 14 33 295 40 130 436534 120 77 16 42 101
270 444077 V 216 26 67 48 59 147 51 128 52 166 17 46 173 73 167 139 95 442285 32 34 56
271 430213 A 428307 67 85 36 52 168 53 45 35 153 20 50 166 35 129 168 275 234 22 51 62
272 431765 H 287 159 85 149 152 363 426268 256 152 568 63 217 690 247 526 449 315 316 74 215 214
273 429576 K 271 150 185 276 262 389 156 469 423033 723 142 351 255 192 526 559 329 458 96 271 483
274 405143 S 328 171 126 139 251 258 139 211 133 568 70 144 512 146 299 400444 392 310 56 201 245
275 361871 C 366 355857 181 132 194 439 206 266 216 613 91 212 552 121 610 492 391 317 89 200 326
276 293817 L 184 75 39 11 55 150 68 103 22 291668 69 97 169 52 291 231 201 132 68 69 63
277 224713 P 263 72 50 90 52 211 105 91 51 225 33 107 222077 38 257 476 241 117 40 46 71
278 197990 A 195819 44 97 88 47 203 54 68 81 153 27 59 206 61 135 162 272 223 42 65 84
279 168506 C 141 166298 35 70 64 176 62 25 26 209 24 50 200 43 494 148 64 112 52 123 90
280 156527 V 144 57 42 78 46 120 40 25 16 131 40 18 75 48 140 100 69 155151 39 45 103
281 110355 Y 31 73 53 71 64 142 85 100 69 167 36 58 66 37 134 114 60 147 37 108709 102
282 64278 G 214 90 62 88 54 61946 55 84 61 252 42 45 159 65 308 214 123 136 108 56 116
283 112485 P 188 69 53 73 62 306 137 84 52 289 26 60 109987 42 325 266 92 176 41 62 95
284 249683 A 248382 18 37 20 11 95 11 42 25 70 17 13 99 32 98 105 291 210 15 35 57
285 254922 V 148 27 38 45 48 80 52 170 22 199 7 24 243 63 145 166 80 253203 19 51 92
286 297071 A 296188 11 21 14 29 28 23 31 13 77 5 24 161 23 51 102 112 76 19 19 44
287 376209 S 5 43 1 0 4 42 2 15 3 6 4 40 3 10 68 375892 61 2 1 1 6
288 427265 G 55 31 96 15 11 426657 7 13 5 33 7 8 31 4 53 91 9 77 23 15 24
289 435069 Y 36 61 8 19 30 53 234 29 10 50 6 49 31 5 59 38 22 48 11 434222 48
290 475991 D 9 45 475086 28 38 83 48 19 4 56 5 98 79 23 98 70 69 34 17 51 31
291 482236 F 84 66 41 33 480841 67 32 54 39 240 27 38 85 29 112 172 65 71 19 54 67
292 489098 E 83 19 52 487796 18 184 34 40 136 88 11 32 77 41 141 82 50 85 18 42 69
293 486971 K 43 31 30 53 27 67 26 53 485904 124 15 87 51 35 131 75 65 61 19 30 44
294 480592 E 72 37 123 479278 24 218 32 48 51 76 23 30 86 36 102 90 82 77 12 27 68
295 462660 G 69 14 16 98 13 461836 34 36 34 51 5 22 48 23 125 46 49 66 8 8 59
296 413238 Y 74 110 34 48 76 101 75 69 28 101 15 57 51 30 99 110 74 67 33 411876 110
297 367547 S 155 63 55 65 57 208 57 77 85 204 25 71 184 63 173 365599 115 106 34 70 81
298 348747 L 171 64 85 92 53 176 64 86 71 346470 36 79 146 102 199 253 145 162 40 84 169
299 378674 V 176 51 56 100 42 219 71 64 51 166 55 45 156 68 254 179 151 376570 64 37 99
300 285259 G 159 41 43 174 43 283121 64 89 45 162 20 65 140 55 282 148 172 198 48 40 150
301 456283 I 174 68 62 153 88 239 115 452916 107 274 330 94 196 104 254 274 230 269 77 88 171
302 457457 D 244 89 454550 120 56 442 110 67 29 203 40 120 285 68 282 213 160 153 43 103 80
303 438548 P 159 68 47 53 41 165 155 76 65 209 24 40 436495 71 227 203 122 124 39 51 114
304 502920 F 240 74 58 108 499760 346 64 131 57 367 23 66 150 80 290 438 129 245 73 94 127
305 503334 K 283 82 75 170 50 219 70 96 500687 202 35 116 102 82 314 232 137 197 2 53 130
306 497738 L 127 63 28 49 18 211 65 43 52 495876 54 23 241 68 247 155 94 167 59 26 72
307 514484 L 151 60 51 61 99 254 80 107 40 512271 44 41 243 30 339 140 72 215 61 43 82
308 518712 Q 129 46 33 53 35 57 63 65 76 140 30 51 121 517058 261 153 63 104 52 28 94
309 514850 N 180 80 126 91 49 427 69 99 113 195 32 512162 119 48 273 293 135 156 54 64 85
310 503037 S 188 116 50 46 49 452 51 138 56 207 37 195 125 59 307 500415 137 187 86 55 81
311 535602 Q 147 61 62 93 77 377 124 115 115 342 44 55 254 532590 373 142 187 174 65 56 149
312 578112 V 254 74 77 144 93 344 89 197 64 331 53 94 192 62 283 241 133 575132 83 74 98
313 540532 Y 313 230 109 121 114 526 151 156 97 275 79 151 222 76 469 376 260 266 86 536230 225
314 533214 S 360 193 86 99 62 737 114 146 69 352 62 172 250 112 602 528911 233 310 81 104 159
315 518514 L 415 195 192 213 248 567 189 344 119 512393 139 114 741 207 733 454 253 489 112 184 213
316 565615 I 313 138 71 93 89 361 71 562433 79 238 85 110 258 60 321 248 173 250 59 77 88
317 514287 R 157 89 83 81 85 626 70 125 144 263 27 53 182 64 511448 234 132 167 53 53 151
318 511709 P 236 87 99 102 93 379 98 120 73 400 30 55 508453 138 401 266 172 250 72 67 118
319 524057 N 212 77 143 142 87 349 92 124 129 221 44 520521 213 74 385 430 188 285 84 141 116
320 547681 E 235 78 173 544791 88 485 51 70 123 171 51 37 107 67 267 218 97 266 87 68 151
321 575242 N 280 63 138 117 73 540 91 123 86 236 61 571895 227 59 333 335 89 230 80 98 88
322 583227 P 336 169 87 135 85 592 113 140 75 456 32 85 578958 173 567 379 235 264 120 104 122
323 592480 A 587938 168 99 219 148 438 129 134 119 384 75 95 311 119 386 410 416 528 90 98 176
324 623706 H 103 93 51 61 111 198 620141 162 74 480 34 103 412 145 488 316 208 164 42 171 149
325 623772 K 79 27 40 337 47 98 31 57 621815 135 72 95 115 39 420 129 61 97 0 34 44
326 529298 S 35 32 7 10 3 89 3 34 10 21 6 112 33 10 80 528716 48 22 11 3 13
327 520947 Q 26 42 25 57 25 91 112 30 97 83 8 35 52 519408 440 93 63 30 41 39 150
328 437888 L 265 103 128 182 99 435 111 142 112 433776 144 119 337 169 456 290 207 331 116 115 251
329 488035 V 262 92 123 192 72 459 76 105 117 261 91 53 162 119 326 272 165 484756 88 77 167
330 466878 W 256 167 74 96 103 373 92 154 115 302 66 80 193 83 340 336 148 265 463297 100 238
331 439077 M 219 97 88 122 87 430 151 269 119 361 434973 98 332 110 418 259 253 281 108 98 204
332 460817 A 457073 52 112 146 102 395 94 125 88 278 48 85 340 56 310 365 468 369 85 86 140
333 497372 C 134 492457 64 130 177 419 129 223 126 439 76 103 325 129 632 392 257 332 141 436 251
334 512505 N 140 65 171 114 122 157 100 158 121 268 33 509659 205 82 152 242 150 193 40 150 183
335 466838 S 133 92 89 146 160 342 82 151 156 314 65 123 174 125 386 463477 272 203 65 133 150
336 444717 A 442291 46 126 110 29 250 48 60 74 151 26 60 139 48 199 183 394 300 46 56 81
337 430005 A 427766 70 57 116 47 268 43 78 72 164 40 61 123 76 223 168 219 247 47 49 71
338 445174 F 89 48 46 50 443486 257 40 61 24 180 21 28 63 38 211 178 73 138 49 40 54
339 438129 E 125 48 110 436502 19 400 27 41 76 80 13 12 68 31 139 89 57 155 19 13 105
340 411624 D 126 47 409785 78 55 223 85 58 41 145 15 79 152 41 163 122 89 143 37 66 74
341 436317 L 86 7 9 15 14 46 57 56 17 435335 14 18 228 39 153 73 58 54 3 19 16
342 424677 R 171 63 63 92 48 305 61 92 88 190 23 42 103 51 422734 181 67 141 25 35 102
343 383920 V 78 31 17 44 22 93 20 90 31 99 4 23 49 40 117 57 47 382987 19 17 35
344 373964 L 139 51 48 39 86 209 40 110 13 372483 12 40 85 29 153 144 50 104 22 29 78
345 330029 S 142 66 41 64 44 289 50 94 48 131 35 64 120 35 257 328154 118 132 35 41 69
346 295270 F 107 50 38 67 293843 139 40 38 24 167 12 18 66 28 169 128 43 138 32 64 59
347 363154 I 88 50 41 42 44 135 36 361705 33 96 33 56 78 48 136 130 120 130 40 34 79
348 341730 R 99 32 44 47 37 225 23 96 54 104 25 27 82 38 340387 136 76 87 27 31 53
349 327615 G 109 40 46 95 14 326539 22 35 22 85 18 24 50 17 142 76 26 116 74 33 32
350 414328 T 229 44 50 19 38 186 47 70 30 124 11 51 150 42 210 185 412599 120 44 38 41
351 425306 K 64 16 13 88 22 85 23 54 424035 82 13 146 63 73 168 81 70 92 24 19 75
352 449712 V 138 33 22 72 37 123 51 124 38 164 37 50 86 51 99 123 58 448283 19 41 63
353 456426 S 29 28 4 16 84 35 33 78 11 110 21 27 157 23 111 455485 54 51 3 54 12
354 426994 P 150 66 81 100 60 219 51 117 86 108 40 57 424765 122 162 265 130 170 43 75 127
355 413695 R 6 15 10 8 9 220 4 6 83 25 103 3 7 1 413081 64 11 5 22 6 6
356 372576 G 42 14 17 66 12 372063 10 11 6 34 3 13 27 9 72 36 20 45 55 8 13
357 372034 K 45 27 25 182 31 63 17 28 371148 40 11 90 36 8 103 51 34 26 13 16 40
358 377163 L 60 21 14 38 87 105 27 63 29 376050 28 24 134 26 150 83 49 84 26 23 42
359 364150 S 91 19 56 41 73 79 43 58 27 99 25 37 105 26 114 362989 110 76 6 46 30
360 423834 T 166 51 57 53 71 150 47 104 46 177 24 68 41 44 167 208 422102 129 28 42 59
361 401663 R 154 95 96 89 63 251 71 129 80 261 42 68 159 65 399130 258 148 242 39 61 162
362 376897 G 173 36 23 68 22 375466 37 31 15 108 21 33 119 50 245 85 91 118 30 20 106
363 443929 V 204 48 29 65 24 238 18 111 28 161 14 19 65 43 162 105 36 442420 41 31 67
364 440001 Q 99 68 61 77 30 175 104 73 92 204 45 26 124 437913 256 123 101 155 51 67 157
365 457626 I 119 77 41 63 69 229 32 455814 38 135 45 74 91 29 203 132 131 136 45 46 77
366 402315 A 400905 55 51 38 28 140 26 34 34 110 30 43 91 28 114 163 155 145 26 31 68
367 395748 S 120 72 49 64 45 191 29 41 56 154 28 31 125 31 185 394070 114 153 54 37 99
368 405367 N 132 38 108 43 38 156 46 77 45 164 20 403666 111 35 144 184 74 131 36 44 75
369 401023 E 128 46 54 399486 34 186 21 81 86 111 18 22 92 49 131 116 75 142 23 31 91
370 413103 N 15 46 90 30 39 111 35 72 61 102 7 411865 50 39 109 115 94 86 31 40 66
371 411577 M 80 49 45 53 19 128 47 199 73 104 409939 40 90 31 160 108 127 128 43 30 84
372 424935 D 89 35 423548 83 41 211 38 25 28 112 13 62 86 33 128 76 61 133 20 64 49
373 419585 A 417846 65 80 73 56 192 32 60 45 100 11 45 87 36 133 170 178 190 35 51 100
374 463955 M 151 63 83 77 36 300 46 176 95 163 461704 19 178 37 203 139 142 171 63 49 60
375 443635 E 173 33 100 441646 38 258 34 64 100 205 32 44 119 75 179 114 85 179 39 37 81
376 346966 S 107 69 60 93 33 244 28 68 59 185 44 56 133 58 203 344997 117 179 64 59 110
377 349027 S 140 99 67 70 62 367 67 89 37 132 32 78 152 47 269 346935 104 87 63 50 80
378 320731 T 157 54 54 64 33 231 22 83 34 88 11 48 87 23 190 97 319224 90 36 44 61
379 330628 L 76 44 44 55 46 138 58 60 35 329223 22 23 233 26 156 93 70 105 34 43 44
380 334242 E 90 38 66 332799 28 237 28 60 86 80 12 31 95 34 135 101 75 128 28 12 79
381 336946 L 121 35 41 46 17 117 30 29 44 335579 42 38 206 48 169 103 58 97 37 33 56
382 353475 R 71 55 71 93 78 374 67 139 123 213 38 60 126 37 351108 263 221 152 15 59 112
383 401457 S 214 156 97 99 66 440 94 150 83 260 56 168 152 103 324 398293 208 196 62 91 145
384 424743 R 226 87 87 149 73 768 90 124 105 273 109 81 84 117 421232 312 155 268 181 71 151
385 499763 Y 196 168 70 145 98 337 149 126 97 229 55 102 182 60 304 296 158 296 107 496383 205
386 482517 W 256 162 67 165 54 528 64 101 108 320 63 86 161 100 613 263 176 230 478590 97 313
387 448866 A 446148 31 105 108 9 368 70 89 72 151 46 44 315 82 315 163 308 311 18 36 77
388 498134 I 181 120 93 128 113 246 102 494055 150 447 370 97 212 115 457 289 263 259 65 145 227
389 474868 R 227 106 165 104 160 389 90 248 138 356 56 121 121 90 471325 318 209 297 27 136 185
390 490465 T 310 142 100 117 188 370 137 254 120 454 83 132 196 111 446 428 486082 343 86 148 218
391 500067 R 255 159 141 188 174 618 117 238 184 575 110 135 264 110 495031 399 297 442 96 177 357
392 483035 S 232 191 77 127 99 445 133 185 131 267 69 168 282 98 572 479068 198 266 79 108 240
393 493714 G 144 75 40 136 54 491895 41 69 28 160 24 44 102 52 284 135 90 174 32 50 85
394 473343 G 105 63 53 159 70 471315 41 114 44 137 18 53 90 44 329 142 114 163 49 56 184
395 477612 N 288 135 206 129 103 474 124 213 154 370 40 473231 232 142 416 343 242 328 112 155 175
396 476433 T 401 189 128 172 121 518 178 225 130 414 81 161 262 124 575 474 471374 349 116 197 244
397 532309 N 243 150 168 120 94 493 95 280 147 380 49 528025 161 114 435 445 224 273 126 143 144
398 528713 Q 248 148 93 130 145 497 189 231 108 232 13 129 416 524202 499 391 258 242 121 152 269
399 479256 Q 317 116 109 134 74 704 219 120 118 416 48 73 379 474578 563 271 217 308 130 129 233
400 429297 R 170 77 50 129 57 648 54 66 141 191 152 30 138 51 426494 225 127 237 146 41 73
401 408841 A 406559 47 109 91 27 349 43 51 36 154 32 30 238 52 207 178 173 340 48 35 42
402 412210 S 221 101 81 98 95 469 76 61 45 178 22 42 354 58 251 409466 159 209 65 75 84
403 412361 A 408605 117 64 129 88 497 98 83 97 259 36 71 294 96 283 344 294 574 86 113 133
404 428610 G 292 166 158 97 112 425916 31 112 56 230 43 51 120 33 244 291 128 297 78 56 99
405 423943 Q 111 10 47 72 28 40 167 133 133 265 37 51 407 421644 159 172 180 140 3 44 100
406 442229 I 46 11 41 8 74 31 48 441132 31 92 21 61 107 22 84 102 129 103 8 38 40
407 401127 S 21 41 15 10 24 278 26 50 4 62 16 57 30 6 98 400226 35 66 8 28 26
408 409359 V 147 18 19 58 9 84 1 17 8 53 70 12 17 13 60 28 21 408676 19 15 14
409 408081 Q 262 132 96 115 68 455 148 102 100 320 57 72 247 404102 380 241 135 247 86 82 634
410 377832 P 207 81 71 84 24 398 168 62 30 223 28 49 375294 86 262 288 132 155 58 51 81
411 404837 A 402047 88 49 103 41 315 51 72 60 150 29 40 160 66 292 203 523 375 43 49 81
412 417476 F 193 133 49 162 414240 699 20 133 64 202 41 31 117 47 290 276 195 267 114 44 159
413 374082 S 173 107 105 116 144 549 91 150 119 283 33 97 199 66 276 370843 150 234 49 108 190
414 392141 V 377 81 73 168 73 600 76 73 107 253 117 52 216 74 407 247 150 388744 86 48 119
415 403349 Q 253 95 73 149 84 478 81 74 91 277 47 27 156 400051 439 206 123 292 105 40 208
416 407343 R 212 72 71 111 134 524 75 121 122 266 9 50 138 61 404438 261 161 263 48 68 138
417 379798 N 125 62 90 70 67 215 70 80 70 158 26 377775 130 42 200 189 89 139 50 61 90
418 397055 L 152 79 48 73 122 350 101 84 47 394591 23 40 309 50 288 171 90 223 74 57 83
419 424700 P 280 113 124 175 62 410 120 84 146 309 71 107 421100 153 347 293 225 238 69 92 182
420 399934 F 268 140 82 144 396145 522 92 152 87 352 58 72 166 88 356 365 157 294 121 94 179
421 409057 D 188 106 405962 106 123 375 107 105 78 272 33 142 143 58 252 265 165 280 35 124 138
422 393547 K 133 70 62 173 133 519 66 129 390599 151 14 105 143 76 278 207 185 219 44 88 153
423 392414 P 201 149 77 129 75 728 88 88 92 287 62 80 388781 106 496 295 174 266 48 81 111
424 407844 T 349 116 140 151 142 551 81 178 91 313 63 99 261 99 496 359 403767 305 81 101 101
425 414472 I 243 106 79 135 124 422 116 410975 88 270 54 122 229 48 319 259 239 336 88 99 121
426 400288 M 207 65 77 91 84 332 99 222 105 321 396867 62 210 67 388 266 258 287 89 70 121
427 369086 A 366203 92 70 172 50 428 64 73 70 159 19 80 205 74 288 219 229 388 76 59 68
428 365266 A 362249 112 83 92 77 389 95 116 81 199 54 62 175 62 336 259 292 297 59 70 107
429 362648 F 195 128 111 132 359216 395 93 174 78 322 43 91 147 96 370 336 125 247 58 124 167
430 336972 T 189 66 55 88 69 256 31 112 51 131 57 60 58 36 161 217 334996 154 54 55 76
431 358037 G 164 103 63 147 104 355175 662 93 61 152 22 60 98 48 248 186 97 220 166 56 112
432 366869 N 263 159 205 122 99 424 108 201 87 289 58 363036 216 66 359 363 186 283 89 103 153
433 389280 T 227 96 57 67 133 211 81 296 120 270 40 44 134 76 268 263 386459 162 83 78 115
434 397881 E 279 88 143 393959 73 915 45 106 143 257 75 58 131 70 432 257 161 324 136 61 168
435 427850 G 282 94 114 318 59 424739 49 121 66 192 42 64 87 80 536 225 95 362 115 41 169
436 435958 R 327 154 153 241 145 1138 78 212 275 307 63 104 203 89 431155 288 232 408 99 84 203
437 443845 T 355 138 109 217 43 756 112 198 210 305 57 99 213 114 515 331 439319 258 151 89 256
438 462882 S 286 99 130 186 71 688 85 86 94 285 48 72 162 78 381 459344 186 257 65 88 191
439 453101 D 165 89 450795 151 30 517 52 48 56 139 18 81 91 50 212 141 75 175 52 74 90
440 435366 M 231 79 74 113 58 422 60 174 69 214 432183 54 166 74 374 250 245 257 73 76 120
441 417987 R 82 41 29 54 19 407 30 21 101 87 140 17 37 24 416460 118 69 88 85 21 57
442 419708 A 417170 69 60 161 38 429 42 64 55 150 35 58 134 41 230 189 246 353 49 50 85
443 428457 E 169 60 111 426308 41 411 38 71 122 148 21 44 72 63 179 121 82 168 51 35 142
444 429401 I 247 103 137 196 87 770 87 425251 96 261 76 98 126 90 526 277 159 374 159 89 192
445 478516 I 335 220 181 251 107 593 82 473049 173 403 326 152 208 152 573 393 263 466 118 164 307
446 433940 R 458 281 174 309 190 1095 142 232 218 627 217 131 418 212 427073 583 309 554 289 138 290
447 430273 M 328 162 128 162 102 626 97 206 119 323 425867 66 196 101 450 346 236 349 100 112 197
448 432090 M 146 54 76 105 70 313 56 252 104 185 429401 30 112 64 291 137 156 321 72 48 97
449 393902 E 141 65 118 391724 32 459 50 59 152 119 25 47 108 65 202 138 85 131 55 33 94
450 403870 G 113 123 100 63 28 402025 35 56 40 132 31 23 82 48 211 338 106 139 63 34 80
451 444162 A 440513 186 78 108 81 477 39 63 36 174 25 43 139 50 256 183 798 737 61 48 67
452 437627 K 125 65 50 107 27 207 49 74 435645 119 34 192 124 47 222 139 92 152 39 40 78
453 417826 P 87 26 37 55 21 162 26 39 17 84 16 32 416681 79 118 93 57 80 46 25 45
454 427337 E 88 52 89 425955 37 216 31 38 56 120 21 19 55 29 147 80 65 106 31 21 81
455 428995 E 267 166 155 424843 130 455 98 187 179 367 48 94 208 111 350 381 181 361 81 101 232
456 432173 M 162 132 75 107 142 260 58 260 143 286 428812 58 159 73 307 224 197 330 98 108 182
457 413085 S 268 223 160 116 193 261 147 171 110 396 71 185 271 108 274 409092 275 247 90 216 211
458 419490 F 191 172 141 200 414553 878 96 196 100 500 81 93 151 89 323 514 151 492 141 184 244
459 393055 Q 211 51 136 125 78 689 219 130 136 431 75 86 319 388145 1148 209 196 409 68 35 159
460 351719 G 274 116 100 226 98 348384 86 125 96 346 86 71 162 89 267 315 122 468 40 90 158
461 330719 R 625 88 74 108 75 706 106 91 46 356 57 54 343 349 326541 233 132 269 291 60 115
462 293890 G 450 179 112 399 104 289464 110 132 56 344 33 60 480 111 554 351 166 338 129 78 240
463 291289 V 257 93 82 91 128 301 95 224 46 346 73 55 281 91 305 256 186 288046 94 103 136
464 306142 F 323 327 206 224 299961 614 155 381 140 768 110 164 203 115 260 638 315 663 95 219 261
465 351671 E 316 181 123 346597 261 571 142 205 243 588 99 118 199 195 312 435 183 195 163 214 331
466 303102 L 167 167 89 108 227 386 135 175 98 299695 53 58 294 86 291 280 128 302 69 108 186
467 321733 S 43 127 25 59 100 186 63 133 79 419 63 79 128 81 258 319226 183 140 95 92 154
468 356268 D 203 110 353652 113 88 437 45 86 59 156 24 99 61 34 183 224 166 227 77 107 117
469 421215 E 285 169 193 416199 257 491 139 285 294 474 61 125 221 124 331 457 254 384 73 197 202
470 459714 R 318 150 110 123 152 938 172 198 207 596 272 158 345 158 454064 442 381 451 146 114 219
471 458410 A 453122 104 99 167 108 865 153 134 103 411 57 118 671 101 449 304 461 531 119 127 206
472 469031 A 466955 49 27 88 62 123 33 46 24 87 21 35 230 15 45 247 297 545 22 42 38
473 505397 N 70 32 82 46 28 175 81 60 67 132 3 503755 199 64 142 140 79 70 29 76 67
474 500258 P 208 66 32 108 20 419 31 36 47 282 3 36 497815 169 305 208 138 159 72 24 80
475 477958 I 189 116 125 188 86 532 69 474312 93 325 80 133 79 97 351 256 186 344 95 94 208
476 438941 V 233 96 61 157 70 623 66 115 70 257 287 38 166 63 401 216 134 435534 129 82 143
477 429811 P 178 82 75 87 89 201 108 92 96 282 22 58 427161 89 262 313 160 229 55 80 92
478 411424 S 186 94 58 127 104 376 51 87 57 246 36 41 283 69 270 408758 108 181 76 86 130
479 448288 F 132 98 68 102 445930 311 34 102 49 388 28 43 72 23 175 202 120 199 49 57 106
480 447661 D 127 36 445943 103 28 340 52 24 13 93 22 98 84 35 129 106 147 139 38 61 43
481 390495 M 121 80 67 64 40 221 50 181 79 201 388052 59 95 57 276 168 155 318 59 56 96
482 476607 S 167 139 106 103 32 935 40 84 47 167 36 136 110 33 322 473612 102 234 97 36 69
483 533378 N 45 41 87 48 26 198 26 63 63 60 26 532090 40 18 131 146 57 64 48 41 60
484 480122 E 53 38 90 478630 24 259 26 29 64 101 11 28 99 52 139 88 56 120 55 27 133
485 433707 G 83 52 19 85 31 432331 38 39 46 130 12 18 73 32 186 72 52 184 47 23 154
486 441495 S 67 46 33 35 63 175 37 36 30 104 5 29 122 20 99 440325 66 77 22 59 45
487 442084 Y 57 71 41 40 63 138 184 42 38 132 23 33 56 27 103 71 43 94 31 440712 85
488 434231 F 65 37 61 56 432969 82 14 73 36 190 16 38 32 35 100 136 57 71 38 56 69
489 414285 F 45 22 24 49 413155 134 11 49 22 200 11 25 66 27 88 109 41 81 27 41 58
490 411291 G 97 13 42 88 50 409876 20 42 29 110 24 30 76 40 243 106 60 187 18 41 99
491 417554 D 70 48 415898 89 61 293 43 79 54 126 21 90 50 27 112 97 70 165 46 53 62
492 422638 N 46 46 99 28 34 147 42 99 98 68 43 421172 42 31 167 150 73 56 49 65 83
493 506608 A 504321 19 68 132 42 255 38 68 34 184 48 40 80 47 212 204 316 396 4 45 55
494 439141 E 164 65 154 436293 50 670 39 39 86 200 25 26 173 73 316 171 96 238 69 58 136
495 442224 E 192 71 119 439538 38 691 20 37 123 146 31 24 131 66 350 144 84 194 81 44 100
496 429839 Y 117 254 55 78 77 283 117 44 61 106 26 53 96 30 212 159 87 149 52 427650 133
497 401633 D 313 132 397598 154 92 867 89 88 75 244 52 170 168 81 421 260 138 353 111 87 140
498 319044 N 711 335 282 329 304 1359 281 421 291 927 139 308679 555 263 1259 735 457 789 279 257 392
