# nucleotide counts
# upper case indicates nucleotide called by both reads
# lower case indicates nucleotide called by one read with other ambiguous
# N indicates disagreement between reads, or both ambiguous
# POSITION WT COUNTS A T C G a t c g N
1 A 558072 557627 28 17 152 73 0 0 0 175
2 T 560930 59 560694 100 14 0 26 0 0 37
3 G 561267 91 148 13 560950 0 0 0 14 51
4 G 558958 821 754 1921 555403 0 1 1 30 27
5 C 533592 920 1109 530349 1140 2 0 22 0 50
6 G 547091 1080 727 1966 543253 0 0 0 28 37
7 T 561481 745 558577 1272 753 0 28 0 0 106
8 C 566076 874 638 563843 641 0 0 49 0 31
9 C 568080 807 617 565927 650 0 0 28 0 51
10 C 566470 2164 1844 560873 1490 0 2 55 0 42
11 A 562122 555554 1806 3074 1590 65 1 1 0 31
12 A 563242 556921 1580 2961 1696 53 0 0 0 31
13 G 566048 790 789 1281 563061 0 0 0 53 74
14 G 576536 946 643 1440 573452 0 0 0 22 33
15 C 533594 887 735 531417 460 0 0 43 0 52
16 A 482077 478266 1101 1433 872 33 0 0 0 372
17 C 473636 1223 1102 470465 788 0 0 38 0 20
18 C 458525 1276 807 455603 759 1 0 59 0 20
19 A 456332 452766 891 1483 1144 40 0 0 0 8
20 A 455559 451944 979 1718 876 24 1 0 0 17
21 A 454616 450946 974 1541 1063 43 1 0 1 47
22 C 453443 959 848 450911 676 0 0 22 0 27
23 G 418654 959 813 1190 415633 0 0 0 30 29
24 G 428955 836 584 1059 426416 0 0 0 40 20
25 T 429606 908 426360 1167 851 0 28 0 0 292
26 C 449931 912 869 447313 776 1 0 25 0 35
27 T 476999 1015 473868 1154 891 1 21 0 0 49
28 T 448582 1133 444833 1443 1111 0 49 0 0 13
29 A 451727 448199 904 1454 1117 42 0 0 0 11
30 T 445328 1090 441599 1528 987 1 94 1 0 28
31 G 459154 665 548 731 457154 1 0 0 26 29
32 A 470615 468279 604 966 702 35 0 0 0 29
33 A 441853 439820 498 800 656 22 0 0 0 57
34 C 430923 1133 959 427969 803 0 0 38 0 21
35 A 390570 387116 848 1658 899 27 0 4 0 18
36 G 451132 1042 929 1527 447591 0 0 0 38 5
37 A 467521 463546 1026 1729 1143 31 0 1 1 44
38 T 470449 1391 466362 1561 1068 0 26 0 0 41
39 G 474034 1327 1112 1614 469929 0 0 1 23 28
40 G 465562 729 789 1618 462318 0 0 1 93 14
41 A 467611 464067 699 1764 1010 39 0 0 1 31
42 A 477699 474375 632 1645 985 41 0 1 1 19
43 A 479171 477036 403 937 705 22 0 0 0 68
44 C 516683 589 535 514876 614 0 0 31 0 38
45 T 481997 477 479897 860 688 0 22 0 0 53
46 G 496066 578 444 663 494283 1 1 0 63 33
47 A 493154 491327 401 702 610 66 0 1 0 47
48 T 494767 557 492918 734 492 1 38 0 0 27
49 G 493819 799 785 1092 491095 0 1 0 11 36
50 G 499285 890 731 1134 496475 2 0 0 26 27
51 G 496386 907 636 1133 493655 0 0 0 28 27
52 G 501256 805 617 1365 498413 0 0 0 28 28
53 A 481573 478787 503 1464 770 16 0 0 0 33
54 A 484498 481780 504 1341 772 21 0 0 0 80
55 C 493532 718 710 491277 740 0 0 16 0 71
56 G 491333 994 639 1140 488462 0 1 2 20 75
57 C 499728 715 550 497651 743 0 0 43 0 26
58 C 495735 1049 975 492656 1007 2 0 29 0 17
59 A 491471 487355 993 1537 1489 66 0 0 1 30
60 G 503191 1167 1030 1361 499556 0 1 2 53 21
61 A 499454 496092 820 1455 1008 35 1 0 0 43
62 A 513579 510245 881 1448 952 21 0 0 0 32
63 T 489369 1206 486020 1163 912 1 21 0 0 46
64 G 501127 1710 1268 1831 496244 1 0 1 32 40
65 C 508451 1686 1450 503952 1303 0 1 23 0 36
66 A 483692 479336 1165 1804 1310 43 0 1 1 32
67 A 514836 510560 1141 1895 1155 26 0 0 0 59
68 C 510494 1481 1020 506763 1187 1 0 27 1 14
69 T 502379 1377 497516 2132 1242 0 68 0 0 44
70 G 508414 1227 1101 1385 504649 0 0 0 46 6
71 A 474581 470847 1074 1360 1188 69 1 1 1 40
72 G 509061 1338 1020 1199 505448 0 0 0 18 38
73 A 476055 473450 686 1180 679 25 0 1 0 34
74 T 508573 1042 505317 1327 771 0 31 0 0 85
75 C 487093 1021 738 484584 681 0 0 44 0 25
76 A 457717 454599 762 1296 962 52 0 0 1 45
77 G 475908 739 608 1291 473217 0 1 0 31 21
78 A 472879 470198 419 1348 828 46 0 1 1 38
79 G 494713 645 645 967 492366 0 0 1 49 40
80 C 481213 659 746 479070 696 0 0 23 0 19
81 A 457230 454648 638 824 1012 42 0 0 0 66
82 T 468292 668 465691 1059 810 0 16 0 0 48
83 C 470275 800 662 468055 730 0 0 22 1 5
84 C 475313 831 724 472845 855 0 0 20 1 37
85 G 466271 726 545 887 464064 0 0 1 15 33
86 T 470012 664 467532 1088 612 0 23 1 0 92
87 C 468664 670 692 466658 589 0 0 38 1 16
88 G 472040 568 665 1223 469502 1 0 2 51 28
89 G 475511 663 684 983 473093 0 0 1 71 16
90 G 487359 706 644 975 484995 1 0 0 25 13
91 A 485996 483676 655 885 694 16 0 0 0 70
92 A 484787 482380 649 970 739 13 0 2 1 33
93 G 477958 715 607 889 475652 0 0 2 49 44
94 A 469974 466755 1049 1007 1065 54 0 0 0 44
95 T 463140 1146 459907 1105 923 0 35 0 0 24
96 G 469668 1068 965 1213 466353 0 0 0 50 19
97 A 489374 486516 989 954 860 21 0 0 0 34
98 T 488297 1237 485463 535 1012 0 20 0 1 29
99 T 476956 1209 474241 794 667 0 27 0 0 18
100 G 478829 1154 976 1080 475553 1 0 2 48 15
101 A 476318 472989 968 1155 1137 35 0 0 0 34
102 T 467863 1120 464534 1178 994 0 11 0 0 26
103 G 462640 896 831 921 459931 0 0 0 17 44
104 G 479143 843 632 1013 476597 0 1 1 35 21
105 A 466761 464163 683 1027 780 47 0 1 1 59
106 A 455354 453641 372 893 383 42 0 0 0 23
107 T 457404 525 455657 748 445 0 14 0 0 15
108 T 451007 463 449173 798 495 0 52 0 0 26
109 G 458597 434 452 484 457184 0 0 1 15 27
110 G 451793 440 398 482 450402 0 0 0 26 45
111 A 441352 439688 347 575 594 34 0 0 0 114
112 C 452446 482 393 451180 318 1 0 46 0 26
113 G 403486 592 412 1006 401420 0 0 0 25 31
114 A 454317 452524 374 1025 338 29 1 0 0 26
115 T 461664 614 459204 1229 549 0 27 0 0 41
116 T 434089 604 431825 1025 577 0 31 0 0 27
117 C 435622 682 471 433919 524 0 0 16 0 10
118 T 428611 1093 425688 775 952 0 65 1 0 37
119 A 441187 438362 879 826 1009 34 0 0 0 77
120 C 440967 1094 994 437958 864 0 0 26 0 31
121 A 412256 410313 669 696 539 23 0 0 0 16
122 T 421059 716 418810 873 580 0 31 0 0 49
123 C 392717 668 620 390697 657 1 0 39 0 35
124 C 397019 732 682 395000 561 0 0 30 0 14
125 A 394858 392400 676 1010 709 39 0 2 0 22
126 A 384679 382591 567 805 635 45 0 0 0 36
127 A 384777 383534 340 487 371 27 0 0 0 18
128 T 368550 440 367290 464 302 1 21 0 0 32
129 G 427894 551 525 672 426082 0 0 0 26 38
130 T 406513 337 405119 577 285 0 36 0 0 159
131 G 409440 378 323 489 408227 0 0 0 9 14
132 C 411735 311 494 410618 261 0 0 22 0 29
133 A 405514 403645 434 722 555 22 0 0 0 136
134 C 403653 472 362 402286 484 0 0 27 0 22
135 T 387765 473 386013 759 457 0 18 0 0 45
136 G 425239 613 515 559 423491 0 1 0 23 37
137 A 443633 441821 466 754 523 48 0 0 2 19
138 A 460608 458676 558 723 525 41 0 0 0 85
139 C 485795 445 333 484718 261 0 0 18 0 20
140 T 485211 380 483785 638 336 0 29 0 0 43
141 T 486511 475 485092 605 270 0 38 1 0 30
142 A 489720 488458 492 324 396 31 0 0 0 19
143 A 489952 488757 412 372 313 75 0 0 0 23
144 A 513947 512700 437 384 233 58 1 0 0 134
145 C 512629 2091 1734 506914 1824 0 0 33 0 33
146 T 476859 2197 470027 2542 2026 0 20 1 1 45
147 C 487142 2382 1911 480713 2065 0 0 49 1 21
148 A 474656 469009 1279 2409 1893 37 0 1 0 28
149 G 507861 1562 1365 2222 502671 0 0 2 23 16
150 T 503027 1525 497120 2169 1986 0 13 0 0 214
151 G 547692 1075 772 669 545112 0 0 0 38 26
152 A 562399 559672 1099 1136 421 33 0 0 0 38
153 T 536399 834 533887 823 750 0 72 0 1 32
154 T 554138 1445 549917 1132 1590 1 32 0 0 21
155 A 556513 552130 1328 1467 1481 65 0 1 0 41
156 T 560056 1588 555495 1493 1408 0 29 1 0 42
157 G 562266 1246 1047 1400 558531 0 0 0 19 23
158 A 532147 528212 860 1561 1380 41 0 0 0 93
159 G 534793 1156 1050 1261 531259 0 0 1 47 19
160 G 496326 674 565 1002 494038 0 0 0 21 26
161 G 483505 770 737 933 480999 0 0 0 18 48
162 G 483135 709 546 980 480856 0 0 1 17 26
163 C 453169 644 814 450856 782 0 0 20 0 53
164 G 459464 765 746 1335 456558 0 0 0 21 39
165 A 460281 457171 693 1411 909 11 0 0 0 86
166 C 461739 913 986 458711 1103 0 0 14 0 12
167 T 458279 1037 454333 1731 1134 0 20 0 0 24
168 G 455808 1110 992 1485 452150 0 0 0 34 37
169 A 502344 498730 917 1385 1229 43 0 0 0 40
170 T 486651 1118 483125 1117 1211 0 35 0 0 45
171 C 479662 1046 949 476519 1091 1 0 36 0 20
172 C 479588 1250 1338 475524 1426 0 1 31 0 18
173 A 461337 456702 1223 1580 1711 79 0 0 0 42
174 G 465245 1285 1197 1576 461159 0 0 0 11 17
175 A 445100 439802 1320 1932 1994 26 0 0 0 26
176 A 445359 439984 1622 1622 2061 19 0 0 0 51
177 C 448413 1689 1736 443000 1921 0 0 39 0 28
178 A 358646 356560 527 715 787 32 0 0 0 25
179 G 368033 612 564 700 366122 0 0 0 20 15
180 C 364796 520 566 362943 721 0 1 22 0 23
181 T 359312 516 357283 760 729 0 17 0 0 7
182 T 362607 781 360416 689 672 0 29 0 0 20
183 A 357087 354815 755 687 766 49 1 0 0 14
184 A 377918 373709 1108 1988 1044 30 0 2 0 37
185 C 392876 1277 1175 389298 1059 0 0 33 1 33
186 A 372987 368722 1025 2181 1022 20 1 1 0 15
187 A 384713 381755 911 1212 796 21 0 1 0 17
188 T 353879 906 350986 1176 726 0 42 1 2 40
189 A 363454 360515 763 1224 926 16 1 0 0 9
190 G 369018 895 730 1170 366182 0 0 0 16 25
191 A 374641 371830 750 1223 772 33 1 0 0 32
192 G 378869 752 748 1416 375902 0 0 1 21 29
193 A 350414 347851 805 948 729 30 0 0 0 51
194 G 367353 718 696 1233 364646 2 2 0 22 34
195 A 369669 367356 694 975 594 20 0 0 0 30
196 A 383998 383386 246 201 123 14 0 0 0 28
197 T 385880 296 385127 265 126 0 17 0 0 49
198 G 378031 210 206 260 377289 1 0 0 41 24
199 G 385122 113 96 98 384745 0 0 0 49 21
200 T 363037 128 362034 132 138 0 68 0 0 537
201 G 394054 267 66 119 393531 0 0 0 24 47
202 C 393094 283 312 392162 270 0 0 47 0 20
203 T 394951 344 393564 639 311 0 26 0 0 67
204 C 404698 339 308 403744 276 0 0 9 0 22
205 T 403985 628 401955 769 580 0 25 0 0 28
206 C 433436 752 639 431402 586 0 0 21 0 36
207 T 430837 680 428610 854 645 1 22 0 0 25
208 G 438991 987 596 1028 436327 0 0 0 25 28
209 C 438963 814 686 436685 756 0 0 6 0 16
210 T 426919 770 424209 1151 735 0 16 0 0 38
211 T 436033 596 433931 807 657 0 21 0 0 21
212 T 427668 620 425652 801 543 0 34 0 0 18
213 T 411481 552 409399 763 718 0 18 0 0 31
214 G 415008 609 512 732 413106 0 0 0 9 40
215 A 409109 407178 469 718 662 20 0 0 0 62
216 C 417718 443 870 415796 545 0 0 33 0 31
217 G 402910 476 439 684 401256 0 0 0 21 34
218 A 384978 383442 464 629 380 27 0 0 0 36
219 A 386107 384704 410 543 423 13 0 0 1 13
220 A 387169 385377 498 681 549 34 0 0 0 30
221 G 390326 464 509 720 388574 0 0 1 40 18
222 A 396325 394436 464 729 628 29 0 0 0 39
223 A 395587 393964 458 559 561 19 0 0 0 26
224 G 410565 493 505 599 408924 0 0 0 25 19
225 G 450806 493 459 640 449154 0 0 0 38 22
226 A 441843 440124 478 679 517 21 0 0 0 24
227 A 458082 456231 505 639 635 38 0 0 0 34
228 T 440200 422 438492 732 489 0 33 2 0 30
229 A 437210 435008 652 707 763 65 1 0 0 14
230 A 437276 434977 633 844 770 24 0 0 0 28
231 A 433317 431147 567 840 708 42 0 1 0 12
232 T 434669 847 432378 700 641 0 34 0 0 69
233 A 400298 398362 642 651 585 38 0 0 0 20
234 T 357659 713 355806 588 517 0 16 0 0 19
235 C 365343 1033 897 362552 806 1 0 22 0 32
236 T 342945 901 340026 1130 857 0 17 0 1 13
237 G 346800 968 743 1026 344013 0 0 1 35 14
238 G 339876 1504 1239 1777 335322 0 0 0 19 15
239 A 334327 330137 1239 1757 1149 17 1 2 0 25
240 A 318907 314983 1188 1591 1115 12 0 0 0 18
241 G 332829 1307 1179 1390 328908 0 0 0 24 21
242 A 324833 321235 1144 1194 1206 33 1 1 0 19
243 A 353353 349228 1238 1684 1132 15 0 0 0 56
244 C 356642 1280 994 353348 975 0 0 10 0 35
245 A 339158 336319 969 856 966 22 0 0 0 26
246 T 433737 1804 429558 1059 1205 0 23 0 0 88
247 C 425975 1313 1334 421800 1496 0 0 16 0 16
248 C 441887 1367 1355 437427 1701 0 3 10 0 24
249 C 443106 1429 1399 438648 1593 0 0 16 0 21
250 A 421655 418390 1018 851 1325 39 0 1 0 31
251 G 457042 1066 919 1063 453947 1 0 0 15 31
252 C 452467 894 1281 449309 929 1 0 16 0 37
253 G 447225 951 914 1217 444095 0 1 1 12 34
254 C 454535 954 840 451249 1448 0 0 13 0 31
255 G 453001 1169 933 1379 449476 0 1 0 24 19
256 G 495063 1147 1144 1637 491091 0 0 0 15 29
257 G 488898 1312 1259 1475 484786 1 0 1 47 17
258 G 511173 1395 1166 1462 507034 0 2 0 90 24
259 A 513213 508629 1255 1459 1795 28 1 0 0 46
260 A 509390 504799 1200 1738 1511 95 1 1 2 43
261 G 523493 1596 1364 1546 518887 1 0 1 72 26
262 G 534176 1230 1255 2132 529502 0 2 1 34 20
263 A 532551 527388 1584 1641 1848 27 0 0 0 63
264 T 531944 1529 526767 1734 1850 0 17 0 0 47
265 C 512766 2437 2378 505357 2516 0 0 22 2 54
266 C 504841 2317 2425 497582 2435 5 0 38 1 38
267 T 491550 2352 483722 2806 2612 0 36 0 0 22
268 A 492542 486823 2011 1349 2318 20 0 0 1 20
269 A 492456 486511 2065 1388 2441 27 1 0 0 23
270 G 493346 1834 2082 1687 487684 1 0 0 29 29
271 A 472857 468764 1288 1544 1214 29 0 0 0 18
272 A 464945 460918 1288 1520 1171 12 0 0 0 36
273 A 456774 452957 1211 1368 1205 12 0 0 0 21
274 A 433375 431458 469 806 544 43 0 1 0 54
275 C 438109 565 539 436357 529 0 0 31 0 88
276 T 419767 558 417822 835 492 0 32 0 0 28
277 G 416856 579 423 571 415233 0 0 0 24 26
278 G 415111 549 400 576 413559 0 0 0 12 15
279 A 409112 407150 470 620 775 48 0 0 0 49
280 G 406224 364 355 420 405027 0 0 1 33 24
281 G 401758 315 293 357 400757 0 0 0 13 23
282 A 393700 392454 252 381 351 8 0 0 0 254
283 C 423123 242 279 422312 251 0 0 18 0 21
284 C 413401 313 279 412497 263 0 0 24 0 25
285 C 412331 355 313 411375 239 0 1 27 0 21
286 A 454637 452846 513 695 517 24 0 0 0 42
287 T 446328 483 444594 687 486 0 43 0 0 35
288 A 514836 512840 586 689 662 28 0 1 0 30
289 T 512596 722 510319 801 668 0 38 0 0 48
290 A 470074 467928 664 643 661 98 0 0 1 79
291 C 478632 613 644 476739 575 0 0 38 0 23
292 A 420481 417875 630 1098 805 46 1 0 1 25
293 A 421409 418864 649 997 864 13 0 0 0 22
294 G 417575 739 645 954 414988 1 0 0 51 197
295 A 334707 332947 410 647 631 45 0 0 0 27
296 G 339506 459 418 688 337900 0 0 0 27 14
297 A 317249 315537 392 694 566 22 0 0 0 38
298 G 324239 681 661 1230 321636 1 0 0 14 16
299 T 330251 709 326730 1291 653 0 20 0 0 848
300 A 336531 333605 722 1299 846 23 0 0 0 36
301 G 360989 672 545 1029 358696 1 0 0 32 14
302 A 357471 355081 693 992 639 22 0 1 0 43
303 T 377944 759 375379 1097 639 0 40 0 1 29
304 A 371447 369057 620 893 850 4 0 0 0 23
305 G 376730 628 588 1065 374381 0 3 0 34 31
306 A 374799 372480 615 1029 645 15 0 0 0 15
307 A 374746 373592 284 525 323 5 0 0 0 17
308 A 373302 372183 236 513 348 6 0 0 0 16
309 G 386844 267 249 569 385719 0 0 0 20 20
310 T 384527 594 381862 1223 530 0 16 0 0 302
311 G 391527 690 652 1043 389109 0 0 0 15 18
312 G 392389 612 605 1113 390039 0 0 0 9 11
313 A 392419 391102 338 531 403 14 0 0 0 31
314 T 395389 362 394108 468 383 0 34 0 0 34
315 G 407599 448 378 523 406189 0 1 1 37 22
316 A 410433 409054 291 537 481 38 0 0 0 32
317 G 411744 337 349 517 410464 0 0 0 35 42
318 G 409184 369 301 508 407945 0 0 0 30 31
319 G 410614 525 302 350 409344 2 0 0 46 45
320 A 413072 411959 315 343 383 36 0 0 0 36
321 A 415629 414360 312 380 400 23 0 0 0 154
322 C 417674 356 369 416468 441 0 0 19 0 21
323 T 414047 336 412555 620 460 0 15 0 0 61
324 C 408118 464 379 406806 396 0 0 38 0 35
325 G 399302 462 463 669 397670 0 0 0 22 16
326 T 408498 476 406552 711 648 1 17 0 0 93
327 C 432227 556 415 430669 550 1 0 9 0 27
328 C 449178 511 452 447654 491 0 0 36 0 34
329 T 454422 618 452245 867 619 0 25 0 0 48
330 T 454077 601 452004 920 504 0 31 0 0 17
331 T 440420 639 438306 802 633 0 17 0 0 23
332 A 412959 410981 644 596 626 67 0 0 0 45
333 T 407391 552 405501 756 533 0 14 0 0 35
334 G 408232 725 652 879 405888 0 0 0 37 51
335 A 365325 363212 522 918 570 33 0 0 0 70
336 C 370743 541 602 368928 592 0 0 21 0 59
337 A 325609 323584 550 918 542 8 0 0 0 7
338 A 331044 328923 667 850 569 14 0 0 0 21
339 A 336159 334023 603 900 586 21 0 0 0 26
340 G 383249 567 534 688 381375 1 0 0 45 39
341 A 394683 392748 627 658 582 40 0 0 0 28
342 A 389839 387854 622 700 612 33 0 0 0 18
343 G 436174 580 474 607 434390 1 1 0 63 58
344 A 454634 452780 522 598 589 94 0 0 1 50
345 A 455939 454299 589 428 578 20 0 0 0 25
346 A 457165 454371 959 1159 635 18 0 0 0 23
347 T 451570 933 448686 1018 766 0 48 1 0 118
348 A 446515 443670 838 1031 942 19 0 0 0 15
349 A 442539 440151 695 766 835 24 0 0 0 68
350 G 442456 741 725 679 440266 0 0 0 32 13
351 G 442821 499 693 726 440854 0 0 0 21 28
352 C 425429 266 396 424346 337 0 0 18 0 66
353 G 422515 450 382 538 421062 0 0 0 25 58
354 A 432033 430643 486 463 382 29 0 0 0 30
355 A 447866 447105 236 195 258 29 0 0 0 43
356 T 445736 199 444921 276 228 0 22 0 0 90
357 C 445893 194 272 445159 221 0 0 25 0 22
358 T 435135 459 433478 664 399 0 39 0 0 96
359 G 440796 502 466 492 439250 0 0 0 35 51
360 G 429651 420 272 464 428454 0 0 0 15 26
361 C 435952 740 831 433491 728 0 1 33 0 128
362 G 435865 812 762 1082 433100 0 0 0 31 78
363 C 432851 590 754 430742 726 0 0 21 0 18
364 C 420327 675 597 417641 1033 1 1 21 0 358
365 A 420154 417349 558 934 1271 13 0 0 0 29
366 A 437622 434930 722 799 1114 14 0 1 0 42
367 G 489694 814 648 854 487329 0 0 0 18 31
368 C 487423 649 782 484986 963 1 0 28 0 14
369 C 515336 684 737 512945 876 0 1 48 0 45
370 A 515804 512849 856 1247 784 28 0 0 0 40
371 A 522507 519729 910 967 795 67 1 0 0 38
372 T 534161 913 531275 1015 886 0 24 0 0 48
373 A 528263 524859 1248 1025 994 104 1 1 2 29
374 A 531020 527574 1133 1147 1078 54 0 1 0 33
375 T 507890 1212 504425 1182 1001 0 33 1 0 36
376 G 480075 1171 1020 1188 476613 0 0 1 51 31
377 G 445685 1100 900 1144 442476 2 0 0 52 11
378 T 408120 1036 404256 1276 1089 0 20 0 1 442
379 G 410743 1045 709 934 408008 0 0 0 31 16
380 A 407195 404547 737 904 950 36 0 0 0 21
381 T 406971 1028 404259 1024 620 1 15 0 0 24
382 G 402592 687 605 605 400663 1 0 0 14 17
383 A 405161 403182 565 622 742 23 0 0 0 27
384 T 412320 627 410245 665 720 0 22 0 0 41
385 G 407885 957 589 540 405747 1 0 0 26 25
386 C 402528 679 723 400430 640 0 0 15 0 41
387 A 397648 395654 556 744 645 25 0 0 2 22
388 A 393411 391647 563 668 422 43 1 0 0 67
389 C 383546 524 536 382023 425 0 0 24 0 14
390 A 373483 371897 487 499 563 14 0 0 0 23
391 G 375413 493 396 661 373830 0 0 0 7 26
392 C 363436 498 436 361982 488 0 0 6 0 26
393 T 349750 379 348050 783 498 0 23 2 0 15
394 G 406163 590 540 474 404499 0 0 0 13 47
395 G 416134 586 525 555 414441 0 0 0 16 11
396 T 416750 577 414881 667 444 0 12 0 0 169
397 C 447982 607 617 446058 653 0 0 17 0 30
398 T 434381 645 432004 960 699 0 40 0 0 33
399 G 498764 742 751 766 496427 0 1 0 41 36
400 A 500210 495872 697 2186 1260 45 0 1 1 148
401 C 529871 1184 893 526537 1177 0 0 50 0 30
402 T 540428 1511 535637 2366 839 0 41 0 0 34
403 C 541243 1410 1103 537593 1024 1 1 75 1 35
404 A 537712 533847 1041 1308 1356 23 0 2 0 135
405 C 582809 1390 994 579265 1077 0 1 64 0 18
406 A 581891 577314 1424 1492 1605 19 0 1 1 35
407 T 596258 1895 591153 1637 1476 1 70 2 0 24
408 G 566074 1674 1520 1393 561413 0 0 0 48 26
409 A 584182 580760 781 1498 975 120 0 1 0 47
410 T 567306 958 564110 1335 848 0 16 0 0 39
411 G 572971 869 853 1176 570005 0 0 0 45 23
412 A 561013 559059 557 747 567 39 0 0 0 44
413 T 556100 664 553911 856 544 0 59 0 0 66
414 C 513478 536 481 511823 544 0 0 59 0 35
415 T 508150 411 506608 739 337 0 26 0 0 29
416 G 494371 410 280 455 493178 0 0 0 16 32
417 G 497968 472 221 413 496820 0 0 0 25 17
418 C 488502 292 329 487455 316 0 0 22 0 88
419 A 485148 484079 265 424 321 23 0 0 0 36
420 T 478254 299 477247 395 262 0 10 1 0 40
421 T 474375 412 473224 422 274 0 15 0 0 28
422 C 475448 396 316 474367 301 0 0 36 0 32
423 C 474627 371 339 473560 279 0 0 43 0 35
424 A 474561 473203 329 443 540 23 0 0 1 22
425 A 472138 470817 318 521 447 11 0 0 0 24
426 T 467485 485 466073 481 410 1 9 0 0 26
427 T 467121 522 465492 617 444 0 29 0 1 16
428 T 461738 615 460052 585 399 0 47 1 1 38
429 G 465659 648 451 574 463940 0 0 0 27 19
430 A 454846 453388 360 516 543 11 0 0 0 28
431 A 453961 452562 392 438 523 18 0 0 0 28
432 T 460062 473 458505 599 401 0 45 0 0 39
433 G 435235 525 494 475 433666 0 0 1 49 25
434 A 468520 467144 452 459 406 38 0 0 0 21
435 T 466849 507 465311 518 451 0 26 0 0 36
436 A 467076 465110 339 742 767 52 0 0 0 66
437 C 495486 500 522 493855 537 0 0 38 0 34
438 A 470192 468175 427 800 658 92 0 0 0 40
439 A 535915 534337 381 497 585 39 0 0 0 76
440 C 537988 399 373 536756 411 0 0 25 0 24
441 A 535690 534150 385 535 519 70 1 0 0 30
442 T 549477 593 547245 915 646 0 38 0 0 40
443 A 459511 457290 414 740 750 65 1 1 0 250
444 C 473583 469 520 471869 683 1 0 28 0 13
445 C 474561 525 575 472763 631 0 0 40 0 27
446 A 461226 458888 596 798 863 32 0 0 0 49
447 G 477598 633 624 661 475603 0 0 0 52 25
448 A 425892 424537 329 391 567 36 0 0 1 31
449 G 464040 559 415 434 462578 0 1 0 23 30
450 G 458266 309 419 412 457097 0 0 0 10 19
451 A 460799 458502 525 897 744 26 0 1 0 104
452 C 468160 696 556 466356 496 0 0 32 0 24
453 A 460233 458113 540 798 682 48 1 1 0 50
454 A 467733 464255 1021 1183 1202 34 1 0 0 37
455 G 485038 1094 1054 1187 481660 0 0 0 31 12
456 A 498951 495314 999 1421 1101 35 0 1 0 80
457 G 518591 1170 917 1333 515133 0 0 0 15 23
458 C 538837 999 950 535675 1126 1 0 26 0 60
459 T 537592 1158 533959 1357 1030 0 40 0 0 48
460 C 545881 1329 1151 542232 1118 0 0 31 0 20
461 T 543672 1227 539719 1397 1250 0 40 0 1 38
462 T 552081 1548 548013 1327 1148 0 17 0 1 27
463 G 558717 1212 1205 1145 555113 0 0 1 15 26
464 T 564583 1172 560552 1431 1348 1 27 0 0 52
465 T 563446 1915 559302 1054 1127 1 27 0 0 20
466 C 567044 1472 1340 562608 1550 1 0 32 1 40
467 G 564460 1788 1287 1739 559554 0 0 0 51 41
468 C 579929 1336 1387 575654 1446 0 0 54 0 52
469 A 571340 566690 1059 1587 1613 34 1 0 0 356
470 C 576102 1351 1365 571853 1468 0 1 43 0 21
471 C 570928 1468 1415 566518 1456 0 0 42 2 27
472 G 581537 1527 1422 1983 576497 0 0 1 73 34
473 G 588255 1613 1393 1974 583201 0 0 0 44 30
474 C 614935 1619 1732 609874 1619 0 0 34 0 57
475 A 618495 612233 1834 2360 1990 18 0 1 0 59
476 T 651408 2228 644158 3154 1778 0 49 1 0 40
477 G 651287 2114 2419 3015 643653 1 0 0 42 43
478 G 681615 1844 1858 1785 676073 0 0 0 31 24
479 A 708581 702486 1768 2014 2182 45 0 0 0 86
480 T 722759 2135 716352 2387 1726 0 46 0 0 113
481 C 681219 1909 1948 675125 2145 0 0 57 0 35
482 C 648551 1861 1975 642347 2256 1 0 66 0 45
483 C 612429 1979 1582 606892 1878 0 1 72 1 24
484 A 619570 612225 2080 2330 2878 27 1 0 1 28
485 G 651963 2614 2477 2160 644608 0 0 1 45 58
486 G 634861 2618 2102 1768 628318 0 0 0 27 28
487 A 609094 604544 1570 1296 1597 10 0 0 2 75
488 T 547442 1621 543045 1187 1509 0 51 1 1 27
489 G 561489 1434 1447 1197 557320 0 0 1 58 32
490 T 542601 1361 538583 1415 1015 0 59 2 0 166
491 G 546694 1538 1129 1347 542589 0 2 1 65 23
492 C 549997 968 1277 546531 1162 0 0 22 1 36
493 T 533412 994 530078 1312 951 0 31 0 0 46
494 C 551251 1129 884 548033 1153 0 0 19 0 33
495 T 529498 1048 526254 1107 1028 0 10 0 0 51
496 C 539438 1221 1229 535906 1048 0 0 18 0 16
497 T 537180 1102 533601 1047 1377 0 18 0 0 35
498 G 515198 1104 1183 700 512163 1 0 0 29 18
499 A 516983 514301 910 833 873 31 0 0 0 35
500 T 508946 846 506238 868 895 1 57 1 1 39
501 G 504360 1042 821 787 501666 0 0 0 19 25
502 C 505806 887 1149 502735 973 0 0 30 0 32
503 A 478705 475489 939 982 1210 15 0 0 0 70
504 G 484432 944 956 911 481573 0 0 0 26 22
505 G 463180 767 717 763 460839 0 0 0 27 67
506 G 479251 923 735 842 476667 0 0 0 58 26
507 T 464884 580 461752 858 1194 0 26 0 0 474
508 T 467935 600 466012 741 530 0 21 0 0 31
509 C 467235 513 791 465242 660 0 0 7 0 22
510 G 467803 642 577 622 465896 0 0 0 34 32
511 A 473123 470341 594 874 707 31 0 0 0 576
512 C 468793 582 599 466883 664 0 0 50 0 15
513 T 456012 592 453850 855 617 0 25 1 0 72
514 C 502986 898 1040 499946 1019 0 1 54 2 26
515 T 508675 970 504855 1492 1229 1 33 0 0 95
516 C 624832 1076 1191 621282 1197 0 0 47 0 39
517 C 615962 1461 1446 611634 1373 0 1 28 0 19
518 C 613942 1529 1461 609596 1254 1 0 83 1 17
519 T 608122 1684 603064 1968 1335 0 42 0 0 29
520 A 654591 649909 1622 1529 1280 172 1 0 0 78
521 G 625428 1229 1609 1393 621081 2 2 1 76 35
522 G 610188 1371 1332 1354 606063 1 0 0 37 30
523 A 558116 555735 688 757 821 33 0 0 0 82
524 G 562623 722 676 663 560490 0 0 0 61 11
525 G 537979 667 544 634 536059 1 1 0 43 30
526 T 526730 734 524022 899 626 1 23 0 0 425
527 C 521899 742 838 519609 660 0 0 17 0 33
528 T 533653 862 530900 1259 567 0 27 0 0 38
529 G 536175 743 651 745 533927 0 0 0 80 29
530 G 538376 651 609 570 536474 0 0 0 54 18
531 A 536380 534405 541 605 754 27 0 0 0 48
532 G 549461 735 727 995 546964 0 0 0 18 22
533 C 543532 665 745 541279 771 0 0 24 1 47
534 T 524662 676 522197 1095 605 0 44 0 1 44
535 G 527115 1128 587 511 524772 0 0 0 46 71
536 C 530184 583 825 528201 537 0 0 16 0 22
537 A 531917 529377 587 641 1241 27 0 0 0 44
538 G 547350 411 510 532 545852 0 0 0 18 27
539 G 555848 474 479 453 554392 0 0 0 33 17
540 C 553996 345 609 552455 494 0 0 42 0 51
541 G 547823 1219 816 1018 544725 1 0 0 19 25
542 C 553157 788 876 550655 797 0 1 19 0 21
543 T 544331 709 541465 1297 790 0 27 0 0 43
544 G 565840 1426 731 1181 562424 0 0 1 24 53
545 C 557562 877 1445 553856 1340 0 0 14 0 30
546 A 589227 585470 813 1496 1382 26 0 0 0 40
547 G 610122 1096 986 1455 606506 0 0 0 54 25
548 T 615783 1027 611844 1326 1434 1 60 1 0 90
549 C 625636 1061 993 622220 1218 0 0 88 1 55
550 A 619396 615315 1135 1264 1536 107 0 1 0 38
551 A 614558 610648 1139 1176 1524 27 1 2 0 41
552 A 614579 610125 1115 1348 1922 37 0 0 1 31
553 G 596695 1412 1107 1316 592787 1 0 0 46 26
554 G 614654 1576 991 1228 610773 0 0 0 50 36
555 A 556891 552811 967 1339 1664 18 0 0 0 92
556 G 549613 1192 922 1050 546414 0 0 0 17 18
557 T 535892 1158 532132 1104 1207 0 28 0 0 263
558 T 520488 1063 516884 1240 1211 0 60 0 1 29
559 G 528145 909 736 1050 525353 1 0 0 73 23
560 G 531211 869 665 1107 528523 0 0 0 26 21
561 G 534134 906 707 1021 531453 0 0 0 18 29
562 A 521339 518951 557 946 764 17 0 0 0 104
563 C 473875 580 546 472076 604 0 0 28 0 41
564 A 428349 426454 451 639 721 41 1 0 0 42
565 A 365461 363866 436 562 547 22 0 0 0 28
566 T 368031 574 366314 506 571 0 26 0 0 40
567 G 378930 538 432 615 377289 0 0 0 21 35
568 G 386091 504 466 533 384547 0 0 0 21 20
569 T 355509 530 353049 586 611 0 26 0 0 707
570 G 356160 606 412 525 354573 0 1 0 29 14
571 A 353033 351522 379 551 547 8 0 0 0 26
572 T 353432 517 351744 564 547 0 25 0 0 35
573 G 349666 463 409 527 348205 0 0 0 26 36
574 G 328043 326 373 408 326903 0 0 0 23 10
575 A 380780 378745 489 613 861 15 0 0 0 57
576 G 399325 672 477 586 397560 0 0 0 20 10
577 T 390344 416 388600 615 529 0 12 0 0 172
578 T 436114 578 434227 635 588 0 50 0 0 36
579 G 463393 610 561 581 461570 0 0 0 40 31
580 A 467082 463715 697 1451 1114 60 0 0 0 45
581 T 456530 833 453182 1441 1011 0 47 0 0 16
582 A 453701 450512 709 1352 1030 54 1 1 0 42
583 A 442864 440099 599 1278 843 29 1 0 1 14
584 G 467788 740 731 1225 465044 0 0 1 23 24
585 G 490535 773 668 1280 487777 0 0 1 8 28
586 A 491453 488753 612 951 1062 32 0 0 0 43
587 T 449870 611 447149 1079 958 1 32 1 1 38
588 G 465030 671 651 947 462683 1 1 0 55 21
589 A 467585 465450 496 847 711 59 0 0 0 22
590 T 469145 647 466835 896 648 0 79 0 0 40
591 C 466677 544 576 464962 555 0 0 14 0 26
592 A 462648 461264 374 440 494 40 0 0 0 36
593 A 447911 446678 295 449 447 36 0 0 0 6
594 A 449668 448511 229 499 356 26 0 0 0 47
595 C 441226 410 391 439985 398 0 0 9 0 33
596 G 433770 390 394 568 432381 0 1 0 11 25
597 T 418708 377 416998 621 491 0 17 0 0 204
598 G 412738 417 345 440 411499 0 0 0 15 22
599 G 418697 471 325 442 417409 1 0 0 34 15
600 G 432037 521 401 516 430538 1 0 0 36 24
601 A 433625 431773 541 592 651 23 0 0 0 45
602 T 432659 545 430746 699 617 0 18 0 0 34
603 C 424789 477 466 423293 494 0 0 38 0 21
604 A 419259 417485 373 747 585 14 0 0 0 55
605 A 420368 418690 382 796 470 13 0 0 0 17
606 T 419284 513 417437 823 473 0 17 0 0 21
607 G 428871 678 626 520 427000 0 0 0 26 21
608 A 420391 418314 631 570 806 26 0 0 0 44
609 T 396816 584 394969 533 669 0 24 1 0 36
610 C 411022 946 976 408240 810 0 0 22 0 28
611 G 409351 865 931 888 406605 1 0 1 47 13
612 G 448411 978 1015 1077 445265 0 0 0 42 34
613 A 448654 446343 745 781 718 28 0 0 0 39
614 A 436463 434157 680 781 688 18 0 0 1 138
615 C 537454 747 758 535192 658 0 0 68 0 31
616 T 522742 733 519952 1199 778 0 44 0 0 36
617 T 513793 689 511261 1140 616 0 55 1 0 31
618 C 524116 611 635 521945 848 0 0 46 1 30
619 T 524415 700 521169 1493 883 0 131 0 0 39
620 G 527527 758 861 1167 524707 0 0 0 16 18
621 G 532445 714 853 1235 529598 0 0 0 29 16
622 A 522218 519084 743 1159 1128 29 0 1 1 73
623 G 505314 827 690 1204 502517 1 0 0 56 19
624 A 412741 409775 813 1131 938 37 0 0 1 46
625 G 444054 467 410 560 442560 0 0 0 41 16
626 G 469165 495 500 545 467544 0 1 0 54 26
627 T 447452 383 444073 608 587 0 68 2 0 1731
628 G 444268 476 485 492 442785 0 0 1 16 13
629 A 442540 440878 412 510 655 55 1 0 0 29
630 A 447470 445907 431 512 582 15 0 0 0 23
631 A 450687 449156 402 561 525 17 0 0 0 26
632 A 446920 445311 474 516 558 37 0 0 1 23
633 T 433174 385 431752 481 497 0 33 0 0 26
634 G 411392 517 587 487 409754 0 1 0 14 32
635 G 410475 449 484 606 408909 0 0 0 12 15
636 A 410751 409069 391 552 679 13 0 0 0 47
637 C 402682 431 553 401187 467 0 0 8 0 36
638 G 400519 542 479 758 398699 0 0 0 20 21
639 A 400752 398957 500 768 484 24 0 0 0 19
640 A 404107 402593 458 463 549 37 0 0 0 7
641 A 405364 403923 443 446 478 31 1 0 0 42
642 A 400828 399468 434 416 490 8 0 0 0 12
643 A 399076 397943 302 433 343 18 0 0 0 37
644 C 391925 328 281 390976 292 0 0 24 0 24
645 A 389864 388761 285 342 440 21 0 0 0 15
646 A 387517 386280 327 305 559 30 0 0 0 16
647 G 396446 366 318 377 395357 0 1 0 7 20
648 G 379201 312 312 327 378159 0 0 0 72 19
649 A 361021 359796 308 399 452 46 1 0 1 18
650 G 367807 416 312 394 366644 0 0 0 25 16
651 T 347856 357 346061 392 424 0 11 0 0 611
652 G 365267 250 197 236 364551 0 0 0 18 15
653 C 360443 208 232 359637 331 0 0 11 0 24
654 T 354660 229 353858 237 288 0 39 0 0 9
655 T 380603 208 379774 337 250 0 6 0 0 28
656 A 362565 361700 175 290 275 71 0 2 0 52
657 C 398525 210 290 397650 319 0 0 24 0 32
658 G 397716 230 224 170 397028 0 0 0 45 19
659 A 360420 359733 234 181 219 22 0 0 0 31
660 G 396721 238 272 147 395990 0 0 0 46 28
661 A 325594 324583 231 258 472 26 0 0 0 24
662 G 335674 372 274 253 334714 0 0 1 31 29
663 A 328292 327332 314 262 335 18 0 0 0 31
664 A 294691 294188 138 137 169 17 0 0 0 42
665 T 296692 140 296244 189 85 0 20 0 0 14
666 G 309318 182 114 194 308786 0 0 0 17 25
667 T 356415 50 356052 109 17 0 16 0 0 171
668 G 373946 142 65 40 373654 0 0 0 25 20
669 C 375984 45 253 375573 51 0 0 24 0 38
670 A 371289 370956 77 63 119 51 0 0 0 23
671 A 380164 379809 98 44 131 24 0 0 0 58
672 C 404809 93 110 404453 92 0 0 40 0 21
673 A 402539 402177 124 70 135 13 0 0 0 20
674 T 392560 98 392199 107 99 0 31 0 0 26
675 T 391423 83 391052 139 83 0 44 0 0 22
676 C 399099 89 67 398828 69 0 0 16 0 30
677 T 397956 106 397575 165 69 0 8 0 0 33
678 C 414526 66 122 414217 73 0 0 15 0 33
679 A 412045 411620 102 109 181 11 0 0 0 22
680 A 413361 412977 97 109 139 19 0 0 0 20
681 A 412863 412368 86 108 253 29 0 0 0 19
682 G 424042 202 182 200 423401 0 0 0 37 20
683 G 433931 210 177 227 433259 0 0 0 39 19
684 A 430965 430192 243 252 227 19 0 0 0 32
685 A 429852 428732 293 312 447 47 0 0 0 21
686 A 430048 428921 290 318 432 60 0 0 0 27
687 A 454532 453356 340 303 474 42 0 0 0 17
688 T 455563 335 454355 458 379 0 17 0 0 19
689 T 447869 295 446713 418 404 0 12 0 0 27
690 T 447454 307 446283 453 369 0 15 0 0 27
691 C 428428 625 540 426755 461 0 0 23 0 24
692 A 426009 423966 440 828 742 16 0 1 0 16
693 A 425179 423358 524 737 500 19 0 0 0 41
694 A 425589 424399 258 544 319 31 0 0 0 38
695 C 442650 343 337 441674 240 0 0 30 0 26
696 A 415413 414229 314 515 311 6 0 0 0 38
697 G 429466 400 510 633 427859 0 0 0 37 27
698 C 433658 451 436 431983 731 0 0 28 0 29
699 T 396767 388 394962 744 585 0 39 0 1 48
700 G 420766 820 469 465 418941 0 0 0 14 57
701 C 358031 308 422 356774 450 0 0 48 0 29
702 A 360179 358772 393 441 431 19 0 0 0 123
703 C 355382 344 359 354183 453 0 0 18 0 25
704 A 352296 350899 356 534 451 27 0 0 0 29
705 A 351397 350097 378 398 486 19 0 0 0 19
706 A 337936 335995 532 612 755 18 0 0 0 24
707 G 370243 534 550 638 368462 0 0 0 29 30
708 G 371111 495 407 605 369551 0 0 0 26 27
709 G 351840 688 647 690 349759 0 0 0 27 29
710 C 348625 653 752 346335 824 0 1 16 0 44
711 A 342778 340556 678 784 707 35 0 1 0 17
712 A 369518 367195 830 826 600 41 0 1 0 25
713 T 350933 762 348744 674 717 0 16 0 0 20
714 G 352618 708 650 695 350528 0 0 0 11 26
715 A 330517 328967 472 466 579 21 1 0 0 11
716 T 341373 451 339689 480 656 1 47 0 1 48
717 G 339936 496 522 478 338402 1 1 0 16 20
718 G 370374 386 363 444 369132 0 0 0 27 22
719 A 370781 369287 361 375 707 17 1 0 0 33
720 T 364866 377 363413 474 543 0 35 0 0 24
721 C 350199 748 734 347756 912 0 0 35 0 14
722 A 351350 348673 693 903 1034 29 0 1 0 17
723 A 395216 392287 881 958 1030 27 0 0 0 33
724 G 400009 556 597 871 397948 0 2 0 25 10
725 T 399642 558 397265 848 791 0 15 0 0 165
726 G 404702 590 659 729 402689 0 0 0 16 19
727 A 397213 394706 714 863 880 26 0 1 0 23
728 G 412477 798 715 834 410085 1 0 0 24 20
729 A 411043 408339 726 878 1048 21 0 0 0 31
730 G 414782 829 590 825 412468 0 0 0 42 28
731 A 407156 404786 680 879 735 45 0 0 0 31
732 A 396119 393681 644 923 835 18 0 0 0 18
733 A 419299 417295 510 751 676 35 0 0 0 32
734 G 427047 556 498 707 425241 1 0 0 22 22
735 T 427006 620 424784 709 684 0 15 0 0 194
736 C 415684 522 507 414178 448 0 0 10 0 19
737 G 412720 662 450 483 411057 0 0 0 38 30
738 G 416755 577 417 476 415230 0 0 0 30 25
739 A 414099 413122 294 263 385 18 0 1 0 16
740 A 417771 416603 304 270 381 42 0 0 0 171
741 C 424423 325 344 423312 374 0 1 37 0 30
742 C 463725 342 305 462697 313 0 0 27 1 40
743 C 474411 363 365 473198 423 0 0 34 0 28
744 A 470783 469384 336 429 582 32 0 1 0 19
745 G 489986 702 704 518 487988 0 0 1 45 28
746 G 489973 611 538 506 488269 0 0 1 29 19
747 A 486313 484373 569 533 763 41 0 0 0 34
748 A 491653 488486 969 971 1151 45 0 0 0 31
749 A 467179 464226 938 852 1098 25 0 1 0 39
750 T 485673 1082 482364 970 1169 0 40 0 0 48
751 G 490963 404 398 278 489809 0 0 0 31 43
752 C 520290 323 493 519049 357 0 0 37 0 31
753 T 503156 416 501641 499 547 0 19 0 0 34
754 G 508625 511 447 591 507024 0 1 0 23 28
755 A 478433 476651 519 502 704 26 0 0 0 31
756 G 489510 483 397 503 488029 0 1 0 71 26
757 A 487229 486025 351 283 459 68 0 0 0 43
758 T 489331 291 488236 314 413 0 45 0 0 32
759 C 477183 342 408 475977 405 0 0 20 0 31
760 G 475478 217 75 90 475018 0 0 0 45 33
761 A 459178 458858 71 41 160 17 0 0 0 31
762 A 456662 456321 63 80 143 17 0 0 1 37
763 G 485874 369 405 440 484621 0 0 0 19 20
764 A 484378 482986 491 392 400 37 0 0 0 72
765 T 464117 386 462717 445 486 1 27 0 0 55
766 C 461870 662 947 459570 616 0 0 52 0 23
767 T 438780 602 436606 733 727 0 81 0 0 31
768 C 450389 714 675 448399 554 0 0 21 0 26
769 A 448304 446117 554 967 617 8 0 0 0 41
770 T 449095 523 447262 754 509 0 10 0 0 37
771 C 446003 468 531 444473 475 0 0 22 0 34
772 T 410673 743 408374 905 604 0 22 0 0 25
773 T 415181 673 412984 857 631 0 17 0 0 19
774 T 416641 745 414396 788 665 0 18 0 0 29
775 C 412236 599 626 410365 603 0 0 15 0 28
776 T 410300 633 408372 686 570 0 17 0 0 22
777 G 400078 589 486 624 398312 0 0 0 37 30
778 G 406006 421 291 348 404899 0 0 0 28 19
779 C 402421 321 389 401312 331 0 0 26 0 42
780 A 401458 400358 296 379 319 17 0 0 0 89
781 C 397727 229 441 396786 222 0 0 13 0 36
782 G 428564 271 225 338 427660 0 0 0 33 37
783 G 440547 246 191 312 439742 0 0 0 27 29
784 T 439406 420 437794 502 478 0 30 0 0 182
785 C 441621 539 400 440229 408 0 0 17 0 28
786 T 449583 502 447640 847 476 0 86 3 0 29
787 G 444937 1032 651 531 442660 0 0 0 39 24
788 C 456628 720 902 454255 698 0 0 32 0 21
789 A 442746 440505 481 607 783 44 0 0 0 326
790 C 439982 642 780 437749 725 1 0 49 0 36
791 T 387214 681 385110 634 733 0 30 0 0 26
792 C 407882 780 719 405620 665 1 1 40 0 56
793 A 411200 408101 916 1159 933 43 0 0 0 48
794 T 401817 955 398727 1100 964 0 46 1 0 24
795 A 392938 390087 820 911 919 8 0 0 0 193
796 T 408707 740 406282 722 879 1 56 0 0 27
797 T 411155 643 408637 902 884 0 36 0 0 53
798 G 443923 701 676 865 441606 0 0 0 35 40
799 A 430806 427765 625 1244 968 6 0 0 0 198
800 G 457265 761 702 1314 454405 0 0 0 29 54
801 A 422667 414680 598 1282 1188 16 0 0 0 4903
802 G 429935 333 308 436 428809 0 0 0 22 27
803 G 450979 285 252 380 450005 0 0 0 26 31
804 G 452725 256 247 488 451663 0 0 0 7 64
805 T 444289 286 442619 582 409 0 10 0 0 383
806 C 446303 379 371 445125 323 0 0 16 1 88
807 A 441789 440239 332 462 590 26 0 0 0 140
808 G 450339 424 362 547 448711 0 0 0 16 279
809 T 448855 412 447358 593 435 0 7 0 0 50
810 T 444959 431 443437 474 580 0 7 0 0 30
811 G 449106 500 454 509 447480 0 0 0 10 153
812 C 435380 398 509 433990 436 0 0 14 0 33
813 T 435011 359 432860 747 401 0 17 0 0 627
814 C 438582 1308 1289 434719 1219 0 0 19 0 28
815 A 436560 431954 1363 1611 1371 61 0 0 0 200
816 C 437817 1370 1287 429343 1339 1 1 59 0 4417
817 A 431018 426149 1946 1271 1598 18 0 0 0 36
818 A 431638 426865 2072 1235 1439 9 1 0 0 17
819 A 430793 426007 1832 1152 1688 3 0 0 0 111
820 T 426957 1241 422938 1477 1247 0 20 0 0 34
821 C 420687 1258 1484 416229 1026 0 0 12 0 678
822 T 406313 1352 402338 1405 1142 0 32 0 0 44
823 T 386054 1545 381133 1800 1525 0 18 0 0 33
824 G 385219 1477 1503 1669 380436 0 0 0 25 109
825 T 362182 1485 357281 1792 1519 0 41 1 1 62
826 C 358911 678 693 356919 534 0 0 45 1 41
827 T 296604 405 294631 759 696 0 16 0 0 97
828 G 294465 483 516 806 292288 0 0 1 14 357
829 C 286674 895 1011 283752 989 0 0 5 0 22
830 C 283115 743 700 280718 901 0 0 13 0 40
831 C 225606 563 626 223639 743 0 0 5 0 30
832 G 202017 609 435 573 200362 0 0 0 6 32
833 C 201932 567 531 200275 538 0 0 6 0 15
834 C 200400 530 511 198684 572 0 0 15 1 87
835 T 187204 317 185306 960 599 0 6 0 0 16
836 G 183861 481 450 532 182364 0 0 0 23 11
837 T 173398 379 171691 666 623 0 16 0 0 23
838 G 182429 286 543 330 181236 0 0 1 2 31
839 T 158591 366 157371 367 437 0 5 0 0 45
840 G 175355 411 406 312 174025 1 0 0 10 190
841 T 128991 472 127611 382 494 0 12 0 0 20
842 A 128265 126475 611 293 532 16 0 0 0 338
843 T 126332 612 123475 421 458 0 7 0 2 1357
844 G 123692 562 727 763 121612 0 1 0 12 15
845 G 140636 588 712 812 138081 0 0 0 12 431
846 A 136472 66612 641 755 1231 12 0 3 0 67218
847 C 140696 447 614 138775 823 0 0 4 1 32
848 C 139608 572 676 137434 909 0 0 13 0 4
849 T 133528 518 131227 888 867 0 14 0 0 14
850 G 250937 460 271 292 249781 0 0 0 31 102
851 C 254517 230 384 253594 296 0 0 9 0 4
852 C 255189 312 345 254178 320 0 0 11 0 23
853 G 255973 366 461 590 254532 0 0 0 3 21
854 T 273822 384 272368 641 359 0 44 0 1 25
855 A 282732 281376 267 666 377 18 0 0 0 28
856 G 297425 213 240 300 296641 0 0 0 18 13
857 C 298327 167 219 297750 139 0 0 18 0 34
858 C 312244 157 209 311631 215 0 0 10 0 22
859 A 376476 376255 65 43 52 19 0 0 0 42
860 G 384371 62 32 75 384160 0 0 0 33 9
861 T 384833 51 384609 65 36 0 22 0 0 50
862 G 427632 114 159 92 427193 0 0 0 49 25
863 G 428552 168 142 128 428095 0 0 0 9 10
864 C 435900 116 199 435300 215 0 0 34 0 36
865 T 435829 151 435113 336 164 0 41 0 0 24
866 A 439600 439030 167 113 211 31 0 0 0 48
867 C 439718 149 360 439013 163 0 0 7 0 26
868 G 476789 238 262 251 475982 0 0 0 19 37
869 A 479273 478479 152 215 270 31 0 0 0 126
870 C 484189 161 197 483624 171 0 0 12 0 24
871 T 483349 284 482318 385 297 0 34 0 0 31
872 T 486329 301 485278 385 328 0 29 0 0 8
873 C 486679 304 423 485579 286 0 1 60 0 26
874 G 490683 308 271 327 489699 0 0 0 59 19
875 A 492066 491110 242 280 412 5 0 0 0 17
876 A 492489 491612 223 273 333 13 0 0 0 35
877 A 492771 491975 241 268 258 8 0 0 0 21
878 A 493438 492595 290 211 291 33 0 0 0 18
879 A 493305 492007 261 273 715 17 0 0 0 32
880 G 496654 315 278 272 495747 0 0 0 15 27
881 A 489200 488108 257 323 424 8 0 0 0 80
882 G 486486 274 295 250 485622 0 1 0 32 12
883 G 484731 236 157 213 484011 0 0 0 100 14
884 G 481233 259 185 206 480494 0 0 0 64 25
885 A 468255 467591 180 161 199 7 0 0 0 117
886 T 464863 371 463697 329 379 0 16 0 0 71
887 A 424973 423363 338 278 416 20 0 0 0 558
888 C 424941 330 327 423879 346 0 0 18 0 41
889 T 382126 500 380361 593 593 0 36 0 0 43
890 C 389683 523 475 388062 590 0 0 19 0 14
891 T 402489 507 400626 652 631 0 19 0 0 54
892 T 395757 609 393640 689 776 0 29 0 0 14
893 T 396072 772 393814 736 703 0 20 0 0 27
894 A 399933 397605 677 696 892 34 0 0 0 29
895 G 412705 519 463 614 411040 0 0 0 47 22
896 T 394290 513 392062 620 746 0 35 0 0 314
897 G 386515 524 467 562 384917 0 0 0 19 26
898 G 389276 737 576 721 387166 0 0 1 33 42
899 G 375524 580 527 575 373783 0 0 1 29 29
900 A 457487 454942 644 797 1003 20 1 0 0 80
901 A 466362 463865 813 731 905 12 0 0 0 36
902 T 466641 857 464163 789 775 2 29 0 0 26
903 A 459852 457050 694 753 1230 100 0 0 0 25
904 G 469287 596 606 798 467238 0 0 0 20 29
905 A 473101 469942 538 859 1005 21 0 0 0 736
906 C 485655 515 517 483568 969 0 0 43 0 43
907 C 478196 436 544 476607 566 0 0 22 0 21
908 C 516979 595 510 515151 633 0 0 70 0 20
909 T 517637 482 515386 898 778 0 68 0 0 25
910 T 527730 708 525009 805 1158 0 28 0 1 21
911 T 503747 607 501285 854 948 0 12 0 0 41
912 C 506323 681 733 503897 945 0 2 42 0 23
913 A 504419 502326 513 598 945 12 0 0 0 25
914 A 507790 505689 592 683 762 42 0 0 0 22
915 A 514130 511909 509 856 726 54 0 0 0 76
916 C 515182 402 459 513705 589 0 0 18 0 9
917 T 504854 373 503163 583 667 0 12 0 0 56
918 G 512057 539 374 423 510639 0 0 0 32 50
919 C 516148 496 491 514382 745 0 0 22 0 12
920 T 517340 405 515488 568 815 0 36 0 0 28
921 T 516642 430 514802 524 829 0 25 0 0 32
922 C 522624 396 404 521397 387 0 0 26 0 14
923 A 520712 519336 379 418 494 40 0 0 0 45
924 A 521404 520091 390 293 595 19 0 0 0 16
925 A 521283 519198 518 532 998 15 1 0 1 20
926 A 520580 518276 536 579 1091 12 0 0 0 86
927 C 523508 521 664 521321 920 0 0 27 0 55
928 A 509512 507363 597 537 955 29 0 0 0 31
929 G 526826 608 652 614 524855 0 0 0 17 80
930 C 529923 495 675 527741 959 1 0 14 0 38
931 C 546939 629 666 544702 875 0 0 36 0 31
932 A 541122 538580 765 729 939 77 0 0 0 32
933 A 542705 540154 724 625 1092 73 0 1 2 34
934 G 606436 741 747 778 604104 0 0 1 35 30
935 T 618356 726 615537 803 1025 0 44 0 1 220
936 A 603512 600818 752 787 1104 22 0 0 0 29
937 T 592074 1129 588363 1059 1467 0 31 0 0 25
938 A 573609 569729 953 1105 1643 87 0 0 1 91
939 C 559986 940 1568 556101 1302 0 0 43 0 32
940 A 539078 535393 905 1110 1607 33 0 0 2 28
941 G 618929 891 964 1108 615809 0 0 0 99 58
942 C 626599 789 1020 623125 1527 0 0 104 0 34
943 C 545624 1430 1507 540699 1921 0 1 48 0 18
944 T 606126 1597 600213 1975 2164 0 102 1 3 71
945 A 630248 623935 2117 1703 2376 87 0 0 0 30
946 A 639295 636044 840 979 1367 14 0 0 0 51
947 T 636393 762 633223 1111 1208 1 16 0 0 72
948 C 574305 653 846 571754 978 0 0 43 2 29
949 A 522768 520155 661 716 1148 47 0 0 0 41
950 G 527569 635 670 605 525593 0 0 0 38 28
951 A 529715 527284 617 672 938 33 0 0 0 171
952 C 535430 659 694 532938 1092 0 1 20 0 26
953 C 525428 707 905 522652 1089 0 0 18 0 57
954 G 531347 899 942 787 528666 0 1 0 26 26
955 A 542056 538919 937 857 1304 20 0 0 1 18
956 A 556114 552712 907 1015 1391 20 0 0 2 67
957 C 552107 773 1053 549055 1171 0 0 27 0 28
958 G 551794 535 710 497 549962 0 0 0 42 48
959 A 564314 561787 692 648 1080 67 0 0 0 40
960 G 569327 666 735 633 567215 0 0 0 30 48
961 A 577849 575099 652 718 1314 26 1 1 0 38
962 A 597474 594671 740 759 1252 30 0 0 0 22
963 T 596310 580 593668 757 1226 0 24 0 0 55
964 C 593617 863 1002 590276 1424 0 0 35 1 16
965 C 596246 853 988 592711 1624 0 0 30 0 40
966 A 587910 583962 1085 984 1819 26 0 1 0 33
967 G 605055 1147 1129 1056 601644 1 0 0 52 26
968 C 597958 1009 1277 594294 1304 0 0 49 0 25
969 A 623590 620032 962 988 1440 34 0 0 0 134
970 C 646585 819 899 644237 579 0 0 25 0 26
971 A 627107 624022 961 966 969 61 0 2 1 125
972 C 637527 828 912 634902 840 0 0 17 0 28
973 A 633002 631588 308 313 659 79 0 0 0 55
974 A 637379 635847 412 369 613 99 0 0 0 39
975 G 643568 389 416 275 642297 0 0 0 72 119
976 A 601061 600615 92 81 195 41 0 0 0 37
977 G 606892 181 101 138 606406 0 0 0 34 32
978 T 538555 119 537644 179 127 0 62 0 0 424
979 C 561470 380 385 560372 250 0 0 38 0 45
980 A 533177 532029 180 195 728 15 0 0 0 30
981 G 535459 430 270 320 534389 0 0 0 24 26
982 C 536310 1319 1587 531545 1755 0 0 18 0 86
983 T 454636 1121 451098 1011 1341 0 39 0 1 25
984 G 490049 1128 826 1008 487032 0 0 0 39 16
985 G 498166 751 793 716 495837 0 1 0 39 29
986 T 493059 892 489730 782 1132 1 15 0 0 507
987 G 557849 995 848 863 555080 0 0 0 24 39
988 T 542222 952 538745 924 1324 0 73 1 0 203
989 G 542469 980 1057 986 539369 1 0 0 37 39
990 G 481771 776 749 891 479298 0 0 0 24 33
991 A 478150 474819 943 1121 1191 30 0 0 0 46
992 T 477356 971 474042 1026 1254 0 25 0 0 38
993 G 461478 984 920 1050 458420 0 1 0 62 41
994 G 468459 1016 849 874 465636 0 0 0 52 32
995 C 471405 789 945 468590 1003 0 0 24 0 54
996 A 486904 483878 815 1017 1130 15 0 1 0 48
997 T 506617 1117 502982 1353 1120 0 14 0 0 31
998 G 513215 1333 1332 1049 509428 1 1 1 40 30
999 C 521497 1025 1430 517652 1347 0 0 14 0 29
1000 A 518705 516278 859 708 786 34 0 0 0 40
1001 A 526138 524059 784 683 529 53 0 0 0 30
1002 T 527619 699 525500 623 708 0 68 0 1 20
1003 T 505141 1061 502150 874 955 0 41 1 0 59
1004 C 500022 970 904 497044 1038 0 0 27 0 39
1005 T 469524 813 466606 821 1222 0 28 0 0 34
1006 G 476076 767 477 465 474327 0 0 0 9 31
1007 C 490428 617 629 488465 668 0 0 29 0 20
1008 T 460774 515 458788 636 735 0 42 0 0 58
1009 G 467013 671 501 508 465270 0 0 0 28 35
1010 C 441945 551 611 439997 746 0 0 22 0 18
1011 A 439077 437425 600 328 674 17 0 0 1 32
1012 T 453777 336 452400 387 600 0 33 0 0 21
1013 T 451952 323 450533 366 661 0 32 0 0 37
1014 T 452475 237 450971 515 705 0 31 0 0 16
1015 G 452285 295 302 285 451347 0 0 0 16 40
1016 A 443951 442564 315 323 682 17 0 0 0 50
1017 A 444296 442887 301 332 707 53 0 0 0 16
1018 G 436625 385 427 511 435220 0 0 0 58 24
1019 A 454899 453376 433 465 560 36 0 0 0 29
1020 T 457892 439 456375 534 475 0 24 0 0 45
1021 C 450043 218 147 449402 221 0 0 39 0 16
1022 T 451574 199 450632 440 250 1 24 0 0 28
1023 A 440334 439421 262 230 341 65 1 0 0 14
1024 A 441203 439387 461 524 795 16 0 0 0 20
1025 G 445493 488 510 455 443991 0 0 0 18 31
1026 A 434333 432539 508 505 706 34 0 0 0 41
1027 G 465002 268 235 249 464156 0 0 0 73 21
1028 T 394310 226 392639 221 296 0 31 0 0 897
1029 A 389945 389143 225 190 341 29 1 0 0 16
1030 T 382001 316 380726 372 549 0 20 0 0 18
1031 T 377940 300 376669 390 500 1 61 0 0 19
1032 A 388376 386972 466 448 416 43 0 0 0 31
1033 A 349512 347805 420 495 734 40 0 0 0 18
1034 G 341043 410 460 493 339645 0 0 0 15 20
1035 C 341609 419 469 340022 644 0 0 28 0 27
1036 T 303106 233 301974 361 515 0 4 0 0 19
1037 T 351854 375 350454 412 549 0 27 0 1 36
1038 C 355897 403 377 354585 486 0 0 17 0 29
1039 A 364990 363833 342 332 441 21 0 0 0 21
1040 T 365319 342 364120 355 463 0 6 0 0 33
1041 C 365154 302 338 364001 441 0 0 45 2 25
1042 A 362684 361443 323 327 548 17 0 0 0 26
1043 G 348979 283 350 339 347969 0 0 0 20 18
1044 A 350029 348811 261 382 531 8 0 0 0 36
1045 G 342696 229 280 212 341943 0 0 0 16 16
1046 G 363061 297 283 241 362194 0 0 0 23 23
1047 G 427556 319 302 383 426476 0 0 0 29 47
1048 A 427762 426074 374 500 636 13 0 0 0 165
1049 C 434354 323 388 433002 612 0 0 9 1 19
1050 C 422281 322 394 421023 502 0 0 23 0 17
1051 A 429722 428742 242 298 344 75 0 0 0 21
1052 A 460389 459418 268 255 356 72 0 0 0 20
1053 A 462466 461325 276 311 489 32 0 0 0 33
1054 G 470547 409 343 343 469397 0 0 0 26 29
1055 T 462243 386 460915 349 351 0 17 0 0 225
1056 A 464176 462999 321 323 444 46 0 0 0 43
1057 T 469164 230 468272 409 139 0 32 0 0 82
1058 C 470542 182 350 469748 203 0 0 33 0 26
1059 C 467548 228 306 466750 210 0 0 26 0 28
1060 C 461598 669 577 459536 738 1 1 54 0 22
1061 C 437338 675 495 435408 670 1 1 53 0 35
1062 A 435617 433774 603 551 606 59 0 0 0 24
1063 A 428750 428337 84 31 263 20 0 0 0 15
1064 G 434978 118 150 32 434659 0 0 0 8 11
1065 G 424750 64 98 52 424499 0 0 0 9 28
1066 G 421376 148 161 93 420895 0 0 0 22 57
1067 G 397559 168 124 124 397106 0 0 0 16 21
1068 G 378469 224 122 95 377988 0 0 0 17 23
1069 A 375209 374515 181 128 359 10 0 0 0 16
1070 A 389048 388396 157 175 273 29 0 0 0 18
1071 A 391026 390191 188 254 290 29 0 0 0 74
1072 C 400675 336 281 399706 321 0 0 20 0 11
1073 T 383800 213 382817 356 368 0 12 1 1 32
1074 T 384870 226 383991 253 374 0 7 0 0 19
1075 T 394414 392 393196 365 407 0 15 0 0 39
1076 C 370385 300 336 369439 254 0 0 33 0 23
1077 C 392933 306 318 391948 326 0 0 18 0 17
1078 A 428975 427447 474 366 555 16 0 0 0 117
1079 C 441302 399 525 439837 493 0 0 30 0 18
1080 T 442090 428 440744 398 441 0 56 1 0 22
1081 A 427330 424921 746 675 880 74 0 1 0 33
1082 G 435925 639 758 670 433815 0 0 1 21 21
1083 A 438509 436114 751 643 924 25 0 2 0 50
1084 G 443686 334 373 444 442485 0 0 0 35 15
1085 G 464891 320 347 522 463602 0 0 0 56 44
1086 A 406978 405405 357 352 744 57 0 0 0 63
1087 G 458378 306 348 335 457316 0 0 0 38 35
1088 T 452731 283 450615 369 580 0 26 0 0 858
1089 A 454780 453412 397 261 592 42 0 0 0 76
1090 C 461581 437 531 459978 575 0 0 33 0 27
1091 A 443305 441658 512 414 633 69 0 0 0 19
1092 A 443455 441819 550 408 613 52 0 0 0 13
1093 A 494023 492330 527 412 655 57 0 0 0 42
1094 T 483630 416 482028 472 673 0 15 0 0 26
1095 T 464196 367 462695 446 623 0 23 0 1 41
1096 G 415810 401 357 303 414714 0 1 0 10 24
1097 C 410403 301 352 409265 431 0 0 30 0 24
1098 T 409769 289 408632 360 444 0 20 0 0 24
1099 T 409278 408 407749 410 648 0 20 0 1 42
1100 C 407751 394 467 406195 652 1 1 17 1 23
1101 A 401737 400206 488 351 645 26 0 0 0 21
1102 A 408859 407476 378 387 581 19 0 0 0 18
1103 A 411930 410534 442 411 520 5 0 0 0 18
1104 T 414798 395 413377 471 507 0 12 0 0 36
1105 G 411790 390 392 314 410649 0 0 0 33 12
1106 A 408305 406969 404 404 471 25 0 0 0 32
1107 A 413999 412636 421 373 509 26 1 0 0 33
1108 A 415579 414617 283 280 334 41 0 0 0 24
1109 A 417592 416593 316 202 420 14 0 0 0 47
1110 C 435715 214 310 434766 374 0 0 36 0 15
1111 A 432306 430998 403 350 498 27 0 0 0 30
1112 T 449933 480 448330 481 563 0 20 0 0 59
1113 G 434978 487 396 392 433671 1 0 0 16 15
1114 G 432602 281 308 292 431669 0 0 0 35 17
1115 A 445157 444038 329 288 442 18 0 0 0 42
1116 T 440527 282 439411 369 403 0 20 0 0 42
1117 G 445042 457 484 289 443758 0 0 0 28 26
1118 C 502212 453 452 500645 561 1 1 53 0 46
1119 T 484188 465 482588 600 468 0 41 0 0 26
1120 A 485741 483861 454 503 831 47 0 0 0 45
1121 T 467809 456 466020 558 703 0 42 0 0 30
1122 G 477177 406 482 541 475623 0 0 0 81 44
1123 G 478989 441 400 484 477621 0 0 0 22 21
1124 A 453530 451891 531 486 555 28 0 0 0 39
1125 A 455245 453652 314 456 769 15 0 0 0 39
1126 T 409682 514 407824 501 753 0 56 0 0 34
1127 C 381532 522 598 379530 801 0 0 58 1 22
1128 A 374253 372335 602 352 928 9 0 0 0 27
1129 A 370607 368646 519 571 821 20 0 0 0 30
1130 G 373934 503 431 526 372439 1 0 0 13 21
1131 T 353866 456 352018 558 683 0 23 1 1 126
1132 A 347553 345294 342 322 676 23 0 0 0 896
1133 C 378206 366 332 376826 636 0 0 28 0 18
1134 T 361601 334 360257 452 495 0 13 0 0 50
1135 C 372965 378 398 371606 535 0 0 19 0 29
1136 T 332496 316 331272 433 437 0 15 0 0 23
1137 T 334501 254 333283 422 460 0 39 0 0 43
1138 G 338024 336 306 292 337072 0 0 0 9 9
1139 A 348410 347113 342 369 544 17 0 0 0 25
1140 A 351284 350046 310 392 478 6 0 0 0 52
1141 C 353291 283 347 352192 429 0 0 27 0 13
1142 T 339117 333 337871 463 404 0 27 0 0 19
1143 G 351727 333 315 316 350710 0 0 0 41 12
1144 A 358379 356434 560 539 794 25 0 0 0 27
1145 G 364431 586 647 596 362575 0 0 0 14 13
1146 A 363219 361284 570 609 714 18 0 0 0 24
1147 A 403677 401119 793 632 1055 39 0 0 0 39
1148 G 412395 851 730 743 410022 0 0 0 30 19
1149 C 444032 845 1118 440754 1239 0 0 39 0 37
1150 A 440644 437405 874 738 1574 22 0 0 0 31
1151 G 444258 811 860 621 441875 0 0 0 69 22
1152 G 509700 822 796 703 507289 0 0 0 60 30
1153 T 508445 803 505275 697 1063 0 31 0 0 576
1154 A 512866 510007 840 761 1127 27 0 0 0 104
1155 C 527276 743 836 524381 1263 0 0 31 0 22
1156 T 494457 897 491249 915 1270 1 83 0 0 42
1157 G 509239 909 785 766 506727 0 0 0 26 26
1158 G 517391 733 638 751 515200 0 0 0 32 37
1159 G 506821 753 298 861 504836 0 0 0 31 42
1160 C 541224 630 702 538854 948 0 0 37 0 53
1161 C 489559 725 771 487098 877 0 1 57 1 29
1162 A 506540 503380 1093 1015 940 61 0 0 1 50
1163 T 507369 1045 504303 870 1099 0 26 0 0 26
1164 A 502116 498999 1028 534 1508 26 0 0 0 21
1165 A 520839 517569 1089 769 1392 11 0 0 0 9
1166 G 514046 1058 1233 836 510812 0 0 1 67 39
1167 A 497910 495347 1231 660 585 58 0 0 0 29
1168 A 496353 492554 1255 1092 1265 15 0 0 0 172
1169 C 496732 1012 1325 493068 1289 0 0 23 0 15
1170 C 522124 1153 1263 518239 1419 0 0 22 0 28
1171 A 507499 502909 1488 1279 1732 36 0 0 0 55
1172 G 519628 1285 1575 1096 515641 0 0 1 11 19
1173 A 520201 516258 772 1466 1667 15 0 0 0 23
1174 A 513562 510062 1103 1105 1237 28 0 0 1 26
1175 G 527822 1047 943 1056 524728 0 0 0 33 15
1176 T 499945 1178 495820 1118 1142 0 38 0 0 649
1177 G 502745 468 445 436 501343 0 0 0 29 24
1178 G 510205 428 488 426 508801 0 0 0 29 33
1179 A 509785 507863 433 493 897 38 0 0 0 61
1180 G 521055 615 634 477 519267 0 0 0 44 18
1181 G 521256 616 624 502 519436 0 0 0 35 43
1182 A 493549 491731 593 497 655 21 0 0 0 52
1183 A 493203 489581 1023 1079 1472 21 0 0 1 26
1184 A 492020 488512 1064 973 1364 31 1 1 0 74
1185 C 502566 967 1186 498959 1367 0 0 69 1 17
1186 A 501386 496837 1340 1287 1597 35 2 0 1 287
1187 C 525555 1271 1228 521312 1704 0 0 27 0 13
1188 T 509839 1230 505611 1345 1588 0 33 0 0 32
1189 A 543760 540393 1115 867 1319 30 0 0 1 35
1190 A 563844 560092 1178 972 1540 27 0 0 0 35
1191 T 561262 1027 557625 1036 1418 0 82 0 2 72
1192 C 565056 1036 1199 561502 1256 0 0 35 0 28
1193 A 543397 539666 894 1224 1517 55 1 2 0 38
1194 A 548274 544753 1237 1247 955 28 0 1 0 53
1195 C 557375 916 1100 553446 1817 0 0 57 0 39
1196 A 488874 484934 1004 1143 1718 45 0 0 1 29
1197 G 483152 801 1047 1032 480226 0 0 0 22 24
1198 A 441756 439215 589 610 1296 23 0 0 0 23
1199 G 449377 575 749 557 447416 0 0 0 37 43
1200 G 469780 498 576 620 468017 1 0 0 35 33
1201 G 416050 452 367 596 414587 0 0 0 25 23
1202 C 423470 429 620 421632 738 0 0 21 0 30
1203 C 428313 415 549 426472 819 0 0 25 0 33
1204 T 425459 522 422837 837 1158 0 59 0 0 46
1205 C 448334 574 621 445968 1097 0 0 50 1 23
1206 T 436282 575 433762 922 945 0 30 0 0 48
1207 G 439581 831 899 864 436938 0 0 0 15 34
1208 C 435485 765 1067 432425 1165 0 1 24 0 38
1209 A 415646 412627 587 967 1396 36 0 1 0 32
1210 G 444517 635 819 465 442527 0 0 0 36 35
1211 G 442727 582 846 758 440492 0 0 0 17 32
1212 T 446700 493 443646 1005 1194 1 15 0 0 346
1213 C 447133 600 389 445656 433 0 0 21 0 34
1214 A 430897 429071 623 870 253 56 0 0 0 24
1215 A 457710 455742 679 611 621 29 0 0 0 28
1216 A 447781 446904 297 303 238 17 0 0 0 22
1217 T 450647 279 449719 391 186 1 27 0 0 44
1218 C 448336 290 325 447422 224 0 1 47 0 27
1219 A 417665 416795 194 160 421 24 0 0 0 71
1220 G 446604 183 235 130 445984 0 0 0 55 17
1221 T 431666 191 431009 195 97 0 33 0 0 141
1222 G 435953 168 128 96 435492 0 1 0 41 27
1223 T 429428 143 428707 212 207 0 22 0 0 137
1224 G 417203 398 139 99 416514 0 0 0 26 27
1225 C 428472 683 1337 425136 1238 1 0 52 0 25
1226 A 424572 421570 849 868 1230 25 0 1 1 28
1227 A 435258 431971 910 882 1299 21 1 0 0 174
1228 C 436347 428 622 434317 940 0 0 20 0 20
1229 C 430889 597 505 428797 906 0 2 50 0 32
1230 T 398560 480 396022 945 1039 0 36 0 0 38
1231 G 413695 893 500 623 411635 0 0 0 20 24
1232 C 443640 558 774 441306 952 0 0 12 0 38
1233 A 436652 434476 581 621 888 42 0 0 0 44
1234 T 445750 813 442900 477 1478 0 55 0 0 27
1235 T 443170 570 440321 718 1517 0 24 1 0 19
1236 T 425557 622 422908 612 1375 0 17 0 0 23
1237 T 429184 815 426149 831 1350 0 7 0 0 32
1238 C 407963 841 858 405096 1134 0 0 27 0 7
1239 T 380939 870 378085 820 1099 0 37 0 1 27
1240 G 406985 731 667 822 404713 0 0 0 30 22
1241 T 398068 703 395019 915 1334 0 21 0 0 76
1242 G 408076 777 790 784 405674 0 0 0 29 22
1243 C 414544 492 767 411948 1275 0 0 33 0 29
1244 A 407517 404730 781 687 1238 44 0 1 1 35
1245 A 417134 414425 859 509 1308 17 0 0 0 16
1246 A 415078 412379 752 686 1227 23 0 0 0 11
1247 G 429549 653 843 709 427292 0 0 0 36 16
1248 A 424791 422219 869 621 1039 19 0 0 0 24
1249 A 389839 388094 516 497 680 27 1 0 0 24
1250 A 403628 401153 539 522 701 14 0 1 0 698
1251 C 406124 480 541 404369 674 2 1 30 0 27
1252 C 422609 506 633 420493 936 0 0 14 1 26
1253 T 423043 545 420666 739 993 0 37 0 0 63
1254 C 417249 489 546 415320 832 0 0 35 0 27
1255 C 439727 843 820 436765 1238 0 0 46 0 15
1256 C 430045 1028 770 427075 1122 0 1 26 0 23
1257 A 434388 431428 945 688 1287 24 0 0 0 16
1258 T 437079 865 433687 912 1555 0 22 0 0 38
1259 T 413753 790 410708 867 1331 1 24 0 1 31
1260 T 417234 780 413912 1064 1444 0 12 0 0 22
1261 G 415577 727 824 652 413322 0 0 0 18 34
1262 A 422812 420162 862 728 974 27 0 0 0 59
1263 C 421311 704 828 418904 825 0 1 24 0 25
1264 A 400291 397843 703 548 1134 49 0 0 1 13
1265 A 414807 412355 663 618 1111 44 0 1 0 15
1266 A 419351 416856 800 599 986 27 0 0 0 83
1267 C 440173 892 820 436745 1665 0 0 32 0 19
1268 C 435176 838 927 431479 1865 0 0 24 1 42
1269 A 401430 398177 940 891 1382 15 0 1 0 24
1270 A 418254 414602 901 1026 1562 16 0 0 1 146
1271 C 415235 850 1005 411927 1395 0 0 37 0 21
1272 C 440965 802 1172 437592 1364 0 0 15 0 20
1273 A 436609 433584 841 839 1265 50 0 0 0 30
1274 T 440631 828 437661 947 1092 0 34 0 1 68
1275 C 440493 797 877 437616 1169 0 0 15 0 19
1276 A 423342 420457 807 928 1084 40 1 0 0 25
1277 T 432910 710 430083 957 1085 0 31 0 0 44
1278 G 419089 668 764 843 416760 0 0 0 27 27
1279 G 417410 707 606 742 415294 0 0 0 21 40
1280 C 391217 651 705 388823 992 0 0 24 0 22
1281 A 371895 369452 584 730 1055 33 1 1 0 39
1282 G 383825 823 711 692 381553 0 0 0 22 24
1283 C 375724 645 768 373227 1045 0 1 20 0 18
1284 A 371561 369123 676 659 1033 37 0 0 0 33
1285 T 373375 749 370688 784 1095 0 37 0 0 22
1286 T 364234 839 361514 712 1118 0 17 0 0 34
1287 C 369086 787 1033 366104 1109 0 0 25 0 28
1288 A 364080 362159 593 337 852 29 1 0 0 109
1289 C 351894 439 544 350217 645 1 1 29 1 17
1290 T 352324 457 350424 673 725 0 18 0 0 27
1291 G 376142 565 788 992 373734 0 0 0 26 37
1292 G 384911 1189 601 485 382592 0 0 0 24 20
1293 G 396340 678 634 1204 393777 1 0 1 14 31
1294 A 387235 383901 971 890 1410 15 0 0 0 48
1295 A 397936 394587 1024 914 1373 15 0 3 0 20
1296 T 380068 774 377149 947 1139 0 30 0 0 29
1297 A 410494 408150 811 669 742 38 1 0 0 83
1298 C 445350 704 1012 442692 873 0 0 31 0 38
1299 A 433784 431009 694 720 1278 40 0 0 0 43
1300 G 439987 863 812 659 437589 0 0 0 42 22
1301 A 424231 420497 910 814 1896 38 0 0 0 76
1302 G 453770 839 715 687 451484 0 0 0 26 19
1303 G 447282 754 692 661 445122 0 1 0 29 23
1304 G 448450 825 792 589 446181 0 0 0 38 25
1305 A 447576 444076 770 721 1932 43 0 0 0 34
1306 A 440825 436537 968 912 2302 79 0 1 0 26
1307 G 451136 1162 1142 915 447862 0 0 0 25 30
1308 A 449153 444993 1057 917 2131 19 0 0 0 36
1309 A 464253 460469 1049 939 1716 11 0 0 0 69
1310 C 494175 1198 911 490129 1871 0 0 27 0 39
1311 A 475978 472136 922 803 2023 38 0 1 1 54
1312 T 483683 769 480473 698 1626 0 61 0 0 56
1313 C 472331 890 782 469142 1446 0 0 45 0 26
1314 A 467551 464214 780 687 1776 40 0 0 0 54
1315 G 475479 465 480 462 474007 0 0 0 40 25
1316 A 461200 459204 425 428 1002 43 0 0 1 97
1317 C 466084 456 452 464284 853 0 0 15 0 24
1318 A 457755 455181 690 671 1167 16 0 0 0 30
1319 T 438550 626 435952 805 1112 0 20 0 2 33
1320 G 445736 647 675 689 443666 0 0 0 13 46
1321 A 428187 426886 302 256 700 15 0 0 0 28
1322 G 434344 335 375 227 433371 0 0 0 22 14
1323 G 437165 271 300 217 436325 0 0 0 24 28
1324 G 429516 613 486 490 427850 0 0 0 57 20
1325 C 429664 554 659 427454 897 0 0 54 0 46
1326 A 422302 420006 595 533 1095 33 0 0 0 40
1327 G 433784 512 437 370 432389 0 0 0 23 53
1328 A 434663 432883 464 379 892 20 1 0 0 24
1329 A 442034 440283 551 336 819 20 2 0 0 23
1330 A 456615 452911 988 823 1821 28 0 0 0 44
1331 T 459349 965 455793 735 1802 0 33 1 1 19
1332 T 480474 1027 476593 921 1887 0 16 0 0 30
1333 A 486081 481780 1332 1042 1860 26 1 0 1 39
1334 T 481311 1421 477010 999 1807 0 49 1 1 23
1335 A 480992 476648 1300 1034 1890 96 0 0 0 24
1336 A 464328 457763 1889 1845 2780 27 1 1 0 22
1337 G 492284 1627 1957 1634 486995 0 0 1 40 30
1338 G 505277 1651 1697 1539 500311 0 0 1 42 36
1339 A 520785 516537 1164 1050 1923 22 0 0 0 89
1340 T 459995 988 456129 1012 1802 0 19 0 0 45
1341 G 458808 985 1055 942 455753 0 0 0 49 24
1342 A 446041 443877 534 515 1026 61 0 0 0 28
1343 T 449907 587 447841 531 872 0 41 0 0 35
1344 G 441867 585 574 408 440250 0 0 0 30 20
1345 G 448379 560 427 436 446891 0 0 0 46 19
1346 A 422023 420252 370 424 876 57 0 0 0 44
1347 A 426641 424758 395 513 892 46 0 0 0 37
1348 G 431037 600 493 395 429503 0 0 0 21 25
1349 G 479199 413 404 412 477897 0 0 0 31 42
1350 T 463939 383 461377 518 968 0 6 0 1 686
1351 G 454062 1177 634 501 451704 0 0 0 10 36
1352 C 453856 469 1111 451147 1106 0 0 6 0 17
1353 A 445355 443062 581 666 979 48 1 0 1 17
1354 A 445596 444041 399 418 673 41 0 0 0 24
1355 A 450865 449300 428 472 640 14 0 0 0 11
1356 A 458217 456423 406 568 659 16 0 0 0 145
1357 C 463572 264 283 462494 486 0 0 16 0 29
1358 C 442748 331 258 441678 452 0 0 11 0 18
1359 A 423498 422423 336 246 469 10 0 0 1 13
1360 G 433781 289 351 282 432813 0 0 0 31 15
1361 A 428971 427813 322 266 500 22 0 1 0 47
1362 A 439812 438617 356 331 438 40 1 0 0 29
1363 G 448460 1048 1185 921 445261 0 0 0 33 12
1364 A 440561 437105 1142 935 1306 46 0 0 0 27
1365 A 435820 432578 1108 832 1264 17 0 0 0 21
1366 A 435540 432965 941 653 942 15 0 0 0 24
1367 T 435781 763 433358 660 955 1 25 0 1 18
1368 G 439539 774 889 562 437256 0 0 0 14 44
1369 T 426568 1040 423318 1028 1115 0 5 0 0 62
1370 C 430459 1233 1134 426927 1101 0 1 36 0 27
1371 C 422573 983 1236 419140 1135 0 1 58 0 20
1372 T 422020 944 418356 753 1914 1 28 0 0 24
1373 T 424331 1066 420552 901 1750 0 16 0 1 45
1374 C 425909 1158 1076 421990 1643 0 0 28 0 14
1375 C 422400 994 608 419103 1667 0 0 20 0 8
1376 A 410251 405748 1214 929 2261 50 0 0 1 48
1377 G 410376 815 1143 978 407404 0 0 0 23 13
1378 G 406368 787 874 787 403870 1 0 0 26 23
1379 G 405729 924 1171 765 402821 0 0 0 20 28
1380 G 381683 814 937 906 378981 0 0 0 29 16
1381 C 339441 573 900 336081 1838 0 0 29 1 19
1382 G 334459 883 855 1295 331379 0 0 0 30 17
1383 G 345992 753 831 914 343432 0 0 2 46 14
1384 G 345683 766 1166 1384 342307 0 1 2 11 46
1385 G 352553 1161 1011 1485 348801 0 0 0 8 87
1386 A 323272 300097 1094 1186 1914 9 0 0 0 18972
1387 G 329690 821 890 935 326934 0 0 0 41 69
1388 T 313003 694 298168 939 1050 0 11 0 0 12141
1389 C 322842 852 812 320012 993 0 0 24 0 149
1390 T 312435 1465 307755 1039 2062 0 19 0 0 95
1391 T 312876 1469 308493 1280 1567 0 45 1 1 20
1392 C 312875 1021 1884 307536 1937 0 2 16 1 478
1393 G 359046 1198 1720 990 354678 0 0 1 31 428
1394 A 354323 350073 1353 1003 1437 10 0 1 0 446
1395 G 363317 1018 1330 933 359955 0 1 0 22 58
1396 C 338759 875 1248 335153 1360 0 0 14 0 109
1397 T 331776 968 328254 918 1285 0 13 0 1 337
1398 C 324906 786 1154 321755 1147 0 0 18 0 46
1399 T 322798 726 320906 613 455 0 16 1 0 81
1400 C 326467 614 878 324141 804 1 0 8 0 21
1401 G 328663 568 665 509 326889 0 0 0 11 21
1402 G 361642 600 763 302 359936 0 0 0 30 11
1403 A 389334 386418 675 709 1164 12 0 0 0 356
1404 C 406380 696 940 403715 962 1 0 17 0 49
1405 G 429131 1297 1424 1007 425342 1 0 0 10 50
1406 A 464588 460551 1498 1147 1312 39 0 0 0 41
1407 A 462303 458311 1518 1420 983 45 1 1 0 24
1408 A 468068 463365 1262 1344 1997 76 0 0 0 24
1409 G 484350 1221 1688 1277 479952 0 1 0 13 198
1410 G 487419 1287 1465 1148 483437 1 1 0 49 31
1411 G 475756 1113 1042 1573 471981 0 0 0 9 38
1412 C 480881 1034 1256 476767 1709 1 1 33 0 80
1413 A 476008 471211 1123 1213 2373 33 0 0 2 53
1414 G 485496 469 494 355 484135 0 0 0 23 20
1415 C 474842 309 779 473433 269 0 0 18 0 34
1416 G 513265 577 410 665 511553 0 0 0 28 32
1417 A 516991 515582 349 547 451 42 0 0 0 20
1418 A 520638 519240 301 431 469 57 0 0 0 140
1419 C 524115 397 433 522768 456 0 0 30 0 31
1420 C 520393 456 457 518388 957 0 0 102 1 32
1421 C 507585 501 510 505480 995 0 0 59 0 40
1422 G 505753 595 495 417 504148 1 0 0 40 57
1423 A 506754 503773 898 610 1407 21 1 0 0 44
1424 T 507297 958 504388 578 1323 0 19 0 0 31
1425 C 487684 1041 1119 484208 1272 0 1 8 0 35
1426 G 476773 976 859 743 474160 0 0 0 8 27
1427 T 458994 704 455903 716 1518 0 21 0 0 132
1428 G 441448 943 686 625 439138 0 1 0 16 39
1429 C 439794 576 738 437650 780 0 0 25 0 25
1430 C 441034 688 750 438841 709 0 0 28 0 18
1431 C 439121 627 845 436850 739 0 0 30 0 30
1432 T 421991 537 419675 770 965 0 16 0 1 27
1433 C 454997 597 713 452624 1025 0 0 9 0 29
1434 T 447214 608 444601 990 976 1 9 0 0 29
1435 T 501939 574 499882 450 941 0 29 0 0 63
1436 T 456775 442 455051 450 782 0 23 0 0 27
1437 T 460201 536 458080 656 817 0 76 0 0 36
1438 G 456436 431 308 317 455342 0 0 0 16 22
1439 A 451291 449821 308 452 618 51 0 0 0 41
1440 C 464968 402 407 463614 483 0 0 30 0 32
1441 A 460330 458324 581 540 833 35 0 0 0 17
1442 T 399612 516 397769 502 777 0 27 0 1 20
1443 G 491679 596 639 544 489817 0 0 0 45 38
1444 A 485942 483309 523 436 1591 28 0 0 0 55
1445 G 552386 589 586 461 550666 0 0 0 52 32
1446 T 556699 508 554081 554 1229 1 18 0 2 306
1447 A 540550 539518 310 184 443 81 0 0 0 14
1448 A 548327 547306 248 198 538 22 0 0 0 15
1449 T 548337 275 547199 260 453 0 122 0 0 28
1450 G 549882 290 408 355 548697 0 0 0 90 42
1451 A 528722 527465 302 287 592 42 0 0 0 34
1452 A 489652 488420 309 297 536 36 0 0 1 53
1453 G 489516 321 445 307 488403 0 0 0 27 13
1454 G 448653 319 403 273 447623 0 0 0 16 19
1455 A 446057 444945 315 222 517 20 0 0 0 38
1456 T 454679 218 453649 335 415 0 22 0 0 40
1457 C 450943 281 309 449894 394 0 0 41 0 24
1458 T 443390 280 442376 332 340 0 40 0 0 22
1459 T 446995 270 445887 412 385 0 20 0 0 21
1460 A 447541 446488 370 200 419 38 0 0 0 26
1461 T 447519 259 446561 253 415 0 9 0 0 22
1462 T 445202 292 444229 263 347 0 8 0 0 63
1463 T 441476 343 440510 287 310 0 8 0 0 18
1464 C 440570 302 346 439465 381 1 0 11 0 64
1465 T 423097 220 422192 303 354 0 12 0 0 16
1466 T 420523 245 419621 243 334 1 55 0 0 24
1467 C 418624 288 218 417695 360 0 0 52 0 11
1468 G 414942 391 333 294 413891 0 0 1 16 16
1469 G 418675 340 420 299 417579 0 0 0 15 22
1470 A 419900 418648 320 341 542 7 0 0 0 42
1471 G 428738 420 432 236 427608 0 0 0 11 31
1472 A 428190 426748 483 297 577 8 0 0 0 77
1473 C 438631 392 454 437200 531 0 0 28 0 26
1474 A 427031 425985 361 224 384 26 0 0 0 51
1475 A 475719 474535 316 197 609 42 0 0 0 20
1476 T 492060 397 490826 266 482 0 43 0 0 46
1477 G 527782 648 385 428 526240 0 0 0 53 28
1478 C 542716 462 779 540812 598 0 0 38 0 27
1479 A 524584 522585 563 387 891 112 1 0 2 43
1480 G 531123 570 720 692 529108 0 0 0 12 21
1481 A 554239 551087 721 709 1603 39 0 0 2 78
1482 G 493579 731 632 576 491588 0 1 0 26 25
1483 G 523533 546 468 576 521881 0 0 0 39 23
1484 A 442660 440354 446 479 1304 31 0 0 0 46
1485 G 453792 506 440 436 452359 0 0 0 35 16
1486 T 437012 407 434768 463 708 0 43 0 0 623
1487 A 431716 429889 402 408 885 71 0 0 0 61
1488 C 433948 418 515 432260 709 0 0 16 0 30
1489 G 415868 800 843 774 413392 1 0 0 36 22
1490 A 416254 412790 842 830 1716 24 0 0 0 52
1491 C 405192 690 694 402184 1529 0 0 54 1 40
1492 A 341243 331607 2672 2860 4047 37 0 1 0 19
1493 A 341947 332264 2922 2446 4274 24 0 1 0 16
1494 T 320987 2359 313201 1942 3448 0 4 0 0 33