# amino-acid counts among definitively called codons
# POSITION TOTAL_COUNTS WT N_A N_C N_D N_E N_F N_G N_H N_I N_K N_L N_M N_N N_P N_Q N_R N_S N_T N_V N_W N_Y N_STOP
1 641011 M 0 0 0 0 0 1 4 184 58 46 640466 0 0 0 10 1 91 146 4 0 0
2 607543 A 607148 0 1 60 0 35 0 0 1 0 0 0 18 0 4 43 43 190 0 0 0
3 636645 S 5 18 0 0 65 0 0 0 0 0 0 0 129 0 0 636338 35 9 0 45 1
4 639324 Q 0 0 0 18 1 0 47 1 91 42 0 0 24 638874 148 3 2 0 0 0 73
5 582446 G 20 95 91 1 0 582065 1 0 0 0 0 0 0 0 12 129 0 32 0 0 0
6 517538 T 78 1 0 1 0 0 2 50 0 2 0 29 16 1 0 38 517318 0 0 2 0
7 516626 K 1 0 0 50 0 1 0 17 516410 0 0 58 3 7 53 1 4 0 0 0 21
8 453076 R 0 0 0 0 0 19 0 0 0 40 0 0 10 68 452814 0 7 1 117 0 0
9 468661 S 8 15 0 1 33 1 0 0 0 1 0 0 63 1 1 468452 33 4 0 48 0
10 511439 Y 1 82 5 0 16 1 155 0 0 12 7 11 0 0 1 10 0 0 0 511050 88
11 459851 E 2 2 37 459518 0 86 2 0 112 0 2 7 1 21 1 1 0 24 1 0 34
12 428957 Q 1 0 0 20 0 0 63 0 51 40 1 3 4 428615 79 1 0 0 6 0 73
13 527976 M 0 0 11 1 0 2 1 160 46 53 527558 0 0 0 10 0 62 71 1 0 0
14 519219 E 4 0 22 518904 0 124 0 0 60 2 0 0 1 22 2 1 4 22 0 0 51
15 487981 T 78 0 0 0 0 1 0 28 0 6 0 42 10 1 0 41 487773 1 0 0 0
16 550602 D 3 1 550242 53 0 105 21 2 1 1 3 59 0 0 0 0 0 39 1 61 10
17 544578 G 24 0 1 58 0 544286 0 0 1 2 1 0 1 0 93 0 0 49 62 0 0
18 536205 E 3 1 45 535829 1 126 0 0 113 0 0 4 2 17 2 0 0 28 0 2 32
19 542478 R 3 133 0 1 0 24 183 19 0 45 0 85 40 0 541887 54 3 0 0 0 1
20 553422 Q 2 0 1 13 0 0 57 1 53 43 1 0 706 552266 196 0 1 0 0 0 82
21 527576 N 0 5 58 1 0 0 2 30 39 3 0 527319 0 1 0 71 12 3 0 31 1
22 535513 A 535029 0 1 48 0 25 0 1 0 1 0 0 23 6 2 64 146 165 0 0 2
23 559990 T 111 2 0 0 1 0 0 41 1 2 3 62 2 2 2 56 559705 0 0 0 0
24 531193 E 12 0 62 530718 1 116 0 8 163 2 0 0 0 15 6 1 1 42 1 1 44
25 470226 I 0 1 2 0 30 1 0 469999 2 3 18 34 0 3 1 1 48 83 0 0 0
26 507156 R 0 1 0 50 0 146 0 42 105 2 1 3 2 0 506696 36 17 0 0 0 55
27 482680 A 482360 1 1 50 0 32 2 2 3 0 0 0 16 1 0 47 73 91 0 0 1
28 522162 S 26 18 0 0 39 1 1 1 0 0 0 0 89 2 3 521871 55 0 0 54 2
29 504551 V 50 0 35 0 33 5 0 187 0 11 4 0 0 2 6 1 1 504215 1 0 0
30 529265 G 37 0 1 88 0 528800 0 0 1 1 3 0 0 1 228 1 0 54 49 0 1
31 529317 K 0 0 1 88 1 0 0 0 528971 1 36 61 1 1 110 0 6 1 0 0 39
32 521755 M 0 0 3 1 2 1 1 140 36 38 521409 1 0 0 16 2 57 48 0 0 0
33 528617 I 0 0 4 0 29 2 0 528318 1 3 5 38 0 2 1 10 57 140 0 0 7
34 525669 D 9 3 525259 57 1 116 12 1 2 0 3 133 1 2 2 1 3 37 0 25 2
35 478981 G 31 1 1 64 0 478683 2 0 3 1 1 0 0 0 101 1 2 44 0 1 45
36 510868 I 0 1 2 1 17 0 1 510643 2 10 18 38 0 1 1 9 48 76 0 0 0
37 483907 G 27 0 8 58 0 483614 0 1 6 0 0 0 0 1 90 0 0 45 3 0 54
38 444833 R 0 0 0 2 0 28 7 0 0 38 0 0 15 119 444511 1 2 0 0 1 109
39 491213 F 0 2 1 3 490908 0 0 27 0 160 0 6 3 1 1 64 2 8 0 26 1
40 475931 Y 0 100 14 0 44 1 151 1 1 4 0 54 0 2 0 5 4 0 0 475472 78
41 430757 I 0 0 0 0 27 1 2 430530 0 11 10 30 1 0 2 14 79 49 1 0 0
42 424862 Q 0 0 1 10 0 1 18 0 66 21 0 2 39 424590 61 5 0 0 2 0 46
43 412754 M 0 1 1 0 1 1 11 148 23 21 412432 1 0 1 6 19 42 46 0 0 0
44 455814 C 0 455393 0 0 51 12 0 0 0 2 0 0 0 4 93 53 0 2 47 95 62
45 440192 T 67 0 0 0 0 0 2 57 1 0 0 30 9 4 1 82 439939 0 0 0 0
46 483731 E 8 0 38 483460 0 71 0 0 59 0 0 2 1 18 1 0 0 28 0 0 45
47 567269 L 0 0 0 0 54 0 20 35 1 567018 1 1 82 7 11 1 21 14 1 1 1
48 572574 K 1 0 0 77 0 0 0 13 572243 0 0 87 1 5 66 0 12 0 0 0 69
49 564592 L 0 1 0 0 44 1 12 49 0 564354 0 1 106 1 7 2 4 10 0 0 0
50 562041 S 1 38 0 0 1 153 1 50 0 2 1 55 3 5 123 561591 15 1 0 0 1
51 629229 D 7 0 628682 56 0 220 20 2 0 17 1 109 2 0 0 0 1 45 0 61 6
52 672980 Y 1 103 11 1 39 0 102 6 1 1 10 9 0 3 1 10 0 0 0 672616 66
53 642317 E 10 0 143 641711 0 184 0 0 119 11 5 0 1 22 3 1 0 54 1 2 50
54 579844 G 24 2 0 117 0 579460 0 0 1 2 0 0 7 0 135 0 0 34 62 0 0
55 546744 R 0 0 11 0 0 101 2 0 0 66 0 0 20 159 546222 0 3 0 1 0 159
56 541542 L 0 1 0 0 0 1 1 2 1 541330 44 2 96 41 7 0 1 15 0 0 0
57 574749 I 0 0 0 1 41 1 0 574408 0 3 23 38 1 1 3 12 111 104 1 0 1
58 554354 Q 0 1 0 34 2 1 51 1 46 30 0 0 9 553986 126 1 1 0 0 0 65
59 531134 N 1 0 59 1 1 2 4 30 63 0 1 530840 0 0 2 97 10 2 1 20 0
60 419838 S 0 36 0 0 0 68 1 41 3 10 0 40 0 0 58 419569 11 1 0 0 0
61 419566 L 1 0 0 1 49 0 1 19 3 419338 1 4 3 1 1 63 1 11 0 2 67
62 385961 T 60 1 0 3 0 3 0 44 39 1 0 10 5 4 10 40 385735 2 1 1 2
63 407571 I 1 0 0 0 0 1 0 407277 30 37 82 2 0 1 8 2 59 66 0 0 5
64 420355 E 7 0 47 420054 1 95 0 0 50 0 0 1 0 8 3 0 1 18 1 0 69
65 403983 R 1 0 0 1 0 74 0 29 64 2 0 3 0 0 403739 27 16 0 0 2 25
66 421859 M 0 0 0 5 0 1 0 108 34 36 421557 4 2 0 3 0 54 54 1 0 0
67 405912 V 62 1 1 50 0 13 0 2 0 49 73 0 0 0 0 0 0 405661 0 0 0
68 440356 L 0 4 1 0 39 0 24 49 0 440133 0 0 80 0 6 3 0 16 0 0 1
69 458296 S 7 14 0 0 29 0 0 0 2 0 0 0 79 0 0 458075 20 0 0 69 1
70 486357 A 485955 7 47 0 1 25 2 0 1 2 0 0 13 1 0 42 189 72 0 0 0
71 469468 F 3 8 0 0 469204 0 2 17 2 123 1 0 2 0 0 55 1 12 2 17 19
72 468951 D 7 2 468612 63 0 95 13 2 1 0 0 59 0 3 0 0 19 30 2 42 1
73 431320 E 3 0 19 430972 0 76 0 0 164 1 0 0 0 17 2 1 0 32 0 0 33
74 439832 R 0 1 0 1 0 119 0 38 124 2 0 0 0 0 439479 32 17 0 0 0 19
75 448827 R 0 0 0 1 0 77 0 1 72 0 35 0 0 0 448549 55 8 0 28 1 0
76 478686 N 0 0 85 5 0 0 6 32 48 0 0 478379 0 0 0 101 3 0 0 27 0
77 476187 K 0 0 0 106 0 0 1 22 475898 3 3 57 1 0 57 2 8 0 0 1 28
78 366307 Y 0 41 4 0 29 0 52 6 0 1 0 20 0 0 1 8 0 0 0 366119 26
79 357139 L 0 0 0 0 0 4 1 0 1 356947 36 0 102 30 4 0 0 13 0 0 1
80 328958 E 2 0 22 328731 0 62 0 0 78 0 0 0 0 14 0 1 0 21 0 0 27
81 308039 E 2 0 28 307854 0 54 0 0 47 0 1 2 0 8 1 0 0 13 0 0 29
82 353844 H 0 0 13 0 0 0 353621 0 0 23 0 32 2 36 53 1 4 0 0 59 0
83 469520 P 14 0 0 0 0 1 49 8 0 37 0 1 469249 0 21 78 59 0 1 2 0
84 467778 S 3 6 0 0 0 105 0 37 0 2 0 121 10 2 125 467361 4 0 1 1 0
85 497681 A 496959 0 0 54 0 40 0 0 0 1 0 0 28 6 62 185 272 72 0 0 2
86 555028 G 16 1 1 95 0 554640 0 1 0 0 0 0 1 0 134 0 1 75 62 0 1
87 582498 K 0 0 0 207 0 2 0 2 581867 1 32 146 1 5 170 0 11 0 0 0 54
88 597119 D 8 1 596746 50 0 91 15 15 0 1 0 92 1 0 2 1 2 41 0 51 2
89 546368 P 17 1 0 0 1 1 68 1 0 70 0 1 546062 1 25 70 48 0 0 0 2
90 549056 K 0 0 0 79 0 1 0 0 548794 1 26 40 0 1 89 1 8 1 0 0 15
91 511518 K 1 0 0 88 0 1 0 24 511287 1 0 16 1 0 87 1 3 0 0 0 8
92 465175 T 57 1 1 0 0 1 0 30 0 1 0 49 20 0 0 40 464973 1 1 0 0
93 462752 G 19 0 0 50 0 462508 0 0 0 0 0 0 0 0 87 0 2 36 2 0 48
94 435105 G 11 0 1 39 0 434925 0 0 0 0 0 0 1 2 69 0 0 19 0 0 38
95 464046 P 20 0 1 0 0 0 69 0 0 34 0 0 463806 3 12 53 48 0 0 0 0
96 515828 I 0 0 1 0 0 0 5 515525 42 66 54 1 6 1 6 0 59 57 0 4 1
97 545076 Y 1 73 3 0 62 1 110 14 1 0 0 33 0 9 0 9 4 0 0 544690 66
98 473843 K 0 0 0 121 0 0 1 0 473499 2 25 38 1 10 102 2 14 0 0 1 27
99 350646 R 0 0 1 0 0 65 0 39 60 1 0 0 0 1 350411 41 3 0 0 0 24
100 344594 V 50 0 0 38 0 9 0 83 0 56 0 0 0 0 4 1 0 344353 0 0 0
101 407986 D 4 0 407691 52 0 58 16 0 0 1 0 92 0 0 2 0 0 35 0 33 2
102 419259 R 0 0 1 0 0 76 0 30 94 0 2 0 1 0 418997 16 23 0 0 0 19
103 436982 K 1 0 0 68 0 0 1 0 436747 0 15 32 1 3 89 0 6 0 0 0 19
104 445599 W 1 53 0 0 0 12 1 2 1 40 0 0 0 0 99 16 0 3 445215 1 155
105 459872 M 0 1 2 3 0 0 0 149 44 35 459467 0 0 1 3 1 53 111 2 0 0
106 480426 R 0 0 0 5 0 110 0 1 75 1 64 0 0 0 480037 76 11 0 46 0 0
107 476019 E 3 0 44 475558 0 70 0 0 237 1 0 8 0 24 0 0 0 24 0 0 50
108 474486 L 0 0 0 0 50 0 42 60 0 474210 0 1 88 0 6 3 5 21 0 0 0
109 453837 V 72 0 44 0 33 5 0 140 0 26 1 1 2 0 2 8 0 453503 0 0 0
110 478855 L 0 1 0 0 42 0 21 64 0 478616 1 0 89 0 11 0 0 9 0 0 1
111 455177 Y 0 114 4 2 39 0 102 1 0 5 20 8 1 0 0 5 0 1 0 454816 59
112 396604 D 3 0 396042 60 1 78 22 2 0 0 0 304 0 0 0 1 3 51 0 31 6
113 360081 K 0 0 0 54 0 0 0 17 359898 4 0 22 0 17 51 2 4 0 0 0 12
114 425605 E 3 0 39 425292 0 79 1 0 107 0 0 0 0 25 9 1 0 17 0 0 32
115 477558 E 4 0 28 477272 0 85 0 1 89 0 0 0 0 8 19 0 0 35 0 0 17
116 502793 I 0 0 0 1 0 1 0 502426 32 29 122 18 1 0 2 1 68 85 1 0 6
117 478703 R 1 2 0 1 0 114 0 0 61 1 49 0 0 1 478410 31 10 0 22 0 0
118 466008 R 2 0 0 0 0 25 0 0 0 51 0 0 11 76 465749 0 1 0 1 0 92
119 498637 I 1 4 0 0 12 0 0 498415 1 10 16 42 0 0 1 6 65 64 0 0 0
120 464870 W 0 42 0 0 0 9 0 0 0 39 0 0 0 2 142 12 0 0 464460 0 164
121 478356 R 1 133 0 0 0 37 117 0 0 41 0 0 37 1 477927 61 0 0 1 0 0
122 449931 Q 1 0 0 9 0 0 28 0 39 23 0 1 8 449683 85 0 1 0 0 0 53
123 522042 A 521703 0 40 0 0 13 1 0 0 1 0 0 19 2 0 52 150 61 0 0 0
124 578451 N 0 0 83 0 1 1 11 51 64 0 0 578141 2 10 0 54 11 0 0 21 1
125 562543 N 0 4 101 0 0 2 6 39 33 0 3 562207 1 0 0 92 11 1 3 35 5
126 443337 G 14 57 94 1 0 443030 1 1 0 4 0 2 0 0 5 90 1 34 3 0 0
127 442164 D 4 2 441788 35 0 95 12 0 1 1 0 143 0 0 0 3 1 42 1 36 0
128 432872 D 10 1 432548 43 0 71 6 1 0 2 1 103 0 0 0 0 1 43 0 41 1
129 442396 A 442019 2 0 53 1 31 0 1 0 0 1 0 21 0 0 45 129 89 0 1 3
130 394310 T 59 0 0 0 0 0 0 42 43 0 0 3 2 2 14 23 394122 0 0 0 0
131 366721 A 366577 0 34 0 1 14 0 0 0 0 1 0 10 4 0 33 32 14 0 0 1
132 451025 G 21 40 69 0 0 450779 0 13 1 0 0 1 0 0 10 56 0 35 0 0 0
133 479363 L 0 0 1 0 0 0 0 28 0 479095 43 0 154 22 8 1 0 11 0 0 0
134 572231 T 96 0 4 0 0 0 1 65 0 0 0 58 5 2 0 82 571918 0 0 0 0
135 600823 H 0 0 36 0 0 0 600383 0 0 56 0 76 10 89 96 7 1 0 0 67 2
136 644132 M 0 0 0 0 0 0 5 252 36 84 643507 2 0 0 12 1 108 122 1 1 1
137 662959 M 1 0 2 1 0 0 0 225 57 47 662373 1 2 1 9 1 106 131 0 1 1
138 600608 I 0 0 0 0 39 0 0 600358 0 2 15 27 0 0 1 7 79 75 3 1 1
139 575217 W 0 93 0 1 0 30 0 0 0 52 0 0 0 0 205 39 0 0 574589 1 207
140 553072 H 1 0 43 0 0 0 552722 2 0 27 0 57 3 35 75 2 1 1 0 103 0
141 550477 S 5 19 0 1 61 0 0 0 0 0 0 0 102 0 1 550194 31 0 0 63 0
142 546055 N 0 0 77 0 0 0 5 24 34 1 0 545832 1 2 0 57 4 0 0 18 0
143 536227 L 1 0 0 1 81 0 0 1 1 536010 18 0 0 0 0 80 0 4 4 0 26
144 512650 N 0 1 115 0 0 0 3 25 47 0 1 512311 1 0 0 94 14 0 0 38 0
145 495213 D 1 0 494943 34 0 78 16 1 1 0 0 62 0 1 0 0 2 27 0 45 2
146 477105 T 140 0 1 0 0 0 0 76 46 1 1 2 4 1 36 42 476749 0 0 2 4
147 593950 T 126 1 0 0 0 0 10 54 52 0 0 4 9 6 31 57 593597 0 0 3 0
148 525156 Y 0 59 6 0 41 0 86 7 1 1 0 30 0 0 1 9 3 0 0 524833 79
149 519756 Q 0 0 0 22 0 1 54 0 54 44 0 0 14 519352 146 0 3 5 0 0 61
150 482308 R 0 0 2 5 0 106 1 0 76 3 46 0 0 0 481997 39 12 1 20 0 0
151 524208 T 114 0 6 2 0 5 0 57 38 1 0 0 5 0 26 57 523896 1 0 0 0
152 549482 R 0 0 0 0 0 113 0 42 149 3 1 0 0 8 549079 23 10 0 0 0 54
153 603737 A 603390 0 50 3 0 30 1 1 0 0 0 1 33 0 0 64 109 55 0 0 0
154 642648 L 2 1 0 0 45 0 49 91 0 642328 0 0 101 1 8 2 1 19 0 0 0
155 652073 V 129 0 63 0 30 22 1 117 0 23 0 0 0 0 1 1 1 651683 1 0 1
156 664871 R 1 164 0 0 1 37 266 0 0 52 0 2 30 0 664241 74 1 1 0 1 0
157 667045 T 99 0 0 0 0 0 3 148 10 3 0 38 15 1 1 91 666634 1 1 0 0
158 682552 G 41 53 166 1 1 681926 1 0 2 1 0 0 1 2 25 259 1 72 0 0 0
159 705527 M 1 2 0 1 0 0 2 284 32 69 704865 0 1 1 26 1 97 145 0 0 0
160 797953 D 5 0 797447 78 0 147 23 1 0 1 0 154 0 0 1 0 1 39 0 55 1
161 711261 P 19 0 1 0 1 1 94 5 0 77 0 0 710852 2 26 104 75 2 0 1 1
162 670719 R 2 0 1 0 0 200 0 2 138 2 74 0 2 3 670189 51 16 0 33 3 3
163 615494 M 0 0 1 1 0 4 0 249 33 60 614941 0 0 0 8 0 85 110 1 0 1
164 604775 C 1 604154 0 1 63 18 2 1 0 5 0 0 0 0 96 98 0 0 34 228 74
165 572839 S 29 19 1 0 37 3 0 1 0 3 1 0 163 2 1 572476 38 1 1 61 2
166 570044 L 0 1 3 0 0 0 0 1 0 569749 72 0 131 51 16 1 0 18 0 0 1
167 559368 M 0 1 1 0 0 0 0 218 42 44 558882 1 0 0 8 1 86 83 0 0 1
168 524743 Q 0 0 0 34 0 2 84 0 59 30 1 0 15 524230 177 1 0 0 0 0 110
169 485560 G 12 32 66 0 0 485357 1 1 0 2 0 0 1 0 9 44 1 34 0 0 0
170 521575 S 5 0 1 0 0 1 0 1 0 157 0 0 49 4 2 521240 43 1 17 0 54
171 508820 T 93 0 1 0 0 0 0 49 0 2 0 44 7 2 1 78 508532 9 0 1 1
172 539351 L 1 8 1 0 46 0 42 51 0 539024 0 0 151 0 5 7 0 14 0 1 0
173 685525 P 22 1 1 0 0 0 83 0 0 67 1 0 685161 1 17 77 86 1 0 1 6
174 688895 R 0 0 0 4 1 117 0 0 83 3 65 1 2 0 688484 61 22 0 42 0 10
175 544314 R 0 0 0 3 0 135 0 0 61 2 42 0 0 0 543975 50 10 0 35 0 1
176 585506 S 8 16 0 0 41 2 1 0 0 0 0 0 90 0 1 585226 44 8 0 68 1
177 610913 G 15 0 0 94 0 610548 0 1 1 1 0 0 0 0 137 2 1 40 0 0 73
178 585079 A 584783 0 66 2 0 20 1 0 0 3 1 0 18 0 1 46 66 71 0 1 0
179 605706 A 605153 2 2 74 0 33 0 1 0 2 0 0 28 0 0 67 233 111 0 0 0
180 620529 G 14 58 94 1 0 620234 0 2 2 1 0 0 0 4 16 74 2 25 1 0 1
181 616661 A 616236 0 61 0 1 16 0 1 1 0 0 0 28 0 1 60 206 49 0 1 0
182 633456 A 632665 1 0 78 0 33 0 0 1 1 0 0 28 2 2 79 251 315 0 0 0
183 691916 V 119 0 60 0 34 9 3 108 0 28 0 0 3 0 0 18 1 691533 0 0 0
184 706394 K 1 0 0 108 0 1 0 38 705896 0 0 115 2 59 112 2 10 0 0 2 48
185 603705 G 16 1 0 129 1 603363 0 0 0 1 0 1 0 1 117 0 0 27 0 0 48
186 602849 V 75 1 44 0 23 12 0 139 0 24 0 1 0 2 0 9 3 602514 1 0 1
187 598391 G 29 0 10 111 1 597981 0 0 1 1 0 0 4 0 133 0 1 65 52 0 2
188 488333 T 103 0 2 1 1 0 0 76 38 0 2 1 5 19 30 63 487992 0 0 0 0
189 408713 M 0 2 0 1 1 1 0 138 39 39 408367 3 1 0 8 1 45 56 11 0 0
190 394918 V 52 0 2 40 0 7 0 0 0 30 68 1 0 1 0 0 0 394717 0 0 0
191 382107 M 0 0 0 0 0 0 0 118 35 36 381810 0 0 2 1 0 54 51 0 0 0
192 350602 E 1 0 29 350371 0 85 0 1 35 0 0 0 0 14 0 0 0 35 0 0 31
193 436114 L 0 1 0 2 46 0 0 1 0 435907 32 0 0 0 3 78 1 13 9 1 20
194 523497 I 0 0 14 9 0 2 0 523099 23 57 87 0 3 1 4 0 87 103 0 0 8
195 494478 R 0 0 0 0 0 118 0 0 87 1 93 1 0 0 494084 47 14 0 32 0 1
196 516006 M 0 0 0 0 0 1 0 144 47 41 515585 0 0 0 10 1 80 96 0 0 1
197 554843 I 0 0 14 1 38 0 0 554482 2 5 33 62 0 0 0 2 105 99 0 0 0
198 525022 K 2 0 0 77 2 1 0 12 524720 1 0 76 0 25 87 0 7 0 0 0 12
199 491847 R 0 81 0 0 0 22 141 0 0 34 0 0 18 0 491502 42 1 5 0 1 0
200 486636 G 19 0 0 106 0 486278 0 0 0 1 0 0 0 0 127 0 1 63 41 0 0
201 484075 I 0 0 0 0 36 0 1 483772 0 4 15 27 0 0 0 9 91 119 0 1 0
202 495596 N 0 0 113 0 1 0 6 15 35 0 6 495334 0 1 1 62 2 0 0 20 0
203 461800 D 5 0 461563 39 0 50 16 0 1 0 0 59 0 0 0 0 0 27 0 40 0
204 479507 R 0 0 1 1 0 13 0 0 0 69 0 0 16 127 479189 1 0 0 90 0 0
205 499173 N 0 0 74 3 0 1 3 15 42 2 0 498884 0 0 0 125 8 0 0 16 0
206 605351 F 0 3 1 1 604963 0 2 24 0 219 0 3 1 1 0 85 3 12 0 33 0
207 623347 W 0 60 0 9 0 16 0 0 0 81 0 0 0 0 215 27 0 0 622672 2 265
208 459023 R 0 1 0 4 0 140 0 46 82 0 1 0 0 4 458626 59 13 0 0 1 46
209 496336 G 16 53 75 0 0 496087 0 0 0 0 0 0 0 0 12 60 0 33 0 0 0
210 530231 E 5 0 32 529854 0 100 1 1 113 1 0 0 0 15 0 0 1 29 0 0 79
211 514976 N 1 0 95 0 0 0 7 42 39 1 13 514672 0 0 2 69 15 0 1 19 0
212 481967 G 11 1 4 59 0 481694 0 1 1 4 0 0 1 0 108 0 0 36 0 1 46
213 472467 R 0 0 2 1 0 34 2 0 0 30 0 0 18 117 472108 0 7 1 1 0 146
214 464251 K 0 0 0 65 0 0 0 4 464063 0 0 33 2 7 59 0 7 0 1 0 10
215 462754 T 60 0 0 0 1 0 2 41 38 0 0 10 101 31 13 33 462422 1 0 1 0
216 435465 R 0 0 0 0 0 78 0 0 78 0 44 1 0 0 435185 45 9 0 24 0 1
217 400675 S 0 36 0 1 0 72 0 16 1 0 0 106 0 1 49 400382 11 0 0 0 0
218 421677 A 421365 3 47 0 0 21 0 0 0 1 0 0 18 0 0 60 118 44 0 0 0
219 419458 Y 0 72 6 0 22 0 66 1 0 3 0 10 0 1 0 7 12 0 0 419171 87
220 424183 E 4 0 52 423886 0 81 0 0 79 1 0 0 0 10 2 0 1 31 0 0 36
221 374433 R 1 0 6 10 0 84 0 37 56 8 0 0 0 1 374173 18 13 0 0 1 25
222 332344 M 0 0 0 2 0 0 0 104 35 16 332068 6 0 0 8 0 50 55 0 0 0
223 420258 C 1 419780 0 0 47 19 0 0 0 9 2 0 0 0 78 105 2 7 33 141 34
224 436687 N 0 0 67 0 0 0 13 47 49 0 0 436408 0 2 0 64 15 0 0 22 0
225 454219 I 0 0 1 0 29 0 0 454004 0 9 2 17 0 0 0 7 76 74 0 0 0
226 472739 L 0 0 0 0 35 0 46 51 0 472482 0 1 93 0 4 7 1 19 0 0 0
227 488536 K 0 1 0 73 1 0 0 22 488312 0 0 28 0 19 60 1 4 0 0 0 15
228 497457 G 18 0 0 83 0 497192 0 0 0 1 1 0 1 0 78 0 0 38 0 0 45
229 507695 K 0 0 0 80 1 0 0 16 507417 0 0 75 0 2 76 0 4 0 1 0 23
230 527139 F 0 11 0 0 526887 1 0 43 0 95 0 0 1 0 1 76 0 6 0 17 1
231 499395 Q 0 1 0 16 0 1 16 0 58 24 0 0 6 499058 147 11 0 1 0 0 56
232 471795 T 62 0 0 0 0 1 0 38 51 2 0 3 28 1 15 15 471578 1 0 0 0
233 465455 A 465228 0 51 0 0 17 0 0 0 0 0 0 16 2 0 26 66 49 0 0 0
234 406423 A 406039 0 0 63 0 22 4 0 0 1 0 0 26 0 1 47 161 59 0 0 0
235 396763 Q 0 0 0 16 0 0 24 0 54 20 0 0 8 396503 59 1 17 0 0 1 60
236 387644 R 0 0 0 1 0 171 0 3 102 2 36 0 0 0 387255 45 8 0 21 0 0
237 384279 A 383888 0 0 38 0 86 1 0 1 4 0 0 29 13 4 46 88 81 0 0 0
238 400608 M 2 1 0 0 0 5 0 169 37 22 400241 5 0 1 5 2 43 63 1 1 10
239 351726 M 0 0 2 1 0 1 0 158 33 35 351334 0 0 1 8 0 57 96 0 0 0
240 420922 D 7 1 420573 56 0 86 14 2 1 0 0 98 0 0 0 0 1 38 0 45 0
241 399776 Q 0 1 1 15 1 0 15 0 36 30 0 0 2 399522 105 1 0 0 0 1 46
242 460623 V 71 0 1 40 0 6 0 0 0 40 140 0 0 0 1 0 14 460307 2 0 1
243 460179 R 0 0 0 5 0 126 0 45 118 1 0 2 0 1 459777 51 10 0 0 0 43
244 451926 E 3 0 22 451624 0 104 0 0 87 0 0 0 0 16 6 2 1 23 0 0 38
245 481252 S 0 15 0 0 0 1124 0 25 3 1 1 83 0 1 41 479928 25 5 0 0 0
246 469413 R 0 0 0 0 0 12 0 0 0 61 1 0 16 190 469040 4 0 2 86 0 1
247 474838 N 0 0 73 2 0 0 3 27 62 1 0 474569 0 0 0 66 15 0 0 20 0
248 493575 P 13 0 0 0 0 0 1 0 1 65 0 0 493289 90 22 43 50 0 0 0 1
249 514028 G 17 0 1 107 0 513665 1 2 1 0 0 0 0 0 128 2 0 39 0 0 65
250 493109 N 1 3 93 0 0 0 6 22 48 0 16 492798 0 0 0 89 14 0 0 18 1
251 525007 A 524557 3 87 0 0 16 0 0 0 8 0 0 25 0 0 73 132 106 0 0 0
252 506522 E 7 0 51 506165 0 103 1 0 92 1 3 0 1 16 4 0 2 32 1 0 43
253 530679 I 0 0 5 1 54 0 0 530355 0 4 34 37 0 0 1 8 76 104 0 0 0
254 515282 E 2 0 33 514893 0 58 0 0 174 1 0 0 0 24 2 0 1 38 0 0 56
255 524006 D 4 0 523740 34 0 73 13 0 0 0 0 63 0 0 1 0 0 38 0 40 0
256 502321 L 0 1 1 2 44 0 60 57 0 502012 0 0 126 1 8 0 0 9 0 0 0
257 506491 I 1 0 0 0 19 0 1 506204 0 12 7 40 0 0 1 67 71 67 1 0 0
258 463881 F 0 5 0 0 463665 1 0 20 0 95 0 0 1 1 0 73 0 4 0 16 0
259 455624 L 0 0 1 0 1 2 0 0 0 455461 36 0 65 34 6 0 0 14 4 0 0
260 463340 A 462943 1 2 65 0 42 3 0 0 0 0 0 22 0 1 38 114 109 0 0 0
261 396769 R 0 0 0 0 0 18 1 1 0 32 0 0 6 105 396494 1 1 0 108 0 2
262 490673 S 9 21 0 0 47 3 0 0 0 0 0 0 59 0 1 490441 33 5 0 53 1
263 482611 A 482090 0 2 51 0 29 2 0 0 1 0 1 28 2 0 67 205 129 0 1 3
264 411304 L 0 1 0 2 103 2 49 43 0 410996 0 0 81 0 7 3 4 13 0 0 0
265 442654 I 1 2 0 2 0 1 6 442339 26 41 66 1 1 2 1 7 86 71 0 0 1
266 468730 L 0 0 0 19 42 1 0 7 0 468483 27 1 0 0 0 89 2 15 7 1 36
267 465906 R 0 0 2 3 0 127 0 31 136 1 0 0 0 1 465520 35 17 0 0 0 33
268 527887 G 11 1 0 78 0 527563 0 0 0 1 1 0 0 0 141 1 0 51 39 0 0
269 555927 S 8 0 0 0 0 0 0 1 0 69 0 0 92 2 0 555598 54 4 0 0 99
270 566283 V 52 0 46 0 38 5 0 109 0 14 1 1 0 1 0 3 0 566013 0 0 0
271 549010 A 548644 2 54 0 0 29 1 1 0 1 0 0 27 0 0 48 128 75 0 0 0
272 550352 H 0 1 20 0 2 0 549923 1 0 67 0 68 5 102 79 6 0 1 0 77 0
273 556833 K 0 0 0 62 0 0 0 23 556578 2 1 70 0 15 57 1 4 0 0 0 20
274 533620 S 5 8 0 1 32 1 0 0 0 17 0 0 63 0 1 533439 27 1 1 24 0
275 496174 C 0 495888 0 0 27 2 0 2 0 7 0 0 1 0 69 24 0 5 10 61 78
276 414455 L 4 2 0 0 1 0 0 0 0 414310 54 1 30 38 5 0 0 10 0 0 0
277 337808 P 41 0 0 0 0 0 76 0 0 70 0 0 337384 0 15 142 77 3 0 0 0
278 305410 A 305036 1 61 0 0 18 0 0 0 0 0 0 41 0 0 65 138 50 0 0 0
279 271844 C 0 271422 1 0 35 24 0 0 0 1 0 2 1 1 192 28 0 2 4 83 48
280 245848 V 35 0 0 23 0 3 0 0 0 30 43 0 0 0 0 1 0 245713 0 0 0
281 162078 Y 0 32 0 1 8 0 33 0 0 1 0 12 0 0 1 1 0 2 11 161961 15
282 122924 G 4 0 3 39 0 122800 0 0 1 1 0 1 0 1 43 0 3 10 0 0 18
283 166508 P 6 1 0 0 0 0 39 0 0 31 0 1 166351 6 9 42 22 0 0 0 0
284 350916 A 350584 2 34 1 0 15 0 0 0 0 0 0 28 0 0 44 107 101 0 0 0
285 353306 V 59 0 0 27 0 1 0 91 0 68 0 0 0 0 8 0 0 353050 0 0 2
286 404225 A 404047 1 44 0 0 11 0 0 0 0 0 0 10 1 0 32 50 29 0 0 0
287 511929 S 0 34 0 0 0 72 0 42 0 1 0 161 5 15 149 511422 28 0 0 0 0
288 570222 G 22 46 45 0 0 569971 0 0 0 0 0 0 0 0 9 78 0 47 4 0 0
289 573851 Y 0 86 4 0 42 0 172 0 0 0 1 11 0 0 0 2 0 0 0 573459 74
290 623546 D 1 0 623120 62 0 93 12 0 0 0 0 180 0 0 0 1 0 39 0 38 0
291 615502 F 0 6 0 0 615121 0 1 14 0 233 0 0 1 0 1 86 0 9 0 30 0
292 620871 E 3 0 28 620421 1 112 1 0 174 0 0 0 0 16 17 8 0 34 0 1 55
293 616085 K 0 0 0 63 0 0 0 19 615855 1 1 33 1 4 91 0 6 0 0 0 11
294 604746 E 7 0 68 604285 0 145 0 0 122 0 0 0 0 12 17 0 1 47 1 0 41
295 579715 G 16 0 3 100 0 579377 0 2 0 0 0 0 0 0 82 1 3 71 0 1 59
296 504702 Y 0 72 7 0 40 0 61 1 0 2 0 39 6 0 3 7 2 0 0 504398 64
297 449685 S 1 11 3 0 33 0 1 0 6 7 0 0 63 1 0 449463 53 0 0 43 0
298 430323 L 0 3 0 1 44 0 0 13 0 430147 0 1 3 0 1 53 0 3 1 0 53
299 479671 V 55 2 1 43 2 8 0 2 0 47 87 0 0 1 1 5 6 479399 10 0 2
300 347046 G 8 0 0 104 5 346773 0 0 1 2 1 0 0 0 67 3 1 41 0 0 40
301 577797 I 0 0 0 5 0 1 0 577307 64 42 164 9 2 2 13 1 87 94 0 1 5
302 574028 D 6 1 573520 94 1 83 21 0 2 1 0 177 1 0 7 2 8 49 0 55 0
303 555400 P 21 0 0 0 0 1 85 1 0 58 0 0 555109 0 17 45 62 1 0 0 0
304 635264 F 0 7 0 0 634815 0 0 38 0 204 0 0 0 0 2 148 0 7 0 42 1
305 634866 K 2 1 0 97 2 0 0 33 634529 2 1 64 1 26 73 0 9 1 0 0 25
306 630791 L 0 0 0 0 1 0 0 0 0 630590 53 0 106 21 8 0 1 11 0 0 0
307 650566 L 16 0 0 0 47 11 20 60 0 650282 0 0 100 0 6 0 0 24 0 0 0
308 656186 Q 0 0 0 37 2 1 24 0 53 28 0 1 4 655829 113 27 0 0 1 1 65
309 650961 N 0 1 69 0 1 1 13 24 72 1 4 650583 0 1 0 91 90 0 0 10 0
310 635122 S 2 30 0 0 2 96 0 53 3 1 0 124 0 2 100 634681 26 0 1 0 1
311 677473 Q 0 0 0 28 0 0 34 0 63 53 0 0 11 677107 83 0 2 1 0 0 91
312 732310 V 88 0 0 50 1 11 1 146 1 70 0 0 0 0 0 0 0 731940 0 2 0
313 673406 Y 1 104 2 0 54 1 116 1 0 1 0 25 0 0 1 8 4 0 0 672975 113
314 663773 S 4 20 1 0 1 172 0 73 1 1 0 114 0 0 116 663251 16 0 1 0 2
315 636013 L 1 1 0 0 2 2 0 63 0 635690 0 0 180 45 10 1 1 15 0 0 2
316 689403 I 1 0 0 0 36 0 1 689096 0 13 24 58 1 0 0 9 94 69 0 0 1
317 623825 R 0 0 1 0 1 180 0 38 111 3 0 1 0 4 623409 36 12 0 0 1 28
318 615214 P 44 0 1 0 0 0 1 0 0 130 2 0 614830 69 18 55 63 1 0 0 0
319 628296 N 0 0 67 2 1 1 2 27 108 0 0 627945 0 0 3 104 15 0 0 20 1
320 654869 E 5 0 69 654473 0 78 0 0 131 2 0 0 0 15 0 0 0 46 0 0 50
321 685069 N 0 0 91 3 0 2 3 30 63 0 0 684741 0 0 1 95 11 1 0 28 0
322 694923 P 19 0 0 0 0 3 0 2 0 111 0 0 694547 85 31 41 83 0 0 0 1
323 704817 A 704352 1 3 78 0 35 0 1 1 1 1 1 33 3 4 61 94 147 0 0 1
324 747432 H 0 0 30 0 1 0 746851 1 0 103 0 60 13 156 115 3 10 0 0 88 1
325 749755 K 6 0 0 193 0 0 0 0 749197 2 42 54 0 15 198 1 28 0 0 0 19
326 621538 S 0 36 0 0 0 115 0 27 1 5 2 118 0 0 73 621139 18 4 0 0 0
327 614063 Q 0 0 1 27 0 0 89 0 70 27 2 0 17 613545 192 1 0 0 0 0 92
328 500677 L 0 0 0 2 0 0 0 2 0 500457 51 0 98 32 11 2 0 22 0 0 0
329 555299 V 79 5 0 36 0 16 1 1 1 57 68 0 0 0 0 1 1 555007 25 1 0
330 546446 W 0 85 27 0 1 15 1 0 1 60 0 0 0 0 103 30 0 13 545850 0 260
331 514012 M 0 0 1 0 0 1 0 176 39 49 513569 0 0 4 8 2 61 101 1 0 0
332 541560 A 541147 2 0 70 0 41 1 0 0 2 0 0 23 0 0 60 104 109 0 0 1
333 588141 C 0 587576 0 0 56 4 1 2 1 3 3 0 2 0 166 66 0 0 43 155 63
334 607983 N 0 1 96 2 0 0 15 44 49 0 0 607653 0 1 0 88 5 2 0 27 0
335 554901 S 5 13 0 0 52 0 0 0 1 9 0 2 63 0 0 554656 35 0 0 64 1
336 529712 A 529344 2 65 0 0 23 0 0 0 2 0 1 17 0 0 53 145 60 0 0 0
337 511718 A 511418 1 0 44 0 22 0 0 0 0 0 0 24 0 1 54 80 72 0 0 2
338 530829 F 0 4 0 0 530593 0 0 28 0 104 0 3 0 0 0 57 0 10 0 29 1
339 522089 E 1 0 77 521682 0 149 0 2 76 0 0 0 0 13 0 1 2 38 0 0 48
340 482126 D 3 0 481790 36 0 57 6 1 0 1 0 149 0 0 1 2 0 43 0 37 0
341 514624 L 0 0 1 0 0 0 2 78 1 514379 0 0 104 35 3 7 0 14 0 0 0
342 499731 R 0 0 1 5 0 57 0 33 82 1 0 0 0 7 499466 51 10 0 0 0 18
343 454607 V 78 0 0 33 1 3 0 91 0 57 1 0 0 0 0 0 0 454342 0 1 0
344 445493 L 0 0 0 0 42 1 0 32 0 445311 0 0 1 1 0 51 0 5 0 1 48
345 394870 S 0 17 0 0 0 48 0 29 1 1 0 62 0 0 50 394649 11 0 0 1 1
346 352774 F 1 1 0 2 352519 0 0 15 0 122 0 0 1 0 0 69 0 6 0 38 0
347 436113 I 0 0 0 0 27 2 1 435857 6 11 14 37 0 2 1 3 70 80 0 2 0
348 410181 R 0 0 0 1 0 104 0 35 60 1 0 0 0 3 409892 34 17 0 0 0 34
349 390213 G 14 0 0 65 0 389992 1 0 0 0 0 0 0 0 87 1 0 19 34 0 0
350 499710 T 102 0 24 1 0 1 0 71 0 0 0 36 7 0 1 69 499396 2 0 0 0
351 511346 K 0 0 0 71 0 1 0 26 511044 1 0 53 0 36 74 0 6 0 0 0 34
352 541026 V 83 0 2 31 0 9 0 71 0 45 0 0 0 1 1 17 0 540760 0 6 0
353 549094 S 6 12 0 0 49 0 0 24 0 1 0 0 600 0 0 548308 33 1 0 60 0
354 515954 P 16 0 0 0 1 1 1 0 0 60 0 0 515668 82 25 44 56 0 0 0 0
355 499923 R 0 2 0 0 0 121 0 0 126 12 57 0 0 0 499521 43 16 0 25 0 0
356 442748 G 22 0 0 51 0 442553 0 0 0 1 0 0 0 0 41 0 0 39 41 0 0
357 442360 K 0 0 0 140 0 1 0 23 441983 0 0 93 0 3 92 0 2 0 0 0 23
358 449979 L 0 1 0 0 56 0 12 35 0 449736 0 1 100 0 7 1 16 14 0 0 0
359 428106 S 4 17 1 0 58 0 0 0 0 0 0 0 117 0 0 427820 39 0 2 48 0
360 508544 T 78 0 0 0 0 1 7 37 0 4 2 42 8 0 1 61 508303 0 0 0 0
361 484918 R 2 1 0 1 0 69 0 45 133 8 0 0 0 0 484582 22 17 0 0 0 38
362 460179 G 15 0 0 45 0 459961 0 0 0 0 0 1 2 1 52 1 0 44 0 0 57
363 547942 V 106 1 0 44 14 3 0 112 0 65 0 0 0 2 1 3 1 547588 0 2 0
364 545465 Q 0 0 0 24 1 0 43 0 65 31 0 1 6 545119 84 0 16 0 0 3 72
365 570629 I 1 0 0 0 26 2 0 570308 0 23 13 57 0 1 1 5 116 71 0 2 3
366 498673 A 498431 2 34 0 1 12 0 0 0 5 0 0 24 0 0 38 77 49 0 0 0
367 492653 S 12 0 0 0 7 0 0 0 0 39 0 0 70 3 1 492410 48 0 0 0 63
368 503031 N 0 0 57 0 0 0 3 17 41 0 2 502828 0 0 0 54 12 0 0 17 0
369 497477 E 1 0 20 497206 0 54 1 0 100 0 1 0 0 10 1 0 0 28 0 0 55
370 509925 N 0 0 92 0 0 0 20 40 49 0 0 509559 0 0 1 60 96 0 0 8 0
371 507502 M 0 0 0 0 0 0 2 282 27 43 507008 1 1 0 9 0 58 70 1 0 0
372 523863 D 8 0 523502 44 0 99 19 0 0 0 3 112 0 0 0 2 0 28 0 46 0
373 515389 A 515009 0 77 2 1 28 0 1 0 2 0 0 19 0 0 47 145 58 0 0 0
374 572131 M 0 0 0 0 0 0 0 355 36 62 571526 0 0 2 10 0 71 62 3 4 0
375 545571 E 5 0 23 545213 0 105 0 0 97 0 0 9 0 24 1 0 1 36 0 1 56
376 415365 S 6 0 0 0 0 1 0 6 0 43 0 0 62 2 0 415152 36 1 0 1 55
377 419042 S 0 42 2 0 0 55 0 29 1 0 0 84 0 1 53 418765 7 2 0 1 0
378 382517 T 74 0 0 0 0 0 0 46 0 1 0 37 5 0 1 51 382302 0 0 0 0
379 386418 L 1 0 0 0 17 1 22 40 0 386241 0 1 76 0 5 5 1 6 1 0 1
380 390846 E 4 0 44 390625 0 45 0 1 58 0 0 2 1 17 0 0 0 26 0 0 23
381 395101 L 1 0 0 1 0 0 0 0 0 394954 31 0 85 7 6 1 4 11 0 0 0
382 415433 R 0 0 0 3 0 87 0 26 51 0 0 0 1 2 415193 32 10 1 0 0 27
383 482292 S 1 13 1 3 0 72 0 32 3 0 0 94 0 0 107 481948 18 0 0 0 0
384 515517 R 1 1 0 0 0 220 0 1 77 0 42 0 0 2 515052 58 12 0 48 3 0
385 612067 Y 1 68 13 0 29 1 105 0 0 1 0 76 0 0 1 9 0 16 0 611662 85
386 593692 W 0 60 0 0 1 16 1 0 0 87 1 0 0 0 163 23 2 0 593126 0 212
387 544787 A 544335 2 72 1 0 50 0 0 1 1 0 0 42 0 0 63 115 105 0 0 0
388 602466 I 0 3 0 2 1 0 3 602011 21 79 167 3 0 5 8 0 87 71 0 1 4
389 567572 R 0 0 0 1 0 95 1 29 91 1 0 3 0 0 567272 43 6 0 0 0 30
390 583781 T 77 0 1 1 0 0 1 32 2 0 0 87 6 0 1 54 583518 0 0 0 1
391 598870 R 2 0 0 4 0 138 0 41 93 5 0 1 2 1 598497 38 12 0 0 1 35
392 577381 S 0 23 0 0 0 71 0 34 0 1 2 89 0 0 70 577077 10 3 1 0 0
393 592989 G 19 0 0 73 1 592652 0 0 0 0 0 1 0 2 117 0 0 60 3 0 61
394 560046 G 19 0 3 75 0 559713 0 1 2 1 0 0 1 1 106 3 0 60 0 0 61
395 564906 N 0 0 94 0 1 3 8 33 103 2 0 564489 2 0 0 86 62 2 0 21 0
396 564490 T 85 0 4 0 1 1 4 51 0 7 0 52 14 6 3 72 564189 0 0 1 0
397 642372 N 0 1 82 1 0 0 9 47 86 0 1 642014 4 2 1 85 15 1 0 22 1
398 643614 Q 8 1 0 25 2 2 48 6 107 26 1 19 12 643149 151 4 2 0 0 0 51
399 574475 Q 0 2 0 15 0 2 85 2 77 40 3 1 34 574002 115 0 18 0 0 5 74
400 512138 R 0 0 0 13 1 200 0 1 95 3 56 0 1 0 511660 63 14 1 30 0 0
401 481881 A 481502 1 53 4 0 53 0 0 0 1 0 0 40 0 6 45 93 82 0 1 0
402 484807 S 8 11 0 4 36 0 0 0 0 7 0 0 124 0 0 484520 28 1 1 67 0
403 484873 A 484393 1 0 56 0 20 0 0 1 1 1 0 21 6 1 47 152 172 0 0 1
404 504543 G 16 65 70 0 2 504276 1 0 0 0 0 2 0 2 9 68 1 31 0 0 0
405 503845 Q 0 0 0 12 0 1 36 0 67 39 0 2 6 503534 76 14 0 2 0 0 56
406 523081 I 0 0 0 1 35 0 0 522804 3 8 13 36 1 0 0 15 105 57 0 1 2
407 470895 S 0 21 0 0 0 152 0 35 0 4 0 116 0 0 63 470492 12 0 0 0 0
408 476548 V 114 2 0 60 1 14 0 0 0 57 120 2 0 1 2 0 0 476173 1 0 1
409 470120 Q 1 2 0 33 0 0 67 0 44 20 0 5 4 469646 84 0 8 0 0 1 205
410 429298 P 12 0 0 0 0 2 54 0 0 37 0 3 429018 1 13 68 88 1 0 1 0
411 461643 A 461163 6 0 47 0 24 5 0 0 6 0 1 24 1 0 56 232 77 0 0 1
412 475586 F 2 6 0 0 475293 1 4 93 0 90 0 4 0 0 0 60 2 13 1 14 3
413 419902 S 2 18 1 1 45 0 0 3 0 3 0 1 60 1 2 419721 12 0 0 32 0
414 441791 V 97 4 1 53 0 8 0 0 1 66 121 0 0 1 0 0 0 441439 0 0 0
415 456818 Q 22 0 0 41 0 3 42 3 63 27 0 3 16 456438 83 7 0 2 0 0 68
416 461944 R 0 1 0 23 1 163 0 38 78 5 0 3 0 2 461556 37 17 0 0 0 20
417 425945 N 0 0 68 2 0 1 12 15 84 2 0 425614 1 0 0 51 76 0 0 19 0
418 451493 L 0 0 0 0 34 1 34 39 1 451239 0 0 119 2 2 10 1 10 0 0 1
419 483666 P 24 0 1 3 1 3 21 2 0 62 1 0 483353 55 25 50 65 0 0 0 0
420 452095 F 0 7 0 1 451772 1 3 64 1 124 0 0 0 0 1 84 0 17 1 17 2
421 462941 D 4 1 462434 64 1 115 24 2 0 3 0 140 0 1 6 1 10 64 0 57 14
422 443485 K 0 0 2 86 0 1 0 28 443070 6 5 151 0 30 61 4 7 0 1 0 33
423 440926 P 20 0 0 2 0 1 8 0 0 60 0 0 440627 54 16 68 68 0 0 0 2
424 459795 T 77 0 1 14 0 0 0 70 1 2 3 60 29 3 1 44 459488 1 0 1 0
425 470396 I 0 0 3 1 27 1 2 470076 0 6 23 50 2 0 6 10 129 59 1 0 0
426 451444 M 5 0 0 0 0 2 1 207 36 53 450967 1 0 0 17 2 63 88 2 0 0
427 411156 A 410752 0 1 55 0 32 0 7 1 1 0 0 22 1 0 54 124 105 0 0 1
428 406443 A 406030 0 0 44 0 23 0 42 1 1 1 0 19 0 5 41 142 87 0 0 7
429 404249 F 3 7 3 1 403660 1 0 47 0 128 0 1 0 5 0 65 1 5 0 320 2
430 372398 T 66 0 1 0 0 2 0 46 0 1 0 27 5 0 0 47 372202 1 0 0 0
431 406986 G 8 0 3 81 0 406661 1 0 0 4 1 0 1 0 143 1 0 43 39 0 0
432 418386 N 2 4 98 10 0 4 2 33 26 2 0 418067 0 3 3 78 10 0 0 44 0
433 450023 T 82 0 0 2 0 0 0 133 47 4 1 0 7 5 17 44 449671 1 0 5 4
434 467388 E 9 1 68 466837 0 180 0 0 167 2 1 0 1 19 12 2 2 28 0 0 59
435 508723 G 13 1 18 156 0 508243 42 3 0 1 0 1 0 2 128 3 0 60 0 0 52
436 519966 R 2 0 18 7 1 127 0 32 104 0 0 1 49 1 519522 31 16 3 3 1 48
437 530139 T 61 0 3 3 0 2 1 68 46 2 0 2 8 2 26 38 529825 1 1 0 50
438 558792 S 19 1 1 1 3 3 3 0 0 68 0 2 75 0 5 558480 37 3 0 1 90
439 547452 D 6 0 547103 74 1 90 23 8 1 6 0 68 0 1 0 4 0 34 0 33 0
440 528216 M 1 0 0 3 0 0 1 149 30 45 527817 0 1 4 5 0 76 82 1 0 1
441 507853 R 0 0 0 1 0 103 0 0 73 2 65 0 0 0 507471 88 11 0 38 0 1
442 511299 A 510810 0 1 65 0 58 0 0 0 0 0 33 32 3 0 64 141 92 0 0 0
443 518619 E 2 1 43 518342 0 69 0 1 76 0 0 2 0 14 2 0 0 20 0 0 47
444 516770 I 1 0 11 0 26 1 0 516510 2 24 3 32 0 0 1 11 67 80 0 1 0
445 574547 I 0 0 0 1 0 4 0 574115 35 59 129 0 0 12 9 0 70 87 0 11 15
446 516714 R 2 0 0 4 0 147 0 2 102 1 73 0 0 0 516282 55 16 1 27 1 1
447 496020 M 2 0 3 0 0 0 0 207 32 96 495478 1 0 2 5 0 73 116 0 0 5
448 498507 M 0 0 8 2 0 1 0 199 51 40 497967 1 0 0 17 6 76 134 4 1 0
449 446069 E 4 1 41 445714 0 137 0 6 70 0 1 0 1 22 2 0 1 31 0 0 38
450 457690 G 14 63 75 0 2 457384 0 0 0 1 0 0 0 0 11 88 0 52 0 0 0
451 508102 A 507239 60 12 120 0 44 2 0 1 1 0 1 29 7 2 51 298 230 0 0 5
452 499050 K 1 0 0 63 0 0 0 14 498690 0 0 193 1 9 59 0 6 0 0 0 14
453 472257 P 21 0 0 0 0 0 1 0 1 40 0 1 472054 52 14 38 35 0 0 0 0
454 487628 E 5 5 28 487287 0 78 0 0 151 1 0 0 0 12 1 1 1 21 1 0 36
455 493847 E 7 0 39 493585 0 76 0 1 46 2 0 1 0 11 8 0 1 33 0 1 36
456 499117 M 1 6 0 0 0 1 0 125 44 23 498745 4 0 1 13 0 72 82 0 0 0
457 479327 S 4 24 1 1 47 0 0 0 0 2 0 0 93 1 0 479069 46 3 0 35 1
458 499357 F 1 3 0 1 498924 1 1 38 0 220 0 1 0 0 1 120 2 4 0 40 0
459 474107 Q 1 0 0 68 0 8 79 3 74 52 0 1 64 473330 370 1 1 0 0 0 55
460 422677 G 15 0 0 37 0 422405 0 0 0 0 0 0 1 0 166 2 8 32 11 0 0
461 400846 R 124 0 1 15 0 78 0 0 0 70 0 0 32 171 400242 0 0 0 113 0 0
462 350480 G 17 0 0 164 0 350125 0 0 0 1 0 0 2 5 84 0 0 23 0 0 59
463 337619 V 52 0 18 0 14 3 0 49 0 19 0 0 1 0 0 2 1 337459 0 0 1
464 353401 F 0 1 0 1 353105 1 0 22 0 159 0 1 0 2 0 76 0 4 1 27 1
465 407696 E 4 0 29 407441 0 74 0 0 80 1 0 2 0 15 0 3 0 11 0 0 36
466 341048 L 1 0 0 0 40 0 18 39 0 340864 1 0 62 0 2 2 0 17 0 0 2
467 360038 S 0 0 0 0 0 5 0 0 0 83 0 0 62 0 0 359815 12 1 17 0 43
468 396898 D 1 0 396561 57 0 123 13 0 1 0 0 68 1 0 0 1 28 15 1 27 1
469 467614 E 4 0 33 467178 2 94 1 1 181 0 2 0 2 14 31 0 4 27 0 0 40
470 505053 R 2 0 0 0 1 139 0 0 84 3 72 1 1 0 504668 48 11 0 23 0 0
471 494079 A 493649 1 0 52 0 66 0 0 1 1 0 0 24 2 0 36 69 178 0 0 0
472 506545 A 505818 2 2 63 0 21 0 0 1 2 0 0 27 3 2 121 299 184 0 0 0
473 553809 N 0 0 70 1 0 0 1 33 56 0 0 553525 0 1 0 88 10 0 0 24 0
474 544908 P 26 0 0 0 0 1 0 0 0 102 0 0 544594 70 22 53 39 0 0 0 1
475 519666 I 0 0 1 1 34 0 0 519422 1 8 12 57 0 1 1 2 50 76 0 0 0
476 473241 V 85 0 0 34 0 7 0 0 0 53 148 0 0 0 2 0 0 472910 1 0 1
477 466725 P 28 0 0 0 0 0 39 0 0 42 0 0 466483 0 10 64 59 0 0 0 0
478 450076 S 8 7 0 0 31 0 0 1 0 14 0 1 86 0 0 449865 20 0 1 41 1
479 510521 F 0 6 1 0 510160 2 0 13 0 185 0 0 0 0 0 118 0 6 1 22 7
480 516426 D 4 1 515911 70 0 92 25 2 0 0 1 156 0 1 1 0 68 42 0 51 1
481 454610 M 1 0 0 0 0 1 2 134 21 39 454279 0 0 0 7 2 61 63 0 0 0
482 577832 S 0 46 0 6 0 142 0 45 1 1 2 92 0 0 62 577417 17 1 0 0 0
483 656567 N 0 0 78 0 0 0 1 31 89 1 17 656252 0 2 0 68 5 0 0 20 3
484 585868 E 1 0 47 585510 0 54 0 0 120 0 0 0 1 25 0 1 0 56 0 0 53
485 529781 G 19 1 1 61 1 529367 0 0 0 0 0 0 0 0 206 1 0 63 0 0 61
486 539077 S 0 12 0 0 23 4 0 5 0 1 0 2 73 0 0 538887 29 0 0 41 0
487 540393 Y 0 61 1 0 18 0 84 4 1 5 0 8 1 0 0 2 0 0 0 540175 33
488 531133 F 0 2 0 0 530872 0 0 34 0 114 0 0 0 0 0 67 0 4 0 40 0
489 508060 F 0 1 0 0 507807 0 0 16 0 143 0 0 0 0 1 46 0 4 0 42 0
490 507598 G 11 0 0 28 0 507338 0 1 0 0 0 0 1 1 107 1 0 46 0 0 64
491 517355 D 7 0 516924 50 0 215 16 0 1 0 1 55 0 0 0 2 2 49 0 33 0
492 526609 N 0 1 110 0 0 0 7 28 62 1 1 526282 1 1 1 86 8 0 0 19 1
493 634319 A 633291 2 0 90 0 34 1 2 0 4 7 0 32 5 2 77 558 212 0 0 2
494 526551 E 11 1 76 526147 0 125 0 0 82 1 0 0 0 29 8 0 0 31 0 0 40
495 505716 E 10 0 58 505340 0 107 0 0 105 0 1 0 2 13 3 2 0 34 0 1 40
496 486527 Y 1 150 8 0 44 2 66 0 0 0 0 31 0 1 0 38 0 3 0 486108 75
497 453283 D 5 1 452165 417 0 380 17 1 1 3 0 189 1 0 1 0 1 52 0 49 0
498 351407 N 0 1 39 0 0 2 3 506 47 2 0 350733 2 1 4 36 6 3 1 16 5
