# nucleotide counts
# upper case indicates nucleotide called by both reads
# lower case indicates nucleotide called by one read with other ambiguous
# N indicates disagreement between reads, or both ambiguous
# POSITION WT COUNTS A T C G a t c g N
1 A 801050 800723 43 6 136 98 0 0 0 44
2 T 804995 65 804683 110 11 0 66 0 0 60
3 G 805285 144 61 13 804968 0 0 0 17 82
4 G 803249 53 37 18 803080 0 0 0 40 21
5 C 768182 54 232 767762 49 0 0 31 0 54
6 G 786106 185 29 14 785796 0 0 0 32 50
7 T 806741 38 806354 155 19 0 31 0 0 144
8 C 811901 33 109 811650 21 0 0 59 0 29
9 C 814115 65 87 813851 23 0 0 43 0 46
10 C 811811 100 89 811496 15 0 0 60 0 51
11 A 807822 807427 45 35 176 105 0 0 1 33
12 A 809088 808731 52 23 179 61 0 0 0 42
13 G 812471 227 84 15 812009 0 0 0 77 59
14 G 826393 131 31 54 826092 0 0 0 36 49
15 C 766536 65 97 766226 29 0 0 44 0 75
16 A 692896 692113 40 35 121 36 0 0 0 551
17 C 677643 30 69 677448 19 0 0 56 0 21
18 C 657885 92 37 657616 19 1 0 92 0 28
19 A 655711 655530 22 15 74 49 0 0 0 21
20 A 653180 653012 28 5 69 29 0 0 0 37
21 A 651226 650966 21 55 69 42 0 0 0 73
22 C 646952 30 152 646705 21 0 0 20 0 24
23 G 595520 82 27 15 595338 0 0 0 29 29
24 G 608663 54 20 8 608493 0 0 0 67 21
25 T 611311 27 610751 101 12 0 44 0 0 376
26 C 641520 43 58 641331 14 0 0 40 0 34
27 T 685769 27 685161 470 25 0 27 0 0 59
28 T 639504 1140 637971 280 4 0 94 0 0 15
29 A 643253 643010 43 11 109 53 0 0 0 27
30 T 634537 83 633003 156 1117 0 143 0 0 35
31 G 651687 1166 57 62 650318 0 0 0 33 51
32 A 672610 672176 68 38 195 56 0 0 0 77
33 A 622797 622246 63 250 134 16 0 1 0 87
34 C 603325 55 111 603057 35 0 0 37 0 30
35 A 539710 539429 54 19 133 46 0 0 0 29
36 G 621489 106 64 26 621214 0 0 0 64 15
37 A 646398 646121 44 3 126 43 0 0 0 61
38 T 649527 75 649278 74 23 0 34 0 0 43
39 G 654396 120 63 24 654116 0 0 0 33 40
40 G 640127 79 36 22 639848 0 0 0 116 26
41 A 644604 644316 25 11 148 53 0 0 0 51
42 A 659799 659551 20 8 130 65 0 0 0 25
43 A 661912 661600 45 31 90 30 0 0 0 116
44 C 716324 163 55 716007 10 0 0 49 0 40
45 T 669073 41 668734 180 20 0 24 0 0 74
46 G 686846 68 62 13 686610 0 0 0 72 21
47 A 683004 682620 58 4 162 87 0 0 0 73
48 T 685570 70 685296 93 17 0 56 0 0 38
49 G 684404 90 64 12 684176 0 0 0 14 48
50 G 692774 74 62 24 692539 0 0 0 49 26
51 G 688554 130 65 20 688281 0 0 0 29 29
52 G 694264 151 31 21 693997 0 0 0 42 22
53 A 668079 667798 22 7 194 18 0 0 0 40
54 A 671302 670981 20 24 152 20 0 0 0 105
55 C 684367 42 162 684037 34 0 0 15 0 77
56 G 680717 231 50 47 680261 0 0 0 21 107
57 C 690877 37 52 690678 28 0 0 60 0 22
58 C 686417 37 76 686208 23 0 0 52 0 21
59 A 681928 680522 45 985 239 86 0 0 0 51
60 G 696177 81 37 21 695949 0 0 0 61 28
61 A 692004 691757 21 34 91 40 0 0 0 61
62 A 710377 710123 55 31 108 28 0 0 0 32
63 T 673289 47 673045 89 41 0 22 0 0 45
64 G 689273 171 46 26 688933 0 0 0 49 48
65 C 701245 56 160 700892 37 0 0 51 0 49
66 A 670091 669804 28 19 113 76 0 0 0 51
67 A 712765 712478 66 8 100 25 0 0 0 88
68 C 706411 55 55 706236 19 0 0 33 0 13
69 T 694868 46 694472 176 20 0 96 0 0 58
70 G 700782 127 45 34 700467 0 0 0 87 22
71 A 654304 653852 58 8 230 104 0 0 0 52
72 G 699902 158 54 10 699607 0 0 0 29 44
73 A 646394 646159 34 13 103 30 0 0 0 55
74 T 700868 75 700507 100 33 0 25 0 1 127
75 C 660964 70 90 660667 75 0 0 29 0 33
76 A 621548 621092 54 26 225 92 0 0 0 59
77 G 645146 115 43 23 644900 0 0 0 37 28
78 A 641751 641424 38 23 130 80 0 0 0 56
79 G 671988 363 39 22 671428 0 0 0 84 52
80 C 655457 49 370 654929 27 0 0 53 0 29
81 A 618812 618344 199 27 100 48 0 0 0 94
82 T 634008 32 633757 114 21 0 19 0 0 65
83 C 636860 53 204 636539 22 0 0 22 0 20
84 C 643483 83 116 643177 16 0 0 29 0 62
85 G 628644 158 67 11 628361 0 0 0 14 33
86 T 632508 43 632199 91 35 0 18 0 0 122
87 C 631306 41 142 631057 17 0 0 25 0 24
88 G 634633 213 60 23 634221 0 0 0 79 37
89 G 637653 88 49 424 636973 0 0 0 92 27
90 G 651767 469 42 16 651171 0 0 0 49 20
91 A 648832 648599 39 4 101 24 0 0 0 65
92 A 646967 646740 37 15 110 19 0 0 0 46
93 G 633624 347 35 425 632702 0 0 0 46 69
94 A 622415 621885 49 273 93 52 0 0 0 63
95 T 614065 40 613391 252 289 0 61 0 0 32
96 G 621896 88 36 249 621432 0 0 0 57 34
97 A 646485 646192 95 12 120 19 0 0 0 47
98 T 645345 65 645083 99 12 0 37 0 0 49
99 T 630313 200 629851 190 17 0 34 0 0 21
100 G 632094 103 46 155 631713 0 0 0 64 13
101 A 628266 627844 195 34 108 36 0 0 0 49
102 T 617481 50 616971 330 77 0 17 0 0 36
103 G 610759 189 203 36 610239 0 0 0 27 65
104 G 631115 80 135 25 630799 0 0 0 48 28
105 A 613645 613233 50 85 155 64 0 0 0 58
106 A 597538 597311 38 10 110 45 0 0 0 24
107 T 600474 32 600289 84 19 0 19 0 0 31
108 T 593543 35 593310 64 11 0 74 0 0 49
109 G 599409 78 55 21 599196 0 0 0 19 40
110 G 590704 49 37 22 590504 0 0 0 38 54
111 A 570639 570213 41 15 210 34 0 0 0 126
112 C 583460 48 134 583137 21 0 0 78 0 42
113 G 514850 97 32 147 514502 0 0 0 43 29
114 A 578006 577677 38 116 70 63 0 0 0 42
115 T 586975 24 586759 109 6 0 20 0 0 57
116 T 545599 44 545374 122 6 0 26 0 0 27
117 C 547418 32 74 547256 23 0 0 11 0 22
118 T 537164 63 536771 197 4 1 84 0 0 44
119 A 552239 551625 53 13 393 54 0 0 0 101
120 C 549775 45 110 549238 302 0 0 22 0 58
121 A 500568 500234 24 194 67 19 0 0 0 30
122 T 510501 147 510146 105 25 0 32 0 0 46
123 C 471297 152 28 470945 84 0 0 51 0 37
124 C 474773 55 168 474479 20 0 0 30 0 21
125 A 472416 472104 25 14 193 47 0 0 0 33
126 A 455128 454885 106 2 36 58 0 0 0 41
127 A 454851 454664 22 81 40 24 0 0 0 20
128 T 434815 34 434652 64 5 0 27 0 0 33
129 G 514385 68 22 19 514181 0 0 0 35 60
130 T 489111 62 488696 80 15 0 33 0 0 225
131 G 491320 84 18 17 491159 0 0 0 13 29
132 C 490732 33 117 490524 24 0 0 12 0 22
133 A 483425 483096 50 8 92 15 0 0 0 164
134 C 479408 28 53 479270 10 0 0 22 0 25
135 T 460184 26 459963 111 13 0 33 0 0 38
136 G 507352 61 32 19 507185 0 0 0 26 29
137 A 530849 530687 17 2 68 49 0 0 0 26
138 A 554587 554236 38 7 116 48 0 0 0 142
139 C 590246 54 60 590072 7 0 0 31 0 22
140 T 589466 36 587961 1355 9 0 53 0 0 52
141 T 587729 918 586518 190 12 0 48 0 0 43
142 A 591551 590565 60 9 869 27 0 0 0 21
143 A 591385 591179 21 8 60 83 0 0 0 34
144 A 621803 621328 65 41 161 74 0 0 0 134
145 C 617624 62 61 616968 454 0 0 37 0 42
146 T 573644 173 573297 108 7 0 15 0 0 44
147 C 586361 131 77 586044 33 0 0 54 0 22
148 A 570658 570354 29 32 173 44 0 0 0 26
149 G 613186 62 43 8 613029 0 0 0 21 23
150 T 609619 9577 599671 84 35 0 13 0 0 239
151 G 665267 9505 44 8 655629 2 0 0 39 40
152 A 686747 677098 45 9402 100 40 0 3 0 59
153 T 645765 1457 644066 132 6 0 73 0 0 31
154 T 671588 28 669974 117 1401 0 53 0 0 15
155 A 673986 672461 59 1224 99 93 0 2 0 48
156 T 679436 83 679126 113 22 0 42 0 0 50
157 G 681049 104 40 20 680820 0 0 0 38 27
158 A 645361 644950 41 10 199 58 0 0 0 103
159 G 648220 99 94 16 647915 0 0 0 80 16
160 G 596759 97 58 23 596517 0 0 0 43 21
161 G 580829 79 28 20 580630 0 0 0 21 51
162 G 580108 87 38 21 579910 0 0 0 30 22
163 C 543342 49 153 543014 53 0 0 22 0 51
164 G 549308 144 45 25 549036 0 0 0 15 43
165 A 549401 549067 63 12 80 22 0 0 0 157
166 C 550645 26 50 550502 21 0 0 27 0 19
167 T 547151 62 546896 130 10 0 19 0 0 34
168 G 541311 111 31 11 541087 0 0 0 32 39
169 A 595676 595413 56 10 89 76 0 0 0 32
170 T 576276 40 574913 1178 3 0 56 0 0 86
171 C 566794 51 1156 565501 11 0 0 50 0 25
172 C 566398 54 51 566202 19 0 0 46 0 26
173 A 546306 546001 42 9 116 94 0 0 0 44
174 G 550177 92 28 12 550010 0 0 0 9 26
175 A 525469 525326 33 7 60 17 0 0 0 26
176 A 526100 525895 32 17 84 15 0 0 0 57
177 C 528632 57 62 528426 16 0 0 49 0 22
178 A 412241 412099 9 8 57 41 0 0 0 27
179 G 422644 49 29 16 422518 0 0 0 20 12
180 C 418806 32 28 418695 16 0 0 18 0 17
181 T 417316 20 417172 71 12 0 24 0 0 17
182 T 421697 55 421488 96 6 0 32 0 0 20
183 A 415277 411356 25 3 3790 74 0 0 1 28
184 A 441078 440842 35 44 66 38 0 0 0 53
185 C 461969 54 56 461752 12 0 0 47 0 48
186 A 436709 436515 49 17 61 42 0 0 0 25
187 A 449183 446788 2254 19 67 29 0 0 0 26
188 T 407282 40 406612 140 392 0 43 0 0 55
189 A 423689 423477 31 11 130 21 0 0 0 19
190 G 431013 32 37 8 430892 0 0 0 18 26
191 A 440035 439609 250 3 105 32 0 0 0 36
192 G 445317 105 23 9 445115 0 0 0 23 42
193 A 408589 408389 28 5 80 39 0 0 0 48
194 G 430763 32 25 13 430633 0 0 0 18 42
195 A 433703 433521 31 7 97 26 0 0 0 21
196 A 447139 446982 26 5 69 31 0 0 0 26
197 T 450234 50 450014 52 12 0 20 0 0 86
198 G 438682 35 31 20 438492 0 0 0 50 54
199 G 444292 87 30 6 444086 0 0 0 55 28
200 T 417938 55 417213 68 9 0 67 0 0 526
201 G 452005 110 36 22 451763 0 0 0 23 51
202 C 451438 34 58 451220 12 0 0 77 0 37
203 T 453121 23 452880 79 6 0 49 0 0 84
204 C 463304 29 44 463184 7 0 0 16 0 24
205 T 463057 34 462874 81 7 0 25 0 0 36
206 C 501847 35 23 501720 13 0 0 22 0 34
207 T 498989 46 498746 121 13 0 34 0 0 29
208 G 506863 155 34 14 506608 0 0 0 22 30
209 C 507408 41 57 507252 27 0 0 12 0 19
210 T 494996 21 494774 117 18 0 14 0 0 52
211 T 507138 21 507007 54 15 0 23 0 0 18
212 T 497781 17 497640 60 9 0 36 0 0 19
213 T 481525 29 481288 97 52 0 19 0 0 40
214 G 485528 109 24 14 485327 0 0 0 4 50
215 A 479805 479450 33 125 91 27 0 0 0 79
216 C 491502 50 197 491044 155 0 0 30 0 26
217 G 475803 127 26 13 475569 0 0 0 32 36
218 A 449450 449272 38 2 72 33 0 0 0 33
219 A 450559 450428 17 10 70 13 0 0 0 21
220 A 452572 452373 20 5 114 35 0 0 0 25
221 G 456701 80 17 14 456532 0 0 0 46 12
222 A 463519 463326 25 7 104 28 0 0 0 29
223 A 463198 463003 16 28 99 26 0 0 0 26
224 G 481814 58 45 6 481658 0 0 0 31 16
225 G 533115 85 29 19 532907 0 0 0 45 30
226 A 523273 523046 33 5 120 36 0 0 0 33
227 A 541577 541353 46 5 87 36 0 0 0 50
228 T 517017 67 516718 149 10 0 47 0 0 26
229 A 513569 513337 43 12 86 75 0 0 0 16
230 A 513637 513475 22 5 61 33 0 0 0 41
231 A 508123 501519 53 12 6475 54 0 0 0 10
232 T 510131 6359 503560 109 8 0 34 0 0 61
233 A 466214 461074 50 4985 44 35 0 0 0 26
234 T 408331 1324 406870 82 8 0 23 0 0 24
235 C 415961 1319 63 414501 14 0 0 27 0 37
236 T 389551 37 389357 108 11 0 24 0 0 14
237 G 391978 104 34 16 391753 0 0 0 47 24
238 G 382325 48 28 964 381249 0 0 0 22 14
239 A 376384 376237 20 4 61 24 0 0 0 38
240 A 358810 358653 16 8 95 13 0 0 0 25
241 G 374372 43 18 7 374240 0 0 0 36 28
242 A 364836 364706 14 0 55 34 0 0 0 27
243 A 405975 405775 25 9 72 15 0 0 0 79
244 C 408912 40 71 408746 7 0 0 9 0 39
245 A 389679 389522 18 33 46 28 0 0 0 32
246 T 524862 41 524577 95 12 0 27 0 0 110
247 C 515604 31 57 515462 7 0 0 21 0 26
248 C 539085 56 47 538924 15 0 0 14 0 29
249 C 540278 47 67 540097 15 1 0 19 0 32
250 A 516134 515885 8 34 117 57 0 0 0 33
251 G 562599 80 32 24 562415 0 0 0 21 27
252 C 557251 41 125 556970 58 0 0 16 0 41
253 G 550947 255 34 61 550538 0 0 0 10 49
254 C 558491 32 93 558258 66 0 0 13 0 29
255 G 556976 138 60 63 556646 0 0 0 44 25
256 G 607192 60 50 15 607006 0 0 0 32 29
257 G 599878 77 48 13 599658 0 0 0 53 29
258 G 624955 94 42 22 624670 0 0 0 110 17
259 A 626816 626460 45 27 210 32 0 0 0 42
260 A 622971 622655 38 12 140 90 0 0 0 36
261 G 636411 140 107 18 636034 0 0 0 89 23
262 G 645919 108 47 17 645679 0 0 0 56 12
263 A 644669 644418 57 3 87 35 0 0 0 69
264 T 643216 48 642903 132 22 0 30 0 0 81
265 C 615264 40 67 615072 11 0 0 29 0 45
266 C 605863 65 70 605635 18 0 0 50 0 25
267 T 587291 33 586862 334 6 0 37 0 0 19
268 A 587498 587339 19 15 81 22 0 0 0 22
269 A 587299 587150 17 7 83 20 0 0 0 22
270 G 586922 93 24 6 586757 0 0 0 24 18
271 A 564231 564066 32 4 65 46 0 0 0 18
272 A 553114 552954 13 1 72 27 0 0 0 47
273 A 542779 542655 5 5 72 17 0 0 0 25
274 A 512572 512343 26 41 48 45 0 0 0 69
275 C 517172 31 33 516973 5 0 0 27 0 103
276 T 496744 18 496569 86 19 0 27 0 0 25
277 G 493632 76 31 27 493445 0 0 0 25 28
278 G 491559 44 25 6 491459 0 0 0 12 13
279 A 485867 485580 28 6 135 66 0 0 0 52
280 G 480244 50 42 15 480075 0 2 0 41 19
281 G 475258 47 25 9 475121 0 0 0 12 44
282 A 462357 461881 45 7 88 7 0 0 0 329
283 C 497240 35 59 497088 12 0 0 24 0 22
284 C 487483 38 35 487351 10 0 0 27 0 22
285 C 485758 53 69 485574 13 0 0 29 0 20
286 A 535284 535059 57 11 84 25 0 0 0 48
287 T 524912 48 524685 63 16 0 66 0 0 34
288 A 611815 611617 47 11 62 33 0 0 0 45
289 T 609769 69 609452 142 17 0 48 0 0 41
290 A 548136 547738 64 13 83 150 0 0 0 88
291 C 556386 46 71 556180 11 0 0 56 0 22
292 A 480010 479764 21 8 127 70 0 0 0 20
293 A 481204 481012 31 11 112 14 0 0 0 24
294 G 474560 84 27 6 474331 0 0 0 59 53
295 A 361809 361637 23 6 64 51 0 0 0 28
296 G 366694 32 17 7 366581 0 0 0 42 15
297 A 341855 341716 18 2 70 28 0 0 0 21
298 G 348978 38 23 5 348883 0 0 0 15 14
299 T 356780 24 355820 44 6 0 22 0 0 864
300 A 368294 368102 31 12 97 16 0 0 0 36
301 G 396626 50 27 8 396498 0 0 0 34 9
302 A 393186 393013 35 4 46 48 0 0 0 40
303 T 418052 45 417794 111 8 0 64 0 0 30
304 A 413382 413268 17 3 67 10 0 0 0 17
305 G 419651 52 16 12 419500 0 0 0 43 28
306 A 418768 418630 21 3 85 11 0 0 0 18
307 A 418778 418679 23 4 52 8 0 0 0 12
308 A 417865 417748 11 3 82 9 0 0 0 12
309 G 432423 79 11 4 432282 0 0 0 23 24
310 T 433777 45 433324 45 13 0 18 0 0 332
311 G 442814 78 34 10 442653 0 0 0 14 25
312 G 443639 33 20 4 443563 0 0 0 3 16
313 A 443647 443461 37 5 95 16 0 0 0 33
314 T 447859 30 447659 60 10 0 47 0 0 53
315 G 463109 71 28 10 462923 0 0 0 43 34
316 A 467007 466763 43 9 118 40 0 0 0 34
317 G 468767 64 57 9 468527 0 0 0 46 64
318 G 466164 67 40 23 465970 0 0 0 37 27
319 G 468040 216 33 17 467653 0 0 0 74 47
320 A 470875 470661 23 3 79 51 0 0 0 58
321 A 472763 472402 21 8 78 21 0 0 0 233
322 C 474799 36 44 474673 8 0 0 16 0 22
323 T 471261 29 471068 82 2 0 10 0 0 70
324 C 463938 46 93 463716 15 0 0 32 0 36
325 G 453469 110 12 14 453296 0 0 0 19 18
326 T 467894 31 467610 82 8 0 33 0 0 130
327 C 499436 19 45 499282 20 0 0 23 0 47
328 C 524634 54 38 524437 13 0 0 52 0 40
329 T 537136 18 536908 127 6 0 20 0 0 57
330 T 536627 30 536479 55 3 0 40 0 0 20
331 T 521863 44 521622 144 3 0 12 0 0 38
332 A 485222 484985 55 2 69 70 0 0 0 41
333 T 479927 45 479753 64 25 0 12 0 0 28
334 G 482357 223 24 15 482004 0 0 0 35 56
335 A 424544 424259 52 18 88 30 0 0 0 97
336 C 430688 29 77 430469 23 0 0 20 0 70
337 A 379223 379114 14 20 48 11 0 0 0 16
338 A 384562 384450 21 1 53 22 0 0 0 15
339 A 390843 390566 22 6 203 21 0 0 0 25
340 G 449197 76 17 11 449012 0 0 0 44 37
341 A 464098 463929 21 7 73 33 0 0 0 35
342 A 458786 458604 11 9 97 45 0 0 0 20
343 G 515426 66 17 10 515181 1 0 0 66 85
344 A 541944 541644 28 2 100 114 0 0 0 56
345 A 543815 543638 24 7 80 30 0 0 0 36
346 A 544605 544415 37 9 98 18 0 0 0 28
347 T 538870 65 538456 117 7 0 58 0 0 167
348 A 533056 532864 25 2 116 36 0 0 0 13
349 A 528225 528002 27 15 106 32 0 0 0 43
350 G 528960 68 42 3 528795 0 0 0 29 23
351 G 528807 31 18 8 528706 0 0 0 21 23
352 C 509780 32 86 509546 42 0 0 20 0 54
353 G 506720 94 21 17 506461 0 0 0 27 100
354 A 520573 520425 17 1 58 36 0 0 0 36
355 A 539940 539777 15 5 63 30 0 0 0 50
356 T 537796 25 537552 66 2 0 25 0 0 126
357 C 537689 31 31 537568 11 0 0 21 0 27
358 T 524683 36 524357 124 20 0 46 0 0 100
359 G 531627 95 45 13 531381 0 0 0 56 37
360 G 516192 50 20 11 516060 0 0 0 24 27
361 C 523552 30 131 523226 25 0 0 50 0 90
362 G 523593 119 31 37 523297 0 0 0 34 75
363 C 519131 18 37 519017 6 0 0 28 0 25
364 C 503533 34 55 503000 10 0 0 25 0 409
365 A 502416 502261 20 11 81 19 0 0 0 24
366 A 524237 524081 27 9 67 21 0 0 0 32
367 G 588803 113 28 23 588569 0 0 0 34 36
368 C 586290 23 89 586091 36 0 0 25 0 26
369 C 620177 48 68 619945 19 0 0 44 0 53
370 A 620849 620621 17 36 79 46 1 0 0 49
371 A 628901 628678 51 6 61 69 0 0 0 36
372 T 641800 86 641495 144 2 0 17 0 0 56
373 A 634298 633954 62 5 94 144 0 0 0 39
374 A 638146 637895 39 10 96 65 0 0 0 41
375 T 606500 58 606272 66 12 0 44 0 0 48
376 G 570130 81 45 12 569905 0 0 0 57 30
377 G 521291 61 26 12 521107 0 0 0 70 15
378 T 477505 43 476857 84 22 0 28 0 0 471
379 G 480020 96 29 13 479834 0 0 0 32 16
380 A 475764 475562 32 4 90 49 0 0 0 27
381 T 475497 50 475298 74 2 0 28 0 0 45
382 G 470932 121 20 3 470746 0 0 0 23 19
383 A 473780 473577 51 4 94 22 0 0 0 32
384 T 483196 50 483013 74 3 0 21 0 0 35
385 G 477674 128 20 19 477430 0 0 0 36 41
386 C 471599 33 75 471395 29 0 0 19 0 48
387 A 466906 466743 16 3 91 25 0 0 0 28
388 A 461556 461331 33 6 56 42 0 0 0 88
389 C 445129 22 31 445026 8 0 0 24 0 18
390 A 433505 433384 17 12 54 6 0 0 0 32
391 G 435379 38 25 15 435256 0 0 0 18 27
392 C 421012 25 24 420911 12 0 0 17 0 23
393 T 404556 28 404280 56 140 0 34 0 0 18
394 G 474472 284 36 16 474045 0 0 0 24 67
395 G 487474 63 368 11 486989 0 1 0 21 21
396 T 488110 421 487415 64 8 0 8 0 0 194
397 C 525478 669 59 524687 10 0 0 18 0 35
398 T 509837 26 509592 130 9 0 46 0 0 34
399 G 588847 126 53 1150 587391 1 0 0 71 55
400 A 590922 590506 48 10 124 53 0 0 0 181
401 C 627479 38 75 627274 21 0 0 43 0 28
402 T 639849 47 639498 188 17 0 44 0 0 55
403 C 638855 51 77 638566 18 0 0 92 0 51
404 A 633931 633572 55 19 94 14 0 0 0 177
405 C 686910 56 81 686660 26 0 0 68 0 19
406 A 686739 686470 39 22 138 28 0 0 0 42
407 T 705548 50 705265 121 8 0 72 0 0 32
408 G 668754 114 36 23 668493 0 0 0 53 35
409 A 691541 691174 52 8 116 136 0 0 0 55
410 T 669415 52 669206 94 9 0 16 0 0 38
411 G 675814 105 38 20 675567 0 0 0 57 27
412 A 660859 660640 42 5 93 36 0 0 0 43
413 T 655591 38 655329 81 6 0 60 0 0 77
414 C 601270 46 57 601059 16 0 0 56 0 36
415 T 594194 54 593891 167 18 0 26 0 0 38
416 G 576840 102 43 16 576613 0 0 0 32 34
417 G 580614 81 41 24 580405 0 0 0 42 21
418 C 569416 38 109 569092 32 0 0 39 0 106
419 A 565919 565726 35 9 80 28 0 0 0 41
420 T 556653 17 556492 84 14 0 7 0 0 39
421 T 552355 30 552193 87 5 0 8 0 0 32
422 C 553286 42 59 553112 10 0 0 29 0 34
423 C 551304 47 70 551094 16 0 0 38 0 39
424 A 550550 550392 18 11 79 25 0 0 0 25
425 A 547187 547088 21 3 45 11 0 0 0 19
426 T 541800 24 541675 56 6 0 9 0 0 30
427 T 541230 23 541081 64 5 0 41 0 0 16
428 T 535686 25 535489 84 6 0 45 0 0 37
429 G 538542 95 25 14 538368 0 0 0 14 26
430 A 525006 524825 35 6 103 7 0 0 0 30
431 A 524542 524417 8 8 68 13 0 0 0 28
432 T 531042 38 530798 66 13 0 53 0 0 74
433 G 497904 69 31 14 497710 0 0 0 45 35
434 A 541416 541228 49 13 76 34 0 0 0 16
435 T 538114 43 537935 69 6 0 26 0 0 35
436 A 538471 538108 43 8 161 64 0 0 0 87
437 C 577738 54 83 577480 23 0 0 61 0 37
438 A 552627 552279 18 21 136 124 0 0 0 49
439 A 647002 646696 61 6 104 54 0 0 0 81
440 C 653769 50 66 653567 25 0 0 31 0 30
441 A 654546 654284 32 29 81 84 0 0 0 36
442 T 672944 39 672708 95 9 0 47 0 0 46
443 A 564258 563732 52 16 70 93 0 0 0 295
444 C 581773 49 68 581583 23 0 0 25 0 25
445 C 584193 51 63 583999 20 0 0 38 0 22
446 A 575396 575074 42 23 178 38 0 0 0 41
447 G 595393 89 40 17 595150 0 0 0 71 26
448 A 533434 533185 33 19 102 67 0 0 0 28
449 G 584150 88 45 17 583942 0 0 0 29 29
450 G 577873 94 30 15 577690 0 0 0 21 23
451 A 583305 582936 78 11 110 26 0 0 0 144
452 C 593443 22 68 593266 19 0 0 41 0 27
453 A 584329 584046 38 11 94 79 0 0 0 61
454 A 596632 596374 40 14 102 52 0 0 0 50
455 G 618077 102 21 12 617892 0 0 0 32 18
456 A 639003 638722 21 18 111 37 0 0 0 94
457 G 663319 85 43 22 663121 0 0 0 19 29
458 C 693399 44 54 693208 20 0 0 22 0 51
459 T 692426 26 692164 128 8 0 39 0 0 61
460 C 701394 32 47 701254 9 0 0 27 0 25
461 T 699340 53 699086 101 8 0 46 0 0 46
462 T 710188 47 709993 75 7 0 31 0 0 35
463 G 716578 83 24 10 716427 0 0 0 18 16
464 T 725161 56 724919 90 12 0 31 0 0 53
465 T 723997 38 723765 95 8 0 48 0 0 43
466 C 728949 57 172 728611 24 0 0 35 0 50
467 G 725766 271 42 34 725292 0 0 0 57 70
468 C 744825 57 112 744503 29 0 0 64 0 60
469 A 737252 736644 44 18 91 32 0 0 0 423
470 C 741259 34 167 740941 19 0 0 69 0 29
471 C 735464 88 194 735039 45 0 0 65 0 33
472 G 750960 251 54 19 750525 0 0 0 79 32
473 G 758468 194 46 28 758126 0 0 0 41 33
474 C 794293 74 156 793916 39 0 0 36 0 72
475 A 799188 798878 58 15 145 32 0 0 0 60
476 T 849688 33 849347 119 18 0 76 0 0 95
477 G 847999 139 92 28 847625 0 0 0 78 37
478 G 892552 109 44 17 892293 0 0 0 51 38
479 A 937996 937669 49 9 146 52 0 0 0 71
480 T 957142 79 956609 193 13 0 88 0 0 160
481 C 891374 65 117 891054 31 0 0 75 0 32
482 C 848235 108 90 847845 35 0 0 99 0 58
483 C 794381 115 110 793996 19 0 0 97 0 44
484 A 806839 806453 22 43 230 41 0 0 0 50
485 G 848147 99 66 15 847814 0 0 0 70 83
486 G 822784 131 38 27 822526 0 0 0 44 18
487 A 785456 785110 62 5 143 28 0 0 0 108
488 T 698043 40 697827 62 23 0 61 0 0 30
489 G 714828 126 40 15 714515 0 0 0 89 43
490 T 693235 74 692715 114 10 0 125 0 0 197
491 G 697705 237 61 25 697197 0 0 0 139 46
492 C 702384 57 96 702114 27 0 0 48 0 42
493 T 682733 34 682433 124 22 0 46 0 0 74
494 C 703683 52 41 703502 21 0 0 35 0 32
495 T 676247 36 676004 107 8 0 44 0 0 48
496 C 687834 96 47 687600 26 0 0 37 0 28
497 T 686091 61 685772 156 18 0 28 0 0 56
498 G 656382 85 44 14 656167 0 0 0 47 25
499 A 658370 658137 51 7 90 42 0 0 0 43
500 T 648220 44 647971 90 8 0 58 0 0 49
501 G 642075 172 49 32 641769 0 0 0 28 25
502 C 644117 63 136 643830 23 0 0 37 0 28
503 A 611087 610726 43 14 206 13 0 0 0 85
504 G 616831 75 55 14 616647 0 0 0 20 20
505 G 589403 41 18 14 589218 0 0 0 50 62
506 G 610871 63 29 8 610670 0 0 0 68 33
507 T 592274 22 591334 88 12 0 40 0 0 778
508 T 595502 38 595334 66 6 0 28 0 0 30
509 C 595823 45 164 595547 18 0 0 16 0 33
510 G 595982 187 41 17 595666 0 0 0 38 33
511 A 601657 600536 60 12 141 49 0 0 0 859
512 C 597214 28 68 597022 12 0 0 60 0 24
513 T 582759 26 582482 125 8 0 34 0 0 84
514 C 647008 40 48 646798 15 0 0 77 0 30
515 T 658545 55 658120 204 13 0 36 0 0 117
516 C 828480 49 186 828127 23 0 0 59 0 36
517 C 815014 85 74 814765 28 0 0 28 0 34
518 C 813013 84 90 812662 21 0 0 129 0 27
519 T 808460 67 808142 148 10 1 40 0 0 52
520 A 877119 876600 49 12 166 207 0 0 0 85
521 G 832302 78 64 19 832009 0 0 0 92 40
522 G 808633 112 38 14 808358 0 0 0 80 31
523 A 741599 741230 42 9 160 40 0 0 0 118
524 G 747105 72 30 16 746906 0 0 0 68 13
525 G 708683 86 22 13 708469 0 0 0 40 53
526 T 695441 36 694674 118 18 0 38 0 0 557
527 C 688733 41 58 688557 13 0 0 27 0 37
528 T 705430 61 704953 290 45 0 41 0 0 40
529 G 706356 97 61 16 706051 0 0 0 105 26
530 G 709423 69 37 15 709203 0 0 0 76 23
531 A 707506 707202 38 9 153 35 0 0 0 69
532 G 722908 76 36 14 722741 0 0 0 20 21
533 C 715176 57 84 714923 18 0 0 33 0 61
534 T 694042 18 693751 163 14 0 46 0 0 50
535 G 696124 265 55 24 695620 0 0 0 63 97
536 C 700615 53 159 700320 31 0 0 18 0 34
537 A 703013 702479 62 36 365 19 0 0 0 52
538 G 722267 84 44 10 722088 0 0 0 17 24
539 G 733716 70 21 26 733545 0 0 0 43 11
540 C 730161 65 140 729813 38 0 0 52 0 53
541 G 722320 193 40 17 722017 0 0 0 22 31
542 C 728737 46 59 728564 17 0 0 25 0 26
543 T 717926 33 717582 221 14 0 33 0 0 43
544 G 742590 267 50 23 742133 0 0 0 33 84
545 C 731753 52 335 731270 34 0 0 22 0 40
546 A 773460 773092 39 28 206 43 0 0 0 52
547 G 797322 93 29 14 797059 0 0 0 88 39
548 T 805405 61 804967 111 60 0 86 0 0 120
549 C 816166 50 141 815758 25 0 0 138 0 54
550 A 810165 809717 43 69 128 169 0 0 0 39
551 A 802492 802246 39 18 102 54 0 0 0 33
552 A 802583 801885 72 62 477 57 0 0 0 30
553 G 776528 112 62 13 776256 0 0 0 65 20
554 G 799694 135 32 9 799431 0 0 0 45 42
555 A 712714 712303 48 10 194 34 0 0 0 125
556 G 700083 176 31 17 699801 0 0 0 28 30
557 T 682864 48 682384 87 22 0 36 0 0 287
558 T 662422 37 662142 84 26 0 101 0 0 32
559 G 672186 78 69 14 671892 0 0 0 100 33
560 G 673901 122 39 22 673662 0 0 0 27 29
561 G 676997 118 45 27 676748 0 0 0 27 32
562 A 661104 660684 73 35 142 35 0 0 0 135
563 C 591820 58 104 591543 14 0 0 58 0 43
564 A 526022 525761 35 13 79 78 0 0 0 56
565 A 430547 430373 41 1 56 25 0 0 0 51
566 T 433527 23 433393 40 13 0 22 0 0 36
567 G 445422 63 33 7 445237 0 0 0 38 44
568 G 453058 44 19 8 452931 0 0 0 37 19
569 T 415701 33 414866 64 6 0 25 0 0 707
570 G 415787 63 42 14 415634 0 0 0 17 17
571 A 412082 411919 37 6 74 12 0 0 0 34
572 T 412783 36 412635 41 7 0 26 0 0 38
573 G 406279 53 33 12 406141 0 0 0 17 23
574 G 374624 49 14 12 374507 0 0 0 26 16
575 A 448174 447879 37 5 146 27 0 0 0 80
576 G 469809 102 16 6 469644 0 0 0 28 13
577 T 459470 33 459181 59 12 0 27 0 0 158
578 T 521601 31 521385 81 7 0 65 0 0 32
579 G 555001 102 29 13 554787 0 0 0 43 27
580 A 558526 558260 62 3 93 67 1 0 0 40
581 T 544859 37 544675 82 9 0 36 0 0 20
582 A 541166 540949 19 3 86 64 0 0 0 45
583 A 528965 528745 33 10 116 34 0 0 0 27
584 G 560289 74 54 8 560105 0 0 0 22 26
585 G 592890 98 34 6 592692 0 0 0 19 41
586 A 595319 595073 50 2 115 34 0 0 0 45
587 T 544829 46 544601 95 7 0 34 0 0 46
588 G 562576 59 26 14 562391 0 0 0 61 25
589 A 566574 566277 46 3 122 85 0 0 0 41
590 T 568324 76 568016 82 6 0 101 0 0 43
591 C 564729 48 65 564554 21 0 0 16 0 25
592 A 560643 560452 10 29 88 36 0 0 0 28
593 A 544002 543845 13 8 63 36 0 0 0 37
594 A 546025 545767 15 64 82 38 0 0 0 59
595 C 534553 41 83 534355 37 0 0 5 0 32
596 G 524823 81 34 14 524658 0 0 0 13 23
597 T 506706 24 506371 52 23 0 19 0 0 217
598 G 499801 94 45 12 499603 0 0 0 25 22
599 G 506215 72 50 11 506002 0 0 0 67 13
600 G 522885 87 30 11 522684 0 0 0 48 25
601 A 524987 524734 48 5 120 33 0 0 0 47
602 T 525749 24 525556 101 1 0 20 0 0 47
603 C 515851 38 62 515680 9 0 0 24 0 38
604 A 510105 509882 18 10 112 9 0 0 0 74
605 A 510666 510535 16 3 81 17 0 0 0 14
606 T 509211 34 509061 65 11 0 13 0 0 27
607 G 519566 61 24 8 519418 0 0 0 37 18
608 A 510619 510436 50 11 59 32 0 0 0 31
609 T 480095 36 479924 53 3 0 32 0 0 47
610 C 497723 47 102 497517 11 0 0 18 0 28
611 G 496083 130 47 20 495819 0 0 0 47 20
612 G 544105 77 30 20 543903 0 0 0 46 29
613 A 545368 545203 23 3 74 28 0 0 0 37
614 A 530147 529834 24 14 103 23 0 0 0 149
615 C 662896 40 46 662681 27 0 0 74 0 28
616 T 647603 34 647332 116 23 0 50 0 0 48
617 T 635733 27 635513 77 6 0 63 0 0 47
618 C 646864 55 70 646667 20 0 0 28 0 24
619 T 649463 71 648976 166 19 0 163 0 0 68
620 G 652557 123 66 20 652307 0 0 0 18 23
621 G 659265 90 41 26 659032 0 0 0 55 21
622 A 649554 649160 40 5 208 38 0 0 0 103
623 G 625076 58 38 6 624905 0 0 0 55 14
624 A 507392 507082 46 27 133 37 0 0 0 67
625 G 544557 51 39 12 544367 0 0 0 63 25
626 G 576700 69 13 15 576505 0 0 0 61 37
627 T 549278 50 546893 130 48 0 83 0 0 2074
628 G 544134 72 66 10 543952 0 0 0 9 25
629 A 542526 542248 35 7 129 59 0 0 0 48
630 A 548138 547959 31 9 104 19 0 0 0 16
631 A 552466 552332 17 5 69 11 0 0 0 32
632 A 547863 547640 75 10 83 31 0 0 0 24
633 T 530494 34 530288 65 25 0 44 0 0 38
634 G 503270 86 37 15 503086 0 0 0 12 34
635 G 501660 47 25 15 501543 0 0 0 19 11
636 A 501852 501608 41 7 117 18 0 0 0 61
637 C 491103 60 132 490852 21 0 0 9 0 29
638 G 488536 94 18 17 488362 0 0 0 19 26
639 A 488615 488437 26 9 84 26 0 0 0 33
640 A 492724 492616 8 5 57 26 0 0 0 12
641 A 493976 493824 14 5 41 30 0 0 0 62
642 A 486140 486042 9 13 46 14 0 0 0 16
643 A 483397 483131 31 118 63 17 0 0 0 37
644 C 474919 48 38 474786 3 0 0 21 0 23
645 A 473103 472910 20 13 107 28 0 0 0 25
646 A 470421 470212 28 9 107 36 0 0 0 29
647 G 479897 71 47 9 479744 0 0 0 7 19
648 G 456963 59 39 11 456730 0 0 0 104 20
649 A 436339 436111 17 5 96 73 0 0 0 37
650 G 443638 77 20 7 443480 0 0 0 26 28
651 T 419741 35 418783 68 11 0 16 0 0 828
652 G 439123 92 32 12 438942 0 0 0 21 24
653 C 433850 38 49 433707 20 0 0 10 0 26
654 T 427754 21 427627 50 8 0 34 0 0 14
655 T 459171 19 459039 69 2 0 7 0 0 35
656 A 437613 437393 25 19 55 69 0 0 0 52
657 C 483018 40 132 482754 31 0 0 34 0 27
658 G 482567 88 24 8 482354 0 0 0 68 25
659 A 435637 435446 34 12 76 36 0 0 0 33
660 G 483087 56 28 8 482905 0 0 0 46 44
661 A 390383 390163 20 14 118 25 0 0 0 43
662 G 401959 62 24 12 401795 0 0 0 28 38
663 A 392551 392364 17 7 109 15 0 0 0 39
664 A 340692 340576 27 4 53 15 0 0 0 17
665 T 343598 41 343474 32 11 0 14 0 0 26
666 G 357799 83 17 8 357638 0 0 0 23 30
667 T 420445 73 420040 93 19 0 11 0 0 209
668 G 441749 75 46 19 441558 0 0 0 26 25
669 C 444583 26 100 444367 38 0 0 18 0 34
670 A 439200 439007 25 25 73 50 0 0 0 20
671 A 449955 449713 48 7 64 48 0 0 0 75
672 C 483709 29 54 483529 12 0 0 62 0 23
673 A 480614 480464 26 11 59 22 0 0 0 32
674 T 468371 16 468183 105 7 0 34 0 0 26
675 T 468696 24 468506 75 7 0 54 0 0 30
676 C 476873 25 39 476751 10 0 0 22 0 26
677 T 476153 41 475943 113 1 0 9 0 0 46
678 C 495780 31 61 495624 15 0 0 9 0 40
679 A 493617 493463 21 10 73 18 0 0 0 32
680 A 494980 494849 24 8 71 13 0 0 0 15
681 A 494481 494243 15 11 145 37 0 0 0 30
682 G 506720 55 31 8 506552 0 0 0 63 11
683 G 520008 53 30 13 519828 0 0 0 46 38
684 A 516677 516453 51 3 109 29 0 0 0 32
685 A 515400 515225 20 6 70 45 0 0 0 34
686 A 515772 515597 19 7 57 48 0 0 0 44
687 A 544688 544475 80 6 62 37 0 0 0 28
688 T 546118 43 545945 74 6 0 10 0 0 40
689 T 537246 13 537129 65 2 0 10 0 0 27
690 T 536212 40 536001 98 3 0 21 0 0 49
691 C 513215 36 81 513008 13 0 0 51 0 26
692 A 511347 511113 16 22 151 23 0 0 0 22
693 A 510853 510706 10 10 73 20 0 0 0 34
694 A 511262 511053 19 38 68 26 0 0 0 58
695 C 530891 29 35 530768 9 0 0 25 0 25
696 A 500237 500071 14 8 75 18 0 0 0 51
697 G 516275 55 27 10 516094 0 0 0 55 34
698 C 521790 43 53 521614 12 0 0 41 0 27
699 T 474222 20 473970 108 13 0 50 0 0 61
700 G 502794 184 23 18 502489 0 0 0 21 59
701 C 421429 41 64 421212 37 0 0 41 0 34
702 A 423678 423404 39 22 70 15 1 0 0 127
703 C 416548 44 72 416362 11 0 0 20 0 39
704 A 414991 414803 16 28 75 44 0 0 0 25
705 A 413591 413445 25 7 60 29 0 0 0 25
706 A 399854 399614 12 12 171 17 0 0 0 28
707 G 439009 107 49 9 438772 0 0 0 43 29
708 G 440531 82 14 18 440345 0 0 0 38 34
709 G 417831 72 24 35 417644 0 0 0 26 30
710 C 414173 38 104 413895 76 0 0 23 0 37
711 A 407817 407638 22 10 73 46 0 0 0 28
712 A 441613 441444 29 8 68 38 0 0 0 26
713 T 418679 44 418505 61 16 0 24 0 0 29
714 G 420617 77 39 15 420440 0 0 0 17 29
715 A 391894 391702 39 6 89 39 0 0 0 19
716 T 410458 38 410197 78 15 0 76 0 0 54
717 G 408527 90 43 10 408340 0 0 0 18 26
718 G 447901 73 41 16 447714 0 0 0 39 18
719 A 448026 447806 55 4 88 20 0 0 0 53
720 T 439818 33 439621 68 18 0 52 0 0 26
721 C 422105 24 43 421961 14 0 0 48 0 15
722 A 424188 423946 44 7 128 36 0 0 0 27
723 A 479293 479101 37 6 101 20 0 0 0 28
724 G 484236 107 17 4 484061 0 0 0 36 11
725 T 484712 43 484379 94 8 0 22 0 0 166
726 G 489768 83 36 13 489587 0 0 0 23 26
727 A 480845 480616 51 5 104 40 0 0 0 29
728 G 496070 94 27 9 495900 0 0 0 24 16
729 A 494516 494256 44 10 145 23 0 0 0 38
730 G 497664 65 34 10 497455 0 0 0 63 37
731 A 489055 488834 17 4 99 57 0 0 0 44
732 A 474838 474690 17 6 71 37 0 0 0 17
733 A 502527 502287 11 5 154 33 0 0 0 37
734 G 510354 67 10 7 510217 0 0 0 27 26
735 T 510123 47 509758 72 5 0 11 0 0 230
736 C 497294 30 100 497117 17 0 0 5 0 25
737 G 494358 129 49 21 494090 0 0 0 36 33
738 G 498781 88 25 11 498581 0 0 0 57 19
739 A 496495 496333 17 8 80 27 0 0 0 30
740 A 500629 500285 22 12 62 43 0 0 0 205
741 C 507832 34 64 507670 5 0 0 43 0 16
742 C 564390 51 38 564200 8 0 0 42 0 51
743 C 579652 67 76 579425 15 0 0 23 0 46
744 A 575467 575214 24 38 147 15 0 0 0 29
745 G 596825 79 68 16 596555 0 0 0 61 46
746 G 593909 71 21 9 593746 0 0 0 39 23
747 A 589660 589448 30 10 102 34 0 0 0 36
748 A 595151 594909 24 6 116 57 0 0 0 39
749 A 562138 561925 39 9 86 38 0 0 0 41
750 T 586255 42 586016 80 18 0 54 0 0 45
751 G 592361 85 36 32 592131 0 0 0 49 28
752 C 631317 67 109 631046 16 0 0 42 0 37
753 T 612060 21 611777 169 24 0 11 0 0 58
754 G 618392 79 31 18 618180 0 0 0 55 29
755 A 581717 581461 36 11 132 26 0 0 0 51
756 G 592757 58 26 8 592566 0 0 0 84 15
757 A 589072 588779 37 2 105 86 0 0 0 63
758 T 591613 35 591400 69 15 0 50 0 0 44
759 C 577162 53 132 576884 21 0 0 29 0 43
760 G 574702 164 56 17 574382 0 0 0 54 29
761 A 552415 552234 39 4 79 24 0 0 0 35
762 A 549294 549115 25 5 99 19 0 0 0 31
763 G 583660 57 38 13 583511 0 0 0 17 24
764 A 582354 582092 32 12 77 29 0 0 0 112
765 T 556375 41 556134 100 3 0 39 0 0 58
766 C 553677 27 38 553515 9 0 0 43 0 45
767 T 525159 56 524849 127 8 0 89 0 0 30
768 C 537286 47 89 537087 10 0 0 26 0 27
769 A 535262 535094 25 13 65 14 0 0 0 51
770 T 536313 35 535974 74 167 0 18 0 0 45
771 C 532257 37 46 532096 12 0 0 22 0 44
772 T 488643 23 488495 76 8 0 13 0 0 28
773 T 493339 11 493218 76 4 0 14 0 0 16
774 T 494860 18 494703 75 9 0 35 0 0 20
775 C 490272 24 54 490116 13 0 0 37 0 28
776 T 488101 30 487913 71 21 0 25 0 0 41
777 G 476413 66 30 18 476227 0 0 0 47 25
778 G 482888 104 28 23 482665 0 0 0 41 27
779 C 479823 38 105 479581 28 0 0 32 0 39
780 A 478709 478432 47 13 102 31 0 0 0 84
781 C 473641 36 124 473388 13 0 0 21 0 59
782 G 504366 97 24 11 504160 0 0 0 41 33
783 G 513727 79 16 11 513540 0 0 0 40 41
784 T 512156 37 511817 57 6 0 33 0 0 206
785 C 514399 35 47 514253 10 0 0 21 0 33
786 T 525942 48 525546 203 17 0 99 0 0 29
787 G 516531 190 31 26 516208 0 0 0 51 25
788 C 529885 40 131 529635 19 0 0 28 0 32
789 A 510463 509901 52 10 98 47 0 0 0 355
790 C 501198 40 68 500993 12 0 0 62 0 23
791 T 437211 37 437012 90 6 0 41 0 0 25
792 C 459831 47 95 459557 10 0 0 56 0 66
793 A 467983 467728 66 14 70 51 0 0 0 54
794 T 457628 41 457393 130 0 0 48 0 0 16
795 A 445575 445161 45 6 98 7 0 0 0 258
796 T 470341 30 470146 51 19 0 67 0 0 28
797 T 475922 33 475691 65 14 0 36 0 0 83
798 G 525715 97 34 11 525485 0 0 0 40 48
799 A 513450 512988 37 18 153 17 0 0 0 237
800 G 550267 96 33 21 550037 0 0 0 35 45
801 A 508466 500784 16 5 186 34 0 0 0 7441
802 G 518847 92 45 13 518632 0 0 0 28 37
803 G 548786 50 44 10 548634 0 0 0 23 25
804 G 550184 85 50 13 549931 0 0 0 9 96
805 T 541233 46 540688 79 9 0 14 0 0 397
806 C 543779 34 81 543531 16 0 0 20 0 97
807 A 539003 538604 46 12 137 30 0 0 0 174
808 G 548581 80 31 8 548063 0 0 0 14 385
809 T 547136 41 546958 54 7 0 8 0 0 68
810 T 542514 42 542341 84 3 0 15 0 0 29
811 G 546069 123 34 25 545692 0 0 0 14 181
812 C 530290 34 70 530122 22 0 0 17 0 25
813 T 530360 19 529352 127 3 0 16 0 0 843
814 C 534129 40 60 533955 16 0 0 17 0 41
815 A 532087 531745 60 13 56 57 0 0 0 156
816 C 533131 35 57 528333 14 0 0 72 0 4620
817 A 526777 526626 12 10 67 36 0 0 0 26
818 A 527332 527225 20 3 53 12 0 0 1 18
819 A 526553 526342 60 5 54 7 0 0 0 85
820 T 522826 25 522657 79 0 0 24 0 0 41
821 C 516916 29 60 516029 8 0 0 16 0 774
822 T 501902 31 501673 91 12 0 49 0 0 46
823 T 479202 8 479044 64 25 0 23 0 0 38
824 G 478604 56 23 9 478382 0 0 0 45 89
825 T 453933 61 453661 87 8 0 45 0 0 71
826 C 450907 40 60 450689 7 0 0 66 0 45
827 T 377037 41 376842 20 14 0 17 0 0 103
828 G 374481 50 24 9 374022 0 0 0 8 368
829 C 368766 45 148 368521 24 0 0 8 0 20
830 C 365559 46 74 365340 23 0 0 22 0 54
831 C 284687 61 110 284472 13 0 0 5 0 26
832 G 252676 102 30 17 252473 0 0 0 15 39
833 C 253665 25 30 253575 9 0 0 8 0 18
834 C 251586 40 33 251448 8 0 0 23 0 34
835 T 236745 20 236487 190 7 0 18 0 0 23
836 G 233620 58 20 1 233492 0 0 0 41 8
837 T 221640 27 221465 43 6 0 31 0 0 68
838 G 233278 25 9 2 233206 0 0 0 4 32
839 T 201398 20 201283 31 7 0 11 0 0 46
840 G 223245 50 19 4 222959 0 0 0 22 191
841 T 159531 9 159418 51 6 1 11 0 0 35
842 A 158216 157856 11 1 29 21 0 0 1 297
843 T 154998 7 152897 35 3 0 11 0 2 2043
844 G 152202 54 14 3 152099 0 0 0 26 6
845 G 172387 41 7 8 171872 0 0 1 15 443
846 A 167369 76530 20 6 51 16 0 3 0 90743
847 C 170672 14 42 170566 17 0 0 18 0 15
848 C 170173 44 38 170058 9 0 0 15 0 9
849 T 164017 24 163912 42 12 0 11 0 0 16
850 G 315595 147 41 18 315298 0 1 0 37 53
851 C 318607 21 116 318445 17 0 0 5 0 3
852 C 319971 20 121 319774 14 0 0 15 0 27
853 G 320538 95 33 18 320378 0 0 0 4 10
854 T 344750 30 344549 69 12 0 55 0 0 35
855 A 355212 355038 25 3 83 23 0 0 0 40
856 G 372336 51 39 13 372198 0 0 0 15 20
857 C 373658 19 38 373532 16 0 0 20 0 33
858 C 391417 20 77 391280 12 0 0 14 0 14
859 A 479786 479523 35 61 65 41 0 0 0 61
860 G 488030 88 24 22 487842 0 0 0 48 6
861 T 488424 47 488181 63 47 0 20 0 0 66
862 G 538659 59 22 9 538490 0 0 0 55 24
863 G 539600 51 28 10 539484 0 0 0 18 9
864 C 546794 33 44 546608 9 0 0 56 0 44
865 T 546727 15 546429 198 3 0 58 0 0 24
866 A 551150 550874 40 10 105 36 0 0 0 85
867 C 551064 25 153 550840 3 0 0 16 0 27
868 G 599010 134 21 5 598782 0 0 0 16 52
869 A 601427 601141 29 2 94 24 0 0 0 137
870 C 606387 16 56 606275 5 0 0 11 0 24
871 T 604851 14 604643 96 5 0 48 0 0 45
872 T 607607 24 607422 93 3 0 47 0 0 18
873 C 607641 45 121 607348 16 0 0 74 0 37
874 G 611083 127 40 38 610772 0 0 0 88 18
875 A 611642 611420 16 20 154 1 0 0 0 31
876 A 612009 611830 14 4 104 12 0 0 0 45
877 A 611868 611753 10 7 70 6 0 0 0 22
878 A 612722 612590 22 3 64 32 0 0 0 11
879 A 611349 610975 24 11 281 19 0 0 0 39
880 G 614503 138 27 9 614275 0 0 0 16 38
881 A 605693 605353 38 10 190 18 0 0 0 84
882 G 599535 82 56 18 599324 0 0 0 44 11
883 G 596722 59 41 17 596464 0 0 0 112 29
884 G 591954 107 56 15 591686 0 0 0 71 19
885 A 573015 572648 59 2 124 13 0 0 0 169
886 T 568546 55 568291 88 6 0 15 0 0 91
887 A 511362 510489 36 16 47 15 0 0 0 759
888 C 509346 49 43 509166 18 0 0 17 0 53
889 T 452697 29 452515 76 5 0 28 0 0 44
890 C 460706 30 37 460590 11 0 0 19 0 19
891 T 477983 17 477789 96 16 0 22 0 0 43
892 T 470463 18 470334 63 6 0 30 0 0 12
893 T 471924 50 471741 65 11 0 30 0 0 27
894 A 479283 478985 47 8 133 62 0 0 0 48
895 G 492587 74 52 14 492382 0 0 0 50 15
896 T 471882 43 471312 58 35 0 31 0 0 403
897 G 461681 72 51 9 461501 0 0 0 20 28
898 G 464543 59 44 16 464347 0 0 0 35 42
899 G 435707 86 26 14 435509 0 0 0 47 25
900 A 543471 543187 33 4 122 27 0 0 0 98
901 A 555508 555310 42 7 89 16 0 0 0 44
902 T 555936 100 555676 75 18 0 26 0 0 41
903 A 547815 547452 37 9 172 117 0 0 0 28
904 G 556768 144 55 25 556478 0 0 0 27 39
905 A 562690 561462 37 19 91 28 0 0 0 1053
906 C 576474 52 50 576266 17 0 0 48 0 41
907 C 567366 40 55 567198 12 0 0 32 0 29
908 C 616300 70 46 616068 9 0 0 84 0 23
909 T 616813 20 616430 227 21 0 79 0 0 36
910 T 626539 35 626316 110 16 0 31 0 0 31
911 T 598158 35 597968 115 4 0 7 0 0 29
912 C 599865 43 100 599641 19 0 0 42 0 20
913 A 598213 598023 20 34 97 17 0 0 0 22
914 A 602548 602344 39 5 77 66 0 0 0 17
915 A 611060 610752 35 20 77 101 0 0 0 75
916 C 611836 34 41 611700 10 0 0 39 0 12
917 T 602621 28 602412 82 10 0 8 0 0 81
918 G 609611 125 34 23 609329 0 0 0 28 72
919 C 614532 23 53 614311 77 0 0 41 0 27
920 T 615811 16 615553 116 54 0 29 0 0 43
921 T 615017 53 614749 137 6 0 30 0 0 42
922 C 622094 21 77 621946 15 0 0 14 0 21
923 A 620300 620066 16 27 111 28 0 0 0 52
924 A 620725 620551 36 7 87 21 0 0 0 23
925 A 620782 620642 16 12 69 15 0 0 0 28
926 A 619620 619280 37 111 102 9 0 0 0 81
927 C 622930 36 76 622717 33 0 0 22 0 46
928 A 607989 607814 17 14 103 19 0 0 0 22
929 G 627096 112 39 47 626806 0 0 0 13 79
930 C 630821 47 66 630615 43 0 0 19 0 31
931 C 653889 45 92 653658 18 0 0 37 0 39
932 A 647180 646882 42 10 117 110 0 0 0 19
933 A 649430 649145 26 12 102 114 0 0 0 31
934 G 732504 118 33 4 732260 0 0 0 43 46
935 T 750151 53 749638 85 12 0 66 0 0 297
936 A 730229 730009 50 4 103 26 0 0 0 37
937 T 716030 44 715811 91 5 0 44 0 0 35
938 A 695209 694806 46 12 96 137 0 0 0 112
939 C 675233 47 272 674816 30 0 0 34 0 34
940 A 651976 651664 27 27 176 35 0 0 0 47
941 G 757339 99 61 32 756954 0 0 0 133 60
942 C 767634 55 72 767339 36 0 0 94 0 38
943 C 665364 54 48 665175 14 0 0 45 0 28
944 T 760651 41 760189 224 26 0 119 0 0 52
945 A 794089 793771 22 17 124 120 0 0 0 35
946 A 805070 804808 61 28 98 21 0 0 0 54
947 T 802402 79 802099 106 8 0 18 0 0 92
948 C 721320 51 116 721040 18 0 0 54 0 41
949 A 659521 659158 23 21 242 49 0 0 0 28
950 G 662478 84 33 20 662271 0 0 0 45 25
951 A 663553 663148 33 10 110 27 0 0 0 225
952 C 668550 36 80 668338 46 0 0 26 0 24
953 C 657934 49 115 657647 23 0 0 26 0 74
954 G 664168 143 45 17 663894 0 0 0 33 36
955 A 677942 677816 18 3 59 24 0 0 0 22
956 A 695540 695283 28 10 131 25 0 0 0 63
957 C 689458 55 154 689184 22 0 0 19 0 24
958 G 689157 114 39 9 688892 0 0 0 51 52
959 A 704459 704137 51 5 99 93 0 0 1 73
960 G 708868 55 45 19 708682 0 0 0 28 39
961 A 719693 719500 30 2 101 22 0 0 0 38
962 A 743632 743420 30 10 91 49 0 0 0 32
963 T 741726 48 741414 134 13 0 34 0 0 83
964 C 737880 50 58 737684 11 0 0 48 0 29
965 C 741451 58 106 741182 17 0 0 38 0 50
966 A 733335 732968 29 27 223 43 0 0 0 45
967 G 754203 87 30 30 753934 0 0 0 85 37
968 C 745150 50 118 744851 38 0 0 66 0 27
969 A 779136 778703 52 14 153 47 0 0 0 167
970 C 807908 47 94 807681 19 0 0 31 0 36
971 A 785595 785082 87 17 102 68 0 0 0 239
972 C 798051 57 77 797843 28 0 0 17 0 29
973 A 793980 793597 23 13 198 90 0 0 0 59
974 A 800479 800038 51 25 175 146 0 0 0 44
975 G 808617 112 36 7 808215 0 0 0 118 129
976 A 754653 754369 48 12 129 49 0 0 0 46
977 G 761511 84 28 21 761282 0 0 0 50 46
978 T 671161 67 670309 123 12 0 50 0 0 600
979 C 702909 51 79 702661 21 0 0 49 0 48
980 A 663166 662881 25 19 187 16 0 0 0 38
981 G 664447 83 52 15 664255 0 0 0 17 25
982 C 665321 61 162 664996 23 0 0 19 0 60
983 T 555296 24 555095 75 22 0 47 0 0 33
984 G 602231 75 46 25 602025 0 0 0 46 14
985 G 612120 60 45 13 611907 0 0 0 59 36
986 T 606800 40 606039 79 45 0 22 0 0 575
987 G 690256 243 55 15 689853 0 0 0 37 53
988 T 672256 30 671680 97 57 0 115 0 0 277
989 G 670387 142 75 14 670074 0 0 0 32 50
990 G 581831 72 52 14 581630 0 0 0 26 37
991 A 577719 577477 42 7 109 38 0 0 0 46
992 T 577613 42 577417 70 13 0 31 0 0 40
993 G 557626 86 31 18 557368 0 0 0 77 46
994 G 563715 92 32 15 563462 0 0 0 81 33
995 C 567581 40 108 567332 28 0 0 33 0 40
996 A 585445 585221 51 12 115 13 0 0 0 33
997 T 609967 45 609693 155 9 0 16 0 0 49
998 G 618801 150 43 24 618527 0 0 0 29 28
999 C 627759 49 157 627461 38 0 0 20 0 34
1000 A 625973 625720 37 8 104 62 0 0 0 42
1001 A 635132 634911 42 6 70 70 0 0 0 33
1002 T 636330 28 636090 95 2 0 83 0 0 32
1003 T 610897 27 610673 64 5 0 62 0 0 66
1004 C 603845 48 42 603673 15 0 0 31 0 36
1005 T 567640 35 567380 124 12 0 47 0 0 42
1006 G 574920 147 33 12 574681 0 0 0 6 41
1007 C 592057 49 81 591846 25 0 0 34 0 22
1008 T 558264 24 557958 139 25 0 44 0 0 74
1009 G 565294 72 37 28 565100 0 0 0 33 24
1010 C 532161 32 64 532002 20 0 0 17 0 26
1011 A 527922 527737 27 8 87 28 0 0 0 35
1012 T 545563 27 545409 53 10 0 44 0 0 20
1013 T 543772 30 543590 74 11 0 40 0 0 27
1014 T 544358 30 544130 131 16 0 22 0 0 29
1015 G 543747 56 41 10 543586 0 0 0 19 35
1016 A 532481 532236 39 6 123 17 0 0 0 60
1017 A 533071 532739 48 31 150 79 0 0 0 24
1018 G 518954 91 32 9 518725 0 0 0 73 24
1019 A 540094 539915 42 8 58 34 0 0 0 37
1020 T 543227 40 543061 69 4 1 23 0 0 29
1021 C 532312 34 33 532182 12 0 0 34 0 17
1022 T 534523 24 534281 149 2 0 30 0 0 37
1023 A 518341 518142 19 10 75 75 0 0 0 20
1024 A 518123 517951 19 14 92 18 0 0 0 29
1025 G 522594 90 21 5 522435 0 0 0 13 30
1026 A 509312 509092 25 5 95 30 0 0 0 65
1027 G 545683 104 31 10 545425 0 0 0 81 32
1028 T 454437 41 453189 59 8 0 34 0 0 1106
1029 A 447903 447747 27 7 60 37 0 0 0 25
1030 T 439053 31 438923 50 2 0 28 0 0 19
1031 T 434731 47 434506 70 7 0 71 0 0 30
1032 A 447168 446931 44 11 102 44 0 0 1 35
1033 A 395236 395111 18 3 45 38 0 0 0 21
1034 G 384860 38 26 8 384751 0 0 0 23 14
1035 C 385229 20 28 385136 5 0 0 16 0 24
1036 T 343992 4 343898 53 9 0 9 0 0 19
1037 T 407011 32 406830 74 5 0 27 0 0 43
1038 C 412615 47 49 412443 14 0 0 27 0 35
1039 A 425724 425562 31 5 63 37 0 0 0 26
1040 T 426217 45 426088 48 2 0 8 0 0 26
1041 C 426049 35 48 425901 16 0 0 33 0 16
1042 A 426677 426460 38 14 103 23 0 0 0 39
1043 G 409907 39 26 18 409789 0 0 0 20 15
1044 A 413115 412940 15 7 112 6 0 0 0 35
1045 G 403549 44 29 10 403431 0 0 0 18 17
1046 G 429642 45 18 6 429500 0 0 0 36 37
1047 G 513265 169 36 16 512940 0 0 0 47 57
1048 A 514670 514201 48 12 136 19 0 0 0 254
1049 C 521418 57 64 521233 14 0 0 21 0 29
1050 C 506357 46 38 506214 5 0 0 31 0 23
1051 A 515167 514927 25 46 50 88 0 0 0 31
1052 A 552592 552378 24 8 65 95 0 0 0 22
1053 A 555039 554746 24 16 160 57 0 0 0 36
1054 G 564559 117 39 8 564321 0 0 0 33 41
1055 T 556339 48 555941 77 24 0 18 0 0 231
1056 A 558562 558286 70 6 89 53 0 0 0 58
1057 T 563700 57 563041 464 7 0 40 0 0 91
1058 C 565226 46 81 565019 10 0 0 38 0 32
1059 C 561175 33 49 561027 14 0 0 20 0 32
1060 C 554336 65 51 554097 10 0 0 82 0 31
1061 C 525673 75 52 525432 22 0 0 63 0 29
1062 A 524046 523827 28 37 75 56 1 0 0 22
1063 A 516439 516233 44 6 110 22 0 0 0 24
1064 G 523170 102 70 8 522948 0 0 0 20 22
1065 G 510435 40 38 7 510316 0 0 0 5 29
1066 G 506866 48 51 8 506667 0 0 0 33 59
1067 G 478100 55 34 16 477945 0 0 0 24 26
1068 G 453059 146 25 9 452822 0 0 0 24 33
1069 A 449285 449097 16 1 128 14 0 0 0 29
1070 A 465753 465597 19 8 70 33 0 0 0 26
1071 A 467733 467465 26 55 58 35 0 0 0 94
1072 C 478389 82 51 478218 6 0 0 20 0 12
1073 T 458175 18 457974 146 1 0 8 0 0 28
1074 T 458915 21 458787 72 9 0 3 0 0 23
1075 T 470839 21 470633 112 11 0 14 0 0 48
1076 C 439538 30 68 439376 17 0 0 28 0 19
1077 C 465950 43 62 465765 24 0 0 19 0 37
1078 A 513577 513247 36 26 71 35 0 0 0 162
1079 C 527345 34 49 527180 22 0 0 48 0 12
1080 T 528529 37 528287 92 6 0 75 0 0 32
1081 A 511273 511058 38 10 61 76 0 0 0 30
1082 G 518665 79 35 13 518488 0 0 0 24 26
1083 A 522418 522226 19 4 87 29 0 0 0 53
1084 G 527276 48 42 17 527127 0 0 0 32 10
1085 G 551384 37 43 20 551174 0 0 0 62 48
1086 A 476693 476408 32 18 99 62 0 0 0 74
1087 G 535163 76 39 14 534968 0 0 0 34 32
1088 T 528561 35 527351 131 16 0 26 0 0 1002
1089 A 530252 529918 67 5 101 54 0 0 0 107
1090 C 537202 47 59 537006 22 0 0 37 0 31
1091 A 515518 515267 23 16 83 98 0 0 0 31
1092 A 515512 515325 30 8 81 48 0 0 0 20
1093 A 579880 579603 59 29 65 64 0 0 0 60
1094 T 567724 44 567516 95 2 0 30 0 0 37
1095 T 543821 37 543635 63 17 0 23 0 0 46
1096 G 482490 56 30 16 482345 0 0 0 17 26
1097 C 475994 27 41 475862 18 0 0 30 0 16
1098 T 475678 14 475512 81 12 0 24 0 0 35
1099 T 475041 41 474870 55 9 0 25 0 0 41
1100 C 473182 29 55 473050 13 0 0 16 0 19
1101 A 465504 465342 33 8 82 19 0 0 0 20
1102 A 472150 472048 17 3 46 16 0 0 0 20
1103 A 476025 475922 22 6 41 10 0 0 0 24
1104 T 478169 32 478015 60 8 0 16 0 0 38
1105 G 474352 56 31 7 474210 0 0 0 24 24
1106 A 470790 470627 17 1 87 22 0 0 0 36
1107 A 476371 476210 7 7 55 48 0 0 0 44
1108 A 477858 477707 10 11 54 59 0 0 0 17
1109 A 480169 479903 33 91 60 19 0 0 0 63
1110 C 500749 29 58 500582 10 0 0 52 0 18
1111 A 497286 497109 35 9 67 44 0 0 0 22
1112 T 518910 36 518681 50 12 0 43 0 0 88
1113 G 500965 130 44 9 500737 0 0 0 25 20
1114 G 497983 54 37 10 497833 0 0 0 28 21
1115 A 514177 513984 20 2 92 22 0 0 0 57
1116 T 508955 45 508761 72 13 0 25 0 0 39
1117 G 514596 100 29 22 514394 0 0 0 28 23
1118 C 588217 45 58 587997 23 0 0 54 0 40
1119 T 569018 22 568761 138 5 0 52 0 0 40
1120 A 569842 569579 72 7 77 68 0 0 0 39
1121 T 547544 46 547332 59 17 0 63 0 0 27
1122 G 558103 168 49 22 557710 0 0 0 104 50
1123 G 560230 82 32 24 560053 0 0 0 25 14
1124 A 530986 530758 32 9 101 43 0 0 0 43
1125 A 531416 531167 40 30 103 26 0 0 0 50
1126 T 471969 31 471764 68 4 0 68 0 0 34
1127 C 441039 44 39 440826 10 0 0 89 0 31
1128 A 432476 432263 54 17 104 16 0 0 0 22
1129 A 428204 428027 31 12 83 28 0 0 0 23
1130 G 432043 75 15 8 431919 0 0 0 10 16
1131 T 409351 46 409059 64 6 0 25 0 0 151
1132 A 402866 401760 30 7 59 26 0 0 0 984
1133 C 439802 28 38 439664 15 0 0 41 0 16
1134 T 420730 27 420564 76 7 0 14 0 0 42
1135 C 435050 27 36 434921 8 0 0 20 0 38
1136 T 385929 24 385777 90 5 0 21 0 0 12
1137 T 388372 20 388170 76 8 0 53 0 0 45
1138 G 392427 45 17 13 392330 0 0 0 8 14
1139 A 406888 406748 34 6 51 17 0 0 0 32
1140 A 410036 409902 38 3 42 12 1 0 0 38
1141 C 411818 22 26 411693 10 0 0 52 0 15
1142 T 398615 14 398459 73 3 0 37 0 0 29
1143 G 411589 67 33 8 411451 0 0 0 16 14
1144 A 419920 419732 19 3 100 24 0 0 0 42
1145 G 427593 39 27 8 427489 0 0 0 18 12
1146 A 426035 425860 25 7 91 21 0 0 0 31
1147 A 479690 479502 22 6 76 44 0 0 0 40
1148 G 489382 60 26 19 489234 0 0 0 27 16
1149 C 532266 58 123 531992 27 0 0 32 0 34
1150 A 529633 529309 52 28 193 15 0 0 0 36
1151 G 533250 73 31 25 533005 0 0 0 96 20
1152 G 622632 147 21 19 622338 0 0 0 74 33
1153 T 621712 70 620723 109 30 0 43 0 0 737
1154 A 630678 630348 72 18 86 32 0 0 0 122
1155 C 648414 53 73 648196 18 0 0 40 0 34
1156 T 609399 30 609068 130 12 0 113 0 0 46
1157 G 626350 93 70 16 626115 0 0 0 28 28
1158 G 636789 85 44 21 636578 0 0 0 24 37
1159 G 623151 111 57 48 622858 0 0 0 26 51
1160 C 667905 51 101 667604 42 0 0 48 0 59
1161 C 602568 52 79 602329 19 0 0 56 0 33
1162 A 623987 623701 88 16 78 65 0 0 0 39
1163 T 624734 49 624518 94 13 0 31 0 0 29
1164 A 617729 617468 18 17 158 42 0 0 0 26
1165 A 641786 641545 42 19 139 17 0 0 0 24
1166 G 630542 81 23 4 630300 0 0 0 88 46
1167 A 608187 607955 37 1 90 64 0 0 0 40
1168 A 605402 605008 44 16 91 26 0 0 0 217
1169 C 604447 54 44 604290 7 0 0 34 0 18
1170 C 636551 61 54 636371 16 0 0 21 0 28
1171 A 620692 620356 33 22 171 43 0 0 0 67
1172 G 634313 80 37 15 634132 0 0 0 20 29
1173 A 635047 634842 28 9 128 13 0 0 0 27
1174 A 628930 628727 26 8 108 31 0 0 0 30
1175 G 646688 73 34 8 646503 0 0 0 50 20
1176 T 611573 55 610615 69 17 0 41 0 0 776
1177 G 615752 86 44 20 615554 0 0 0 21 27
1178 G 625806 54 49 14 625627 0 0 0 18 44
1179 A 626195 625787 54 7 236 41 0 0 0 70
1180 G 638739 76 44 22 638521 0 0 0 56 20
1181 G 639461 79 61 21 639190 0 0 0 55 55
1182 A 600602 600319 45 9 148 28 0 0 0 53
1183 A 599815 599568 32 14 142 19 0 0 0 40
1184 A 599340 599053 36 68 60 39 0 0 0 84
1185 C 612370 101 66 612043 20 0 0 110 0 30
1186 A 611559 610853 65 83 116 68 0 0 0 374
1187 C 643209 60 87 642994 16 0 0 30 0 22
1188 T 624423 73 624060 203 14 0 28 0 0 45
1189 A 669270 669021 47 24 96 42 0 0 0 40
1190 A 697024 696779 66 17 86 38 0 0 0 38
1191 T 692376 98 691937 165 16 0 83 0 0 77
1192 C 698361 89 67 698116 25 0 0 35 0 29
1193 A 672678 672368 42 26 128 80 0 0 0 34
1194 A 676939 676553 54 52 158 45 0 0 0 77
1195 C 687625 120 107 687262 26 0 0 62 0 48
1196 A 594590 594214 44 82 149 62 0 0 0 39
1197 G 587183 106 59 30 586939 0 0 0 28 21
1198 A 533006 532684 37 12 219 25 0 0 0 29
1199 G 540437 74 50 15 540219 0 0 0 17 62
1200 G 569841 96 24 13 569621 0 0 0 35 52
1201 G 495647 91 48 43 495395 0 0 0 44 26
1202 C 505255 63 63 505057 24 0 0 26 0 22
1203 C 511622 68 62 511409 15 0 0 32 0 36
1204 T 508961 32 508647 133 37 0 66 0 0 46
1205 C 536849 82 44 536615 20 0 0 62 0 26
1206 T 522090 59 521735 171 24 0 49 0 0 52
1207 G 524456 114 26 37 524237 0 0 0 13 29
1208 C 519360 38 183 519050 22 0 0 18 0 49
1209 A 499908 499594 34 11 184 43 0 0 0 42
1210 G 534685 48 48 15 534505 0 0 0 31 38
1211 G 533270 68 24 13 533104 0 0 0 22 39
1212 T 538480 48 537776 116 26 0 20 0 0 494
1213 C 539303 34 76 539143 10 0 0 8 0 32
1214 A 522698 522476 31 25 75 69 0 0 0 22
1215 A 556883 556713 28 10 60 34 0 0 0 38
1216 A 543527 543365 51 5 62 22 0 0 0 22
1217 T 547975 42 547765 92 2 0 32 0 0 42
1218 C 546080 46 56 545879 16 0 0 60 0 23
1219 A 508919 508582 38 13 179 48 0 0 0 59
1220 G 543471 76 23 13 543294 0 0 0 47 18
1221 T 525149 58 524809 63 11 0 39 0 0 169
1222 G 529523 119 29 16 529257 0 0 0 62 40
1223 T 521367 51 520999 95 8 0 46 0 0 168
1224 G 502696 209 38 21 502358 0 0 0 34 36
1225 C 518364 60 217 517972 27 0 0 52 0 36
1226 A 514634 514396 21 17 143 32 0 0 0 25
1227 A 527452 527084 41 23 70 23 0 0 0 211
1228 C 527872 48 176 527585 10 0 0 27 0 26
1229 C 522074 87 43 521835 24 0 0 43 0 42
1230 T 480879 177 480381 209 32 0 37 0 0 43
1231 G 498257 229 78 32 497876 0 0 0 20 22
1232 C 538955 294 128 538440 37 0 0 18 0 38
1233 A 530737 530460 29 26 123 45 0 0 0 54
1234 T 543274 62 543028 86 14 0 47 0 0 37
1235 T 540841 19 540690 62 5 0 46 0 0 19
1236 T 517451 27 517261 97 11 0 23 0 0 32
1237 T 522928 28 522777 71 11 0 8 0 0 33
1238 C 494325 27 42 494165 15 0 0 50 0 26
1239 T 462074 19 461787 143 31 0 41 0 0 53
1240 G 493311 150 31 11 493072 0 0 0 32 15
1241 T 482069 56 481785 88 31 0 20 0 0 89
1242 G 493359 136 50 22 493101 0 0 0 25 25
1243 C 500190 58 88 499942 47 0 0 37 0 18
1244 A 492732 492482 37 38 82 57 0 0 0 36
1245 A 502946 502784 23 10 86 26 0 0 0 17
1246 A 501002 500738 16 14 164 41 0 0 0 29
1247 G 517108 92 23 8 516905 0 0 0 58 22
1248 A 511910 511671 16 6 127 50 0 0 0 40
1249 A 465195 465024 16 10 77 40 0 0 0 28
1250 A 483338 482317 21 76 70 10 0 0 0 844
1251 C 484670 63 48 484498 10 0 0 28 0 23
1252 C 508388 40 46 508248 9 0 0 25 0 20
1253 T 510080 48 509742 140 11 0 55 0 0 84
1254 C 500896 46 45 500733 9 0 0 45 0 18
1255 C 532395 47 52 532223 19 0 0 37 0 17
1256 C 521279 67 93 521052 17 0 0 26 0 24
1257 A 527142 526962 54 19 64 20 0 0 0 23
1258 T 528883 62 528643 96 25 0 21 0 0 36
1259 T 499168 23 498980 81 5 0 34 0 0 45
1260 T 505652 58 505299 208 29 0 22 0 0 36
1261 G 503048 138 57 35 502741 0 0 0 22 55
1262 A 511927 511574 63 26 150 42 0 0 0 72
1263 C 508120 64 98 507871 26 0 0 32 0 29
1264 A 481877 481564 82 44 95 66 0 0 0 26
1265 A 498891 498691 38 7 92 45 0 0 0 18
1266 A 503819 503442 33 96 74 35 0 0 0 139
1267 C 527410 50 149 527115 33 0 0 47 0 16
1268 C 522595 75 55 522356 28 0 0 34 0 47
1269 A 477456 477247 28 26 90 42 0 0 0 23
1270 A 497892 497490 44 29 106 28 0 0 0 195
1271 C 492594 56 55 492381 37 0 0 41 0 24
1272 C 525056 96 87 524720 87 0 0 34 1 31
1273 A 521367 521106 40 37 102 46 0 0 0 36
1274 T 525810 58 525451 138 17 0 37 0 0 109
1275 C 524905 43 273 524476 73 0 0 21 0 19
1276 A 504151 503629 30 207 192 67 0 0 0 26
1277 T 515060 53 514669 70 188 0 31 0 0 49
1278 G 496193 293 32 15 495768 0 0 0 53 32
1279 G 493378 278 46 22 492960 0 0 0 30 42
1280 C 459636 53 110 459384 36 0 0 34 0 19
1281 A 437486 437207 23 9 153 38 0 0 0 56
1282 G 450488 167 36 19 450207 0 0 0 30 29
1283 C 441956 29 135 441725 16 0 0 26 0 25
1284 A 435881 435718 33 8 50 41 0 0 0 31
1285 T 437946 70 437748 59 12 0 34 0 0 23
1286 T 428117 67 427930 54 10 0 24 0 0 32
1287 C 433643 26 58 433497 16 0 0 29 0 17
1288 A 428842 428550 39 9 63 29 0 0 0 152
1289 C 411402 20 39 411281 13 0 0 28 0 21
1290 T 413598 12 413446 88 15 0 14 0 0 23
1291 G 442867 86 49 10 442646 0 0 0 31 45
1292 G 456105 89 36 14 455929 0 0 0 21 16
1293 G 468506 98 57 16 468290 0 0 0 25 20
1294 A 457390 457153 52 24 102 28 0 0 0 31
1295 A 470820 470605 58 36 80 23 0 0 0 18
1296 T 447229 55 446972 80 21 0 46 0 0 55
1297 A 484989 484662 67 26 93 39 0 0 0 102
1298 C 534720 85 136 534364 62 0 0 28 0 45
1299 A 522097 521269 55 311 376 35 0 1 0 50
1300 G 528653 255 47 29 528267 0 0 0 42 13
1301 A 511507 510001 45 17 1329 37 0 0 2 76
1302 G 543191 128 1217 211 541580 0 0 0 35 20
1303 G 535898 101 241 1171 534329 0 0 0 35 21
1304 G 533742 202 1420 23 532018 0 0 0 47 32
1305 A 532712 532321 77 11 189 57 0 0 0 57
1306 A 524931 524622 45 18 159 61 0 0 0 26
1307 G 537061 130 25 22 536694 0 0 0 29 161
1308 A 534825 534465 57 14 208 31 0 0 0 50
1309 A 555389 555134 55 15 78 9 0 0 0 98
1310 C 593534 45 257 593132 22 0 0 31 0 47
1311 A 571908 571429 57 28 277 57 0 0 0 60
1312 T 582302 258 581789 90 28 0 75 0 0 62
1313 C 568310 41 262 567909 21 0 0 63 0 14
1314 A 563316 562914 58 33 237 35 0 0 0 39
1315 G 572095 82 29 20 571898 0 0 0 44 22
1316 A 557174 556816 49 9 112 57 0 0 0 131
1317 C 563195 40 64 563011 49 0 0 7 0 24
1318 A 552954 552725 60 15 95 28 0 0 0 31
1319 T 529904 49 529702 78 10 0 23 0 0 42
1320 G 538365 76 27 16 538182 0 0 0 18 46
1321 A 516702 516499 36 1 100 16 0 0 0 50
1322 G 523447 67 69 21 523252 0 0 0 17 21
1323 G 526069 78 204 21 525698 0 0 0 37 31
1324 G 517327 210 45 30 516951 0 0 0 75 16
1325 C 517833 163 103 517400 38 0 0 79 0 50
1326 A 509530 509138 140 15 136 53 0 0 0 48
1327 G 520203 50 23 16 520049 0 0 0 19 46
1328 A 521346 521171 29 4 85 23 0 0 0 34
1329 A 529247 529044 32 8 112 21 0 0 0 30
1330 A 545384 545105 54 26 109 37 1 0 0 52
1331 T 548346 43 548159 50 16 0 44 0 0 34
1332 T 577189 71 576989 58 20 0 23 0 0 28
1333 A 581092 580818 101 17 100 21 0 0 0 35
1334 T 575882 83 575623 87 19 0 42 0 0 28
1335 A 575334 575003 20 6 192 98 1 0 0 14
1336 A 556333 556053 31 25 175 27 0 0 0 22
1337 G 589651 95 82 16 589378 0 0 0 54 26
1338 G 608799 82 39 13 608591 0 0 0 46 28
1339 A 634265 633939 45 15 119 42 0 0 0 105
1340 T 557384 57 557133 100 25 0 20 0 0 49
1341 G 549617 114 44 17 549356 0 0 0 62 24
1342 A 533646 533332 66 15 133 58 0 0 0 42
1343 T 538648 78 538382 82 32 0 34 0 0 40
1344 G 525362 124 31 26 525127 0 0 0 35 19
1345 G 532794 94 33 16 532580 0 0 0 51 20
1346 A 502600 502305 31 18 136 62 0 0 0 48
1347 A 520094 519746 34 34 180 71 0 0 0 29
1348 G 524654 89 114 8 524396 0 0 0 19 28
1349 G 587899 79 87 13 587645 0 0 0 42 33
1350 T 569930 43 566472 2422 92 0 13 0 0 888
1351 G 557985 2504 110 29 555291 0 0 0 24 27
1352 C 557851 93 249 557353 115 0 0 12 0 29
1353 A 548174 545535 2338 94 127 57 1 0 0 22
1354 A 548617 545620 15 11 2900 41 0 0 2 28
1355 A 555811 555681 12 12 64 23 0 0 0 19
1356 A 566732 566298 29 154 63 24 0 0 0 164
1357 C 572774 28 42 572643 12 0 0 19 0 30
1358 C 547725 38 47 547595 11 0 0 10 0 24
1359 A 523659 523456 58 21 92 12 0 0 0 20
1360 G 534153 80 37 18 533968 0 0 0 27 23
1361 A 528388 528179 31 3 88 40 0 0 0 47
1362 A 543580 543359 22 9 102 56 0 0 0 32
1363 G 554030 67 28 60 553822 0 0 0 32 21
1364 A 545554 545339 35 5 92 51 0 0 0 32
1365 A 540053 539835 90 5 84 25 0 0 0 14
1366 A 540461 540323 30 2 72 14 0 0 0 20
1367 T 541371 68 541175 49 28 0 25 0 0 26
1368 G 545050 65 29 12 544895 0 0 0 7 42
1369 T 532151 51 531890 120 10 0 3 0 0 77
1370 C 538168 27 47 538002 24 0 0 43 0 25
1371 C 528887 49 58 528666 14 0 0 80 0 20
1372 T 534759 28 534530 101 6 0 60 0 0 34
1373 T 537838 58 537588 124 5 0 19 0 0 44
1374 C 539668 46 98 539466 19 0 0 27 0 12
1375 C 536155 83 60 535918 51 0 0 16 0 27
1376 A 526985 526347 46 75 411 60 0 0 0 46
1377 G 528635 146 90 18 528337 0 0 0 27 17
1378 G 523414 126 23 14 523208 0 0 0 22 21
1379 G 531658 84 33 31 531445 0 0 0 45 20
1380 G 497212 100 37 39 496994 0 0 0 36 6
1381 C 439671 51 107 439164 274 0 1 36 0 38
1382 G 435082 206 76 177 434578 0 0 0 25 20
1383 G 449771 117 75 16 449455 0 0 0 81 27
1384 G 448996 103 48 20 448761 0 0 0 11 53
1385 G 458071 217 17 22 457736 0 0 0 21 58
1386 A 419868 383647 29 5 208 9 0 0 7 35963
1387 G 425357 87 15 10 425154 0 0 0 47 44
1388 T 402935 22 383754 49 6 0 12 0 0 19092
1389 C 415256 40 30 415028 5 0 0 26 0 127
1390 T 401924 24 401693 104 14 0 15 0 0 74
1391 T 402339 32 402129 80 6 0 68 0 0 24
1392 C 403365 40 99 402610 8 0 0 29 0 579
1393 G 471831 95 39 14 471246 0 0 0 57 380
1394 A 465746 464704 21 5 93 10 0 0 0 913
1395 G 476990 50 25 16 476834 0 0 0 26 39
1396 C 442543 34 62 442292 13 0 0 23 0 119
1397 T 436717 65 436195 99 6 0 19 0 0 333
1398 C 427636 39 30 427497 11 0 0 24 0 35
1399 T 425359 11 425214 82 6 0 15 0 0 31
1400 C 429640 42 119 429431 8 0 0 14 0 26
1401 G 432369 87 34 9 432185 0 0 0 14 40
1402 G 477224 83 24 8 477061 0 0 0 35 13
1403 A 518384 517672 20 45 136 14 0 0 0 497
1404 C 540572 54 117 540286 59 0 0 22 0 34
1405 G 575480 184 45 42 575148 0 0 0 9 52
1406 A 624739 624408 39 3 162 74 0 0 0 53
1407 A 621323 621063 33 10 118 63 0 0 0 36
1408 A 627044 626728 31 18 143 92 0 0 0 32
1409 G 650873 86 74 11 650516 0 0 0 25 161
1410 G 654646 99 35 10 654385 0 0 0 67 50
1411 G 637167 79 37 43 636968 0 0 0 22 18
1412 C 645904 46 217 645471 41 0 0 52 0 77
1413 A 639259 638754 28 35 360 42 0 0 1 39
1414 G 651183 221 58 21 650838 1 0 0 21 23
1415 C 637386 62 196 637016 37 0 0 19 0 56
1416 G 691696 175 33 16 691384 0 0 0 43 45
1417 A 698225 698001 34 9 81 48 0 0 0 52
1418 A 702850 702072 33 10 97 75 0 0 0 563
1419 C 704946 52 99 704689 19 0 0 44 0 43
1420 C 700641 42 51 700369 18 1 0 132 0 28
1421 C 681259 87 102 680924 42 0 0 57 0 47
1422 G 678830 159 31 27 678473 0 0 0 42 98
1423 A 678072 677856 30 9 77 37 0 0 0 63
1424 T 679010 58 678789 76 2 0 24 0 0 61
1425 C 648519 46 152 648234 20 0 0 19 0 48
1426 G 632386 197 27 23 632100 0 0 0 20 19
1427 T 607915 31 607510 111 53 0 31 0 0 179
1428 G 580617 207 26 26 580273 0 0 0 27 58
1429 C 579969 43 83 579755 24 0 0 28 0 36
1430 C 580518 37 51 580339 28 0 0 30 0 33
1431 C 578115 68 53 577906 16 0 0 48 0 24
1432 T 555835 38 555572 144 10 0 22 0 0 49
1433 C 598141 128 75 597866 10 0 0 21 0 41
1434 T 588927 86 588304 297 172 0 9 0 0 59
1435 T 666122 19 665513 448 11 0 48 0 0 83
1436 T 599847 27 599548 190 11 0 40 0 0 31
1437 T 604519 188 603940 105 96 0 135 0 0 55
1438 G 597990 207 35 19 597678 0 0 0 25 26
1439 A 591236 590836 61 85 131 52 0 0 0 71
1440 C 608909 102 96 608625 19 0 0 33 0 34
1441 A 603210 602954 63 10 121 32 0 0 0 30
1442 T 520905 28 520694 86 12 0 36 0 0 49
1443 G 648868 83 33 10 648643 0 0 0 50 49
1444 A 641436 641129 49 11 135 32 0 0 0 80
1445 G 733393 105 36 11 733149 0 0 0 53 39
1446 T 735787 64 735163 110 32 0 22 0 0 396
1447 A 713873 713570 43 6 87 130 0 0 0 37
1448 A 722577 722378 53 5 77 30 0 0 0 34
1449 T 718313 81 717859 108 47 0 162 0 0 56
1450 G 719566 114 46 18 719215 0 0 0 112 61
1451 A 684392 684141 65 3 87 57 0 0 0 39
1452 A 629294 629026 37 13 118 39 0 0 0 61
1453 G 628402 218 41 12 628079 0 0 0 32 20
1454 G 569915 46 29 17 569770 0 0 0 19 34
1455 A 565449 565236 39 8 91 23 0 0 0 52
1456 T 575556 51 575334 62 9 0 20 0 0 80
1457 C 571251 39 37 571083 17 0 0 51 0 24
1458 T 561506 41 561307 92 7 0 49 0 0 10
1459 T 566569 16 566376 126 3 0 25 0 0 23
1460 A 567519 567378 29 2 52 35 0 0 0 23
1461 T 567487 32 567374 48 7 0 10 0 0 16
1462 T 565112 46 564924 76 4 0 11 0 0 51
1463 T 560892 33 560754 72 1 0 14 0 0 18
1464 C 560484 21 36 559948 373 0 0 11 0 95
1465 T 543078 14 539773 93 3157 0 16 0 1 24
1466 T 539678 3234 536289 64 2 0 65 0 0 24
1467 C 537417 3859 81 533395 10 0 0 48 0 24
1468 G 534635 96 3956 10 530535 0 0 0 15 23
1469 G 538950 3969 27 38 534873 3 0 0 24 16
1470 A 541542 541203 62 4 227 5 0 0 0 41
1471 G 554272 51 18 13 554125 0 0 0 20 45
1472 A 555102 554758 56 55 122 9 0 0 0 102
1473 C 568521 30 123 568289 26 0 0 34 0 19
1474 A 555294 554964 70 14 158 29 0 0 0 59
1475 A 615972 615630 100 101 79 42 0 0 0 20
1476 T 637628 75 637310 104 16 0 62 0 0 61
1477 G 683099 462 174 26 682309 0 0 0 82 46
1478 C 703575 73 308 703026 42 0 0 62 0 64
1479 A 681993 681353 196 27 226 149 0 0 0 42
1480 G 688500 85 38 20 688326 0 0 0 15 16
1481 A 720966 720556 33 6 194 64 0 0 0 113
1482 G 630770 148 55 16 630488 0 0 0 34 29
1483 G 669456 141 38 22 669186 0 0 0 50 19
1484 A 561735 561447 31 13 126 31 0 0 0 87
1485 G 574417 139 35 16 574158 0 0 0 47 22
1486 T 552006 33 550927 100 20 0 64 0 0 862
1487 A 545388 545001 48 68 129 85 0 0 0 57
1488 C 546449 98 128 546148 25 0 0 13 0 37
1489 G 523815 270 49 21 523410 0 0 0 32 33
1490 A 523201 522877 68 11 134 30 0 0 0 81
1491 C 507807 154 64 507496 13 0 0 56 0 24
1492 A 423250 423082 30 13 56 52 0 0 0 17
1493 A 424330 424042 198 4 39 22 0 0 0 25
1494 T 398275 216 397959 39 5 0 5 0 0 51