# nucleotide counts
# upper case indicates nucleotide called by both reads
# lower case indicates nucleotide called by one read with other ambiguous
# N indicates disagreement between reads, or both ambiguous
# POSITION WT COUNTS A T C G a t c g N
1 A 403963 403811 17 14 39 4 0 0 0 78
2 T 405539 20 405202 56 2 0 1 0 0 258
3 G 406344 65 173 13 405991 0 0 0 1 101
4 A 408179 407021 442 325 210 1 0 0 0 180
5 A 411700 410231 639 474 299 0 0 0 0 57
6 G 423067 641 477 515 421178 0 0 0 3 253
7 G 424579 174 301 1096 422428 0 0 0 3 577
8 C 436226 141 1646 434095 116 0 0 5 0 223
9 A 436006 434274 80 1291 178 4 0 0 0 179
10 A 442864 441991 120 449 205 4 0 0 0 95
11 A 445507 444593 321 202 346 2 0 0 0 43
12 A 454172 452632 263 307 330 3 0 0 0 637
13 C 469103 104 248 468534 73 0 0 5 0 139
14 T 488443 75 487902 211 33 0 8 0 0 214
15 A 489427 488024 241 138 171 4 0 0 0 849
16 C 520449 528 661 519115 51 0 0 6 0 88
17 T 541593 89 540426 242 674 0 11 0 0 151
18 G 556867 202 615 528 555376 0 0 0 9 137
19 G 621414 799 599 296 619527 0 0 0 31 162
20 T 706824 176 704095 310 233 0 52 1 0 1957
21 C 715689 486 678 714077 260 0 0 13 0 175
22 C 760750 766 947 758731 155 0 0 5 0 146
23 T 756832 189 754871 1084 462 0 10 0 0 216
24 G 981580 706 1239 615 978766 0 0 0 36 218
25 T 966480 735 964106 440 583 0 85 0 0 531
26 T 982582 919 980361 292 746 0 61 0 1 202
27 A 993802 991182 392 1156 726 19 0 0 0 327
28 T 891888 2082 888898 584 159 0 25 0 0 140
29 A 904465 901039 1228 621 1166 8 0 0 0 403
30 T 890234 1499 886337 794 1427 0 22 0 0 155
31 G 894376 1639 1649 1827 888927 0 0 0 39 295
32 C 907601 628 2663 903579 479 0 0 26 0 226
33 A 814099 811296 567 1154 855 14 0 0 0 213
34 T 800613 420 797813 382 1848 0 8 0 0 142
35 T 796975 218 794504 338 1803 0 4 0 0 108
36 T 798617 439 795424 2336 213 0 5 0 0 200
37 G 799194 339 431 154 798090 0 0 0 6 174
38 T 800218 770 798149 575 83 0 2 0 0 639
39 A 799653 798887 160 86 303 10 0 0 0 207
40 G 800440 72 330 54 799843 0 0 0 3 138
41 C 801545 167 89 800948 37 0 0 6 0 298
42 T 795019 41 794430 203 20 0 5 0 0 320
43 A 802952 801721 131 338 130 3 0 0 0 629
44 C 791380 66 191 790894 88 0 0 5 0 136
45 A 788637 786628 125 534 1005 2 0 0 0 343
46 G 798093 69 256 26 797535 0 0 0 4 203
47 A 804627 803850 97 49 141 10 0 0 0 480
48 T 807379 73 806835 140 74 0 3 0 0 254
49 G 803704 273 297 41 802734 0 0 0 8 351
50 C 797898 151 166 797298 112 0 0 6 0 165
51 A 796324 795240 65 379 312 4 0 0 0 324
52 G 812685 154 333 89 811917 0 0 0 7 185
53 A 808922 808117 98 26 211 15 0 0 0 455
54 C 818675 107 163 818195 62 0 0 3 0 145
55 A 799637 792631 4385 888 767 24 0 0 0 942
56 C 946967 862 5966 939010 872 0 0 19 0 238
57 A 938654 931470 931 178 5913 50 0 0 0 112
58 A 956567 955607 134 344 242 11 0 0 0 229
59 T 943052 280 942353 133 29 0 26 0 0 231
60 A 1027615 1026703 266 32 317 15 0 0 0 282
61 T 1049891 118 1049061 201 121 0 67 0 0 323
62 G 1057935 343 725 121 1056491 0 0 0 26 229
63 T 1028370 169 1025923 477 140 0 47 0 1 1613
64 A 1068416 1067187 377 163 394 38 0 0 0 257
65 T 998585 362 997240 251 56 0 18 0 0 658
66 A 991929 990693 468 197 264 14 0 0 0 293
67 G 985046 135 494 137 984001 0 0 0 59 220
68 G 900148 140 348 131 899252 0 0 0 18 259
69 C 861690 211 213 860621 198 0 0 33 0 414
70 T 852971 93 851954 324 260 0 11 0 0 329
71 A 809040 804126 354 79 226 9 0 0 0 4246
72 C 814529 164 219 813809 232 0 0 4 0 101
73 C 786587 326 160 785567 239 0 0 11 0 284
74 A 790361 789337 411 249 162 5 0 0 0 197
75 T 786201 360 784701 506 113 0 6 0 0 515
76 G 788686 211 614 43 787596 0 0 0 5 217
77 C 829970 148 1051 827928 477 0 0 8 0 358
78 G 836760 308 713 970 834360 0 0 0 4 405
79 A 853590 852681 197 83 187 8 0 0 0 434
80 A 850168 848972 175 100 186 3 0 0 0 732
81 C 860629 127 151 859780 67 0 0 7 0 497
82 A 856306 855987 75 19 100 8 0 0 0 117
83 A 870960 868413 71 40 108 3 0 0 0 2325
84 C 874172 72 79 873785 54 0 0 5 0 177
85 T 876235 188 874432 210 176 0 3 0 0 1226
86 C 882231 266 126 881436 85 0 0 4 0 314
87 A 891151 890020 221 89 571 8 0 0 0 242
88 A 894233 891887 132 102 175 17 0 0 0 1920
89 C 918836 265 184 918135 117 0 0 12 0 123
90 C 902390 235 304 901629 93 0 0 11 0 118
91 G 905864 593 513 101 904452 0 0 0 6 199
92 A 893176 892269 90 146 165 9 0 0 0 497
93 C 896451 138 488 895398 205 0 0 10 0 212
94 A 896217 894671 123 246 198 15 0 0 0 964
95 C 920481 174 183 919577 156 0 0 10 0 381
96 T 887885 221 886876 426 165 0 23 0 0 174
97 G 1090370 604 511 741 1088357 0 0 0 5 152
98 T 1082389 271 1081192 335 81 0 27 0 0 483
99 T 1085259 236 1083276 457 916 0 17 0 0 357
100 G 1085257 371 664 107 1083897 0 0 0 16 202
101 A 1065743 1064551 184 74 281 15 0 0 0 638
102 C 1086172 204 224 1085369 103 0 0 33 0 239
103 A 1036730 1035273 213 88 188 76 0 0 0 892
104 C 1025914 139 140 1025253 105 0 0 37 0 240
105 A 789166 788413 223 113 303 10 0 0 0 104
106 A 794843 793906 189 132 183 5 0 0 0 428
107 T 800626 159 799906 305 92 0 13 0 0 151
108 A 816440 813792 245 101 227 17 0 0 0 2058
109 C 755260 650 777 753589 125 0 0 9 0 110
110 T 734762 179 732913 926 562 0 7 0 0 175
111 C 689020 258 459 687796 390 0 0 8 0 109
112 G 698629 279 398 53 697737 0 0 0 9 153
113 A 687213 686754 88 64 152 6 0 0 0 149
114 G 696786 229 377 40 695843 0 0 0 1 296
115 A 679035 678684 51 69 109 4 0 0 0 118
116 A 676647 676261 50 26 152 10 0 0 0 148
117 G 686684 168 290 34 686052 0 0 0 2 138
118 A 680745 680162 51 57 148 11 0 0 0 316
119 A 688158 687804 44 40 176 5 0 0 0 89
120 T 677984 82 677317 175 84 0 5 0 0 321
121 G 673510 170 210 30 672984 0 0 0 1 115
122 T 670333 103 669088 115 27 0 4 0 0 996
123 G 671616 182 334 41 670908 0 0 0 3 148
124 G 710292 174 244 63 709666 0 0 0 13 132
125 C 714455 188 801 713122 113 0 0 7 0 224
126 A 691692 690853 94 171 141 8 0 0 0 425
127 G 691193 130 162 109 690668 0 0 0 2 122
128 T 680457 79 678416 115 30 0 14 0 0 1803
129 G 720125 197 302 35 719350 0 0 0 5 236
130 A 694918 694032 121 129 134 20 0 0 0 482
131 C 703707 58 186 703188 52 0 0 3 0 220
132 A 686362 684496 155 62 167 10 0 0 0 1472
133 C 690456 317 149 689744 47 0 0 6 0 193
134 A 702727 701765 101 90 373 16 0 0 0 382
135 T 690121 92 689262 548 80 0 4 0 0 135
136 T 661638 65 661023 168 51 0 21 0 0 310
137 C 765716 182 100 765160 39 0 0 24 0 211
138 T 721129 92 720366 297 27 0 57 0 0 290
139 G 724816 707 471 175 723264 0 0 0 9 190
140 T 743625 337 742461 181 238 0 12 0 0 396
141 T 721675 612 720286 309 283 0 8 0 0 177
142 A 711622 711088 112 86 198 3 0 0 0 135
143 A 716306 713726 87 58 173 10 0 0 0 2252
144 C 597904 39 220 597381 85 0 1 51 0 127
145 C 594646 129 97 594263 19 0 0 17 0 121
146 T 455588 41 455146 111 27 0 3 0 0 260
147 G 502195 528 201 46 501211 0 0 0 2 207
148 C 593063 101 217 592141 271 0 0 16 0 317
149 T 596269 256 595076 95 67 0 7 1 0 767
150 C 586087 202 185 585268 197 0 0 3 0 232
151 G 581235 419 442 614 579515 0 0 0 2 243
152 A 588037 585934 668 921 302 11 0 0 0 201
153 A 586493 584518 194 376 1097 7 0 0 0 301
154 G 635196 633 542 147 633533 0 0 0 8 333
155 A 618000 615731 220 724 259 14 0 0 0 1052
156 C 631389 283 613 629921 163 0 0 7 0 402
157 A 638083 635432 305 306 1779 12 0 0 0 249
158 G 634405 1026 844 910 631459 0 0 0 1 165
159 C 658941 912 1359 655534 957 0 0 6 0 173
160 C 652333 285 581 650929 99 0 0 2 0 437
161 A 649728 648556 126 189 259 2 0 0 0 596
162 C 663961 288 134 663275 130 0 0 4 0 130
163 A 660210 659566 233 28 182 5 0 0 0 196
164 A 699500 698839 197 58 120 11 0 0 0 275
165 C 698899 131 253 698276 67 0 0 27 0 145
166 G 673277 294 370 101 672312 0 0 0 7 193
167 G 672765 127 287 105 672170 0 0 0 6 70
168 G 667356 213 331 87 666554 0 0 0 3 168
169 A 669479 668710 185 102 259 8 0 0 0 215
170 A 668689 667977 184 50 317 6 0 0 0 155
171 A 663395 662339 148 122 243 24 0 0 0 519
172 C 667915 215 969 666522 45 0 0 13 0 151
173 T 639265 71 637963 179 872 0 12 0 0 168
174 A 649335 648716 115 180 205 3 0 0 0 116
175 T 634502 128 634026 119 97 0 13 0 0 119
176 G 631955 292 501 40 630910 0 0 0 6 206
177 T 630888 203 629470 402 68 0 7 0 0 738
178 A 574886 573173 637 421 407 8 0 0 0 240
179 A 582702 581264 231 552 510 16 0 0 0 129
180 A 580468 578620 710 628 333 8 0 0 0 169
181 T 573990 250 572443 754 386 0 15 0 0 142
182 T 564701 416 563951 145 71 0 6 0 0 112
183 A 537564 535852 425 644 471 3 0 0 0 169
184 A 538610 537070 198 729 532 3 0 0 0 78
185 A 538885 537993 112 83 614 3 0 0 0 80
186 A 403609 401678 238 518 1039 1 0 0 1 134
187 G 417472 128 378 52 416790 0 0 0 1 123
188 G 440976 200 197 39 440368 0 0 0 8 164
189 A 434060 433682 71 48 133 11 0 0 0 115
190 A 433725 432896 280 86 346 6 0 0 0 111
191 T 481976 305 481108 290 87 0 0 0 0 186
192 A 500181 498851 170 210 845 2 0 0 0 103
193 G 510167 432 583 419 508548 0 0 0 4 181
194 C 531039 440 259 530011 248 0 0 12 0 69
195 C 529080 453 307 527790 370 0 0 26 0 134
196 C 484181 246 96 483711 56 0 0 8 0 64
197 C 497252 174 70 496808 41 0 0 8 0 151
198 A 499529 498143 73 73 149 9 0 0 0 1082
199 C 534052 53 72 533740 64 0 0 7 0 116
200 T 532630 69 532183 161 29 0 6 0 0 182
201 A 530198 529143 99 34 155 7 0 0 0 760
202 C 557365 382 551 555887 418 0 0 7 0 120
203 A 558125 556555 599 503 262 12 0 0 0 194
204 A 570920 569341 369 746 298 16 0 0 0 150
205 T 550927 260 550252 122 29 0 11 0 0 253
206 T 530808 63 530254 77 222 0 10 0 0 182
207 G 538600 241 302 51 537869 0 0 0 3 134
208 G 514977 434 500 353 513577 0 0 0 6 107
209 G 529494 781 377 205 528012 0 0 0 10 109
210 G 526640 466 899 390 524718 0 0 0 5 162
211 A 516753 515805 63 398 224 1 0 0 0 262
212 A 519860 518988 182 414 160 11 0 0 0 105
213 A 513724 512953 100 447 86 6 0 0 0 132
214 T 534569 68 534228 103 29 0 12 0 0 129
215 G 529797 360 267 34 529052 0 0 0 7 77
216 T 536139 114 534564 193 273 0 6 0 0 989
217 A 542147 541095 538 55 334 2 0 0 0 123
218 A 544306 542970 69 668 247 3 0 0 0 349
219 C 551211 303 235 550433 107 0 0 2 0 131
220 A 549743 548572 282 433 162 11 0 0 0 283
221 T 565757 76 564951 431 34 0 16 0 0 249
222 C 567587 116 539 566670 104 0 0 9 0 149
223 A 550412 547691 462 204 265 4 0 0 0 1786
224 C 560030 160 519 558875 390 0 0 9 0 77
225 C 557810 591 592 556254 288 0 0 8 0 77
226 G 579350 194 359 27 578619 0 0 0 1 150
227 G 581349 128 215 62 580762 0 0 0 14 168
228 A 575234 574619 99 98 169 16 0 0 0 233
229 T 562320 42 561821 82 42 0 3 0 0 330
230 G 547179 184 174 27 546643 0 0 0 3 148
231 G 587267 176 174 64 586664 0 0 0 8 181
232 C 615815 165 111 615094 156 0 0 20 0 269
233 T 619148 43 618550 120 126 1 24 0 0 284
234 C 631619 184 127 630980 192 0 0 1 0 135
235 T 608400 287 606502 1421 72 0 4 0 0 114
236 T 586449 137 585783 169 110 0 2 0 0 248
237 G 560644 281 638 60 559577 0 0 0 4 84
238 G 561451 92 242 30 560884 0 0 0 17 186
239 G 728827 233 244 92 728084 0 0 0 26 148
240 A 664375 662989 592 87 401 16 0 0 1 289
241 A 639791 639222 109 129 189 8 0 0 0 134
242 A 661561 660871 189 99 232 8 0 0 0 162
243 T 660283 140 659241 393 116 0 7 0 0 386
244 C 715602 188 122 714969 116 0 0 16 0 191
245 C 710852 195 174 710263 83 0 0 6 0 131
246 A 684049 680133 137 2147 1321 5 0 0 0 306
247 G 713828 613 1085 317 711636 0 0 0 12 165
248 A 685256 682948 647 919 426 11 0 0 0 305
249 A 715262 713171 611 618 695 7 0 0 0 160
250 T 732951 73 732212 202 70 0 21 0 0 373
251 G 723735 166 341 61 722915 0 0 0 7 245
252 C 717523 275 836 716182 63 0 0 10 0 157
253 G 715140 362 439 147 714022 0 0 0 4 166
254 A 725875 723943 194 234 160 14 0 0 0 1330
255 C 733310 397 130 732518 67 0 0 7 0 191
256 T 719501 792 715961 694 1773 0 9 0 0 272
257 C 734135 1350 1292 730711 644 0 0 5 0 133
258 A 719675 716301 797 261 1252 7 0 0 1 1056
259 C 721870 193 207 721318 55 0 0 3 0 94
260 T 712995 122 712388 210 41 0 3 0 0 231
261 G 713617 509 301 112 712531 0 0 0 9 155
262 C 679172 607 351 677827 112 0 0 8 0 267
263 T 670997 219 670230 282 75 0 6 0 0 185
264 T 670569 722 668932 335 241 0 9 0 0 330
265 C 661877 1549 509 658930 753 0 0 4 0 132
266 C 662805 1386 1740 658874 643 0 0 5 0 157
267 A 653836 649950 1584 1307 865 4 0 0 0 126
268 G 647095 943 908 518 644308 0 0 0 9 409
269 C 653050 1036 1345 650212 319 0 0 11 0 127
270 G 595192 983 541 918 592489 0 0 0 10 251
271 A 575428 574531 125 321 238 3 0 0 0 210
272 G 581152 277 597 158 579951 0 0 0 11 158
273 A 579042 577817 398 206 321 12 0 0 0 288
274 T 587176 305 585749 780 93 0 5 1 0 243
275 C 547370 548 484 546168 38 0 0 5 0 127
276 A 544779 543355 397 437 460 4 0 0 0 126
277 T 550754 63 550400 97 76 0 3 0 0 115
278 G 593521 198 297 32 592886 0 0 0 18 90
279 G 717641 135 354 44 716927 0 0 0 27 154
280 T 585104 68 583606 133 173 0 47 0 0 1077
281 C 570007 100 84 569438 238 0 0 6 0 141
282 C 568586 354 600 567343 159 0 0 0 0 130
283 T 646124 60 645595 258 43 0 4 0 0 164
284 A 694703 693661 107 75 235 12 0 0 0 613
285 C 697624 165 125 696963 155 0 0 23 0 193
286 A 698946 698240 88 113 313 32 0 0 0 160
287 T 707928 86 707430 123 119 0 16 0 0 154
288 T 635172 93 634240 575 67 0 10 0 0 187
289 G 662561 474 308 90 661607 0 0 0 8 74
290 T 664310 103 663552 202 28 0 11 0 0 414
291 A 660492 659757 76 328 201 10 0 0 0 120
292 G 660797 275 348 47 659868 0 0 0 12 247
293 A 629070 628646 150 44 129 5 0 0 0 96
294 A 675714 675234 66 125 178 9 0 0 0 102
295 A 678283 676717 246 297 685 3 0 0 0 335
296 C 689606 289 356 688470 290 0 0 7 0 194
297 A 694186 690812 326 270 526 11 0 0 0 2241
298 C 686448 356 172 685197 323 0 0 8 0 392
299 C 677105 322 423 675966 278 0 0 4 0 112
300 A 679630 678264 228 430 584 1 0 0 0 123
301 A 701350 700148 125 186 725 2 0 0 0 164
302 A 712228 710054 296 175 691 8 0 0 0 1004
303 C 715962 103 487 714528 548 0 0 10 0 286
304 T 737504 90 736254 312 374 0 18 0 0 456
305 C 741154 170 79 740566 210 0 0 11 0 118
306 T 734004 153 732995 503 151 0 2 0 0 200
307 G 740773 295 359 138 739709 0 0 0 5 267
308 A 742284 741211 189 146 422 11 0 0 0 305
309 G 781132 332 345 185 780055 0 0 0 6 209
310 A 771780 769336 384 982 849 20 0 0 0 209
311 A 755171 754064 393 239 294 3 0 0 0 178
312 T 754430 425 752464 941 292 0 7 0 0 301
313 G 770905 354 469 46 769845 0 0 0 8 183
314 G 780541 194 292 125 779794 0 0 0 12 124
315 A 770146 768994 214 148 333 9 0 0 0 448
316 G 772218 166 393 478 770977 0 0 0 13 191
317 C 766861 434 497 765711 68 0 0 5 0 146
318 A 793818 792702 335 163 247 11 0 0 0 360
319 T 794898 79 794476 110 15 0 23 0 0 195
320 G 784821 375 304 36 783921 0 0 0 12 173
321 T 795386 276 794175 496 35 0 25 0 0 379
322 T 755153 59 754730 119 78 0 7 0 0 160
323 A 807291 806640 94 42 221 27 0 0 0 267
324 T 805514 203 804812 250 28 0 16 0 0 205
325 C 798524 114 138 797900 139 0 0 50 0 183
326 C 787089 182 254 786373 53 0 0 21 0 206
327 A 683753 682646 74 303 480 7 0 0 0 243
328 G 571747 99 270 54 571128 0 0 0 11 185
329 G 571617 187 181 59 571043 0 0 0 14 133
330 A 552355 551407 317 73 260 16 0 0 0 282
331 G 596933 614 381 348 595448 0 0 0 10 132
332 A 577660 574715 298 1579 726 5 0 0 0 337
333 T 617735 1728 614836 517 299 0 7 0 0 348
334 C 659085 1045 232 657623 55 0 0 11 0 119
335 T 656505 58 655692 341 137 0 18 0 0 259
336 C 665778 187 602 664411 449 0 0 5 0 124
337 A 666622 664420 201 1352 280 8 0 0 0 361
338 T 645715 1416 642534 1403 61 0 5 0 0 296
339 C 671044 1029 1367 668358 154 0 0 1 0 135
340 G 683731 411 530 223 682289 0 0 0 7 271
341 A 725941 724381 154 261 180 19 0 0 0 946
342 C 739407 245 214 738481 175 0 0 25 0 267
343 T 719443 458 717750 868 220 0 15 0 0 132
344 A 753827 751638 758 888 354 10 0 0 0 179
345 T 734008 690 732113 659 391 0 17 0 0 138
346 G 734646 152 555 720 732975 0 0 0 3 241
347 A 731171 729659 65 712 510 9 0 0 0 216
348 G 733759 553 508 233 732236 0 0 0 13 216
349 G 743912 151 237 24 743340 0 0 0 11 149
350 A 727417 726921 61 11 132 4 0 0 0 288
351 A 714695 714044 71 12 153 23 0 0 0 392
352 C 701016 86 191 700522 25 0 0 7 0 185
353 T 672578 42 672148 167 22 0 4 0 0 195
354 G 665660 221 317 42 664967 0 0 0 4 109
355 A 662988 662493 83 63 170 9 0 0 0 170
356 G 658763 133 324 58 658072 0 0 0 12 164
357 G 660522 223 229 73 659740 0 0 0 6 251
358 G 626609 262 133 24 625915 0 0 0 3 272
359 A 620220 619375 28 13 191 6 0 0 0 607
360 G 618241 220 119 37 617552 0 0 0 4 309
361 C 619095 182 312 618348 62 0 0 2 0 189
362 A 597952 597384 61 71 172 7 0 0 0 257
363 A 595134 594637 172 98 109 10 0 0 0 108
364 T 593421 109 592904 102 42 0 3 0 0 261
365 T 584644 49 584311 91 29 0 18 0 0 146
366 G 586499 178 278 91 585758 0 0 0 6 188
367 A 489935 488448 280 68 917 1 0 0 0 221
368 G 524654 302 417 130 523586 0 0 0 14 205
369 C 520435 191 184 519103 784 0 0 14 0 159
370 T 477286 269 476290 236 263 0 19 0 0 209
371 C 494309 246 208 493451 275 0 0 5 0 124
372 A 401407 400585 190 216 272 12 0 0 0 132
373 G 519355 328 280 62 518565 0 0 0 7 113
374 T 541376 63 540254 249 94 0 17 0 0 699
375 A 529794 528935 303 135 209 9 0 0 0 203
376 T 528566 474 526753 1042 177 0 11 0 0 109
377 C 503885 270 656 502173 612 0 0 4 0 170
378 A 518001 516094 774 647 273 17 0 0 0 196
379 T 551695 123 550987 250 134 0 18 0 0 183
380 C 555935 280 97 555223 99 0 0 48 0 188
381 A 563005 562433 54 123 258 12 0 0 0 125
382 T 502562 268 501442 173 491 0 5 0 0 183
383 T 508652 88 507769 627 53 0 6 0 0 109
384 A 505723 504826 81 462 280 3 0 0 0 71
385 G 541887 242 294 80 541131 0 0 0 7 133
386 A 543332 542873 78 89 136 18 0 0 0 138
387 A 562892 562422 77 94 144 14 0 0 0 141
388 A 528006 527673 32 39 109 12 0 0 0 141
389 G 527942 79 223 12 527481 0 0 0 6 141
390 A 545664 545159 35 23 107 6 0 0 0 334
391 T 548191 21 547866 78 45 0 4 0 0 177
392 T 576597 43 576214 72 11 0 3 0 0 254
393 C 566846 93 178 566444 22 0 0 1 0 108
394 G 568026 141 298 38 567336 0 0 0 1 212
395 A 574687 574424 51 31 99 1 0 0 0 81
396 A 574811 574455 38 55 96 6 0 0 0 161
397 A 582390 582067 52 10 68 3 0 0 0 190
398 T 573020 35 572566 67 1 0 4 0 0 347
399 A 570128 569689 36 56 82 1 0 0 0 264
400 T 594933 41 594699 80 4 0 1 0 0 108
401 T 594529 69 594222 115 10 0 8 0 0 105
402 T 599448 39 598716 178 7 0 4 0 0 504
403 C 607039 631 437 605661 197 0 0 3 0 110
404 C 602376 924 180 600644 441 0 0 9 0 178
405 C 611024 723 648 608988 527 0 0 3 0 135
406 A 610881 608568 708 704 797 10 0 0 0 94
407 A 592961 590574 1209 430 588 4 0 0 0 156
408 G 659338 1253 1127 864 655962 0 0 0 21 111
409 G 661797 994 876 357 659321 0 0 0 25 224
410 A 646337 644304 688 731 351 3 0 0 0 260
411 A 646940 643986 873 1572 402 2 0 0 0 105
412 A 602706 598169 1236 667 2327 4 0 0 0 303
413 G 668981 803 2021 1226 664792 0 0 0 14 125
414 T 684784 1016 679973 980 1763 0 36 0 0 1016
415 T 677681 1003 675490 392 617 0 17 0 0 162
416 C 680654 394 672 679001 366 0 0 11 0 210
417 A 604821 602442 841 693 635 6 0 0 0 204
418 T 633900 103 633319 164 69 0 6 0 0 239
419 G 640625 227 466 41 639739 0 0 0 6 146
420 G 590674 113 212 201 589894 0 0 0 21 233
421 C 594643 535 526 593019 391 0 0 24 1 147
422 C 464098 428 335 462932 292 0 0 6 0 105
423 C 466706 621 225 465391 358 0 0 6 0 105
424 A 460714 460421 59 41 118 5 0 0 0 70
425 A 479201 478447 48 32 84 10 0 0 0 580
426 C 489936 66 161 489579 36 0 0 11 0 83
427 C 488936 336 614 487730 92 0 0 7 0 157
428 A 446738 445633 129 192 83 6 0 1 0 694
429 C 434191 59 383 433611 45 0 0 1 0 92
430 A 428724 427538 102 38 359 3 0 0 0 684
431 C 431551 71 96 431019 197 0 0 4 0 164
432 A 432526 431824 211 188 106 4 0 0 0 193
433 T 432974 209 432103 135 384 0 13 0 0 130
434 T 423802 385 423010 203 125 0 2 0 0 77
435 C 427197 394 230 426276 203 0 0 1 0 93
436 A 423027 420805 720 587 764 0 0 0 0 151
437 A 426503 425030 270 547 488 5 0 0 0 163
438 C 412012 737 539 410128 506 0 0 2 0 100
439 G 395840 117 162 273 395176 0 0 0 4 108
440 G 406059 94 141 50 405718 0 0 0 1 55
441 A 395962 395413 77 90 201 8 0 0 0 173
442 G 399775 587 129 348 398621 0 0 0 3 87
443 T 401124 121 398348 292 519 0 0 0 0 1844
444 A 388557 387511 279 241 431 5 0 0 0 90
445 A 410122 409215 663 31 88 1 0 0 0 124
446 C 398013 102 87 397640 87 0 0 2 0 95
447 A 423393 422806 130 77 207 18 0 0 0 155
448 G 439265 374 1889 516 436404 0 0 1 12 69
449 T 395580 415 392717 928 797 0 21 0 0 702
450 A 406344 403583 218 933 1486 4 0 0 0 120
451 T 436647 117 435837 214 297 0 14 0 0 168
452 C 426592 74 264 426039 56 0 0 15 0 144
453 A 427433 426661 173 49 465 8 0 0 0 77
454 T 411699 101 411305 64 32 0 5 0 0 192
455 G 400599 131 139 43 400178 0 0 0 14 94
456 C 401833 73 132 401475 31 0 0 10 0 112
457 T 377973 2038 373451 745 1473 0 10 0 0 256
458 C 403003 1314 1280 399215 1113 0 0 10 0 71
459 C 394097 808 1707 390417 1025 0 1 3 0 136
460 C 397385 815 426 395446 602 0 0 2 0 94
461 A 418568 416804 329 999 309 14 0 0 0 113
462 T 391314 757 389930 359 90 0 7 0 0 171
463 A 390653 389482 456 264 349 9 0 0 0 93
464 G 418150 731 922 349 416021 0 0 0 4 123
465 G 426143 326 993 380 424339 0 0 0 14 91
466 G 434835 475 344 101 433765 0 0 0 6 144
467 G 436430 718 175 724 434724 0 0 0 4 85
468 A 438090 436489 156 488 770 3 0 0 0 184
469 A 436035 435393 236 138 155 2 0 0 0 111
470 A 459102 458333 247 260 165 2 0 0 0 95
471 A 467086 466291 382 43 233 7 0 0 0 130
472 A 467042 466102 77 216 495 1 0 0 0 151
473 G 467169 278 199 743 465798 0 0 0 10 141
474 C 476760 568 220 475664 182 0 0 2 0 124
475 A 474020 472609 143 111 1047 1 0 0 0 109
476 G 530194 154 211 165 529458 0 0 0 4 202
477 T 529238 50 528261 194 197 0 6 0 0 530
478 T 528963 44 528738 97 10 0 1 0 0 73
479 T 526293 41 525999 94 14 0 1 0 0 144
480 T 520368 38 519994 219 19 0 0 0 0 98
481 T 547333 134 546774 105 72 0 4 0 0 244
482 A 545376 544639 121 82 142 10 0 0 0 382
483 C 546390 129 218 545767 107 0 0 3 0 166
484 A 536507 535631 69 454 226 9 0 0 0 118
485 G 553960 159 263 93 553296 0 0 0 5 144
486 A 551390 550552 60 66 554 10 0 0 0 148
487 A 572041 571647 68 75 91 8 0 0 0 152
488 A 573464 573031 49 105 136 13 0 0 0 130
489 T 525314 83 524861 125 19 0 1 0 0 225
490 T 526405 53 525977 204 36 0 2 0 0 133
491 T 533841 42 533506 125 53 0 4 0 0 111
492 G 536033 149 321 61 535361 0 0 0 14 127
493 C 535003 158 394 534108 174 0 0 4 0 165
494 T 496836 77 496392 221 47 0 9 0 0 90
495 A 476787 475808 339 366 116 3 0 0 0 155
496 T 488859 110 488538 75 10 0 5 0 0 121
497 G 469245 457 172 26 468461 0 0 0 4 125
498 G 472669 162 126 33 472240 0 0 0 13 95
499 C 447928 115 107 447182 307 0 0 11 0 206
500 T 430686 39 430397 141 17 0 2 0 0 90
501 G 448184 441 290 93 447172 0 0 0 3 185
502 A 448232 447599 101 78 183 16 0 0 0 255
503 C 436869 124 221 436236 105 0 0 5 0 178
504 G 447271 207 903 149 445905 0 0 0 17 90
505 A 440580 438723 203 599 738 9 0 0 0 308
506 A 437177 435366 444 685 522 5 0 0 0 155
507 G 373514 1091 371 475 371459 0 0 0 3 115
508 A 372190 371517 110 133 285 8 0 0 0 137
509 A 386645 386015 62 155 340 7 0 0 0 66
510 G 403086 278 700 208 401713 0 0 0 5 182
511 G 404689 1282 636 1474 401220 0 0 0 16 61
512 G 403116 2193 762 515 399586 0 0 0 4 56
513 G 380693 800 1145 249 378412 0 0 0 2 85
514 G 382836 1034 154 624 380920 0 0 0 5 99
515 A 367875 365342 696 986 196 5 0 0 0 650
516 T 385620 911 383373 763 388 0 13 0 0 172
517 T 398126 625 396063 304 1044 0 15 0 0 75
518 C 397959 1115 463 396165 126 0 0 5 0 85
519 A 401856 399401 810 902 641 6 0 0 0 96
520 T 399818 48 399538 90 5 0 3 0 0 134
521 A 417614 416010 101 20 80 7 0 0 0 1396
522 C 422508 63 70 422267 12 0 0 12 0 84
523 C 414397 1058 168 411978 1138 0 0 10 0 45
524 C 411260 1260 360 408951 517 0 0 4 0 168
525 A 380618 378551 489 708 750 4 0 0 0 116
526 A 478530 476794 659 576 325 4 0 0 0 172
527 A 480496 478551 895 571 362 10 0 0 0 107
528 G 491396 641 783 579 489219 0 1 0 14 159
529 C 490612 183 125 489537 649 0 0 4 0 114
530 T 460843 27 460225 318 66 0 2 0 0 205
531 G 566397 187 686 466 564835 0 0 0 8 215
532 A 572422 570159 239 237 762 16 0 0 0 1009
533 C 639563 146 674 638153 350 0 0 13 0 227
534 C 632659 774 332 631005 355 0 0 10 0 183
535 A 625040 622516 845 589 863 6 0 0 0 221
536 A 692583 690014 539 1419 409 10 0 0 0 192
537 T 696231 392 694071 855 732 0 28 1 0 152
538 T 708395 458 706641 300 561 0 9 0 0 426
539 C 713619 442 853 711845 293 0 0 8 0 178
540 C 688359 342 729 686623 360 0 0 4 0 301
541 T 691688 40 691271 203 15 0 4 0 0 155
542 A 692152 691684 82 18 137 8 0 0 0 223
543 T 708544 76 708085 122 32 0 23 0 0 206
544 G 744927 904 870 206 742794 0 0 0 10 143
545 T 693005 254 690923 502 648 0 4 0 0 674
546 G 694110 517 514 664 692256 0 0 0 6 153
547 A 691508 691061 118 16 131 9 0 0 0 173
548 A 689909 689249 58 18 171 4 0 0 0 409
549 C 714680 42 103 714337 30 0 0 10 0 158
550 A 696784 694175 962 864 619 12 0 0 0 152
551 A 702484 700569 744 491 423 7 0 0 0 250
552 T 702878 276 700404 389 1662 0 2 0 0 145
553 A 688588 687496 386 77 474 6 0 0 0 149
554 A 742614 741282 791 254 172 6 0 0 0 109
555 A 736697 734967 167 582 614 7 0 0 1 359
556 G 726238 602 695 83 724659 0 0 0 22 177
557 G 741281 386 310 454 739947 0 0 0 12 172
558 G 721690 535 513 88 720340 0 0 0 7 207
559 A 707784 706227 111 806 332 4 0 0 0 304
560 A 704922 703530 318 57 739 4 0 0 0 274
561 A 702495 700439 67 574 1228 4 0 0 0 183
562 G 710805 289 503 515 709210 0 0 0 4 284
563 A 690132 688900 355 413 225 5 0 0 0 234
564 A 669578 668361 206 160 704 4 0 0 0 143
565 G 621131 305 196 71 620369 0 0 0 4 186
566 T 653379 63 650928 166 27 0 15 0 0 2180
567 C 679619 548 256 678556 74 0 0 20 0 165
568 C 677890 151 213 677267 62 0 0 11 0 186
569 T 675707 64 675242 190 16 0 3 0 0 192
570 T 598277 154 597740 120 143 0 4 0 0 116
571 G 634967 471 333 143 633886 1 0 0 7 126
572 T 643979 67 643121 136 36 0 28 0 0 591
573 A 676794 674986 197 528 187 18 0 0 0 878
574 C 678288 362 148 677526 63 0 0 9 0 180
575 T 620420 39 619981 163 20 0 8 0 0 209
576 A 652887 652078 78 315 201 3 0 0 0 212
577 T 644709 60 644287 100 30 0 1 0 0 231
578 G 672354 114 499 30 671572 0 0 0 21 118
579 G 813131 113 483 259 812036 0 0 0 15 225
580 G 726467 104 203 54 725985 0 0 0 20 101
581 G 783818 99 168 167 783254 0 0 0 8 122
582 T 741611 62 738008 126 94 0 11 0 0 3310
583 G 814418 253 279 72 813515 0 0 0 16 283
584 T 845324 63 844530 270 77 0 31 0 0 353
585 T 783271 127 782262 386 186 0 16 0 0 294
586 C 798267 110 136 797759 55 0 0 6 0 201
587 A 800866 800403 78 38 118 5 0 0 0 224
588 T 797911 71 796255 1077 17 0 3 0 0 488
589 C 798889 1104 480 796854 243 0 0 5 0 203
590 A 793061 786287 663 236 405 12 0 0 0 5458
591 C 804471 621 885 802722 121 0 0 9 0 113
592 C 793837 140 71 793318 46 0 0 13 0 249
593 C 767149 266 126 766613 31 0 0 5 0 108
594 G 801497 311 240 53 800721 0 0 0 7 165
595 T 795502 61 794899 129 12 0 19 1 0 381
596 C 798325 96 518 797367 23 0 0 5 0 316
597 T 852961 58 851931 793 22 0 5 0 0 152
598 A 820055 819581 94 15 153 5 0 0 0 207
599 G 825649 152 280 86 825013 0 0 0 5 113
600 C 818623 193 170 818063 42 0 0 10 0 145
601 A 815908 814669 186 525 310 35 0 0 0 183
602 G 847075 548 647 253 845413 0 0 0 7 207
603 T 781995 210 780110 618 214 0 6 0 0 837
604 G 838525 1071 367 290 836375 0 0 0 13 409
605 A 838157 836072 1355 200 281 6 0 0 0 243
606 T 830209 895 827829 868 293 0 8 0 0 316
607 G 875830 481 376 131 874585 0 0 0 7 250
608 A 860969 859755 114 248 408 16 0 0 0 428
609 G 876543 798 372 117 875009 0 0 0 14 233
610 C 878975 144 134 878247 83 0 0 10 0 357
611 A 846866 846392 77 39 126 8 0 0 0 224
612 A 854709 853945 72 24 146 11 0 0 0 511
613 C 853351 278 378 851225 1172 0 0 7 0 291
614 A 823839 822033 727 468 322 18 0 0 0 271
615 G 762575 207 332 23 761854 0 0 0 6 153
616 A 729785 728469 274 82 603 8 0 0 1 348
617 G 724933 304 420 458 723557 0 0 0 9 185
618 T 698512 297 695309 412 255 0 9 0 1 2229
619 C 712786 173 345 712037 36 0 0 13 0 182
620 T 603390 80 602977 109 35 0 7 0 0 182
621 C 659055 322 85 658029 461 0 0 6 0 152
622 T 590728 49 590343 94 17 0 7 0 0 218
623 A 597266 596963 49 20 95 9 0 0 0 130
624 T 608333 51 607981 124 36 0 7 0 0 134
625 A 584780 583005 762 92 776 12 0 0 0 133
626 G 601977 1053 1080 612 599030 0 0 0 32 170
627 T 574650 697 571853 824 295 0 14 0 0 967
628 A 507569 506134 151 442 715 15 0 0 0 112
629 A 518735 517139 637 341 489 3 0 0 0 126
630 T 496339 423 494735 366 647 0 4 0 0 164
631 G 499267 231 478 295 498142 0 0 0 6 115
632 G 484591 284 526 473 483196 0 0 0 5 107
633 A 479916 478463 744 210 188 5 0 0 0 306
634 A 494032 492509 257 579 622 5 0 0 0 60
635 A 488388 487460 290 247 204 7 0 0 0 180
636 T 487035 713 485772 183 216 0 9 0 0 142
637 G 510899 216 297 67 510178 0 0 0 14 127
638 C 510040 117 92 509559 69 0 0 8 0 195
639 T 505574 160 505123 142 54 0 8 0 0 87
640 T 513065 27 512471 226 215 0 5 0 0 121
641 A 513563 513291 49 14 102 2 0 0 0 105
642 T 520058 263 519523 77 39 0 6 0 0 150
643 G 428214 110 152 19 427839 0 0 0 4 90
644 T 486770 54 486294 84 8 0 12 0 0 318
645 C 489899 66 82 489534 53 0 0 18 0 146
646 T 472216 228 471338 192 246 0 7 0 0 205
647 C 487741 211 444 486888 124 0 0 4 0 70
648 T 479932 222 478840 616 130 0 3 0 0 121
649 G 501278 151 153 33 500792 0 0 0 10 139
650 T 503546 53 503001 78 20 0 6 0 0 388
651 A 487250 486904 31 12 118 13 0 0 0 172
652 G 501539 200 639 126 500457 0 0 0 12 105
653 C 460630 180 393 459438 488 0 0 3 0 128
654 G 469022 181 146 345 468254 0 0 0 11 85
655 T 462776 136 461983 132 78 0 2 0 0 445
656 C 441032 81 68 440600 131 0 0 7 0 145
657 T 440733 91 440218 288 64 0 4 0 0 68
658 T 444168 824 441307 1418 475 0 3 0 0 141
659 C 497822 1106 649 494921 1037 0 0 4 0 105
660 A 497785 494362 1545 735 905 4 0 0 0 234
661 A 518418 517301 171 131 681 10 0 0 0 124
662 A 531536 530480 199 151 592 19 0 0 0 95
663 T 532092 161 530793 748 210 0 8 0 0 172
664 T 549038 390 547841 457 213 0 9 0 0 128
665 A 545037 543628 465 497 301 3 0 0 0 143
666 T 555754 364 554360 457 390 0 5 0 0 178
667 A 556349 552947 1381 839 1066 8 0 0 0 108
668 A 506995 504154 1829 283 450 13 0 0 0 266
669 C 521336 1024 925 518814 425 0 0 8 0 140
670 A 479855 478714 186 299 563 14 0 0 0 79
671 G 495224 401 457 177 494084 0 0 0 10 95
672 G 510684 490 562 219 509346 0 0 0 11 56
673 A 513377 512676 94 156 169 6 0 0 0 276
674 G 524060 298 325 13 523293 0 0 0 4 127
675 A 539137 538244 53 58 409 6 0 0 0 367
676 T 538300 431 536973 359 273 0 7 1 0 256
677 T 581781 311 580956 210 100 0 5 0 0 199
678 C 579029 412 517 577559 362 0 0 3 0 176
679 A 572832 564653 295 404 1032 7 0 0 0 6441
680 C 594706 568 3143 590479 311 0 0 9 0 196
681 C 585910 2401 218 582216 941 0 0 28 0 106
682 C 583762 1317 312 581554 480 0 0 9 0 90
683 C 572651 281 864 570953 384 0 0 5 0 164
684 G 593650 1175 1637 688 589901 0 0 0 6 243
685 G 599843 1226 1272 856 596361 0 0 0 15 113
686 A 563435 559814 1086 1401 941 8 0 0 0 185
687 A 562868 559940 1144 878 774 6 0 0 0 126
688 A 561454 559340 590 425 888 4 0 0 0 207
689 T 552547 243 551530 402 188 0 5 0 0 179
690 A 585554 583234 830 694 656 6 0 0 0 134
691 G 571778 1327 1246 717 568355 0 0 0 14 119
692 C 590501 606 2988 586232 542 0 0 9 0 124
693 T 513408 752 510163 1099 1212 0 6 0 0 176
694 G 511256 2828 3891 1614 502777 0 0 0 5 141
695 C 552519 4191 5186 541343 1675 0 0 6 0 118
696 A 521901 513747 3985 2372 1702 4 0 0 0 91
697 A 522607 521807 87 296 244 3 0 0 0 170
698 G 528410 391 208 75 527645 0 0 0 7 84
699 G 588152 352 332 163 587035 0 0 0 18 252
700 C 585229 749 176 583801 285 0 0 16 0 202
701 C 586715 593 435 585075 477 0 0 10 0 125
702 C 600297 411 512 598452 683 0 0 4 0 235
703 A 597028 593006 366 2256 1260 7 0 0 0 133
704 A 620748 616268 2758 830 666 8 0 0 0 218
705 A 615615 611762 1206 1193 1341 35 0 1 0 77
706 G 660860 1819 717 464 657659 0 0 0 19 182
707 T 667585 305 665358 653 290 0 28 0 0 951
708 A 628496 626408 584 684 679 6 0 0 0 135
709 A 627344 624536 1875 424 406 2 0 0 0 101
710 G 593641 1049 1947 486 590048 0 0 0 6 105
711 A 585636 583633 802 456 549 9 0 0 0 187
712 G 592544 278 246 45 591794 0 0 0 11 170
713 A 569185 568403 75 204 193 11 0 0 0 299
714 T 573729 272 572634 234 68 0 5 0 0 516
715 C 569439 404 183 568496 153 0 0 4 0 199
716 A 567059 565950 157 279 567 6 0 0 0 100
717 A 585275 584162 354 84 320 9 0 0 0 346
718 C 572053 3324 168 568217 153 0 0 8 0 183
719 A 565918 561005 2494 1372 807 3 0 0 0 237
720 T 547901 664 545748 1144 138 0 3 0 0 204
721 G 533846 92 216 36 533325 0 0 0 4 173
722 G 538687 92 128 25 538333 0 0 0 6 103
723 G 523380 120 262 40 522774 0 0 0 1 183
724 A 568551 567846 61 80 183 6 0 0 0 375
725 G 577733 161 247 27 577150 0 0 0 19 129
726 G 571552 153 259 50 570935 0 0 0 11 144
727 A 573229 572510 83 27 154 9 0 0 0 446
728 T 570468 90 570050 126 22 0 3 0 0 177
729 G 550497 138 261 69 549870 0 0 0 3 156
730 A 607542 606279 358 314 419 4 0 0 0 168
731 A 623749 622131 201 324 267 21 0 0 0 805
732 C 652464 291 573 651262 188 0 0 10 0 140
733 T 615005 124 614356 178 32 0 17 0 0 298
734 A 621972 621475 111 52 180 11 0 0 0 143
735 T 683827 122 683211 188 91 0 15 0 0 200
736 T 688704 138 687602 664 130 0 34 0 0 136
737 A 693937 692264 637 75 188 22 0 0 0 751
738 C 673720 192 185 673051 112 0 0 12 0 168
739 T 636423 76 635983 192 29 0 19 0 0 124
740 G 622458 169 138 35 621941 0 0 0 7 168
741 G 604645 129 146 43 604181 0 0 0 7 139
742 A 647452 644405 734 162 582 23 0 0 0 1546
743 C 656311 568 474 654722 310 0 0 14 0 223
744 C 592419 310 716 590871 448 0 0 4 0 70
745 T 588312 593 587012 307 249 0 4 0 0 147
746 T 604965 58 604510 234 94 0 8 0 0 61
747 G 606950 732 405 359 605301 0 0 0 8 145
748 C 596252 245 427 595046 409 0 0 10 0 115
749 T 629849 57 629308 121 16 0 2 0 0 345
750 A 625492 624494 222 295 375 6 0 0 0 100
751 G 651258 2015 617 494 647885 0 0 0 5 242
752 A 658675 654660 1091 633 2115 5 0 0 0 171
753 A 639585 635796 374 784 543 14 0 0 0 2074
754 C 652821 96 167 652137 159 0 0 8 0 254
755 C 613508 309 80 612809 124 0 0 12 0 174
756 C 625793 385 496 623990 757 0 0 2 0 163
757 G 625756 513 333 150 624630 0 0 0 2 128
758 G 630460 448 446 175 629156 0 0 0 6 229
759 A 632197 630065 320 146 1289 4 0 0 0 373
760 G 631764 189 979 266 630121 0 0 0 4 205
761 A 645564 643405 125 1315 332 10 0 0 0 377
762 C 671701 410 119 670478 594 0 0 6 0 94
763 A 659973 658261 149 437 496 12 0 0 0 618
764 C 732597 439 251 730957 794 0 0 15 0 141
765 A 731237 728586 337 1752 359 33 0 0 0 170
766 A 708570 706533 513 622 678 10 0 0 0 214
767 T 708522 152 708005 144 44 0 18 0 0 159
768 A 705871 703868 270 435 1113 6 0 0 0 179
769 A 766207 762439 1753 798 1012 9 0 0 0 196
770 T 769924 1073 766776 1209 664 0 8 0 0 194
771 A 762765 758854 1416 1129 1045 31 0 0 0 290
772 T 756917 277 756117 296 96 0 29 0 0 102
773 T 655040 87 654574 97 39 0 16 0 0 227
774 T 656398 344 655093 418 348 0 6 0 0 189
775 G 624700 199 286 117 623975 0 0 0 4 119
776 A 620376 619702 83 44 262 2 0 0 0 283
777 G 622291 154 174 60 621757 0 0 0 10 136
778 G 618932 133 212 45 618257 0 0 0 12 273
779 C 665373 145 142 664846 72 0 0 9 0 159
780 A 675770 675268 118 23 192 2 0 0 0 167
781 A 670716 669093 546 209 412 7 0 0 0 449
782 C 724310 290 417 723169 275 0 0 10 0 149
783 T 714903 327 712829 1097 309 0 21 0 0 320
784 G 672662 136 231 83 672062 0 0 0 4 146
785 G 669677 137 202 114 669032 0 0 0 11 181
786 T 681306 153 676193 1466 183 0 3 0 0 3308
787 A 684785 684300 59 24 130 5 0 0 0 267
788 A 709275 708796 46 44 94 12 0 0 0 283
789 T 741994 106 741282 301 26 0 22 0 0 257
790 C 744443 159 354 743695 66 0 0 24 0 145
791 T 739423 90 738767 238 188 0 9 0 0 131
792 A 735966 735331 81 78 369 17 0 0 0 90
793 A 736324 734412 461 707 593 7 0 0 0 144
794 T 740792 86 740369 125 20 0 4 0 0 188
795 A 702450 701036 426 653 188 8 0 0 0 139
796 G 696823 132 333 45 696146 0 0 0 8 159
797 C 691133 108 98 690716 70 0 0 13 0 128
798 A 693134 689945 124 44 202 10 0 0 0 2809
799 C 700699 47 71 700460 35 0 0 7 0 79
800 C 682336 101 105 681950 77 0 0 11 0 92
801 A 685390 684470 143 196 371 6 0 0 0 204
802 T 693039 361 691642 597 349 0 9 0 0 81
803 G 674922 597 1179 148 672772 0 0 0 13 213
804 G 680175 205 728 289 678719 0 0 0 18 216
805 T 651259 195 647415 802 97 0 6 0 0 2744
806 A 652652 652086 227 72 148 5 0 0 0 114
807 T 646759 156 645653 663 85 0 3 0 0 199
808 G 678098 201 485 48 677042 0 0 0 26 296
809 C 707096 115 82 705985 697 0 0 21 0 196
810 T 641096 109 639271 1195 355 0 18 0 0 148
811 T 605827 55 605078 514 30 0 6 0 0 144
812 T 607430 291 606667 167 169 0 5 0 0 131
813 C 490117 74 469 489280 163 0 0 2 0 129
814 G 499385 1395 359 331 497219 0 0 0 3 78
815 C 472959 149 407 471998 251 0 0 4 0 150
816 A 472189 470665 329 330 441 7 1 0 0 416
817 C 492300 152 124 491665 231 0 0 4 0 124
818 T 476500 19 476174 188 38 0 1 0 0 80
819 G 564676 240 338 320 563669 0 0 0 23 86
820 A 572714 568951 491 961 2079 52 0 0 0 180
821 G 584267 991 2452 598 580103 0 0 0 11 112
822 T 692460 893 687081 2546 441 0 18 0 0 1481
823 A 688537 687397 293 439 163 3 0 0 0 242
824 G 723258 478 372 217 722048 0 0 0 9 134
825 A 741453 739911 383 307 541 14 0 0 0 297
826 G 762341 1000 1559 695 758898 0 0 1 50 138
827 G 771481 743 633 1908 767972 0 0 0 30 195
828 G 695833 1165 675 1341 692481 0 0 0 11 160
829 T 673434 2784 664056 2802 2002 0 5 0 0 1785
830 T 852459 3327 842045 4477 2500 0 5 0 0 105
831 T 833641 3468 824182 4780 984 0 9 0 0 218
832 G 849165 2313 2297 2632 841713 0 0 0 6 204
833 A 844181 837838 1831 1220 3001 12 1 0 0 278
834 G 877530 4042 1921 2497 868887 0 0 0 15 168
835 T 853410 992 850587 656 178 0 17 0 0 980
836 C 855519 1261 328 853690 59 0 0 10 0 171
837 C 842320 247 804 840810 170 0 0 4 0 285
838 G 848999 711 462 142 847397 0 0 0 6 281
839 G 849180 377 296 402 847723 0 0 0 13 369
840 C 846141 380 386 844924 213 0 0 4 0 234
841 A 844246 843272 176 311 235 10 0 0 0 242
842 T 872336 111 871501 189 58 0 6 0 0 471
843 C 868405 410 803 866689 71 0 0 6 0 426
844 A 881006 880345 104 79 198 6 0 0 0 274
845 T 867501 138 866827 186 21 0 15 0 0 314
846 C 870672 168 179 870080 88 0 0 5 0 152
847 A 858396 851470 844 1100 1008 6 0 0 0 3968
848 C 889305 574 1904 886280 388 0 0 15 0 144
849 C 888372 1420 1945 884293 528 0 0 25 0 161
850 T 863920 1498 861516 281 288 0 7 0 0 330
851 C 859754 350 364 858097 746 0 0 4 0 193
852 A 885868 883616 636 817 709 10 0 0 0 80
853 A 880503 876320 704 789 2527 7 0 0 0 156
854 A 886090 881088 2493 1484 644 10 0 0 0 371
855 C 882680 1398 1439 877671 1939 0 0 30 1 202
856 G 882470 1576 1581 526 878630 0 0 0 16 141
857 C 808738 988 1587 805686 251 0 0 13 0 213
858 G 777040 1016 519 399 774873 0 0 0 7 226
859 T 797063 747 793537 1354 722 0 9 0 0 694
860 C 796376 735 1238 793804 222 0 0 6 0 371
861 A 829026 826654 440 546 1091 4 0 0 0 291
862 A 882897 879841 1564 542 652 15 0 0 0 283
863 T 862302 718 860088 843 450 0 22 0 0 181
864 G 883919 1771 905 1743 879318 0 0 1 18 163
865 C 885805 643 615 883912 416 0 0 21 0 198
866 A 846289 844430 487 600 564 11 0 0 0 197
867 T 844411 522 842431 907 198 0 10 0 0 343
868 G 575179 694 359 464 573441 0 0 0 4 217
869 A 574214 572973 195 631 200 24 0 0 0 191
870 G 635975 473 466 660 634117 0 0 0 19 240
871 T 618754 90 617433 105 40 0 62 0 0 1024
872 G 631651 198 241 34 631091 0 0 0 10 77
873 T 614550 67 613587 403 40 0 6 0 0 447
874 A 615425 614610 221 132 401 2 0 0 0 59
875 A 577194 576338 92 251 325 4 0 0 0 184
876 C 567876 144 1275 566277 85 0 0 6 0 89
877 A 562005 561128 107 22 245 17 0 0 0 486
878 C 561137 57 187 560764 32 0 0 5 0 92
879 G 525294 256 560 301 524080 0 0 0 9 88
880 A 526325 523687 886 639 980 1 0 0 0 132
881 A 521848 519308 497 1541 294 5 0 0 0 203
882 G 548255 647 945 1133 545421 0 0 0 3 106
883 T 534286 55 532650 134 40 0 13 0 0 1394
884 G 552084 144 169 47 551552 1 0 0 4 167
885 T 548829 81 547976 292 38 0 5 0 0 437
886 C 559478 95 109 559091 37 0 0 2 0 144
887 A 547425 547047 52 28 162 0 0 0 0 136
888 A 566790 566528 24 17 109 5 0 0 0 107
889 A 630022 629124 100 91 256 20 0 0 0 431
890 C 636580 113 116 635764 446 0 0 9 0 132
891 A 605009 600116 459 135 162 5 0 0 0 4132
892 C 679364 117 130 678907 86 0 0 24 0 100
893 C 666171 156 80 665471 55 0 0 33 0 376
894 C 677257 397 103 676113 517 0 1 12 0 114
895 C 670141 2536 922 665998 552 0 0 7 0 126
896 A 677288 673118 1361 1430 1167 2 0 0 0 210
897 G 615557 801 1508 1127 611997 0 0 0 6 118
898 G 618254 81 420 63 617493 0 0 0 7 190
899 G 662017 194 144 230 661220 0 0 1 20 208
900 A 660026 658887 86 89 552 27 0 0 0 385
901 G 673820 228 449 180 672727 0 0 0 8 228
902 C 698138 179 199 697428 180 0 0 25 0 127
903 T 692382 183 691346 415 189 0 7 0 0 242
904 A 985847 985009 287 176 215 5 0 0 0 155
905 T 982760 397 981698 306 85 0 14 1 0 259
906 A 1023875 1022784 254 335 344 25 0 0 0 133
907 A 1022898 1019436 790 539 1974 22 0 0 0 137
908 A 980753 977006 1001 1566 752 39 0 0 0 389
909 C 994348 995 912 990712 1317 0 0 16 0 396
910 A 913571 912210 85 88 1019 13 0 0 0 156
911 G 917005 305 304 120 915672 0 0 0 12 592
912 C 918319 266 339 917180 350 0 0 16 0 168
913 A 888231 884391 339 417 2555 7 0 0 0 522
914 A 886835 883247 220 1054 1981 4 0 0 0 329
915 T 879457 875 875786 2078 41 0 2 0 0 675
916 C 895628 333 525 894519 87 0 0 9 0 155
917 T 894002 138 892413 658 303 0 2 0 0 488
918 C 887186 249 425 886041 201 0 0 6 0 264
919 C 803797 146 114 803295 96 0 0 11 0 135
920 C 798584 308 132 797852 48 0 0 1 0 243
921 T 796993 101 796262 278 136 0 0 0 0 216
922 T 803555 60 803140 176 36 0 2 0 0 141
923 T 796433 73 795829 202 49 0 8 0 0 272
924 C 802518 141 178 801897 64 0 0 3 0 235
925 C 796767 107 174 796260 53 0 0 4 0 169
926 A 791898 791412 77 61 260 7 0 0 0 81
927 G 801393 355 283 61 800519 0 0 0 6 169
928 A 800120 799645 85 33 223 4 0 0 0 130
929 A 844730 843934 175 118 145 14 0 0 0 344
930 T 849290 204 848381 434 16 0 12 0 0 243
931 A 799267 798441 227 32 272 8 0 0 0 287
932 T 802744 326 801897 147 159 0 8 0 0 207
933 A 772944 770638 199 291 267 12 0 0 0 1537
934 C 800823 436 654 799039 603 0 0 8 0 83
935 A 783719 777451 108 1421 308 18 0 0 0 4413
936 C 792533 130 923 791203 171 0 0 35 0 71
937 C 767477 369 127 766719 91 0 0 32 0 139
938 C 691152 420 151 689905 469 0 0 8 0 199
939 A 688297 687292 98 377 386 9 0 0 0 135
940 G 691476 1165 859 1037 688232 0 0 0 5 178
941 T 564788 1603 561726 459 452 0 8 0 0 540
942 C 575048 527 1409 572704 197 0 0 3 0 208
943 A 557744 555810 735 211 434 9 0 0 0 545
944 C 663169 537 370 661750 362 0 0 14 0 136
945 A 652265 650449 553 531 578 33 0 0 0 121
946 A 672605 671611 209 106 522 15 0 0 0 142
947 T 683508 144 682849 194 104 0 16 0 0 201
948 A 601517 600464 272 239 368 5 0 0 0 169
949 G 636147 157 290 49 635507 0 0 0 9 135
950 G 612722 155 208 64 612125 0 0 0 8 162
951 A 616710 615885 93 121 357 20 0 0 0 234
952 G 720460 1985 1258 250 716794 0 0 0 15 158
953 A 641336 638356 584 1097 1091 10 0 0 0 198
954 G 645559 1181 1214 499 642499 0 0 0 7 159
955 T 634028 104 631404 104 97 0 2 0 0 2317
956 G 661644 239 235 112 660868 0 0 0 7 183
957 C 734062 187 582 732944 140 0 0 14 0 195
958 C 747353 113 156 746785 122 0 0 1 0 176
959 C 758718 236 156 757925 89 0 0 9 0 303
960 A 783768 783099 75 215 288 2 0 0 0 89
961 A 802529 801312 248 278 308 5 0 0 0 378
962 A 811742 809662 712 278 989 10 0 0 0 91
963 A 815085 813314 421 118 793 2 0 0 0 437
964 T 845085 150 844521 146 57 0 11 0 0 200
965 A 835882 834922 464 69 162 9 0 0 0 256
966 T 843444 127 842572 545 67 0 6 0 0 127
967 G 841496 2072 207 124 838759 0 1 0 8 325
968 T 850686 203 849467 247 106 0 15 0 0 648
969 C 857444 667 628 855785 106 0 0 6 0 252
970 A 834380 832925 154 710 394 5 0 0 0 192
971 G 832495 666 503 263 830971 0 0 0 13 79
972 G 834692 481 363 318 833406 0 0 0 13 111
973 A 823452 822023 648 113 338 7 0 0 0 323
974 G 836930 278 265 548 835668 0 0 0 1 170
975 T 821082 454 815123 451 225 0 7 0 0 4822
976 A 821083 817062 397 433 825 6 0 0 0 2360
977 C 818448 502 929 816186 609 0 0 12 0 210
978 C 821826 852 444 819576 811 0 0 7 0 136
979 A 825874 823947 112 131 1453 6 0 0 0 225
980 A 830421 828418 80 1436 337 8 0 0 0 142
981 A 841609 839515 295 128 1374 22 0 0 0 275
982 T 841432 295 840059 765 85 0 8 0 0 220
983 T 816685 125 815775 187 95 0 10 0 0 493
984 G 821685 436 731 268 820095 0 0 0 6 149
985 A 790558 789382 159 234 280 6 0 0 0 497
986 G 793601 201 193 125 792888 1 0 0 17 176
987 G 793844 271 148 134 792979 0 0 0 17 295
988 A 749031 748099 178 87 250 19 0 0 0 398
989 T 741883 115 741227 118 64 0 10 0 0 349
990 G 812736 244 196 115 811953 0 0 0 17 211
991 G 806075 190 185 90 805417 0 0 0 29 164
992 T 845532 148 843257 1008 86 0 23 0 0 1010
993 T 577663 378 576775 131 207 0 19 0 0 153
994 A 580479 579883 83 50 179 6 0 0 0 278
995 C 557804 79 286 557198 31 0 0 2 0 208
996 A 557692 556382 85 183 961 6 0 0 0 75
997 G 597287 110 241 22 596692 0 0 0 18 204
998 G 589601 205 165 26 589062 0 0 0 23 120
999 A 576687 575498 60 97 218 15 0 0 0 799
1000 C 586207 67 223 585606 160 0 0 10 0 141
1001 T 564340 72 563979 175 37 0 1 0 0 76
1002 A 568729 568076 115 43 344 0 0 0 0 151
1003 A 568679 568363 36 41 90 3 0 0 0 146
1004 G 580640 172 192 21 580085 0 0 0 12 158
1005 A 559856 559529 31 19 113 8 0 0 0 156
1006 A 553382 553126 38 26 85 5 0 0 0 102
1007 A 550081 549403 27 40 58 6 0 0 0 547
1008 C 553279 75 246 552765 47 0 0 5 0 141
1009 A 545397 543996 256 206 692 9 0 0 0 238
1010 T 530193 558 528279 644 464 0 2 0 0 246
1011 C 527280 253 693 525544 643 0 0 8 0 139
1012 C 560466 132 461 559502 205 0 0 4 0 162
1013 C 541819 712 140 540666 84 0 0 1 0 216
1014 A 538172 537271 463 112 138 7 0 0 0 181
1015 T 526917 337 524724 814 671 0 4 0 0 367
1016 C 531291 153 410 529851 770 0 0 2 0 105
1017 C 530601 879 427 528809 366 0 0 4 0 116
1018 A 599440 598301 142 719 166 13 0 0 0 99
1019 T 603124 286 601999 147 407 0 34 0 0 251
1020 T 602320 508 601107 243 213 0 13 0 0 236
1021 C 609630 213 136 608977 109 0 0 3 0 192
1022 A 606602 606071 49 137 267 4 0 0 0 74
1023 A 610122 609677 113 58 142 11 0 0 0 121
1024 T 610504 251 609759 259 43 0 10 0 0 182
1025 A 647118 645951 305 106 228 19 0 1 0 508
1026 C 660533 309 549 659490 104 0 0 10 0 71
1027 A 624640 624108 88 202 117 6 0 0 0 119
1028 G 617860 704 225 150 616642 0 0 0 9 130
1029 A 607527 606407 212 68 551 6 0 0 0 283
1030 G 714018 117 210 47 713468 0 0 0 21 155
1031 G 747387 179 173 118 746686 0 0 0 29 202
1032 T 713804 179 709066 140 93 0 6 0 0 4320
1033 C 719363 754 280 717855 249 0 0 0 0 225
1034 T 726983 68 726539 203 45 0 0 0 0 128
1035 A 768729 767659 233 196 323 13 0 0 0 305
1036 T 813133 139 812452 253 126 0 23 0 0 140
1037 T 812945 77 812319 138 22 0 39 0 0 350
1038 T 802884 162 802228 223 107 0 16 0 0 148
1039 G 704885 393 423 259 703620 0 0 0 2 188
1040 G 718655 433 312 315 717465 0 0 0 4 126
1041 A 706475 705049 235 191 404 3 0 0 0 593
1042 G 714340 125 235 32 713772 0 0 0 16 160
1043 C 715263 115 272 714594 38 0 0 6 0 238
1044 C 695591 291 126 694929 71 0 0 2 0 172
1045 A 698910 697772 110 74 590 1 0 0 0 363
1046 T 689309 81 688818 160 44 0 3 0 0 203
1047 T 694833 189 694001 176 326 0 4 0 0 137
1048 G 693781 337 493 112 692733 0 0 0 5 101
1049 C 715127 172 180 714296 115 0 0 4 0 360
1050 T 717436 586 715597 801 328 0 1 0 0 123
1051 G 724119 170 167 51 723625 0 0 0 5 101
1052 G 821990 110 224 53 821509 0 0 0 11 83
1053 T 806134 156 803851 235 412 0 21 0 0 1459
1054 T 805643 80 804852 228 208 0 7 0 0 268
1055 T 802632 112 802018 226 130 0 7 0 0 139
1056 T 817015 310 816137 273 186 0 2 0 0 107
1057 A 830322 828674 436 264 625 7 0 0 0 316
1058 T 826188 307 825368 226 97 0 13 0 0 177
1059 T 822371 242 820630 679 464 0 30 0 1 325
1060 G 835456 529 513 90 834166 0 0 0 11 147
1061 A 746667 745031 163 100 753 4 0 0 0 616
1062 G 742677 575 382 106 741497 0 0 0 6 111
1063 G 743612 210 390 198 742692 0 0 0 13 109
1064 G 742823 221 336 139 741963 0 0 0 27 137
1065 G 750861 460 865 198 749112 0 0 0 9 217
1066 G 728493 195 287 76 727740 0 0 0 13 182
1067 G 628692 481 124 107 627806 0 0 0 9 165
1068 A 622295 619672 425 54 1433 2 0 0 0 709
1069 T 616853 390 615503 170 287 0 4 0 0 499
1070 G 611932 278 444 80 610923 0 0 0 6 201
1071 G 621328 292 150 152 620453 0 0 0 13 268
1072 A 555235 553021 223 1049 507 19 0 0 0 416
1073 C 556070 461 696 554559 177 0 0 11 0 166
1074 T 532919 646 530727 1240 36 0 3 0 0 267
1075 G 531572 185 167 96 531013 0 0 0 4 107
1076 G 545512 194 180 229 544773 0 0 0 10 126
1077 A 538083 537410 166 148 151 25 0 0 0 183
1078 A 540620 538370 1429 515 150 11 0 0 0 145
1079 T 425916 74 425620 63 34 0 3 0 0 122
1080 G 493406 1359 288 121 491547 0 0 0 2 89
1081 A 505488 502866 466 997 955 11 0 0 0 193
1082 T 503680 1136 501302 695 426 0 9 0 0 112
1083 A 500451 496994 1256 760 1302 10 1 0 0 128
1084 G 453615 116 181 45 453192 0 0 0 6 75
1085 A 534803 534381 78 33 104 11 0 0 0 196
1086 T 535897 89 535446 146 45 0 8 0 0 163
1087 G 569609 165 231 47 569004 0 0 0 9 153
1088 G 587225 117 190 73 586735 0 0 0 7 103
1089 A 608999 607956 197 126 220 16 0 0 0 484
1090 T 631909 133 631408 98 43 0 19 0 0 208
1091 G 629361 260 327 73 628587 0 0 0 7 107
1092 G 710433 169 259 122 709638 0 0 0 19 226
1093 T 702585 79 699910 160 45 0 36 0 0 2355
1094 A 698883 698214 117 24 152 5 0 0 0 371
1095 T 687549 73 687104 142 33 0 7 0 0 190
1096 G 700060 96 237 43 699507 0 0 0 15 162
1097 G 709674 162 149 21 709185 0 0 0 18 139
1098 T 717795 81 715884 628 188 0 16 0 0 998
1099 T 713336 88 712883 134 22 0 31 0 0 178
1100 A 705260 704855 123 17 142 7 0 0 0 116
1101 T 634081 68 633025 740 66 0 5 0 0 177
1102 C 635306 118 592 634437 69 0 0 1 0 89
1103 A 638422 637585 329 86 220 6 0 0 0 196
1104 T 637718 150 636869 384 106 0 14 0 0 195
1105 C 629743 538 342 628604 105 0 0 1 0 153
1106 A 609787 608703 474 180 248 4 0 0 0 178
1107 T 611584 114 610743 313 233 0 7 0 0 174
1108 C 617445 707 873 615256 446 0 0 2 0 161
1109 A 609221 607315 405 776 506 2 0 0 0 217
1110 G 619405 848 745 63 617485 0 0 0 6 258
1111 A 617571 617056 38 23 168 10 0 0 0 276
1112 A 617398 617000 82 44 112 4 0 0 0 156
1113 T 624687 107 624060 346 39 0 7 0 0 128
1114 G 611043 159 414 59 610107 0 0 0 10 294
1115 A 604816 603785 105 486 188 12 0 0 0 240
1116 A 606771 605445 175 407 437 10 0 0 0 297
1117 C 608681 63 167 608219 97 0 0 5 0 130
1118 A 601743 601213 187 61 152 6 0 0 0 124
1119 G 562703 125 342 127 561944 0 0 0 5 160
1120 G 581862 159 210 32 581294 0 0 0 15 152
1121 G 588862 142 134 65 588405 0 0 0 15 101
1122 A 598619 597799 216 102 217 7 0 0 0 278
1123 T 584338 634 582325 184 789 0 3 0 0 403
1124 C 566319 626 377 564999 214 0 0 3 0 100
1125 A 564327 562586 225 257 1155 9 0 0 0 95
1126 G 593485 255 338 144 592602 0 0 0 23 123
1127 G 604981 195 339 107 604130 0 0 0 32 178
1128 C 600905 415 209 599853 194 0 0 18 0 216
1129 T 602672 47 602236 153 34 0 10 0 0 192
1130 A 603141 602610 198 41 154 5 0 0 0 133
1131 T 675318 99 674592 306 46 0 7 0 0 268
1132 G 682774 719 667 149 681096 0 0 0 52 91
1133 C 669748 193 1135 667871 256 0 0 20 0 273
1134 A 559239 557461 473 641 468 15 0 0 0 181
1135 G 602898 190 239 77 602299 0 0 0 11 82
1136 C 567566 147 262 566804 171 0 0 3 0 179
1137 G 563758 334 325 139 562810 0 0 0 11 139
1138 G 583529 350 139 71 582709 0 0 0 5 255
1139 A 559782 558679 319 43 380 14 0 0 0 347
1140 T 585385 409 584205 441 60 0 3 0 0 267
1141 C 568139 1013 960 564804 1279 0 0 1 0 82
1142 A 625118 621540 1677 1184 515 5 0 0 0 197
1143 A 631356 628221 1221 908 840 7 0 0 0 159
1144 A 632380 628469 232 2050 1438 7 0 0 0 184
1145 A 641478 638189 595 1106 1404 8 0 0 0 176
1146 A 630650 627571 759 295 1921 2 0 0 0 102
1147 A 623955 623029 241 57 480 3 0 0 0 145
1148 G 646306 270 191 536 645079 0 0 0 3 227
1149 C 641399 236 308 640369 188 0 0 2 0 296
1150 A 652606 651447 212 187 147 6 0 0 0 607
1151 C 661302 151 122 660694 172 0 0 2 0 161
1152 A 666177 663923 252 223 886 9 0 0 0 884
1153 C 681676 174 164 680744 360 0 0 7 0 227
1154 A 676236 675565 100 200 218 12 0 0 0 141
1155 A 680862 680122 164 140 306 10 0 0 0 120
1156 A 679186 676964 479 504 1084 4 0 0 0 151
1157 A 674255 671929 800 465 856 2 0 0 0 203
1158 T 672526 717 670295 838 401 0 6 0 0 269
1159 G 656192 131 268 97 655464 0 0 0 3 229
1160 C 651155 109 170 650664 30 0 0 19 0 163
1161 C 647232 249 205 646418 145 0 0 15 0 200
1162 A 616897 616047 169 79 461 6 0 0 0 135
1163 T 591186 86 590844 75 46 0 5 0 0 130
1164 T 582700 185 581831 244 238 0 3 0 0 199
1165 A 579067 577282 971 317 347 2 0 0 0 148
1166 A 573199 570190 708 1679 321 8 0 0 0 293
1167 C 574302 641 962 572129 340 0 0 16 0 214
1168 G 540660 1442 1366 631 537110 0 0 0 11 100
1169 G 467271 498 1982 956 463671 0 0 0 21 143
1170 G 467174 750 1169 751 464360 0 0 0 10 134
1171 A 462712 461954 62 21 394 6 0 0 0 275
1172 T 490020 65 489723 84 10 0 9 0 0 129
1173 T 486558 117 485957 257 111 0 5 0 0 111
1174 A 419722 418124 339 335 678 2 0 0 0 244
1175 C 464495 609 234 463243 338 0 0 9 0 62
1176 A 443389 441624 886 556 220 24 0 0 0 79
1177 A 459107 458367 119 278 182 8 0 0 0 153
1178 A 446957 445932 165 262 407 8 0 0 0 183
1179 C 437833 260 266 436916 229 0 0 10 0 152
1180 A 433072 432398 163 324 89 9 0 0 0 89
1181 A 438620 437962 97 46 401 6 0 0 0 108
1182 G 522382 306 223 77 521567 0 0 0 8 201
1183 G 524494 419 175 183 523622 0 0 0 19 76
1184 T 512187 111 509435 133 98 0 6 0 0 2404
1185 G 526613 568 431 225 525259 0 0 0 4 126
1186 A 542991 542408 136 147 133 14 0 0 0 153
1187 A 541573 540301 140 107 133 6 0 0 0 886
1188 C 570971 110 205 570395 103 0 0 13 0 145
1189 T 571844 126 571170 98 58 0 15 0 0 377
1190 C 593103 136 58 592535 200 0 0 11 0 163
1191 T 583665 97 582895 464 46 0 11 0 0 152
1192 G 588412 215 157 22 587829 0 0 0 7 182
1193 T 587719 138 587280 66 43 0 7 0 0 185
1194 T 605525 135 604950 165 59 0 3 0 0 213
1195 A 606237 605834 101 57 124 2 0 0 0 119
1196 T 605042 64 604657 101 32 0 1 0 0 187
1197 C 596004 135 283 595367 124 0 0 9 0 86
1198 G 597906 315 253 341 596848 0 0 0 3 146
1199 A 585970 585225 60 132 408 4 0 0 0 141
1200 G 583405 280 309 151 582442 0 0 0 5 218
1201 A 577449 576612 59 214 396 3 0 0 0 165
1202 A 567405 566619 264 170 258 1 0 0 0 93
1203 A 572892 572102 139 149 385 6 0 0 0 111
1204 A 582585 581821 230 175 99 2 0 0 0 258
1205 T 583994 110 583516 96 80 0 5 0 0 187
1206 G 580942 173 315 126 580179 0 0 0 2 147
1207 A 578749 578030 140 111 290 3 0 0 0 175
1208 A 568999 568172 104 233 183 5 0 0 0 302
1209 C 558493 109 459 557639 142 0 0 0 0 144
1210 A 559600 556905 205 523 429 5 0 0 0 1533
1211 C 561052 248 396 559830 395 0 0 6 0 177
1212 T 551273 606 549347 296 698 0 15 0 0 311
1213 C 547934 164 242 546672 719 0 0 4 0 133
1214 A 541024 539609 255 152 890 10 0 0 0 108
1215 A 566454 565015 228 190 889 7 0 0 0 125
1216 T 566741 133 566007 171 206 0 21 0 0 203
1217 T 571429 280 570616 171 157 0 21 0 0 184
1218 C 510355 196 304 509495 189 0 0 5 0 166
1219 A 494598 493046 233 610 182 5 0 0 0 522
1220 C 438290 366 154 437241 456 0 0 5 0 68
1221 A 420109 418604 92 475 828 5 0 0 0 105
1222 G 423297 1361 268 91 421465 0 0 0 24 88
1223 C 419777 178 1817 417524 116 0 0 19 0 123
1224 T 325896 127 324010 109 1560 0 7 0 0 83
1225 G 329329 115 196 359 328586 0 0 0 7 66
1226 T 308846 102 307713 168 541 0 3 0 0 319
1227 G 311651 181 709 215 310497 0 0 0 5 44
1228 G 298150 386 444 98 297175 0 0 0 8 39
1229 G 294676 193 133 426 293795 0 0 0 26 103
1230 T 287652 344 285899 184 354 0 4 0 0 867
1231 A 229464 228942 53 66 344 1 0 0 0 58
1232 A 240373 239845 177 99 212 2 0 0 0 38
1233 A 240255 239597 140 87 335 7 0 0 0 89
1234 G 238754 279 225 159 237979 0 0 0 9 103
1235 A 228001 226815 722 138 273 6 0 0 0 47
1236 A 210653 209635 490 236 245 2 0 0 0 45
1237 T 201633 20 201510 46 18 0 5 0 0 34
1238 T 205093 77 204812 44 29 0 1 0 0 130
1239 C 206183 36 99 205956 31 0 0 1 0 60
1240 A 206775 206410 33 22 257 2 0 0 0 51
1241 A 200243 199809 28 69 202 8 0 0 0 127
1242 C 222179 51 157 221840 68 0 0 1 0 62
1243 A 217400 216497 247 219 394 1 0 0 0 42
1244 A 229449 228215 459 166 341 3 0 0 0 265
1245 C 230016 177 386 228891 511 0 0 4 0 47
1246 T 233841 102 233456 131 27 0 3 0 0 122
1247 T 233124 76 232890 52 34 0 1 0 0 71
1248 A 233964 233484 119 77 204 4 0 0 0 76
1249 G 254168 167 88 5 253814 0 0 0 4 90
1250 A 259229 259051 12 5 84 3 0 0 0 74
1251 A 293270 293067 12 7 89 10 0 0 0 85
1252 A 290560 290334 63 37 72 1 0 0 0 53
1253 A 275313 275044 63 39 83 0 0 0 0 84
1254 A 275846 275542 88 20 96 1 0 0 0 99
1255 A 275020 274585 7 8 362 1 0 0 0 57
1256 G 283600 290 65 54 283089 0 0 0 8 94
1257 G 281755 198 49 11 281424 0 0 0 5 68
1258 A 257928 257398 87 24 249 1 0 0 0 169
1259 T 277879 80 277642 40 37 0 3 0 0 77
1260 G 271675 99 348 17 271124 0 0 0 0 87
1261 G 278577 108 71 15 278311 0 0 0 1 71
1262 A 274975 274758 21 10 131 2 0 0 0 53
1263 A 281367 281148 35 18 77 3 0 0 0 86
1264 A 256954 256756 53 12 75 3 0 0 0 55
1265 A 266167 265935 48 82 45 2 0 0 0 55
1266 T 260890 58 260628 43 43 0 2 0 0 116
1267 T 260737 19 260561 39 3 0 1 0 0 114
1268 T 290706 46 290396 101 3 0 2 0 0 158
1269 A 287716 287568 55 1 51 2 0 0 0 39
1270 A 289802 289625 69 16 39 3 0 0 0 50
1271 A 278055 277864 80 15 35 3 0 0 0 58
1272 T 285414 172 285049 51 20 0 4 0 0 118
1273 A 292391 291872 150 208 45 6 0 0 0 110
1274 A 290636 290125 80 65 320 3 0 0 0 43
1275 A 292856 292349 97 59 230 2 0 0 0 119
1276 A 274617 274418 30 54 59 3 0 0 0 53
1277 A 275338 275102 17 30 102 4 0 0 0 83
1278 A 279032 278602 39 12 296 5 0 0 0 78
1279 G 293572 196 66 32 293215 0 0 0 5 58
1280 T 294501 42 293875 35 28 0 6 0 0 515
1281 T 292189 39 292007 58 34 0 0 0 0 51
1282 G 313121 201 115 31 312678 0 0 0 6 90
1283 A 278550 278267 56 79 63 8 0 0 0 77
1284 T 280694 97 280352 70 68 0 0 0 0 107
1285 G 275944 112 110 27 275619 0 0 0 4 72
1286 A 270093 269872 29 29 62 5 0 0 0 96
1287 T 273588 39 273319 105 19 0 3 0 0 103
1288 G 268049 80 134 21 267689 0 0 0 1 124
1289 G 272020 60 87 26 271777 0 0 0 3 67
1290 G 282885 110 73 30 282539 0 0 0 4 129
1291 T 283176 26 282214 43 33 0 6 0 0 854
1292 T 285406 21 285249 51 14 0 3 0 0 68
1293 T 252320 24 252137 36 19 0 1 0 0 103
1294 C 250829 106 99 250529 33 0 0 2 0 60
1295 T 251143 92 250812 104 58 1 2 0 0 74
1296 G 252513 100 178 176 252002 0 0 0 2 55
1297 G 249112 93 126 26 248735 0 0 0 2 130
1298 A 208299 207831 34 91 79 2 0 0 0 262
1299 C 216542 56 144 216202 45 0 0 2 0 93
1300 A 210375 210149 30 55 72 2 0 0 0 67
1301 T 227539 25 227400 31 15 0 1 0 0 67
1302 T 225539 24 225289 91 58 0 3 0 0 74
1303 T 225972 15 225828 61 24 0 2 0 0 42
1304 G 224295 71 82 12 224070 0 0 0 4 56
1305 G 212587 55 55 14 212417 0 0 0 0 46
1306 A 216098 215704 22 58 91 8 0 0 0 215
1307 C 247288 86 55 247014 54 0 0 3 0 76
1308 A 276691 276402 55 42 85 10 0 0 0 97
1309 T 291688 37 291498 67 17 0 11 0 0 58
1310 A 292712 292522 32 28 53 9 0 0 0 68
1311 T 298259 47 298052 88 13 0 3 0 0 56
1312 A 295889 295598 32 148 50 6 0 0 0 55
1313 A 321490 321220 48 31 116 3 0 0 0 72
1314 T 315061 116 314647 79 88 0 6 0 0 125
1315 G 320075 337 134 32 319480 0 0 0 15 77
1316 C 320221 254 316 319492 44 0 0 10 0 105
1317 A 305355 304808 298 21 158 2 0 0 0 68
1318 G 337324 62 89 27 337032 0 0 0 3 111
1319 A 336043 335874 23 6 54 11 0 0 0 75
1320 A 338865 338660 45 4 55 7 0 0 0 94
1321 T 335616 58 335414 56 21 0 3 0 0 64
1322 T 332362 20 332170 60 29 0 4 0 0 79
1323 G 334118 73 142 36 333783 0 0 0 5 79
1324 T 463918 147 463376 95 49 0 6 0 0 245
1325 T 468394 20 468132 131 7 0 7 0 0 97
1326 A 465634 465260 72 17 137 9 0 0 0 139
1327 G 471239 384 159 11 470549 0 0 0 6 130
1328 T 465076 100 464425 96 20 0 13 0 0 422
1329 T 476450 355 475731 85 117 0 3 0 0 159
1330 C 491901 72 68 491508 62 0 0 6 0 185
1331 T 482444 58 482000 135 15 0 8 0 0 228
1332 A 488896 488290 64 28 94 3 0 0 0 417
1333 C 503801 126 96 503409 19 0 0 4 0 147
1334 T 502386 45 502006 179 35 0 8 0 0 113
1335 G 509067 182 472 31 508314 0 0 0 4 64
1336 G 504168 88 151 21 503723 0 0 0 2 183
1337 A 512038 511689 42 17 137 7 0 0 0 146
1338 A 512849 512556 29 16 114 2 0 0 0 132
1339 A 515374 515183 32 7 79 6 0 0 0 67
1340 A 507893 507633 60 6 66 8 0 0 0 120
1341 T 538984 119 538506 153 35 0 4 0 0 167
1342 G 538428 278 234 34 537758 1 0 0 6 117
1343 A 555260 554753 92 165 131 3 0 0 0 116
1344 A 552502 551925 69 267 130 1 0 0 0 110
1345 A 548359 547701 248 83 242 2 0 0 0 83
1346 G 555231 162 153 79 554657 0 0 0 4 176
1347 G 574977 165 171 26 574436 0 0 0 12 167
1348 A 550059 548425 52 33 164 19 0 0 0 1366
1349 C 554339 73 82 553848 39 0 0 5 0 292
1350 T 532297 879 531074 157 38 0 1 0 0 148
1351 T 532781 87 532380 117 75 0 3 0 0 119
1352 T 528728 115 528310 88 86 0 2 0 0 127
1353 G 546333 158 336 39 545535 0 0 0 5 260
1354 G 527201 177 152 13 526721 0 0 0 20 118
1355 A 518951 518373 114 18 141 7 0 0 0 298
1356 T 481194 70 480875 82 30 0 8 0 0 129
1357 T 413930 19 413666 140 15 0 4 0 0 86
1358 T 400539 36 400118 120 21 0 3 0 0 241
1359 C 392960 77 37 392647 98 0 0 3 0 98
1360 C 395343 81 58 395091 28 0 0 4 0 81
1361 A 394800 394533 52 12 95 0 0 0 0 108
1362 T 361499 33 361104 241 10 0 3 0 0 108
1363 G 362557 142 190 25 362109 0 0 0 2 89
1364 A 377123 376469 60 44 130 1 0 0 0 419
1365 C 408951 113 93 408529 136 0 0 15 0 65
1366 T 404102 311 403349 207 83 0 9 0 0 143
1367 T 370676 133 370238 117 111 0 1 0 0 76
1368 A 370377 369848 93 182 164 1 0 0 0 89
1369 A 359231 358962 33 53 90 3 0 0 0 90
1370 A 393221 392901 55 73 42 5 1 0 0 144
1371 T 382321 68 381917 64 123 0 20 0 0 129
1372 G 382859 176 228 35 382283 0 0 0 7 130
1373 T 344011 66 343394 79 23 0 5 0 0 444
1374 G 341239 113 261 68 340678 0 0 0 3 116
1375 A 359607 359298 38 109 109 0 0 0 0 53
1376 A 349373 349086 40 15 162 2 0 0 0 68
1377 G 361816 76 131 37 361425 0 0 0 2 145
1378 A 357803 357493 81 48 108 13 0 0 0 60
1379 A 344666 344116 44 267 94 2 0 1 0 142
1380 T 343846 518 342771 178 193 0 8 1 0 177
1381 C 342014 43 53 341808 15 0 0 2 0 93
1382 T 337091 50 336848 56 7 0 7 0 0 123
1383 G 358063 85 112 25 357716 0 0 0 5 120
1384 T 348922 43 348517 69 13 0 4 0 0 276
1385 A 359111 358634 115 6 91 6 0 0 0 259
1386 C 355838 47 169 355473 28 0 0 3 0 118
1387 G 355662 147 180 73 355146 0 0 0 5 111
1388 A 346356 345965 72 56 110 12 0 0 0 141
1389 G 353994 118 221 42 353513 0 0 0 12 88
1390 A 333936 333636 37 77 77 5 0 0 0 104
1391 A 337012 336780 36 49 91 3 0 0 0 53
1392 A 323922 323625 39 20 156 1 0 0 0 81
1393 G 333432 120 49 16 333202 0 0 0 1 44
1394 T 342588 30 341513 118 44 0 4 0 0 879
1395 A 336901 336549 58 135 54 4 0 0 0 101
1396 A 332140 331967 44 14 53 0 0 0 0 62
1397 A 326403 326260 32 12 61 1 0 0 0 37
1398 A 326254 326019 41 43 96 1 0 0 0 54
1399 A 358054 357020 113 241 539 4 0 0 0 137
1400 G 364254 280 688 197 362923 0 0 1 7 158
1401 C 368376 316 430 367309 240 0 0 9 0 72
1402 C 356933 181 492 356073 78 0 0 3 0 106
1403 A 353314 352443 241 443 108 5 0 0 0 74
1404 A 369735 369061 108 357 94 1 0 0 0 114
1405 T 386828 53 386510 80 25 0 7 0 0 153
1406 T 397895 49 397544 92 27 0 8 0 0 175
1407 A 394988 394680 100 32 98 3 0 0 0 75
1408 A 394531 393663 168 355 225 9 0 0 0 111
1409 A 389938 388915 233 71 685 1 0 0 0 33
1410 G 462656 506 409 29 461593 0 0 0 7 112
1411 A 460587 459869 202 108 273 22 0 0 0 113
1412 A 493786 493069 238 104 208 20 0 0 0 147
1413 T 424805 143 424207 162 164 0 4 0 0 125
1414 A 410055 409714 170 11 90 3 0 0 0 67
1415 A 434681 434278 32 23 248 2 0 0 0 98
1416 T 452348 60 451823 200 31 0 15 0 0 219
1417 G 458483 177 602 80 457475 0 0 0 13 136
1418 C 472663 544 200 471689 134 0 0 6 0 90
1419 C 455804 99 625 454746 218 0 0 3 0 113
1420 A 464337 462855 162 399 820 7 0 0 0 94
1421 A 455787 454519 392 513 241 1 0 0 0 121
1422 A 462793 461125 560 609 396 10 0 0 0 93
1423 G 473231 193 173 62 472629 0 0 0 7 167
1424 A 482477 481893 184 94 106 3 0 0 0 197
1425 A 488178 487702 158 61 139 5 0 0 0 113
1426 A 479153 478142 129 597 191 8 0 0 0 86
1427 T 479040 143 478338 166 65 0 3 0 0 325
1428 C 471518 218 686 470360 117 0 0 2 0 135
1429 G 479511 279 252 92 478721 0 0 0 0 167
1430 G 464317 255 135 102 463746 0 0 0 8 71
1431 A 476545 475298 865 75 170 4 0 0 0 133
1432 A 441594 441209 77 127 88 4 0 0 0 89
1433 A 457604 457137 60 83 156 7 0 0 0 161
1434 T 460313 92 459792 183 64 0 2 0 0 180
1435 G 462736 206 239 43 462087 0 0 0 3 158
1436 G 468098 161 181 26 467638 0 0 0 5 87
1437 G 464073 138 132 119 463554 0 0 0 5 125
1438 T 458535 102 453902 62 70 0 6 0 0 4393
1439 G 470410 93 103 40 470051 0 0 0 4 119
1440 T 471251 52 470526 157 140 0 11 0 0 365
1441 T 532216 64 531401 560 29 0 8 0 0 154
1442 T 482208 97 481563 164 282 0 6 0 0 96
1443 T 479937 113 479044 255 430 0 9 0 0 86
1444 G 493126 619 236 75 492084 0 0 0 4 108
1445 A 486290 485242 235 241 402 17 0 0 0 153
1446 G 504198 436 272 202 503094 0 0 0 26 168
1447 T 503820 59 503012 151 72 0 12 0 0 514
1448 T 495790 467 494913 106 88 0 10 0 0 206
1449 C 498828 430 204 497834 164 0 0 7 0 189
1450 T 504158 536 502787 392 295 0 10 0 0 138
1451 A 504390 502335 583 104 410 14 0 0 0 944
1452 C 517124 196 443 515669 747 0 0 12 0 57
1453 C 504756 129 118 504299 68 0 0 11 0 131
1454 A 501173 500264 163 61 161 13 0 0 0 511
1455 C 534109 135 103 533643 121 0 0 2 0 105
1456 A 537161 535564 148 768 550 4 0 0 0 127
1457 A 537908 536129 690 273 701 25 0 0 1 89
1458 G 565665 639 577 216 564067 0 0 0 9 157
1459 T 494672 205 493322 84 69 0 21 0 0 971
1460 G 514383 123 138 162 513834 0 0 0 3 123
1461 T 501293 58 500136 234 30 0 7 0 0 828
1462 G 506266 539 196 51 505258 0 0 0 6 216
1463 A 506862 506046 86 117 330 6 0 0 0 277
1464 C 500917 59 399 500256 69 0 0 6 0 128
1465 A 512499 512152 51 72 101 6 0 0 0 117
1466 A 509735 509365 55 72 61 4 0 0 0 178
1467 T 504942 42 504668 111 16 0 7 0 0 98
1468 G 506723 249 331 316 505729 0 0 0 3 95
1469 A 511720 510152 341 713 386 8 0 0 0 120
1470 A 513942 512570 279 128 756 7 0 0 0 202
1471 T 518529 47 518175 101 17 0 10 0 0 179
1472 G 516459 95 117 32 516048 0 0 0 11 156
1473 C 518178 86 145 517792 32 0 0 4 0 119
1474 A 528210 527857 67 13 117 11 0 0 0 145
1475 T 526046 46 525691 121 22 0 2 0 0 164
1476 G 521828 298 300 20 521125 0 0 0 3 82
1477 G 521646 282 403 117 520635 0 0 0 6 203
1478 A 508534 507028 177 592 592 5 0 0 0 140
1479 A 499135 497694 516 508 253 5 0 0 0 159
1480 A 489100 488363 210 69 322 6 0 0 0 130
1481 G 521639 146 143 316 520893 0 0 0 12 129
1482 T 513121 91 510843 220 241 0 26 0 0 1700
1483 G 542359 282 156 76 541655 0 0 0 5 185
1484 T 533661 45 532742 124 111 0 2 0 0 637
1485 A 522437 521916 34 40 325 4 0 0 0 118
1486 A 514906 514628 57 29 120 2 0 0 0 70
1487 G 516991 244 93 55 516500 0 0 0 7 92
1488 A 530304 529856 56 108 117 31 0 0 0 136
1489 A 527216 524520 834 471 1260 16 0 0 0 115
1490 A 478098 474592 1010 467 1879 4 0 0 0 146
1491 T 475828 391 472505 1522 1237 0 3 0 0 170
1492 G 474328 204 346 119 473553 0 0 0 0 106
1493 G 476954 190 242 165 476253 0 0 0 2 102
1494 G 486709 238 243 135 485947 0 0 0 8 138
1495 A 480088 478150 323 69 354 23 0 0 0 1169
1496 C 474491 82 515 473646 127 0 0 10 0 111
1497 T 449195 284 448453 102 192 0 5 0 0 159
1498 T 459851 10 459634 114 6 0 2 0 0 85
1499 A 537043 536632 119 46 101 3 0 0 0 142
1500 T 533866 64 533349 107 96 0 5 0 0 245
1501 G 515553 433 268 35 514716 0 0 0 8 93
1502 A 508149 507411 265 136 181 14 0 0 0 142
1503 T 508065 199 507399 148 168 0 10 0 0 141
1504 T 492110 118 491451 154 176 0 2 0 0 209
1505 A 560798 560074 184 216 154 6 0 0 0 164
1506 T 563799 101 562926 297 206 0 6 0 0 263
1507 C 555972 464 197 554936 227 0 0 7 0 141
1508 C 556249 323 365 555020 395 0 0 6 0 140
1509 A 560104 557636 1384 645 376 3 0 0 0 60
1510 A 562729 561571 159 413 476 8 0 0 0 102
1511 A 559782 558532 176 257 708 4 0 0 0 105
1512 A 575032 573699 465 193 408 6 0 0 0 261
1513 T 574646 64 574267 80 11 0 9 0 0 215
1514 A 580859 580466 81 22 68 15 0 0 0 207
1515 T 584800 43 584554 98 14 0 13 0 0 78
1516 T 582956 170 582269 261 130 0 7 0 0 119
1517 C 580249 308 252 579396 126 0 0 1 0 166
1518 A 576316 575301 161 222 479 2 0 0 0 151
1519 G 577516 186 305 191 576699 0 0 0 11 124
1520 A 565270 564362 92 124 501 3 0 0 0 188
1521 A 550246 549441 134 327 270 9 0 0 0 65
1522 G 532089 260 262 264 531083 0 0 0 3 217
1523 A 525335 524546 510 65 109 6 0 0 0 99
1524 A 530237 529432 156 241 163 6 0 1 0 238
1525 T 531262 207 530209 107 617 0 4 0 0 118
1526 C 534372 131 350 533144 621 0 0 6 0 120
1527 A 533296 532110 640 124 278 10 0 0 0 134
1528 A 596467 595426 123 79 614 7 0 0 0 218
1529 A 596206 594910 182 127 814 19 0 0 0 154
1530 G 501557 237 324 224 500578 0 0 0 12 182
1531 T 499491 496 497819 221 453 0 5 0 0 497
1532 T 486833 37 485702 225 731 0 2 0 0 136
1533 G 498567 417 767 364 496814 0 0 0 5 200
1534 A 517633 516410 174 350 478 7 0 0 0 214
1535 A 518400 516487 851 149 527 13 0 0 0 373
1536 C 513194 149 925 511896 63 0 0 9 0 152
1537 A 456151 455126 374 205 273 5 0 0 0 168
1538 G 600456 353 749 321 598906 0 0 0 22 105
1539 G 607193 280 623 285 605850 0 0 0 28 127
1540 G 634820 5864 574 443 627795 0 0 0 14 130
1541 A 633847 626654 6355 58 565 5 0 0 0 210
1542 A 610986 604452 5577 374 459 4 0 0 0 120
1543 A 603907 601962 241 762 749 9 0 0 0 184
1544 A 602090 600067 527 502 854 14 0 0 0 126
1545 G 649299 410 783 1118 646656 0 0 0 20 312
1546 A 650182 649415 159 20 347 35 0 0 0 206
1547 T 645469 77 644947 89 28 0 10 0 0 318
1548 A 632247 631594 116 97 317 2 0 0 0 121
1549 G 619353 1202 598 172 617255 0 0 0 5 121
1550 A 618800 616725 582 279 999 7 0 0 0 208
1551 T 621405 229 619889 643 347 0 10 0 0 287
1552 G 610025 1229 382 918 607390 0 0 0 15 91
1553 G 620548 795 420 687 618412 0 0 0 8 226
1554 A 580318 577695 562 498 1267 4 0 0 0 292
1555 G 582087 181 99 37 581558 0 0 0 1 211
1556 T 638831 70 635641 177 107 0 9 0 0 2827
1557 G 639991 207 400 47 638900 0 0 0 2 435
1558 A 664341 661774 614 1021 833 8 0 0 0 91
1559 A 666776 663880 356 1129 1267 6 0 0 0 138
1560 A 674076 670939 1927 373 718 11 0 0 0 108
1561 T 662016 479 659526 759 791 0 7 0 0 454
1562 T 654204 80 653323 151 423 0 4 0 0 223
1563 G 658136 975 264 566 655965 0 0 0 3 363
1564 G 670204 454 1047 75 668471 0 0 0 8 149
1565 A 672111 670522 674 484 204 11 0 0 0 216
1566 A 687292 686238 122 446 361 4 0 0 0 121
1567 T 681453 220 679961 731 65 0 9 0 0 467
1568 C 745309 469 259 744200 169 0 0 16 0 196
1569 A 741506 740146 273 355 524 23 0 0 0 185
1570 A 761319 758493 524 1370 781 4 0 0 0 147
1571 T 748690 1032 746636 618 248 0 14 0 0 142
1572 G 710206 1248 1974 436 706396 0 0 0 4 148
1573 G 737364 285 850 761 735306 0 0 0 6 156
1574 G 757340 465 786 896 755027 0 0 0 12 154
1575 G 762191 501 1796 1043 758646 0 0 0 32 173
1576 G 782461 656 810 1058 779781 0 0 0 12 144
1577 T 684408 531 678368 389 421 0 11 0 0 4688
1578 G 734149 1035 1044 431 731512 0 0 0 10 117
1579 T 716735 456 714688 524 356 0 30 0 1 680
1580 A 732137 730865 716 116 231 12 0 0 0 197
1581 T 738903 179 737564 601 247 0 19 0 0 293
1582 C 736741 354 551 734785 909 0 0 5 0 137
1583 A 716410 714778 322 412 670 10 0 0 1 217
1584 G 758040 505 1024 496 755879 0 0 0 18 118
1585 A 737041 736107 157 150 213 38 0 0 0 376
1586 T 738687 162 738008 246 95 0 31 0 0 145
1587 T 578009 284 576526 865 39 0 9 0 0 286
1588 C 576906 114 147 576456 49 0 0 1 0 139
1589 T 558508 84 558062 163 61 0 5 0 0 133
1590 G 568802 96 423 113 568055 0 0 0 6 109
1591 G 567951 355 168 217 567008 0 0 0 12 191
1592 C 550248 214 353 549236 218 0 0 1 0 226
1593 G 534129 227 222 504 533019 0 0 0 5 152
1594 A 604465 603937 76 50 97 6 0 0 0 299
1595 T 608817 62 608376 101 46 0 7 0 0 225
1596 C 719604 92 123 719247 21 0 0 15 0 106
1597 T 716062 58 715335 342 26 0 35 0 0 266
1598 A 776260 774498 96 66 116 7 0 0 0 1477
1599 C 785556 71 273 784855 82 0 0 28 0 247
1600 T 784831 123 784266 201 36 0 4 0 0 201
1601 C 801125 122 150 800531 45 0 0 4 0 273
1602 A 772461 771988 70 27 211 10 0 0 0 155
1603 A 808968 807832 107 33 173 24 0 0 0 799
1604 C 796683 159 173 796186 52 0 0 20 0 93
1605 T 763594 199 762980 167 71 0 21 0 0 156
1606 G 768476 338 729 250 767022 0 0 0 13 124
1607 T 735399 195 734035 239 131 0 4 0 0 795
1608 C 738640 771 680 736964 74 0 0 3 0 148
1609 G 795702 453 615 55 794340 1 0 0 10 228
1610 C 798979 145 359 798251 100 0 0 14 0 110
1611 C 826392 442 475 824954 250 0 0 8 0 263
1612 A 785211 783890 386 374 302 3 0 0 0 256
1613 G 808226 261 553 343 806883 0 0 0 19 167
1614 T 806411 517 804897 402 90 0 20 1 0 484
1615 T 791152 259 789853 219 448 0 13 0 0 360
1616 C 809967 156 157 809309 151 0 0 16 0 178
1617 A 746212 744281 544 80 166 12 0 0 0 1129
1618 C 753465 806 519 751537 419 0 0 9 0 175
1619 T 741029 148 739028 617 730 0 1 0 0 505
1620 G 746821 826 802 325 744725 0 0 0 18 125
1621 G 826460 1642 2181 316 822131 0 0 0 18 172
1622 T 789210 1750 782937 740 453 0 13 0 0 3317
1623 G 790430 1554 1565 674 786231 0 0 0 13 393
1624 C 812129 1918 2556 805317 2088 0 0 22 0 228
1625 T 797857 2039 792177 2667 785 0 20 0 0 169
1626 T 801736 1523 798217 435 1384 0 4 0 0 173
1627 T 726069 469 725175 163 134 0 10 0 0 118
1628 T 725192 286 724254 210 285 0 2 0 0 155
1629 G 709473 265 291 30 708769 0 0 0 6 112
1630 G 743915 254 327 60 743030 0 0 0 11 233
1631 T 737883 66 736224 383 155 0 14 0 0 1041
1632 C 744482 104 278 743776 88 0 0 0 0 236
1633 T 705411 215 704177 623 74 0 6 1 0 315
1634 C 821857 217 354 820964 85 0 0 12 0 225
1635 C 872143 246 201 871154 160 0 0 77 0 305
1636 C 871173 355 520 869882 225 0 0 7 0 184
1637 T 863905 65 862679 597 209 0 11 0 0 344
1638 G 861576 371 666 217 860145 0 0 0 3 174
1639 G 848310 109 444 52 847475 0 0 0 3 227
1640 G 901204 261 642 301 899744 0 0 0 9 247
1641 G 902939 182 222 249 902040 0 0 0 56 190
1642 G 901387 286 282 337 900191 0 0 0 34 257
1643 C 736260 152 192 735484 244 0 0 3 0 185
1644 A 730842 730235 99 24 204 7 0 0 0 273
1645 A 758053 755286 495 1608 436 5 0 0 0 223
1646 T 759364 490 758114 279 237 0 6 0 0 238
1647 C 757893 240 362 756800 265 0 0 5 0 221
1648 A 753569 751702 494 216 977 5 0 0 0 175
1649 G 829163 260 974 169 827511 0 0 0 21 228
1650 T 817454 994 815080 334 265 0 27 0 0 754
1651 T 840249 536 838050 490 968 0 11 0 0 194
1652 T 820450 630 819199 262 70 0 19 0 0 270
1653 C 824972 595 1135 822638 206 0 0 3 0 395
1654 T 822809 187 821564 287 484 0 10 0 0 277
1655 G 814038 282 480 185 812870 0 0 0 7 214
1656 G 817453 188 309 324 816471 0 0 0 32 129
1657 A 807819 806301 225 151 557 14 0 0 0 571
1658 T 768128 219 767002 612 142 0 10 0 0 143
1659 G 774718 259 374 448 773455 0 0 0 6 176
1660 T 754772 415 752715 152 107 0 10 0 0 1373
1661 G 817110 170 603 110 816018 0 0 0 7 202
1662 T 782165 136 781102 257 61 0 19 0 0 590
1663 T 783375 190 782523 191 312 0 11 0 0 148
1664 C 788606 240 207 787769 179 0 0 3 0 208
1665 T 774789 251 773820 341 159 0 8 0 0 210
1666 A 774975 774281 254 34 231 4 0 0 0 171
1667 A 764113 763228 254 228 218 6 0 0 0 179
1668 T 757237 208 756371 138 238 0 30 0 0 252
1669 G 748347 208 315 65 747592 0 0 0 11 156
1670 G 688968 148 163 110 688364 0 0 0 8 175
1671 G 687834 184 105 73 687305 0 0 0 12 155
1672 T 678408 304 674560 1200 225 0 8 0 0 2111
1673 C 649280 1252 181 647371 78 0 0 5 0 393
1674 T 640350 1130 638501 196 304 0 4 0 0 215
1675 T 677927 86 677228 177 206 0 4 0 0 226
1676 T 679831 59 679331 183 103 0 15 0 0 140
1677 G 680464 196 302 148 679631 0 0 0 18 169
1678 C 672568 188 368 671146 703 0 0 17 0 146
1679 A 607829 606678 388 128 513 13 0 0 1 108
1680 G 654273 269 184 52 653594 0 0 0 8 166
1681 T 623512 67 622322 106 72 0 15 0 0 930
1682 G 701686 295 850 41 700303 0 0 0 21 176
1683 C 530297 175 106 529758 84 0 0 22 0 152
1684 A 530380 529581 46 266 258 5 0 0 0 224
1685 G 606178 313 311 95 605370 0 0 0 14 75
1686 A 605331 604676 193 181 129 31 0 0 0 121
1687 A 644584 644148 57 15 205 8 0 0 0 151
1688 T 643418 46 642974 135 19 0 14 0 0 230
1689 A 624186 623584 119 76 166 10 0 0 0 231
1690 T 628503 75 627993 133 52 0 11 0 0 239
1691 G 617356 201 202 61 616670 0 0 0 8 214
1692 C 621654 90 546 620691 99 0 0 35 0 193
1693 A 619383 618703 161 62 201 12 0 0 0 244
1694 T 564504 47 564060 110 36 0 14 0 0 237
1695 C 563214 87 80 562769 159 0 0 11 0 108