# amino-acid counts among definitively called codons
# POSITION TOTAL_COUNTS WT N_A N_C N_D N_E N_F N_G N_H N_I N_K N_L N_M N_N N_P N_Q N_R N_S N_T N_V N_W N_Y N_STOP
1 755601 M 1 0 0 0 0 0 1 196 62 59 755029 0 0 0 10 0 114 127 2 0 0
2 724177 A 723466 0 0 70 0 39 0 1 0 0 1 0 19 0 3 58 48 472 0 0 0
3 757070 S 633 30 2 3 108 1 36 237 3 106 0 199 163 10 12 754935 102 20 82 384 4
4 760759 Q 328 94 22 90 475 5 160 340 154 448 35 921 51 755914 173 430 234 196 39 557 93
5 695602 G 74 102 123 0 0 694708 10 0 0 4 0 10 18 0 271 171 71 39 0 1 0
6 621297 T 95 2 0 0 0 1 6 49 2 1 0 32 7 0 0 47 621048 0 2 0 5
7 619769 K 3 0 2 57 2 0 0 28 619480 1 0 81 0 18 63 1 4 2 0 5 22
8 544665 R 0 0 0 0 0 21 1 0 0 48 1 0 39 86 544348 2 4 1 114 0 0
9 560458 S 33 16 1 8 79 1 3 17 0 98 9 15 73 4 6 559941 76 10 1 43 24
10 604988 Y 31 106 78 4 95 74 272 54 60 158 14 19 68 3 4 25 38 11 0 603791 83
11 542011 E 18 6 55 541521 1 116 1 2 107 9 3 3 23 29 5 5 5 53 0 0 49
12 502386 Q 49 24 9 30 10 68 191 43 93 588 1 18 84 500607 302 96 57 16 12 3 85
13 616033 M 6 5 19 1 1 6 2 202 101 93 615328 48 5 3 17 4 76 105 7 2 2
14 604148 E 10 19 43 603612 0 149 6 0 91 7 1 0 22 22 13 22 10 42 7 2 70
15 568543 T 76 0 0 3 24 1 13 52 0 38 1 48 30 2 2 40 568203 4 1 4 1
16 635853 D 13 3 635384 63 1 130 21 3 0 0 1 77 2 0 5 12 4 56 0 60 18
17 629823 G 29 13 3 64 0 628539 5 83 10 10 3 17 189 318 355 13 9 81 80 0 2
18 623091 E 20 11 112 622122 20 174 8 24 149 18 0 6 216 27 0 10 49 47 4 20 54
19 630076 R 4 151 0 0 28 30 207 2 0 54 0 1 87 4 629438 58 5 3 1 0 3
20 643812 Q 1 0 0 25 0 4 85 8 61 59 1 2 771 642391 268 6 5 7 0 1 117
21 618196 N 64 6 84 4 2 36 17 55 124 49 45 617056 75 14 64 283 83 42 5 54 34
22 636565 A 633611 4 24 63 5 70 166 11 98 41 0 93 335 47 355 331 617 637 4 48 5
23 665473 T 259 32 3 7 19 26 833 83 54 260 19 100 71 66 369 133 663033 35 1 23 47
24 633156 E 55 7 82 631355 0 145 5 2 135 11 11 3 6 647 487 8 11 127 3 6 50
25 555706 I 7 1 1 0 34 21 16 555109 85 118 17 44 7 47 27 23 65 78 0 2 4
26 597849 R 3 5 4 4 0 189 5 56 270 12 0 1 14 50 596882 262 13 2 1 0 76
27 572867 A 570802 9 2 112 1 210 13 36 11 48 418 22 597 22 103 68 154 214 3 17 5
28 615990 S 23 29 1 1 34 536 2 3 11 11 1 104 118 321 35 614508 135 9 3 87 18
29 590063 V 269 4 32 0 51 9 0 211 0 51 2 0 3 1 12 7 40 589351 0 10 10
30 615077 G 90 1 2 93 0 614470 1 0 2 15 0 2 3 1 247 7 0 68 71 1 3
31 609886 K 13 5 0 113 59 30 3 9 609128 15 55 79 13 21 156 59 24 38 1 0 65
32 599746 M 5 15 0 0 9 8 1 180 50 43 598755 3 5 2 13 475 86 83 4 1 8
33 604020 I 706 47 8 2 58 13 2 602492 22 175 10 138 0 12 11 19 113 182 0 0 10
34 600152 D 389 9 597694 85 3 550 25 61 11 446 261 145 4 71 19 178 21 80 3 93 4
35 547122 G 77 8 6 67 4 544920 49 6 1 27 1 3 24 4 392 1380 17 75 3 8 50
36 574705 I 21 2 0 0 17 5 6 572851 0 26 1392 32 14 6 133 17 55 127 0 0 1
37 540667 G 31 9 9 929 0 539004 3 1 0 2 54 3 6 1 115 262 120 59 1 0 58
38 496096 R 7 0 13 1 4 53 2 11 4 540 0 0 49 163 495106 27 2 1 0 0 113
39 539967 F 29 12 4 1 539393 8 4 41 3 191 15 7 35 1 34 78 47 18 5 40 1
40 521241 Y 14 105 405 6 57 11 192 3 2 3 0 58 2 3 7 20 13 12 2 520192 134
41 465484 I 105 96 10 19 35 236 5 463822 5 254 14 397 17 40 20 62 194 104 4 32 13
42 456326 Q 7 14 1 21 1 7 29 5 61 30 0 5 61 455912 95 7 6 9 0 1 54
43 443565 M 14 4 0 0 2 3 3 131 19 34 443188 21 2 2 5 11 56 68 0 0 2
44 485853 C 26 484850 0 4 48 26 1 1 9 171 3 43 2 2 381 82 13 6 32 100 53
45 469778 T 122 128 2 1 5 19 2 43 3 12 1 33 490 2 97 69 468727 15 0 0 7
46 511521 E 4 1 48 510895 0 68 1 20 63 8 6 49 112 30 8 10 89 48 2 2 57
47 596208 L 4 4 1 0 36 6 15 44 14 595614 14 3 148 9 31 4 47 16 0 194 4
48 603458 K 7 7 20 94 1 7 30 28 602881 24 0 138 5 6 76 7 17 9 0 1 100
49 606735 L 28 23 3 9 64 33 37 143 20 602293 27 38 201 20 24 63 55 234 17 3381 22
50 603407 S 289 62 85 391 8 3602 165 86 144 271 14 141 752 12 321 596651 303 64 2 36 8
51 679685 D 194 3 676580 99 22 167 40 29 3 66 4 646 125 0 10 76 1412 117 0 81 11
52 725710 Y 376 102 77 16 122 67 105 36 8 20 44 32 5 11 26 367 8351 55 5 715767 118
53 694321 E 29 11 401 692823 25 240 53 5 106 14 8 1 3 29 47 25 40 68 5 1 387
54 633077 G 160 2 0 124 3 632224 0 13 0 14 10 2 42 10 158 24 103 56 89 8 35
55 602398 R 25 93 13 8 0 116 39 4 49 114 4 8 80 167 601403 83 20 36 2 4 130
56 597069 L 92 12 7 2 30 356 988 58 4 594221 46 42 157 71 18 34 193 700 5 10 23
57 625427 I 35 3 4 0 48 87 2 624110 5 262 17 56 16 256 142 31 112 218 0 13 10
58 602777 Q 53 4 0 125 2 35 82 3 75 114 0 96 52 601827 156 50 15 11 2 2 73
59 579481 N 39 1 141 15 13 18 3 38 85 19 6 578797 29 1 42 107 21 37 8 48 13
60 467877 S 33 12 4 4 0 137 1 43 0 17 1 204 11 7 64 467270 46 4 1 1 17
61 466536 L 31 3 1 24 42 14 23 190 1 465535 0 99 6 20 42 158 167 94 1 36 49
62 432897 T 60 57 3 4 14 42 21 77 43 137 1 189 32 16 55 840 431030 108 2 153 13
63 455639 I 19 46 6 0 9 5 8 454479 35 106 464 13 33 7 19 29 142 128 4 3 84
64 467318 E 13 0 69 466712 4 93 22 5 36 18 2 5 37 13 64 29 51 30 5 50 60
65 441959 R 6 3 9 2 1 116 2 36 95 50 0 21 32 3 441434 41 38 7 4 8 51
66 453110 M 0 23 0 3 15 0 0 132 37 27 452719 3 0 7 7 4 59 69 2 0 3
67 433681 V 97 1 0 50 1 27 0 4 0 60 78 0 0 0 8 4 0 433345 4 0 2
68 467475 L 3 16 0 3 58 14 538 49 3 466591 0 6 94 7 18 27 10 29 0 0 9
69 485176 S 75 26 1 0 30 24 5 0 0 17 0 8 91 1 3 484787 19 1 1 50 37
70 513363 A 512409 9 181 11 1 67 6 2 12 13 0 38 27 16 7 159 300 83 0 2 20
71 497478 F 54 9 6 0 496730 9 15 21 8 177 0 7 60 2 26 75 83 15 2 124 55
72 497234 D 12 1 496798 76 0 108 16 0 1 34 0 71 2 2 7 10 26 33 0 33 4
73 463010 E 44 0 80 461865 37 113 87 77 278 60 1 4 26 37 76 36 40 106 0 0 43
74 472919 R 26 1 1 5 0 143 14 40 87 10 1 0 7 0 472390 123 47 0 0 2 22
75 483285 R 1 0 0 0 5 78 2 3 69 8 58 1 5 2 482929 64 23 3 32 0 2
76 518596 N 17 21 110 24 1 19 7 89 115 34 27 516639 106 1013 34 152 49 17 78 40 4
77 517619 K 1452 29 6 135 26 690 7 103 511743 344 1 70 15 257 661 1620 67 44 17 13 319
78 403525 Y 3 37 3 4 35 41 75 69 6 2 2 20 1 0 20 12 5 3 6 403146 35
79 396002 L 0 9 4 2 1 1 1 125 1 395611 37 2 106 30 21 28 4 10 1 1 7
80 369510 E 64 26 59 368623 12 72 20 36 65 70 1 40 6 21 18 77 140 81 7 10 62
81 349565 E 16 9 60 348918 2 115 10 54 81 27 3 26 2 25 27 67 30 42 0 6 45
82 397682 H 15 42 20 3 136 22 396094 20 51 111 5 126 8 495 174 66 64 41 108 73 8
83 525125 P 241 55 17 56 8 214 133 98 16 105 4 9 523220 197 120 152 127 169 2 53 129
84 528295 S 926 420 7 30 2 451 1 428 4 268 1 964 175 11 183 524015 307 49 14 9 30
85 561337 A 559655 187 3 95 0 119 39 101 20 152 1 30 101 62 124 155 260 194 15 4 20
86 615780 G 191 3 3 113 7 613178 415 19 4 775 0 72 43 5 321 302 52 146 77 5 49
87 644012 K 6 0 0 205 0 8 7 4 643192 7 41 142 41 6 250 13 18 9 1 6 56
88 657311 D 11 2434 653146 69 0 138 24 19 3 16 1 296 374 2 11 600 15 78 1 53 20
89 599766 P 1146 313 9 6 133 109 171 20 67 432 40 39 596238 15 97 437 128 91 122 58 95
90 601253 K 137 42 17 180 19 422 47 113 597769 220 38 299 3 80 621 354 464 323 5 26 74
91 553586 K 2 0 1 101 2 3 0 27 553151 7 9 17 4 7 190 13 9 5 0 1 37
92 503723 T 79 0 0 0 0 99 1 26 4 12 0 66 25 7 22 50 503290 3 1 1 37
93 499584 G 19 0 0 59 0 499085 0 0 1 11 3 4 3 4 114 164 2 50 13 0 52
94 470667 G 14 7 2 44 0 470373 3 26 31 3 0 0 5 1 66 4 1 40 1 0 46
95 495014 P 404 0 1 0 0 0 95 5 1 44 0 0 494275 14 58 59 50 1 4 0 3
96 539376 I 3 1 3 0 3 2 14 538783 51 85 64 13 10 1 15 38 100 140 5 25 20
97 560292 Y 9 142 13 1 70 19 116 14 2 33 2 31 12 17 162 20 2 31 4 559503 89
98 481886 K 183 3 0 95 2 44 12 18 479931 36 27 173 109 51 1008 4 90 39 2 2 57
99 354685 R 33 1 9 10 0 86 28 26 45 88 2 5 8 0 354177 68 18 29 16 10 26
100 348603 V 136 3 3 42 47 136 79 85 14 274 0 1 335 132 46 200 71 346879 3 103 14
101 409383 D 19 9 408828 59 3 74 13 10 1 20 0 118 34 15 6 12 46 43 0 38 35
102 419214 R 35 32 5 4 24 106 15 46 77 138 13 15 33 8 418367 134 84 9 3 42 24
103 437793 K 72 0 4 69 0 59 17 25 437152 16 8 30 23 18 160 28 55 27 2 2 26
104 447315 W 6 69 1 1 198 11 4 71 0 76 1 1 9 5 95 27 3 16 446574 7 140
105 460978 M 24 10 8 2 44 2 56 142 58 77 460115 4 6 6 14 21 185 177 0 24 3
106 483719 R 8 4 0 0 1 114 14 1 78 4 59 3 4 0 483277 78 18 2 42 7 5
107 479937 E 4 12 30 479227 0 100 213 0 250 0 0 4 2 19 0 8 4 20 1 0 43
108 480960 L 20 0 3 1 52 36 83 54 3 480267 2 1 210 3 23 15 69 112 0 0 6
109 463770 V 138 138 33 1 34 27 13 149 24 51 0 2 56 6 46 10 3 463024 0 4 11
110 497902 L 2 1 0 1 53 5 17 130 14 497488 0 2 120 5 18 4 4 29 7 0 2
111 482729 Y 56 139 7 2 64 8 297 42 3 38 55 15 1 56 117 349 33 11 0 481368 68
112 430254 D 7 29 429489 80 3 89 80 5 10 21 3 241 27 6 23 3 26 56 1 40 15
113 397166 K 1 2 0 62 0 5 22 24 396772 13 6 23 6 31 66 76 24 7 0 2 24
114 471998 E 40 1 46 470704 203 117 27 16 135 19 2 483 20 25 18 18 10 25 1 22 66
115 530940 E 13 7 62 530422 0 107 9 2 108 10 6 3 0 44 35 40 6 38 1 0 27
116 561524 I 4 4 4 0 6 57 3 560810 38 50 127 21 32 9 15 1 81 225 9 6 22
117 540462 R 26 34 1 15 6 269 135 133 52 385 711 3 15 23 537919 87 230 362 39 8 9
118 529045 R 7 5 0 2 2 40 5 6 0 396 0 0 30 147 528291 4 10 11 0 1 88
119 565009 I 0 0 6 1 13 14 1 564721 0 11 10 62 1 0 1 3 80 80 0 0 5
120 531839 W 11 48 1 1 10 28 7 1 3 65 7 2 6 0 150 22 0 0 531313 0 164
121 546702 R 15 206 2 0 5 53 213 36 3 213 4 5 58 1 545596 115 125 29 2 17 4
122 517732 Q 19 55 1 21 0 23 162 1 60 367 0 69 19 516042 289 56 42 399 21 11 75
123 592458 A 591441 92 73 3 8 146 2 12 2 18 0 16 48 12 88 121 248 125 0 0 3
124 652696 N 13 20 117 14 17 27 21 64 69 43 7 651987 7 19 20 148 13 16 10 47 17
125 637296 N 118 25 164 47 124 143 126 76 100 77 63 634110 221 506 30 968 227 46 12 71 42
126 510212 G 221 99 97 1 2 507382 8 10 6 1708 30 6 24 96 47 166 213 71 12 1 12
127 507382 D 523 4 504129 91 0 216 81 8 347 316 4 222 53 89 94 407 231 399 0 153 15
128 492873 D 44 19 491837 77 9 93 21 34 10 32 13 146 81 15 96 87 102 93 0 46 18
129 499154 A 497494 14 2 48 14 143 10 73 13 147 25 6 43 9 228 141 515 192 1 7 29
130 442663 T 79 17 0 0 8 7 2 43 168 46 0 8 67 21 23 70 442082 10 0 4 8
131 409985 A 408690 12 46 66 0 10 46 2 0 11 2 128 40 199 7 576 86 47 9 7 1
132 498809 G 27 62 60 1 1 497928 22 18 2 7 0 2 3 1 15 601 7 45 2 1 4
133 524525 L 4 0 235 14 2 15 1 16 2 523875 70 0 169 19 17 24 15 33 3 1 10
134 613916 T 177 13 5 9 0 24 9 56 1 15 1 64 65 11 6 312 613110 33 0 1 4
135 636732 H 6 3 27 2 8 24 635770 35 14 95 254 65 42 123 129 33 22 1 4 64 11
136 672437 M 33 124 10 13 51 4 23 789 53 237 669873 30 5 39 69 33 158 848 1 3 41
137 686105 M 10 5 0 7 5 6 43 204 52 119 685319 3 37 16 22 7 104 129 2 12 3
138 612735 I 37 0 1 1 27 0 3 612361 4 29 29 42 7 2 7 12 79 80 10 2 2
139 582346 W 4 102 0 0 153 22 7 10 13 65 19 0 28 1 252 23 7 3 581408 12 217
140 554076 H 6 5 45 84 0 13 553524 8 1 29 0 45 12 34 98 2 56 16 0 98 0
141 549688 S 13 19 0 3 62 16 1 9 4 0 0 7 98 0 6 549274 49 48 0 78 1
142 543906 N 3 3 82 0 42 22 21 31 29 8 1 543517 3 3 7 83 5 2 0 27 17
143 533393 L 12 121 0 0 82 7 27 5 8 532919 40 1 5 1 4 74 9 29 2 4 43
144 509756 N 18 6 83 2 0 85 8 29 53 2 7 509239 8 6 2 84 16 39 0 31 38
145 495481 D 2 1 495116 37 4 85 24 18 0 5 1 53 5 1 3 27 2 33 0 55 9
146 478355 T 150 7 1 0 0 12 2 74 51 5 0 2402 17 5 24 107 475403 84 0 2 9
147 615739 T 106 3 3 1 0 4 8 56 50 11 0 4 5 16 21 68 615371 5 0 3 4
148 557266 Y 4 89 2 0 45 15 64 13 2 8 1 61 3 0 5 30 6 29 2 556800 87
149 561419 Q 9 1 1 21 0 6 53 4 64 45 0 0 16 560948 163 11 7 15 1 0 54
150 536764 R 1 2 5 3 0 122 0 2 78 3 46 1 33 1 536354 58 15 2 32 0 6
151 586065 T 119 0 3 4 1 19 13 64 48 69 2 0 22 4 24 86 585565 19 0 1 2
152 618883 R 18 0 1 4 0 117 1 51 89 5 1 1 0 40 618392 78 14 11 0 7 53
153 680815 A 680240 2 62 2 5 49 0 10 3 13 1 2 40 27 20 69 163 56 13 0 38
154 726428 L 7 30 2 11 39 13 42 341 0 725600 29 5 104 11 22 41 23 69 16 4 19
155 738572 V 123 26 81 3 30 60 3 89 2 44 0 13 5 1 29 40 41 737907 3 3 69
156 753632 R 5 170 6 6 2 44 258 14 12 73 3 13 61 4 752677 224 9 15 0 9 27
157 758092 T 314 91 19 1 2 73 23 345 7 24 10 64 42 34 12 355 756277 264 6 5 124
158 775939 G 245 83 214 2 2 774127 13 0 2 238 5 24 23 14 40 714 23 118 0 17 35
159 799875 M 26 15 4 4 8 17 16 552 50 307 798426 63 16 9 15 27 117 189 5 3 6
160 897720 D 19 32 896503 131 34 312 39 14 2 14 6 272 19 3 7 6 43 76 4 114 70
161 798848 P 123 40 12 5 3 115 145 25 23 193 5 11 796898 73 131 763 186 52 11 7 27
162 753619 R 90 0 9 65 37 351 3 22 129 61 100 13 50 27 752331 118 23 15 33 52 90
163 692010 M 9 224 26 5 290 28 82 327 60 217 686535 14 3 120 16 110 1339 2503 61 29 12
164 679445 C 84 677732 24 2 59 34 7 119 27 29 5 97 69 0 133 539 34 94 26 254 77
165 638720 S 412 62 2 0 43 148 3 0 1 29 5 56 170 33 4 637270 357 5 1 93 26
166 632325 L 215 108 18 137 8 37 8 61 12 627075 360 47 148 3877 20 94 41 23 7 11 18
167 619046 M 24 32 4 4 0 8 1 325 44 158 618083 2 22 2 12 18 148 84 65 3 7
168 576406 Q 67 10 6 32 1 16 89 6 69 57 25 5 432 575112 284 24 26 10 3 1 131
169 536401 G 71 41 49 4 12 536005 30 7 0 14 0 30 5 1 17 70 1 41 0 2 1
170 579359 S 21 2 1 3 1 22 0 3 8 222 0 2 85 5 11 578831 50 6 25 1 60
171 568716 T 100 1 4 2 0 43 1 58 0 6 3 51 14 9 6 70 568331 12 0 1 4
172 608653 L 48 36 0 3 79 25 50 1170 6 606766 1 3 170 66 37 50 88 42 2 10 1
173 780146 P 78 48 8 25 31 156 103 12 4 131 1 12 778871 112 70 190 136 76 2 3 77
174 786869 R 2 0 1 11 4 175 4 17 108 24 113 1 38 4 786182 90 27 12 32 3 21
175 633861 R 0 1 6 5 0 132 6 3 89 12 38 20 12 1 633350 108 39 5 28 0 6
176 686335 S 121 18 0 0 73 153 2 24 1 6 0 0 119 2 4 685681 46 4 2 73 6
177 713758 G 16 3 0 94 9 713315 10 2 1 9 4 2 2 1 146 2 4 37 0 1 100
178 685944 A 685018 0 79 4 4 80 42 19 9 37 0 228 79 4 9 95 86 96 4 35 16
179 706600 A 705664 6 0 103 0 32 1 0 11 65 5 4 43 0 22 99 295 146 2 0 102
180 722671 G 26 55 63 1 0 722363 1 1 2 1 1 0 4 2 21 84 0 46 0 0 0
181 716360 A 715130 7 59 14 19 102 70 1 49 256 24 7 29 27 72 152 229 66 23 11 13
182 733964 A 732756 22 7 88 27 76 46 5 0 28 0 6 45 12 12 130 284 375 7 37 1
183 786483 V 243 4 105 0 34 34 2 261 1 34 22 5 11 18 38 29 19 785542 0 21 60
184 799815 K 5 9 1 169 4 115 70 49 798750 59 7 252 30 40 156 13 17 6 2 12 49
185 678164 G 105 14 12 126 0 677560 3 4 1 23 7 3 1 6 110 29 11 49 0 16 84
186 667838 V 122 22 48 15 92 33 1607 178 207 133 38 434 41 217 8 32 134 664434 0 22 21
187 659811 G 176 5 11 119 1 659025 7 13 3 4 8 6 43 1 126 76 22 85 75 1 4
188 525338 T 165 0 3 3 0 38 24 78 40 8 0 2 27 24 49 220 524649 6 0 0 2
189 438067 M 8 1 0 8 10 30 7 199 38 388 436933 3 27 41 20 36 75 124 17 12 90
190 418725 V 411 1 30 53 0 24 15 3 1 48 47 12 9 23 23 37 188 417769 0 2 29
191 402906 M 12 3 0 1 0 6 31 116 29 488 402009 1 19 36 3 6 69 67 5 2 3
192 365951 E 10 2 27 365618 0 115 1 0 53 2 1 4 2 12 8 5 16 38 0 1 36
193 452483 L 8 4 4 103 65 850 7 0 2 450159 32 834 52 7 22 119 125 54 3 4 29
194 537586 I 22 2 16 6 18 3 16 536095 43 851 94 10 45 8 28 6 183 104 2 9 25
195 508447 R 3 2 2 8 2 103 10 13 79 17 62 5 180 1 507804 70 26 10 37 1 12
196 536534 M 18 5 4 1 0 70 7 186 45 58 535813 3 39 9 17 62 97 86 0 1 13
197 583321 I 81 36 32 2 38 8 2 581756 4 23 41 84 76 47 3 44 904 116 0 0 24
198 554664 K 3 2 0 79 1 5 1 10 554306 14 0 76 18 21 88 0 13 2 0 0 25
199 521803 R 24 86 0 0 4 40 135 5 3 53 41 1 30 1 521306 44 12 14 4 0 0
200 516633 G 22 1 1 87 1 516211 0 5 2 2 0 1 14 0 140 7 6 71 51 1 10
201 515422 I 29 4 14 3 53 7 6 514876 1 46 24 30 25 4 3 7 112 169 4 1 4
202 527775 N 15 1 135 4 0 8 6 25 35 54 11 527185 26 15 4 122 69 14 11 35 0
203 495854 D 7 3 495517 49 1 58 14 2 4 11 0 65 1 2 5 0 7 35 0 70 3
204 514145 R 6 7 0 2 4 12 5 1 1 85 0 22 20 117 513731 0 7 4 97 0 24
205 532492 N 53 28 81 1 4 75 5 239 49 51 1 531527 9 49 4 209 15 7 1 70 14
206 629179 F 46 4 6 1 628472 0 14 43 2 287 1 2 8 112 6 114 10 18 1 32 0
207 646546 W 21 71 1 7 17 13 4 1 1 92 1 1 13 2 301 52 14 31 645591 24 288
208 483599 R 3 11 0 1 0 132 8 39 73 5 1 1 13 19 483125 72 16 0 1 14 65
209 516285 G 50 46 85 12 2 515854 2 2 24 11 0 6 29 4 23 91 5 31 2 4 2
210 556365 E 12 24 42 555758 13 125 0 0 100 9 0 20 3 32 1 28 29 59 0 1 109
211 539228 N 1643 9 278 32 61 214 9 131 53 9862 31 526202 28 7 12 106 21 490 1 37 1
212 501413 G 55 7 11 58 1 500885 0 26 4 49 0 3 15 6 116 8 4 57 1 2 105
213 488332 R 0 2 6 2 0 28 2 4 2 49 0 4 30 114 487939 15 25 1 1 1 107
214 481227 K 17 10 7 86 16 18 33 125 480606 90 3 45 1 14 69 4 11 5 23 5 39
215 480045 T 86 7 6 6 0 5 4 39 39 10 0 7 87 29 15 109 479564 23 2 0 7
216 451033 R 11 1 0 0 0 82 4 0 94 3 48 1 2 0 450450 78 234 2 21 0 2
217 419021 S 128 30 10 2 28 80 12 725 28 32 104 82 8 62 62 416891 24 712 0 0 1
218 438430 A 437891 23 51 2 0 19 1 10 0 2 1 1 33 1 2 215 118 57 3 0 0
219 434463 Y 35 117 6 2 25 3 77 0 0 4 0 4 2 1 11 122 14 3 19 433940 78
220 440644 E 19 0 122 440139 0 97 0 1 107 8 1 0 9 16 13 1 7 30 34 0 40
221 394460 R 0 0 0 49 0 87 0 44 61 9 0 2 3 1 394124 36 4 1 0 0 39
222 347210 M 5 2 0 3 47 16 13 121 36 31 346325 2 0 1 10 485 58 43 12 0 0
223 429121 C 0 428645 0 0 42 10 0 0 0 12 0 0 0 1 95 99 0 1 35 132 49
224 445580 N 0 0 78 0 0 0 17 37 45 1 0 445294 0 0 1 61 8 13 0 25 0
225 457262 I 0 1 0 0 31 66 0 456919 0 6 2 88 3 0 0 18 83 44 0 1 0
226 475516 L 0 0 0 0 36 0 59 58 0 475239 0 0 79 6 9 9 0 21 0 0 0
227 490894 K 0 0 0 80 0 1 0 32 490634 0 0 30 0 21 68 2 2 1 0 0 23
228 500791 G 37 5 2 87 0 500304 4 0 2 1 0 48 115 5 104 5 3 34 0 0 35
229 510744 K 7 0 0 69 1 12 4 10 510329 0 0 69 35 9 113 0 5 1 62 3 15
230 532699 F 8 154 1 0 531959 11 0 43 3 143 1 0 6 2 20 81 225 12 19 11 0
231 506434 Q 4 1 11 26 15 4 360 236 79 128 2 5 29 504946 416 102 8 5 0 3 54
232 480231 T 93 97 3 2 6 41 15 57 50 68 10 48 51 22 22 53 479466 49 0 75 3
233 477591 A 476891 1 43 2 0 128 1 0 2 7 4 8 107 5 29 42 220 99 0 0 2
234 424287 A 423649 0 110 40 1 35 2 15 2 5 1 3 37 2 32 55 208 88 0 0 2
235 416949 Q 38 1227 0 16 2 9 70 1 47 81 5 0 83 415020 76 70 34 118 0 1 51
236 412747 R 58 26 0 0 3 179 1 1 393 1 55 5 22 3 411904 56 18 2 17 1 2
237 413858 A 412921 11 2 32 1 194 0 6 1 4 3 4 32 22 11 358 104 145 0 3 4
238 430462 M 22 97 5 45 1 536 1 284 35 3105 426010 66 15 3 15 41 79 74 0 4 24
239 379500 M 83 22 11 7 2 4 8 159 32 59 378847 0 2 1 12 38 59 141 10 0 3
240 453754 D 12 1 453300 49 0 116 48 8 0 25 1 73 0 0 3 14 3 61 0 38 2
241 432541 Q 1 1 0 27 1 5 16 97 43 51 1 2 3 432105 116 12 8 3 0 4 45
242 498509 V 79 2 1 47 27 25 0 99 2 84 124 3 7 7 5 30 16 497932 19 0 0
243 498823 R 15 5 1 5 12 130 2 65 134 7 9 3 13 6 498261 65 16 2 3 4 65
244 491461 E 23 1 32 490857 0 179 10 38 68 19 0 81 43 18 7 6 14 33 1 1 30
245 523690 S 47 16 1 2 5 759 8 25 1 3 0 80 755 20 83 521831 25 26 0 2 1
246 511733 R 7 14 0 0 0 15 48 0 2 78 0 8 62 206 511159 9 13 5 98 5 4
247 516828 N 19 1 93 0 7 57 13 45 71 7 0 516206 68 5 13 101 81 14 0 25 2
248 534187 P 38 5 0 6 1 5 17 1 2 117 2 0 533656 86 19 183 45 1 1 0 2
249 557510 G 70 9 4 90 1 556982 20 2 0 4 2 7 0 1 126 11 17 44 32 0 88
250 536002 N 226 9 84 1 10 126 78 29 55 31 21 535095 10 13 19 84 24 41 13 24 9
251 570055 A 569511 2 87 10 0 39 0 0 0 45 0 1 30 0 0 66 170 86 1 4 3
252 549981 E 17 16 45 549454 0 130 0 3 85 6 3 28 2 16 7 31 0 54 3 18 63
253 576988 I 7 1 3 0 42 9 8 576556 1 21 45 39 0 28 3 11 77 130 5 0 2
254 560763 E 2 0 31 560327 1 76 0 0 185 1 0 0 0 35 3 0 1 35 0 0 66
255 570113 D 3 1 569822 38 0 89 15 0 1 13 0 45 1 2 0 1 4 44 1 33 0
256 545661 L 319 14 1 9 43 35 51 72 3 544513 21 192 108 2 16 175 32 39 0 16 0
257 549956 I 10 184 0 0 37 1 4 548944 0 396 12 35 9 6 28 37 111 136 0 6 0
258 506169 F 2 7 0 1 505786 7 5 26 8 139 0 3 14 6 4 76 11 14 1 54 5
259 497108 L 13 10 0 117 0 119 11 32 1 496403 72 0 86 26 13 78 48 73 5 0 1
260 505343 A 504426 8 0 52 0 48 3 0 0 3 0 2 21 1 1 121 146 480 0 4 27
261 435445 R 0 0 0 1 0 24 1 0 25 40 0 1 7 110 435128 0 2 1 105 0 0
262 531221 S 72 22 1 1 52 167 3 0 1 4 0 38 53 6 0 530648 77 25 0 50 1
263 522369 A 519115 161 14 62 0 46 70 1 9 13 6 5 31 7 13 99 2147 540 7 7 16
264 451374 L 48 2 1 10 634 43 91 34 5 450191 0 3 92 146 14 7 12 26 2 11 2
265 481664 I 22 14 1 4 0 60 25 480076 30 167 80 5 652 6 11 170 183 114 0 4 40
266 508391 L 155 10 3 60 97 52 3 107 19 505628 31 20 21 240 829 153 33 757 52 71 50
267 493937 R 23 1 0 4 3 98 12 30 537 129 1 34 24 2 492854 122 15 5 0 0 43
268 555373 G 26 165 0 95 9 554220 16 46 0 5 2 9 207 23 124 254 47 69 53 0 3
269 584562 S 40 2 2 0 0 1 9 6 0 69 0 0 479 6 19 583736 68 22 0 2 101
270 596458 V 83 1 44 4 42 23 37 94 2 72 1 5 3 5 46 23 50 595916 1 0 6
271 578995 A 578360 1 65 4 2 128 2 2 1 8 0 8 30 3 57 122 102 92 1 4 3
272 582345 H 7 1 14 48 6 48 581682 0 7 89 0 63 26 94 95 52 18 7 0 69 19
273 587115 K 4 0 2 65 7 4 1 56 586624 36 1 88 10 14 79 14 17 16 0 11 66
274 563995 S 28 14 17 2 45 15 3 6 0 64 0 1 96 1 6 563259 363 24 3 43 5
275 528467 C 346 525612 18 11 26 379 4 271 16 39 10 176 95 1 150 242 495 404 4 74 94
276 446221 L 19 86 3 1 3 13 195 19 11 445506 62 6 90 69 18 57 10 17 1 9 26
277 375850 P 121 25 17 7 4 7 90 4 3 91 13 1 375084 46 43 191 90 6 3 0 4
278 341922 A 340696 49 63 3 38 103 1 2 5 232 2 2 64 1 6 141 184 312 4 1 13
279 305206 C 109 304340 2 6 46 34 2 5 1 94 0 4 59 5 245 91 1 9 18 98 37
280 280993 V 68 34 4 29 1 16 0 38 36 68 49 2 1 4 10 8 24 280461 16 2 122
281 190570 Y 4 30 5 24 18 7 40 4 3 13 1 29 4 7 6 9 0 15 18 190286 47
282 143373 G 110 9 8 68 17 142857 4 3 6 42 3 8 8 4 93 35 14 21 17 2 44
283 203178 P 474 60 5 2 5 1236 40 69 214 345 2 44 198099 999 211 230 281 556 266 37 3
284 396537 A 395522 2 30 1 73 57 0 0 2 174 7 1 45 0 20 106 299 194 1 2 1
285 397208 V 116 2 3 71 2 26 25 188 5 89 0 15 52 7 52 55 3 396462 0 31 4
286 447941 A 447633 8 38 8 2 18 0 0 5 1 1 1 18 12 45 56 58 37 0 0 0
287 556394 S 0 54 0 0 0 72 5 50 0 2 0 117 3 10 143 555909 27 1 0 1 0
288 612789 G 34 102 92 0 0 609755 0 4 1 0 1 2 1 5 2629 99 0 55 9 0 0
289 615568 Y 2 116 16 5 109 31 315 39 1 35 1 31 3 4 1 41 1 88 2 614637 90
290 659700 D 4 6 659279 58 1 81 12 0 0 2 0 159 11 9 10 1 4 31 0 31 1
291 649325 F 121 344 5 10 647593 223 150 40 2 254 9 6 61 4 72 138 5 19 231 33 5
292 654495 E 34 8 29 653317 1 296 0 0 153 40 0 14 323 26 125 15 5 48 1 6 54
293 647075 K 11 6 5 59 0 16 1 51 646306 15 14 41 75 150 75 25 26 20 0 164 15
294 635084 E 135 7 137 632455 1 1113 516 15 108 32 10 41 5 20 27 32 29 351 0 8 42
295 606591 G 26 0 1 100 1 606224 0 3 0 0 0 0 2 1 92 3 0 69 0 3 66
296 526515 Y 364 99 3 0 58 68 58 5 4 22 0 41 4 4 5 165 9 8 0 525511 87
297 468365 S 40 15 0 2 29 7 0 3 0 25 2 0 66 1 18 467857 257 4 3 34 2
298 437784 L 4 0 2 2 39 4 4 14 15 437489 2 0 2 5 18 57 2 29 13 0 83
299 484648 V 60 2 1 40 2 19 1 19 8 60 70 0 3 10 12 19 7 484270 32 0 13
300 351972 G 27 0 3 99 0 351640 0 0 2 5 4 2 3 0 58 36 2 46 1 0 44
301 570769 I 88 3 5 25 8 28 1 568962 92 485 182 14 4 7 472 30 121 113 105 5 19
302 568028 D 397 120 565898 89 14 129 26 8 11 94 1 216 256 33 91 397 50 65 56 76 1
303 549480 P 30 250 0 3 5 89 67 3 5 43 2 4 548801 26 25 51 72 1 0 1 2
304 623609 F 21 24 5 6 622682 60 11 202 0 207 3 6 3 0 14 164 5 130 3 62 1
305 623907 K 27 6 4 137 32 29 8 38 623037 15 1 72 3 42 227 84 15 46 12 42 30
306 620034 L 22 15 0 10 0 42 11 12 7 619274 58 0 107 42 163 117 118 21 6 5 4
307 641243 L 109 14 2 12 61 15 25 49 0 640678 2 2 123 2 14 35 58 32 0 3 7
308 647230 Q 46 5 5 34 2 6 32 855 32 452 1 6 12 645218 126 99 58 127 60 0 54
309 642672 N 121 1 79 29 3 219 223 37 183 36 40 640368 78 35 248 152 769 20 16 13 2
310 627955 S 784 110 1 32 1 365 3 104 3 226 14 190 208 6 137 625418 255 51 29 12 6
311 677559 Q 8 0 0 42 3 76 33 5 93 42 0 14 14 676711 265 68 53 41 1 3 87
312 740823 V 129 2 0 83 15 57 2 938 1 518 2 16 6 5 17 49 30 738936 3 10 4
313 688872 Y 37 133 14 1 63 66 216 3 2 57 2 43 11 7 72 100 6 21 33 687871 114
314 686269 S 710 331 14 7 4 725 6 135 2 27 3 96 5 9 132 683518 444 61 1 14 25
315 668077 L 14 93 7 2 193 78 6 176 4 666555 124 11 221 46 27 27 32 432 3 7 19
316 716106 I 9 69 31 2 37 43 7 714933 0 71 385 44 3 5 22 43 133 261 1 2 5
317 669679 R 0 0 7 1 1 247 1 46 97 3 0 3 1 2 669158 44 21 2 0 0 45
318 671657 P 79 67 35 8 53 145 12 4 7 159 1 23 669863 294 60 561 130 19 31 100 6
319 681682 N 26 2 77 25 7 124 84 37 147 45 0 679711 26 75 596 449 82 111 3 50 5
320 703968 E 44 2 91 703339 2 112 1 0 149 3 4 3 5 25 10 48 3 67 4 0 56
321 743964 N 23 5 110 6 14 165 14 44 91 7 1 742906 15 13 155 125 14 158 17 72 9
322 760810 P 463 59 1 7 1 22 13 10 3 116 13 4 759562 118 67 179 118 29 17 5 3
323 771494 A 767039 768 6 76 7 319 13 18 6 132 9 0 65 9 534 110 293 2025 3 52 10
324 822399 H 16 3 38 1 1 64 821560 1 8 126 1 74 66 148 146 11 8 4 2 84 37
325 824242 K 1 0 0 217 19 4 0 2 823557 3 49 88 0 11 242 2 24 0 0 0 23
326 692913 S 0 61 0 0 1 127 0 24 0 7 0 134 1 1 99 692434 21 0 1 1 1
327 685608 Q 1 4 6 37 0 0 85 1 238 60 0 0 14 684863 201 5 5 2 0 3 83
328 563508 L 23 2 2 17 5 11 9 41 8 562907 81 63 103 40 37 15 28 27 4 2 83
329 615999 V 105 5 163 43 115 40 6 3 1 177 71 8 25 3 44 33 53 615051 28 11 14
330 610234 W 6 114 25 5 4 20 4 10 12 142 3 2 5 2 106 29 4 15 609462 1 263
331 580762 M 33 43 7 29 5 30 7 199 49 811 579095 1 8 36 26 90 118 148 4 23 0
332 600125 A 598808 34 8 80 3 179 0 45 65 11 0 6 43 10 18 323 281 173 5 6 27
333 631822 C 160 630331 1 3 93 149 0 11 17 39 1 21 60 37 130 234 78 57 37 271 92
334 644452 H 18 60 61 2 17 23 643639 4 2 70 8 126 23 47 65 24 36 10 5 194 18
335 607242 S 26 76 19 3 70 78 3 1 5 15 0 1 65 5 37 606655 92 17 1 71 2
336 562385 A 560753 8 152 1 0 251 1 1 0 589 1 0 27 1 262 73 172 93 0 0 0
337 538081 A 536808 141 1 62 4 404 2 12 4 6 0 16 226 1 7 165 117 101 2 1 1
338 546425 F 680 3 2 0 543996 260 247 95 7 139 0 49 58 75 169 136 167 186 72 21 63
339 534599 E 6 2 106 534126 0 143 2 0 63 0 0 0 6 25 3 4 5 45 1 0 62
340 494213 D 166 7 493308 44 1 143 17 0 0 10 0 143 5 2 3 305 2 38 0 17 2
341 523244 L 4 2 0 0 0 8 4 50 0 522858 4 0 189 38 9 22 1 52 0 3 0
342 506425 R 9 0 0 14 1 185 4 41 82 34 0 13 24 9 505852 89 20 26 1 2 19
343 456366 V 71 10 0 31 0 4 0 81 1 58 2 0 9 0 0 115 1 455969 0 1 13
344 447259 L 6 1 2 11 35 18 0 36 0 446991 0 0 14 3 3 62 12 16 0 0 49
345 402728 S 12 10 2 23 25 177 1 95 2 9 4 67 10 34 121 402090 31 11 1 2 1
346 354220 F 57 92 0 71 353359 104 5 15 15 152 6 7 6 21 55 125 68 31 5 24 2
347 433333 I 481 2 0 1 29 1 7 432446 0 135 20 38 1 0 44 8 47 71 0 1 1
348 420536 R 1 1 1 0 0 99 0 40 62 6 2 5 0 5 420208 33 27 9 3 2 32
349 406863 G 26 2 1 47 0 406547 14 2 1 10 4 0 12 23 88 5 2 31 48 0 0
350 517965 T 174 4 24 0 6 144 86 70 35 158 2 37 38 14 58 192 516771 100 51 0 1
351 525182 K 0 3 0 51 6 2 2 28 524574 82 1 48 175 45 91 33 6 0 0 0 35
352 554173 V 104 1 0 62 0 19 0 91 6 68 1 3 28 3 2 19 12 553741 0 13 0
353 562460 S 196 11 0 0 44 2 1 402 2 143 12 51 778 31 35 560550 39 56 13 87 7
354 529930 P 32 43 10 2 4 58 0 92 7 97 0 3 528943 100 288 68 64 35 1 2 81
355 514893 R 0 3 0 0 0 115 0 0 116 21 70 0 0 0 514454 73 10 0 27 0 4
356 461017 G 18 0 1 36 4 460806 1 2 0 4 0 0 1 0 58 2 1 44 38 0 1
357 460798 K 2 4 1 147 0 3 6 19 460360 2 1 101 2 4 92 3 7 6 1 0 37
358 466674 L 2 14 1 19 36 4 15 23 0 466214 0 2 101 2 30 3 26 181 0 0 1
359 444154 S 40 24 1 0 47 10 6 4 0 1 0 7 117 1 446 442684 51 658 1 46 10
360 521193 T 108 63 1 2 0 1 6 44 18 6 0 46 10 1 3 96 520772 8 0 7 1
361 492837 R 2 1 0 3 3 78 8 40 94 8 0 1 6 0 492466 26 16 17 0 0 68
362 462235 G 14 0 79 48 0 461900 0 0 0 24 2 1 3 4 60 5 5 43 3 0 44
363 541516 V 210 67 26 31 3 13 1 87 0 127 1 4 3 1 4 5 4 540925 0 2 2
364 538298 Q 89 76 0 27 5 39 64 7 66 83 2 4 34 537588 94 8 28 4 3 16 61
365 554836 I 36 8 0 5 29 18 4 554451 1 48 17 36 0 0 15 9 76 76 1 1 5
366 482724 A 482421 0 35 0 0 17 10 2 2 4 0 4 31 0 0 69 67 61 1 0 0
367 476450 S 93 6 2 1 5 83 15 0 35 69 6 5 71 0 47 475818 100 12 4 5 73
368 485790 N 12 1 57 17 5 613 15 24 23 13 7 484618 6 18 38 189 24 83 0 22 5
369 479663 E 7 1 23 478986 2 124 131 11 63 8 0 1 3 25 3 59 16 45 1 98 56
370 492824 N 69 10 76 6 17 12 58 33 55 61 3 492039 162 0 26 55 86 39 0 15 2
371 491311 M 2 52 0 2 0 27 4 253 30 257 490219 22 34 32 17 142 73 136 2 6 1
372 510002 D 7 4 509548 74 23 110 11 4 0 4 2 75 0 4 9 18 0 24 3 67 15
373 503807 A 501603 27 66 3 63 40 11 89 2 63 28 1 38 2 50 988 534 183 0 16 0
374 555778 M 43 146 24 5 4 3 0 310 50 66 554691 106 15 10 35 1 171 71 12 2 13
375 532657 E 9 0 46 532096 2 116 3 1 71 74 3 33 11 50 4 18 25 41 3 2 49
376 414273 S 18 10 23 1 21 209 5 4 8 34 0 46 117 6 8 413503 147 49 7 0 57
377 419780 S 41 34 3 5 9 110 9 37 0 10 16 81 32 2 78 419279 24 2 1 3 4
378 384926 T 115 3 0 1 1 44 0 32 7 16 4 22 11 1 184 467 384004 14 0 0 0
379 392922 L 30 5 5 0 39 4 26 125 0 392251 271 0 74 0 15 3 15 52 1 3 3
380 398101 E 5 8 32 397557 0 54 1 1 61 1 1 1 1 305 5 6 4 31 0 0 27
381 404744 L 3 3 2 5 6 12 10 3 0 404006 147 335 90 8 10 10 30 61 2 0 1
382 427868 R 5 2 1 7 0 115 4 38 51 14 0 1 0 0 427470 58 18 27 1 1 55
383 497367 S 288 18 2 5 1 300 3 51 3 14 18 95 24 1002 117 495141 53 109 17 3 103
384 533704 R 58 11 13 9 109 606 7 96 1158 112 99 12 3 11 531109 158 43 32 40 16 2
385 636370 Y 24 141 11 12 48 41 193 3 90 111 1466 53 14 10 878 67 116 47 5 632952 88
386 620819 W 16 113 1 7 1 27 3 10 10 107 3 3 2 10 206 34 10 36 619970 44 206
387 573107 A 572376 1 52 0 0 185 2 1 0 3 0 1 105 0 1 70 122 184 0 0 4
388 630506 I 2 2 145 2 1 12 9 629726 42 97 140 6 19 6 57 10 92 109 4 16 9
389 595587 R 14 2 4 1 1 97 1 33 130 1 1 5 6 0 595189 42 16 3 0 2 39
390 611332 T 92 17 0 1 1 7 2 54 7 5 0 83 8 3 8 91 610935 1 4 0 13
391 623985 R 3 11 3 5 0 147 3 53 110 16 2 1 11 6 623495 42 18 16 5 2 36
392 601252 S 83 52 1 4 1 308 9 60 7 5 2 96 0 17 82 600430 55 13 3 2 22
393 617188 G 267 11 0 52 0 616462 2 0 1 1 2 0 2 3 110 118 5 79 5 0 68
394 584893 G 16 2 0 64 2 584537 0 0 3 2 0 19 1 2 108 2 1 72 0 0 62
395 592311 N 99 11 107 3 4 87 56 43 114 8 0 590813 8 24 483 201 90 21 4 127 8
396 594793 T 270 49 16 1 118 839 62 75 19 82 7 101 42 178 591 136 591623 135 282 162 5
397 681269 N 24 110 106 6 112 75 88 68 81 159 3 678571 10 9 1436 188 108 41 18 33 23
398 688295 Q 87 3 30 37 127 18 138 91 131 46 0 31 18 686754 469 108 12 103 1 15 76
399 619070 Q 123 7 221 37 3 802 197 45 156 260 1 12 1086 611205 4154 248 88 301 2 61 61
400 554664 R 39 16 0 16 3 201 0 13 135 20 62 2 17 3 553933 85 74 11 31 0 3
401 532918 A 530842 27 50 94 4 154 42 1 13 5 0 724 139 8 360 236 90 90 33 5 1
402 536764 S 63 34 2 4 36 92 44 14 340 48 0 4 191 41 312 535372 43 43 1 74 6
403 544067 A 541044 21 14 65 13 267 45 9 13 13 1 2 64 15 195 1587 333 206 1 154 5
404 568455 G 98 75 93 0 17 567566 5 12 7 17 80 3 10 0 104 206 25 124 5 1 7
405 568002 Q 10 1 2 23 0 0 35 2 56 38 6 0 52 567566 104 21 10 5 0 2 69
406 587310 I 0 0 2 3 37 3 0 586841 0 12 14 51 18 0 15 30 154 129 0 0 1
407 533568 S 2 142 9 0 1 187 0 31 1 6 0 80 0 1 73 533020 13 2 0 0 0
408 539135 V 162 14 0 67 0 10 0 1 0 108 119 0 0 1 1 44 4 538603 1 0 0
409 532751 Q 144 637 0 68 3 23 98 33 59 87 0 8 13 529381 148 746 564 500 5 3 231
410 489711 P 115 22 0 3 0 7 75 0 0 46 2 3 489203 4 12 126 80 13 0 0 0
411 523647 A 517908 2350 2 72 1 27 3 2 2 71 0 0 25 0 3 2548 416 214 1 1 1
412 529707 F 11 9 5 0 529160 38 2 81 1 165 2 1 2 4 2 56 5 17 60 85 1
413 469278 S 18 14 0 4 88 39 2 10 3 11 0 10 61 1 75 468858 36 13 1 32 2
414 491114 V 126 763 1 41 0 30 0 15 0 267 203 0 7 1 14 30 29 489579 4 1 3
415 502469 Q 3573 62 44 219 77 477 47 5 262 590 13 5 18 496094 466 237 4 178 20 1 77
416 506458 R 18 0 0 20 1 157 7 24 51 6 0 2 2 2 506098 20 18 0 1 3 28
417 468052 N 21 3 89 0 3 12 195 137 1433 2626 0 462110 61 162 104 321 151 552 14 52 6
418 494665 L 19 85 0 2 54 6 23 82 0 493013 171 0 129 16 9 23 20 999 13 0 1
419 527198 P 53 26 1 30 0 13 21 20 33 132 18 2 526355 72 83 58 84 180 5 0 12
420 498492 F 174 51 4 0 496855 62 62 72 0 199 23 3 4 10 6 182 582 158 18 20 7
421 510947 D 816 43 506214 73 37 158 31 6 7 452 1 436 1 5 60 229 1014 1251 0 74 39
422 493955 K 197 2 6 116 68 410 28 110 491825 463 13 89 0 47 151 86 181 49 0 64 50
423 492626 P 37 8 14 151 1 775 36 6 139 70 1 50 485622 119 590 156 423 4346 56 16 10
424 514434 T 1055 28 93 2 25 32 61 98 11 3968 34 169 165 11 21 308 507478 790 15 65 5
425 521680 I 44 26 1 1 53 11 6 518519 0 17 23 227 7 1 10 15 2476 214 24 1 4
426 498693 M 60 26 4 13 8 12 16 386 48 131 496962 17 2 28 153 41 131 648 3 4 0
427 460022 A 454246 179 7 67 17 2435 15 17 5 2018 15 25 124 5 105 251 320 153 11 0 7
428 455680 A 454609 85 0 144 20 70 33 25 0 14 36 59 33 16 46 104 256 96 3 27 4
429 450978 F 4 55 7 8 450433 48 2 23 2 176 6 2 4 0 42 72 6 7 12 68 1
430 414152 T 178 15 1 1 5 351 2 38 36 51 3 77 15 5 559 464 412329 17 1 0 4
431 448338 G 64 113 10 69 11 446708 35 32 1 300 2 16 67 0 142 86 24 71 61 524 2
432 457352 N 96 583 89 10 290 233 103 103 35 23 0 455256 80 11 46 148 77 91 8 58 12
433 488321 T 123 20 70 46 35 12 15 1124 64 168 1 8 28 65 4252 94 481588 595 12 1 0
434 499823 E 77 22 97 498480 0 248 0 3 98 114 9 15 46 55 37 292 85 85 5 1 54
435 532198 G 42 1 4 158 1 531722 2 3 0 1 2 0 5 0 122 30 2 48 3 1 51
436 540103 R 8 2 1 9 4 114 1 47 76 14 1 1 4 0 539693 44 32 3 2 0 47
437 547861 T 426 8 118 16 10 74 1 108 56 17 1 48 10 26 28 74 546788 22 3 14 13
438 573571 S 167 12 12 8 1 4238 5 6 4 87 1 746 220 28 9 567795 64 22 44 7 95
439 555780 D 8 2 555096 68 2 92 17 192 2 32 0 134 0 7 12 14 1 68 0 28 5
440 534292 M 161 1 139 7 0 211 10 152 29 48 532997 6 9 13 41 204 121 109 21 11 2
441 519477 R 5 0 0 4 1 123 9 1 55 1 73 1 3 0 519094 40 25 6 35 0 1
442 527282 A 523549 60 9 133 5 705 1 31 12 210 3 77 29 34 150 756 987 513 13 3 2
443 536361 E 9 0 58 535753 0 143 1 8 75 2 0 1 0 28 22 20 4 29 0 2 206
444 538155 I 39 95 9 9 35 37 9 536988 9 234 55 30 1 5 51 45 192 256 37 0 19
445 604325 I 21 70 4 7 6 91 4 603147 35 82 131 12 3 3 33 34 83 136 37 15 371
446 545076 R 623 125 2298 221 46 1075 113 104 382 154 104 248 13 44 537887 1194 134 246 46 6 13
447 530184 M 158 408 8 59 50 240 98 564 83 70 527129 5 14 172 201 366 65 246 237 3 8
448 528323 M 47 0 6 6 4 25 0 205 81 140 527395 1 7 143 14 35 74 135 3 0 2
449 482136 E 45 12 45 481387 10 149 7 4 79 2 7 18 232 28 10 20 4 41 0 0 36
450 500618 G 20 168 109 11 1 498778 25 18 6 283 0 218 100 22 218 424 111 39 1 65 1
451 553291 A 547258 73 249 197 601 1333 22 465 20 607 135 19 44 11 444 81 524 1116 82 5 5
452 544266 K 15 1 3 72 14 98 27 26 543428 11 6 173 39 13 244 12 21 45 1 5 12
453 515019 P 17 0 76 2 11 192 2 2 32 55 30 0 514197 66 87 125 64 49 4 8 0
454 535510 E 237 77 30 533430 4 113 24 5 85 158 5 0 13 22 37 55 120 1011 5 28 51
455 549275 E 73 40 60 541993 108 1307 637 37 266 2048 49 79 94 65 953 86 160 1132 14 31 43
456 558677 M 99 130 4 9 23 2228 14 186 619 154 552477 7 10 30 443 160 83 806 881 309 5
457 533830 S 45 33 71 0 45 229 23 7 1 318 0 172 116 45 18 532436 163 38 0 55 15
458 558120 F 3 6 0 11 557145 80 4 90 2 418 3 1 0 20 9 137 23 27 16 123 2
459 533800 Q 98 12 141 117 0 1734 329 16 152 422 242 4 420 525636 4310 25 30 36 2 0 74
460 488282 G 228 8 0 62 25 487455 4 0 36 18 33 20 30 0 253 27 11 52 17 1 2
461 468843 R 184 2 0 3 1 106 0 3 0 114 1 1 25 178 468090 8 1 1 122 0 3
462 415340 G 87 6 1 149 20 414656 4 2 0 2 0 0 58 3 110 35 70 38 0 24 75
463 404084 V 63 1 22 3 15 85 0 198 10 16 0 2 0 0 51 22 36 403554 1 2 3
464 428040 F 6 0 2 9 427601 13 0 25 0 165 0 2 0 10 0 100 17 45 0 45 0
465 492492 E 2 1 67 491963 0 225 0 1 103 0 0 0 1 19 34 3 0 14 5 0 54
466 418180 L 13 62 5 14 1653 20 142 462 7 409895 59 4 591 505 193 70 116 315 22 3957 75
467 440084 S 0 38 12 79 17 50 4 3 11 127 161 13 85 21 122 439093 63 106 14 5 60
468 482200 D 10 3 481825 54 2 126 8 2 0 2 0 90 0 2 1 5 14 26 2 27 1
469 559914 E 69 4 78 559032 3 197 1 8 207 22 9 32 5 58 37 29 9 53 1 5 55
470 598536 R 0 1 0 0 0 134 0 0 173 1 66 0 0 0 598056 50 25 0 29 1 0
471 581365 A 580801 8 4 65 0 89 2 0 0 3 0 1 21 2 5 50 130 177 0 1 6
472 594624 A 593706 1 10 86 1 41 0 1 0 4 1 1 27 2 2 210 299 232 0 0 0
473 642842 N 2 3 80 3 1 2 84 30 63 268 4 641775 27 46 127 126 159 6 5 27 4
474 628272 P 209 0 0 0 2 1 0 0 0 104 0 0 627039 84 670 57 93 2 10 0 1
475 597068 I 151 5 0 3 45 216 2 596229 4 6 59 56 0 1 18 18 91 135 0 29 0
476 543982 V 361 5 0 36 0 265 0 0 0 123 144 0 3 2 35 18 12 542978 0 0 0
477 535119 P 28 1 0 0 0 0 40 0 0 51 0 0 534869 0 16 57 56 0 0 0 1
478 513902 S 10 7 0 0 38 4 9 6 4 53 0 0 103 15 25 513550 22 0 1 55 0
479 565486 F 33 73 8 1 564335 145 125 19 0 341 0 0 22 2 146 49 126 22 5 30 4
480 568626 D 20 4 567036 73 99 200 55 0 432 124 2 181 46 8 36 41 96 98 5 70 0
481 492350 M 11 10 0 5 2 22 8 153 42 93 491586 1 0 2 178 1 60 165 5 5 1
482 610226 S 0 63 362 7 0 148 0 50 0 3 0 136 0 0 85 609329 39 3 0 0 1
483 683136 N 0 0 66 7 0 1 2 147 73 2 16 682720 2 2 0 67 5 0 0 21 5
484 606729 E 7 2 46 605459 13 270 1 1 94 2 2 0 133 30 3 34 6 523 35 2 66
485 547492 G 19 8 1 47 41 546238 0 0 2 1 6 3 3 20 478 9 0 52 493 0 71
486 556243 S 2 13 0 0 35 9 0 5 0 1 0 0 72 1 12 556008 32 0 0 53 0
487 556827 Y 0 59 1 0 23 0 114 5 0 0 0 9 0 0 1 2 0 0 0 556580 33
488 546320 F 0 2 0 0 546071 0 0 26 0 124 0 0 0 0 0 64 0 0 0 33 0
489 524312 F 0 3 0 0 524056 0 0 17 0 152 0 0 0 0 0 51 0 6 0 27 0
490 523643 G 20 0 0 39 0 523375 1 1 0 0 0 0 0 0 109 2 0 41 0 0 55
491 531749 D 7 4 531303 70 0 155 14 3 0 2 0 40 0 1 3 17 1 98 1 28 2
492 539705 N 1 0 82 0 0 0 6 38 84 0 3 539319 0 10 31 99 7 3 0 20 2
493 630850 A 629440 0 1 77 52 61 0 9 0 12 3 4 42 7 100 70 485 253 7 221 6
494 514297 E 129 0 77 513568 0 131 1 61 92 0 1 3 8 24 22 12 15 63 2 2 86
495 494666 E 18 1 65 491861 2 863 0 0 104 27 0 151 26 12 15 723 646 88 7 1 56
496 474010 Y 21 141 13 1 388 26 64 11 61 11 2 33 0 0 28 33 2 103 107 472887 78
497 438417 D 119 12 434674 215 126 1078 12 303 3 68 10 621 3 0 8 168 27 830 6 90 44
498 331769 N 301 18 44 11 51 1107 38 858 801 282 54 324233 27 29 1395 686 1213 365 14 180 62
