# amino-acid counts among definitively called codons
# POSITION TOTAL_COUNTS WT N_A N_C N_D N_E N_F N_G N_H N_I N_K N_L N_M N_N N_P N_Q N_R N_S N_T N_V N_W N_Y N_STOP
1 565317 M 0 0 0 0 0 0 4 153 59 27 564880 0 0 1 1 0 57 134 1 0 0
2 540049 A 539692 0 0 66 0 46 0 0 0 0 0 0 14 0 0 60 32 139 0 0 0
3 569050 S 2 17 0 0 43 0 0 0 0 0 0 0 69 0 0 568835 26 11 0 47 0
4 573881 Q 0 0 0 17 0 0 33 0 65 26 0 0 7 573541 122 0 1 2 0 0 67
5 524821 G 34 56 59 0 1 524555 1 0 0 0 0 0 0 0 13 51 0 51 0 0 0
6 470846 T 62 0 0 0 0 0 3 45 1 1 0 25 8 1 0 49 470651 0 0 0 0
7 471346 K 0 0 0 54 0 6 0 25 471105 0 0 45 1 7 74 0 7 1 0 0 21
8 413454 R 0 1 0 0 0 15 0 0 0 33 0 0 10 53 413256 0 2 2 82 0 0
9 428227 S 6 7 0 0 37 0 0 0 0 4 0 0 60 0 1 428059 21 8 0 24 0
10 473048 Y 0 170 5 0 20 0 87 0 0 7 14 8 0 0 1 4 0 0 0 472677 55
11 424714 E 0 0 29 424458 0 71 0 0 55 0 0 8 0 17 0 0 0 27 0 0 49
12 397177 Q 1 0 0 12 0 0 57 0 34 35 0 0 9 396842 129 1 0 0 0 2 55
13 480021 M 0 0 11 0 0 1 0 114 35 39 479696 0 0 0 5 0 54 66 0 0 0
14 470656 E 0 0 15 470418 0 79 0 0 45 0 0 0 0 10 0 1 3 29 1 0 55
15 441710 T 63 0 0 0 0 0 0 19 0 2 0 22 6 0 0 39 441559 0 0 0 0
16 491257 D 5 0 490967 45 0 78 19 0 0 1 1 41 1 0 0 0 0 46 1 46 6
17 485276 G 11 0 0 44 0 485030 0 0 1 3 1 0 0 0 59 0 0 59 68 0 0
18 477287 E 4 0 21 476996 0 119 0 0 67 1 1 2 1 25 1 0 0 17 0 0 32
19 482006 R 2 89 0 0 0 14 133 0 0 61 0 1 36 2 481628 39 0 1 0 0 0
20 492623 Q 1 0 0 15 0 0 97 0 42 36 0 0 15 492124 247 1 0 0 0 0 45
21 472735 N 0 1 59 3 0 15 1 32 16 1 0 472453 0 0 1 124 2 2 0 25 0
22 480526 A 480113 1 1 49 0 25 0 0 0 2 0 5 29 4 1 65 90 135 1 0 5
23 507200 T 129 0 0 1 0 0 0 25 0 2 0 31 1 0 0 48 506961 1 0 0 1
24 482283 E 7 0 59 481941 0 120 0 0 59 0 0 0 0 10 3 0 0 32 0 0 52
25 424824 I 0 1 2 0 26 0 0 424657 0 4 12 32 0 0 0 1 42 47 0 0 0
26 459357 R 0 0 0 3 0 255 0 59 33 5 1 0 0 0 458914 28 12 0 0 0 47
27 438505 A 438199 0 1 58 0 18 0 0 0 0 0 0 10 0 0 54 45 120 0 0 0
28 475323 S 1 14 0 0 23 0 0 2 0 0 0 0 57 1 0 475126 41 0 0 58 0
29 463926 V 50 0 20 0 31 3 0 75 0 5 0 0 0 1 2 1 0 463738 0 0 0
30 482764 G 18 0 0 55 0 482447 0 0 0 0 0 0 0 1 113 1 0 69 60 0 0
31 483176 K 0 0 0 69 0 5 0 0 482829 0 22 49 0 1 169 0 3 0 0 0 29
32 476373 M 0 0 1 0 0 1 0 91 28 27 476111 0 0 0 3 1 52 56 0 0 2
33 482912 I 0 0 2 0 34 0 1 482696 0 4 8 32 0 0 1 3 57 74 0 0 0
34 479577 D 0 1 479274 37 0 92 24 0 1 0 4 55 0 0 1 0 1 39 0 48 0
35 438521 G 15 0 0 31 0 438284 0 0 0 1 0 0 1 1 68 0 1 66 1 0 52
36 467348 I 0 1 0 1 12 0 0 467137 0 5 7 26 0 2 0 4 42 111 0 0 0
37 443468 G 12 0 2 39 0 443267 0 0 0 1 0 0 0 0 77 0 0 39 2 0 29
38 408691 R 0 0 0 0 0 17 0 0 0 35 0 0 15 49 408471 0 0 0 0 0 104
39 462454 F 1 0 0 0 462215 0 0 28 0 128 1 0 0 0 0 46 1 0 0 34 0
40 448813 Y 0 129 6 0 34 0 116 0 0 3 0 25 0 0 0 4 5 0 0 448425 66
41 409259 I 0 1 0 0 23 0 2 409087 0 3 11 28 0 0 0 0 59 45 0 0 0
42 405748 Q 0 0 0 12 0 0 6 0 73 27 0 0 7 405537 53 2 0 0 0 0 31
43 394382 M 0 2 0 0 0 0 0 101 14 23 394139 1 0 0 3 0 35 64 0 0 0
44 433504 C 0 433148 0 0 65 9 0 0 0 0 0 1 0 0 59 71 0 1 30 68 52
45 422800 T 56 0 0 0 0 0 0 33 0 0 0 33 3 0 0 59 422616 0 0 0 0
46 461248 E 0 1 28 461044 0 36 0 0 61 0 0 0 0 11 1 0 0 16 0 0 50
47 547047 L 0 0 1 0 39 0 20 32 0 546844 0 0 79 0 7 0 13 10 0 0 2
48 552190 K 0 0 0 117 0 33 0 13 551796 0 1 59 0 6 102 1 4 0 0 0 58
49 547195 L 1 0 0 0 31 0 29 30 0 547008 0 0 76 3 2 1 2 12 0 0 0
50 545319 S 1 34 0 0 0 259 0 31 0 0 0 29 1 1 69 544886 8 0 0 0 0
51 606051 D 3 0 605772 52 0 67 20 4 0 0 0 50 0 0 0 0 0 27 0 54 2
52 648224 Y 0 319 1 0 27 0 77 6 0 4 14 11 0 1 0 4 1 0 0 647682 77
53 617273 E 11 0 123 616720 0 202 0 0 69 1 0 0 0 13 3 0 0 47 2 0 82
54 548967 G 22 0 0 57 0 548701 0 0 0 1 0 0 1 0 74 0 0 38 73 0 0
55 520191 R 0 0 3 0 0 45 0 0 0 69 0 0 21 80 519830 0 0 0 0 0 143
56 515245 L 0 0 0 0 0 0 0 0 0 515060 29 0 105 28 3 0 0 20 0 0 0
57 550854 I 0 0 1 0 34 0 0 550627 0 7 20 42 0 0 0 1 70 52 0 0 0
58 532384 Q 0 0 0 28 0 0 66 0 67 23 0 0 7 532026 122 1 0 0 0 0 44
59 511200 N 0 0 47 0 0 3 1 34 69 0 0 510862 1 1 0 141 6 0 0 34 1
60 402035 S 1 5 0 0 0 69 0 59 0 4 0 31 0 0 58 401786 22 0 0 0 0
61 401104 L 0 0 0 0 33 0 0 22 0 400933 0 0 11 0 0 73 0 2 0 0 30
62 374090 T 111 1 0 0 0 0 0 44 29 0 0 10 3 3 11 24 373851 1 0 0 2
63 397172 I 0 1 0 2 0 0 0 396674 23 31 261 3 0 3 6 0 40 125 0 0 3
64 411940 E 0 0 46 411703 0 75 0 0 22 0 0 0 0 11 1 0 2 16 1 0 63
65 397206 R 0 0 0 1 0 103 0 30 52 2 0 2 0 3 396937 27 20 0 0 0 29
66 417312 M 0 0 0 9 0 1 0 92 30 33 416956 0 0 1 3 1 50 136 0 0 0
67 400892 V 81 2 0 47 0 7 0 4 0 57 51 0 0 0 1 0 0 400642 0 0 0
68 431008 L 1 2 0 0 24 0 23 43 0 430829 0 0 60 0 5 1 0 20 0 0 0
69 449062 S 1 16 1 0 32 0 0 0 0 1 0 0 75 0 0 448876 26 0 0 34 0
70 473686 A 473406 9 52 0 2 15 0 0 0 10 0 0 25 0 0 50 83 34 0 0 0
71 455294 F 4 2 0 0 455027 0 0 10 0 159 0 0 2 0 0 51 0 3 0 13 23
72 453249 D 2 0 452969 49 0 91 13 0 0 0 0 47 0 0 0 0 14 26 0 36 2
73 421457 E 3 0 15 421227 0 45 0 0 70 2 1 0 0 20 1 0 1 29 0 0 43
74 430548 R 0 0 1 1 0 197 0 46 31 0 0 0 0 0 430209 30 12 0 0 0 21
75 439172 R 0 0 0 1 0 157 0 0 40 0 52 0 0 0 438825 61 16 0 20 0 0
76 469108 N 0 0 62 12 0 4 1 38 48 0 0 468780 0 0 0 126 3 1 0 33 0
77 467913 K 0 0 0 274 0 52 0 25 467405 1 0 44 0 1 78 0 6 1 0 0 26
78 358771 Y 0 131 2 0 24 0 46 5 0 1 0 20 1 0 0 5 0 0 0 358509 27
79 350602 L 0 0 0 0 0 2 0 0 0 350464 27 0 70 19 2 2 0 16 0 0 0
80 324554 E 2 0 19 324366 0 73 0 0 31 1 0 1 0 10 0 0 0 20 0 0 31
81 302597 E 2 0 26 302450 0 40 0 1 32 0 0 0 0 6 1 0 0 18 0 0 21
82 341176 H 0 0 12 0 0 0 341016 1 0 8 0 24 2 24 34 0 7 1 0 47 0
83 456152 P 9 0 0 0 0 0 51 3 0 41 0 0 455917 4 18 62 47 0 0 0 0
84 455505 S 3 3 0 0 0 114 0 46 1 1 0 42 4 5 112 455170 4 0 0 0 0
85 481436 A 481106 1 1 53 0 24 0 1 0 0 0 0 25 7 33 65 66 54 0 0 0
86 528818 G 19 0 0 51 0 528525 0 0 0 0 0 0 0 0 73 0 0 65 85 0 0
87 553311 K 0 0 0 193 0 4 0 0 552676 0 25 176 0 4 196 0 4 0 0 0 33
88 564353 D 2 0 564113 33 0 51 18 17 0 0 0 47 0 0 0 0 0 29 0 43 0
89 514652 P 20 0 0 1 0 0 62 0 0 41 0 0 514426 0 17 30 52 1 1 0 1
90 517113 K 0 0 0 86 0 104 0 0 516514 1 17 38 1 2 337 0 4 0 0 0 9
91 478904 K 0 0 0 60 0 0 0 7 478639 0 0 12 0 2 172 0 1 0 1 0 10
92 439787 T 155 0 0 0 0 0 0 24 0 3 0 30 20 0 0 38 439517 0 0 0 0
93 436411 G 16 0 0 43 0 436155 0 0 0 0 0 0 0 0 70 0 1 63 2 0 61
94 412939 G 19 0 1 36 0 412741 0 0 0 2 0 0 0 2 48 0 0 35 0 0 55
95 444259 P 13 0 1 0 1 1 55 0 0 31 0 0 444073 1 12 33 38 0 0 0 0
96 500103 I 0 0 0 0 0 0 5 499856 27 47 66 0 5 0 0 0 56 35 0 6 0
97 535083 Y 0 72 2 0 50 0 69 14 1 1 1 43 0 5 0 9 1 0 0 534756 59
98 469722 K 0 0 0 112 0 5 0 0 469243 1 33 65 0 9 199 0 21 0 0 0 34
99 357684 R 0 0 0 2 1 60 0 44 17 2 1 0 0 0 357494 29 12 0 0 0 22
100 351093 V 41 0 0 37 0 1 0 36 0 44 0 0 0 1 0 0 0 350932 0 0 1
101 408608 D 3 2 408420 32 0 43 14 0 0 0 0 33 0 0 0 0 0 18 0 41 2
102 417455 R 0 0 1 0 0 252 0 39 26 0 0 1 0 2 417079 18 13 0 0 0 24
103 437052 K 0 0 0 160 0 59 0 0 436638 0 13 34 1 2 118 0 6 0 0 0 21
104 446899 W 0 65 0 0 0 3 0 0 0 34 0 0 0 0 95 18 0 5 446611 0 68
105 459797 M 0 0 2 0 0 0 0 104 43 37 459497 0 0 0 4 0 50 60 0 0 0
106 479405 R 0 0 0 1 0 144 0 0 61 0 70 0 0 1 479016 70 4 0 38 0 0
107 474559 E 3 0 34 474095 0 61 1 0 251 0 0 1 0 28 1 0 0 23 0 0 61
108 474886 L 0 0 1 0 31 0 29 37 0 474724 0 0 49 0 2 1 0 12 0 0 0
109 455973 V 69 0 32 0 11 1 0 88 0 13 0 0 0 0 2 3 0 455754 0 0 0
110 484322 L 2 0 0 1 44 0 15 31 0 484088 0 0 117 0 6 1 1 16 0 0 0
111 457926 Y 0 121 0 0 31 0 93 0 0 11 24 4 0 0 1 0 0 0 0 457591 50
112 403242 D 2 0 402926 55 0 72 19 0 0 1 0 46 0 0 1 1 0 63 0 47 9
113 371353 K 0 0 0 50 0 29 0 27 371075 1 0 24 0 12 117 0 2 0 0 0 16
114 435957 E 2 0 23 435764 0 61 0 1 40 0 0 0 0 11 3 0 0 20 0 0 32
115 484617 E 0 0 22 484368 0 51 0 0 89 0 0 0 0 10 7 0 1 27 0 0 42
116 508842 I 0 0 0 0 0 0 0 508282 37 25 288 13 0 1 4 1 67 103 0 18 3
117 483644 R 0 0 0 0 1 356 0 1 30 2 52 0 0 0 483109 52 14 0 24 2 1
118 466458 R 0 0 0 1 0 34 0 0 0 63 0 0 17 70 466203 0 0 0 0 0 70
119 498965 I 0 0 0 0 5 0 0 498783 0 1 16 32 0 0 0 2 54 72 0 0 0
120 469372 W 0 43 0 0 0 8 0 0 0 50 0 0 0 1 100 11 0 0 469071 0 88
121 482273 R 2 115 0 0 0 27 111 0 0 45 0 0 37 0 481872 62 0 1 0 0 1
122 457123 Q 0 0 1 11 0 0 16 0 30 22 0 0 1 456893 87 0 0 2 0 0 60
123 532004 A 531704 0 50 0 0 22 0 0 0 2 0 0 13 0 0 55 85 72 0 0 1
124 593381 N 0 0 86 0 0 2 8 43 65 0 0 593066 1 12 1 76 4 0 0 17 0
125 576925 N 0 0 253 0 0 88 1 37 45 0 3 576337 0 0 0 121 5 0 1 27 7
126 457272 G 14 59 42 0 0 457050 0 2 0 1 0 0 0 0 11 38 0 55 0 0 0
127 454331 D 2 0 454082 52 0 68 13 0 0 0 0 33 0 0 1 2 1 37 0 40 0
128 442684 D 2 0 442417 48 0 68 11 0 0 1 1 51 0 0 0 0 1 35 0 49 0
129 452884 A 452575 0 0 45 0 32 0 1 0 1 0 0 13 0 1 51 62 99 0 0 4
130 408072 T 113 0 0 0 0 0 0 38 38 0 0 0 0 7 17 17 407841 1 0 0 0
131 384121 A 383959 0 36 0 0 11 0 0 0 0 0 0 11 1 0 49 36 18 0 0 0
132 468675 G 25 50 46 1 0 468416 0 0 0 0 0 0 0 0 19 47 0 70 0 1 0
133 494277 L 0 0 1 0 0 0 1 1 0 494054 46 0 128 16 8 2 0 20 0 0 0
134 584152 T 78 0 5 0 0 0 0 53 0 1 0 36 7 0 0 80 583889 0 0 1 2
135 614809 H 0 0 27 0 0 0 614379 2 0 73 0 74 7 55 102 5 4 0 0 81 0
136 649922 M 0 0 0 0 1 0 5 135 44 33 649444 0 0 2 7 0 113 137 0 0 1
137 665039 M 0 0 0 0 0 0 0 144 49 33 664591 1 0 0 3 1 77 140 0 0 0
138 593503 I 0 0 2 0 32 0 1 593281 0 2 19 33 0 0 0 1 60 71 0 0 1
139 567264 W 0 111 0 0 0 8 0 0 0 47 0 0 0 0 181 32 0 0 566722 1 162
140 543080 H 1 0 37 0 0 0 542728 2 0 27 0 80 0 23 72 0 0 0 0 110 0
141 541084 S 3 23 0 0 50 0 0 0 0 1 0 0 79 0 1 540832 25 0 0 70 0
142 538263 N 0 0 73 0 0 6 2 24 23 0 0 538010 0 1 0 107 2 0 0 15 0
143 527469 L 0 0 0 0 95 0 0 0 0 527256 23 0 3 1 2 57 0 3 3 0 26
144 505452 N 0 0 93 0 0 7 5 17 35 0 1 505134 0 0 0 103 3 1 0 53 0
145 489407 D 1 0 489160 26 0 59 13 0 0 0 2 46 0 0 0 0 0 41 0 57 2
146 474598 T 233 0 0 0 0 0 0 75 30 1 0 5 0 0 21 31 474200 0 0 0 2
147 598983 T 166 0 0 1 0 0 10 45 51 0 0 3 4 4 20 54 598621 0 0 4 0
148 533934 Y 0 121 2 0 46 0 84 9 0 1 0 30 0 1 0 4 4 0 0 533571 61
149 526813 Q 0 0 0 17 0 0 70 0 59 36 0 0 17 526369 181 0 7 0 0 0 57
150 486721 R 0 0 1 1 0 82 1 1 65 1 59 0 0 0 486416 49 17 0 27 1 0
151 518369 T 101 0 1 2 0 1 0 67 23 0 0 1 4 0 18 67 518084 0 0 0 0
152 535050 R 0 0 0 0 0 473 0 39 48 0 1 0 0 3 534414 14 16 1 0 0 41
153 576195 A 575930 0 54 2 1 25 0 0 0 1 0 0 23 1 0 83 50 25 0 0 0
154 611219 L 1 0 1 0 38 0 41 55 0 610946 0 0 114 0 6 6 0 11 0 0 0
155 618860 V 73 1 53 1 32 7 0 53 0 19 0 0 1 0 0 1 0 618619 0 0 0
156 626267 R 0 140 0 0 4 20 222 0 0 107 0 0 41 0 625662 68 2 1 0 0 0
157 629318 T 148 0 0 0 0 0 1 88 1 1 0 23 12 0 1 68 628974 0 1 0 0
158 639453 G 41 42 195 0 0 638888 0 0 0 1 1 1 0 0 17 192 0 75 0 0 0
159 658253 M 0 1 0 0 0 0 1 186 32 33 657761 0 0 1 4 0 76 155 3 0 0
160 748580 D 1 1 748141 59 0 103 19 6 0 0 0 66 1 1 0 0 0 34 0 148 0
161 663719 P 22 0 1 0 0 0 74 3 0 53 0 0 663406 3 18 71 68 0 0 0 0
162 627246 R 0 0 1 1 0 363 0 0 41 1 68 0 0 3 626668 71 10 0 19 0 0
163 567798 M 0 0 0 0 0 3 0 160 22 57 567385 0 0 0 2 1 61 107 0 0 0
164 554915 C 2 554467 0 0 60 6 0 0 0 0 0 1 0 0 58 81 0 0 35 149 56
165 528692 S 8 21 0 1 34 0 0 0 0 2 0 0 81 0 0 528471 23 0 0 50 1
166 528055 L 0 0 1 0 0 0 0 3 0 527794 56 0 140 43 4 0 0 14 0 0 0
167 516034 M 0 1 0 0 0 0 0 227 38 37 515590 0 0 0 3 1 69 67 0 0 1
168 486097 Q 1 0 0 32 0 1 71 0 68 20 0 0 8 485634 179 0 0 0 1 0 82
169 448780 G 14 23 41 0 0 448629 0 0 0 0 0 0 0 0 4 34 0 35 0 0 0
170 479212 S 1 1 0 0 0 0 0 0 0 94 0 0 32 1 0 478987 35 0 11 0 50
171 471015 T 87 0 2 0 0 0 0 24 0 0 0 25 2 2 0 69 470804 0 0 0 0
172 504589 L 0 0 0 0 27 0 45 39 0 504345 0 0 114 0 2 8 0 9 0 0 0
173 644827 P 15 0 0 0 0 0 66 0 0 73 0 0 644517 2 16 64 70 0 0 0 4
174 642423 R 1 0 0 1 0 570 0 0 38 1 60 0 0 1 641604 76 28 1 34 0 8
175 492940 R 0 0 0 4 0 133 0 1 27 3 26 0 0 0 492667 44 6 0 29 0 0
176 532092 S 10 14 0 0 42 1 0 0 0 0 0 0 70 1 0 531882 26 2 0 44 0
177 553931 G 11 0 0 46 0 553672 0 0 0 1 0 0 0 1 75 1 1 56 0 0 67
178 536679 A 536450 1 47 0 0 13 1 0 0 0 0 0 18 0 0 59 43 47 0 0 0
179 556241 A 555680 1 0 73 0 27 0 0 0 0 0 1 29 1 0 76 266 86 0 0 1
180 572924 G 20 56 46 0 0 572694 0 0 0 1 0 0 0 0 17 48 1 41 0 0 0
181 576440 A 576097 2 58 0 0 14 0 0 0 1 1 1 26 0 0 80 119 41 0 0 0
182 597487 A 596802 2 0 65 0 21 0 0 0 0 0 0 21 0 2 76 259 239 0 0 0
183 665105 V 81 0 55 0 48 1 0 55 1 20 0 1 0 0 0 8 0 664835 0 0 0
184 682769 K 1 0 0 131 0 149 0 39 681928 0 0 106 0 31 334 0 5 0 0 0 45
185 591478 G 15 0 0 56 1 591239 0 0 0 0 0 0 0 1 60 0 0 48 0 0 58
186 593022 V 89 2 31 1 35 4 0 38 0 22 0 0 0 0 0 9 0 592791 0 0 0
187 589431 G 20 1 2 62 0 589141 0 0 0 3 0 1 1 1 75 0 0 59 65 0 0
188 491628 T 81 0 1 3 0 1 0 52 43 2 0 0 1 11 16 64 491352 0 1 0 0
189 421857 M 0 0 1 0 0 0 0 109 18 24 421549 1 0 0 5 0 32 112 6 0 0
190 409773 V 76 0 1 34 0 9 0 0 0 44 39 0 0 1 0 0 0 409568 0 0 1
191 397010 M 0 0 2 0 0 0 0 94 36 39 396726 0 0 0 2 0 51 59 1 0 0
192 365784 E 0 0 30 365568 0 66 1 0 28 1 0 0 0 13 1 0 0 31 0 0 45
193 452563 L 0 1 0 1 37 0 0 0 0 452373 30 0 3 0 2 89 0 9 7 0 11
194 550545 I 0 0 9 4 0 0 0 549898 18 57 368 0 0 0 5 0 92 89 0 0 5
195 518945 R 0 0 0 0 0 472 0 0 39 1 100 1 0 0 518222 71 17 0 22 0 0
196 536153 M 0 0 1 1 0 0 0 138 32 58 535796 0 0 0 6 0 56 64 0 0 1
197 574960 I 0 0 3 0 53 0 0 574626 3 0 22 68 1 0 0 4 70 110 0 0 0
198 544227 K 0 0 0 96 0 24 0 9 543934 1 1 44 0 6 99 0 4 0 0 0 9
199 512092 R 0 52 0 0 0 8 82 0 0 65 0 0 24 0 511832 27 0 2 0 0 0
200 504707 G 16 0 0 42 0 504436 0 0 1 1 0 0 0 0 64 0 1 79 67 0 0
201 499377 I 0 0 3 1 51 0 0 499119 0 8 14 22 0 0 0 4 82 73 0 0 0
202 509213 N 0 0 117 0 0 11 4 22 45 0 4 508902 0 1 1 80 2 0 0 24 0
203 477532 D 5 0 477280 39 0 62 17 0 0 0 0 41 0 0 0 0 0 46 0 42 0
204 495212 R 0 0 0 0 0 12 0 0 0 69 0 0 13 69 494958 2 0 0 89 0 0
205 513065 N 0 0 58 1 0 0 2 19 31 0 0 512850 0 0 0 84 4 0 0 16 0
206 626497 F 0 1 1 0 626150 0 0 17 0 220 0 0 11 0 0 72 4 2 0 19 0
207 644049 W 0 98 0 9 1 17 0 2 0 90 0 0 0 0 191 27 0 0 643502 0 112
208 469641 R 0 0 0 1 1 134 0 39 22 0 1 0 0 2 469329 50 14 0 0 0 48
209 496223 G 17 46 40 1 0 496031 0 0 0 0 0 0 0 1 8 46 0 31 0 0 2
210 527955 E 3 0 25 527661 0 69 0 0 67 0 0 0 0 17 0 0 0 36 0 0 77
211 512351 N 0 0 128 0 0 19 3 38 26 0 15 512034 0 0 1 69 3 0 0 15 0
212 477677 G 14 0 1 28 0 477442 0 1 0 2 0 0 0 0 77 0 1 47 0 0 64
213 469244 R 0 0 1 0 0 26 0 0 0 34 0 0 20 74 468991 0 3 1 0 0 94
214 462190 K 0 0 0 90 0 15 0 7 461975 0 1 8 0 0 84 0 0 0 0 0 10
215 460814 T 66 0 0 0 0 0 0 35 19 0 0 7 22 24 5 31 460605 0 0 0 0
216 437670 R 0 0 0 0 0 201 1 0 23 1 51 0 0 0 437286 66 10 0 31 0 0
217 402212 S 0 34 0 3 0 57 0 17 0 0 0 37 0 1 48 402006 9 0 0 0 0
218 416798 A 416603 1 49 0 0 23 0 0 0 0 0 0 11 0 0 35 47 29 0 0 0
219 408090 Y 0 150 4 0 18 0 78 0 0 0 0 7 0 0 1 2 16 0 0 407767 47
220 405195 E 3 0 44 404937 1 65 0 0 61 0 0 0 0 18 1 0 4 31 0 0 30
221 353928 R 0 0 0 1 0 75 0 34 41 4 0 4 0 1 353726 16 10 0 0 0 16
222 307159 M 0 0 0 1 0 0 0 86 17 14 306936 1 0 0 1 0 43 60 0 0 0
223 386005 C 2 385661 0 0 72 9 0 0 0 3 0 0 0 0 76 60 2 5 37 49 29
224 402894 N 0 0 68 0 0 8 6 55 44 0 0 402609 0 0 1 74 4 0 0 25 0
225 425413 I 0 0 0 0 26 0 0 425236 0 3 2 18 0 0 0 4 81 43 0 0 0
226 445180 L 0 0 0 0 34 0 43 41 0 444965 0 0 80 0 3 7 0 7 0 0 0
227 458873 K 0 0 0 71 0 14 0 22 458632 0 0 26 0 6 77 2 1 0 0 0 22
228 469169 G 18 1 2 33 0 468972 0 0 0 0 0 0 0 0 60 0 0 43 0 0 40
229 478520 K 0 0 0 82 0 8 0 18 478245 0 0 55 0 0 88 0 3 0 0 0 21
230 501530 F 0 3 0 0 501313 0 0 35 0 98 0 0 5 0 0 64 0 2 0 10 0
231 477963 Q 0 0 0 20 0 0 13 0 58 25 0 0 1 477655 141 6 0 0 0 0 44
232 457980 T 82 0 0 0 0 0 0 41 35 0 0 1 20 1 19 12 457769 0 0 0 0
233 457435 A 457223 0 48 0 0 21 0 0 0 0 0 0 27 0 0 44 29 43 0 0 0
234 405748 A 405389 2 0 57 0 24 1 0 0 1 0 0 20 1 0 52 153 47 0 0 1
235 399971 Q 0 0 0 6 0 0 33 0 35 11 0 0 4 399749 78 0 11 2 0 0 42
236 393347 R 0 0 0 0 0 199 0 0 40 0 42 0 0 0 393008 36 7 0 15 0 0
237 386333 A 386065 0 1 21 0 38 0 0 0 0 0 0 26 11 0 41 40 90 0 0 0
238 404420 M 1 0 0 1 0 0 0 110 36 17 404132 2 0 3 4 0 44 62 0 0 8
239 353455 M 0 0 3 1 0 0 0 131 22 31 353175 0 0 1 0 0 41 50 0 0 0
240 421229 D 3 0 420982 39 0 68 6 0 0 0 0 32 0 0 0 1 0 34 0 64 0
241 399322 Q 0 0 0 14 0 0 18 0 36 25 0 0 5 399085 97 1 0 0 0 0 41
242 455177 V 59 0 1 48 0 4 0 0 0 39 28 0 1 0 0 2 2 454992 0 0 1
243 453551 R 0 0 0 2 0 145 0 37 31 0 0 0 0 0 453239 41 16 0 0 0 40
244 442052 E 3 0 22 441806 0 84 0 0 62 0 0 0 0 17 1 0 0 15 0 0 42
245 463763 S 1 9 0 0 0 217 0 22 0 0 0 27 0 0 45 463428 10 4 0 0 0
246 450371 R 0 0 0 0 0 17 1 0 2 57 0 0 15 73 450137 2 0 0 67 0 0
247 453230 N 0 0 48 2 0 1 4 13 36 0 0 453007 0 0 0 94 11 0 0 14 0
248 454504 P 13 0 0 0 0 0 0 0 0 46 0 1 454320 59 17 17 31 0 0 0 0
249 458692 G 23 0 0 37 0 458504 0 0 0 0 0 0 1 0 50 0 0 28 0 0 49
250 430382 N 0 1 72 2 0 8 2 18 30 0 10 430156 0 0 0 63 1 0 0 19 0
251 452484 A 452187 1 71 1 0 24 0 0 0 7 3 1 21 0 1 61 54 51 0 0 1
252 430705 E 6 1 46 430372 0 117 0 0 71 1 0 0 0 12 4 0 0 24 0 0 51
253 453314 I 0 0 4 0 37 0 0 453111 0 1 12 30 0 0 0 2 43 74 0 0 0
254 437394 E 1 0 23 437085 1 77 0 0 92 1 1 0 0 20 1 0 0 42 0 0 50
255 443284 D 1 0 443081 37 0 58 9 1 0 0 1 26 0 0 0 2 0 40 0 28 0
256 424093 L 0 0 1 0 29 0 48 22 0 423894 0 0 75 1 6 2 0 15 0 0 0
257 427816 I 0 0 0 0 14 0 0 427592 0 6 14 32 0 0 0 3 54 101 0 0 0
258 395154 F 0 1 0 0 394998 0 0 13 0 86 0 0 6 0 0 41 0 1 0 8 0
259 393165 L 0 0 0 0 0 0 0 0 0 393017 42 0 56 32 2 1 0 14 1 0 0
260 401560 A 401242 0 1 54 0 24 0 0 1 0 0 0 24 0 0 49 86 79 0 0 0
261 357035 R 0 0 0 0 0 10 0 0 0 26 0 0 5 50 356868 0 0 0 75 0 1
262 448750 S 1 11 0 0 33 0 1 0 0 0 0 0 50 0 0 448596 25 1 0 32 0
263 442150 A 441790 0 2 65 0 28 0 0 0 0 0 1 32 3 1 64 96 68 0 0 0
264 393955 L 0 1 0 0 31 0 19 28 0 393791 0 0 66 0 2 0 3 13 0 1 0
265 415853 I 0 0 0 0 0 0 2 415560 18 26 108 3 0 0 1 4 80 49 0 2 0
266 431438 L 0 0 0 9 54 0 0 3 0 431245 32 0 1 0 0 68 1 1 4 2 18
267 407199 R 0 0 0 1 0 107 0 48 25 3 0 0 0 1 406950 25 8 0 0 0 31
268 443652 G 10 1 0 22 0 443454 0 0 0 1 0 0 1 0 82 0 0 36 45 0 0
269 459458 S 5 0 0 0 0 0 0 0 0 59 0 0 42 0 0 459224 52 6 0 0 70
270 466650 V 53 0 27 0 31 1 0 29 0 12 0 0 0 0 0 5 0 466492 0 0 0
271 449241 A 449002 0 34 1 0 22 0 0 0 1 0 0 36 0 0 51 56 38 0 0 0
272 448463 H 0 0 10 0 0 0 448177 0 1 58 0 52 7 47 69 2 0 0 0 40 0
273 450646 K 0 0 0 68 0 38 0 23 450298 0 0 36 0 6 167 0 0 0 0 0 10
274 429698 S 1 5 0 0 29 0 1 1 0 15 0 0 45 0 0 429557 23 0 0 21 0
275 393304 C 0 393104 0 0 30 3 0 0 0 6 0 0 0 0 36 14 0 7 6 39 59
276 314952 L 0 3 0 0 1 0 0 0 0 314858 35 0 18 29 1 0 0 7 0 0 0
277 259598 P 32 0 0 0 0 0 53 0 0 69 0 0 259283 0 19 106 34 2 0 0 0
278 236261 A 235982 0 27 0 1 13 0 0 0 0 0 0 40 0 0 54 106 38 0 0 0
279 208574 C 0 208269 1 0 38 11 0 0 0 1 0 0 1 0 169 12 0 2 5 37 28
280 192062 V 24 0 0 16 0 4 0 0 0 30 15 0 0 0 2 0 0 191971 0 0 0
281 127956 Y 0 86 1 0 12 1 28 0 0 0 0 8 0 0 0 3 0 0 8 127800 9
282 107325 G 4 0 4 21 0 107237 0 0 2 0 1 0 0 0 24 0 2 15 0 0 15
283 139939 P 5 0 0 0 0 2 20 0 0 21 0 0 139838 2 7 31 13 0 0 0 0
284 291860 A 291565 0 32 0 0 12 0 0 0 0 0 0 20 0 0 53 121 57 0 0 0
285 295291 V 90 0 0 22 0 0 1 69 0 39 1 0 0 0 0 0 0 295068 0 0 1
286 342781 A 342634 0 38 0 0 1 0 0 0 0 0 0 10 0 0 31 37 30 0 0 0
287 428960 S 0 33 0 0 0 64 0 41 0 0 0 30 2 7 47 428711 24 1 0 0 0
288 470621 G 12 40 35 0 0 470422 0 0 0 0 0 0 0 0 10 62 0 40 0 0 0
289 472309 Y 0 174 1 0 33 1 147 0 0 0 0 17 0 0 0 2 1 0 0 471893 40
290 514030 D 3 0 513811 42 0 46 10 0 0 0 0 66 0 0 0 0 0 30 0 22 0
291 511561 F 0 0 0 0 511285 0 0 11 0 170 0 0 2 0 0 55 0 2 0 36 0
292 518477 E 1 0 9 518196 0 77 0 0 95 0 0 0 0 8 13 1 0 26 0 0 51
293 513886 K 0 0 1 107 0 45 0 15 513598 0 0 18 0 1 88 0 2 1 0 2 8
294 506754 E 5 0 70 506429 0 107 0 0 31 0 0 0 0 15 10 0 0 46 0 0 41
295 486921 G 18 0 0 65 0 486619 0 2 5 0 0 0 0 0 62 0 0 81 0 0 69
296 425682 Y 0 102 5 0 26 0 66 1 0 0 0 40 1 0 0 2 0 0 0 425387 52
297 391932 S 2 11 0 0 24 0 0 0 1 7 0 0 65 0 0 391725 53 0 0 44 0
298 381641 L 0 0 0 0 22 0 0 11 0 381498 0 0 9 0 0 61 0 1 0 0 39
299 427096 V 45 0 2 48 1 5 0 0 0 51 27 0 0 1 3 13 2 426881 14 0 3
300 320700 G 13 0 0 59 0 320491 0 0 0 1 0 0 0 0 38 1 0 44 1 0 52
301 542418 I 0 0 0 8 1 0 0 541937 31 39 214 10 0 1 3 0 82 83 0 0 9
302 538542 D 6 1 538213 77 9 48 17 0 1 0 0 45 0 0 9 1 10 41 0 64 0
303 533080 P 18 0 0 3 0 0 54 0 0 66 0 1 532839 0 12 33 54 0 0 0 0
304 616533 F 0 5 0 0 616122 0 0 30 0 213 0 0 11 0 0 107 0 4 0 40 1
305 615016 K 0 0 0 116 0 24 0 33 614629 0 0 77 0 19 105 1 3 0 0 0 9
306 610947 L 0 2 0 0 0 0 0 0 0 610769 40 0 104 17 7 0 1 7 0 0 0
307 628399 L 9 0 0 0 41 0 21 43 0 628151 0 0 112 0 7 0 0 15 0 0 0
308 632195 Q 0 0 0 28 2 0 23 0 56 24 0 0 5 631843 134 10 0 0 0 0 70
309 626867 N 0 0 144 0 0 29 1 21 61 0 0 626472 0 0 0 105 21 0 0 13 0
310 612962 S 2 21 0 0 0 89 0 71 0 0 0 94 0 0 119 612532 34 0 0 0 0
311 657618 Q 0 0 0 24 0 0 23 0 59 43 0 0 6 657312 91 0 0 0 0 1 59
312 713990 V 78 0 1 50 0 2 0 68 1 65 0 0 0 0 0 0 1 713721 0 3 0
313 661504 Y 0 201 0 0 59 0 81 2 0 0 0 34 0 3 0 5 0 0 0 661023 96
314 652843 S 2 23 0 0 0 153 0 94 1 0 0 49 1 0 125 652363 32 0 0 0 0
315 630774 L 0 1 0 0 0 0 0 48 0 630451 1 0 217 34 4 0 0 17 0 0 1
316 686802 I 0 0 0 0 34 0 0 686328 0 1 24 54 0 0 0 6 71 283 0 1 0
317 613605 R 0 0 1 0 0 266 0 41 61 2 1 1 0 0 613163 38 16 0 0 0 15
318 602867 P 24 0 0 0 0 0 0 0 0 75 0 0 602582 75 16 48 46 0 1 0 0
319 615253 N 0 0 50 0 0 3 4 33 44 0 0 614815 0 0 0 269 3 0 0 32 0
320 636942 E 1 0 74 636568 0 90 0 0 93 0 0 0 0 12 4 0 0 44 0 0 56
321 660617 N 0 0 69 3 0 8 1 23 60 0 0 660297 0 1 0 137 0 0 0 18 0
322 670966 P 21 0 0 1 0 0 0 1 0 74 0 0 670672 81 21 46 49 0 0 0 0
323 682013 A 681587 0 1 94 0 47 1 1 0 0 0 0 34 1 1 64 84 98 0 0 0
324 727868 H 1 0 20 0 0 0 727416 0 0 97 0 64 9 67 109 1 6 0 0 77 1
325 730169 K 0 0 0 181 0 55 0 2 729438 0 37 71 0 8 336 0 16 0 0 0 25
326 601280 S 0 43 0 0 0 93 0 27 0 2 0 50 0 1 71 600968 22 3 0 0 0
327 592119 Q 0 1 0 28 0 0 97 0 61 17 0 0 9 591609 228 0 0 2 1 0 66
328 482198 L 2 0 0 0 0 1 0 1 0 482021 56 0 63 22 8 2 0 21 1 0 0
329 535692 V 63 2 0 35 0 9 0 0 0 42 52 0 1 0 0 0 1 535485 2 0 0
330 514061 W 0 84 1 0 0 3 0 0 0 79 0 1 0 1 80 26 0 6 513683 3 94
331 481431 M 0 0 0 1 0 0 0 114 31 55 481110 1 0 0 3 1 52 63 0 0 0
332 504392 A 504024 0 0 70 0 44 0 0 0 0 0 0 30 0 0 67 74 83 0 0 0
333 549849 C 1 549377 0 0 57 5 0 0 0 1 4 0 0 1 135 62 0 0 36 110 60
334 570352 N 0 3 84 0 1 15 5 31 15 0 0 570006 0 3 0 163 1 0 0 25 0
335 522418 S 1 20 0 0 38 0 1 1 0 2 0 0 46 1 0 522194 34 0 0 80 0
336 500375 A 499996 1 70 0 0 22 0 0 0 0 0 0 30 1 1 98 109 47 0 0 0
337 486056 A 485774 1 0 61 0 19 0 0 0 0 0 0 23 0 1 62 56 59 0 0 0
338 503744 F 0 2 0 0 503530 0 0 38 0 85 0 0 5 1 0 67 0 1 0 15 0
339 494737 E 3 0 44 494409 0 112 0 0 56 0 0 0 0 19 0 1 4 36 0 0 53
340 459543 D 0 0 459358 27 0 46 10 0 0 0 0 29 0 0 0 0 0 45 0 28 0
341 496101 L 0 0 0 0 0 0 0 47 1 495884 0 0 126 19 2 8 1 12 0 0 1
342 484187 R 1 0 1 5 0 230 0 43 28 3 0 0 0 6 483804 34 9 1 0 0 22
343 437347 V 72 0 0 24 0 2 0 31 0 48 0 0 0 0 1 3 0 437166 0 0 0
344 430484 L 0 0 0 0 38 0 0 26 2 430333 0 0 4 0 0 41 0 1 0 0 39
345 382676 S 1 9 0 0 0 100 0 40 0 0 0 22 0 0 54 382436 14 0 0 0 0
346 344381 F 0 1 0 1 344215 0 1 4 0 87 0 0 2 0 0 43 0 2 0 25 0
347 418193 I 0 0 0 0 28 0 1 418013 0 0 16 30 0 0 0 3 47 54 0 1 0
348 391081 R 0 0 0 0 0 116 0 61 29 1 0 0 0 2 390800 26 11 0 0 0 35
349 369316 G 11 0 0 28 0 369157 0 0 0 0 0 0 0 0 45 0 0 35 40 0 0
350 463198 T 45 0 18 0 0 0 0 35 1 0 0 37 15 0 0 50 462997 0 0 0 0
351 475064 K 0 0 0 59 0 10 0 28 474726 0 0 28 0 31 152 1 6 0 0 0 23
352 501508 V 61 0 1 42 0 5 0 38 1 53 0 0 0 0 0 24 0 501276 0 7 0
353 509954 S 0 14 0 0 26 0 0 34 0 0 0 0 113 1 0 509674 37 0 0 55 0
354 478506 P 11 0 0 0 0 0 0 0 1 48 0 0 478263 87 11 43 42 0 0 0 0
355 462543 R 0 2 0 0 0 294 0 0 64 7 72 0 0 0 462012 61 4 0 27 0 0
356 404530 G 20 0 0 55 0 404302 0 0 0 0 0 0 0 0 58 1 1 35 58 0 0
357 404298 K 0 0 0 64 0 1 0 10 404009 0 0 69 0 4 121 0 2 1 0 0 17
358 413488 L 0 0 0 0 32 0 13 23 0 413284 0 0 112 1 1 0 6 16 0 0 0
359 397776 S 4 10 0 0 33 0 0 0 0 1 0 0 84 0 0 397562 39 0 0 43 0
360 484215 T 62 1 0 0 0 0 2 40 0 3 0 34 5 2 0 66 483999 0 0 0 1
361 468538 R 0 0 0 0 0 128 0 45 26 6 1 0 0 0 468265 22 15 0 0 0 30
362 453842 G 10 0 0 18 0 453661 0 0 0 0 0 0 0 0 52 3 0 45 0 0 53
363 541207 V 92 1 1 35 0 4 0 56 0 57 0 0 0 0 2 1 2 540956 0 0 0
364 544712 Q 0 0 0 22 0 0 34 0 52 24 0 0 6 544423 76 0 10 0 0 0 65
365 568075 I 0 0 0 0 32 0 0 567798 0 11 5 38 0 1 0 2 61 127 0 0 0
366 496424 A 496193 3 38 0 1 21 0 0 0 2 0 0 31 0 1 53 43 38 0 0 0
367 490813 S 5 1 0 0 8 0 0 0 0 45 0 0 55 0 0 490563 51 0 0 1 84
368 501302 N 0 0 86 0 0 23 5 20 16 0 3 501049 0 0 0 81 1 0 0 18 0
369 496184 E 1 0 11 495962 0 62 0 0 58 0 0 0 0 20 1 0 0 23 0 0 46
370 509800 N 0 0 68 0 0 14 4 32 43 0 0 509457 0 0 0 104 76 0 0 2 0
371 512444 M 0 0 0 0 0 1 2 157 33 42 512099 0 0 0 2 0 47 58 3 0 0
372 528785 D 2 1 528528 40 0 81 17 1 0 1 1 25 0 0 0 0 1 28 0 59 0
373 520340 A 520081 0 61 1 0 26 1 0 0 0 2 0 26 0 0 54 52 33 0 3 0
374 573333 M 0 1 0 0 0 1 0 155 38 70 572869 0 0 0 9 0 63 110 0 6 11
375 543634 E 2 0 29 543352 0 84 0 0 39 0 0 5 0 23 0 0 0 37 0 0 63
376 412522 S 1 0 0 0 0 0 0 1 1 38 0 0 46 0 0 412368 25 0 0 0 42
377 416121 S 0 23 0 0 0 321 0 27 0 0 0 45 0 0 35 415653 14 3 0 0 0
378 377034 T 122 0 0 0 0 0 0 30 0 2 0 31 2 2 0 43 376802 0 0 0 0
379 381718 L 0 0 0 0 31 0 24 30 0 381556 0 0 68 0 3 1 0 5 0 0 0
380 385917 E 6 0 32 385732 0 61 0 0 23 0 0 3 0 10 1 0 0 28 0 0 21
381 388402 L 0 0 0 1 0 0 0 0 0 388287 18 0 68 9 6 0 0 13 0 0 0
382 407519 R 0 0 0 2 0 100 0 27 21 0 0 0 0 3 407309 30 12 0 0 0 15
383 469242 S 0 17 0 0 0 114 0 51 0 0 0 32 0 0 88 468924 16 0 0 0 0
384 497624 R 0 0 0 0 1 219 0 0 21 0 36 0 0 0 497244 55 14 0 34 0 0
385 590832 Y 0 211 9 0 25 6 127 0 0 10 0 56 5 0 1 9 2 17 0 590301 53
386 570526 W 0 89 0 0 1 26 0 0 0 90 0 0 0 0 107 18 2 0 570059 0 134
387 515436 A 515065 0 68 1 1 37 0 0 0 0 0 0 36 0 0 71 78 79 0 0 0
388 562892 I 1 3 0 0 0 1 2 562156 24 63 461 0 1 0 2 0 108 62 0 1 7
389 526830 R 0 0 0 2 0 404 0 38 37 0 0 1 0 0 526276 32 11 0 0 0 29
390 543441 T 93 0 0 0 0 0 0 30 0 1 0 39 5 0 0 56 543217 0 0 0 0
391 555614 R 0 0 0 4 0 129 0 44 32 0 0 0 1 1 555333 34 13 0 0 0 23
392 533870 S 0 26 0 0 0 129 0 29 0 0 0 30 0 2 54 533587 11 2 0 0 0
393 548042 G 14 1 0 31 0 547746 0 0 1 0 0 1 0 2 94 1 0 72 5 0 74
394 519149 G 24 0 1 47 0 518905 0 0 1 1 0 1 0 0 58 1 0 62 0 0 48
395 521807 N 0 0 138 0 1 27 1 29 72 0 0 521417 0 0 1 66 29 0 0 26 0
396 524080 T 83 0 0 0 1 0 5 25 0 3 0 35 5 3 1 64 523855 0 0 0 0
397 600815 N 0 0 249 0 0 54 3 36 58 1 0 600285 0 0 1 101 4 0 0 19 4
398 605013 Q 1 1 0 27 0 0 48 3 47 31 1 17 3 604614 146 1 0 0 0 0 73
399 544367 Q 0 0 0 13 0 0 83 0 53 24 0 2 10 543856 252 0 5 0 1 1 67
400 483437 R 0 0 0 6 0 145 0 0 40 0 76 0 0 0 483061 50 21 0 38 0 0
401 452795 A 452527 0 53 0 0 32 0 0 0 1 0 0 41 0 11 57 22 51 0 0 0
402 457081 S 9 10 0 0 23 0 0 0 0 8 0 0 89 0 2 456839 21 0 0 80 0
403 455214 A 454813 3 0 60 0 19 0 0 1 1 0 0 24 7 0 62 63 161 0 0 0
404 468806 G 16 37 43 0 1 468640 0 1 0 0 0 0 0 0 9 34 0 24 0 1 0
405 468436 Q 0 0 0 14 0 0 29 0 49 26 0 0 5 468159 98 5 0 0 0 0 51
406 484774 I 0 0 1 0 31 0 0 484512 0 2 13 28 0 0 0 7 51 128 1 0 0
407 437069 S 0 20 1 0 0 147 0 26 0 4 0 40 0 0 69 436750 11 1 0 0 0
408 439053 V 103 0 0 53 0 6 0 0 0 48 60 0 0 0 0 0 0 438783 0 0 0
409 434102 Q 17 0 0 41 0 0 28 0 48 10 0 3 4 433698 73 0 1 0 0 0 179
410 393778 P 15 0 0 0 0 0 46 0 0 23 0 0 393616 1 11 34 32 0 0 0 0
411 425866 A 425529 8 0 57 0 22 4 1 0 1 0 0 23 0 0 43 126 52 0 0 0
412 437902 F 0 2 0 0 437735 0 0 52 0 60 0 0 2 2 0 39 0 0 0 9 1
413 388436 S 4 10 1 0 34 0 0 0 0 2 0 0 47 1 0 388282 20 1 0 34 0
414 410496 V 76 3 0 32 1 4 0 0 0 74 74 0 0 1 1 0 0 410230 0 0 0
415 426319 Q 20 1 1 37 0 0 12 0 63 26 0 0 9 425983 89 3 0 1 0 0 74
416 434254 R 0 0 0 26 0 216 0 36 34 0 0 0 0 4 433874 31 22 0 0 0 11
417 403716 N 0 0 118 0 0 41 0 15 50 1 0 403361 0 0 1 96 9 0 1 22 1
418 431181 L 0 0 0 0 30 0 34 35 0 430983 0 0 81 0 1 2 0 14 0 0 1
419 466621 P 22 0 0 1 0 0 6 1 0 41 0 0 466381 50 17 39 61 2 0 0 0
420 442241 F 0 3 0 0 441996 0 0 56 0 99 0 0 4 0 0 59 0 2 0 21 1
421 454879 D 2 1 454494 71 2 101 23 0 1 0 0 61 0 0 0 0 1 48 0 63 11
422 438026 K 1 0 1 78 0 37 0 25 437554 1 0 49 0 23 249 0 1 0 0 0 7
423 445587 P 11 0 1 0 0 0 0 0 1 29 0 0 445441 29 9 29 37 0 0 0 0
424 466184 T 57 0 0 0 0 1 0 34 0 0 0 47 10 0 0 41 465994 0 0 0 0
425 477730 I 0 0 0 0 29 0 0 477530 0 3 11 38 0 0 1 5 62 51 0 0 0
426 461822 M 0 0 0 0 0 0 2 133 35 44 461425 3 0 0 4 0 61 113 2 0 0
427 423135 A 422777 1 0 52 0 35 0 0 0 0 0 0 31 1 0 75 67 94 0 0 2
428 418401 A 418138 0 1 51 0 18 1 1 0 0 0 2 21 0 0 53 65 50 0 0 0
429 416071 F 1 3 0 0 415870 0 0 11 0 123 0 0 0 2 0 29 0 2 0 30 0
430 387619 T 119 1 0 0 0 1 0 32 0 0 1 11 4 0 0 40 387410 0 0 0 0
431 419080 G 16 0 0 37 0 418830 0 0 2 3 0 0 0 1 66 0 1 47 76 1 0
432 433578 N 0 0 64 1 0 2 1 34 19 0 0 433247 0 1 0 174 3 1 0 30 1
433 467881 T 534 0 0 0 0 0 0 102 51 0 0 0 3 7 23 42 467112 1 1 5 0
434 488479 E 7 1 69 488006 0 243 0 0 36 1 0 0 0 13 5 1 0 36 2 0 59
435 528604 G 20 0 0 117 0 528249 0 0 3 0 0 0 0 0 59 0 0 82 0 0 74
436 537980 R 0 0 0 3 0 525 0 58 60 0 0 3 0 0 537251 33 17 0 0 0 30
437 544560 T 262 0 0 1 0 0 0 54 52 0 1 0 4 0 12 41 544117 0 0 0 16
438 569060 S 2 0 0 0 0 0 1 2 0 50 1 0 53 1 0 568828 40 1 0 0 81
439 556764 D 5 0 556450 63 0 71 12 3 0 18 0 40 2 0 0 2 1 45 0 52 0
440 536564 M 0 0 0 0 0 0 0 155 31 32 536185 2 0 1 8 0 74 75 1 0 0
441 516761 R 0 0 0 0 0 134 0 0 44 1 83 0 0 0 516392 68 11 0 28 0 0
442 518554 A 518183 0 0 75 0 44 0 1 1 1 0 5 30 6 0 68 62 78 0 0 0
443 527139 E 0 0 26 526918 0 59 0 0 43 0 0 1 0 17 3 0 1 24 0 0 47
444 527504 I 0 0 0 0 20 0 0 527143 0 7 2 18 0 1 0 2 105 205 1 0 0
445 588495 I 0 0 0 0 0 0 0 586856 31 44 382 0 0 0 2 0 106 1061 0 8 5
446 529308 R 0 1 0 0 0 669 0 1 33 2 64 0 0 0 528446 60 11 0 19 0 2
447 500790 M 0 0 4 0 0 0 0 105 30 37 500499 0 0 0 5 0 52 56 0 0 2
448 498889 M 0 0 5 0 0 0 0 166 46 54 498473 0 0 0 3 1 40 100 1 0 0
449 445008 E 2 0 39 444733 0 120 0 0 36 0 0 0 0 20 0 0 0 22 0 0 36
450 452808 G 16 46 38 0 0 452592 0 0 0 0 0 0 0 0 11 69 0 35 1 0 0
451 500462 A 499788 33 0 59 0 29 0 0 2 0 0 0 31 4 0 81 225 207 0 0 3
452 491722 K 1 0 0 131 0 41 0 10 491235 0 0 62 0 3 225 0 5 0 0 0 9
453 457445 P 14 0 0 0 0 0 0 0 0 36 0 1 457299 38 7 23 27 0 0 0 0
454 466358 E 2 1 27 466020 0 216 0 0 22 0 0 0 0 15 0 0 0 13 0 0 42
455 466442 E 0 0 30 466197 0 112 0 1 31 0 0 0 2 18 2 0 0 19 0 0 30
456 468485 M 3 1 0 0 0 1 0 95 33 19 467280 0 0 0 5 1 40 1007 0 0 0
457 445838 S 1 19 0 0 33 0 0 0 1 0 0 0 51 0 0 445652 29 2 0 50 0
458 450630 F 0 2 0 0 450308 0 0 17 0 168 0 0 0 0 0 89 0 3 0 43 0
459 425545 Q 0 0 0 22 0 2 70 1 51 37 1 0 48 424785 468 2 1 0 0 2 55
460 367323 G 31 1 0 35 0 367165 0 0 0 1 0 0 3 2 17 0 0 52 16 0 0
461 335023 R 75 0 0 2 0 55 0 0 0 60 0 0 22 124 334608 1 0 0 76 0 0
462 290784 G 16 0 0 116 0 290492 0 0 1 1 0 0 0 2 50 1 0 36 0 0 69
463 260795 V 32 0 13 1 15 2 0 45 0 7 0 0 0 0 0 6 0 260674 0 0 0
464 272395 F 0 2 0 0 272191 0 0 12 0 113 0 0 1 0 0 59 0 4 0 13 0
465 313960 E 1 0 34 313695 0 91 0 0 57 0 0 1 0 13 1 6 0 9 0 0 52
466 255815 L 1 0 0 0 27 0 5 23 0 255716 0 0 31 0 3 2 0 7 0 0 0
467 271902 S 1 0 0 0 0 1 0 0 0 87 1 0 40 0 1 271704 8 0 10 0 49
468 301352 D 2 0 301188 29 0 56 9 0 0 0 0 28 0 0 1 0 9 16 0 14 0
469 366704 E 0 0 24 366332 0 133 0 1 104 0 0 0 0 15 31 0 2 19 0 0 43
470 405266 R 0 0 0 0 0 1009 0 0 45 0 54 1 0 0 404070 41 15 1 30 0 0
471 403726 A 403278 1 0 60 1 42 0 0 1 1 0 0 26 0 1 42 48 225 0 0 0
472 422603 A 422167 0 0 71 0 21 0 0 0 0 0 0 23 0 1 79 58 183 0 0 0
473 476123 N 0 0 61 3 0 10 0 24 40 0 0 475679 0 1 2 280 5 0 0 18 0
474 478461 P 17 0 0 0 0 0 0 0 0 72 0 0 478219 71 21 20 41 0 0 0 0
475 460451 I 0 0 0 0 23 0 0 460127 0 3 10 40 0 0 0 3 41 204 0 0 0
476 429357 V 67 2 0 26 0 3 0 0 0 53 140 0 0 1 0 0 0 429065 0 0 0
477 425184 P 23 0 0 0 1 0 39 0 0 37 0 0 424977 0 13 41 53 0 0 0 0
478 417529 S 3 13 0 0 31 0 0 0 0 9 0 0 65 0 0 417353 12 0 0 43 0
479 491264 F 0 1 0 0 490984 0 0 10 0 175 0 0 2 0 0 60 0 5 0 22 5
480 500239 D 4 0 499831 50 0 123 20 0 0 1 0 68 0 0 0 0 30 61 0 49 2
481 452466 M 0 0 0 0 0 0 1 124 14 26 452120 0 0 0 4 1 65 111 0 0 0
482 573900 S 0 39 0 9 2 264 0 67 0 0 0 44 0 0 45 573400 24 6 0 0 0
483 655753 N 0 0 561 0 0 108 2 44 52 2 9 654665 0 1 1 271 0 2 0 33 2
484 588629 E 2 0 37 588206 0 165 0 1 85 0 1 1 0 17 1 0 1 41 0 0 71
485 529577 G 15 0 2 33 0 529356 0 0 0 1 0 0 0 0 50 0 0 64 0 0 56
486 537350 S 6 15 2 0 39 0 0 0 0 0 0 2 62 0 0 537149 19 0 0 56 0
487 537807 Y 0 1633 2 0 16 0 113 3 2 3 0 3 0 0 0 3 0 0 0 535994 35
488 526187 F 0 3 0 0 525990 0 0 29 0 105 0 0 0 0 0 40 0 0 0 20 0
489 504570 F 0 0 0 0 504293 0 0 26 0 170 0 0 1 0 0 47 1 4 0 28 0
490 504007 G 13 0 0 29 0 503739 0 0 0 1 0 0 0 0 98 3 0 54 1 0 69
491 514186 D 2 0 513915 54 0 70 21 0 0 0 0 38 0 0 4 1 3 46 0 32 0
492 525769 N 0 0 85 0 0 7 3 39 49 0 2 525425 7 0 0 129 2 0 0 21 0
493 639391 A 638812 1 0 93 0 52 0 0 1 19 6 0 26 1 0 77 133 165 0 0 5
494 533256 E 2 0 74 532924 0 86 0 0 52 0 1 0 0 13 6 0 0 38 0 0 60
495 511609 E 8 0 46 511301 0 89 0 0 39 0 0 1 0 18 1 2 0 30 0 1 73
496 490393 Y 0 586 7 0 30 0 84 0 0 0 1 28 0 0 0 2 2 0 0 489554 99
497 456701 D 6 0 456359 39 0 107 13 0 1 1 1 75 0 0 0 0 0 56 0 43 0
498 360741 N 0 0 53 0 0 20 2 21 22 1 0 360439 0 4 0 157 2 2 0 18 0
