# nucleotide counts
# upper case indicates nucleotide called by both reads
# lower case indicates nucleotide called by one read with other ambiguous
# N indicates disagreement between reads, or both ambiguous
# POSITION WT COUNTS A T C G a t c g N
1 A 350733 350459 18 1 30 2 0 0 0 223
2 T 351994 20 351453 51 3 0 1 0 0 466
3 G 352876 28 119 6 352451 0 0 0 0 272
4 A 354256 352939 302 345 380 0 0 0 0 290
5 A 357698 356336 300 467 419 0 0 0 0 176
6 G 366912 334 517 362 365414 0 0 0 4 281
7 G 368110 238 250 259 366934 0 0 0 1 428
8 C 377908 352 257 376744 272 0 0 1 0 282
9 A 377379 376444 236 263 237 3 0 0 0 196
10 A 384310 383182 277 238 235 0 0 0 0 378
11 A 386910 385952 269 244 270 9 0 0 0 166
12 A 392002 390599 301 269 287 1 0 0 0 545
13 C 403102 330 345 401916 277 0 0 3 0 231
14 T 412703 380 411257 434 304 0 11 0 0 317
15 A 412551 410565 374 351 378 5 0 0 0 878
16 C 430920 371 373 429698 297 0 0 3 0 178
17 T 440934 399 439355 447 408 0 9 0 0 316
18 G 453696 446 789 371 451857 0 0 0 9 224
19 G 499595 497 455 395 498018 0 0 0 10 220
20 T 549225 543 546089 563 562 0 45 0 1 1422
21 C 555969 772 586 553735 567 0 0 7 0 302
22 C 594483 2009 1289 589560 1238 0 0 14 0 373
23 T 590511 1307 585476 1649 1575 0 21 0 0 483
24 G 732479 1526 1509 1136 727931 0 0 0 22 355
25 T 720218 794 716922 889 771 0 67 0 0 775
26 T 732376 868 729238 908 742 0 49 0 0 571
27 A 739907 736577 868 805 902 18 0 0 0 737
28 T 649122 932 646487 847 572 1 27 0 0 256
29 A 659235 656213 856 675 826 17 0 0 0 648
30 T 647595 758 644859 903 727 0 13 0 0 335
31 G 648366 799 895 795 645338 0 0 0 36 503
32 C 661193 896 1031 658250 696 0 1 19 0 300
33 A 589946 587617 559 722 684 13 0 0 0 351
34 T 581321 541 579538 540 467 0 7 0 0 228
35 T 578526 556 576657 434 486 0 7 0 0 386
36 T 581062 512 579009 594 461 0 7 0 0 479
37 G 582258 414 431 432 580642 0 0 0 6 333
38 T 583162 424 581401 453 301 0 3 0 0 580
39 A 583338 581861 284 391 482 2 0 0 0 318
40 G 584689 109 224 93 583997 0 0 0 5 261
41 C 585492 241 110 584126 99 0 0 3 0 913
42 T 580488 84 579787 187 75 0 4 0 0 351
43 A 585356 584008 252 251 182 4 0 0 0 659
44 C 577465 243 236 576657 157 0 0 3 0 169
45 A 574784 573518 198 218 435 3 0 0 0 412
46 G 583282 216 263 147 582252 0 0 0 3 401
47 A 589410 588138 186 189 266 5 0 0 0 626
48 T 592934 185 591766 258 208 0 9 0 0 508
49 G 590955 410 366 240 589433 0 0 0 9 497
50 C 586313 404 372 585106 223 0 0 2 0 206
51 A 584961 583202 244 241 546 5 0 1 0 722
52 G 597125 403 726 427 595300 0 0 0 8 261
53 A 594156 592193 503 159 514 16 0 0 0 771
54 C 603568 365 297 601982 472 0 0 6 0 446
55 A 590229 587328 740 741 788 15 0 0 0 617
56 C 689515 892 895 686600 796 0 0 11 0 321
57 A 689551 686286 1043 619 1148 42 0 0 0 413
58 A 705362 702065 917 1023 995 19 0 0 0 343
59 T 697260 1049 693855 876 1011 0 14 0 0 455
60 A 761165 757534 1211 476 1183 14 0 0 0 747
61 T 774301 1072 769833 1441 1217 0 43 0 0 695
62 G 812464 1186 1320 1266 808167 0 0 0 11 514
63 T 791084 1098 785464 1367 1258 0 55 0 0 1842
64 A 817531 813725 1271 1040 1071 43 0 0 0 381
65 T 768544 1311 763885 1284 1097 0 22 0 0 945
66 A 760985 756939 1117 975 1594 18 0 0 0 342
67 G 755366 730 1151 934 751953 0 0 0 44 554
68 G 692063 755 832 765 689322 0 0 0 13 376
69 C 667954 1361 759 664285 832 0 0 20 0 697
70 T 660701 593 658239 979 558 0 9 0 0 323
71 A 618121 613331 659 719 735 3 0 0 0 2674
72 C 622240 632 706 620045 658 0 0 12 0 187
73 C 604914 1054 698 601623 685 0 0 11 0 843
74 A 607706 605041 748 726 794 3 0 0 0 394
75 T 604302 626 601633 788 685 0 5 0 1 564
76 G 606509 612 676 528 604270 0 0 0 2 421
77 C 630293 776 755 627313 729 0 0 3 0 717
78 G 635185 883 874 615 632237 0 0 0 3 573
79 A 646670 643729 692 806 752 3 0 0 0 688
80 A 643290 640230 764 846 809 4 0 0 0 637
81 C 653298 668 669 650681 675 0 0 5 0 600
82 A 647832 645415 663 638 754 5 0 0 0 357
83 A 660356 656683 687 708 775 2 0 0 1 1500
84 C 663464 719 717 660685 816 0 0 7 0 520
85 T 663902 960 660076 1010 858 0 6 0 0 992
86 C 668393 1615 931 664515 880 0 0 4 0 448
87 A 676138 672728 893 907 1015 6 0 0 0 589
88 A 679204 675260 780 792 988 13 0 0 0 1371
89 C 696609 935 1052 693254 997 0 0 10 0 361
90 C 682738 1358 953 679146 953 0 0 12 0 316
91 G 684484 1195 1088 824 681096 0 0 0 14 267
92 A 671290 668291 841 751 921 4 0 0 0 482
93 C 674170 879 849 671134 870 0 0 8 0 430
94 A 674267 671451 625 678 854 20 0 0 0 639
95 C 690103 816 723 687402 594 0 0 9 0 559
96 T 655877 796 653290 826 552 0 23 0 0 390
97 G 808049 1356 1266 1065 803451 0 0 0 14 897
98 T 801350 1353 796858 1246 1178 0 33 0 0 682
99 T 804785 1336 800377 1335 1247 0 25 0 0 465
100 G 805216 1123 1517 823 801200 0 0 0 22 531
101 A 792713 788890 946 897 1065 15 0 0 0 900
102 C 811681 1110 1063 807868 907 0 0 32 0 701
103 A 781966 778060 890 824 998 41 0 0 0 1153
104 C 770323 870 913 766614 903 0 0 26 0 997
105 A 614832 612182 710 641 995 12 0 0 0 292
106 A 610636 607534 906 902 830 17 0 0 0 447
107 T 617316 1178 614089 879 806 0 15 0 0 349
108 A 631319 627224 766 812 917 20 0 0 1 1579
109 C 609563 619 568 607579 449 0 0 13 0 335
110 T 591548 596 589318 584 593 0 12 0 0 445
111 C 558313 1035 542 556127 424 0 0 8 0 177
112 G 566645 528 933 453 564296 0 0 0 1 434
113 A 557478 555863 430 385 447 10 0 0 0 343
114 G 566160 468 605 399 564088 0 0 0 4 596
115 A 551849 550685 283 282 284 4 0 0 0 311
116 A 550428 549175 283 247 286 1 0 0 0 436
117 G 560294 312 383 293 559083 0 0 0 4 219
118 A 552748 551199 306 363 357 12 0 0 0 511
119 A 559348 557991 345 353 350 1 0 0 0 308
120 T 551638 320 550204 407 289 0 10 0 0 408
121 G 549148 318 269 212 548051 0 0 0 3 295
122 T 545164 341 543520 279 188 0 6 0 0 830
123 G 546988 330 569 219 545448 0 0 0 3 419
124 G 574993 190 1746 98 572508 0 0 0 17 434
125 C 578382 965 369 576593 107 0 0 7 0 341
126 A 559011 558022 92 100 149 7 0 0 0 641
127 G 560846 165 137 1631 558678 0 0 0 1 234
128 T 550930 93 549225 114 76 0 4 0 0 1418
129 G 580189 166 396 67 579223 0 0 0 5 332
130 A 561559 557929 467 2000 544 12 0 0 0 607
131 C 567648 522 656 565570 493 0 0 7 0 400
132 A 552427 550057 586 412 546 14 0 0 0 812
133 C 555949 516 548 554150 404 0 0 8 0 323
134 A 563609 561568 522 561 468 17 0 0 0 473
135 T 555475 485 553748 555 431 0 10 0 0 246
136 T 529111 251 527660 283 235 0 19 0 0 663
137 C 619854 595 325 618455 208 0 0 20 0 251
138 T 585488 243 583719 382 239 0 34 0 0 871
139 G 589474 1124 1084 872 585928 0 0 0 2 464
140 T 596901 1010 593435 912 1064 0 21 0 0 459
141 T 578284 1033 575090 872 896 1 34 0 0 358
142 A 569921 567608 538 577 821 7 0 1 0 369
143 A 570064 566728 774 466 676 7 0 1 0 1412
144 C 496597 391 631 494581 373 0 0 40 0 581
145 C 493817 775 448 491797 498 0 0 8 0 291
146 T 370265 391 368570 518 470 0 0 0 0 316
147 G 407447 649 494 416 405529 0 0 0 3 356
148 C 475343 902 597 472778 647 0 0 16 0 403
149 T 477347 732 474649 662 677 0 8 0 0 619
150 C 469346 1113 737 466444 641 1 0 2 0 408
151 G 464708 911 893 742 461899 0 0 0 5 258
152 A 471396 468723 726 726 887 7 1 0 0 326
153 A 471489 468646 733 725 901 5 1 0 0 478
154 G 507290 794 1010 692 504027 0 0 0 5 762
155 A 493845 490564 719 638 673 9 0 0 0 1242
156 C 504697 791 822 501976 541 0 0 2 0 565
157 A 512281 509863 642 618 892 6 0 0 0 260
158 G 510212 765 1698 555 506835 0 0 0 3 356
159 C 527548 857 839 524766 703 0 1 9 0 373
160 C 523123 946 648 520538 523 0 0 2 0 466
161 A 520283 517880 663 513 578 4 0 0 0 645
162 C 531335 638 694 529351 445 0 0 4 0 203
163 A 528788 526803 501 500 664 10 0 0 0 310
164 A 556721 554455 499 545 644 5 0 0 0 573
165 C 556744 510 794 554460 583 0 0 9 0 388
166 G 538795 524 1873 364 535652 0 0 0 5 377
167 G 536797 544 986 349 534696 0 0 0 3 219
168 G 531613 643 665 353 529725 0 0 0 11 216
169 A 532926 531239 464 312 649 11 0 0 0 251
170 A 531702 529851 507 399 495 6 0 0 0 444
171 A 527826 525931 437 436 539 36 0 0 0 447
172 C 531498 710 659 529147 618 0 0 12 0 352
173 T 489509 746 487163 701 604 0 11 0 0 284
174 A 497564 495351 737 464 685 4 0 0 0 323
175 T 485561 803 482784 766 910 0 7 0 0 291
176 G 484541 837 1072 680 481696 0 0 0 12 244
177 T 483876 937 480726 830 840 0 5 0 0 538
178 A 446699 442356 1084 1084 1415 8 0 0 0 752
179 A 452754 448895 1205 1217 1103 13 0 0 0 321
180 A 450879 447039 1220 1063 1127 9 0 0 0 421
181 T 447640 1370 443523 1171 1235 0 14 0 0 327
182 T 439722 1314 435756 1289 1179 0 6 0 0 178
183 A 418846 414766 1281 1163 1329 6 0 0 0 301
184 A 418908 416770 544 748 584 6 0 0 0 256
185 A 419026 416941 545 670 597 3 0 0 0 270
186 A 330404 327987 460 577 1127 0 0 0 0 253
187 G 342364 357 1188 338 340295 0 0 0 4 182
188 G 363585 398 506 289 361866 0 0 0 10 516
189 A 357972 356767 286 304 300 19 0 0 0 296
190 A 357612 356195 401 413 375 0 0 0 0 228
191 T 390243 563 388308 589 423 1 7 0 0 352
192 A 404656 402598 495 603 764 17 0 0 0 179
193 G 413337 498 968 573 410947 0 0 0 5 346
194 C 429596 664 489 427715 510 0 0 13 0 205
195 C 427661 855 550 425412 480 0 0 15 0 349
196 C 390746 1412 349 388509 308 0 0 5 0 163
197 C 400053 1287 378 397779 303 0 0 18 0 288
198 A 402164 400101 370 347 339 18 0 0 0 989
199 C 427297 244 380 425858 412 0 0 4 0 399
200 T 425888 397 424213 615 366 0 6 0 0 291
201 A 425581 423659 399 471 454 8 0 0 1 589
202 C 444458 728 659 442356 516 0 0 5 0 194
203 A 443050 440835 660 600 644 9 0 0 0 302
204 A 454210 452046 629 617 496 3 0 0 0 419
205 T 438743 748 436289 743 459 0 7 0 0 497
206 T 420199 721 417879 712 577 0 12 0 0 298
207 G 426816 750 1689 686 423395 0 0 0 7 289
208 G 411743 1029 2216 1017 407281 0 0 0 3 197
209 G 422275 1316 1749 1129 417842 0 0 0 4 235
210 G 420762 1203 1247 963 416989 0 1 0 6 353
211 A 415852 414870 235 202 212 5 0 0 0 328
212 A 419396 418477 206 194 235 7 0 0 0 277
213 A 419797 418970 261 148 174 10 0 0 0 234
214 T 437475 738 434894 847 600 0 15 0 0 381
215 G 434858 830 751 787 432167 0 1 0 7 315
216 T 441880 798 438677 845 687 0 6 0 0 867
217 A 447204 444719 687 769 712 10 0 0 0 307
218 A 451208 448679 690 803 654 2 0 0 0 380
219 C 457748 770 747 455429 558 0 0 2 0 242
220 A 455665 452664 888 895 802 14 0 0 0 402
221 T 473057 932 469870 892 874 0 6 0 0 483
222 C 478571 1098 1041 475219 837 0 0 20 0 356
223 A 465648 461195 1051 1077 1084 6 0 0 0 1235
224 C 474750 1045 1205 471224 1041 0 0 5 0 230
225 C 472099 1472 1366 467956 1100 0 0 10 0 195
226 G 491388 900 1336 640 488286 0 0 0 5 221
227 G 492681 680 851 619 490280 0 0 0 7 244
228 A 487647 485157 718 566 681 9 0 0 0 516
229 T 479832 498 477700 603 466 0 4 0 0 561
230 G 465316 612 1030 546 462847 0 0 0 9 272
231 G 500644 686 736 476 498452 0 0 0 11 283
232 C 526612 1683 640 523176 644 0 0 13 0 456
233 T 529411 577 527031 697 601 0 9 0 0 496
234 C 540888 1110 687 538211 590 0 0 7 0 283
235 T 521521 1382 517184 1389 1189 0 14 1 0 362
236 T 504213 1332 500122 1263 1136 0 15 0 0 345
237 G 485019 1162 2479 999 480140 0 0 0 6 233
238 G 486457 1016 1704 888 482227 0 0 0 25 597
239 G 626224 1896 1832 1387 620732 0 0 0 11 366
240 A 575329 570291 1713 1061 1543 5 0 0 0 716
241 A 554922 549956 1728 1601 1383 2 1 0 1 250
242 A 573405 568245 1753 1531 1531 9 0 0 1 335
243 T 572779 1504 567924 1549 1243 0 8 0 0 551
244 C 609622 1777 1711 604076 1570 0 0 17 0 471
245 C 605849 2602 1765 599777 1406 0 0 6 0 293
246 A 583973 578095 1499 1687 1903 6 0 0 0 783
247 G 610291 1574 2265 1831 604357 0 0 0 9 255
248 A 590989 585304 1966 1662 1540 6 0 0 0 511
249 A 617553 612051 1823 1568 1647 9 0 0 0 455
250 T 624005 856 620868 997 712 0 18 0 0 554
251 G 622577 910 1141 947 619108 1 0 0 9 461
252 C 617599 969 1587 613924 786 0 0 11 0 322
253 G 615337 1258 1525 1150 610986 0 0 0 5 413
254 A 625102 620547 1110 1196 990 18 0 0 0 1241
255 C 631775 1245 1227 628003 941 0 0 9 0 350
256 T 622590 727 619947 938 571 0 10 0 0 397
257 C 634815 1480 707 631707 637 0 0 10 0 274
258 A 621412 618429 646 801 648 10 0 0 0 878
259 C 623167 904 778 620494 693 0 0 4 0 294
260 T 614118 854 611252 895 715 0 6 0 0 396
261 G 613948 1022 928 840 610881 0 0 0 6 271
262 C 589668 1108 857 586378 822 0 0 11 0 492
263 T 577642 842 574537 1072 777 0 8 0 0 406
264 T 577968 874 574682 1023 842 0 5 0 0 542
265 C 569318 1544 1130 565311 966 0 0 5 0 362
266 C 567741 2344 1187 562778 1000 1 0 4 0 427
267 A 556960 553340 1041 1130 1115 4 0 0 0 330
268 G 551878 971 1254 929 548012 0 0 0 11 701
269 C 554914 1288 1369 550992 949 0 0 7 0 309
270 G 502718 1096 1355 1010 498251 0 0 0 17 989
271 A 481588 479624 549 497 624 7 0 0 0 287
272 G 485383 662 505 585 483122 0 0 0 1 508
273 A 483118 480925 501 513 598 8 0 0 0 573
274 T 489153 587 487001 630 525 0 3 0 0 407
275 C 458718 588 562 456787 442 0 0 6 0 333
276 A 455377 453515 508 506 572 3 0 0 0 273
277 T 459783 494 458245 543 347 0 5 0 0 149
278 G 492295 610 968 588 489788 0 0 0 18 323
279 G 595184 589 509 581 593099 0 0 0 21 385
280 T 501642 672 498358 1010 605 0 43 0 0 954
281 C 484393 869 692 481986 570 0 0 3 0 273
282 C 482862 1447 670 479894 645 0 0 9 0 197
283 T 544126 983 540427 1314 980 0 23 0 0 399
284 A 578230 574301 1025 1061 1162 19 0 0 0 662
285 C 582205 1044 1110 578550 903 0 0 22 0 576
286 A 588623 585480 817 919 779 33 0 0 0 595
287 T 599292 969 596300 910 847 0 18 0 0 248
288 T 524494 864 521422 927 828 0 13 0 0 440
289 G 543388 894 672 844 540806 0 0 0 4 168
290 T 543440 828 540182 903 664 0 13 0 0 850
291 A 541725 539091 732 771 830 8 0 0 0 293
292 G 544051 724 697 733 541638 0 0 0 5 254
293 A 518966 517059 481 562 605 9 0 1 0 249
294 A 549199 546971 664 680 606 7 0 0 0 271
295 A 550851 549028 521 358 541 5 0 0 0 398
296 C 558499 534 642 555683 483 0 0 8 0 1149
297 A 561819 558687 457 469 627 10 0 0 0 1569
298 C 557352 575 536 555158 500 0 0 3 0 580
299 C 550309 969 530 548073 532 0 0 2 0 203
300 A 551937 549981 508 524 639 2 0 0 0 283
301 A 569789 568467 233 238 400 3 0 0 0 448
302 A 577668 575858 243 325 295 6 0 0 0 941
303 C 580564 302 278 579182 296 0 0 13 0 493
304 T 594943 461 592970 556 397 0 8 0 0 551
305 C 597079 953 415 594994 458 0 0 4 0 255
306 T 590496 521 588448 749 379 0 5 0 0 394
307 G 597241 632 988 449 594682 0 0 0 1 489
308 A 597661 595365 534 525 758 3 0 0 0 476
309 G 628720 766 764 591 625870 0 0 0 8 721
310 A 623529 621044 722 672 710 12 0 0 0 369
311 A 610189 607852 641 606 756 3 0 0 0 331
312 T 610320 881 607506 768 650 0 5 0 0 510
313 G 624491 1075 1818 723 620546 2 0 0 11 316
314 G 634972 984 1463 805 631005 0 0 0 9 706
315 A 625848 622860 743 768 952 5 0 0 0 520
316 G 628839 770 777 635 626301 0 0 0 12 344
317 C 624669 897 674 622281 567 0 0 9 0 241
318 A 644653 642368 573 603 660 10 0 0 0 439
319 T 645751 754 643004 761 743 0 18 0 0 471
320 G 638135 846 730 707 634969 0 0 0 15 868
321 T 641835 811 639147 805 670 0 15 0 0 387
322 T 610016 933 606791 882 844 0 15 0 0 551
323 A 645338 642231 861 840 1020 12 0 0 0 374
324 T 643407 1082 640000 947 888 0 16 0 0 474
325 C 637142 1314 781 633548 869 0 0 38 0 592
326 C 629248 2080 931 624849 771 1 0 25 0 591
327 A 547634 544405 672 831 1326 11 0 0 0 389
328 G 449202 491 996 634 446682 0 0 0 10 389
329 G 449299 510 773 581 447241 0 0 0 3 191
330 A 434016 431973 423 525 507 14 0 0 0 574
331 G 471271 640 588 779 469013 0 0 0 8 243
332 A 454386 451884 518 776 785 4 0 0 0 419
333 T 484094 770 481370 567 898 0 3 0 0 486
334 C 514606 540 679 512538 615 0 0 14 0 220
335 T 509943 542 507190 967 599 0 14 0 0 631
336 C 516342 969 627 513834 614 0 0 4 0 294
337 A 517165 514859 517 720 601 15 0 0 0 453
338 T 506506 578 504223 781 310 0 6 0 0 608
339 C 522588 772 648 520480 399 0 0 8 0 281
340 G 533141 1205 1034 835 529301 0 0 0 2 764
341 A 572855 569530 834 928 859 20 0 0 0 684
342 C 583746 1124 834 580590 761 0 0 13 0 424
343 T 568876 1178 564924 1276 1202 0 9 0 0 287
344 A 603894 599804 1239 1188 1302 13 0 0 0 348
345 T 590208 1257 586048 1303 1212 0 28 0 0 360
346 G 592350 826 1339 833 588940 0 0 0 7 405
347 A 589344 586327 738 880 1035 10 0 0 1 353
348 G 591748 824 1528 838 588207 0 0 0 12 339
349 G 599033 365 605 347 597341 0 0 0 11 364
350 A 579921 578350 373 243 482 9 0 0 0 464
351 A 571967 570438 356 390 334 14 0 0 0 435
352 C 563586 673 564 561420 563 0 0 8 0 358
353 T 536200 597 533851 838 632 0 7 1 0 274
354 G 531992 683 1022 677 529227 0 0 0 5 378
355 A 529116 527142 472 545 643 3 0 0 0 311
356 G 526013 545 1541 463 523209 0 1 0 9 245
357 G 526202 532 1074 431 523778 0 0 0 15 372
358 G 500317 438 563 292 498638 0 0 0 4 382
359 A 492940 491182 207 260 407 7 0 0 0 877
360 G 491666 364 308 299 490257 0 0 0 5 433
361 C 490604 472 806 488473 404 0 0 4 0 445
362 A 475387 473622 345 426 381 3 0 0 0 610
363 A 472286 470903 307 341 418 4 0 0 0 313
364 T 470801 377 468821 442 450 0 5 0 0 706
365 T 463426 431 461888 387 470 0 11 0 0 239
366 G 465328 445 834 352 463339 0 0 0 7 351
367 A 399172 397855 308 269 435 3 0 0 0 302
368 G 421881 456 458 280 420359 0 0 0 10 318
369 C 419639 630 384 417937 400 0 0 5 0 283
370 T 391039 480 389095 558 490 1 10 0 0 405
371 C 405744 957 528 403556 491 0 0 7 1 204
372 A 335609 334229 342 360 428 14 0 0 1 235
373 G 414550 439 427 493 412903 0 0 0 9 279
374 T 431424 563 429193 525 469 0 22 0 0 652
375 A 422305 420396 464 417 534 8 0 0 1 485
376 T 420791 490 419233 489 401 0 10 0 0 168
377 C 401904 702 496 400085 366 0 0 8 0 247
378 A 416144 414413 491 391 480 18 0 0 0 351
379 T 444806 355 443589 339 271 0 11 0 0 241
380 C 441266 394 357 439552 305 1 0 33 0 624
381 A 451078 449837 297 303 330 11 0 0 0 300
382 T 400196 440 398655 445 372 0 7 0 0 277
383 T 408698 482 407296 406 333 0 8 0 0 173
384 A 406208 404797 421 358 462 7 0 0 0 163
385 G 437625 495 552 357 435835 0 0 0 4 382
386 A 437650 436146 397 348 444 15 0 0 0 300
387 A 453611 452133 363 329 424 6 0 0 0 356
388 A 426146 424998 260 243 289 4 0 0 0 352
389 G 426921 272 339 238 425928 0 0 0 5 139
390 A 442307 440980 221 251 269 6 0 0 0 580
391 T 443997 210 443172 273 141 0 5 0 0 196
392 T 463918 254 462673 282 204 0 3 0 0 502
393 C 456634 456 343 455506 151 0 0 1 0 177
394 G 457382 369 382 251 456044 0 0 0 3 333
395 A 464057 463105 235 270 234 1 0 0 0 212
396 A 464366 463328 216 260 244 2 0 0 0 316
397 A 471543 470614 216 138 186 3 0 0 0 386
398 T 464772 229 463906 180 122 0 3 0 0 332
399 A 462657 461661 217 91 198 1 0 0 0 489
400 T 479378 321 478167 372 252 0 1 0 0 265
401 T 478801 306 477666 343 271 0 1 0 0 214
402 T 482538 298 481058 390 268 0 3 0 0 521
403 C 489472 1021 773 486871 673 0 0 0 0 134
404 C 485776 1686 711 482211 682 0 0 4 0 482
405 C 492752 2393 768 488678 659 0 0 7 0 247
406 A 491934 488079 1130 1274 1196 4 0 0 0 251
407 A 482847 479029 1047 1297 1211 4 0 0 0 259
408 G 529258 1319 1852 1304 524568 0 0 0 9 206
409 G 530908 1504 1841 1510 525493 0 0 1 25 534
410 A 521908 516845 1589 1653 1437 6 0 0 0 378
411 A 523048 518012 1617 1611 1481 7 0 0 0 320
412 A 490995 485839 1487 1509 1503 11 0 1 0 645
413 G 542979 1700 1514 1556 537953 0 0 0 8 248
414 T 554106 1546 547914 1741 1537 0 30 0 0 1338
415 T 547895 1167 543988 1242 1024 0 13 0 0 461
416 C 548659 1494 1306 544420 959 0 0 12 0 468
417 A 490242 486831 979 1181 1008 17 0 0 0 226
418 T 513419 1108 509813 1111 1046 0 10 0 0 331
419 G 519895 1177 1444 988 515972 0 0 0 12 302
420 G 476291 934 1219 969 472530 0 0 1 18 620
421 C 480918 1687 1006 476767 1054 0 0 20 0 384
422 C 383352 1153 792 380486 677 0 0 5 0 239
423 C 385630 1678 785 382234 684 0 0 3 0 246
424 A 380149 377701 776 698 797 11 0 0 0 166
425 A 395806 392942 799 777 711 5 0 0 0 572
426 C 403198 852 800 400552 746 0 0 8 0 240
427 C 401787 1088 553 399187 697 0 0 7 0 255
428 A 369465 367243 543 656 547 6 0 0 0 470
429 C 355103 557 587 353359 412 0 0 5 0 183
430 A 350868 348557 516 535 615 8 0 0 0 637
431 C 352658 574 583 350703 497 0 0 5 0 296
432 A 353397 351544 536 504 527 11 0 0 0 275
433 T 353845 585 351819 605 608 0 4 0 0 224
434 T 345493 557 343568 566 635 0 3 0 0 164
435 C 349426 718 654 347245 630 0 0 1 0 178
436 A 345678 342937 723 756 984 8 0 0 0 270
437 A 348412 345662 655 856 948 5 0 0 0 286
438 C 339543 803 805 336905 823 0 0 4 0 203
439 G 327247 519 939 444 325031 0 0 0 8 306
440 G 337478 500 791 508 335519 0 0 0 7 153
441 A 327792 326011 440 456 542 7 0 0 0 336
442 G 331439 556 556 605 329498 0 0 0 3 221
443 T 332879 550 330011 597 593 0 9 0 0 1119
444 A 323361 321449 498 568 617 4 0 0 0 225
445 A 340180 338616 439 478 433 3 0 0 0 211
446 C 333538 508 542 331949 361 0 0 4 0 174
447 A 350824 349018 448 489 531 21 0 0 0 317
448 G 362609 485 531 468 360922 0 0 0 8 195
449 T 323531 494 321350 543 448 0 9 0 0 687
450 A 333673 332094 493 446 431 8 0 0 0 201
451 T 354944 435 353463 421 393 0 7 0 0 225
452 C 346784 519 483 345158 339 0 0 7 0 278
453 A 347546 346039 338 358 695 8 0 0 0 108
454 T 336628 427 335025 378 412 0 4 0 0 382
455 G 331342 517 486 421 329681 0 0 0 17 220
456 C 334284 589 383 332694 392 0 0 8 0 218
457 T 322120 528 319918 668 570 0 8 0 0 428
458 C 345042 950 742 342418 662 0 0 9 0 261
459 C 337652 1462 562 334709 623 0 0 16 0 280
460 C 340972 1890 535 337964 394 0 0 5 0 184
461 A 360597 358690 532 596 515 8 0 0 0 256
462 T 344483 518 342812 426 403 0 8 0 0 316
463 A 341077 339728 450 270 434 7 0 0 0 188
464 G 362795 483 1260 288 360389 0 0 0 5 370
465 G 368012 356 1509 314 365563 1 0 0 15 254
466 G 373892 345 897 341 371965 0 0 0 4 340
467 G 370283 414 532 308 368762 0 0 0 1 266
468 A 371268 369757 303 335 592 3 0 0 0 278
469 A 369986 368954 333 278 211 4 0 0 0 206
470 A 386625 385480 347 304 285 3 0 0 0 206
471 A 393146 391937 341 281 283 1 0 0 0 303
472 A 393487 392048 274 298 584 3 0 0 0 280
473 G 393938 295 387 409 392606 0 0 0 5 236
474 C 402807 430 495 401395 245 1 0 3 0 238
475 A 402091 400144 524 560 528 1 0 0 0 334
476 G 441759 381 544 652 439810 0 0 0 4 368
477 T 440653 404 438486 616 526 0 5 0 0 616
478 T 440807 563 438687 751 575 0 2 0 0 229
479 T 438450 545 436338 705 651 0 2 0 0 209
480 T 434598 525 432492 789 565 0 3 0 0 224
481 T 453481 982 450365 809 827 0 1 0 0 497
482 A 452080 448976 934 969 722 6 0 0 0 473
483 C 453251 851 973 450115 757 0 0 3 0 552
484 A 443007 440569 595 759 900 4 0 0 0 180
485 G 458588 585 781 782 456239 0 0 0 2 199
486 A 456842 454403 690 748 658 8 0 0 0 335
487 A 475560 472611 880 853 909 5 0 0 0 302
488 A 476843 473620 952 909 901 11 0 0 1 449
489 T 439019 761 436395 778 740 0 6 0 0 339
490 T 440146 816 437506 817 798 0 2 0 0 207
491 T 443923 802 440952 925 905 0 7 0 0 332
492 G 446142 885 922 858 443137 0 0 0 12 328
493 C 445398 675 686 443170 471 0 0 8 0 388
494 T 414972 475 412946 822 474 0 4 0 0 251
495 A 400976 398946 555 583 524 3 0 0 0 365
496 T 410532 777 408108 921 495 0 4 0 0 227
497 G 399035 747 1028 749 396228 0 0 0 5 278
498 G 404764 677 776 810 402170 0 0 0 12 319
499 C 381863 1738 713 378318 524 0 0 11 0 559
500 T 365847 662 363475 1014 510 0 4 0 0 182
501 G 383519 750 1074 994 380232 0 0 0 9 460
502 A 384000 381744 558 736 642 9 0 0 0 311
503 C 373916 512 770 371678 578 0 0 3 0 375
504 G 382784 658 761 734 380415 0 0 0 11 205
505 A 376021 373269 822 709 703 11 0 0 1 506
506 A 372845 370106 806 874 799 2 0 0 0 258
507 G 326577 605 740 736 324129 0 0 0 5 362
508 A 324692 322389 618 745 693 12 0 0 0 235
509 A 336014 333594 543 822 846 5 0 0 0 204
510 G 348247 737 1706 876 344687 0 0 0 5 236
511 G 349929 739 1576 932 346425 1 0 1 12 243
512 G 349001 814 1781 918 345172 0 0 0 3 313
513 G 333770 740 1488 843 330511 0 0 0 3 185
514 G 337744 904 849 958 334807 0 0 0 9 217
515 A 329669 326563 762 862 973 6 0 0 0 503
516 T 341681 753 338839 942 810 0 6 0 0 331
517 T 348877 601 346807 708 484 0 16 0 0 261
518 C 348779 808 639 346658 432 0 0 2 0 240
519 A 351566 349448 618 705 640 4 0 0 0 151
520 T 349623 462 348069 577 269 1 6 0 0 239
521 A 363129 360770 436 538 459 6 0 0 0 920
522 C 366719 438 522 365073 366 0 0 8 0 312
523 C 358716 822 486 356803 388 0 0 8 0 209
524 C 354739 1350 505 352149 424 0 0 6 0 305
525 A 329304 327646 471 548 412 8 0 0 0 219
526 A 395789 393378 727 734 639 5 0 1 0 305
527 A 397057 394446 707 702 740 5 0 0 0 457
528 G 406742 677 863 763 404093 0 0 0 14 332
529 C 408288 702 495 406405 485 0 0 4 0 197
530 T 379058 477 377202 657 508 0 2 0 0 212
531 G 440748 661 827 783 438121 0 0 0 5 351
532 A 445132 442893 447 501 482 6 0 0 0 803
533 C 493527 545 443 491377 528 0 0 7 0 627
534 C 488469 839 498 486425 452 0 0 6 0 249
535 A 481128 478776 591 753 694 1 0 0 0 313
536 A 536076 533797 663 618 676 7 0 0 0 315
537 T 539994 703 537602 696 643 0 18 0 0 332
538 T 548313 871 544760 872 880 0 12 1 0 917
539 C 553136 1206 989 549863 759 1 0 10 0 308
540 C 534047 1968 817 529853 845 0 0 12 0 552
541 T 537198 704 534726 908 581 0 9 0 0 270
542 A 537829 535474 601 753 644 2 0 0 0 355
543 T 551858 696 549206 796 639 0 24 0 0 497
544 G 581383 796 718 567 579027 0 0 0 8 267
545 T 531011 811 528276 616 715 0 7 0 0 586
546 G 532656 813 954 508 530094 0 0 0 3 284
547 A 529192 527375 493 501 596 7 0 0 0 220
548 A 526875 524786 509 462 606 9 0 0 0 503
549 C 545815 583 581 543957 467 0 0 7 0 220
550 A 528803 526808 533 487 562 11 0 0 0 402
551 A 533743 531801 535 460 517 2 0 0 0 428
552 T 534534 602 532761 461 479 0 5 0 0 226
553 A 521597 519663 544 426 573 11 0 0 0 380
554 A 563326 561124 701 563 682 5 0 0 0 251
555 A 557451 554876 646 547 779 4 0 0 0 599
556 G 551614 488 1886 326 548618 0 0 0 8 288
557 G 562345 477 1271 400 559517 0 0 0 6 674
558 G 546143 531 684 389 544223 0 0 0 8 308
559 A 537153 535239 496 410 542 8 0 0 0 458
560 A 534718 533035 439 368 507 5 0 0 0 364
561 A 532734 530855 521 361 603 5 0 0 0 389
562 G 539759 886 917 687 536453 0 0 0 8 808
563 A 523115 520604 683 665 722 1 0 0 0 440
564 A 507122 504690 719 595 690 6 0 0 1 421
565 G 484067 638 571 444 482180 0 0 0 4 230
566 T 514771 614 511725 561 583 0 17 0 0 1271
567 C 533109 810 615 530756 531 0 0 18 0 379
568 C 533409 1172 615 530742 574 0 0 6 0 300
569 T 534863 668 532346 805 644 0 10 1 0 389
570 T 480541 541 478681 534 542 0 11 0 0 232
571 G 507418 766 575 484 505411 0 0 0 9 173
572 T 514020 727 511296 519 736 0 21 0 0 721
573 A 543402 540636 762 432 789 14 0 0 0 769
574 C 545824 683 610 543438 545 0 0 17 0 531
575 T 503650 652 501529 645 504 0 19 0 0 301
576 A 529107 526937 688 561 617 9 0 0 0 295
577 T 521958 678 519638 502 582 0 9 0 0 549
578 G 539163 628 2039 544 535664 0 0 1 21 266
579 G 631722 867 2651 719 627067 0 0 0 9 409
580 G 576518 1001 1823 742 572514 0 0 0 23 415
581 G 612535 853 993 983 609425 0 0 0 7 274
582 T 575217 866 570564 908 689 0 14 0 0 2176
583 G 631996 1325 1196 1199 627591 0 0 1 18 666
584 T 650850 960 646881 1435 959 0 25 0 0 590
585 T 599396 943 595895 1069 855 0 12 0 0 622
586 C 608233 1015 824 604965 707 0 0 4 0 718
587 A 608407 605588 840 884 751 6 0 0 0 338
588 T 605711 694 602581 892 684 1 12 0 0 847
589 C 606434 1160 1194 603042 774 0 0 7 0 257
590 A 597556 591615 998 902 692 6 0 0 0 3343
591 C 606740 868 1037 603891 638 0 0 15 0 291
592 C 597411 695 218 596033 128 0 0 9 0 328
593 C 575169 1970 314 572389 144 0 0 2 0 350
594 G 607708 423 179 127 606688 0 0 0 2 289
595 T 602618 131 601725 105 110 0 11 0 0 536
596 C 604955 468 143 603900 80 0 0 3 0 361
597 T 639512 116 638841 237 58 0 2 0 0 258
598 A 619186 618302 129 53 186 13 0 0 0 503
599 G 623782 152 339 81 623050 0 0 0 7 153
600 C 617819 248 339 616591 76 0 0 3 0 562
601 A 615345 613978 380 355 316 21 0 0 0 295
602 G 639737 483 479 284 638112 0 0 0 12 367
603 T 577797 490 575954 382 332 0 3 0 0 636
604 G 625858 1253 1235 939 621931 0 0 0 8 492
605 A 627207 623384 1381 950 1042 2 0 0 0 448
606 T 625029 1053 621150 1357 1047 0 8 0 0 414
607 G 662845 1195 1852 1088 658234 0 0 0 5 471
608 A 651475 647026 1286 1019 1483 7 0 0 0 654
609 G 665317 1254 1424 1095 660927 0 0 0 15 602
610 C 667846 919 881 664704 718 0 0 8 0 616
611 A 639646 636698 779 816 803 11 0 0 0 539
612 A 649042 645901 806 697 744 11 0 0 0 883
613 C 648075 454 450 646415 320 0 0 14 0 422
614 A 625047 622972 319 336 718 13 0 0 0 689
615 G 592041 231 688 143 590742 0 0 0 12 225
616 A 566927 564456 659 471 799 11 0 0 0 531
617 G 564401 570 639 524 562333 0 0 0 7 328
618 T 546008 576 542740 584 637 0 4 0 0 1467
619 C 564398 1043 782 561392 839 0 0 10 0 332
620 T 503397 636 500884 799 640 1 12 0 1 424
621 C 540575 896 740 537933 683 0 1 5 0 317
622 T 494221 537 492033 702 552 0 11 0 0 386
623 A 496460 494314 594 548 716 10 0 0 0 278
624 T 504917 527 502852 587 527 0 10 0 0 414
625 A 482831 481028 519 537 486 10 0 0 0 251
626 G 494587 621 556 531 492447 0 0 0 36 396
627 T 474821 578 472565 582 403 0 6 0 0 687
628 A 416743 414876 495 495 442 9 0 0 0 426
629 A 424348 422576 587 518 413 4 0 0 0 250
630 T 406766 499 405092 548 378 0 9 0 0 240
631 G 409451 509 968 415 407300 0 0 0 7 252
632 G 400549 444 617 442 398854 0 0 0 3 189
633 A 398903 397154 452 455 418 5 0 0 0 419
634 A 408357 406571 629 531 424 5 0 0 0 197
635 A 403592 401291 535 524 525 3 0 0 0 714
636 T 402697 541 400732 549 464 0 6 0 0 405
637 G 422033 386 488 360 420389 0 0 0 5 405
638 C 421520 478 416 419753 371 0 0 7 0 495
639 T 419357 423 418048 370 282 0 5 0 0 229
640 T 423720 147 422915 202 160 0 2 0 0 294
641 A 423846 423050 180 90 193 8 0 0 0 325
642 T 430344 154 429603 113 244 0 3 0 0 227
643 G 355281 332 396 300 353996 0 0 0 8 249
644 T 398550 376 397014 474 356 0 7 0 0 323
645 C 401777 554 490 399990 392 0 0 14 0 337
646 T 390571 471 388934 530 406 0 2 0 0 228
647 C 405990 765 478 404028 459 0 0 11 0 249
648 T 399844 455 398064 599 408 0 8 0 0 310
649 G 418667 396 342 321 417355 0 0 0 8 245
650 T 420175 285 418702 377 354 0 6 0 0 451
651 A 401013 399686 324 310 347 12 0 0 0 334
652 G 412440 290 608 381 410842 0 0 0 10 309
653 C 370004 441 359 368662 318 0 0 11 0 213
654 G 379485 301 287 347 378249 0 0 0 7 294
655 T 366850 354 365007 595 492 0 0 0 0 402
656 C 349924 463 413 348300 472 0 0 6 0 270
657 T 349629 387 347903 696 459 0 3 0 0 181
658 T 354367 532 352443 689 465 0 5 0 0 233
659 C 392825 744 605 390537 611 0 0 2 0 326
660 A 392390 390156 599 692 545 3 0 0 0 395
661 A 408503 406324 552 726 603 4 0 0 0 294
662 A 418690 416388 683 706 561 12 0 0 0 340
663 T 419875 759 417608 677 553 0 8 0 0 270
664 T 432829 1772 427894 1365 1453 0 10 0 0 335
665 A 432341 427601 1661 1549 1203 12 0 0 0 315
666 T 439549 1805 434670 1147 1414 0 4 0 0 509
667 A 439023 433804 1758 1806 1430 5 0 0 0 220
668 A 403425 398898 1499 1608 1080 14 0 0 0 326
669 C 417364 1670 1205 413124 1098 0 0 6 0 261
670 A 391249 388595 735 885 813 9 0 0 0 212
671 G 407167 950 1312 935 403545 0 0 0 2 423
672 G 422710 875 1363 941 419350 0 0 0 5 176
673 A 427113 425243 456 496 524 4 0 0 0 390
674 G 437147 604 549 552 435213 0 0 0 10 219
675 A 446486 444670 391 519 481 13 0 0 0 412
676 T 445959 1108 442676 1092 783 0 8 0 0 292
677 T 482670 1187 478868 1381 930 0 3 0 0 301
678 C 482408 1333 1256 478174 1062 0 0 4 0 579
679 A 480297 474023 745 858 826 7 0 0 0 3838
680 C 501754 951 681 499024 674 0 0 11 0 413
681 C 495853 1200 837 492879 716 0 0 11 0 210
682 C 494420 2898 1262 488748 1183 0 0 4 0 325
683 C 485788 3212 1586 479126 1502 0 1 6 0 355
684 G 506007 1691 2269 1532 500051 0 0 1 5 458
685 G 513064 1908 2009 1649 506968 0 0 0 10 520
686 A 489996 484688 1704 1515 1757 2 0 0 0 330
687 A 489837 484479 1777 1606 1605 14 0 0 0 356
688 A 488347 483640 1406 1450 1360 8 0 0 0 483
689 T 484870 1390 480542 1383 1267 0 7 0 0 281
690 A 508572 503374 1679 1523 1491 8 0 0 0 497
691 G 495476 1422 1642 1557 490494 0 1 0 14 346
692 C 507666 1677 1506 502697 1531 0 0 11 0 244
693 T 449902 1244 445581 1585 1169 0 6 0 0 317
694 G 449556 1727 1577 1346 444737 0 0 0 2 167
695 C 481150 1962 1747 475343 1749 0 0 3 0 346
696 A 456805 451567 1774 1459 1688 0 0 0 0 317
697 A 458466 452875 1824 1422 1953 3 0 0 0 389
698 G 463031 1764 2142 1365 457555 0 0 0 2 203
699 G 512160 1781 2166 1433 506399 0 1 0 20 360
700 C 510416 1151 982 507098 831 1 0 21 0 332
701 C 511523 1201 893 508305 716 0 0 2 0 406
702 C 524081 1712 999 519905 801 0 0 8 0 656
703 A 520883 517542 961 959 1022 13 0 0 0 386
704 A 544332 541140 952 911 925 4 0 0 0 400
705 A 542844 539930 837 904 901 13 0 0 0 259
706 G 579664 1500 1508 1651 574432 1 1 0 15 556
707 T 579653 1571 574482 1570 1280 0 13 0 0 737
708 A 544445 539578 1621 1485 1314 10 0 0 0 437
709 A 543466 539710 1182 1208 1083 7 0 0 0 276
710 G 524539 1163 1524 1217 520339 0 0 0 4 292
711 A 516971 513451 1045 1067 998 14 0 0 0 396
712 G 528089 753 638 777 525638 0 0 0 6 277
713 A 505862 503349 669 735 607 11 0 0 0 491
714 T 508935 681 505986 929 579 0 5 0 1 754
715 C 505372 1561 1508 500619 1331 0 0 6 0 347
716 A 502566 497743 1546 1471 1402 10 0 0 0 394
717 A 524268 519563 1494 1275 1439 16 0 0 0 481
718 C 513212 531 434 511617 324 0 0 14 0 292
719 A 506027 504204 450 497 454 11 0 0 0 411
720 T 490573 439 488938 525 366 0 5 0 0 300
721 G 474159 315 1760 250 471077 0 0 0 9 748
722 G 474565 311 1000 275 472802 0 0 0 5 172
723 G 464001 424 668 262 462292 0 0 0 2 353
724 A 481667 479291 516 554 858 18 0 0 0 430
725 G 489134 671 1144 584 486349 0 1 0 10 375
726 G 473064 592 764 568 470555 0 0 1 8 576
727 A 473482 470257 874 968 854 6 0 0 0 523
728 T 469654 867 466657 966 859 0 2 0 0 303
729 G 454431 922 1016 798 451396 0 0 0 6 293
730 A 490314 487355 927 838 909 10 0 0 0 275
731 A 500860 497137 966 948 928 21 0 0 0 860
732 C 519805 975 1083 516642 706 0 0 9 0 390
733 T 492059 1064 488682 1007 920 0 20 0 0 366
734 A 496505 493111 1162 908 974 9 0 0 1 340
735 T 546920 1182 543458 1008 939 0 20 0 1 312
736 T 551196 1503 546646 1231 1323 0 29 0 0 464
737 A 556232 551403 1409 1332 1331 27 0 0 1 729
738 C 538365 1448 1190 534244 1207 0 0 7 0 269
739 T 508779 1948 502797 1934 1719 0 22 0 0 359
740 G 502039 1997 2287 1704 495720 0 0 0 5 326
741 G 489680 1974 2001 1736 483725 0 0 0 2 242
742 A 519731 515776 1079 938 832 19 0 0 0 1087
743 C 527097 1205 935 523794 815 0 0 12 0 336
744 C 472438 1471 911 469052 826 0 0 7 0 171
745 T 468022 1035 464413 1153 1108 0 6 0 1 306
746 T 485293 1082 481784 1204 1017 0 5 0 0 201
747 G 486868 1015 1255 980 483156 0 0 0 14 448
748 C 479475 939 921 476638 725 0 0 8 0 244
749 T 503671 859 500658 913 656 0 8 0 0 577
750 A 499254 496199 927 883 941 6 0 0 0 298
751 G 524302 927 1030 764 521200 0 0 0 2 379
752 A 532330 529593 791 766 716 6 0 0 0 458
753 A 519551 516094 683 762 622 17 0 0 0 1373
754 C 532795 557 697 530546 534 0 0 6 0 455
755 C 499708 924 573 497215 609 0 0 6 0 381
756 C 510634 2270 742 506459 799 0 0 1 0 363
757 G 511365 1087 1220 743 507927 0 0 0 5 383
758 G 515808 713 1356 730 512476 0 0 0 8 525
759 A 518415 515404 518 844 1209 5 0 0 0 435
760 G 518059 659 1052 1097 514933 0 0 0 6 312
761 A 528784 525645 842 1201 607 11 0 0 0 478
762 C 549619 960 272 547090 1046 0 0 1 0 250
763 A 538392 536127 446 773 397 11 0 0 0 638
764 C 586667 603 529 584563 614 0 0 4 0 354
765 A 584858 582417 604 823 574 22 0 0 0 418
766 A 573707 567988 1739 1961 1679 3 0 0 0 337
767 T 573556 1770 567865 1895 1706 0 10 0 0 310
768 A 571152 565520 838 2039 2331 10 0 0 0 414
769 A 610396 603735 2026 2233 2008 13 0 0 0 381
770 T 611837 2299 605157 1956 2091 0 6 0 0 328
771 A 605514 598738 2122 2023 1942 27 0 0 0 662
772 T 599119 1309 595498 1088 961 0 14 0 0 249
773 T 532598 1226 528903 1101 942 0 15 0 0 411
774 T 530533 948 527194 1015 1076 0 9 0 0 291
775 G 505597 491 844 470 503450 1 0 0 11 330
776 A 500938 498676 414 491 692 7 0 0 0 658
777 G 502851 480 533 414 501165 0 0 0 10 249
778 G 498920 237 320 415 497583 0 0 0 8 357
779 C 524274 579 379 522744 244 0 0 4 0 324
780 A 523696 522407 266 312 319 3 0 0 0 389
781 A 522017 517964 1154 1346 1013 3 0 0 0 537
782 C 561443 1312 833 557820 1099 0 0 11 0 368
783 T 553671 1262 549122 1581 1177 0 15 0 0 514
784 G 524342 908 1354 1188 520522 0 0 0 6 364
785 G 522006 987 1106 1211 518371 0 0 0 15 316
786 T 527536 882 521834 1329 1192 0 11 0 0 2288
787 A 531390 526666 1777 1505 827 11 0 0 0 604
788 A 552859 548222 1495 1238 1427 6 0 0 0 471
789 T 578653 1590 573650 1716 1236 0 19 0 0 442
790 C 579092 1270 764 575419 1341 0 0 18 1 279
791 T 579054 1301 574731 1700 1046 0 17 0 0 259
792 A 575419 571876 1039 1033 1126 11 0 0 0 334
793 A 575391 571846 1121 867 1116 13 0 0 0 428
794 T 577382 1126 573936 961 1070 0 7 0 0 282
795 A 542603 539136 1018 919 1138 10 0 0 0 382
796 G 541121 561 698 434 539210 0 0 0 8 210
797 C 536861 458 507 535062 517 0 0 8 0 309
798 A 538288 534868 433 681 600 14 0 0 0 1692
799 C 545006 463 508 543076 524 0 0 9 0 426
800 C 524991 1065 351 522645 659 0 0 7 0 264
801 A 527213 525068 810 611 397 4 0 0 0 323
802 T 533002 723 530586 770 682 0 7 0 0 234
803 G 517553 732 1166 683 514599 0 0 0 8 365
804 G 524909 761 778 595 522485 0 0 0 10 280
805 T 505031 918 500412 1034 698 0 10 0 0 1959
806 A 506912 503921 1047 955 710 5 0 0 0 274
807 T 503243 938 499983 954 917 0 8 0 0 443
808 G 530502 1434 1611 1310 525654 0 0 1 19 473
809 C 557798 1406 1516 553207 1228 0 0 24 0 417
810 T 517275 1447 512368 1550 1340 0 21 0 0 549
811 T 495766 550 492335 1668 842 0 6 0 0 365
812 T 496673 893 493148 1515 868 0 5 0 1 243
813 C 437568 896 1081 434520 718 0 0 0 0 353
814 G 447230 820 797 816 444650 0 0 0 5 142
815 C 429137 799 694 426590 649 0 0 6 0 399
816 A 429697 427118 702 714 688 5 0 0 0 470
817 C 442504 699 700 440253 606 0 0 2 0 244
818 T 428934 693 426195 1168 626 0 5 0 0 247
819 G 517920 883 1290 645 514788 0 0 0 15 299
820 A 523708 519445 1308 1373 1098 49 0 0 0 435
821 G 536607 1284 1431 1434 532149 0 0 0 2 307
822 T 614234 1509 608269 2051 1162 1 10 0 0 1232
823 A 610714 605076 2033 1701 1333 17 0 0 0 554
824 G 635661 2019 2562 2027 628721 0 0 0 18 314
825 A 650245 644256 1976 1725 1704 12 0 1 0 571
826 G 664541 1755 2870 1610 657881 0 0 0 41 384
827 G 670427 1619 2080 1840 664317 0 0 0 33 538
828 G 592179 1636 1629 1592 587036 0 0 0 11 275
829 T 576171 1832 568570 2312 1888 0 8 0 0 1561
830 T 689376 2530 681573 2710 2133 0 4 0 0 426
831 T 677988 2407 669910 3002 2075 0 4 0 0 590
832 G 689155 2532 2691 1801 681703 0 0 0 12 416
833 A 684190 677493 2159 1985 2112 11 0 0 0 430
834 G 716730 2457 2365 1882 709653 0 0 0 2 371
835 T 698734 599 695958 1105 122 0 20 0 0 930
836 C 698487 1014 565 695259 375 0 0 7 0 1267
837 C 688340 1652 981 684426 445 0 1 5 0 830
838 G 697130 1834 2154 1955 690700 0 0 0 8 479
839 G 698517 1652 1608 1810 692611 0 0 0 5 831
840 C 695440 2065 1647 690260 1105 0 0 3 0 360
841 A 694902 689908 1656 1269 1519 5 0 0 0 545
842 T 719914 1745 714701 1549 1432 0 7 0 0 480
843 C 718533 1816 1947 712459 1474 1 0 8 0 828
844 A 727223 724155 1147 701 873 6 0 0 0 341
845 T 717935 978 714907 723 844 0 10 0 0 473
846 C 724956 1126 1302 721609 543 0 0 4 0 372
847 A 712428 704501 2104 1966 1449 3 0 0 0 2405
848 C 744339 1843 2183 738308 1589 0 0 13 0 403
849 C 743616 2862 2657 735632 1880 0 0 18 0 567
850 T 724077 2757 715785 2663 2397 0 4 0 0 471
851 C 723175 4319 3732 713040 1618 0 0 5 0 461
852 A 742930 734035 3502 2654 2447 14 0 2 0 276
853 A 735749 728993 2168 1762 2301 9 0 0 0 516
854 A 741140 734090 2683 2048 1847 7 0 0 0 465
855 C 735711 2733 2966 727529 1840 0 0 40 0 603
856 G 733399 1316 1631 1113 728920 0 1 0 8 410
857 C 659123 1801 1431 654851 702 0 0 4 0 334
858 G 637676 1292 1045 918 634054 0 0 0 7 360
859 T 651215 1006 647695 1084 651 0 4 0 0 775
860 C 649707 1574 957 645386 685 0 0 6 0 1099
861 A 668205 664414 1232 1147 626 13 0 0 0 773
862 A 706696 702287 1487 1156 1139 7 0 0 0 620
863 T 692649 1467 688223 1290 1178 0 16 0 0 475
864 G 706241 1609 1588 1365 701298 0 0 0 22 359
865 C 707738 1582 1452 703096 979 0 0 13 0 616
866 A 678594 674330 1176 1416 1111 13 0 0 0 548
867 T 678081 1304 673700 1382 1030 1 10 0 0 654
868 G 487777 899 1387 849 484209 0 0 0 6 427
869 A 487212 484173 781 902 897 14 0 0 0 445
870 G 536226 873 866 817 533422 0 0 0 11 237
871 T 517077 1099 512960 975 997 0 27 0 0 1019
872 G 526648 1280 1297 1097 522797 0 0 0 9 168
873 T 513451 1146 509548 1281 977 0 7 0 0 492
874 A 514687 512055 723 935 768 15 0 0 0 191
875 A 491933 489425 632 908 609 12 0 0 0 347
876 C 485292 802 935 483090 242 0 0 4 0 219
877 A 482895 479266 1111 1083 826 12 0 0 0 597
878 C 481187 1030 1136 478049 773 0 0 6 0 193
879 G 440542 1088 1309 997 436815 1 0 0 6 326
880 A 442013 439189 1085 804 728 3 0 0 0 204
881 A 438020 434927 1118 866 757 3 0 0 0 349
882 G 464923 1056 1233 992 461386 0 0 0 3 253
883 T 448449 859 444825 977 811 0 9 0 0 968
884 G 463382 1001 1238 917 459910 0 0 0 0 316
885 T 459688 951 456191 1112 957 0 6 0 0 471
886 C 468367 815 554 466487 267 0 0 6 0 238
887 A 457721 455859 381 458 610 5 0 0 0 408
888 A 471746 470298 370 234 598 3 0 0 0 243
889 A 519519 516517 728 694 713 18 0 0 0 849
890 C 525625 796 842 523130 563 0 0 9 0 285
891 A 494003 489108 668 672 674 12 0 0 0 2869
892 C 561947 502 513 560226 309 0 0 12 0 385
893 C 549790 1020 530 547438 309 0 0 23 0 470
894 C 560787 2043 442 557691 367 0 0 5 0 239
895 C 552503 2846 1119 547161 979 0 0 12 0 386
896 A 557985 553999 958 1195 1394 14 0 0 0 425
897 G 513453 1078 2303 689 509094 0 0 0 5 284
898 G 516786 643 1535 991 513317 0 0 0 9 291
899 G 557822 1128 1410 1138 553711 1 0 0 19 415
900 A 555992 552556 745 1101 1126 15 0 0 0 449
901 G 571972 1886 2081 1793 565794 0 0 0 5 413
902 C 587766 1818 1960 582000 1712 0 0 23 0 253
903 T 582129 1767 576354 2000 1494 0 7 0 0 507
904 A 759189 755305 918 1427 1185 15 0 0 0 339
905 T 756487 1504 752258 1201 953 0 14 0 0 557
906 A 792799 788629 1356 1060 1349 16 0 0 0 389
907 A 791813 787703 1342 912 1500 8 0 0 0 348
908 A 757523 753088 1229 1256 1387 28 0 0 0 535
909 C 767869 1149 1327 762781 1429 0 0 11 0 1172
910 A 708050 705655 508 578 1031 10 0 0 0 268
911 G 708767 714 718 471 705410 0 0 0 14 1440
912 C 710515 708 734 708080 779 0 0 11 0 203
913 A 684915 682724 402 376 685 6 0 0 0 722
914 A 683712 681855 505 365 658 3 0 0 0 326
915 T 678042 450 676204 445 191 0 6 0 0 746
916 C 687317 956 946 683990 883 0 0 7 0 535
917 T 685171 718 681792 989 1042 0 1 0 1 628
918 C 680341 1428 797 676308 1023 0 0 5 0 780
919 C 622128 1839 857 618132 930 0 0 5 0 365
920 C 617998 2688 910 613073 845 0 0 2 0 480
921 T 615777 903 612754 813 904 0 5 0 0 398
922 T 621666 726 619293 794 653 0 2 0 0 198
923 T 614815 671 611954 735 830 0 3 0 0 622
924 C 619826 1005 822 617037 761 0 0 9 0 192
925 C 614868 1747 978 610684 994 0 0 8 0 457
926 A 608625 605303 934 850 1371 6 0 0 0 161
927 G 618220 999 1202 794 614898 0 0 0 5 322
928 A 616849 614263 715 700 821 6 0 0 0 344
929 A 654159 651495 685 721 783 13 0 0 0 462
930 T 659400 864 656558 674 735 1 23 0 0 545
931 A 611406 608245 841 700 1130 10 0 0 0 480
932 T 613687 946 610541 764 1183 0 13 0 0 240
933 A 588821 584362 867 674 1232 19 0 0 0 1667
934 C 609756 1094 1400 605810 1213 0 0 11 0 228
935 A 591929 585210 1063 980 1427 7 0 0 0 3242
936 C 598304 1064 1174 594426 1333 0 0 32 0 275
937 C 573843 1208 517 571026 762 0 0 10 0 320
938 C 506668 2318 689 502502 965 0 0 5 0 189
939 A 504166 501648 551 630 1061 6 0 0 0 270
940 G 509739 1401 1726 1490 504749 0 0 0 7 366
941 T 420809 1127 416751 1301 1182 0 6 0 0 442
942 C 428270 1412 1264 423965 1091 0 0 4 0 534
943 A 414215 410005 1266 1379 1149 5 0 0 0 411
944 C 489420 1509 1380 484846 1351 0 0 11 0 323
945 A 481295 477063 1280 1178 1279 30 0 0 0 465
946 A 499464 495294 1494 1133 1126 6 0 0 0 411
947 T 506022 1411 501692 1308 1144 0 16 0 0 451
948 A 449672 445846 1217 1073 1182 17 0 0 0 337
949 G 480250 1551 2232 1222 475040 0 0 0 14 191
950 G 501071 1734 2078 1255 495727 0 0 0 5 272
951 A 504242 499182 1420 1603 1387 18 0 0 0 632
952 G 587484 1861 2556 1541 581174 0 0 0 10 342
953 A 536940 531705 1714 1586 1469 5 0 1 0 460
954 G 544052 1589 1813 1374 539031 0 0 0 3 242
955 T 533222 630 529399 685 750 0 4 0 0 1754
956 G 557216 945 1095 708 554107 0 0 0 5 356
957 C 596058 907 1190 592366 858 0 0 13 1 723
958 C 603980 1162 1186 600696 688 0 0 4 0 244
959 C 612705 2033 1064 608095 811 0 0 5 0 697
960 A 626473 623066 1057 1313 824 6 0 0 0 207
961 A 641934 637995 1163 926 1126 6 0 0 0 718
962 A 648317 644792 1390 1037 788 7 0 0 0 303
963 A 652254 648285 1347 879 934 7 0 0 0 802
964 T 672459 1511 667788 1434 1339 0 5 0 0 382
965 A 664835 660022 1633 1426 1146 7 0 0 0 601
966 T 671170 1535 666391 1534 1356 0 6 0 0 348
967 G 670006 1452 1499 1225 665286 0 0 0 5 539
968 T 676473 1448 671631 1537 1157 0 14 1 0 685
969 C 683698 1768 1304 679263 1049 0 0 7 0 307
970 A 665313 658978 1921 1985 1923 6 0 0 0 500
971 G 664005 1786 2808 1635 657375 0 0 0 8 393
972 G 665884 1630 2465 1638 659871 0 0 0 4 276
973 A 654302 647545 2180 2002 2082 3 0 0 1 489
974 G 664044 2099 2100 1777 657820 0 0 0 6 242
975 T 649370 1724 640661 2142 2007 0 10 0 0 2826
976 A 646205 642908 771 649 853 1 0 0 0 1023
977 C 643771 652 828 641162 708 0 0 8 0 413
978 C 636961 1392 731 633780 724 0 0 6 0 328
979 A 637027 633203 1110 1036 1146 7 0 0 0 525
980 A 639166 635563 1043 1042 1156 9 0 1 0 352
981 A 647476 643446 1089 975 1182 10 0 0 1 773
982 T 647536 1758 642054 1673 1753 0 10 0 0 288
983 T 628531 1976 621954 1937 1893 0 16 0 0 755
984 G 633049 2004 2592 1766 626482 0 0 0 6 199
985 A 610048 604860 1263 974 1650 3 1 0 0 1297
986 G 613249 1219 1766 1046 608929 0 0 0 15 274
987 G 613046 1180 1150 997 609081 0 0 0 15 623
988 A 577347 573809 982 838 1211 10 0 0 0 497
989 T 569116 865 566004 798 1041 0 10 0 0 398
990 G 623874 1001 1346 937 620056 1 0 0 21 512
991 G 620215 947 1018 876 616714 0 0 0 13 647
992 T 646879 991 642816 985 1303 0 14 0 0 770
993 T 464108 677 461581 742 722 0 21 0 0 365
994 A 466260 464087 636 492 790 15 0 0 0 240
995 C 446082 856 713 443577 601 0 0 5 0 330
996 A 446516 443951 552 747 1027 11 0 0 0 228
997 G 470919 661 1142 528 467972 0 0 0 13 603
998 G 463775 659 839 555 461469 0 0 0 13 240
999 A 451367 448884 574 600 688 21 0 0 1 599
1000 C 458806 776 810 456166 820 0 0 8 0 226
1001 T 435511 851 432909 824 742 0 4 0 0 181
1002 A 439739 436986 900 663 819 3 0 0 0 368
1003 A 438557 437210 366 264 488 5 0 0 0 224
1004 G 449025 421 488 302 447482 0 0 0 10 322
1005 A 439812 438376 379 304 456 7 0 0 0 290
1006 A 434597 432741 474 497 661 4 0 0 0 220
1007 A 431862 429608 537 421 675 7 0 0 0 614
1008 C 436499 600 553 434393 628 0 0 4 0 321
1009 A 430854 429047 388 328 556 7 0 0 0 528
1010 T 423429 411 421838 399 478 0 1 0 0 302
1011 C 421484 527 473 419713 483 0 0 7 0 281
1012 C 441374 1179 627 438745 541 0 0 4 0 278
1013 C 429337 1841 500 426221 528 0 0 2 0 245
1014 A 427154 425251 512 401 595 2 0 0 0 393
1015 T 420261 556 418303 496 500 0 3 0 0 403
1016 C 423116 725 575 421010 562 0 0 6 0 238
1017 C 422327 1073 759 419714 491 0 0 3 0 287
1018 A 467299 465751 566 325 496 12 0 0 0 149
1019 T 469497 503 467416 386 484 1 16 0 0 691
1020 T 468794 512 467113 412 470 1 5 0 0 281
1021 C 481248 872 719 478638 572 1 0 8 0 438
1022 A 480363 478191 676 556 710 11 0 0 0 219
1023 A 499547 497469 618 494 704 8 0 0 0 254
1024 T 500154 822 497677 648 605 0 17 0 0 385
1025 A 536532 533261 971 781 868 14 0 1 0 636
1026 C 549975 1151 980 546814 718 0 0 5 0 307
1027 A 519351 514935 1596 1263 1291 7 0 0 0 259
1028 G 517132 1385 1570 1431 512518 0 0 0 11 217
1029 A 506421 502421 1262 1248 1204 5 0 0 0 281
1030 G 592419 1027 1362 821 588651 0 0 0 21 537
1031 G 617268 1081 1038 849 613639 0 0 0 29 632
1032 T 587321 1190 581765 901 819 0 6 0 1 2639
1033 C 592960 1724 1277 588417 1018 0 0 10 0 514
1034 T 597654 1521 593678 1232 963 0 14 0 0 246
1035 A 633786 629920 1443 788 1036 9 0 0 0 590
1036 T 660215 1137 656994 929 779 0 13 0 0 363
1037 T 659831 1202 656131 922 740 0 29 0 0 807
1038 T 652464 1138 649006 872 912 0 5 0 1 530
1039 G 582551 758 1462 656 579369 0 0 0 8 298
1040 G 589262 812 1105 622 586318 0 0 0 4 401
1041 A 579291 576448 622 572 985 4 0 0 0 660
1042 G 586736 500 1796 484 583579 0 0 0 12 365
1043 C 588083 761 674 585672 502 0 0 7 0 467
1044 C 573091 888 533 570946 489 1 0 4 0 230
1045 A 577239 573629 1046 1007 1029 3 0 0 0 525
1046 T 571987 1012 568749 929 1024 0 2 0 0 271
1047 T 575770 1025 572232 929 993 0 8 0 0 583
1048 G 575236 1404 1429 1954 570175 0 0 0 2 272
1049 C 588574 1459 1542 583814 1182 0 1 2 0 574
1050 T 589912 1320 584644 2306 1337 0 1 0 0 304
1051 G 598327 912 1273 967 594837 0 0 0 5 333
1052 G 666728 1056 1018 1457 662759 0 0 0 15 423
1053 T 655864 903 650677 1690 1488 0 25 0 0 1081
1054 T 654285 2421 645736 2752 2868 0 3 0 0 505
1055 T 651497 2798 643120 2697 2605 0 6 0 0 271
1056 T 662513 3008 653439 2835 2743 0 12 0 0 476
1057 A 671336 663497 2612 2542 2108 10 0 0 0 567
1058 T 666908 2924 659122 2522 2006 0 9 0 0 325
1059 T 662238 2457 653915 2354 2560 0 19 0 0 933
1060 G 674754 2002 2884 1164 668453 0 0 0 13 238
1061 A 617508 611362 1522 1180 2725 11 0 0 0 708
1062 G 616306 2054 2804 1539 609482 0 0 0 9 418
1063 G 615100 1770 3453 2068 607486 0 0 0 9 314
1064 G 613186 1847 3601 2024 605203 0 0 0 7 504
1065 G 619088 2009 3986 2054 610639 0 0 0 6 394
1066 G 601208 2118 3124 2059 593460 0 0 0 11 436
1067 G 532736 2268 1572 1927 526558 0 0 0 6 405
1068 A 528372 521354 2368 1056 2931 6 0 0 0 657
1069 T 524188 2124 517402 2040 2082 0 6 0 1 533
1070 G 515774 1657 2275 1948 509646 0 0 0 8 240
1071 G 521738 1945 1628 1884 515510 0 0 0 9 762
1072 A 466534 460685 1425 2071 1864 16 0 0 0 473
1073 C 467083 1910 1514 461641 1618 1 0 10 0 389
1074 T 440895 1562 435342 1990 1669 0 13 0 0 319
1075 G 439026 697 1213 1106 435797 0 0 1 6 206
1076 G 448280 938 945 908 445078 0 0 0 1 410
1077 A 442463 439532 717 863 977 15 0 0 0 359
1078 A 445291 439912 1754 1700 1566 12 0 0 0 347
1079 T 367666 1432 363827 987 1186 0 4 0 0 230
1080 G 413903 2246 1567 1295 408516 0 0 0 5 274
1081 A 424170 418644 1672 1714 1703 5 0 0 0 432
1082 T 421777 1755 416077 1874 1743 0 2 0 0 326
1083 A 418681 412996 1669 1777 1861 11 0 0 0 367
1084 G 385715 336 862 825 383545 0 0 0 2 145
1085 A 446768 443757 970 749 920 14 0 1 0 357
1086 T 446970 765 443998 910 945 0 11 0 0 341
1087 G 468487 667 1186 604 465481 0 0 0 8 541
1088 G 482938 785 558 778 480513 0 0 0 14 290
1089 A 499202 496078 1105 1133 388 10 0 0 0 488
1090 T 521817 1010 518153 1235 1034 0 14 0 0 371
1091 G 519940 1236 1834 1144 515505 0 0 0 11 210
1092 G 593199 1033 1200 1124 589018 0 0 0 7 817
1093 T 587407 964 582642 1299 780 0 37 0 0 1685
1094 A 582069 578690 1083 1073 775 4 0 0 0 444
1095 T 575494 780 572374 1015 859 0 4 0 0 462
1096 G 591271 426 921 565 589104 0 0 0 18 237
1097 G 603010 476 682 500 600948 0 0 0 27 377
1098 T 605260 738 602262 524 949 0 5 0 0 782
1099 T 601682 426 598991 965 813 0 23 0 0 464
1100 A 594101 591562 642 702 889 11 0 0 0 295
1101 T 545656 638 543414 537 801 0 11 0 1 254
1102 C 546662 737 993 544137 593 0 0 4 0 198
1103 A 548106 545455 768 633 887 4 0 0 0 359
1104 T 546772 756 544186 577 881 0 9 0 0 363
1105 C 538639 834 870 535794 752 0 0 5 0 384
1106 A 519374 516712 802 665 787 3 0 0 0 405
1107 T 521003 756 518571 655 732 0 3 0 0 286
1108 C 525336 863 1073 522293 846 0 0 4 0 257
1109 A 516801 513762 906 707 955 3 0 0 0 468
1110 G 526066 792 964 645 523314 0 0 0 0 351
1111 A 523634 520653 812 422 1014 10 0 0 0 723
1112 A 523349 520599 782 617 1005 6 0 0 0 340
1113 T 526375 870 523250 909 1018 0 4 0 0 324
1114 G 515351 770 957 651 512486 0 0 0 5 482
1115 A 507927 505347 750 691 775 11 0 0 0 353
1116 A 509784 506749 656 699 822 9 0 0 0 849
1117 C 511235 702 841 508714 586 0 0 8 0 384
1118 A 503275 500692 689 740 793 4 0 0 0 357
1119 G 477620 528 1780 743 474242 0 0 0 7 320
1120 G 493221 1068 1269 820 489797 0 0 0 8 259
1121 G 500698 1067 971 854 497300 0 0 0 21 485
1122 A 510653 507210 1060 1076 901 6 0 0 0 400
1123 T 501654 1204 497877 1241 918 0 9 0 0 405
1124 C 483853 1311 1249 480061 1040 0 0 12 0 180
1125 A 493917 490130 1034 922 1553 6 0 0 0 272
1126 G 520874 1101 1567 1132 516575 0 0 0 18 481
1127 G 526776 1241 1259 1095 522694 1 0 0 27 459
1128 C 525207 1778 1211 520606 1313 0 0 11 0 288
1129 T 522029 1655 516912 1687 1355 0 16 0 0 404
1130 A 524013 519125 1466 1546 1517 9 0 0 0 350
1131 T 583124 1727 577498 1670 1683 0 16 0 0 530
1132 G 589692 2248 2300 1858 582854 2 0 0 39 391
1133 C 581417 2252 2238 574141 2066 0 0 21 0 699
1134 A 486806 480480 2008 1839 2141 10 0 0 1 327
1135 G 518516 1964 2643 1818 511849 0 0 0 14 228
1136 C 493361 2310 2251 486286 2046 0 0 9 0 459
1137 G 487969 2194 1768 1861 481785 0 0 0 8 353
1138 G 502790 979 1142 920 499225 0 0 0 8 516
1139 A 474378 470210 1072 896 1762 9 0 0 0 429
1140 T 496074 1691 491883 1058 1122 0 3 0 0 317
1141 C 484287 1493 2439 478841 1289 0 0 11 0 214
1142 A 525556 519373 1725 2291 1677 11 0 0 0 479
1143 A 531016 526126 1704 1392 1423 5 0 0 0 366
1144 A 532205 527261 1653 1392 1444 4 0 0 0 451
1145 A 539592 534918 1503 1426 1378 7 0 0 0 360
1146 A 531538 527154 1339 1306 1475 1 0 0 0 263
1147 A 526293 522810 835 746 1494 4 0 0 0 404
1148 G 546030 957 999 1120 542601 0 0 0 8 345
1149 C 542185 1041 1064 538617 949 0 0 4 0 510
1150 A 549071 543601 1522 1757 1601 2 0 0 0 588
1151 C 557541 1419 1575 552731 1523 0 0 9 0 284
1152 A 560846 555274 1498 1622 1731 6 0 0 0 715
1153 C 572492 1620 1789 566867 1884 0 0 3 0 329
1154 A 567659 561885 1563 1729 2185 9 0 0 0 288
1155 A 572241 566382 2010 1504 1813 5 0 0 0 527
1156 A 570589 567729 982 611 1021 9 0 0 0 237
1157 A 565713 562596 1162 638 899 5 0 0 0 413
1158 T 563773 1053 560695 733 934 0 7 0 0 351
1159 G 553575 768 1397 658 550493 0 1 0 5 253
1160 C 545482 851 905 542364 847 0 0 17 0 498
1161 C 542117 1116 788 538906 826 0 0 5 1 475
1162 A 517170 512554 1435 1124 1578 4 0 0 0 475
1163 T 501755 1190 497792 1003 1516 0 5 0 0 249
1164 T 492964 1220 489057 1062 1352 0 10 0 0 263
1165 A 489711 485348 1478 1334 1320 7 0 0 0 224
1166 A 484174 479444 1604 1442 1015 10 0 0 0 659
1167 C 485154 1740 1705 480376 794 0 0 10 0 529
1168 G 456907 836 2334 600 452780 0 0 0 4 353
1169 G 403384 672 1335 527 400607 0 0 0 12 231
1170 G 402059 738 838 497 399701 0 0 0 11 274
1171 A 395187 392228 914 796 746 8 0 0 0 495
1172 T 410704 740 408160 814 677 0 7 0 0 306
1173 T 405251 835 402556 919 623 0 3 0 0 315
1174 A 353076 348839 1460 1244 1252 7 0 0 0 274
1175 C 384395 1341 1647 379796 1456 1 0 13 1 140
1176 A 368372 363999 1576 1198 1260 19 0 0 0 320
1177 A 376357 373491 1026 757 835 0 0 0 0 248
1178 A 365522 362547 957 818 922 9 0 0 0 269
1179 C 349131 811 876 346408 628 0 0 5 0 403
1180 A 343872 341118 963 786 748 6 0 0 0 251
1181 A 348489 345797 832 695 927 2 0 0 0 236
1182 G 413838 830 1702 776 409931 0 0 0 8 591
1183 G 416200 1299 1712 1420 411541 0 0 0 14 214
1184 T 405413 1432 399729 1316 1510 0 5 0 0 1421
1185 G 418501 1712 1799 1329 413490 0 0 0 5 166
1186 A 430708 428440 679 655 621 9 0 0 0 304
1187 A 435249 432850 557 598 584 4 0 0 0 656
1188 C 459182 522 739 457020 421 0 0 8 0 472
1189 T 459054 342 457291 475 312 0 15 0 0 619
1190 C 475895 778 367 474046 475 0 0 5 0 224
1191 T 466444 418 464788 676 320 0 8 0 0 234
1192 G 472993 478 593 579 471014 0 0 0 6 323
1193 T 472128 520 470069 508 687 0 9 0 0 335
1194 T 483541 501 481256 680 613 0 5 0 0 486
1195 A 484505 481627 896 831 901 6 0 0 0 244
1196 T 482385 715 479472 785 1031 0 4 0 0 378
1197 C 474962 827 903 472069 928 0 0 6 0 229
1198 G 476750 487 832 407 474853 0 0 0 6 165
1199 A 467318 465491 214 460 831 2 0 0 1 319
1200 G 465292 386 559 473 463624 0 0 0 1 249
1201 A 460354 458526 386 373 593 3 0 0 0 473
1202 A 453452 451976 384 420 463 1 1 0 0 207
1203 A 458449 456923 344 347 571 1 0 0 0 263
1204 A 464940 462357 786 553 819 11 0 0 0 414
1205 T 465673 749 463214 582 852 0 5 0 0 271
1206 G 463802 723 838 538 460987 0 0 0 2 714
1207 A 461490 458973 728 559 982 2 0 0 0 246
1208 A 454080 451509 713 612 859 4 0 0 0 383
1209 C 449120 672 730 446695 770 0 0 5 0 248
1210 A 449128 445765 738 674 729 7 0 0 0 1215
1211 C 448460 636 732 446047 741 0 0 2 0 302
1212 T 439863 694 437333 638 724 0 6 0 0 468
1213 C 436982 1091 941 433846 828 0 0 4 0 272
1214 A 431037 428373 766 594 1082 3 0 0 1 218
1215 A 452752 450063 821 565 1093 7 0 0 1 202
1216 T 453164 507 450785 485 784 0 11 0 0 592
1217 T 456188 679 453883 505 793 0 6 0 0 322
1218 C 412510 812 599 410085 651 0 0 7 0 356
1219 A 396713 395309 244 442 299 13 0 0 0 406
1220 C 356168 308 305 354979 318 0 0 6 0 252
1221 A 343375 342241 195 298 463 4 0 0 1 173
1222 G 346845 394 565 336 345340 0 0 0 17 193
1223 C 343440 632 372 341518 531 0 0 6 0 381
1224 T 274497 300 273177 420 486 0 6 0 0 108
1225 G 276901 387 493 421 275372 0 0 0 6 222
1226 T 259116 399 257480 405 568 0 6 0 0 258
1227 G 261795 420 1066 404 259769 0 0 0 4 132
1228 G 251584 299 498 317 250251 0 0 0 4 215
1229 G 247869 431 335 288 246583 0 0 0 16 216
1230 T 240302 323 238615 286 485 0 3 0 0 590
1231 A 192792 191630 260 310 414 4 0 0 0 174
1232 A 201200 200039 326 363 340 1 0 0 0 131
1233 A 201002 199728 256 262 557 6 0 0 1 192
1234 G 200483 279 315 232 199530 0 0 0 8 119
1235 A 190857 189771 309 191 416 8 0 0 0 162
1236 A 176786 175884 217 178 412 5 0 0 0 90
1237 T 170705 350 169405 269 544 0 2 0 0 135
1238 T 172347 378 170921 339 544 0 3 0 0 162
1239 C 173529 454 433 171955 447 0 0 0 0 240
1240 A 173914 172551 372 301 542 1 0 0 0 147
1241 A 168809 167640 327 264 419 1 0 0 0 158
1242 C 186124 344 417 184845 399 0 0 1 1 117
1243 A 180948 179869 407 252 320 3 0 0 0 97
1244 A 191933 190632 373 283 350 4 0 0 0 291
1245 C 192630 330 365 191427 373 0 0 1 0 134
1246 T 195144 186 194365 219 183 0 0 0 0 191
1247 T 194602 224 193863 188 192 0 3 0 0 132
1248 A 195083 194265 278 163 292 2 0 0 0 83
1249 G 210266 300 260 107 209403 0 0 0 1 195
1250 A 214125 213357 183 121 299 2 0 0 0 163
1251 A 241718 240843 232 164 213 17 0 0 0 249
1252 A 240170 239368 242 171 226 7 0 0 0 156
1253 A 226980 226228 215 158 262 2 0 0 0 115
1254 A 227820 227077 189 172 254 2 0 0 0 126
1255 A 226545 225471 106 97 737 1 0 0 0 133
1256 G 234269 343 508 68 233011 0 0 0 11 328
1257 G 232829 210 170 96 232202 0 0 0 6 145
1258 A 215149 214285 180 119 291 1 0 0 0 273
1259 T 229963 196 229316 169 181 0 2 0 0 99
1260 G 226187 173 487 142 225234 0 0 0 5 146
1261 G 232936 161 271 128 232187 0 0 0 3 186
1262 A 229721 229107 153 111 241 1 0 0 0 108
1263 A 235826 235077 141 105 238 3 0 0 0 262
1264 A 218519 217843 207 137 223 1 0 0 0 108
1265 A 225668 224945 212 156 232 2 0 0 0 121
1266 T 221281 208 220441 180 174 0 1 0 0 277
1267 T 221042 197 220472 187 65 0 1 0 0 120
1268 T 240112 256 239193 217 212 0 2 0 0 232
1269 A 237468 236752 223 183 181 0 0 0 0 129
1270 A 239034 238306 166 202 192 0 0 0 0 168
1271 A 229026 228382 179 187 142 1 0 0 0 135
1272 T 235455 234 234721 176 133 0 2 0 0 189
1273 A 240681 238844 738 575 308 1 0 0 0 215
1274 A 239415 237749 563 601 425 0 0 0 0 77
1275 A 241187 239225 567 649 427 3 0 0 0 316
1276 A 226578 225253 384 395 447 3 0 0 0 96
1277 A 227032 225684 347 429 388 1 0 0 0 183
1278 A 229474 228153 371 403 398 1 0 0 0 148
1279 G 242228 295 285 210 241328 0 0 0 4 106
1280 T 242542 328 241283 252 206 0 9 0 0 464
1281 T 240509 280 239602 256 247 0 1 0 0 123
1282 G 257708 473 541 467 255969 0 0 0 3 255
1283 A 232653 231163 454 425 447 8 0 0 0 156
1284 T 235127 452 233719 414 395 0 2 0 0 145
1285 G 231608 243 424 274 230409 0 0 0 3 255
1286 A 226434 225439 261 264 310 4 0 0 0 156
1287 T 229454 309 228274 369 288 0 8 0 0 206
1288 G 225364 393 1198 316 223293 0 1 0 3 160
1289 G 228995 399 561 298 227585 0 0 0 5 147
1290 G 238853 478 385 282 237426 0 0 0 9 273
1291 T 238698 280 237260 344 281 0 5 0 0 528
1292 T 240620 343 239369 380 276 0 10 0 0 242
1293 T 213799 275 212862 298 241 0 5 0 0 118
1294 C 212639 327 278 211568 318 1 0 2 0 145
1295 T 212313 304 211143 412 326 0 1 0 0 127
1296 G 214009 283 536 316 212696 0 0 0 3 175
1297 G 210844 261 385 239 209740 0 0 0 3 216
1298 A 182165 181266 195 230 256 3 0 0 0 215
1299 C 189828 245 275 188856 186 0 0 5 0 261
1300 A 183575 182709 284 230 221 11 0 0 0 120
1301 T 195996 314 194937 297 289 0 2 0 0 157
1302 T 194311 221 193328 341 293 0 5 0 0 123
1303 T 194956 277 193934 300 340 0 1 0 0 104
1304 G 194314 356 496 261 193049 0 0 0 0 152
1305 G 186531 270 367 280 185522 0 0 0 4 88
1306 A 189206 188230 190 236 243 6 0 0 0 301
1307 C 213509 291 309 212538 228 1 0 1 0 141
1308 A 231806 230810 274 239 267 6 0 0 0 210
1309 T 242893 229 242032 271 210 0 6 0 0 145
1310 A 242596 241685 315 187 269 5 0 0 0 135
1311 T 246711 272 245850 238 216 0 3 0 0 132
1312 A 244204 242961 477 289 301 6 0 0 0 170
1313 A 262120 260871 331 338 416 6 0 0 0 158
1314 T 255959 402 254499 370 365 0 4 0 0 319
1315 G 260365 298 334 203 259383 0 0 0 6 141
1316 C 260606 333 267 259523 239 0 0 2 0 242
1317 A 248380 247533 236 222 262 5 0 0 0 122
1318 G 271912 310 440 239 270695 0 0 0 3 225
1319 A 270369 269300 298 266 330 3 1 0 0 171
1320 A 273312 272238 296 227 322 5 0 0 0 224
1321 T 271048 321 270185 158 234 0 3 0 0 147
1322 T 267495 311 266512 233 272 0 3 0 0 164
1323 G 269594 318 309 217 268545 0 0 0 8 197
1324 T 356486 337 355153 336 316 0 5 0 0 339
1325 T 360337 357 358879 327 319 0 9 0 0 446
1326 A 358560 357385 368 262 337 12 0 0 0 196
1327 G 365171 291 344 206 364102 0 0 0 10 218
1328 T 360640 306 359515 256 273 0 6 0 0 284
1329 T 368522 299 367389 255 288 0 6 0 0 285
1330 C 383891 704 583 381667 576 0 0 2 0 359
1331 T 374181 626 371708 564 601 0 13 0 0 669
1332 A 379254 377092 596 441 636 6 0 0 0 483
1333 C 389534 246 326 388538 254 0 0 5 0 165
1334 T 388184 295 386931 426 280 0 9 0 0 243
1335 G 394810 301 801 234 393306 0 0 0 4 164
1336 G 390731 248 585 267 389407 0 0 0 6 218
1337 A 396402 395005 297 248 508 9 0 0 0 335
1338 A 398263 396930 326 244 441 2 0 0 0 320
1339 A 400496 399234 467 275 319 3 0 0 0 198
1340 A 394707 393384 351 275 382 3 0 0 0 312
1341 T 418592 374 417280 349 418 0 2 0 0 169
1342 G 417962 302 444 86 416800 0 0 0 8 322
1343 A 431129 430240 222 145 321 6 0 0 0 195
1344 A 428767 427695 274 232 263 4 0 0 0 299
1345 A 424918 423270 506 362 602 7 0 0 0 171
1346 G 430340 427 796 300 428502 0 0 0 5 310
1347 G 447037 396 519 304 445569 0 0 0 5 244
1348 A 429658 426887 673 439 531 16 0 0 0 1112
1349 C 433760 611 509 431654 466 0 0 5 0 515
1350 T 415782 484 413972 475 480 0 5 0 0 366
1351 T 416331 343 414853 370 501 0 5 0 0 259
1352 T 412382 371 410817 443 535 0 2 0 0 214
1353 G 423574 390 921 327 421609 0 0 0 3 324
1354 G 408689 291 436 208 407448 0 0 0 10 296
1355 A 402879 401427 310 177 453 5 0 0 0 507
1356 T 377200 302 376067 224 347 0 6 0 0 254
1357 T 335264 186 334446 259 221 0 0 0 0 152
1358 T 325719 175 324734 244 281 0 3 0 0 282
1359 C 320539 363 237 319452 254 0 0 4 0 229
1360 C 321646 682 336 320056 348 0 0 2 0 222
1361 A 320984 319662 316 303 456 2 0 0 0 245
1362 T 297784 255 296818 284 242 0 3 0 0 182
1363 G 298367 313 470 289 297115 0 0 0 4 176
1364 A 311141 309600 387 278 478 6 0 0 0 392
1365 C 333284 385 436 331679 493 0 0 21 0 270
1366 T 328224 290 326929 346 395 0 4 0 0 260
1367 T 304220 290 302999 353 390 0 6 0 0 182
1368 A 304358 303034 358 260 393 5 0 0 0 308
1369 A 296126 294875 411 307 347 4 0 0 0 182
1370 A 318994 317497 404 380 427 7 0 0 0 279
1371 T 309891 324 308444 419 360 0 21 0 0 323
1372 G 308782 327 402 186 307511 0 0 0 6 350
1373 T 271680 367 270354 276 327 0 4 0 0 352
1374 G 269751 356 478 249 268378 0 0 0 4 286
1375 A 283890 282479 459 327 474 1 0 0 0 150
1376 A 274534 273137 392 285 530 5 0 0 0 185
1377 G 285356 392 461 292 283925 1 0 0 4 281
1378 A 281781 280821 324 209 283 8 0 0 0 136
1379 A 270908 270020 269 158 298 1 0 0 0 162
1380 T 270812 229 269877 213 284 0 3 0 0 206
1381 C 270445 269 198 269501 167 0 0 3 0 307
1382 T 266256 173 265440 169 179 0 2 0 0 293
1383 G 282781 242 190 132 282045 0 0 0 2 170
1384 T 274840 301 273629 284 287 0 4 0 0 335
1385 A 283003 281763 349 249 414 4 0 0 0 224
1386 C 280902 404 444 279557 312 0 0 4 0 181
1387 G 279378 260 543 229 278213 0 0 0 4 129
1388 A 272164 271089 248 214 313 5 0 0 0 295
1389 G 279825 325 420 194 278722 0 0 0 2 162
1390 A 265637 264839 222 142 186 7 0 0 0 241
1391 A 268522 267823 200 115 225 4 0 0 0 155
1392 A 256993 256297 195 153 217 0 0 0 0 131
1393 G 264495 259 264 133 263708 0 0 0 2 129
1394 T 270778 227 269401 207 283 0 3 0 0 657
1395 A 266675 265854 261 180 229 0 0 0 0 151
1396 A 263825 262916 279 160 213 0 0 0 0 257
1397 A 258922 258269 191 126 214 4 0 0 0 118
1398 A 258749 257996 225 168 196 2 0 0 0 162
1399 A 281663 280581 268 214 375 4 0 0 0 221
1400 G 286972 332 852 232 285289 0 0 0 6 261
1401 C 291170 450 345 289831 272 0 0 7 0 265
1402 C 282335 713 467 280652 377 0 0 2 0 124
1403 A 279451 278122 380 327 450 0 0 0 0 172
1404 A 290988 289665 488 366 323 0 0 0 0 146
1405 T 305096 261 304027 239 230 0 2 0 0 337
1406 T 312112 357 310850 288 248 0 3 0 0 366
1407 A 312690 311612 372 228 292 5 0 0 0 181
1408 A 312490 311221 417 239 430 6 0 0 0 177
1409 A 309534 308230 367 253 579 11 0 0 0 94
1410 G 369545 470 624 280 367912 0 0 0 11 248
1411 A 369161 367101 707 409 599 13 0 0 0 332
1412 A 389496 387419 622 430 720 8 1 0 0 296
1413 T 340270 536 338645 403 440 0 6 0 0 240
1414 A 328185 326533 526 396 552 8 0 0 0 170
1415 A 350475 348676 502 433 655 5 0 0 0 204
1416 T 365256 532 363403 439 627 0 12 0 0 243
1417 G 371637 780 1221 537 368634 0 0 0 10 455
1418 C 381715 860 950 379023 673 0 0 4 0 205
1419 C 369282 1090 921 366319 669 0 0 5 0 278
1420 A 375522 373098 1011 594 579 2 0 0 0 238
1421 A 369406 367190 761 559 684 0 0 0 0 212
1422 A 375960 373559 703 609 761 7 0 0 0 321
1423 G 384966 492 832 402 382975 1 0 0 4 260
1424 A 388144 386077 682 417 620 9 0 0 0 339
1425 A 393712 391817 635 409 568 1 0 0 0 282
1426 A 386639 385092 623 276 436 6 0 0 0 206
1427 T 386126 524 384342 382 375 0 4 0 0 499
1428 C 380382 539 671 378526 448 0 0 3 0 195
1429 G 385984 634 1370 478 383198 0 0 0 1 303
1430 G 376319 643 824 336 374219 0 0 0 1 296
1431 A 386926 384846 644 466 657 3 0 0 0 310
1432 A 358710 357180 639 393 262 1 0 0 0 235
1433 A 371512 369821 622 410 420 1 0 0 0 238
1434 T 373314 559 371519 432 455 0 3 0 0 346
1435 G 375146 445 1225 316 372926 0 0 0 4 230
1436 G 380305 407 808 350 378537 0 0 0 4 199
1437 G 376625 492 466 304 375083 0 0 0 8 272
1438 T 372042 366 368060 400 550 0 6 0 0 2660
1439 G 383034 609 570 345 381277 0 0 0 5 228
1440 T 383466 469 381608 357 549 0 9 0 0 474
1441 T 416196 634 413978 755 491 0 5 0 0 333
1442 T 383148 648 381127 668 471 0 2 0 0 232
1443 T 381330 704 379153 630 602 0 8 0 0 233
1444 G 390389 685 1106 387 388038 0 0 0 5 168
1445 A 384881 382386 532 395 1298 9 0 0 0 261
1446 G 397833 690 702 392 395667 0 0 0 9 373
1447 T 397247 416 395497 411 477 0 6 0 0 440
1448 T 388263 550 386300 392 591 0 7 0 0 423
1449 C 390242 666 632 388102 598 0 0 7 0 237
1450 T 393451 631 390750 837 1039 0 10 0 0 184
1451 A 394573 390954 957 570 1172 15 0 0 0 905
1452 C 403842 815 821 400895 1127 0 0 11 0 173
1453 C 393013 895 735 390148 858 0 0 17 1 359
1454 A 389627 387179 711 425 910 7 0 0 0 395
1455 C 420831 734 824 418062 947 0 0 11 0 253
1456 A 423128 420773 718 443 829 12 0 0 0 353
1457 A 423547 421306 667 449 859 11 0 0 0 255
1458 G 445185 666 586 496 443177 0 0 0 9 251
1459 T 390249 448 388272 373 457 0 23 0 0 676
1460 G 403232 589 647 379 401298 0 0 0 6 313
1461 T 392260 436 390010 463 622 0 4 0 0 725
1462 G 397427 497 765 401 395280 0 0 0 3 481
1463 A 398012 395886 608 375 797 3 0 0 0 343
1464 C 393634 526 549 391732 577 0 0 2 0 248
1465 A 399098 397364 535 421 556 15 0 0 0 207
1466 A 396308 394608 536 366 504 3 0 0 0 291
1467 T 392035 464 390355 364 553 0 8 0 0 291
1468 G 393081 462 789 359 391246 0 0 0 5 220
1469 A 395956 394017 604 371 743 4 1 0 0 216
1470 A 397914 395911 569 387 743 1 0 0 0 303
1471 T 402165 213 401139 206 336 0 8 0 0 263
1472 G 401620 273 367 202 400231 0 0 0 6 541
1473 C 401761 359 325 400503 329 0 0 2 0 243
1474 A 408278 406661 527 316 479 9 0 0 1 285
1475 T 406080 391 404521 419 506 0 0 0 0 243
1476 G 403232 427 980 311 401311 0 0 0 4 199
1477 G 403043 433 869 531 400931 0 0 0 4 275
1478 A 394509 392610 604 432 591 7 0 0 0 265
1479 A 387676 385799 662 409 486 0 0 0 0 320
1480 A 377934 376346 417 250 545 9 0 0 1 366
1481 G 399161 314 404 283 397845 0 0 0 6 309
1482 T 389600 308 387277 362 512 0 20 0 0 1121
1483 G 408205 508 576 258 406644 0 1 0 2 216
1484 T 402480 476 400749 263 462 0 7 0 0 523
1485 A 395065 393430 502 262 548 3 0 0 0 320
1486 A 390021 388418 463 261 589 6 0 0 0 284
1487 G 391171 439 554 248 389669 0 0 0 8 253
1488 A 401765 400157 430 289 568 22 0 0 0 299
1489 A 398170 396210 649 463 576 8 0 0 0 264
1490 A 363660 361699 634 464 539 4 0 0 1 319
1491 T 361899 533 360155 482 509 0 3 0 0 217
1492 G 360239 338 1187 209 358312 0 0 0 3 190
1493 G 361076 304 701 278 359579 0 0 0 3 211
1494 G 368744 454 426 236 367449 0 0 0 7 172
1495 A 366983 365288 297 187 285 15 0 0 0 911
1496 C 362712 260 286 361694 215 0 0 8 0 249
1497 T 340810 221 339928 202 239 0 6 0 0 214
1498 T 345310 312 343840 360 490 0 5 0 0 303
1499 A 380009 378367 443 367 538 2 0 0 0 292
1500 T 374176 387 372523 327 550 0 7 0 0 382
1501 G 362359 301 361 173 361297 0 0 0 20 207
1502 A 357409 356298 292 208 377 14 0 0 0 220
1503 T 361211 314 360067 220 345 0 2 0 0 263
1504 T 345464 235 344452 207 323 0 6 0 0 241
1505 A 384796 383416 351 204 400 5 0 0 0 420
1506 T 386823 355 385428 260 334 0 9 0 0 437
1507 C 382802 495 534 381159 399 0 0 5 0 210
1508 C 382728 850 463 380704 548 0 0 1 0 162
1509 A 386556 384917 478 493 495 7 0 0 0 166
1510 A 388826 386903 554 362 682 7 0 0 0 318
1511 A 386032 384335 500 323 646 5 0 1 0 222
1512 A 396781 394722 502 351 706 10 0 0 0 490
1513 T 397769 210 396918 175 230 0 7 0 0 229
1514 A 403550 402476 240 132 287 6 0 0 0 409
1515 T 405557 177 404754 196 241 0 9 0 0 180
1516 T 403217 229 402177 297 245 0 5 0 0 264
1517 C 401563 491 324 400176 306 0 0 4 0 262
1518 A 397256 395942 308 209 549 8 0 0 0 240
1519 G 398555 150 349 221 397524 0 0 0 6 305
1520 A 387094 386147 229 143 333 6 0 0 0 236
1521 A 377205 376334 224 157 317 6 0 0 0 167
1522 G 364316 332 500 276 362792 0 0 0 3 413
1523 A 360296 359017 410 309 395 3 0 0 0 162
1524 A 363014 361528 330 348 449 8 0 0 0 351
1525 T 363693 360 362419 274 444 0 1 0 0 195
1526 C 365381 464 547 363759 421 0 0 6 0 184
1527 A 364449 362936 509 348 494 1 0 0 0 161
1528 A 409614 408171 372 275 449 7 0 0 0 340
1529 A 409843 408215 398 206 515 9 0 0 0 500
1530 G 364165 265 344 205 363016 0 0 0 5 330
1531 T 362293 194 361172 196 262 0 7 0 0 462
1532 T 352678 204 351799 226 266 0 5 0 0 178
1533 G 362655 229 456 215 361459 0 0 0 3 293
1534 A 378765 377142 432 340 495 4 0 0 1 351
1535 A 380794 378754 491 346 519 11 0 0 0 673
1536 C 381315 417 644 379645 199 0 0 5 0 405
1537 A 340307 338229 742 493 581 6 0 0 0 256
1538 G 433951 650 2260 597 430268 0 0 0 4 172
1539 G 442923 733 1742 655 439484 0 0 0 21 288
1540 G 461920 479 1251 606 459287 0 0 0 6 291
1541 A 461432 458323 897 564 1213 4 0 0 0 431
1542 A 448366 446232 821 520 592 10 0 0 0 191
1543 A 456232 453901 732 453 771 11 0 0 0 364
1544 A 453545 450942 643 458 1300 15 0 0 0 187
1545 G 483087 787 720 427 480381 0 0 0 11 761
1546 A 483840 481058 1089 624 683 17 0 0 0 369
1547 T 479825 620 477431 666 631 0 12 0 0 465
1548 A 475531 473004 784 633 949 6 0 0 0 155
1549 G 470629 623 871 633 468184 0 1 0 5 312
1550 A 470384 467808 850 631 730 6 0 0 0 359
1551 T 471521 651 469065 673 753 0 10 0 0 369
1552 G 460778 653 1339 480 458140 0 0 0 15 151
1553 G 468815 585 1174 390 466370 0 0 0 6 290
1554 A 444352 442441 554 459 620 6 0 0 0 272
1555 G 446384 409 476 347 444659 0 0 0 0 493
1556 T 478832 398 475684 643 569 0 4 0 0 1534
1557 G 479645 568 749 458 477391 0 0 0 5 474
1558 A 498781 496833 588 558 634 3 0 0 0 165
1559 A 500987 498837 557 548 635 5 0 0 0 405
1560 A 506435 504194 578 638 678 8 0 0 0 339
1561 T 499821 380 498315 366 334 1 1 0 0 424
1562 T 493130 314 491659 445 343 0 1 0 0 368
1563 G 496350 413 1070 335 494014 0 0 0 4 514
1564 G 505074 428 778 402 503124 0 1 0 5 336
1565 A 507347 505577 436 403 435 5 0 0 1 490
1566 A 520741 519259 420 422 378 5 0 0 0 257
1567 T 516050 407 514415 420 266 0 3 0 0 539
1568 C 572980 565 441 571432 330 0 0 6 0 206
1569 A 573365 571376 351 441 417 24 0 0 0 756
1570 A 591807 588714 1062 748 971 5 0 0 0 307
1571 T 582945 994 579773 860 895 0 11 0 1 411
1572 G 557919 862 2432 762 553678 0 0 0 9 176
1573 G 579177 555 2583 496 575233 0 0 0 10 300
1574 G 599605 828 2625 542 595311 0 0 0 10 289
1575 G 604814 950 1425 506 601381 0 0 0 21 531
1576 G 623377 1032 1328 760 620062 0 0 0 9 186
1577 T 546866 922 541174 797 939 0 10 0 0 3024
1578 G 588130 1327 1167 675 584732 0 0 0 9 220
1579 T 575095 1094 570984 1123 1057 0 19 0 0 818
1580 A 587487 583814 1193 921 1140 8 0 0 0 411
1581 T 592509 1109 588843 997 1114 0 21 0 0 425
1582 C 588165 719 672 586033 413 0 0 12 0 316
1583 A 567335 565101 481 564 829 11 0 0 0 349
1584 G 594125 535 792 463 591994 0 0 0 5 336
1585 A 576727 574311 563 448 591 26 0 0 0 788
1586 T 578479 595 576400 561 535 0 9 0 0 379
1587 T 475170 407 473274 515 452 0 10 0 0 512
1588 C 473620 862 741 471206 589 0 0 4 0 218
1589 T 458250 637 455407 1198 653 1 2 0 0 352
1590 G 465698 568 1010 997 462870 0 0 1 4 248
1591 G 465282 1122 1683 1408 460679 0 0 0 9 381
1592 C 449182 2140 1523 443931 1246 0 0 2 1 339
1593 G 440653 1172 1475 1153 436602 0 0 1 4 246
1594 A 509150 508187 202 176 129 13 0 0 0 443
1595 T 514586 168 513546 149 125 0 4 0 0 594
1596 C 604319 183 228 603562 94 0 0 13 0 239
1597 T 600199 185 598809 468 132 0 37 0 0 568
1598 A 658775 657244 225 221 177 14 0 0 0 894
1599 C 666944 237 328 665695 132 0 0 22 0 530
1600 T 666600 208 665521 322 156 0 8 0 0 385
1601 C 678168 1071 252 675573 183 0 0 18 0 1071
1602 A 655775 654899 178 134 246 12 0 0 0 306
1603 A 693384 691668 392 199 311 19 0 0 0 795
1604 C 685852 306 368 684662 237 0 0 17 0 262
1605 T 654389 278 652957 457 201 0 18 0 0 478
1606 G 663895 1327 1868 1229 659199 0 0 0 9 263
1607 T 633266 1482 628283 1322 1415 0 9 0 0 755
1608 C 635597 2069 1781 629747 1760 0 0 12 0 228
1609 G 668262 1355 3085 944 662296 0 0 0 4 578
1610 C 670547 1730 1269 666012 1146 0 0 14 0 376
1611 C 690382 2266 1482 684970 1154 0 0 10 1 499
1612 A 652416 648915 1295 809 1090 5 0 0 0 302
1613 G 671637 1206 1002 850 667993 0 1 0 8 577
1614 T 669688 980 666255 876 991 0 17 0 0 569
1615 T 652839 893 649062 1009 1082 0 9 0 0 784
1616 C 665831 1370 1241 661825 959 0 0 8 0 428
1617 A 618877 615156 945 857 936 15 0 1 0 967
1618 C 623527 1062 1182 619875 1045 0 0 8 0 355
1619 T 610522 1078 606358 1208 1184 0 8 0 0 686
1620 G 615486 1183 1545 984 611295 0 1 0 9 469
1621 G 668646 1455 1853 1692 663191 0 0 0 6 449
1622 T 636862 1629 629855 1614 1726 0 9 0 0 2029
1623 G 637469 1516 1838 1551 631902 0 0 0 7 655
1624 C 651891 1751 2060 645736 2047 0 0 10 0 287
1625 T 639885 1808 633276 2440 1535 1 16 1 0 808
1626 T 644045 1876 638633 1540 1654 0 4 0 0 338
1627 T 588758 404 587194 443 410 0 9 0 1 297
1628 T 587538 472 585293 463 825 0 8 1 0 476
1629 G 577495 492 763 153 575848 0 0 0 8 231
1630 G 600930 714 1191 688 597930 0 0 1 4 402
1631 T 595236 823 591569 1065 857 0 18 0 0 904
1632 C 604092 1128 1109 600665 846 0 0 4 0 340
1633 T 572265 716 569678 992 509 0 10 1 0 359
1634 C 684166 1369 941 680903 631 0 0 25 0 297
1635 C 722669 2038 848 718456 604 0 0 58 0 665
1636 C 721207 3938 1808 713662 1497 1 0 11 0 290
1637 T 709085 1320 702941 2301 1600 0 14 0 0 909
1638 G 707968 1666 3978 1369 700636 0 0 0 24 295
1639 G 698447 593 2826 532 693834 0 1 1 14 646
1640 G 742489 901 2479 796 737645 1 0 0 8 659
1641 G 741299 778 1205 707 738010 0 0 0 56 543
1642 G 733575 1430 1578 1633 728277 0 0 0 25 632
1643 C 586644 1288 1590 582098 1374 0 0 6 0 288
1644 A 579446 575705 1470 850 1065 2 0 0 0 354
1645 A 610131 607412 879 630 798 3 0 0 0 409
1646 T 610894 815 608081 845 723 0 10 0 0 420
1647 C 610988 976 950 607911 653 0 0 7 0 491
1648 A 605619 603687 652 438 560 6 0 0 0 276
1649 G 658026 681 580 457 655926 0 0 0 6 376
1650 T 649699 603 647398 483 503 0 22 0 0 690
1651 T 666833 1150 662959 1039 896 0 4 0 0 785
1652 T 652034 1144 648196 1011 909 0 8 0 0 766
1653 C 656151 1369 1262 651995 899 0 0 7 0 619
1654 T 653234 1088 649404 1135 1095 0 9 0 0 503
1655 G 645930 1091 1941 1047 641568 0 0 0 4 279
1656 G 649673 1099 1428 945 645696 0 0 0 24 481
1657 A 642833 638605 1284 1147 1179 7 0 0 0 611
1658 T 610371 1174 606503 1199 1151 0 12 0 0 332
1659 G 616355 1304 1337 1092 612281 0 0 0 7 334
1660 T 598581 607 595875 559 601 0 6 0 0 933
1661 G 650690 715 757 458 648197 0 0 0 7 556
1662 T 627489 492 625368 498 566 0 21 0 0 544
1663 T 628224 621 625957 631 660 0 5 0 0 350
1664 C 631893 861 614 629337 709 0 1 13 0 358
1665 T 621280 533 619093 676 644 0 23 0 0 311
1666 A 621571 619619 535 390 508 5 0 0 0 514
1667 A 614668 612973 371 400 626 6 0 0 0 292
1668 T 608548 532 606613 477 534 0 36 0 0 356
1669 G 601827 648 1972 527 598378 0 0 0 9 293
1670 G 547281 669 809 535 545021 0 0 0 5 242
1671 G 546479 596 578 496 544136 0 0 0 12 661
1672 T 539053 549 536197 530 557 0 7 0 0 1213
1673 C 517283 770 448 515095 491 0 0 5 0 474
1674 T 505355 571 503406 550 562 0 10 0 0 256
1675 T 528030 829 524783 745 959 0 9 0 0 705
1676 T 528841 853 525874 654 1015 0 6 0 0 439
1677 G 529474 767 1036 686 526595 0 0 0 29 361
1678 C 523912 468 880 521675 355 0 0 4 0 530
1679 A 472016 470767 264 281 495 14 0 0 0 195
1680 G 510789 371 362 242 509492 0 0 0 4 318
1681 T 479729 477 477471 433 449 0 15 0 0 884
1682 G 536316 999 593 473 533843 0 0 0 22 386
1683 C 404880 499 470 403286 355 0 0 9 0 261
1684 A 402431 400903 387 337 548 5 0 0 0 251
1685 G 466090 546 603 296 464444 0 0 0 10 191
1686 A 465420 463795 500 306 517 26 0 0 0 276
1687 A 493437 491541 524 424 553 11 0 0 0 384
1688 T 491716 572 489763 417 604 0 10 0 0 350
1689 A 476499 474586 531 269 668 16 0 0 0 429
1690 T 481388 366 479809 333 443 0 8 0 0 429
1691 G 473745 485 450 331 472216 0 0 0 10 253
1692 C 478530 428 579 476511 425 0 0 15 0 572
1693 A 476250 474583 375 389 620 8 0 0 0 275
1694 T 435318 392 433562 385 595 0 12 0 0 372
1695 C 434411 560 417 432643 606 0 0 6 0 179