# amino-acid counts among definitively called codons
# POSITION TOTAL_COUNTS WT N_A N_C N_D N_E N_F N_G N_H N_I N_K N_L N_M N_N N_P N_Q N_R N_S N_T N_V N_W N_Y N_STOP
1 349776 M 0 0 0 0 0 0 0 137 9 18 349518 11 0 0 2 0 51 29 0 0 1
2 353499 K 73 29 31 140 34 80 33 61 351781 83 65 232 140 33 215 163 146 54 22 31 53
3 366312 A 365178 30 28 175 25 84 28 28 16 69 7 24 94 24 98 138 111 100 11 16 28
4 383157 K 54 31 19 65 38 53 29 64 382075 100 21 90 55 35 118 96 70 42 16 25 61
5 398417 L 65 33 26 39 35 84 52 108 36 397172 19 31 165 59 114 109 81 62 13 53 61
6 425461 L 76 47 26 37 44 85 47 53 46 424129 75 34 167 89 142 93 84 72 29 33 53
7 491049 V 174 60 115 63 121 173 39 152 62 141 30 47 104 58 153 136 103 489189 18 44 67
8 583046 L 266 162 139 137 129 349 186 197 180 577133 847 135 798 209 646 419 286 337 106 136 249
9 709503 L 160 108 107 78 163 160 112 193 111 706446 38 98 240 101 279 359 183 237 61 132 137
10 631749 Y 79 177 64 83 150 146 180 166 107 321 54 174 189 74 299 281 203 137 36 628643 186
11 555195 A 551883 81 87 286 82 182 73 156 77 249 34 58 225 100 254 433 280 442 27 81 105
12 573265 F 56 49 69 63 571254 131 60 130 88 253 34 74 82 78 204 260 75 142 17 58 88
13 574336 V 123 36 18 86 34 79 54 124 63 254 13 51 120 39 113 140 90 572773 13 54 59
14 567898 A 567211 5 185 5 7 37 12 16 4 14 4 6 41 2 24 190 60 56 3 4 12
15 571219 T 84 11 22 20 27 20 32 115 88 54 15 18 92 22 91 134 570296 24 10 15 29
16 574694 D 58 22 573746 66 20 138 15 6 2 54 4 172 39 10 53 48 16 81 12 107 25
17 580138 A 578565 14 18 222 27 94 30 31 16 61 12 21 87 22 83 232 283 238 7 39 36
18 584979 D 27 50 582937 144 41 200 95 66 49 180 44 109 43 32 159 71 46 162 25 452 47
19 565198 T 253 71 69 106 86 170 112 189 119 260 25 90 200 104 233 261 562434 163 55 72 126
20 677869 I 194 84 92 127 75 249 126 674111 154 456 168 120 235 147 373 249 269 287 52 105 196
21 705523 C 275 700621 117 107 240 368 163 187 89 491 67 124 366 110 486 506 254 271 112 301 268
22 725935 I 221 92 118 131 103 306 130 721146 223 393 396 198 334 126 390 389 435 261 88 179 276
23 623651 G 202 543 192 89 84 620350 96 84 68 241 34 79 230 85 288 285 147 376 29 70 79
24 594660 Y 112 157 68 64 125 160 222 75 60 253 40 120 235 75 259 248 121 132 37 591911 186
25 597901 H 165 69 92 70 90 191 594555 125 37 333 33 576 269 127 374 215 128 152 50 171 79
26 597624 A 594938 58 57 279 46 208 46 74 76 156 32 45 175 61 213 380 244 366 39 36 95
27 634958 N 153 92 152 61 94 184 97 198 129 243 41 631980 224 86 262 309 272 151 34 100 96
28 643539 N 145 67 136 114 74 200 66 190 163 228 37 640685 180 81 219 292 229 142 55 112 124
29 654438 S 176 113 112 109 108 241 115 176 136 380 53 116 370 117 263 650279 316 204 63 131 860
30 658812 T 329 87 110 76 77 241 60 369 133 277 65 215 263 74 327 353 655326 167 32 97 134
31 658531 D 174 97 654504 196 90 371 137 141 106 288 41 475 194 101 282 188 229 263 51 480 123
32 615610 T 278 56 102 103 74 188 100 217 86 249 25 160 138 90 204 257 612915 148 34 84 102
33 790752 V 405 128 240 173 207 396 138 423 166 439 68 157 293 160 357 366 284 785891 96 149 216
34 764332 D 247 125 759876 176 95 398 122 149 140 316 51 252 182 137 260 328 250 325 48 655 200
35 595907 T 286 82 72 95 79 211 50 192 169 291 51 82 169 109 295 302 592937 171 50 60 154
36 587062 I 168 79 100 117 58 219 92 583663 209 338 91 169 213 162 311 271 242 193 42 112 213
37 546986 L 77 53 67 41 123 103 113 119 59 545199 22 52 236 56 203 135 103 71 31 55 68
38 551250 E 99 41 304 548680 49 191 60 56 219 153 33 32 112 68 127 132 82 136 27 43 606
39 540355 K 47 35 22 98 33 55 31 36 539011 105 52 282 80 51 156 38 68 43 8 21 83
40 541801 N 73 21 102 36 41 70 42 81 50 122 24 540438 110 43 105 180 82 63 13 56 49
41 535815 V 116 16 28 96 25 48 31 32 32 112 109 27 52 31 76 65 58 534766 9 36 50
42 545225 A 541991 4 8 865 2 66 10 12 10 12 5 15 39 17 17 1679 130 324 0 12 7
43 547728 V 81 6 8 46 12 38 6 12 3 1670 123 7 13 7 13 9 10 545644 3 8 9
44 535544 T 185 55 66 38 57 104 33 252 141 162 25 73 1654 46 174 211 532024 119 33 49 43
45 535758 H 104 48 43 47 59 89 533842 92 53 223 14 102 122 65 198 206 141 102 24 120 64
46 478842 S 67 45 25 23 90 52 30 42 25 105 17 24 100 26 57 477567 84 54 16 351 42
47 561008 V 237 150 171 124 201 282 106 357 125 369 61 114 216 89 317 315 188 557244 62 129 151
48 483656 N 131 78 176 54 88 130 104 175 128 152 18 481433 61 59 168 172 149 171 1 147 61
49 367304 L 83 35 31 50 34 133 51 72 48 365452 318 37 219 86 182 116 90 120 44 34 69
50 464211 L 117 67 84 64 132 165 119 278 102 461663 40 88 224 75 263 181 170 168 16 77 118
51 455475 E 205 98 141 452217 75 300 95 129 263 258 42 94 156 100 271 225 173 181 42 87 323
52 482641 D 163 68 479563 157 82 210 146 134 93 250 38 129 168 57 205 209 170 205 39 419 136
53 500544 S 158 161 86 54 61 413 69 1297 94 173 40 239 144 85 495 496509 150 112 41 56 107
54 511380 H 106 72 80 56 95 129 508636 98 64 273 23 511 131 148 240 173 131 140 18 150 106
55 522120 N 132 70 205 56 47 142 78 122 164 161 35 519783 131 50 187 280 140 122 33 93 89
56 523157 G 118 35 41 209 37 519447 47 82 45 123 26 46 65 28 317 135 65 678 1475 50 88
57 520645 K 84 41 75 166 63 153 45 109 518621 133 45 162 82 51 206 138 129 150 8 55 129
58 454951 L 127 51 72 71 62 129 100 180 86 452677 54 66 222 95 223 203 126 185 34 83 105
59 476535 C 188 473141 89 99 193 249 74 183 85 373 62 94 159 98 283 281 149 238 74 164 259
60 434301 K 362 113 146 273 129 282 156 250 429706 374 77 211 267 177 381 368 276 311 66 147 229
61 406894 L 289 181 146 136 198 286 130 312 151 402506 53 142 265 160 363 464 301 291 81 176 263
62 321667 K 111 49 44 68 44 89 65 93 319893 160 16 107 162 74 201 137 126 71 17 60 80
63 328592 G 58 29 26 117 34 326287 48 65 50 123 18 36 82 38 151 92 75 257 15 25 966
64 345855 I 78 37 30 37 21 88 63 344186 68 145 180 60 134 52 113 122 150 128 25 54 84
65 407525 A 404925 66 223 48 52 140 90 79 45 141 18 57 181 63 156 704 183 190 23 59 82
66 359297 P 85 17 27 31 49 79 57 48 41 180 19 36 356193 940 120 123 1087 53 18 37 57
67 416838 L 108 40 51 41 31 92 76 86 29 415304 7 20 321 79 160 121 51 97 20 48 56
68 428809 Q 118 72 45 77 69 111 98 125 133 274 21 98 168 426305 300 186 164 143 29 86 187
69 408591 L 118 66 58 56 1107 124 81 183 86 405334 44 93 183 84 213 267 155 60 31 104 144
70 406874 G 292 92 92 350 109 400940 144 151 144 342 50 147 282 129 410 303 262 969 1392 102 172
71 383310 K 36 25 14 72 28 29 26 51 382524 62 2 57 46 20 98 76 33 31 7 21 52
72 427921 C 152 424969 76 64 134 127 108 117 81 275 60 92 237 102 263 292 190 151 48 195 188
73 439128 N 126 78 243 58 77 130 82 173 150 249 26 436277 259 91 198 317 208 131 28 118 109
74 423039 I 178 102 86 75 128 183 137 419885 114 276 59 113 212 98 292 299 235 229 47 113 178
75 459804 T 310 140 116 118 144 267 143 276 110 444 63 163 222 132 375 340 455792 265 82 113 189
76 479524 G 153 74 81 178 90 475943 64 95 65 226 40 77 195 63 561 183 135 368 45 61 827
77 460497 W 114 292 54 60 44 108 64 92 69 722 44 52 150 60 231 185 127 120 457460 71 378
78 516282 L 161 78 53 67 163 180 86 1275 62 512849 24 64 242 91 214 185 130 168 30 74 86
79 459293 L 201 138 96 122 1399 237 128 230 120 454181 104 125 261 149 278 478 256 266 79 168 277
80 432538 G 230 94 127 359 98 427881 113 180 139 351 48 135 193 107 403 289 237 423 67 119 945
81 532259 N 268 241 203 95 226 320 148 340 150 627 97 526620 460 152 480 570 359 360 114 205 224
82 573893 P 383 176 176 157 212 349 213 245 169 714 109 182 567236 1067 492 543 591 326 67 200 286
83 587352 E 389 215 198 580357 266 487 234 374 253 727 83 184 477 225 499 569 350 504 90 213 658
84 598725 C 167 594796 95 59 394 179 118 170 78 327 60 114 282 109 329 382 222 171 64 217 392
85 611749 D 262 127 606715 216 144 329 185 191 106 408 40 449 358 124 310 348 293 322 60 543 219
86 603129 S 158 75 41 81 68 153 119 94 100 354 37 105 360 101 231 599692 244 127 26 95 868
87 605793 L 127 71 79 83 98 201 130 133 110 602901 110 108 355 142 276 226 231 172 47 90 103
88 566650 L 203 95 72 64 226 222 137 390 121 563232 44 101 385 130 298 217 256 223 46 90 98
89 546841 P 236 106 125 99 116 223 181 215 161 482 59 140 541280 1247 369 482 692 247 73 121 187
90 491150 A 487105 52 117 295 101 268 135 163 92 268 41 126 254 85 287 657 238 548 46 120 152
91 462245 R 162 62 64 72 44 187 57 152 171 149 26 60 141 74 460162 180 143 104 42 67 126
92 450894 S 127 46 51 67 57 108 72 94 77 253 31 63 228 36 165 448857 158 111 32 81 180
93 455397 W 83 145 49 40 39 96 59 56 58 581 28 68 150 62 300 148 127 78 452979 50 201
94 441833 S 139 42 51 55 92 120 96 107 60 248 42 61 319 108 228 439269 207 142 28 302 117
95 539839 Y 256 275 128 100 160 259 391 182 137 388 35 153 281 108 361 371 247 229 57 535451 270
96 498824 I 154 99 108 92 94 182 123 495618 120 295 63 148 227 106 303 291 276 198 59 106 162
97 527464 V 229 59 87 104 47 140 122 209 111 308 34 124 239 91 257 255 220 524595 32 82 119
98 515066 E 135 55 94 512467 51 181 101 87 168 204 24 98 149 136 239 183 161 114 25 89 305
99 535755 T 189 72 47 64 50 110 47 266 102 156 44 61 39 62 165 197 533786 102 36 65 95
100 545120 P 144 46 56 50 58 126 92 99 71 227 24 68 542653 476 231 217 187 107 36 57 95
101 559003 N 80 2 92 38 14 91 41 67 71 73 2 557831 65 25 93 138 105 70 6 43 56
102 576553 S 87 79 39 51 78 103 54 77 69 152 9 66 200 70 134 574473 121 79 30 494 88
103 592008 E 144 58 363 588916 47 356 62 81 172 153 29 77 117 69 170 192 124 206 28 62 582
104 601352 N 139 91 157 97 40 150 109 205 192 215 38 598449 131 96 245 282 214 135 41 152 174
105 610198 G 220 71 92 207 71 605221 98 163 149 251 43 117 176 100 428 265 228 903 44 85 1266
106 602806 A 599831 71 67 329 45 151 77 108 98 185 41 83 212 81 203 430 284 288 24 98 100
107 613882 C 182 611005 72 80 112 180 90 133 89 222 33 91 163 96 293 284 162 182 45 183 185
108 583177 Y 168 153 66 131 88 233 159 195 102 242 52 103 204 125 307 296 217 216 59 579851 210
109 530901 P 258 67 82 119 81 197 103 142 120 468 48 99 526151 1307 309 321 616 155 52 68 138
110 429363 G 155 24 56 90 39 426502 62 65 46 156 11 64 196 93 271 125 123 488 14 42 741
111 422952 D 166 51 420472 104 34 247 87 73 62 175 20 145 267 91 235 178 139 158 52 112 84
112 494604 L 169 88 39 58 119 143 104 126 50 492213 31 38 432 78 212 219 134 155 29 60 107
113 501982 I 171 34 74 53 96 105 92 499822 56 202 40 102 247 63 134 155 218 161 8 75 74
114 527599 D 227 98 523635 175 90 274 148 197 154 249 37 344 215 101 298 276 281 234 27 361 178
115 545134 Y 260 222 115 113 166 324 218 233 120 390 76 147 314 137 418 361 286 309 86 540553 286
116 587391 E 192 64 1008 582459 72 528 101 112 170 260 52 80 253 123 280 265 231 236 62 99 744
117 561824 E 90 59 100 560003 40 200 59 11 148 127 6 43 52 64 105 65 61 171 11 45 364
118 529507 L 140 63 77 49 42 153 83 111 64 527161 89 59 352 112 271 187 181 122 29 57 105
119 517448 R 112 32 34 64 41 318 52 68 157 210 1116 39 154 74 513720 861 94 87 81 54 80
120 488201 E 61 13 165 486391 12 235 35 35 221 57 13 32 114 30 77 56 63 87 7 12 485
121 459606 Q 109 19 26 72 19 84 88 51 191 169 17 40 149 457555 196 81 80 67 21 30 542
122 458494 L 74 43 34 50 502 174 59 52 43 456548 47 58 90 54 148 160 78 97 35 53 95
123 389115 S 67 44 39 35 35 208 31 193 46 86 22 125 46 43 413 387405 77 63 28 47 62
124 317497 S 125 32 25 53 32 100 45 68 46 209 22 39 131 35 125 315723 100 60 24 37 466
125 394328 V 145 33 73 98 42 133 56 84 46 201 18 58 126 71 152 138 104 392607 27 48 68
126 397237 S 94 51 50 62 68 101 61 88 74 235 19 71 150 58 128 395316 144 80 24 76 287
127 386298 S 64 29 21 39 29 62 31 56 38 158 7 30 103 19 112 385107 113 65 13 32 170
128 382799 L 77 40 60 32 67 70 58 121 66 381330 24 48 90 60 116 168 78 102 34 50 108
129 430937 E 69 27 58 429142 44 169 36 72 120 132 23 63 66 67 145 114 121 117 29 28 295
130 407607 R 49 24 28 23 28 115 30 159 61 78 10 22 48 34 406586 93 70 39 17 32 61
131 434925 F 38 37 6 12 433842 37 36 57 25 385 8 25 59 21 48 119 41 27 6 61 35
132 454406 E 78 14 52 453096 23 105 33 55 195 52 10 25 87 40 64 64 51 91 9 27 235
133 456186 I 29 9 15 20 27 35 15 455443 38 85 60 37 30 29 47 55 73 71 5 28 35
134 474645 F 53 30 23 31 473399 77 45 86 48 181 15 35 89 31 100 160 68 56 14 60 44
135 480600 P 238 82 69 70 84 153 1023 131 84 332 21 120 476582 123 263 381 477 125 31 83 128
136 474879 K 289 149 104 212 131 284 101 170 469625 407 66 906 404 166 530 401 298 253 57 131 195
137 510772 E 361 178 225 504654 203 396 186 276 238 536 68 170 418 161 509 511 392 429 72 244 545
138 485120 S 372 194 153 178 189 400 251 295 210 517 98 311 407 181 536 479460 411 391 78 197 291
139 478942 S 267 115 120 139 161 181 144 222 140 519 50 124 301 108 346 474840 297 216 40 135 477
140 448890 W 222 638 100 97 79 303 112 126 113 731 113 115 234 141 520 294 199 196 444040 139 378
141 375679 P 277 69 78 75 90 189 551 116 85 379 34 77 371721 117 300 349 774 169 36 71 122
142 374023 N 182 91 146 87 94 188 110 178 177 273 44 371009 188 94 192 288 219 170 42 119 132
143 350891 H 134 45 86 67 18 133 348506 118 52 199 31 297 172 114 206 197 170 122 4 157 63
144 341497 T 210 30 55 66 43 126 73 177 96 178 37 79 158 67 195 231 339358 133 26 50 109
145 343632 F 137 99 66 60 341128 173 59 125 68 443 40 72 143 56 215 245 103 157 34 99 110
146 334411 N 212 63 191 120 69 248 87 148 143 232 13 331358 199 82 299 337 193 138 51 101 127
147 311967 G 123 45 48 107 54 309373 59 68 51 147 18 54 115 51 260 179 110 473 21 49 562
148 318096 V 165 61 61 67 56 194 67 173 51 227 25 50 151 75 197 185 112 315988 33 78 80
149 323034 T 144 21 48 49 51 84 56 197 111 186 22 69 102 50 169 160 321279 81 17 57 81
150 318295 V 187 53 67 61 51 141 50 128 68 200 21 60 123 58 145 151 104 316450 30 59 88
151 339271 S 108 19 28 62 50 81 53 80 40 208 28 46 137 60 114 337628 132 103 40 39 215
152 320035 C 97 318117 43 44 149 110 46 73 49 127 23 54 85 27 155 198 95 86 47 160 250
153 304090 S 128 92 33 61 234 196 75 102 61 209 40 59 214 61 206 301384 127 140 51 537 80
154 315173 H 87 49 47 31 37 75 312366 85 47 185 24 1230 162 66 172 160 88 67 26 90 79
155 328809 R 61 30 20 22 43 248 21 54 105 112 866 38 78 45 325483 1182 61 73 62 51 154
156 344152 G 71 13 28 143 34 342136 33 55 36 126 13 35 85 30 193 74 58 258 28 45 658
157 366054 K 15 27 14 89 39 44 29 86 364893 105 32 64 88 36 121 97 98 45 12 38 82
158 384823 S 79 49 26 15 40 249 27 170 37 89 10 98 96 26 282 383331 61 60 16 26 36
159 398139 S 131 86 29 24 71 221 85 85 1 178 20 49 165 51 205 396347 129 98 38 67 59
160 428923 F 131 86 46 47 426537 186 81 106 61 294 30 69 224 70 198 244 147 129 41 87 109
161 448184 Y 223 131 69 102 159 234 152 219 120 303 58 151 265 74 178 270 273 189 57 444724 233
162 434448 R 139 48 62 50 67 459 85 268 103 249 34 92 290 51 431633 228 190 159 38 72 131
163 435023 N 129 89 137 79 88 225 72 186 98 290 39 432027 239 70 234 285 236 209 58 103 130
164 417653 L 174 103 55 81 263 260 126 146 85 414607 56 97 205 80 269 366 194 172 67 104 143
165 397305 L 111 54 32 31 53 114 86 176 52 395284 29 60 368 93 179 168 157 114 27 44 73
166 378169 W 145 289 57 33 39 92 120 133 75 649 58 90 248 90 307 215 186 121 374875 119 228
167 359431 L 165 58 65 50 92 104 169 118 62 355796 1157 82 452 88 243 236 178 129 17 87 83
168 362611 T 215 73 56 45 76 144 82 69 82 230 260 65 204 62 223 216 360227 118 35 53 76
169 301410 K 131 64 64 100 90 114 69 98 298867 232 45 230 175 60 268 230 187 137 40 85 124
170 311738 K 166 78 82 155 37 164 112 73 308134 203 71 1073 238 72 341 224 168 94 47 92 114
171 328303 G 219 79 75 196 75 323500 106 140 73 223 40 60 319 75 380 216 174 1222 928 94 109
172 313698 D 224 96 310329 111 80 362 113 130 70 256 40 228 286 92 290 216 171 222 48 245 89
173 340944 S 138 58 50 50 86 114 96 124 62 269 24 83 253 77 159 338532 211 124 21 89 324
174 344238 Y 73 141 37 20 94 64 130 75 41 157 25 76 193 48 132 178 138 69 23 342380 144
175 325770 P 110 56 36 23 56 87 71 70 40 239 13 51 322916 919 167 185 507 90 17 52 65
176 392923 K 130 75 44 120 113 166 105 97 390012 262 58 246 214 86 306 269 182 166 46 103 123
177 376394 L 131 58 43 38 61 135 99 95 46 374245 248 60 260 81 205 151 148 131 31 52 76
178 433262 T 175 40 61 28 31 104 61 111 34 125 5 91 156 48 166 229 431542 85 31 59 80
179 464957 N 98 52 149 65 38 188 103 160 89 233 31 462473 197 95 212 248 129 162 34 107 94
180 520096 S 201 90 85 112 194 199 100 182 109 289 48 110 294 88 258 516677 203 218 52 438 149
181 532960 Y 148 160 88 59 89 148 369 120 90 207 45 109 244 88 165 276 170 137 42 530059 147
182 516555 V 211 68 68 157 73 206 72 122 103 266 125 102 129 67 209 211 118 513962 31 91 164
183 522788 N 89 54 157 70 60 169 74 136 130 178 28 520561 135 67 174 236 138 98 28 109 97
184 522807 N 107 62 130 75 58 135 54 130 105 198 32 520725 100 70 168 205 121 100 20 98 114
185 503542 K 101 64 37 173 52 106 47 132 501479 184 34 105 93 58 249 165 101 132 26 61 143
186 526972 G 131 41 43 168 33 523016 34 78 42 110 28 41 77 45 233 121 99 959 1573 40 60
187 528560 K 88 51 55 163 67 128 56 102 526635 145 26 129 96 55 216 121 99 93 36 63 136
188 503976 E 149 83 106 501041 80 200 96 118 184 249 43 103 159 84 241 259 160 175 33 103 310
189 473517 V 189 70 100 60 71 185 56 197 78 178 31 85 123 51 151 175 121 471363 37 86 110
190 463913 L 100 69 55 52 87 129 119 566 65 461430 24 41 335 79 212 155 104 116 29 46 100
191 504386 V 183 70 82 141 54 246 61 183 122 278 31 84 95 56 226 154 158 501917 42 60 143
192 499183 L 109 64 79 82 56 103 94 156 82 497030 40 75 263 82 221 165 150 133 23 70 106
193 514988 W 118 1457 52 69 67 200 65 132 82 1536 66 88 129 38 280 234 113 134 509844 70 214
194 531194 G 178 846 148 67 157 527146 77 154 87 333 55 106 237 78 235 613 175 200 46 103 153
195 572274 V 355 124 102 47 205 138 113 451 102 371 60 110 353 96 318 344 242 568431 48 96 168
196 596676 H 189 93 119 74 83 155 593140 143 78 383 43 410 303 154 343 236 191 157 36 225 121
197 587846 H 164 99 115 84 170 182 584119 217 105 335 53 348 222 116 232 325 256 202 49 300 153
198 572206 P 38 6 23 12 20 29 17 32 29 235 4 23 569056 1847 87 145 560 21 5 5 12
199 598986 S 32 31 24 15 66 22 3 25 9 30 4 10 89 1 9 598130 64 16 0 390 16
200 611079 S 17 44 17 6 15 130 6 274 9 25 1 63 4 14 225 610139 38 13 3 23 13
201 550897 S 40 49 24 35 56 144 47 132 70 170 39 93 73 61 144 549450 76 50 16 54 74
202 604280 D 224 111 599764 177 162 369 133 273 118 379 70 278 226 111 285 367 234 449 58 330 162
203 646846 E 269 170 374 641201 170 575 121 204 232 448 93 111 247 140 396 372 256 364 99 162 842
204 635875 Q 190 103 76 113 91 161 153 134 319 343 39 84 276 632428 368 234 183 169 40 72 299
205 582227 Q 83 16 8 62 4 71 596 13 134 162 50 16 63 580015 452 92 87 48 45 15 195
206 535621 S 139 72 65 58 95 301 61 119 57 186 36 102 122 61 190 533413 114 186 62 75 107
207 494505 L 174 56 77 63 138 176 134 365 62 491794 16 76 291 78 259 209 174 150 42 71 100
208 486218 Y 116 226 60 67 119 151 193 102 41 197 25 111 164 63 190 171 137 137 26 483779 143
209 458722 S 96 66 51 50 70 173 73 150 70 178 27 134 166 66 206 456731 140 87 20 71 97
210 387208 N 91 59 83 36 74 77 43 110 65 208 29 385461 136 43 125 187 124 102 12 57 86
211 379717 G 114 56 27 82 40 377520 56 79 42 120 22 58 104 34 216 112 96 294 23 60 562
212 394575 N 92 84 69 51 74 99 64 126 80 187 33 392511 161 59 178 209 135 107 38 110 108
213 412856 A 411126 57 189 40 38 115 42 63 38 124 18 49 112 28 101 275 147 167 21 43 63
214 417128 Y 20 74 39 32 55 35 131 14 23 51 20 30 27 18 33 28 20 30 23 416346 79
215 351086 V 115 49 56 28 69 100 46 102 29 120 17 29 83 24 93 122 96 349773 18 68 49
216 380723 S 87 75 46 49 71 113 10 74 56 178 30 54 247 30 145 378712 128 93 13 424 88
217 388879 V 120 43 22 62 33 105 26 141 36 161 21 41 87 24 96 87 71 387614 22 27 40
218 365460 A 363713 35 30 179 15 111 47 25 45 79 11 37 118 49 111 457 98 225 21 19 35
219 345017 S 132 66 51 35 84 134 49 48 42 150 18 54 228 58 162 343309 70 109 37 133 48
220 350249 S 123 66 69 61 92 107 62 106 62 219 15 58 308 63 215 348031 145 97 27 63 260
221 399580 N 153 47 103 42 79 148 96 147 111 234 28 397121 238 87 205 245 145 148 12 99 92
222 414772 Y 377 145 154 153 191 311 158 375 235 576 98 199 324 184 413 442 458 353 72 409254 300
223 395745 N 341 130 216 126 211 207 207 365 299 569 79 390185 435 170 442 551 434 269 50 190 269
224 384847 R 201 57 86 85 100 274 121 168 149 262 602 155 264 136 380806 682 266 145 84 93 111
225 414187 R 99 29 50 95 45 196 55 262 132 135 33 61 173 68 412194 183 137 50 18 60 112
226 436809 F 225 102 78 70 432688 207 141 291 126 713 61 124 323 111 271 391 287 191 51 186 172
227 462985 T 341 100 91 96 98 154 172 231 83 170 42 210 295 72 246 295 459889 126 43 98 133
228 478006 P 351 138 135 132 131 306 232 202 135 896 89 141 469008 2128 750 556 2020 244 80 130 202
229 477624 E 402 144 213 471062 223 528 221 286 299 576 110 213 283 186 620 547 363 431 113 215 589
230 464945 I 336 184 123 157 184 372 190 459670 191 540 266 151 438 158 425 398 315 340 25 212 270
231 430370 A 425370 156 333 116 143 360 158 255 124 435 56 137 414 134 467 645 345 301 45 183 193
232 406691 A 401710 141 134 268 127 333 134 216 146 440 62 151 275 150 412 536 588 358 68 210 232
233 449005 R 332 219 160 172 236 766 210 330 291 583 491 220 318 201 441943 876 409 492 171 255 330
234 503232 P 271 87 88 72 138 185 487 137 87 348 40 115 499243 101 252 442 615 209 42 118 155
235 508718 K 204 79 96 248 130 230 67 180 505038 383 20 156 247 168 353 311 224 217 52 98 217
236 530224 V 330 153 161 141 189 256 227 385 166 590 62 189 458 195 489 523 336 524813 69 216 276
237 504162 R 263 92 104 114 146 289 159 679 184 427 54 169 330 138 499680 398 335 202 39 153 207
238 491844 D 154 68 489185 105 75 187 128 136 72 242 27 149 233 65 206 182 194 156 21 151 108
239 491958 Q 336 160 171 177 196 270 177 332 254 550 77 195 379 486317 602 500 344 337 70 166 348
240 484604 H 83 39 54 31 57 57 482838 82 50 180 27 97 156 94 242 127 137 69 7 107 70
241 448750 G 71 31 34 104 39 445706 19 39 20 75 16 27 61 18 174 70 65 739 1382 21 39
242 446003 R 136 58 56 83 66 410 59 81 209 166 648 59 154 64 442868 359 169 137 77 62 82
243 445343 M 188 90 67 78 111 189 86 503 121 303 441717 114 281 117 330 217 282 246 52 94 157
244 483457 N 180 122 228 81 143 192 114 220 152 285 52 479874 276 59 269 399 239 212 46 160 154
245 475820 Y 195 175 87 101 171 245 196 219 137 399 77 150 234 130 273 336 240 270 60 471884 241
246 524486 Y 307 217 147 157 192 326 198 300 187 438 82 198 268 161 386 451 339 279 74 519480 299
247 477757 W 398 506 177 197 243 375 202 369 270 1037 106 242 418 223 747 562 431 440 470022 259 533
248 449754 T 293 122 129 95 100 150 122 297 141 296 63 254 307 98 254 396 446061 130 55 174 217
249 459168 L 228 112 143 120 249 254 123 170 106 455251 117 126 305 119 322 461 259 316 80 142 165
250 470566 L 180 62 94 70 125 131 114 355 87 467541 63 118 344 119 270 282 126 240 27 88 130
251 499537 E 129 79 94 496463 85 156 93 149 167 283 33 122 191 121 214 243 209 169 49 93 395
252 488562 P 158 77 52 46 50 116 546 57 28 302 40 30 485812 98 283 344 230 116 32 60 85
253 502709 G 215 43 78 183 65 498567 43 150 74 290 81 88 179 86 617 206 168 717 42 50 767
254 493686 D 207 38 490155 205 78 194 146 78 69 274 41 129 422 105 219 204 215 254 30 507 116
255 523076 T 182 42 33 34 41 86 85 236 112 181 7 114 182 89 332 308 520838 45 5 73 51
256 566410 I 380 133 150 217 146 460 261 559519 194 756 220 240 538 259 669 568 540 451 142 171 396
257 587668 I 440 238 241 232 181 529 297 579823 307 768 152 286 528 308 776 644 532 522 137 322 405
258 521084 F 205 135 134 82 516839 200 121 268 164 522 55 198 265 102 340 374 315 265 69 216 215
259 496089 E 107 33 270 493449 24 363 44 72 100 150 40 26 160 73 154 154 125 117 38 42 548
260 447664 A 446245 20 15 323 16 54 30 21 11 103 2 11 139 36 91 186 146 146 6 13 50
261 508339 T 303 146 118 136 84 217 176 195 148 248 72 178 477 197 416 469 504164 185 70 112 228
262 509330 G 356 520 184 107 157 504983 133 126 104 373 51 114 383 93 349 404 234 377 51 121 110
263 522310 N 94 159 190 99 187 204 276 323 178 603 78 516894 277 169 534 624 427 218 84 336 356
264 543492 L 357 46 167 179 33 288 181 334 150 538982 39 147 711 206 390 310 312 292 73 107 188
265 532210 I 171 102 107 148 145 292 90 528382 176 431 182 144 211 89 299 282 298 290 66 114 191
266 522162 A 519855 79 59 194 43 174 38 67 21 148 31 57 187 19 137 460 264 212 30 35 52
267 508454 P 142 73 41 46 40 171 117 42 23 170 5 72 505964 579 261 231 199 85 33 92 68
268 506745 W 125 148 54 78 92 247 93 118 85 734 42 66 184 84 334 274 153 128 503352 98 256
269 493660 Y 152 135 103 83 168 157 268 193 107 391 62 172 293 98 243 304 206 188 59 490068 210
270 482730 A 477413 129 244 137 201 320 131 269 235 471 111 105 415 171 450 592 434 406 87 149 260
271 432499 F 226 109 85 75 429104 137 187 106 50 614 16 51 448 123 294 401 157 129 27 74 86
272 421623 A 418618 73 87 254 91 185 98 116 44 231 19 88 249 72 230 347 361 229 38 61 132
273 416175 L 174 61 56 78 114 118 91 119 96 413418 56 96 612 118 255 234 140 147 27 59 106
274 521452 S 260 172 168 88 218 303 154 356 168 512 68 290 526 117 407 516688 297 271 35 152 202
275 603376 R 264 193 166 199 253 305 215 1006 344 661 113 217 609 201 596193 711 534 380 75 280 457
276 559953 G 359 153 167 246 166 552341 225 281 176 485 84 182 550 163 554 506 470 944 1490 195 216
277 547900 F 388 165 178 189 540636 418 306 360 221 834 82 183 670 252 550 742 417 558 127 278 346
278 676219 E 434 184 295 667062 255 951 205 477 469 647 116 355 530 294 544 594 605 644 117 301 1140
279 674269 S 52 73 17 5 199 19 100 88 71 228 9 69 517 120 179 671613 236 18 25 520 111
280 686527 G 346 827 394 99 209 679442 246 233 135 572 43 191 660 157 502 1096 360 517 54 208 236
281 678726 I 330 166 143 182 281 399 181 673199 216 511 106 195 355 148 399 457 349 450 81 270 308
282 711916 I 111 121 107 73 226 227 104 708525 117 295 70 189 146 74 253 313 260 308 47 179 171
283 700007 T 413 221 114 170 315 357 214 524 306 860 107 241 532 270 561 653 693062 354 115 208 410
284 697992 S 420 218 367 296 540 300 339 715 389 1230 161 414 808 322 536 687183 573 910 97 487 1687
285 723215 N 439 112 413 251 359 543 234 670 497 811 137 714532 441 230 689 771 618 635 68 352 413
286 623130 A 618269 88 121 577 143 168 130 278 189 451 62 185 219 161 215 792 304 401 48 147 182
287 634016 S 171 108 168 96 167 100 167 229 135 436 15 165 410 139 265 630086 257 93 37 195 577
288 680927 M 176 190 154 143 165 270 126 836 214 395 675301 210 340 211 387 527 394 356 88 179 265
289 667573 H 265 122 142 94 121 239 662268 250 134 488 88 486 431 232 483 431 367 214 61 453 204
290 453798 E 176 105 159 450084 82 288 93 135 183 249 47 98 274 96 223 284 197 202 36 86 701
291 499267 C 199 494760 83 65 184 269 101 208 124 432 63 158 227 105 365 535 253 349 80 431 276
292 476404 N 163 58 234 38 90 98 133 179 142 190 3 473500 310 103 171 402 216 136 4 137 97
293 432621 T 225 110 101 91 182 187 138 190 160 377 162 105 336 135 295 385 428877 202 38 156 169
294 432944 K 155 94 90 157 153 106 124 277 429269 360 101 200 196 107 310 375 244 201 30 174 221
295 441984 C 161 438117 79 95 246 212 129 215 85 416 50 110 234 91 353 398 190 252 98 240 213
296 450821 Q 44 27 22 72 31 78 66 72 367 209 30 50 146 448674 386 169 123 34 29 21 171
297 474393 T 199 64 74 72 106 149 91 242 144 232 32 84 204 91 177 226 471785 163 35 95 128
298 545751 P 104 44 33 24 68 49 679 77 55 259 26 46 543392 62 141 220 227 95 16 63 71
299 499826 Q 196 120 120 134 69 166 1461 113 1616 339 59 97 341 493287 616 274 182 183 53 80 320
300 504442 G 297 129 107 317 87 499781 123 35 85 374 10 71 279 111 419 357 187 810 63 108 692
301 561936 A 554939 225 399 51 291 294 220 334 201 623 86 200 499 205 651 865 631 538 114 242 328
302 740769 I 96 13 151 151 163 344 165 735989 276 530 154 234 423 184 440 267 467 398 15 123 186
303 747328 N 316 150 196 140 167 480 108 288 261 358 92 742364 275 117 375 445 349 306 106 232 203
304 689074 S 149 114 56 87 54 476 32 275 41 184 27 331 87 90 509 686152 116 169 25 35 65
305 671379 N 136 77 148 28 86 236 53 154 68 123 12 669461 77 29 173 196 73 125 13 66 45
306 672904 L 178 101 70 90 260 331 110 342 107 669400 32 57 449 86 364 271 159 195 75 99 128
307 609234 P 296 62 79 111 92 211 1945 129 100 407 40 99 603083 101 395 345 1253 205 38 81 162
308 611073 F 134 168 86 53 607715 156 86 165 87 759 45 85 165 73 273 382 134 190 53 111 153
309 601166 Q 231 67 110 144 100 281 410 151 998 382 56 114 213 596049 705 282 172 210 99 97 295
310 611184 N 215 58 152 117 82 178 103 182 133 208 45 608220 162 107 278 303 163 150 50 120 158
311 583127 I 180 92 90 104 72 397 81 579594 150 281 207 122 145 86 379 269 235 295 73 121 154
312 580103 H 246 135 145 110 94 414 575322 155 120 463 70 193 254 234 573 325 231 264 95 462 198
313 483725 P 156 59 55 72 44 288 85 68 79 344 52 58 478883 1819 418 215 679 159 68 36 88
314 411503 V 378 149 132 89 236 329 153 250 130 459 49 141 332 136 365 455 230 407054 83 166 187
315 402561 T 305 167 115 154 169 299 154 291 273 512 52 164 306 202 506 366 397753 264 85 130 294
316 435006 I 220 126 97 101 179 238 150 430735 155 380 273 179 246 135 352 395 313 277 54 188 213
317 400119 G 251 129 144 187 112 394954 141 282 164 423 83 171 180 134 419 410 192 662 34 182 865
318 535296 E 351 222 177 528407 275 377 193 375 373 543 121 190 427 188 442 615 353 397 137 250 883
319 529589 C 181 525848 64 70 497 247 60 108 64 237 41 56 164 74 320 345 142 181 104 414 372
320 597828 P 190 134 83 80 198 150 124 156 67 506 15 121 592960 1228 285 413 595 156 69 152 146
321 638561 K 243 54 120 180 221 200 121 323 634241 408 34 223 231 121 364 420 243 373 17 188 236
322 656080 Y 325 143 177 137 203 312 204 334 195 620 104 167 396 158 399 510 344 358 62 650602 330
323 663785 V 350 177 178 111 260 241 176 344 180 451 56 204 357 123 414 503 363 658773 55 219 250
324 656484 R 313 209 172 199 210 783 212 325 267 761 1106 225 474 240 648110 1400 384 382 167 212 333
325 633400 S 423 347 206 173 303 703 269 403 201 729 130 411 537 226 748 625832 395 525 167 285 387
326 603997 T 255 69 52 45 76 229 59 225 63 212 49 140 200 64 147 316 601481 131 29 66 89
327 623213 K 201 102 114 235 129 326 110 146 619037 409 73 158 309 129 433 330 263 250 100 132 227
328 605036 L 415 223 193 213 922 503 212 339 258 597980 74 191 449 223 601 612 435 376 156 245 416
329 602897 R 289 155 98 194 117 812 108 131 282 344 932 103 250 125 597329 634 213 223 166 138 254
330 536177 M 238 117 92 110 89 323 138 690 88 351 532045 74 192 81 311 264 191 378 114 100 191
331 432375 V 212 94 114 83 140 283 78 168 76 190 30 65 186 51 243 189 133 429767 50 64 159
332 406071 T 189 53 80 84 39 155 54 302 191 119 35 107 161 60 153 181 403733 123 29 63 160
333 435693 G 155 55 77 111 70 432707 60 131 92 206 40 77 128 69 213 156 145 379 35 62 725
334 431398 L 174 62 82 88 111 247 113 228 94 428441 44 101 305 108 281 265 138 213 10 113 180
335 421555 R 72 40 34 54 48 207 49 212 83 93 29 50 54 23 420133 115 71 64 16 34 74
336 424931 N 117 59 105 84 47 195 58 132 127 168 39 422746 92 81 222 175 130 143 39 65 107
337 416385 I 92 47 40 55 58 189 40 414764 48 105 52 72 76 55 141 107 155 147 28 37 77
338 416306 P 109 52 50 77 47 147 70 72 71 213 32 64 412500 1284 163 222 762 113 53 74 131
339 406535 S 96 70 48 60 125 159 61 109 73 191 19 63 169 56 167 404395 129 119 31 266 129
340 455559 I 88 59 36 58 83 106 53 453812 57 138 27 71 56 50 141 129 146 188 57 74 130
341 450250 Q 125 51 49 72 65 136 103 125 305 225 30 82 130 447653 287 172 128 143 56 83 230
342 481350 Y 129 173 75 66 175 150 130 174 110 307 34 102 127 75 229 303 184 148 32 478330 297
343 498886 R 261 145 127 165 195 443 132 651 238 461 8 150 358 154 493610 586 371 227 73 160 371
344 554219 G 202 640 180 100 94 550228 116 174 140 252 62 98 212 109 300 391 198 375 21 102 225
345 582212 L 247 112 141 132 112 178 188 635 212 577551 51 167 306 189 352 331 392 303 55 212 346
346 636226 F 168 88 101 99 632407 125 112 311 157 550 56 136 186 111 248 392 221 225 52 177 304
347 556264 G 146 71 68 153 61 552736 61 85 88 203 38 85 144 74 312 164 154 617 56 59 889
348 559208 A 555541 53 352 64 43 169 71 75 44 156 23 42 126 49 165 1500 198 360 15 53 109
349 560782 I 199 107 109 109 153 242 111 557126 135 319 69 142 254 118 369 272 303 255 55 115 220
350 565872 A 560181 158 346 113 141 227 213 206 122 581 57 143 740 128 446 715 587 398 55 125 190
351 581299 G 424 551 198 120 43 577146 115 87 91 248 54 69 254 92 398 474 248 388 70 75 154
352 642523 F 624 307 385 318 632287 797 395 390 295 1057 115 335 793 340 886 812 687 721 137 332 510
353 659192 I 482 204 249 267 331 518 305 649859 416 1076 175 423 795 324 794 776 679 549 115 445 410
354 601197 E 324 201 1703 592360 176 633 192 277 305 505 115 176 179 187 766 456 361 396 116 198 1571
355 595182 G 527 228 221 400 146 584593 209 295 117 634 96 193 592 247 828 580 496 2316 1947 193 324
356 525395 G 509 136 680 439 158 517027 179 227 183 453 97 160 589 224 970 513 414 616 108 142 1571
357 493194 W 387 466 154 142 126 787 215 237 200 1027 444 175 688 167 744 565 396 334 485178 154 608
358 423921 T 526 182 316 181 149 356 225 333 198 516 89 303 509 236 607 535 417759 328 104 182 287
359 429846 G 337 41 133 234 24 425708 118 80 80 254 37 70 326 146 488 147 124 512 27 35 925
360 349025 M 216 105 90 195 189 211 106 480 227 474 344179 190 227 188 504 333 249 359 79 137 287
361 411121 I 448 173 182 248 246 390 161 404371 277 542 294 273 532 210 679 633 487 373 102 148 352
362 375098 D 87 112 372564 76 105 187 143 45 40 271 35 94 203 70 257 185 36 193 35 231 129
363 452206 G 222 180 128 115 85 449019 147 55 60 56 3 116 203 22 313 274 150 320 18 128 592
364 508939 W 294 193 123 117 179 240 118 214 103 1063 108 112 337 118 477 401 199 238 503591 129 585
365 565961 Y 205 146 95 67 190 127 307 185 84 377 57 156 330 114 331 383 236 242 17 562174 138
366 567159 G 190 437 84 88 54 564568 23 40 34 181 52 22 104 84 323 198 95 347 67 42 126
367 532613 Y 194 133 83 84 137 239 185 38 56 256 9 58 177 90 262 195 92 107 70 529996 152
368 538661 H 127 116 67 69 91 192 535501 134 100 353 35 212 189 154 366 252 112 125 71 217 178
369 517258 H 194 82 89 80 113 189 514194 154 86 333 42 183 145 112 340 235 164 153 47 177 146
370 511329 Q 179 102 72 111 125 232 282 141 257 358 61 74 171 507662 434 262 139 205 58 72 332
371 513240 N 204 72 172 119 104 295 47 152 150 250 57 510160 56 56 273 388 161 197 53 107 167
372 499675 E 181 84 111 496626 72 233 58 146 178 217 49 78 157 97 235 229 160 232 53 68 411
373 462827 Q 128 54 47 76 60 135 1329 107 137 275 38 82 245 458928 349 174 137 123 52 62 289
374 486371 G 204 122 137 176 140 482444 110 179 130 280 54 147 221 91 444 325 201 299 36 111 520
375 453771 S 155 130 106 85 129 215 165 201 140 518 50 123 337 152 309 449947 263 185 72 123 366
376 501196 G 250 572 267 139 95 496419 138 208 108 378 76 111 315 146 423 383 254 444 112 123 235
377 502204 Y 324 242 156 140 193 382 254 314 235 532 108 187 485 174 521 478 393 302 85 496376 323
378 482676 A 474483 268 210 435 150 545 190 314 309 595 94 272 517 228 697 963 606 989 129 266 416
379 474131 A 466155 273 148 503 216 441 262 357 228 650 147 254 296 282 700 1172 381 809 146 251 460
380 470022 D 272 134 465897 129 135 458 122 195 88 354 50 181 213 81 349 316 195 327 96 243 187
381 480240 Q 253 201 133 168 218 363 133 301 276 521 61 201 231 474056 528 1277 283 358 55 225 398
382 513643 K 324 164 127 177 198 302 129 251 508574 466 82 176 345 210 436 446 319 330 88 171 328
383 520201 S 388 153 101 90 99 485 79 326 116 230 35 203 231 88 504 516338 198 225 69 105 138
384 541460 T 497 221 142 174 161 350 212 356 207 527 108 133 442 200 569 597 535602 417 87 154 304
385 565442 Q 478 303 208 211 196 544 226 260 235 638 55 197 523 558498 824 606 350 403 133 147 407
386 557481 N 204 88 139 106 129 249 74 289 186 324 103 553969 124 76 279 295 138 286 67 144 212
387 531986 A 528168 106 313 67 69 311 53 152 98 251 39 81 191 53 238 907 231 386 49 71 152
388 483037 I 336 225 162 142 147 454 160 478454 118 461 82 142 207 130 423 383 181 341 96 126 267
389 481515 N 306 153 235 152 223 207 153 353 240 565 44 476168 376 127 303 618 344 412 25 228 283
390 378642 G 134 65 75 119 78 374472 45 119 71 221 45 75 121 84 319 189 99 800 1318 61 132
391 382833 I 183 149 81 26 163 113 92 380010 53 267 45 104 208 105 230 203 164 326 27 105 179
392 280957 T 265 136 75 87 130 235 116 232 106 412 43 98 187 108 324 327 277448 252 47 128 201
393 333234 N 209 140 87 62 141 172 90 181 124 304 22 330217 133 76 246 310 181 198 56 105 180
394 336436 K 167 117 71 117 126 209 102 144 332914 327 45 524 146 112 344 288 153 170 89 104 167
395 402042 V 414 198 169 146 214 384 176 299 188 681 75 162 288 164 524 501 262 396548 114 173 362
396 402174 N 158 94 111 47 79 100 98 126 59 172 17 400048 141 61 156 227 112 109 40 117 102
397 442231 S 94 82 30 20 100 94 47 64 14 128 10 24 206 30 153 440276 115 62 36 520 126
398 462846 V 185 78 105 47 107 214 72 172 48 210 8 44 121 42 220 131 110 460679 62 58 133
399 463206 I 216 112 75 75 119 240 53 460172 74 278 23 119 194 79 375 252 164 235 81 73 197
400 457287 E 129 78 211 454853 23 355 41 13 189 66 4 53 114 69 183 166 79 99 60 51 451
401 451559 K 127 15 49 129 25 141 41 93 449837 134 28 56 87 53 230 141 114 103 13 36 107
402 458969 M 135 66 64 108 80 289 68 399 96 216 455940 73 125 77 273 220 156 216 58 90 220
403 438591 N 181 101 154 94 75 272 48 152 134 199 46 435900 142 52 199 230 120 191 54 107 140
404 427676 T 195 57 52 66 84 207 80 174 73 259 24 88 182 67 252 276 425059 175 58 75 173
405 428952 Q 161 100 73 118 94 268 129 127 497 291 55 63 157 425331 476 214 134 192 78 83 311
406 404552 F 102 89 72 90 402053 216 39 115 54 517 26 64 76 33 172 226 71 186 68 93 190
407 335864 T 112 16 13 29 16 69 37 172 71 63 19 34 78 63 163 155 334678 22 3 16 35
408 268094 A 266417 50 259 48 38 172 26 49 39 97 24 27 67 43 139 254 93 109 25 28 90
409 257312 V 146 52 51 67 51 208 35 37 42 190 83 29 116 52 164 121 65 255598 46 31 128
410 236110 G 76 199 141 50 34 234688 19 36 43 86 18 21 79 47 135 108 59 127 33 26 85
411 190261 K 101 8 41 54 18 134 35 53 189021 126 28 48 97 31 131 66 69 77 22 23 78
412 173029 E 49 23 43 171953 11 151 23 50 32 86 22 30 27 25 107 63 41 107 36 15 135
413 154794 F 89 59 37 38 153442 134 18 70 30 199 15 27 37 28 94 132 59 124 39 39 84
414 167775 N 88 46 118 34 39 144 34 68 40 109 13 166451 53 28 103 138 51 96 22 37 63
415 177870 N 60 47 56 26 43 79 39 65 46 125 22 176632 47 30 109 108 76 95 23 53 89
416 190574 L 47 24 16 12 57 49 24 60 24 189813 8 22 41 14 63 95 22 50 18 33 82
417 207302 E 44 21 25 206467 29 70 8 33 117 45 15 21 25 20 90 41 28 49 15 26 113
418 221673 K 34 30 20 40 15 65 11 52 220845 71 14 36 33 26 88 60 47 56 22 20 88
419 222198 R 21 12 11 17 16 560 9 14 244 42 398 10 12 11 220591 132 18 28 22 7 23
420 203915 M 24 17 39 19 11 38 9 369 21 51 203024 16 34 13 44 31 43 43 33 13 23
421 228566 E 34 14 18 227795 18 120 10 12 60 50 9 13 27 16 54 45 19 64 15 19 154
422 209062 N 48 35 43 14 21 50 20 61 37 50 5 208356 30 12 54 67 26 49 11 19 54
423 215312 L 23 11 6 5 51 19 15 34 22 214675 2 36 42 16 82 87 49 11 9 28 89
424 223841 N 36 1 38 13 17 37 17 58 50 54 2 223140 70 15 58 70 43 40 8 30 44
425 234616 K 61 48 31 45 116 90 80 151 232499 209 14 88 206 52 136 238 168 67 19 106 192
426 217522 K 129 35 44 41 32 72 48 61 216039 94 12 45 111 61 148 107 109 133 17 59 125
427 234707 V 72 12 37 24 46 47 26 79 41 87 14 34 44 34 67 90 64 233760 9 43 77
428 228193 D 117 52 226425 69 59 137 48 83 55 148 23 92 97 57 146 155 88 129 14 116 83
429 221053 D 69 40 219863 41 33 112 45 37 31 90 16 43 72 22 80 97 52 80 10 120 100
430 222789 G 64 29 18 95 44 220436 44 60 50 138 16 49 57 35 208 120 79 292 807 27 121
431 208276 F 68 32 19 19 207241 37 33 65 29 116 11 22 68 38 78 115 63 65 24 38 95
432 208534 L 83 34 27 38 17 93 36 36 45 207342 76 27 176 44 104 89 73 69 25 17 83
433 179170 D 66 20 178168 41 24 118 26 26 20 64 4 50 64 19 58 55 58 72 9 151 57
434 180067 I 47 28 29 22 38 49 30 179130 25 74 10 45 62 24 76 100 85 64 20 23 86
435 177993 W 42 170 35 39 51 102 20 28 30 297 13 23 55 34 144 102 58 58 176524 35 133
436 180911 T 92 18 20 28 18 42 25 67 45 86 5 32 62 27 80 73 180079 56 9 8 39
437 238524 Y 39 59 20 13 52 59 72 54 27 121 8 48 49 17 70 79 43 72 19 237503 100
438 231425 N 76 53 57 40 37 66 36 71 59 122 25 230069 66 45 120 126 93 50 31 52 131
439 237784 A 236674 28 26 104 34 75 14 47 36 63 10 39 58 31 79 138 108 108 17 26 69
440 265165 E 69 36 36 263916 49 110 23 68 69 77 14 21 71 35 97 85 61 71 14 36 207
441 257891 L 49 36 29 19 71 54 19 71 36 256872 39 42 39 15 61 133 43 74 28 33 128
442 351259 L 59 30 37 35 56 68 26 77 44 350044 11 42 84 44 103 155 68 101 18 43 114
443 352141 V 96 26 57 37 70 85 31 94 26 93 14 23 45 23 68 92 60 351055 17 27 102
444 364262 L 116 53 59 83 42 170 72 246 71 362134 31 49 187 100 220 165 124 97 26 66 151
445 383118 L 47 27 31 23 33 72 34 31 28 381975 52 25 249 54 108 76 50 66 25 29 83
446 381271 E 80 38 55 379738 36 239 23 37 76 86 13 22 51 46 100 82 41 98 26 21 363
447 387104 N 75 57 76 13 53 48 40 53 51 122 29 385784 64 22 119 136 69 83 28 64 118
448 411184 E 50 29 76 410062 28 121 7 40 107 56 10 37 16 20 46 64 31 63 12 36 273
449 422159 R 85 61 33 42 70 333 36 53 130 148 418 19 65 23 419950 272 78 98 71 43 131
450 405994 T 171 74 75 42 68 83 51 118 57 166 20 89 79 64 131 186 404097 119 40 72 192
451 406722 L 107 57 48 44 518 140 23 37 37 404698 39 26 71 46 153 215 83 132 68 38 142
452 375532 D 68 41 374193 63 20 205 29 42 31 85 17 60 30 26 105 56 41 123 18 183 96
453 313591 F 45 43 20 15 312494 57 13 44 22 342 0 19 37 20 82 131 36 59 30 37 45
454 292439 H 87 18 42 11 15 73 290876 34 3 128 7 446 72 53 228 94 35 68 15 65 69
455 287981 D 92 56 286465 96 57 173 40 58 31 107 9 65 47 40 117 87 56 137 39 122 87
456 296766 L 79 45 23 39 52 121 36 58 10 295572 9 31 64 22 118 160 73 84 18 37 115
457 274589 N 64 40 59 19 44 82 41 74 33 91 36 273357 91 32 74 134 72 78 22 61 85
458 264658 V 140 43 42 71 63 123 19 67 58 125 59 26 40 29 61 79 43 263416 20 37 97
459 266155 K 83 42 20 66 59 143 33 57 264584 113 35 150 57 38 188 114 66 112 51 27 117
460 263633 N 40 22 41 30 26 70 33 70 31 93 18 262667 35 24 89 106 31 57 18 49 83
461 262984 L 31 13 23 18 5 49 7 35 26 262285 102 16 54 30 63 56 42 45 19 19 46
462 267392 Y 43 117 47 30 67 78 77 70 39 100 5 71 59 26 93 105 50 82 35 266012 186
463 264494 E 56 28 144 263145 26 114 22 34 84 78 9 23 55 31 80 87 33 85 18 31 311
464 250071 K 27 30 11 64 29 35 16 52 249338 62 8 40 17 20 92 59 29 39 15 22 66
465 258712 V 85 30 24 42 36 89 17 110 25 81 6 18 31 14 66 63 40 257837 20 21 57
466 252486 K 38 26 25 54 26 41 23 56 251732 62 2 34 32 18 65 46 26 38 15 39 88
467 277736 S 66 34 29 43 23 146 28 667 37 78 2 70 33 20 291 275898 69 72 22 36 72
468 276744 Q 82 56 40 34 62 109 55 85 430 126 2 38 82 274847 169 118 76 103 17 43 170
469 290757 L 61 14 32 25 66 45 29 83 29 289743 8 26 37 24 81 134 52 55 27 47 139
470 306016 K 77 58 31 82 48 144 21 70 304340 118 35 209 48 45 252 89 64 92 31 43 119
471 314510 N 83 64 78 53 76 136 47 87 51 162 18 312765 85 26 140 198 64 120 34 81 142
472 324068 N 108 54 104 46 67 158 38 103 78 152 28 322087 113 30 194 218 110 133 36 65 146
473 347411 A 344291 80 228 76 118 160 64 175 63 263 30 89 113 53 185 636 211 280 29 101 166
474 366907 K 129 106 41 123 125 108 60 143 364158 278 41 100 112 113 246 251 143 168 63 84 315
475 369707 E 107 76 55 367517 88 158 31 112 95 221 27 59 85 54 153 153 80 179 35 88 334
476 374435 I 79 62 49 34 69 90 32 372819 57 162 45 89 41 50 95 142 132 149 22 70 147
477 366922 G 105 67 55 135 99 363986 50 110 65 229 22 67 52 71 340 164 57 346 43 72 787
478 355165 N 60 52 58 17 93 24 43 137 108 183 35 353425 106 39 140 211 52 100 23 63 196
479 366556 G 109 50 35 74 60 363943 31 73 49 130 32 47 64 42 183 130 79 485 794 40 106
480 361250 C 103 359262 46 42 112 146 49 86 33 146 23 41 88 49 151 167 60 189 41 205 211
481 376778 F 160 54 65 43 374348 25 76 128 55 388 28 79 179 70 194 252 144 125 35 95 235
482 382451 E 136 75 111 379250 67 638 49 106 129 162 8 59 75 64 255 203 102 185 84 63 630
483 358385 F 81 66 35 35 356388 141 43 102 58 417 14 52 62 52 127 162 73 143 69 69 196
484 379332 Y 149 187 67 95 165 387 201 126 58 319 45 84 142 75 309 256 90 286 85 375912 294
485 355223 H 124 59 69 74 84 310 352442 75 48 238 34 431 104 112 248 144 76 192 72 135 152
486 417218 K 128 94 59 156 72 268 41 119 414653 205 56 115 95 66 265 171 113 205 50 58 229
487 373594 C 89 371591 53 57 161 100 32 79 58 181 47 52 72 39 175 196 86 141 65 137 183
488 377436 D 108 62 375128 101 52 356 58 77 47 173 31 117 66 40 150 120 87 220 44 266 133
489 384137 N 103 48 107 49 64 123 51 105 69 172 35 382278 99 59 150 159 79 147 49 73 118
490 386009 E 96 71 97 383725 64 313 34 86 103 190 31 47 63 65 163 158 75 192 49 63 324
491 382300 C 74 381001 27 27 145 108 12 46 16 63 24 17 29 9 137 108 20 65 63 105 204
492 400723 M 107 77 42 31 56 103 37 704 84 172 398325 44 64 41 171 126 155 184 56 34 110
493 381545 E 124 63 111 379285 74 198 59 79 80 213 26 54 110 74 145 137 74 160 33 70 376
494 359253 S 92 84 57 42 53 209 27 85 23 107 29 55 51 30 167 357797 59 127 53 26 80
495 392399 V 114 73 48 66 79 169 33 189 55 213 30 66 21 38 91 114 57 390731 25 44 143
496 357304 R 65 48 39 56 49 231 22 186 95 120 19 38 32 37 355777 123 64 115 32 37 119
497 351429 N 120 79 78 49 94 121 47 139 86 170 28 349385 121 55 143 202 103 169 28 80 132
498 350204 G 99 47 32 74 30 347863 14 58 41 94 10 27 48 26 182 105 42 478 839 27 68
499 334654 T 97 21 26 28 33 49 23 84 22 73 16 60 45 19 57 97 333707 70 21 38 68
500 318293 Y 97 69 28 48 48 130 102 49 31 113 31 29 59 25 109 96 59 104 38 316902 126
501 335246 D 67 30 334046 40 24 187 29 46 32 62 19 50 26 26 82 61 70 113 19 151 66
502 334848 Y 46 74 29 39 70 115 60 60 19 92 7 27 28 13 86 77 46 78 23 333758 101
503 371355 P 71 63 30 29 64 161 54 88 51 185 19 46 369184 494 158 211 164 90 52 42 99
504 384062 K 99 71 50 126 48 203 44 79 382090 154 38 104 63 46 203 132 73 178 69 50 142
505 384536 Y 44 60 28 20 37 69 43 50 16 61 14 21 32 10 73 49 27 61 24 383739 58
506 390868 S 31 28 26 25 55 91 29 33 28 157 14 31 83 20 93 389606 66 65 23 41 323
507 372515 E 46 30 60 371515 29 145 19 24 42 77 7 6 32 26 92 42 25 79 28 20 171
508 349005 E 101 34 65 347501 61 137 32 60 72 115 22 35 66 38 95 121 56 131 23 39 201
509 359890 S 85 69 51 33 105 128 36 74 40 180 20 45 91 18 103 358299 86 138 37 60 192
510 347078 K 50 34 35 61 31 96 31 39 345987 98 27 46 35 20 160 72 40 95 22 31 68
511 350883 L 40 41 17 22 281 85 12 22 28 349759 42 17 37 24 65 141 32 89 27 32 70
512 366078 N 70 60 121 55 86 103 42 98 82 156 6 364371 83 21 101 287 83 121 10 68 54
513 332607 R 113 92 49 32 124 204 54 141 81 259 1103 50 84 72 328763 835 115 174 54 94 114
514 443802 E 157 107 95 440293 149 756 78 107 161 330 34 47 118 77 133 208 79 253 45 109 466
515 408389 K 113 88 48 133 76 196 49 82 405635 200 58 195 86 35 682 189 106 175 72 49 122
516 462052 I 132 112 66 44 145 158 64 459124 88 348 283 61 153 62 179 275 169 269 51 99 170
517 466985 D 172 63 464027 127 130 268 90 155 70 246 26 84 162 74 217 258 121 284 54 217 140
518 423110 G 109 74 38 89 96 419917 62 112 64 178 10 84 83 68 306 145 73 664 52 43 843
519 440548 V 190 52 32 72 43 175 39 60 28 176 86 39 111 38 119 177 94 438872 37 40 68
520 496455 K 137 65 68 127 62 159 90 124 494038 204 37 139 135 79 243 185 164 129 35 82 153
521 477562 L 85 49 18 35 736 89 24 71 38 475653 45 25 92 27 91 178 77 66 27 48 88
522 502173 E 83 41 77 500105 53 196 44 78 89 172 19 70 106 81 95 133 106 112 17 65 431
523 501442 S 77 35 36 23 45 70 60 104 35 161 12 41 140 73 105 499941 128 51 16 50 239
524 554153 M 203 87 77 89 119 246 73 1765 143 378 549081 186 144 104 285 313 254 260 62 113 171
525 570247 G 192 60 74 333 72 563783 60 64 55 198 24 60 101 64 310 175 130 2243 2035 82 132
526 541600 V 307 158 114 136 133 250 93 150 101 486 228 94 143 79 265 278 162 537989 51 128 255
527 572468 Y 191 192 122 110 197 336 388 239 104 375 67 197 239 102 300 365 235 293 70 567981 365
528 554162 Q 88 68 52 65 65 103 307 67 332 221 26 64 182 551282 523 196 122 89 9 51 250
529 469226 I 99 48 64 41 83 150 55 467483 50 136 34 81 106 54 129 147 154 127 21 68 96
530 454071 L 184 78 55 41 75 194 105 86 64 451110 269 77 546 99 237 283 209 98 49 54 158
531 424838 A 419208 156 105 1030 186 378 163 201 81 413 51 119 382 118 357 649 295 526 60 145 215
532 505533 I 14 10 16 7 82 14 29 504889 7 76 10 46 32 15 47 56 56 77 4 22 24
533 592415 Y 23 82 62 3 68 23 279 26 10 91 8 74 69 14 35 86 46 18 9 591270 119
534 639732 S 42 17 13 10 19 47 14 22 13 153 7 15 201 16 43 637989 107 35 5 22 942
535 646569 T 130 28 35 20 51 65 17 159 25 91 14 90 59 11 63 164 645369 44 6 56 72
536 625926 V 390 164 180 216 266 400 105 380 178 565 106 109 308 144 448 376 290 620483 145 185 488
537 660941 A 654028 172 671 144 196 335 105 206 82 390 58 145 279 103 335 1967 654 417 73 233 348
538 642939 S 191 209 102 142 142 385 138 249 121 299 67 236 148 94 361 639072 225 222 95 145 296
539 600637 S 245 94 80 92 111 258 86 139 87 495 66 91 295 98 261 596976 214 228 50 118 553
540 602054 L 253 129 98 132 147 312 126 163 102 598016 164 113 452 184 434 328 228 215 84 118 256
541 613623 V 344 191 156 191 188 410 187 212 163 630 181 134 489 190 506 495 352 607868 118 216 402
542 628971 L 806 172 172 179 403 426 237 578 184 621958 90 182 780 218 553 525 342 394 79 279 414
543 566670 L 81 24 24 63 531 110 21 45 73 564275 75 20 78 63 120 196 95 113 438 39 186
544 583859 V 332 110 133 63 199 293 98 150 98 311 30 82 159 66 253 299 177 580621 49 139 197
545 564647 S 128 91 48 72 286 116 131 124 46 312 39 109 406 70 246 561142 228 141 37 739 136
546 698406 L 291 176 141 181 229 420 142 335 147 689739 2562 159 1303 212 510 546 280 421 195 173 244
547 687157 G 224 98 64 299 78 680756 60 71 66 142 22 60 152 49 373 264 130 1891 2073 90 195
548 571551 A 566185 184 101 519 217 447 62 266 110 442 74 96 249 113 386 550 538 569 73 132 238
549 587315 I 157 86 92 54 143 167 57 584458 93 269 54 153 165 59 221 207 306 249 49 123 153
550 594417 S 66 93 52 35 61 251 77 152 79 175 40 133 91 55 222 592278 144 132 25 117 139
551 634454 F 174 127 106 79 630194 209 99 273 138 733 55 168 201 120 299 465 239 238 81 222 234
552 636595 W 281 443 126 97 150 317 100 188 116 1294 66 121 203 121 602 409 277 241 630886 131 426
553 599125 M 238 137 83 103 164 261 139 460 197 410 594267 160 289 134 388 448 330 432 67 125 293
554 571482 C 87 569111 63 56 178 167 64 119 45 170 52 70 115 61 233 215 120 175 43 230 108
555 605429 S 133 67 70 81 169 223 63 110 62 171 23 82 213 56 243 602908 157 121 42 344 91
556 604313 N 55 61 153 76 46 114 44 103 152 89 39 602270 83 55 240 263 129 90 14 80 157
557 522693 G 136 52 76 141 42 518848 63 70 69 111 25 61 124 71 359 197 123 534 1368 54 169
558 498457 S 115 39 60 71 106 147 46 47 68 127 33 60 185 63 180 496355 180 129 19 300 127
559 522204 L 112 118 100 129 344 355 67 138 123 518943 58 102 153 86 289 327 166 249 67 93 185
560 470178 Q 70 12 33 80 33 89 109 28 212 101 28 45 55 468080 291 114 59 73 23 42 601
561 338359 C 76 336696 26 33 138 74 28 47 27 91 10 36 66 25 136 160 45 61 42 335 207
562 400248 R 71 19 64 70 57 211 21 292 155 86 12 45 40 46 398477 162 95 130 30 43 122
563 464880 I 80 28 35 60 66 173 37 462819 110 191 77 76 63 78 236 162 170 187 39 50 143
564 468364 C 104 466429 37 42 213 167 35 45 37 83 20 41 66 27 206 183 65 86 44 215 219
565 430323 I 128 36 33 62 54 192 38 428573 73 103 54 57 78 48 241 134 92 178 41 42 66
