# amino-acid counts among definitively called codons
# POSITION TOTAL_COUNTS WT N_A N_C N_D N_E N_F N_G N_H N_I N_K N_L N_M N_N N_P N_Q N_R N_S N_T N_V N_W N_Y N_STOP
1 732799 M 0 0 0 0 0 0 4 197 64 57 732239 0 0 0 6 0 90 139 3 0 0
2 694796 A 694278 0 0 61 0 55 0 0 0 1 0 0 20 1 5 55 45 275 0 0 0
3 730075 S 348 29 2 0 87 0 230 4 8 150 58 12 149 5 4 728721 90 12 0 165 1
4 734987 Q 206 117 3 23 1044 41 54 301 228 888 4 1263 31 724142 421 5192 409 107 5 349 159
5 668591 G 57 196 109 0 0 667601 2 1 0 0 0 0 11 0 364 188 2 55 1 4 0
6 589083 T 106 0 0 0 0 0 4 49 0 8 0 38 13 0 0 29 588836 0 0 0 0
7 589092 K 0 0 1 61 0 5 0 23 588825 0 0 83 2 12 58 1 3 0 0 0 18
8 518561 R 0 0 0 0 0 26 0 0 0 108 0 0 28 110 518174 0 6 0 109 0 0
9 536156 S 210 14 1 1 56 8 1 10 2 14 9 3 94 14 2 535549 90 8 0 70 0
10 587281 Y 424 117 15 0 12 4 136 159 2 113 16 50 94 9 0 15 58 13 0 585948 96
11 531611 E 6 1 44 531100 0 87 4 5 124 4 1 9 1 19 1 69 4 60 0 0 72
12 493570 Q 34 21 1 43 11 64 275 5 614 107 18 277 16 491145 245 144 351 100 9 5 85
13 607948 M 27 0 17 1 0 19 7 216 67 54 607344 2 3 2 11 0 68 99 3 3 5
14 599219 E 8 0 26 598810 0 151 4 0 81 3 0 6 3 32 2 2 1 39 3 3 45
15 562524 T 96 14 1 42 0 2 19 118 0 7 0 72 14 0 1 40 562091 7 0 0 0
16 633472 D 4 3 632922 170 0 128 21 6 1 1 3 62 0 10 4 0 18 47 0 61 11
17 626437 G 48 7 1 57 0 625634 0 35 6 1 203 7 131 8 111 40 10 66 70 0 2
18 615830 E 9 4 135 613941 0 166 3 4 160 10 0 8 487 41 22 54 17 699 1 31 38
19 620621 R 16 136 1 3 1 25 231 1 0 63 0 7 55 5 620010 52 8 5 0 0 2
20 633773 Q 1 0 0 19 2 0 80 0 65 48 1 0 1153 632027 282 4 2 2 0 0 87
21 606601 N 2 113 85 1 1 9 26 56 49 51 4 605576 14 13 113 127 310 3 2 32 14
22 620316 A 617435 4 0 85 12 225 21 3 259 5 1 20 141 35 187 198 240 1425 3 0 17
23 649261 T 555 9 1 9 0 16 5 130 40 1208 1 105 15 40 75 3126 643866 37 0 10 13
24 616142 E 22 3 66 611559 1 137 2 62 204 61 2 3 6 265 22 20 12 107 1 4 3583
25 546024 I 4 0 3 0 27 176 18 543273 1 34 2157 45 36 0 7 14 83 133 1 4 8
26 588199 R 53 2 0 26 44 194 1 62 272 13 0 0 8 8 587405 33 17 0 1 0 60
27 561847 A 560568 0 1 71 5 42 43 3 417 67 2 3 127 5 77 88 170 147 0 1 10
28 605925 S 1997 28 6 11 45 203 44 3 64 8 0 750 115 8 360 602079 46 0 4 90 64
29 584322 V 85 0 49 4 59 12 0 283 3 10 0 1 10 1 8 5 19 583770 1 0 2
30 610870 G 324 2 1 87 164 609651 0 3 6 42 0 0 4 2 275 46 76 73 64 2 48
31 610371 K 5 1 0 92 0 0 1 7 609635 5 38 84 249 3 149 30 19 0 2 0 51
32 601249 M 1 0 0 2 2 3 3 182 53 37 600702 21 7 1 17 3 97 100 11 3 4
33 608411 I 7 0 2 6 52 8 0 607986 1 17 23 48 1 5 8 18 67 147 0 5 10
34 605177 D 314 2 601649 214 3 270 136 59 11 494 469 135 1 78 14 289 44 903 26 54 12
35 551679 G 36 1 0 75 10 551214 20 3 3 2 1 4 1 0 147 19 1 61 2 0 79
36 589456 I 0 0 1 3 20 0 0 589054 0 23 7 45 12 7 40 29 96 94 0 0 25
37 556785 G 22 6 10 56 0 556403 0 5 0 32 0 0 3 1 109 1 3 53 4 0 77
38 508304 R 5 0 2 1 0 37 23 0 0 60 0 7 96 128 507774 38 12 0 0 0 121
39 559756 F 4 6 0 2 559134 4 3 31 2 200 4 1 71 6 18 77 3 18 125 36 11
40 540781 Y 2 109 6 1 58 4 352 2 2 10 0 51 7 4 4 12 1 1 4 540023 128
41 488638 I 10 16 3 10 36 140 5 487797 1 170 8 50 39 44 68 52 112 63 5 1 8
42 481584 Q 0 4 1 18 0 26 21 1 62 28 2 0 25 481219 82 2 3 2 0 2 86
43 468653 M 2 1 2 4 5 0 107 120 20 81 468124 58 1 1 3 22 39 50 0 9 4
44 510000 C 13 509400 1 4 56 18 0 21 3 50 0 0 1 0 110 117 16 6 30 89 65
45 491729 T 81 3 7 3 0 27 13 66 20 22 4 39 34 3 11 91 491270 30 2 0 3
46 538215 E 6 19 49 537385 2 102 0 55 73 12 5 7 291 26 11 7 74 34 0 2 55
47 624287 L 6 1 4 1 70 0 35 54 2 623679 0 4 133 0 231 12 36 17 0 0 2
48 633241 K 23 0 0 81 1 24 1 20 632722 26 33 88 3 8 82 18 17 2 1 6 85
49 627625 L 14 6 7 2 71 13 29 52 3 621545 64 38 173 135 47 24 706 27 1 5 4663
50 621106 S 2811 86 9 19 6 770 18 54 219 157 1 108 185 134 598 615352 542 9 12 0 16
51 687965 D 37 13 686329 134 0 175 23 41 2 98 127 179 170 7 46 19 375 122 0 57 11
52 730357 Y 53 136 9 17 52 12 208 25 2 8 12 47 12 3 11 32 126 40 5 729451 96
53 695434 E 49 6 134 694527 0 192 7 7 126 41 5 1 25 19 2 9 23 55 135 0 71
54 628251 G 143 6 13 132 0 627120 174 1 0 16 0 3 42 3 163 44 134 193 54 0 10
55 593578 R 3 0 12 8 0 83 12 1 0 108 0 2 100 216 592810 4 7 1 0 1 210
56 588833 L 31 1 2 0 0 10 2 32 5 586879 45 79 1148 42 26 7 415 101 2 1 5
57 624652 I 5 0 16 1 34 20 1 623354 45 615 18 51 42 1 180 31 119 109 2 6 2
58 601913 Q 21 0 8 121 3 18 87 0 76 54 0 102 40 600256 857 23 11 11 12 138 75
59 578076 N 5 11 96 4 14 356 6 38 80 10 4 577110 24 7 63 100 49 18 7 37 37
60 458505 S 0 54 3 7 0 63 0 63 1 26 0 53 4 1 63 458100 27 26 1 4 9
61 457200 L 4 33 3 0 44 1 17 47 1 456886 0 3 6 3 4 67 5 14 1 2 59
62 423076 T 72 11 0 1 10 13 16 45 32 18 0 14 260 12 22 193 422334 14 0 4 5
63 458597 I 11 14 1 0 0 5 12 457826 32 66 123 5 13 6 13 6 68 201 4 1 190
64 472962 E 9 14 59 472056 4 120 21 193 69 26 31 3 151 17 39 16 20 39 1 16 58
65 455918 R 1 1 4 6 24 96 4 25 74 7 3 9 17 1 455135 375 20 0 0 0 116
66 481681 M 0 0 0 2 0 32 0 139 36 29 481309 4 3 0 7 0 44 70 1 5 0
67 465883 V 85 2 0 52 0 23 0 4 0 47 95 0 8 0 0 0 0 465563 4 0 0
68 502735 L 4 6 2 4 33 1 25 39 1 502394 16 2 121 16 20 1 7 30 1 3 9
69 521656 S 43 25 0 2 26 14 1 1 0 7 0 13 100 1 2 521282 46 0 0 72 21
70 550107 A 549381 7 240 8 1 25 1 37 0 10 2 1 29 2 6 68 196 58 0 16 19
71 532955 F 27 7 3 4 532261 3 22 28 6 146 0 2 33 0 5 170 25 24 0 154 35
72 534721 D 29 1 534275 65 0 126 20 3 1 2 0 68 7 0 13 7 14 44 0 44 2
73 493405 E 213 3 112 491349 415 213 39 188 181 64 30 12 0 95 38 30 300 87 1 0 35
74 503472 R 21 3 1 10 0 135 2 52 123 9 0 1 7 0 502896 37 18 23 7 2 125
75 513036 R 0 0 1 2 1 105 0 3 84 1 44 3 2 1 512686 55 12 0 25 1 10
76 553757 N 41 4 85 161 3 18 1 50 77 33 0 553022 2 1 3 130 20 0 66 40 0
77 557141 K 21 51 11 112 5 3803 214 3993 542336 252 4 81 16 19 5057 1031 21 39 1 1 73
78 430252 Y 17 47 11 0 9273 1 62 14 7 7 1 52 15 1 12 14 3 3 21 420647 44
79 414015 L 0 2 1 0 2 14 1 13 6 413488 51 2 231 35 52 8 11 72 1 0 25
80 380170 E 54 70 31 379383 2 98 27 53 80 31 20 13 11 44 19 27 72 75 0 15 45
81 357069 E 6 18 50 356181 34 96 9 216 63 92 0 13 7 20 41 57 33 61 1 31 40
82 405882 H 23 250 23 11 54 1 404295 16 16 71 26 67 5 257 170 94 95 43 72 262 31
83 524785 P 379 11 6 6 4 508 77 12 16 63 9 380 522069 128 342 149 131 319 1 10 165
84 523100 S 893 140 12 1 4 310 1 56 9 918 10 176 112 47 150 520142 74 10 9 14 12
85 558959 A 552800 6 3 68 1 109 41 18 16 133 23 109 4363 23 203 204 438 274 10 7 110
86 623970 G 212 10 9 118 3 616268 83 7 317 540 0 4974 36 63 978 89 77 71 80 17 18
87 660839 K 1 1 2 232 0 30 0 7 659978 13 27 156 14 11 226 14 32 25 0 2 68
88 673406 D 9 32 659889 78 3 86 22 30 5 35 3 12966 4 18 20 13 0 47 0 58 88
89 608851 P 1309 948 29 17 31 265 88 23 37 249 7 44 604853 18 75 440 121 92 23 83 99
90 611639 K 19 20 3 74 2 125 69 30 609308 69 539 87 8 527 393 55 197 68 10 5 31
91 568359 K 6 1 5 75 0 10 0 22 567876 9 0 15 4 3 233 5 15 9 0 0 71
92 515436 T 60 0 1 0 16 0 0 24 0 8 0 49 26 0 6 47 515127 3 1 0 68
93 512363 G 25 1 0 48 1 512095 0 0 0 0 0 1 5 0 80 0 1 45 5 2 54
94 483620 G 22 2 1 49 0 483351 0 0 1 9 0 4 1 3 83 0 6 33 0 4 51
95 514278 P 68 5 13 0 1 3 100 1 1 57 0 2 513862 2 28 61 58 8 0 0 8
96 568834 I 18 2 0 3 2 5 0 567954 43 497 78 0 14 2 14 0 74 111 4 8 5
97 601737 Y 3 81 4 1 102 86 112 9 0 7 1 44 10 31 9 25 4 34 1 601067 106
98 522078 K 8 3 0 119 1 9 8 2 521441 148 34 43 6 10 140 22 36 2 2 6 38
99 385838 R 41 4 0 5 0 131 15 35 66 2 0 0 0 1 385429 43 21 7 0 8 30
100 376846 V 3482 4 5 56 19 167 44 88 123 152 1 185 254 15 76 178 40 371910 2 40 5
101 442283 D 3 0 441738 44 1 68 15 3 9 3 0 98 15 1 7 3 55 43 0 47 130
102 451819 R 39 27 2 2 15 90 17 34 79 7 21 1 15 2 451233 85 42 1 4 28 75
103 470534 K 7 2 0 85 0 38 4 1 470007 24 11 52 6 18 179 22 15 40 0 0 23
104 481088 W 5 50 5 0 3 6 2 10 0 47 0 0 3 0 92 13 4 6 480657 3 182
105 496444 M 3 674 1 1 47 36 6 175 60 148 494952 63 5 17 24 18 80 117 17 0 0
106 518944 R 1 0 0 4 0 120 1 3 74 0 51 1 6 1 518553 69 10 0 47 3 0
107 514796 E 7 0 35 514247 0 109 0 3 237 16 0 9 1 32 19 1 1 28 0 1 50
108 515003 L 3 7 0 2 50 24 47 54 3 514577 6 0 98 57 18 9 6 41 0 0 1
109 493943 V 110 487 38 0 28 3 24 189 1 113 0 2 31 1 12 9 7 492832 1 0 55
110 521778 L 6 6 0 0 45 2 19 92 0 521420 0 6 113 0 16 5 4 20 0 0 24
111 499685 Y 0 112 5 0 922 0 192 122 10 36 24 11 2 3 18 17 162 175 0 497813 61
112 438193 D 22 7 437386 71 1 124 32 6 0 5 0 322 14 0 11 14 12 73 0 41 52
113 400126 K 2 1 1 63 10 2 0 34 399851 4 0 22 9 29 69 3 10 0 0 4 12
114 476477 E 7 3 206 475730 50 79 16 14 105 6 1 0 17 124 3 30 6 46 0 1 33
115 533531 E 5 0 21 533128 50 87 2 2 84 16 0 1 5 16 12 5 15 30 0 5 47
116 561587 I 0 12 1 4 0 0 13 560689 37 93 148 17 3 1 9 10 104 354 0 5 87
117 534302 R 0 13 2 1 5 96 2 1 72 6 50 4 3 50 533882 47 17 0 32 0 19
118 518584 R 19 1 1 1 2 37 3 2 19 93 0 0 24 111 518141 1 38 8 0 0 83
119 552555 I 9 73 2 0 10 0 0 552202 0 28 17 39 0 3 1 9 89 72 0 0 1
120 515551 W 1 25 1 6 2 20 0 2 0 33 3 28 6 0 146 18 0 2 515108 2 148
121 529861 R 7 223 1 0 11 57 182 3 9 157 69 2 39 11 528907 66 38 27 34 3 15
122 499566 Q 14 3 0 18 0 34 388 3 44 28 0 32 584 497466 119 154 65 549 1 1 63
123 574149 A 573574 110 49 1 1 30 10 0 1 8 0 2 23 2 4 87 163 81 2 0 1
124 634953 N 2 0 104 1 0 204 31 53 71 4 0 634286 55 27 2 82 7 1 2 19 2
125 618125 N 76 1756 245 3 14 21 10 30 52 39 7 615274 1 8 174 157 46 0 94 81 37
126 485025 G 54 128 100 3 8 484226 0 1 5 49 2 29 7 41 55 144 15 69 1 3 85
127 485550 D 999 10 481114 169 47 570 461 70 49 35 4 159 7 25 227 214 1218 77 0 91 4
128 473535 D 340 5 469032 69 2 136 15 257 8 94 35 682 1490 4 259 84 833 130 1 46 13
129 479592 A 478488 6 1 40 1 466 0 4 10 33 1 5 48 15 10 148 201 79 0 0 36
130 425839 T 70 18 0 3 7 1 5 32 111 36 1 2 16 9 46 50 425373 54 5 0 0
131 396472 A 395563 3 27 0 2 17 32 7 2 2 0 18 601 8 2 64 44 79 0 0 1
132 484824 G 25 46 47 10 0 484530 1 15 4 4 0 5 4 2 14 68 1 40 0 0 8
133 514329 L 0 2 1 1 1 7 2 59 2 513924 65 0 146 25 13 3 2 28 1 2 45
134 610838 T 158 3 2 8 0 15 1 56 6 10 0 82 30 4 19 204 610162 67 0 0 11
135 640745 H 2 8 24 2 6 3 640104 0 1 83 2 93 27 106 110 18 17 0 0 87 52
136 685185 M 1 4 10 0 1 15 30 401 63 586 683613 16 14 5 19 42 113 238 4 1 9
137 703938 M 4 2 9 28 3 1 1 227 74 63 703230 2 16 12 16 1 101 139 0 1 8
138 635358 I 28 5 27 1 45 0 6 634680 16 281 33 65 0 4 0 10 74 82 0 0 1
139 608433 W 1 102 0 0 0 38 3 1 0 69 1 2 6 0 233 13 0 0 607730 1 233
140 582640 H 0 0 39 1 0 0 582247 2 0 41 0 71 6 35 69 3 1 1 0 123 1
141 579606 S 6 27 0 4 55 1 0 2 2 0 0 0 113 0 4 579295 27 2 0 64 4
142 573979 N 0 0 104 1 0 2 8 23 48 2 0 573693 1 2 1 65 6 0 0 23 0
143 562378 L 2 3 3 1 87 5 18 33 0 562008 33 1 31 0 2 95 4 8 7 1 36
144 538416 N 4 0 113 0 0 9 5 20 45 2 1 538043 2 1 3 95 26 0 2 41 4
145 522093 D 1 6 521756 45 0 61 16 5 0 0 0 74 1 0 0 0 3 36 0 49 40
146 502902 T 231 1 4 0 0 0 7 51 49 8 0 2 7 2 26 715 501784 2 0 8 5
147 628670 T 109 2 1 2 0 2 9 56 78 5 1 2 6 2 28 49 628307 7 1 1 2
148 557109 Y 1 68 7 0 36 2 88 17 0 2 0 27 114 2 3 14 6 2 0 556579 141
149 551906 Q 1 0 1 17 1 6 54 1 73 58 6 0 33 551382 154 24 3 0 0 1 91
150 514289 R 1 0 3 3 0 108 0 1 72 5 42 0 10 4 513933 49 26 0 30 1 1
151 557561 T 111 1 3 1 0 9 1 76 33 4 0 1 27 3 39 71 557168 2 0 1 10
152 582920 R 7 8 4 5 8 114 1 33 120 9 2 2 5 17 582426 28 20 0 0 2 109
153 640398 A 639903 2 58 0 3 40 8 9 5 14 0 13 36 2 29 80 113 66 0 1 16
154 681140 L 2 1 9 0 45 5 31 1577 3 679217 0 4 135 3 14 6 7 65 1 2 13
155 690560 V 134 8 90 0 29 23 0 117 7 49 0 0 4 6 85 175 375 689425 0 0 33
156 704077 R 26 154 6 1 3 39 281 3 6 62 5 1 40 5 703281 104 21 13 0 3 23
157 706748 T 1036 162 2 4 1 18 29 608 10 131 27 52 13 22 55 2160 702143 263 2 1 9
158 722632 G 79 145 183 3 1 721652 20 33 0 13 0 3 11 5 35 328 10 96 0 3 12
159 744064 M 10 1 44 2 1 20 6 328 40 343 742898 4 6 5 20 7 127 173 7 6 16
160 839912 D 19 17 839167 117 6 201 29 14 11 15 0 151 8 17 9 11 1 52 0 49 18
161 746852 P 1090 3 15 2 1 606 134 2 0 93 0 12 743743 8 491 490 86 54 2 3 17
162 703774 R 3 7 6 30 1 224 4 18 125 24 65 3 6 14 703060 66 30 8 39 2 39
163 645756 M 4 231 1 0 0 5 5 260 39 94 644409 4 0 3 15 22 277 285 80 15 7
164 634663 C 407 632930 2 0 55 25 27 167 7 17 4 77 11 7 120 403 15 46 29 250 64
165 599628 S 135 130 13 5 53 4 0 12 0 23 0 47 313 1 4 598742 68 1 2 71 4
166 596951 L 0 1 5 0 0 0 3 8 2 596542 106 1 141 61 16 9 3 50 0 0 3
167 585609 M 0 2 0 2 0 1 18 265 40 189 584900 0 5 4 10 3 74 78 1 3 14
168 548152 Q 379 8 0 37 3 4 75 5 65 36 1 4 22 547193 162 19 4 3 1 5 126
169 507394 G 31 43 65 1 2 507099 27 3 1 7 0 0 2 1 11 50 7 33 8 0 3
170 545287 S 15 1 0 0 3 0 0 1 0 154 0 0 63 2 5 544922 33 4 15 0 69
171 532831 T 79 174 20 3 0 11 15 51 0 20 28 34 21 2 4 78 532269 12 3 1 6
172 565646 L 39 20 0 8 33 1 36 78 0 565175 1 16 128 16 23 24 3 42 0 0 3
173 719617 P 64 12 3 5 1 19 156 3 4 105 5 13 718820 8 56 179 129 15 1 4 15
174 725783 R 0 0 1 1 0 143 2 1 80 11 67 2 4 1 725332 58 24 2 47 0 7
175 576761 R 14 3 0 1 4 115 0 5 154 14 22 3 22 0 576269 45 12 8 52 7 11
176 620866 S 573 34 0 0 60 34 11 2 2 8 1 1 119 1 3 619898 42 2 4 64 7
177 647307 G 14 0 0 82 6 646853 0 3 1 5 0 2 2 1 137 5 5 110 0 2 79
178 620558 A 619843 1 65 1 2 33 2 1 4 8 2 3 324 5 24 62 98 67 0 0 13
179 641864 A 641236 5 2 96 0 30 1 0 0 3 1 2 30 2 6 77 229 138 0 1 5
180 657038 G 19 55 72 7 1 656742 2 1 1 2 0 0 2 1 15 77 0 38 0 3 0
181 653303 A 652268 10 76 1 20 51 9 4 0 41 33 2 38 1 4 404 248 78 9 3 3
182 670395 A 669246 4 0 92 0 208 76 0 2 6 0 3 38 9 8 99 267 333 0 2 2
183 731173 V 103 5 64 2 37 75 1 318 3 66 0 0 5 4 2 21 60 730403 0 3 1
184 745804 K 5 9 0 125 9 6 0 50 745199 7 1 133 27 52 103 3 7 0 1 1 66
185 636357 G 22 0 13 129 0 635910 9 0 3 1 8 2 1 21 123 1 3 45 0 0 66
186 634589 V 76 9 50 2 31 10 18 301 1 48 0 4 58 54 6 9 4 633905 1 1 1
187 630820 G 81 3 8 118 2 630294 1 7 4 19 1 1 4 2 135 4 3 58 73 0 2
188 515462 T 185 2 2 5 0 3 0 75 51 3 1 2 9 15 38 61 515005 5 0 0 0
189 433857 M 35 32 1 1 0 3 137 268 40 148 432974 2 1 6 5 6 67 122 4 1 4
190 418457 V 254 6 1 51 2 56 0 0 0 45 63 1 3 0 1 6 93 417865 0 0 10
191 404937 M 0 0 1 1 0 9 0 122 27 42 404562 2 2 13 8 8 65 63 2 9 1
192 373357 E 8 1 41 373007 0 129 1 1 40 7 1 23 4 16 2 0 0 34 1 2 39
193 461766 L 46 9 3 0 40 3 0 11 3 461373 29 0 3 1 7 86 93 21 6 1 31
194 553095 I 6 8 25 4 1 1 1 552274 34 146 111 0 16 2 15 11 129 301 1 0 9
195 522161 R 0 1 2 0 1 110 4 1 71 11 76 1 14 2 521765 53 13 1 32 3 0
196 545661 M 42 6 9 4 0 7 1 185 50 64 545044 0 16 9 21 8 97 98 0 0 0
197 588087 I 3 14 15 0 44 0 0 587473 0 4 42 71 9 1 3 7 204 149 47 1 0
198 557709 K 0 3 0 90 1 1 0 7 557388 2 0 71 3 32 85 2 11 2 0 0 11
199 523786 R 0 77 0 0 5 20 125 2 5 40 0 0 15 31 523385 48 5 12 1 15 0
200 518404 G 25 0 0 96 2 517974 1 0 0 2 0 0 3 0 160 0 8 65 65 0 3
201 515851 I 75 2 2 0 80 15 0 512904 2 2359 47 21 1 6 3 19 138 174 0 2 1
202 528536 N 29 47 109 1 0 1 21 34 46 32 12 527986 20 33 1 91 40 3 0 30 0
203 491704 D 4 2 491326 74 0 62 17 4 0 1 0 66 1 0 2 44 3 51 0 46 1
204 511712 R 1 2 0 0 0 18 0 0 14 69 0 1 17 109 511366 1 10 0 103 0 1
205 533729 N 17 42 89 3 2 11 1 31 46 6 0 533110 26 2 29 240 9 2 5 57 1
206 643094 F 20 13 0 0 642464 0 1 37 1 288 3 24 29 0 5 96 3 74 0 31 5
207 662360 W 3 59 0 6 3 21 2 1 1 84 1 0 1 14 260 20 6 0 661559 0 319
208 490159 R 2 0 0 3 0 131 2 50 68 2 1 0 7 0 489761 69 22 3 0 1 37
209 528563 G 24 54 82 2 0 528245 0 0 1 4 0 2 0 0 26 81 0 29 0 4 9
210 565888 E 21 1 51 565401 0 108 3 1 118 0 4 0 5 15 3 3 0 51 0 0 103
211 549927 N 6 570 91 38 0 944 19 62 53 32 28 547018 69 6 229 325 57 136 215 18 11
212 513989 G 27 8 9 61 11 513584 3 4 13 5 0 4 2 5 119 11 10 43 3 1 66
213 503359 R 6 2 4 6 2 39 1 2 0 31 0 1 28 121 502952 9 7 1 0 0 147
214 494332 K 2 0 0 78 0 5 0 9 493869 14 1 35 5 9 267 3 14 6 2 0 13
215 492596 T 106 1 4 0 4 23 0 42 42 12 1 5 91 26 11 32 492185 11 0 0 0
216 460200 R 1 0 0 0 1 90 5 0 97 5 48 0 3 1 459850 56 13 6 20 2 2
217 424281 S 70 41 1 1 1 83 0 62 3 93 1 92 5 4 66 423134 385 233 1 0 5
218 447906 A 447457 7 49 1 0 34 4 0 0 6 1 0 19 0 0 136 131 59 1 0 1
219 446207 Y 0 60 4 0 20 2 104 6 0 12 0 6 1 0 1 5 10 0 5 445894 77
220 451514 E 12 1 57 451120 0 114 0 10 99 0 0 0 0 15 2 2 6 28 0 0 48
221 401150 R 2 4 2 5 0 89 1 33 61 3 0 0 0 1 400823 20 59 1 0 5 41
222 357410 M 381 0 0 1 15 4 16 100 29 36 356661 9 0 0 11 0 86 53 0 5 3
223 449265 C 2 448801 1 0 46 12 0 1 0 16 1 0 1 1 95 84 1 11 27 118 47
224 465556 N 2 0 85 2 0 1 19 39 47 20 0 465223 0 7 0 76 9 0 0 26 0
225 482817 I 0 1 0 0 33 1 2 482197 0 70 2 16 0 0 2 23 69 398 1 0 2
226 502074 L 0 2 0 0 33 0 52 48 0 501810 0 0 105 0 6 5 0 13 0 0 0
227 517946 K 0 0 0 84 1 1 0 34 517678 2 0 31 2 18 59 4 5 0 0 0 27
228 527220 G 25 0 2 94 0 526838 0 2 2 5 0 14 0 0 64 10 74 49 0 0 41
229 537680 K 4 0 0 77 1 1 2 14 537377 0 0 99 1 5 60 10 5 2 0 2 20
230 559514 F 2 17 0 1 558731 3 0 49 0 587 0 0 2 1 2 86 0 16 0 17 0
231 529316 Q 25 1 1 23 0 454 47 50 64 35 0 3 50 527815 657 8 5 23 3 0 52
232 498713 T 275 0 2 0 0 2 16 106 60 4 1 5 21 3 57 24 498128 7 0 2 0
233 493446 A 490694 1 72 1 1 16 1 1 0 7 1 58 41 14 0 28 2451 58 0 0 1
234 432877 A 432311 2 13 54 0 30 13 3 1 1 0 0 42 2 8 118 176 97 0 4 2
235 422600 Q 3 1 0 26 0 1 52 0 62 25 0 0 17 422217 59 1 13 0 51 0 72
236 413574 R 1 0 0 1 3 213 7 3 142 5 29 3 27 1 412918 194 5 1 17 0 4
237 408769 A 407741 95 1 55 2 173 85 3 6 3 65 2 21 27 54 235 101 95 0 0 5
238 425593 M 5 4 0 0 10 0 1 255 27 72 425043 6 1 24 9 12 51 55 0 0 18
239 374114 M 3 3 3 0 0 3 0 242 29 89 373013 3 0 2 4 1 102 603 0 0 14
240 446526 D 10 5 445964 58 1 220 35 0 4 3 0 125 0 1 4 5 11 37 0 43 0
241 425108 Q 2 2 4 14 1 1 20 4 52 31 0 11 11 424800 101 5 0 4 1 1 43
242 489469 V 80 123 0 47 8 16 3 7 2 65 124 1 1 6 2 3 6 488972 1 0 2
243 489241 R 6 2 1 3 1 147 3 49 136 4 4 7 1 2 488768 46 7 5 1 3 45
244 482025 E 19 2 38 481623 1 128 0 14 76 5 2 8 8 23 8 1 5 27 0 3 34
245 513513 S 24 42 0 2 1 312 1 14 3 2 0 76 181 2 120 512629 58 6 0 28 12
246 499387 R 0 8 0 0 1 13 4 0 14 72 2 1 35 172 498894 11 18 0 92 45 5
247 505362 N 107 236 79 5 14 1 94 33 74 2 2 504523 2 2 1 140 17 11 0 17 2
248 523380 P 13 0 0 0 2 0 0 0 0 70 0 0 523070 76 22 45 63 11 7 0 1
249 544631 G 17 2 0 77 1 544246 5 6 1 6 1 2 1 2 136 4 10 34 0 0 80
250 523450 N 22 2 81 9 8 7 19 55 54 8 19 522782 18 3 4 234 26 9 0 73 17
251 556508 A 555874 5 96 0 1 31 2 0 18 92 0 0 24 0 0 56 153 156 0 0 0
252 535544 E 10 1 45 535110 1 139 4 0 94 3 1 0 1 17 17 0 0 50 0 0 51
253 562135 I 3 0 8 0 38 2 7 561691 1 127 27 35 0 3 9 2 73 109 0 0 0
254 545957 E 0 1 37 545498 4 79 0 0 196 1 1 0 0 35 7 0 0 29 0 0 69
255 555577 D 8 0 555288 33 0 77 14 8 1 3 0 49 3 11 1 6 1 30 0 44 0
256 532513 L 0 65 0 0 35 21 57 48 0 532012 0 2 121 0 20 0 5 126 0 0 1
257 536725 I 5 3 4 54 59 1 5 535403 0 781 112 37 5 13 1 51 77 91 20 3 0
258 489696 F 8 5 0 2 489389 24 25 20 2 100 0 6 8 1 3 78 3 9 0 12 1
259 478862 L 16 1 3 1 0 7 0 1 0 478602 46 1 79 45 10 3 5 39 1 2 0
260 487214 A 486383 1 0 67 2 53 1 8 0 2 0 0 33 1 5 67 104 486 0 0 1
261 417287 R 0 3 0 5 2 19 3 0 1 34 4 0 12 111 416986 1 3 1 102 0 0
262 512323 S 13 22 0 0 35 2 1 1 0 1 0 1 56 0 0 512099 30 2 0 51 9
263 504153 A 503382 0 1 84 0 48 1 0 1 36 1 0 35 2 3 89 320 149 0 0 1
264 432023 L 0 22 2 21 128 10 44 56 20 431514 0 0 93 18 7 8 9 19 43 4 5
265 461477 I 7 11 0 1 2 0 10 460134 33 325 133 3 18 3 19 49 561 158 1 5 4
266 486252 L 7 1 7 15 48 4 10 302 0 485481 29 0 3 2 5 72 5 199 19 6 37
267 473513 R 4 1 0 2 0 120 0 21 1783 0 0 0 6 5 471467 41 16 1 2 0 44
268 531214 G 15 1 0 88 1 530007 14 2 1 1 5 0 449 0 130 43 220 186 49 0 2
269 563565 S 160 23 3 0 0 9 22 2 0 72 2 0 118 13 18 562945 72 7 1 2 96
270 574824 V 55 11 37 0 79 62 46 114 1 17 0 3 1 83 8 14 6 574280 1 2 4
271 556891 A 556458 3 61 0 3 38 0 0 0 1 3 1 55 1 2 68 113 81 0 0 3
272 560850 H 2 3 26 3 2 43 560345 4 1 76 0 62 17 93 78 8 7 4 0 69 7
273 567487 K 2 0 0 43 1 11 1 35 567059 32 13 77 30 19 42 72 4 8 1 3 34
274 545645 S 10 13 0 4 29 10 1 4 1 33 0 27 87 0 1 545241 102 3 5 31 43
275 506780 C 58 506256 0 3 52 14 4 6 9 12 1 4 15 0 93 66 7 17 4 71 88
276 422061 L 33 6 0 1 0 1 4 6 197 421540 149 7 32 51 9 3 4 18 0 0 0
277 347493 P 38 3 0 0 1 0 82 12 4 74 7 2 347004 1 39 142 75 7 0 1 1
278 316510 A 316060 2 51 1 1 49 0 1 12 17 0 1 33 2 3 64 142 63 1 1 6
279 280214 C 5 279754 3 0 36 34 1 1 0 6 0 1 6 0 202 22 0 3 6 87 47
280 256320 V 36 65 0 40 4 12 0 26 0 64 43 27 0 0 23 2 16 255961 0 0 1
281 172891 Y 0 26 3 0 10 1 36 7 0 7 0 10 0 2 5 5 3 5 6 172737 28
282 132378 G 100 6 2 40 1 132099 0 0 2 2 1 5 9 1 51 4 1 15 7 1 31
283 185831 P 269 44 4 4 23 4690 613 774 34 3252 23 39 173745 197 604 510 143 748 60 52 3
284 372983 A 371066 1 22 0 0 15 36 1 2 5 1 0 28 0 49 54 147 168 0 1386 2
285 371099 V 68 1 0 32 0 4 5 127 0 100 1 0 6 4 4 4 1 370732 0 5 5
286 423300 A 422920 3 36 0 0 90 0 0 0 11 0 28 18 0 5 86 56 44 0 0 3
287 532648 S 0 41 0 0 0 94 0 42 0 1 0 140 3 8 164 532131 23 0 1 0 0
288 591012 G 24 43 45 0 0 590748 0 0 0 0 0 2 1 0 16 70 0 57 4 1 1
289 594871 Y 18 89 5 1 33 33 367 65 1 104 0 18 1 2 278 19 0 19 1 593743 74
290 642558 D 2 1 641858 180 17 82 11 0 0 0 0 190 55 0 13 64 1 28 1 52 3
291 634883 F 4 3 1 1 634470 9 0 31 2 202 0 1 2 0 3 98 0 13 0 42 1
292 640852 E 21 2 16 639690 13 182 18 30 178 326 0 0 10 163 28 77 16 32 0 11 39
293 636068 K 0 3 0 86 0 2 305 21 635463 1 0 46 2 13 74 5 13 4 1 0 29
294 626000 E 246 1 97 624112 3 217 7 21 106 34 2 561 2 26 82 84 326 34 0 1 38
295 600977 G 16 1 4 95 1 600620 0 7 1 0 0 0 3 0 69 1 0 80 0 0 79
296 526866 Y 0 97 2 0 34 8 65 4 0 4 0 46 1 1 5 6 2 2 0 526519 70
297 471069 S 5 11 3 0 25 1 0 3 2 18 0 0 98 0 0 470806 42 2 1 46 6
298 434279 L 1 0 11 1 28 22 0 10 5 434050 1 2 6 1 10 60 1 4 0 1 65
299 481075 V 62 2 16 48 0 15 1 18 4 48 63 1 0 0 19 15 11 480719 16 2 15
300 353248 G 15 6 0 95 1 352910 0 0 0 0 1 14 4 0 66 2 0 43 3 3 85
301 584585 I 4 1 0 9 20 17 2 583561 69 87 220 13 62 2 299 15 65 108 12 6 13
302 580752 D 88 1 579935 83 2 121 134 0 51 17 0 146 5 10 10 11 14 51 1 67 5
303 562407 P 34 0 0 0 2 1 70 0 2 47 0 0 562053 1 14 50 54 69 2 1 7
304 644248 F 48 6 0 2 642962 10 0 168 2 313 83 4 2 2 26 165 29 342 2 70 12
305 644210 K 15 0 2 101 1 1 2 44 643669 11 2 85 0 21 208 1 13 2 0 1 31
306 638666 L 1 8 0 2 1 4 0 1 0 638263 66 2 117 96 11 1 5 33 0 4 51
307 659561 L 9 2 0 2 46 11 27 60 0 659241 1 1 110 0 7 2 2 40 0 0 0
308 664963 Q 217 1 5 24 6 1 29 3 44 97 0 985 7 663308 131 16 15 8 8 0 58
309 660147 N 196 2 92 9 21 104 16 26 1175 22 2 657316 0 1 134 660 111 74 3 183 0
310 643520 S 430 182 0 0 6 190 1 68 0 9 1 136 1 8 115 642036 254 66 1 1 15
311 687986 Q 22 0 6 37 2 98 26 3 77 40 0 279 21 685243 1769 197 63 9 10 0 84
312 743928 V 91 95 0 55 14 28 1 144 5 91 0 1 0 0 4 4 61 743287 0 10 37
313 688191 Y 9 122 3 2 56 47 111 20 2 9 1 39 16 5 6 14 13 2 12 687554 148
314 680825 S 40 114 1 13 23 190 4 65 0 8 3 95 6 7 127 680050 63 6 0 2 8
315 654831 L 6 3 4 1 124 3 2 88 47 652571 1615 6 208 42 17 7 6 37 0 13 31
316 712879 I 3 18 0 0 45 12 0 712402 2 16 30 53 5 0 5 44 99 128 0 0 17
317 645673 R 5 1 3 0 3 200 1 44 83 6 0 1 9 0 645232 43 18 2 0 1 21
318 638577 P 56 10 2 2 62 13 54 1 13 160 5 0 637880 100 36 107 64 10 1 0 1
319 652879 N 16 22 74 0 13 70 14 30 107 8 2 651865 4 4 95 243 161 106 10 34 1
320 680415 E 3 0 68 679960 0 119 0 2 100 1 3 0 2 20 4 3 1 58 0 1 70
321 711828 N 63 4 91 3 1 3 2 41 141 15 2 711229 6 0 17 84 7 2 7 20 90
322 722847 P 37 20 4 2 11 63 2 4 0 157 1 10 722174 89 41 55 90 63 16 3 5
323 734055 A 732054 12 9 104 107 202 5 13 13 448 28 228 49 60 36 330 158 185 0 6 8
324 780959 H 0 3 31 0 2 6 780305 0 2 86 1 53 32 127 127 37 35 1 1 105 5
325 782288 K 2 0 1 217 3 0 0 4 781688 1 44 75 0 15 186 2 23 0 0 0 27
326 651171 S 0 55 0 3 0 105 0 32 0 3 0 101 0 0 83 650766 22 1 0 0 0
327 646058 Q 0 1 0 32 0 2 101 0 88 32 0 2 22 645502 172 8 0 3 3 1 89
328 531150 L 13 2 26 0 0 8 2 11 1 530759 100 1 112 36 16 10 16 29 3 0 5
329 585446 V 69 2 5 47 0 27 1 15 2 52 78 0 7 3 13 9 0 585086 22 1 7
330 573729 W 93 73 25 0 2 13 6 6 2 68 0 0 6 0 120 30 1 10 573035 2 237
331 538652 M 3 3 4 2 0 7 2 204 37 201 537975 1 14 4 9 3 83 90 1 0 9
332 567853 A 567417 0 3 52 2 39 2 0 7 13 0 0 48 0 7 64 82 111 0 4 2
333 615663 C 14 614800 0 8 82 13 2 41 0 32 8 5 4 22 196 148 25 18 33 144 68
334 635116 N 4 10 111 1 2 7 44 41 37 4 0 634660 12 3 3 96 26 7 0 32 16
335 578527 S 115 14 0 9 43 20 0 6 3 27 0 17 61 42 10 578052 36 8 1 52 11
336 549864 A 548352 15 73 0 0 923 1 0 0 137 0 8 23 2 1 53 202 71 0 2 1
337 528235 A 527339 3 2 71 1 43 0 1 1 11 0 2 31 0 6 55 89 572 0 8 0
338 546431 F 2 6 4 0 545977 6 0 38 0 94 1 16 3 15 4 214 4 15 2 26 4
339 537526 E 7 0 63 537161 0 123 0 1 46 2 0 0 1 18 0 3 0 39 0 0 62
340 496291 D 3 3 495965 20 1 80 9 1 0 0 0 122 0 0 16 6 2 32 0 31 0
341 531808 L 1 0 0 0 2 1 0 54 2 531550 1 0 114 29 15 8 1 24 0 0 6
342 516540 R 8 6 0 8 2 115 3 36 131 9 1 1 0 4 516128 40 26 0 1 0 21
343 469584 V 76 0 0 38 0 6 0 91 3 70 1 0 0 0 0 0 0 469297 0 0 2
344 460138 L 3 1 2 0 54 2 1 25 0 459931 0 0 3 3 3 55 0 5 0 0 50
345 408996 S 4 13 4 0 0 64 0 43 1 2 0 49 0 0 56 408699 54 1 0 0 6
346 364737 F 102 2 2 1 364109 20 0 11 0 336 3 0 0 0 1 70 9 41 1 29 0
347 450632 I 2 15 0 2 35 1 1 450341 1 18 15 29 6 1 1 18 54 85 0 3 4
348 423100 R 1 1 0 2 0 98 0 48 58 1 0 0 2 3 422802 32 12 4 1 0 35
349 403689 G 6 4 2 44 0 403497 0 0 0 0 0 0 0 2 67 1 2 27 35 2 0
350 519590 T 171 2 24 1 8 123 7 69 2 25 1 52 16 12 10 101 518921 40 1 0 4
351 531453 K 21 1 0 76 7 1 13 28 530925 1 0 46 3 47 225 2 11 2 0 12 32
352 564460 V 97 0 0 40 0 6 1 90 8 111 0 0 0 2 12 16 1 564041 0 11 24
353 573989 S 2 6 0 2 126 0 25 389 0 1804 0 1 597 0 51 570699 51 147 2 86 1
354 539727 P 21 50 1 2 0 1 0 0 2 52 0 57 539297 87 22 56 73 0 0 0 6
355 522133 R 0 0 0 0 0 123 0 0 114 6 64 0 1 0 521721 69 11 0 24 0 0
356 463886 G 21 0 2 45 0 463672 0 0 2 0 0 0 0 0 52 0 1 39 43 1 8
357 463565 K 0 2 0 137 0 2 1 15 463201 1 0 100 0 2 63 0 5 1 0 11 24
358 472878 L 0 1 0 0 48 0 13 30 0 472629 0 5 114 1 5 2 20 10 0 0 0
359 452439 S 9 16 0 2 43 1 1 5 2 16 0 40 106 1 495 451559 73 3 3 60 4
360 536868 T 81 5 0 0 0 18 4 51 0 7 0 53 7 2 5 95 536373 160 0 0 7
361 511458 R 1 1 0 0 0 69 0 52 113 30 1 1 2 13 511094 26 16 2 0 0 37
362 486022 G 27 0 25 41 0 485777 3 0 0 1 1 0 4 0 59 3 1 34 0 0 46
363 577829 V 135 44 7 40 7 11 0 107 0 300 0 0 2 1 5 7 1 577156 0 5 1
364 574563 Q 5 5 0 31 940 5 54 11 73 99 6 1 17 573045 95 20 42 30 1 4 79
365 597014 I 1 1 0 1 35 12 0 596632 0 73 15 47 0 4 4 6 90 64 22 0 7
366 521017 A 520729 0 39 1 1 20 1 0 0 4 0 0 22 0 11 64 80 37 0 3 5
367 514544 S 153 13 3 1 3 139 1 0 1 55 0 48 75 3 9 513891 65 2 0 0 82
368 524827 N 23 0 59 96 3 168 41 16 38 18 4 524005 2 5 14 130 178 2 0 20 5
369 519021 E 1 1 11 518687 0 66 0 0 91 22 1 0 46 19 1 2 0 26 0 0 47
370 532536 N 235 0 86 6 1 12 9 36 55 10 0 531712 3 1 101 116 103 43 1 6 0
371 530872 M 9 39 1 1 0 1 6 506 42 55 529997 1 44 1 7 1 75 84 2 0 0
372 548376 D 23 2 547888 88 0 123 14 0 0 17 0 146 3 7 0 0 1 26 0 37 1
373 538778 A 537366 31 68 1 1 29 0 4 1 68 2 0 24 2 8 825 217 121 3 2 5
374 595428 M 1 12 0 0 0 53 0 351 56 65 594720 0 1 0 17 4 62 80 0 6 0
375 567015 E 13 1 41 566437 1 99 0 9 104 137 0 14 3 34 3 2 8 51 6 2 50
376 433105 S 16 6 0 3 0 202 7 6 2 50 1 4 59 4 10 432564 43 71 0 0 57
377 436026 S 2 38 1 18 61 96 1 38 1 11 181 87 9 0 55 435232 25 162 6 2 0
378 397254 T 137 6 0 2 1 10 0 28 56 6 1 30 4 1 50 49 396867 4 0 1 1
379 400628 L 5 0 2 5 39 4 41 28 0 400370 0 3 79 0 12 4 1 28 1 5 1
380 404836 E 4 4 38 404375 4 57 0 1 59 0 1 1 3 14 5 1 1 33 217 0 18
381 407544 L 0 0 0 2 3 3 2 1 4 406949 41 0 103 395 8 3 13 17 0 0 0
382 432107 R 5 0 1 3 3 110 5 29 75 4 1 0 5 2 431771 50 11 2 0 0 30
383 499340 S 23 20 361 0 3 135 1 30 6 2 0 91 2 7 105 497973 554 19 0 4 4
384 533255 R 4 107 0 2 0 216 144 9 214 16 48 2 509 6 531842 51 13 9 51 4 8
385 639975 Y 3 82 15 3 34 12 117 5 1 8 10 69 0 1 35 4 1 18 17 639472 68
386 618898 W 9 89 0 3 0 32 0 0 25 92 0 2 2 2 169 28 13 2 618234 0 196
387 574558 A 573950 0 56 0 1 193 1 0 1 1 0 1 39 0 0 68 133 106 0 0 8
388 638676 I 9 1 1 12 0 3 7 638108 45 105 154 2 11 1 29 5 90 71 0 5 17
389 600692 R 1 0 5 2 0 92 0 27 100 28 0 0 1 0 600360 25 10 2 9 1 29
390 619046 T 81 5 1 3 0 14 0 37 0 3 0 84 8 0 5 58 618733 10 0 0 4
391 630165 R 4 0 1 7 3 179 0 64 151 7 0 0 2 3 629636 30 18 6 8 3 43
392 605698 S 72 36 2 6 1 97 3 38 1 2 2 79 6 1 74 605231 19 22 1 2 3
393 619443 G 19 2 0 55 2 619071 0 2 2 4 0 1 0 3 134 11 0 71 2 0 64
394 584376 G 26 0 3 79 0 584008 0 0 1 0 0 2 5 0 113 4 1 71 0 0 63
395 589992 N 5 6 116 71 0 93 67 32 110 3 2 588741 12 14 482 121 60 18 2 28 9
396 594784 T 513 532 3 1 124 120 27 101 134 4383 4 113 62 4 2885 4220 581391 67 4 92 4
397 671348 N 45 4 104 2 31 35 4 62 96 30 3 670494 12 3 131 123 96 23 14 30 6
398 666645 Q 161 4 1 28 638 39 892 58 422 179 0 29 27 659486 3953 27 27 259 316 33 66
399 595319 Q 554 8 11 21 58 145 106 68 974 780 15 10 103 578644 12976 64 374 84 242 10 72
400 534621 R 0 9 34 12 0 223 0 0 148 9 70 1 0 1 533996 55 10 5 41 6 1
401 517537 A 504437 30 65 5 15 146 2 1 633 3 0 35 78 15 11449 200 308 106 4 2 3
402 520011 S 57 62 2 50 42 11 32 0 95 43 2 3 161 5 75 518337 889 46 1 98 0
403 522085 A 520991 1 0 75 0 67 16 3 1 17 0 1 40 4 141 142 309 272 1 3 1
404 548840 G 183 93 86 1 2 548200 16 3 3 3 16 9 8 0 16 150 6 33 10 1 1
405 550115 Q 20 1 0 20 0 0 33 2 50 44 1 0 26 549742 82 19 3 1 0 0 71
406 572875 I 38 0 1 0 48 0 6 572425 1 14 19 46 6 6 7 59 94 90 0 0 15
407 523841 S 0 28 0 0 1 110 1 35 0 37 0 130 0 1 83 523399 14 2 0 0 0
408 532738 V 297 3 0 55 2 10 0 1 0 277 143 1 0 0 0 0 0 531949 0 0 0
409 528502 Q 21 100 3 58 1 345 120 32 50 50 2 16 7 526025 94 861 77 100 40 288 212
410 482243 P 1147 1 1 0 4 30 65 0 0 39 5 4 480679 2 21 138 107 0 0 0 0
411 511154 A 510079 155 1 68 0 33 7 2 1 69 1 0 27 3 9 177 352 165 3 0 2
412 523053 F 0 7 1 3 522518 1 4 73 0 292 65 0 5 1 0 46 0 20 0 15 2
413 460401 S 9 13 2 1 42 22 3 1 0 49 0 8 65 4 51 460069 18 2 0 40 2
414 491562 V 123 27 4 48 9 15 0 26 2 141 185 2 0 0 2 12 1386 489576 0 0 4
415 507118 Q 92 32 11 30 288 732 61 3 703 357 236 237 21 486105 386 15336 188 2196 21 5 78
416 504340 R 8 0 1 34 0 138 17 35 75 1 0 2 1 15 503837 32 20 0 0 2 122
417 461478 N 35 12 81 1 7 364 28 23 81 374 15 459016 509 158 206 176 158 175 34 25 0
418 495903 L 4 132 0 2 39 0 34 62 4 495256 13 0 126 1 8 21 26 173 0 0 2
419 531369 P 71 2 0 3 0 696 16 3 61 68 138 0 529915 68 17 62 83 151 6 0 9
420 502752 F 323 12 27 2 499820 29 39 109 3 232 113 7 0 1 220 1315 8 464 0 27 1
421 515135 D 931 82 509545 88 381 122 180 238 6 1156 4 178 2 438 8 681 138 844 0 102 11
422 498064 K 194 334 56 82 23 162 0 29 495134 95 8 102 1 43 1507 162 58 7 2 26 39
423 494816 P 49 13 2 5 10 659 198 3 243 114 30 33 490565 85 1625 839 185 150 2 5 1
424 515058 T 510 29 506 13 8 26 23 89 2 825 2 76 29 49 61 168 512574 55 3 4 6
425 525666 I 96 16 3 1 32 4 8 524811 1 22 21 60 8 0 6 12 177 387 0 1 0
426 506236 M 370 58 0 19 3 38 7 450 54 247 501943 223 12 237 31 37 2271 220 5 9 2
427 460724 A 458983 96 10 87 0 204 2 24 1 122 70 8 502 103 20 200 109 144 8 26 5
428 452120 A 450507 548 1 48 32 158 42 30 0 7 1 31 28 24 14 192 341 112 0 4 0
429 448492 F 2 8 1 0 447509 7 9 49 1 172 10 2 1 6 1 81 10 11 0 598 14
430 402088 T 155 96 1 5 1 949 2 60 16 16 1 569 929 5 542 276 398424 33 1 5 2
431 440117 G 52 7 22 72 138 435292 64 21 12 109 479 2 222 1235 125 4 18 61 70 2112 0
432 450777 N 130 199 122 4 1 31 24 44 126 101 0 449057 91 124 160 165 40 192 35 126 5
433 479253 T 299 74 2 47 86 161 11 2200 54 656 70 13 53 20 67 143 475246 31 10 5 5
434 488995 E 218 7 56 487147 0 305 4 6 89 37 11 1 142 224 33 235 47 381 3 0 49
435 526348 G 63 11 5 178 1 525793 1 4 2 14 6 0 0 0 122 0 24 70 3 1 50
436 535443 R 6 3 5 54 0 157 1 38 92 12 1 1 1 1 534946 35 18 8 7 3 54
437 552996 T 255 11 175 5 2 73 1 52 59 28 0 6 8 2 113 1229 549716 9 0 3 1249
438 591453 S 28 13 7 4 3 2300 273 0 2 58 1 174 159 1 32 588224 49 18 13 7 87
439 582593 D 9 1 581927 80 0 107 24 155 0 4 0 77 6 0 93 7 1 48 2 51 1
440 566573 M 82 3 0 9 10 57 14 201 45 50 565672 5 2 25 53 61 132 95 8 48 1
441 549935 R 0 0 0 1 1 134 353 0 73 1 91 4 0 0 549133 93 12 2 33 1 3
442 558742 A 555715 30 32 85 6 771 0 240 1 42 13 18 51 6 25 198 676 824 0 8 1
443 567829 E 1 1 33 567504 0 84 1 0 71 1 2 3 0 19 9 1 2 30 15 1 51
444 567670 I 3 10 8 3 29 110 1 567000 7 123 42 38 1 4 52 8 82 145 1 2 1
445 632109 I 8 183 9 36 2 8 0 630964 52 77 167 0 3 2 18 51 297 197 2 16 17
446 571813 R 177 10 697 4626 1 657 2 108 319 78 95 39 35 37 563832 295 435 287 39 13 31
447 542132 M 33 13 4 14 4 19 53 470 34 400 540231 2 1 15 142 199 288 180 3 23 4
448 540567 M 3 0 4 27 0 4 9 186 56 78 539874 6 2 0 19 11 138 138 7 2 3
449 489186 E 5 1 42 488724 0 157 0 0 88 6 0 34 6 21 6 9 2 41 1 0 43
450 503837 G 24 179 73 14 13 502136 30 1 1 421 3 35 107 1 63 457 100 115 0 63 1
451 557644 A 533763 169 66 196 478 7865 6865 9 0 248 39 241 44 59 3328 61 319 3755 66 68 5
452 546780 K 11 2 2 71 262 333 2 110 544845 25 0 175 37 15 443 17 28 383 1 4 14
453 509195 P 20 2 17 1 15 456 54 78 9 66 1 3981 503770 44 500 83 52 42 1 3 0
454 528163 E 308 4656 181 521052 27 536 26 161 114 179 0 4 501 34 8 85 23 23 191 6 48
455 538602 E 224 179 88 529539 76 1059 17 230 51 1877 2 296 21 636 1905 1852 196 128 0 189 37
456 546872 M 21 132 1 0 8 133 40 204 259 96 536631 204 6 9 7217 664 86 256 824 77 4
457 521947 S 31 16 20 2 45 259 16 1 2 116 9 1134 117 104 13 519904 106 7 0 45 0
458 539299 F 0 8 8 19 538501 18 0 51 3 313 3 0 1 0 3 116 6 17 145 80 7
459 515813 Q 10 1 3 87 27 2643 222 4 250 114 9 19 96 510788 1273 106 22 67 2 7 63
460 471006 G 171 11 3 79 0 468150 4 0 21 171 4 0 0 2 1987 322 18 42 12 5 4
461 449422 R 129 1 1 21 0 94 0 1 0 70 0 0 261 201 448537 7 0 2 97 0 0
462 400802 G 107 37 1 174 5 400026 5 0 1 5 0 8 19 6 287 1 0 23 6 11 80
463 388683 V 44 17 19 2 23 9 0 586 0 38 55 0 3 0 12 12 11 387837 0 10 5
464 413792 F 1 3 0 14 413348 6 36 41 0 183 2 0 1 1 0 98 2 14 0 42 0
465 473919 E 5 0 40 473334 1 156 0 0 82 0 191 0 0 16 34 0 0 8 16 0 36
466 389228 L 28 18 0 20 205 73 820 1150 2 383445 1605 1 191 94 18 195 4 88 921 273 77
467 409973 S 1 4 6 5 1 42 60 5 343 103 4 36 58 1 11 409123 76 5 27 0 62
468 449295 D 2 3 448837 49 0 114 10 0 1 0 0 73 48 0 0 3 107 24 0 24 0
469 528644 E 6 0 33 527939 2 110 3 9 194 6 4 0 0 91 35 65 3 89 0 3 52
470 568311 R 0 1 0 0 0 138 0 0 109 3 86 0 8 0 567887 51 4 0 24 0 0
471 555014 A 554470 0 1 61 0 45 1 11 1 2 0 0 21 5 21 44 87 212 0 32 0
472 570432 A 569369 3 0 63 0 41 0 1 2 2 0 30 26 1 8 83 620 176 7 0 0
473 622375 N 4 8 67 9 4 10 21 28 65 37 98 620629 2 1138 48 88 75 2 0 42 0
474 613939 P 137 0 0 0 0 0 0 0 0 92 0 0 613450 86 69 53 52 0 0 0 0
475 585861 I 1 0 2 0 40 0 0 585507 0 8 16 51 0 1 1 5 80 149 0 0 0
476 535047 V 136 2 0 38 1 42 0 0 0 171 150 0 17 0 4 0 1 534483 0 0 2
477 527839 P 32 0 0 0 0 0 34 0 0 51 0 0 527582 0 15 76 49 0 0 0 0
478 508395 S 5 10 0 1 326 98 19 1 8 58 0 0 112 803 10 506769 38 10 83 43 1
479 571126 F 42 235 1 1 570411 25 1 23 0 173 0 0 9 0 28 119 0 23 2 32 1
480 575697 D 152 6 574574 77 27 95 94 0 2 10 6 179 13 18 9 135 57 157 0 85 1
481 502487 M 2 5 0 1 0 102 0 136 27 52 501773 4 0 0 153 5 93 112 21 0 1
482 629828 S 0 49 0 8 0 150 0 58 0 1 0 135 0 0 84 629320 20 2 0 0 1
483 713494 N 1 0 86 0 2 0 1 47 96 0 13 713123 1 0 0 79 3 0 1 31 10
484 638444 E 6 3 79 637238 0 73 0 0 89 0 0 0 774 19 0 15 10 56 2 0 80
485 579828 G 23 1 0 50 13 579244 4 1 5 12 0 0 0 0 279 1 4 54 8 72 57
486 591275 S 0 11 0 0 36 5 0 3 0 2 0 2 82 0 0 591046 35 0 0 52 1
487 592246 Y 0 67 3 0 17 0 109 5 1 8 0 3 0 0 0 2 0 0 0 591995 36
488 580705 F 0 1 0 0 580451 0 0 29 0 105 0 0 0 0 0 71 1 5 0 42 0
489 555180 F 0 1 0 0 554896 0 17 14 0 155 0 0 1 0 1 52 0 4 0 39 0
490 554898 G 20 0 0 56 1 554580 0 0 0 2 0 0 1 0 120 2 0 51 0 2 63
491 565186 D 6 4 564745 61 4 170 17 3 0 1 0 54 0 0 4 1 0 66 1 43 6
492 574963 N 0 2 91 0 1 1 6 27 110 0 2 574542 0 5 63 76 14 0 0 22 1
493 687861 A 686030 0 0 109 0 52 2 1 0 6 6 417 33 5 27 87 581 501 0 1 3
494 571119 E 16 0 67 570284 0 483 0 0 93 1 0 0 52 20 10 2 4 26 0 3 58
495 553163 E 16 0 46 551121 0 114 1 3 132 8 1 2 4 19 64 11 5 1573 2 1 40
496 533103 Y 25 195 6 1 28 6 79 5 0 8 7 44 0 0 18 50 1 96 79 532374 81
497 497539 D 137 306 490761 233 89 4353 31 96 2 252 10 188 5 0 19 333 46 460 0 182 36
498 385400 N 40 83 42 50 22 376 22 349 595 71 39 376094 4 289 6216 490 419 150 10 26 13
