# nucleotide counts
# upper case indicates nucleotide called by both reads
# lower case indicates nucleotide called by one read with other ambiguous
# N indicates disagreement between reads, or both ambiguous
# POSITION WT COUNTS A T C G a t c g N
1 A 251033 250980 10 6 21 1 0 0 0 15
2 T 251933 11 251808 37 4 0 2 0 0 71
3 G 252448 51 56 10 252276 0 0 0 6 49
4 A 253396 253251 22 0 42 2 0 0 0 79
5 A 256096 255993 21 9 45 5 0 0 0 23
6 G 263046 37 71 7 262862 0 0 0 8 61
7 G 263658 35 65 15 263405 0 0 0 1 137
8 C 271089 37 31 270949 33 0 0 10 0 29
9 A 270798 270680 13 9 45 3 0 0 0 48
10 A 276074 276011 8 5 31 7 0 0 0 12
11 A 278077 278018 8 4 18 10 0 0 0 19
12 A 281634 281384 8 19 41 1 0 0 0 181
13 C 289901 14 19 289795 7 0 0 8 0 58
14 T 298147 17 298016 65 1 0 5 0 0 43
15 A 298128 297896 24 9 36 5 0 0 0 158
16 C 314389 39 31 314283 7 0 0 7 0 22
17 T 324496 38 324358 57 9 0 3 0 0 31
18 G 333308 56 177 12 333029 0 0 0 10 24
19 G 374672 71 111 17 374381 0 0 0 12 80
20 T 424400 43 423773 83 12 0 7 0 0 482
21 C 429587 18 73 429401 23 0 0 7 0 65
22 C 475134 56 50 474961 15 0 0 17 0 35
23 T 473236 26 472791 227 115 0 11 0 0 66
24 G 614721 133 252 16 614177 0 0 0 63 80
25 T 605630 46 605291 124 40 0 28 0 0 101
26 T 617006 38 616746 81 95 0 10 0 0 36
27 A 623873 623465 146 9 120 33 0 0 0 100
28 T 560823 54 560586 149 5 0 4 0 0 25
29 A 568935 568280 44 5 526 48 0 0 0 32
30 T 560566 60 560288 137 13 0 7 1 0 60
31 G 562045 168 292 24 561511 0 0 0 16 34
32 C 574759 51 95 574409 35 0 0 23 0 146
33 A 520205 520006 29 42 75 2 0 0 0 51
34 T 514395 48 514161 88 12 0 12 0 0 74
35 T 512474 40 512268 111 11 0 3 0 0 41
36 T 514565 23 514352 88 13 0 6 0 0 83
37 G 515370 57 152 14 515075 0 0 0 9 63
38 T 516833 48 516476 122 8 0 4 0 0 175
39 A 517235 517069 16 5 97 9 0 0 0 39
40 G 518306 46 133 16 517976 0 0 0 4 131
41 C 519269 44 36 519079 19 0 0 8 0 83
42 T 515146 17 514901 120 5 0 8 0 0 95
43 A 519752 519484 59 5 70 9 0 0 0 125
44 C 512905 28 56 512767 18 0 0 9 0 27
45 A 510649 510440 29 13 130 6 0 0 0 31
46 G 516861 37 114 15 516643 0 0 0 13 39
47 A 522123 521874 42 3 62 17 0 0 0 125
48 T 524611 51 524368 90 5 0 8 0 0 89
49 G 522673 102 133 13 522355 0 0 0 7 63
50 C 519258 45 84 519041 41 0 0 8 0 39
51 A 518324 518019 49 15 189 10 0 0 0 42
52 G 527039 62 173 25 526689 0 0 0 8 82
53 A 525294 525051 42 11 72 17 0 0 0 101
54 C 531216 48 65 530988 40 0 0 7 0 68
55 A 521258 520867 49 19 79 5 0 0 0 239
56 C 618765 80 65 618486 28 0 0 32 0 74
57 A 622473 622133 65 59 130 23 0 0 0 63
58 A 635175 634954 52 22 94 11 0 0 0 42
59 T 627366 67 626980 153 89 0 23 0 0 54
60 A 693151 692733 54 6 211 27 0 0 0 120
61 T 706989 85 706634 109 54 0 32 0 0 75
62 G 746469 217 351 28 745719 0 0 0 39 115
63 T 728246 100 727500 224 19 0 45 0 0 358
64 A 751447 751079 75 15 148 26 0 0 0 104
65 T 707032 100 706601 133 24 0 50 0 0 124
66 A 700929 700544 76 50 181 10 0 0 0 68
67 G 696540 83 279 25 696048 0 0 0 31 74
68 G 633375 88 137 32 633039 0 0 0 25 54
69 C 609392 73 65 609087 39 0 0 23 0 105
70 T 603664 17 603346 160 9 0 13 0 0 119
71 A 557966 556535 59 26 77 10 0 0 0 1259
72 C 560789 62 82 560576 20 0 0 12 0 37
73 C 544835 38 71 544655 22 0 0 8 0 41
74 A 547186 546951 31 24 67 10 0 0 0 103
75 T 544308 30 544063 79 6 0 7 0 0 123
76 G 545770 98 107 23 545376 0 0 0 11 155
77 C 570614 55 102 570316 53 0 0 19 0 69
78 G 574745 172 131 29 574318 0 0 0 13 82
79 A 585923 585724 40 6 70 8 0 0 0 75
80 A 583505 583138 40 11 80 17 0 0 0 219
81 C 590278 32 75 590050 15 0 0 13 0 93
82 A 585965 585795 25 9 56 14 0 0 0 66
83 A 595766 595054 54 6 69 26 0 0 0 557
84 C 597905 31 55 597648 13 0 0 18 0 140
85 T 598564 43 598090 121 7 0 10 0 0 293
86 C 602536 47 59 602296 25 0 0 10 0 99
87 A 610433 610241 18 11 89 9 0 0 0 65
88 A 612194 611507 32 8 77 11 0 0 0 559
89 C 626847 85 73 626614 19 0 0 16 0 40
90 C 616435 52 110 616100 21 0 0 14 0 138
91 G 617829 231 193 28 617310 0 0 0 9 58
92 A 607136 606787 52 17 83 12 0 0 0 185
93 C 608802 47 84 608586 42 0 0 9 0 34
94 A 609656 609194 57 7 90 7 0 0 0 301
95 C 625574 64 63 625349 23 0 0 27 0 48
96 T 593352 48 593060 112 12 0 14 0 0 106
97 G 751448 196 218 26 750882 0 0 0 23 103
98 T 746878 63 746494 171 23 0 14 0 0 113
99 T 750449 61 750012 195 72 0 41 0 0 68
100 G 749727 186 397 29 749021 0 0 0 41 53
101 A 739043 738390 93 115 236 7 0 0 0 202
102 C 754290 109 232 753810 53 0 0 28 0 58
103 A 729129 728507 120 48 126 21 0 0 0 307
104 C 717046 84 86 716772 21 0 0 49 0 34
105 A 553027 552662 45 133 117 19 0 0 0 51
106 A 545495 545256 77 33 75 21 0 0 0 33
107 T 552697 64 552387 125 54 0 15 0 0 52
108 A 566603 565612 68 16 115 5 0 0 0 787
109 C 543820 55 54 543599 29 0 0 17 0 66
110 T 528952 50 528717 92 21 0 10 0 0 62
111 C 493302 56 94 493059 18 0 0 13 0 62
112 G 499794 145 166 30 499404 0 0 0 12 37
113 A 493063 492879 38 13 74 5 0 0 0 54
114 G 498421 78 168 21 498099 0 0 0 12 43
115 A 486969 486783 12 7 63 3 0 0 0 101
116 A 486644 486471 26 6 80 22 0 0 0 39
117 G 494044 68 159 17 493572 0 0 0 9 219
118 A 488356 488218 28 3 65 7 0 0 0 35
119 A 493020 492845 21 17 80 12 0 0 0 45
120 T 486659 47 486476 59 11 0 13 0 0 53
121 G 484774 65 139 14 484512 0 0 0 9 35
122 T 481220 58 480854 59 12 0 7 0 0 230
123 G 482482 106 83 15 482208 0 0 0 11 59
124 G 505904 86 95 23 505651 0 0 0 20 29
125 C 509096 57 120 508736 41 0 0 12 0 130
126 A 492149 491968 26 20 89 5 0 0 0 41
127 G 492449 70 81 22 492204 0 0 0 12 60
128 T 484050 48 483330 71 14 0 7 0 0 580
129 G 506906 138 121 21 506539 0 0 0 6 81
130 A 492392 492089 35 19 79 6 0 0 0 164
131 C 496956 23 76 496774 24 0 0 5 0 54
132 A 482147 481526 61 12 84 13 0 0 0 451
133 C 484148 44 68 483975 15 0 0 6 0 40
134 A 489126 488884 46 35 60 8 0 0 0 93
135 T 480527 60 480256 166 11 0 12 0 0 22
136 T 454680 51 454460 70 42 0 5 0 0 52
137 C 534232 49 64 533906 20 0 0 39 0 154
138 T 503268 36 502960 186 19 0 15 0 0 52
139 G 505306 138 139 15 504933 0 0 0 9 72
140 T 511666 49 511356 105 19 0 48 0 0 89
141 T 494907 61 494481 315 6 0 6 0 0 38
142 A 488341 488105 33 17 111 23 0 0 0 52
143 A 487360 486590 39 28 72 15 0 0 0 616
144 C 404185 24 52 404047 9 0 0 12 0 41
145 C 401729 43 63 401470 10 0 0 32 0 111
146 T 286473 17 286267 101 13 0 4 0 0 71
147 G 317582 90 92 20 317297 0 0 0 4 79
148 C 384906 36 36 384729 31 0 0 7 0 67
149 T 386261 21 385857 59 4 0 8 0 0 312
150 C 379952 51 73 379720 15 0 0 5 0 88
151 G 376149 82 128 14 375835 0 0 0 12 78
152 A 381205 381060 16 4 52 9 0 0 0 64
153 A 382313 382158 16 6 84 5 0 0 0 44
154 G 416836 88 129 15 416493 0 0 0 6 105
155 A 406475 406008 22 8 70 3 0 0 0 364
156 C 418549 39 77 418376 23 0 0 14 0 20
157 A 426350 426163 21 12 88 2 0 0 0 64
158 G 425276 93 135 23 424972 0 0 0 11 42
159 C 441464 46 93 441239 32 0 0 11 0 43
160 C 438099 29 58 437954 20 0 0 4 0 34
161 A 436199 435928 29 19 48 5 0 0 0 170
162 C 446282 33 37 446147 16 0 0 10 0 39
163 A 444575 444409 21 19 89 9 0 0 0 28
164 A 469641 469418 34 17 75 8 0 0 0 89
165 C 468211 44 96 467860 37 0 0 9 0 165
166 G 453533 98 115 29 453233 0 0 0 8 50
167 G 451992 63 69 21 451774 0 0 0 16 49
168 G 448096 101 106 16 447797 0 0 0 2 74
169 A 449511 449321 14 3 106 10 0 0 0 57
170 A 449209 449057 36 10 73 12 0 0 0 21
171 A 446213 445958 38 46 53 7 0 0 0 111
172 C 449875 38 43 449694 11 0 0 25 0 64
173 T 415854 40 415657 116 8 0 3 0 0 30
174 A 421281 421068 56 5 65 8 0 0 0 79
175 T 412017 48 411817 54 15 0 8 0 0 75
176 G 410842 103 200 8 410490 0 0 0 8 33
177 T 410558 59 410077 175 16 0 18 0 0 213
178 A 377452 377320 14 16 85 5 0 0 0 12
179 A 381811 381678 28 15 57 9 0 0 0 24
180 A 379968 379788 46 22 67 9 0 0 0 36
181 T 378145 65 377971 64 12 0 3 0 0 30
182 T 373037 38 372866 69 13 0 10 0 0 41
183 A 356294 356072 96 20 80 6 0 0 0 20
184 A 356912 356801 24 5 49 8 0 0 0 25
185 A 357111 357006 15 9 61 6 0 0 0 14
186 A 268036 267703 16 19 269 5 0 0 0 24
187 G 277156 66 116 7 276951 0 0 0 4 12
188 G 295954 66 82 11 295753 0 0 0 12 30
189 A 291888 291775 22 6 58 3 0 0 0 24
190 A 291628 291520 25 3 46 8 0 0 0 26
191 T 323505 57 323326 55 3 0 6 0 0 58
192 A 337045 336845 35 4 87 5 0 0 0 69
193 G 345253 74 104 24 344973 0 1 0 18 59
194 C 359620 37 48 359457 30 0 0 4 0 44
195 C 357689 29 41 357552 17 0 0 4 0 46
196 C 323476 52 28 323317 24 0 0 8 0 47
197 C 328628 30 31 328526 10 0 0 16 0 15
198 A 330239 329820 36 34 60 3 0 0 0 286
199 C 351505 33 40 351373 12 0 0 11 0 36
200 T 350543 29 350342 110 13 0 8 0 0 41
201 A 348687 348359 43 14 75 8 0 0 0 188
202 C 365234 41 51 365052 25 0 0 18 0 47
203 A 362451 362321 22 14 48 7 0 0 0 39
204 A 370287 370139 40 8 44 12 0 0 0 44
205 T 355732 29 355591 46 7 0 18 0 0 41
206 T 338270 20 338113 61 24 0 5 0 0 47
207 G 342386 37 88 14 342207 0 0 0 13 27
208 G 328523 33 85 19 328362 0 0 0 7 17
209 G 337226 51 61 23 337049 0 0 0 11 31
210 G 335709 88 57 8 335520 0 0 0 9 27
211 A 330727 330466 22 6 113 5 0 0 0 115
212 A 333459 333321 15 0 69 5 0 0 0 49
213 A 329689 329575 44 0 33 7 0 0 0 30
214 T 344677 39 344548 43 10 0 10 0 0 27
215 G 341827 68 135 9 341575 0 0 0 11 29
216 T 347992 41 347575 92 10 0 10 0 0 264
217 A 351850 351722 12 2 84 5 0 0 0 25
218 A 352990 352818 27 14 59 14 0 0 0 58
219 C 357198 36 46 357071 14 0 0 10 0 21
220 A 355057 354928 25 2 56 3 0 0 0 43
221 T 369939 33 369735 61 7 0 11 0 0 92
222 C 372514 36 38 372379 19 0 0 8 0 34
223 A 363306 362737 22 11 51 3 0 0 0 482
224 C 369166 21 39 369044 11 0 0 10 0 41
225 C 366959 39 86 366757 11 0 0 8 0 58
226 G 380735 113 101 14 380461 0 0 0 21 25
227 G 381620 69 95 15 381393 0 0 0 3 45
228 A 377819 377633 43 8 87 5 0 0 0 43
229 T 371636 21 371467 36 13 0 7 0 0 92
230 G 359361 65 73 11 359196 0 0 0 4 12
231 G 389121 77 62 15 388883 0 0 0 9 75
232 C 414133 30 42 413949 35 0 0 12 0 65
233 T 417115 38 416892 92 7 0 8 0 0 78
234 C 425046 59 71 424845 15 0 0 15 0 41
235 T 408350 24 408159 124 12 0 9 0 0 22
236 T 394237 19 394079 89 16 0 14 0 0 20
237 G 372257 84 140 15 371977 0 0 0 16 25
238 G 372673 69 87 18 372468 0 0 0 8 23
239 G 516012 114 75 15 515719 0 0 0 20 69
240 A 467621 467364 25 16 117 17 0 0 0 82
241 A 448121 447949 21 12 77 9 0 0 0 53
242 A 463470 463273 41 9 66 13 0 0 0 68
243 T 461660 58 461380 96 12 0 12 0 0 102
244 C 493337 50 54 493171 14 0 0 15 0 33
245 C 490301 55 74 490133 10 0 0 9 0 20
246 A 474739 474478 46 30 153 6 0 0 0 26
247 G 495242 104 133 13 494935 0 0 0 11 46
248 A 480176 480053 20 3 75 8 0 0 0 17
249 A 502483 502288 21 15 76 11 0 0 0 72
250 T 510171 30 510005 58 5 0 12 0 0 61
251 G 508456 110 115 23 508125 0 0 0 10 73
252 C 505848 55 217 505469 36 0 0 21 0 50
253 G 505232 172 161 21 504827 0 0 0 12 39
254 A 513179 512588 45 9 71 17 0 0 0 449
255 C 517417 34 54 517266 21 0 0 7 0 35
256 T 511984 44 511775 85 6 0 10 0 0 64
257 C 520641 42 57 520441 22 0 0 11 0 68
258 A 510773 510310 47 11 62 11 0 0 0 332
259 C 511970 31 59 511692 12 0 0 12 0 164
260 T 505983 42 505754 88 10 0 8 0 0 81
261 G 505082 117 96 18 504769 0 0 0 16 66
262 C 484148 36 48 483975 14 0 0 10 0 65
263 T 475750 15 475579 92 19 0 8 0 0 37
264 T 476346 34 476117 104 6 0 11 0 0 74
265 C 468947 47 56 468770 23 0 0 16 0 35
266 C 467624 44 98 467434 12 0 0 17 0 19
267 A 460435 460242 28 18 97 6 0 0 0 44
268 G 456460 52 122 24 456219 0 0 0 11 32
269 C 459487 46 138 459244 28 0 0 8 0 23
270 G 408806 92 107 13 408550 0 0 0 7 37
271 A 391943 391796 15 10 59 5 0 0 0 58
272 G 394507 66 83 8 394319 0 0 0 4 27
273 A 392416 392253 25 6 62 3 0 0 0 67
274 T 398094 17 397953 54 7 0 4 0 0 59
275 C 372881 34 47 372754 10 0 0 3 0 33
276 A 370603 370477 23 6 64 5 0 0 0 28
277 T 373964 35 373777 70 7 0 9 0 0 66
278 G 401113 84 155 7 400841 0 0 0 10 16
279 G 503366 88 96 22 502959 0 0 0 42 159
280 T 406968 42 406538 66 7 0 18 0 0 297
281 C 387866 39 43 387728 15 0 0 11 0 30
282 C 387194 56 38 387037 11 0 0 17 0 35
283 T 455700 35 455470 139 27 0 3 0 0 26
284 A 485062 484683 40 9 79 62 0 0 0 189
285 C 488379 50 65 488185 19 0 0 7 0 53
286 A 499355 499189 36 14 65 9 0 0 0 42
287 T 512085 34 511796 55 7 0 29 0 0 164
288 T 452422 23 452265 92 11 0 5 0 0 26
289 G 468474 85 168 10 468159 0 0 0 12 40
290 T 468960 48 468711 71 29 0 10 0 0 91
291 A 469525 469331 35 6 114 11 0 0 0 28
292 G 471810 89 159 20 471482 0 0 0 14 46
293 A 453169 452990 28 21 76 15 0 0 0 39
294 A 488360 488203 23 8 74 10 0 0 0 42
295 A 489912 489698 30 37 56 13 0 0 0 78
296 C 495408 35 64 495248 24 0 0 9 0 28
297 A 498408 497542 52 36 69 9 0 0 0 700
298 C 494435 37 48 494295 14 0 0 4 0 37
299 C 488837 77 51 488664 13 0 0 3 0 29
300 A 490918 490764 9 20 61 27 0 0 0 37
301 A 506193 506019 6 6 55 8 0 0 0 99
302 A 513226 512823 20 34 72 12 0 0 0 265
303 C 515241 29 39 515096 12 0 0 10 0 55
304 T 527787 10 527526 83 5 0 3 0 0 160
305 C 529007 47 44 528858 11 0 0 21 0 26
306 T 524993 31 524739 153 10 0 7 0 0 53
307 G 529832 96 123 16 529500 0 0 0 13 84
308 A 530737 530466 41 7 143 18 0 0 0 62
309 G 555244 122 151 20 554865 0 0 0 12 74
310 A 550860 550671 36 8 94 7 0 0 0 44
311 A 538222 538030 34 21 83 9 0 0 0 45
312 T 537912 55 537662 69 17 0 21 0 0 88
313 G 548988 100 190 19 548628 0 0 0 15 36
314 G 558994 94 109 24 558672 0 0 0 9 86
315 A 552828 552468 52 14 150 6 0 0 0 138
316 G 554548 113 122 22 554239 0 0 0 17 35
317 C 552055 63 82 551769 44 0 0 17 0 80
318 A 568723 568458 30 28 91 13 0 0 0 103
319 T 569547 40 569368 74 4 0 12 0 0 49
320 G 563152 159 182 15 562758 0 0 0 9 29
321 T 565507 59 565196 93 11 0 29 0 0 119
322 T 538461 25 538288 103 14 0 4 0 0 27
323 A 571253 570988 57 17 97 26 0 0 0 68
324 T 569771 56 569468 138 10 0 17 0 0 82
325 C 564210 45 60 564040 27 0 0 13 0 25
326 C 558890 64 80 558624 27 0 0 38 0 57
327 A 478905 478630 46 41 145 3 0 0 0 40
328 G 368750 63 101 7 368540 0 0 0 18 21
329 G 368486 39 64 5 368336 0 0 0 9 33
330 A 355198 355015 25 6 89 6 0 0 0 57
331 G 390617 76 116 7 390370 0 0 0 11 37
332 A 373731 373565 19 8 60 6 0 0 0 73
333 T 403556 21 403356 69 11 0 7 0 0 92
334 C 433072 35 42 432916 9 0 0 20 0 50
335 T 428978 28 428796 95 5 0 10 0 0 44
336 C 431089 22 51 430971 12 0 0 12 0 21
337 A 431943 431772 33 12 72 8 0 0 0 46
338 T 422139 53 421916 88 8 0 6 0 0 68
339 C 437912 54 101 437676 23 0 0 14 0 44
340 G 448394 215 193 18 447935 0 0 0 5 28
341 A 485508 485042 55 9 76 14 0 0 0 312
342 C 494893 26 41 494731 13 0 0 13 0 69
343 T 482494 16 482288 107 15 0 8 0 0 60
344 A 512615 512418 47 3 66 21 0 0 0 60
345 T 502755 42 502583 91 8 0 5 0 0 26
346 G 504682 95 116 24 504393 0 0 0 7 47
347 A 503272 503021 39 10 144 15 0 0 0 43
348 G 505251 88 184 22 504885 0 0 0 10 62
349 G 510848 69 111 11 510575 0 0 0 21 61
350 A 494928 494750 32 4 71 14 0 0 0 57
351 A 488216 487872 36 8 76 5 0 0 0 219
352 C 481855 39 44 481681 14 0 0 28 0 49
353 T 459688 16 459464 95 4 0 2 0 0 107
354 G 456696 79 77 14 456468 0 0 0 18 40
355 A 453841 453633 32 2 104 9 0 0 0 61
356 G 451552 65 85 12 451359 0 0 0 8 23
357 G 451541 73 59 15 451347 0 0 0 9 38
358 G 429400 128 50 14 429147 0 0 0 14 47
359 A 423984 423683 17 6 106 7 0 0 0 165
360 G 422356 72 35 19 422159 0 0 0 6 65
361 C 420656 49 132 420402 26 0 0 15 0 32
362 A 408588 408434 27 4 67 8 0 0 0 48
363 A 403467 403316 20 7 71 6 0 0 0 47
364 T 402281 29 402145 59 2 0 9 0 0 37
365 T 396195 29 396059 63 4 0 12 0 0 28
366 G 396980 104 109 10 396662 0 0 0 31 64
367 A 332894 332733 24 8 72 6 0 0 0 51
368 G 349929 37 52 19 349766 0 0 0 9 46
369 C 346293 37 32 346154 10 0 0 8 0 52
370 T 320525 13 320395 52 4 0 7 0 0 54
371 C 331258 25 33 331114 16 0 0 15 0 55
372 A 262427 262271 23 11 57 1 0 0 0 64
373 G 335227 77 51 11 335033 0 0 0 10 45
374 T 350520 38 350230 62 8 0 21 0 0 161
375 A 341791 341657 24 4 68 5 0 0 0 33
376 T 341018 33 340860 60 6 0 16 0 0 43
377 C 326747 37 40 326623 15 0 0 5 0 27
378 A 338060 337901 27 5 59 18 0 0 0 50
379 T 361247 34 361045 62 5 0 12 0 0 89
380 C 363954 25 44 363846 8 0 0 15 0 16
381 A 372784 372609 39 21 43 25 0 0 0 47
382 T 324726 14 324599 64 19 0 14 0 0 16
383 T 333341 13 333244 58 3 0 8 0 0 15
384 A 331891 331768 17 7 75 11 0 0 0 13
385 G 365457 80 158 12 365163 0 0 0 6 38
386 A 366779 366637 18 3 68 4 0 0 0 49
387 A 380105 379974 11 14 50 13 0 0 0 43
388 A 355929 355762 22 14 71 5 0 0 0 55
389 G 356046 57 99 13 355851 0 0 0 2 24
390 A 370628 370497 15 3 55 3 0 0 0 55
391 T 372774 11 372651 45 6 0 3 0 0 58
392 T 390720 26 390601 47 4 0 8 0 0 34
393 C 385784 33 71 385606 18 0 0 4 0 52
394 G 385963 90 114 19 385690 0 0 0 7 43
395 A 390319 390214 32 1 40 8 0 0 0 24
396 A 390405 390285 14 5 57 2 0 0 0 42
397 A 395203 395090 28 7 46 12 0 0 0 20
398 T 390142 24 390006 53 2 0 4 0 0 53
399 A 388465 388306 19 5 40 2 0 0 0 93
400 T 401518 23 401374 48 3 0 18 0 0 52
401 T 401152 20 400958 71 5 0 6 0 0 92
402 T 403491 32 403269 77 6 0 14 0 0 93
403 C 407940 37 53 407772 19 0 0 7 0 52
404 C 404822 31 31 404701 19 0 0 1 0 39
405 C 409332 46 55 409153 13 0 0 11 0 54
406 A 408834 408711 21 12 60 7 0 0 0 23
407 A 400380 400220 18 7 73 3 0 0 0 59
408 G 435364 85 247 14 434960 0 0 0 15 43
409 G 436066 77 114 9 435827 0 0 0 8 31
410 A 428425 428185 48 13 117 5 0 0 0 57
411 A 428967 428823 18 10 79 6 0 0 0 31
412 A 400569 400340 10 10 166 2 0 0 0 41
413 G 450413 107 151 10 450053 0 0 0 29 63
414 T 458654 42 458243 86 26 0 14 0 0 243
415 T 454495 36 454314 92 6 0 6 0 0 41
416 C 455541 45 67 455341 10 0 0 21 0 57
417 A 405983 405785 30 29 98 6 0 0 0 35
418 T 426822 63 426612 70 6 0 22 0 0 49
419 G 431260 107 142 10 430968 0 0 0 7 26
420 G 386989 70 68 30 386713 0 0 0 7 101
421 C 390941 47 85 390648 63 0 0 14 0 84
422 C 299738 25 39 299629 13 0 0 7 0 25
423 C 301900 48 45 301757 10 0 0 14 0 26
424 A 297579 297474 17 10 55 7 0 0 0 16
425 A 312363 312128 19 10 40 8 0 0 0 158
426 C 317476 19 41 317375 6 0 0 8 0 27
427 C 316423 41 45 316284 14 0 0 15 0 24
428 A 286402 286060 34 19 32 6 0 0 0 251
429 C 271532 10 31 271462 8 0 0 5 0 16
430 A 268425 268135 27 10 51 6 0 0 0 196
431 C 269552 19 40 269449 8 0 0 4 0 32
432 A 269973 269882 15 10 29 12 0 0 0 25
433 T 269950 13 269840 48 4 0 8 0 0 37
434 T 263904 7 263809 48 2 0 6 0 0 32
435 C 265701 18 30 265610 8 0 0 9 0 26
436 A 263291 263167 13 3 54 2 0 0 0 52
437 A 264673 264591 10 6 31 6 0 0 0 29
438 C 257759 25 56 257629 6 0 0 5 0 38
439 G 249282 73 52 11 249120 0 0 0 6 20
440 G 255867 30 58 10 255729 0 0 0 7 33
441 A 249766 249591 17 6 64 1 0 0 0 87
442 G 251820 34 49 6 251706 0 0 0 4 21
443 T 253010 17 252229 36 5 0 5 0 0 718
444 A 246046 245986 8 3 40 2 0 0 0 7
445 A 257290 257173 20 9 35 9 0 0 0 44
446 C 251637 27 40 251541 7 0 0 6 0 16
447 A 265207 265087 16 8 62 4 0 0 0 30
448 G 273984 68 84 4 273776 0 0 0 9 43
449 T 242465 24 242221 61 4 0 6 0 0 149
450 A 249975 249868 19 3 51 7 0 0 0 27
451 T 268015 17 267881 48 4 0 16 0 0 49
452 C 263028 30 28 262949 9 0 0 4 0 8
453 A 263519 263348 28 4 84 16 0 0 0 39
454 T 252313 22 252178 67 5 0 6 0 0 35
455 G 246355 46 67 22 246188 0 0 0 5 27
456 C 247827 30 42 247691 25 0 0 8 0 31
457 T 238400 10 238206 88 8 0 6 0 0 82
458 C 258300 20 52 258184 9 0 0 5 0 30
459 C 249559 24 28 249475 11 0 0 5 0 16
460 C 251292 69 33 251164 3 0 0 5 0 18
461 A 270653 270470 53 41 45 12 0 0 0 32
462 T 256044 87 255873 31 6 0 5 0 0 42
463 A 253104 252863 64 6 137 7 0 0 0 27
464 G 270927 123 123 4 270653 0 0 0 8 16
465 G 275476 25 113 7 275299 0 0 0 5 27
466 G 278593 45 40 12 278438 0 0 0 15 43
467 G 273233 166 62 8 272959 0 0 0 4 34
468 A 272657 272432 14 7 155 9 0 0 0 40
469 A 272132 272013 14 4 69 7 0 0 0 25
470 A 284258 284165 13 3 41 3 0 0 0 33
471 A 287922 287807 10 10 55 9 0 0 0 31
472 A 287977 287705 5 9 221 5 0 0 0 32
473 G 288199 107 57 68 287935 0 0 0 2 30
474 C 295274 34 62 295093 40 0 0 7 0 38
475 A 296414 296258 15 33 66 6 0 0 0 36
476 G 331344 65 83 4 331159 0 0 0 7 26
477 T 330686 26 330401 53 76 0 6 0 0 124
478 T 330870 18 330758 46 6 0 7 0 0 35
479 T 329340 7 329258 48 4 0 3 0 0 20
480 T 326857 12 326762 60 5 0 4 0 0 14
481 T 340160 35 340029 57 1 0 9 0 0 29
482 A 339680 339437 47 35 53 4 0 0 0 104
483 C 340251 60 67 340082 17 0 0 7 0 18
484 A 334373 334148 23 13 131 5 0 0 0 53
485 G 344684 70 102 9 344451 0 0 0 12 40
486 A 343064 342915 13 4 69 6 0 0 0 57
487 A 356894 356780 7 6 56 6 0 0 0 39
488 A 357907 357768 20 9 60 7 0 0 0 43
489 T 327930 19 327829 42 7 0 5 0 0 28
490 T 328773 17 328645 69 3 0 7 0 0 32
491 T 332654 16 332534 49 11 0 5 0 0 39
492 G 332974 67 95 18 332737 0 0 0 9 48
493 C 332622 25 82 332445 14 0 0 9 0 47
494 T 307836 9 307710 58 4 0 7 0 0 48
495 A 295479 295343 19 3 63 9 0 0 0 42
496 T 301741 30 301595 53 6 0 8 0 0 49
497 G 289955 293 54 8 289573 0 0 0 10 17
498 G 295702 57 49 13 295558 0 0 0 8 17
499 C 276719 30 46 276569 19 0 0 5 0 50
500 T 265278 17 265168 50 12 0 4 0 0 27
501 G 280693 135 138 7 280353 0 0 0 6 54
502 A 281437 281281 20 8 60 7 0 0 0 61
503 C 274448 30 89 274265 20 0 0 8 0 36
504 G 282376 96 131 17 282085 0 0 0 8 39
505 A 279327 279174 15 12 52 11 0 0 0 63
506 A 276381 276268 15 8 63 8 0 0 0 19
507 G 230546 84 98 7 230326 0 0 0 6 25
508 A 229057 228926 12 4 76 8 0 0 0 31
509 A 239367 239261 16 6 56 4 0 0 0 24
510 G 248036 90 92 9 247820 0 0 0 7 18
511 G 249246 41 73 4 249099 0 0 0 8 21
512 G 248663 39 111 4 248478 0 0 0 9 22
513 G 237078 43 99 10 236900 0 0 0 4 22
514 G 240230 85 27 11 240063 0 0 0 4 40
515 A 234638 234360 22 6 44 8 0 0 0 198
516 T 246958 20 246826 39 8 0 7 0 0 58
517 T 253346 19 253255 40 2 0 7 0 0 23
518 C 253562 20 46 253452 11 0 0 2 0 31
519 A 256640 256504 21 13 56 7 0 0 0 39
520 T 255428 24 255319 50 8 0 8 0 0 19
521 A 268076 267620 28 6 46 10 0 0 0 366
522 C 270732 40 37 270629 2 0 0 2 0 22
523 C 265379 27 23 265287 7 0 0 11 0 24
524 C 262782 48 25 262674 2 0 0 10 0 23
525 A 244961 244885 4 13 25 6 0 0 0 28
526 A 311678 311561 12 5 38 18 0 0 0 44
527 A 313158 313012 4 10 107 2 0 0 0 23
528 G 322080 44 57 21 321907 0 0 0 7 44
529 C 325352 24 28 325226 8 0 0 8 0 58
530 T 304474 12 304363 49 6 0 2 0 0 42
531 G 366378 86 184 19 366042 0 0 0 10 37
532 A 370452 370065 29 4 74 5 0 0 0 275
533 C 418505 35 59 418342 24 0 0 7 0 38
534 C 416244 59 48 416058 15 0 0 6 0 58
535 A 410822 410660 27 13 81 8 0 0 0 33
536 A 463698 463497 30 12 71 26 0 0 0 62
537 T 467754 26 467579 86 8 0 12 0 0 43
538 T 474905 31 474694 84 13 0 4 0 0 79
539 C 479334 34 60 479166 13 0 0 19 0 42
540 C 462976 41 48 462841 16 0 0 2 0 28
541 T 467383 16 467179 128 3 0 24 0 0 33
542 A 467623 467493 28 6 45 14 0 0 0 37
543 T 481045 41 480880 65 4 0 7 0 0 48
544 G 508083 138 129 12 507701 0 0 0 20 83
545 T 466144 61 465820 88 12 0 8 0 0 155
546 G 467294 78 130 21 466936 0 0 0 12 117
547 A 464259 464092 31 7 85 10 0 0 0 34
548 A 462877 462674 44 7 76 6 0 0 0 70
549 C 479200 40 59 478979 16 0 0 14 0 92
550 A 466040 465902 20 25 61 7 0 0 0 25
551 A 470062 469850 33 7 57 5 0 0 0 110
552 T 470967 83 470752 69 3 0 14 0 0 46
553 A 461411 461200 44 6 79 11 0 0 0 71
554 A 501651 501488 32 9 64 15 0 0 0 43
555 A 497593 497353 29 15 165 14 0 0 0 17
556 G 493427 98 187 8 493101 0 0 0 9 24
557 G 503548 90 101 17 503296 0 0 0 20 24
558 G 489585 120 112 21 489289 0 0 0 14 29
559 A 482711 482471 34 4 124 11 0 0 0 67
560 A 480943 480773 21 8 94 12 0 0 0 35
561 A 479446 479177 27 11 179 9 0 0 0 43
562 G 484050 87 140 16 483759 0 0 0 8 40
563 A 470028 469880 20 11 72 5 0 0 0 40
564 A 455027 454783 20 8 88 6 0 0 0 122
565 G 426704 102 112 15 426424 0 0 0 7 44
566 T 458443 25 457699 84 9 0 8 0 0 618
567 C 474267 33 48 474109 17 0 0 15 0 45
568 C 475091 47 40 474953 17 0 0 5 0 29
569 T 478635 37 478394 131 6 0 20 0 0 47
570 T 414940 28 414779 82 32 0 4 0 0 15
571 G 443550 122 142 10 443201 0 0 0 19 56
572 T 449628 57 449285 75 33 0 9 0 0 169
573 A 475332 474927 27 15 91 17 0 0 0 255
574 C 476752 41 52 476523 13 0 0 16 0 107
575 T 438526 33 438369 86 8 0 3 0 0 27
576 A 458808 458625 54 5 54 25 0 0 0 45
577 T 453154 35 452989 35 20 0 4 0 0 71
578 G 468969 70 116 11 468727 0 0 0 19 26
579 G 564569 72 126 12 564283 0 0 0 17 59
580 G 513631 63 67 25 513438 0 0 0 10 28
581 G 546330 83 78 17 546057 0 0 0 26 69
582 T 513202 42 511834 60 94 0 3 0 0 1169
583 G 565046 110 126 22 564712 0 0 0 19 57
584 T 581591 25 581275 125 20 0 19 0 0 127
585 T 532912 56 532670 123 7 0 3 0 0 53
586 C 539139 39 97 538926 27 0 0 6 0 44
587 A 539082 538850 41 11 88 10 0 0 0 82
588 T 536684 53 536422 129 4 0 15 0 0 61
589 C 537004 42 78 536826 17 0 0 6 0 35
590 A 528912 527124 32 12 84 2 0 0 0 1658
591 C 536890 31 67 536703 19 0 0 9 0 61
592 C 528768 49 59 528605 12 0 0 12 0 31
593 C 509144 65 76 508931 27 0 0 5 0 40
594 G 538157 101 118 14 537803 0 0 0 22 99
595 T 534087 41 533821 102 5 0 11 0 0 107
596 C 536454 36 50 536247 20 0 0 6 0 95
597 T 570696 20 570441 120 5 0 30 0 0 80
598 A 552393 552216 19 1 88 10 0 0 0 59
599 G 555499 107 138 22 555038 0 0 0 17 177
600 C 551117 48 80 550930 21 0 0 11 0 27
601 A 549326 549048 41 11 112 12 0 0 0 102
602 G 571765 79 77 16 571504 0 0 0 33 56
603 T 512018 53 511563 83 13 0 8 0 0 298
604 G 562132 126 98 25 561828 0 0 0 20 35
605 A 564312 564063 45 4 120 18 0 0 0 62
606 T 564233 60 563984 106 24 0 8 0 0 51
607 G 603977 130 145 24 603596 0 0 0 19 63
608 A 593891 593590 35 13 156 11 0 0 0 86
609 G 607401 161 152 21 607003 0 0 0 15 49
610 C 609902 52 96 609635 39 0 0 20 0 60
611 A 587121 586866 53 17 94 4 0 0 0 87
612 A 596003 595701 69 16 100 14 0 0 0 103
613 C 595265 53 50 595095 25 0 0 7 0 35
614 A 573765 573492 55 11 166 4 0 0 0 37
615 G 537470 104 131 15 537161 0 0 0 16 43
616 A 515513 515246 37 17 91 10 0 0 0 112
617 G 512779 91 98 12 512488 0 0 0 8 82
618 T 495504 38 494513 103 19 0 13 0 0 818
619 C 513694 38 54 513486 20 0 0 13 0 83
620 T 454667 18 454512 53 12 0 8 0 0 64
621 C 483385 59 39 483228 18 0 0 16 0 25
622 T 438740 40 438472 77 6 0 18 0 0 127
623 A 441786 441624 34 8 58 15 0 0 0 47
624 T 445267 30 444995 77 27 0 26 0 0 112
625 A 428830 428654 25 8 80 10 0 0 0 53
626 G 436977 83 100 9 436720 0 0 0 22 43
627 T 419805 42 419340 80 11 0 16 0 0 316
628 A 365912 365799 14 30 55 8 0 0 0 6
629 A 372766 372619 46 3 45 15 0 0 0 38
630 T 355875 25 355740 61 12 0 9 0 0 28
631 G 357318 78 102 9 357094 0 0 0 13 22
632 G 347946 70 100 23 347716 0 0 0 5 32
633 A 346534 346377 35 5 74 3 0 0 0 40
634 A 354329 354189 21 8 70 9 0 0 0 32
635 A 349306 349194 15 7 56 5 0 0 0 29
636 T 348398 26 348259 62 18 0 6 0 0 27
637 G 363276 109 89 14 363000 0 0 0 9 55
638 C 362797 32 29 362671 20 0 0 4 0 41
639 T 360603 18 360485 69 10 0 5 0 0 16
640 T 363310 11 363168 95 4 0 9 0 0 23
641 A 361946 361839 18 8 37 6 0 0 0 38
642 T 366171 42 366035 49 4 0 9 0 0 32
643 G 282813 54 57 8 282670 0 0 0 6 18
644 T 315368 22 315143 53 4 0 9 0 0 137
645 C 317713 18 40 317588 14 0 0 7 0 46
646 T 305497 20 305351 61 10 0 4 0 0 51
647 C 316281 29 35 316123 11 0 0 16 0 67
648 T 310161 18 310048 56 16 0 6 0 0 17
649 G 327956 69 78 9 327750 0 0 0 14 36
650 T 328763 32 328593 47 9 0 6 0 0 76
651 A 309077 308885 19 9 112 7 0 0 0 45
652 G 317234 43 67 9 317047 0 0 0 21 47
653 C 274008 31 85 273840 16 0 0 5 0 31
654 G 277915 79 76 8 277715 0 0 0 6 31
655 T 262458 13 262295 35 8 0 6 0 0 101
656 C 245954 14 32 245886 4 0 0 3 0 15
657 T 245907 18 245776 83 13 0 2 0 0 15
658 T 249775 22 249660 63 3 0 3 0 0 24
659 C 287321 29 67 287187 16 0 0 6 0 16
660 A 286960 286829 20 10 66 0 0 0 0 35
661 A 298096 297989 12 8 54 5 0 0 0 28
662 A 305576 305490 19 6 37 6 0 0 0 18
663 T 305191 16 305099 44 7 0 4 0 0 21
664 T 320167 22 320046 41 7 0 17 0 0 34
665 A 318293 318141 31 5 60 7 0 0 0 49
666 T 324037 39 323867 83 5 0 15 0 0 28
667 A 323704 323584 14 10 64 8 0 0 0 24
668 A 294431 294298 35 10 47 10 0 0 0 31
669 C 305492 36 26 305386 11 0 0 9 0 24
670 A 285691 285574 25 11 52 10 0 0 0 19
671 G 296222 61 96 12 296024 0 0 0 10 19
672 G 307591 50 59 16 307423 0 0 0 4 39
673 A 311481 311318 20 3 83 4 0 0 0 53
674 G 318701 83 65 7 318500 0 0 0 9 37
675 A 326692 326530 20 3 48 6 0 0 0 85
676 T 326425 23 326283 73 4 0 8 0 0 34
677 T 360198 39 359996 63 4 0 5 0 0 91
678 C 358638 38 54 358492 17 0 0 8 0 29
679 A 357594 355389 13 15 103 3 0 0 0 2071
680 C 373560 38 50 373424 8 0 0 5 0 35
681 C 368336 35 55 368207 11 0 0 5 0 23
682 C 366164 53 42 366017 19 0 0 8 0 25
683 C 359107 56 75 358874 74 0 0 10 0 18
684 G 375430 168 190 26 374974 0 0 0 8 64
685 G 380272 77 95 17 380051 0 0 0 11 21
686 A 362924 362764 20 9 87 8 0 0 0 36
687 A 362496 362375 16 7 71 9 0 0 0 18
688 A 360952 360814 37 4 64 8 0 0 0 25
689 T 361362 70 361130 59 13 0 17 0 0 73
690 A 381879 381684 20 13 112 9 0 0 0 41
691 G 370320 112 137 32 370008 0 0 0 7 24
692 C 381199 43 46 381021 31 0 0 17 0 41
693 T 332838 26 332665 91 11 0 3 0 0 42
694 G 329922 145 67 32 329636 0 0 0 9 33
695 C 352078 33 45 351939 17 0 0 4 0 40
696 A 327333 327155 22 18 104 4 0 0 0 30
697 A 328340 328129 19 12 83 8 0 0 0 89
698 G 332037 53 68 11 331879 0 0 0 10 16
699 G 374099 82 35 12 373892 0 0 0 19 59
700 C 373319 30 48 373139 55 0 0 2 0 45
701 C 373986 31 51 373868 14 0 0 5 0 17
702 C 383543 77 63 383335 12 0 0 7 0 49
703 A 381949 381804 18 40 71 5 0 0 0 11
704 A 406585 406438 29 6 53 17 0 0 0 42
705 A 405739 405544 15 16 142 6 0 0 0 16
706 G 437857 118 132 11 437538 0 0 0 10 48
707 T 440038 31 439606 87 18 0 22 0 0 274
708 A 413338 413181 19 14 75 4 0 0 0 45
709 A 412897 412741 31 13 82 14 0 0 0 16
710 G 396896 96 238 12 396461 0 0 0 11 78
711 A 392454 392284 26 6 96 3 0 0 0 39
712 G 400908 62 100 8 400643 0 0 0 17 78
713 A 382854 382638 34 15 69 13 0 0 0 85
714 T 386183 39 385869 48 7 0 8 0 0 212
715 C 384967 25 44 384837 17 0 0 7 0 37
716 A 383893 383755 15 9 86 2 0 0 0 26
717 A 406645 406368 32 6 80 16 0 0 0 143
718 C 396734 35 42 396622 5 0 0 10 0 20
719 A 392161 392019 28 18 55 9 0 0 0 32
720 T 380995 42 380816 61 13 0 15 0 0 48
721 G 368434 69 103 16 368213 0 0 0 5 28
722 G 369223 71 66 16 369037 0 0 0 11 22
723 G 358750 69 98 11 358548 0 0 0 7 17
724 A 376585 376354 22 4 110 5 0 0 0 90
725 G 381224 73 87 12 381003 0 0 0 22 27
726 G 365341 50 73 21 365132 0 0 0 7 58
727 A 365238 364999 25 5 56 7 0 0 0 146
728 T 362749 36 362610 51 6 0 6 0 0 40
729 G 350972 90 99 14 350731 0 0 0 3 35
730 A 379339 379156 41 6 69 6 0 0 0 61
731 A 387794 387536 36 11 73 7 0 0 0 131
732 C 402939 35 33 402784 10 0 0 8 0 69
733 T 381499 20 381279 97 10 0 13 0 0 80
734 A 385198 385045 31 7 59 8 0 0 0 48
735 T 428717 67 428492 75 8 0 26 0 0 49
736 T 432190 28 432015 97 5 0 16 0 0 29
737 A 436086 435782 52 8 64 10 0 0 0 170
738 C 415638 45 36 415479 9 0 0 26 0 43
739 T 391993 38 391789 113 12 0 6 0 0 35
740 G 388926 64 59 16 388738 0 0 0 16 33
741 G 376935 50 31 19 376808 0 0 0 8 19
742 A 404303 403722 18 16 82 10 0 0 0 455
743 C 411613 25 77 411372 11 0 0 21 0 107
744 C 361163 40 49 361024 3 0 0 3 0 44
745 T 359386 21 359205 81 10 0 2 0 0 67
746 T 372838 26 372641 77 11 0 12 0 0 71
747 G 374002 76 44 26 373819 0 0 0 4 33
748 C 371201 40 54 371033 35 0 0 10 0 29
749 T 395311 19 395180 72 6 0 7 0 0 27
750 A 392613 392438 32 7 91 8 0 0 0 37
751 G 418774 123 119 14 418459 0 0 0 17 42
752 A 426015 425890 10 20 66 5 0 0 0 24
753 A 412727 412214 15 17 56 4 0 0 0 421
754 C 423170 29 46 423022 13 0 0 16 0 44
755 C 393224 21 30 393140 10 0 0 3 0 20
756 C 401796 58 83 401613 15 0 0 10 0 17
757 G 402406 108 67 20 402174 0 0 0 9 28
758 G 405743 56 48 18 405581 0 0 0 6 34
759 A 409202 408906 47 7 126 9 0 0 0 107
760 G 408603 58 50 20 408397 0 0 0 2 76
761 A 422162 421931 35 7 71 6 0 0 0 112
762 C 438889 33 56 438700 28 0 0 9 0 63
763 A 430562 430164 50 15 92 2 0 0 0 239
764 C 473688 62 65 473458 20 0 0 18 0 65
765 A 472450 472281 44 19 57 12 0 0 0 37
766 A 459056 458879 59 10 63 7 0 0 0 38
767 T 459040 69 458818 78 5 0 26 0 0 44
768 A 457375 457188 74 8 62 4 0 0 0 39
769 A 488798 488550 92 11 61 22 0 0 0 62
770 T 491130 62 490914 82 4 0 4 0 0 64
771 A 485611 485383 51 13 78 15 0 0 0 71
772 T 482687 54 482435 87 16 0 18 0 0 77
773 T 425584 22 425438 78 13 0 7 0 0 26
774 T 426111 19 425921 76 23 0 5 0 0 67
775 G 407493 91 114 22 407220 0 0 0 8 38
776 A 405837 405581 51 8 118 5 0 0 0 74
777 G 406918 52 75 14 406733 0 0 0 9 35
778 G 403688 68 51 16 403526 0 0 0 5 22
779 C 435118 50 46 434928 35 0 0 2 0 57
780 A 436762 436605 27 11 77 5 0 0 0 37
781 A 433961 433735 52 7 56 4 0 0 0 107
782 C 469675 32 45 469505 12 0 0 18 0 63
783 T 464298 33 464112 78 14 0 13 0 0 48
784 G 429327 89 100 18 429090 0 0 0 9 21
785 G 427202 84 90 14 426979 0 0 0 14 21
786 T 431761 44 430781 116 22 0 16 0 0 782
787 A 435015 434881 18 5 81 6 0 0 0 24
788 A 456161 456013 34 8 61 15 0 0 0 30
789 T 481941 37 481736 72 5 0 16 0 0 75
790 C 482061 46 45 481866 18 0 0 16 0 70
791 T 485322 39 485073 138 8 0 16 0 0 48
792 A 482860 482646 16 19 62 12 0 0 0 105
793 A 482738 482601 35 15 55 12 0 0 0 20
794 T 482653 53 482412 73 6 0 17 0 0 92
795 A 446342 446193 20 5 93 10 0 0 0 21
796 G 443490 68 103 23 443224 0 0 0 15 57
797 C 439725 45 51 439542 19 0 0 7 0 61
798 A 441057 440180 37 23 91 9 0 0 0 717
799 C 445827 26 36 445650 18 0 0 15 0 82
800 C 428412 33 46 428283 13 0 0 5 0 32
801 A 429376 429207 31 8 51 9 0 0 0 70
802 T 433837 34 433696 52 15 0 6 0 0 34
803 G 419215 76 91 20 419007 0 0 0 11 10
804 G 423049 66 82 13 422841 0 0 0 18 29
805 T 407774 38 406911 84 6 0 7 0 0 728
806 A 409552 409430 29 1 55 14 0 0 0 23
807 T 406492 19 406376 53 6 0 15 0 0 23
808 G 426226 108 86 18 425981 0 0 0 10 23
809 C 449848 27 41 449684 20 0 0 28 0 48
810 T 413612 8 413420 103 17 0 12 0 0 52
811 T 395120 21 395017 55 3 0 6 0 0 18
812 T 395310 23 395162 71 2 0 8 0 0 44
813 C 337191 32 92 337025 14 0 0 4 0 24
814 G 343587 88 65 20 343356 0 0 0 14 44
815 C 329382 34 42 329260 11 0 0 7 0 28
816 A 329234 328991 34 12 62 3 0 0 0 132
817 C 338742 31 42 338598 10 0 0 6 0 55
818 T 328904 13 328655 145 46 0 2 0 0 43
819 G 413271 117 80 18 412929 0 0 0 38 89
820 A 416923 416719 28 3 81 7 0 0 0 85
821 G 426048 87 63 7 425853 0 0 0 8 30
822 T 506843 59 506131 78 16 0 31 0 0 528
823 A 504514 504328 37 20 90 4 0 0 0 35
824 G 524817 122 93 10 524513 0 0 0 38 41
825 A 538649 538348 34 12 168 15 0 0 0 72
826 G 548498 119 163 13 548137 0 0 0 20 46
827 G 555990 66 82 20 555713 0 0 0 39 70
828 G 471586 68 63 63 471277 0 0 0 11 104
829 T 457556 26 456874 84 36 0 9 0 0 527
830 T 590619 21 590432 93 18 0 11 0 0 44
831 T 582003 20 581728 185 22 0 11 0 0 37
832 G 592161 124 135 21 591821 0 0 0 9 51
833 A 590973 590740 16 6 162 10 0 0 0 39
834 G 614242 123 57 8 613982 0 0 0 12 60
835 T 601754 66 601235 154 11 0 13 0 0 275
836 C 600603 47 75 600411 17 0 0 6 0 47
837 C 593103 71 159 592773 30 0 0 9 0 61
838 G 604106 237 133 21 603648 0 0 0 11 56
839 G 604970 132 81 38 604674 0 0 0 9 36
840 C 602431 64 93 602163 41 0 0 13 0 57
841 A 603413 603143 66 14 112 15 0 0 0 63
842 T 623800 32 623520 96 8 0 16 0 0 128
843 C 621700 39 76 621491 20 0 0 18 0 56
844 A 629708 629438 54 11 102 7 0 0 0 96
845 T 622363 54 622066 123 10 0 19 0 0 91
846 C 630151 50 104 629905 25 0 0 21 0 46
847 A 620332 618624 40 24 126 11 0 0 0 1507
848 C 647112 36 68 646890 17 0 0 17 0 84
849 C 646481 55 72 646218 19 0 0 22 0 95
850 T 630970 47 630550 166 7 0 6 0 0 194
851 C 628134 70 72 627917 21 0 0 24 0 30
852 A 647726 647505 20 27 131 3 0 0 0 40
853 A 643111 642958 21 12 82 18 0 0 0 20
854 A 646766 646457 14 82 70 7 0 0 0 136
855 C 642158 50 167 641830 42 0 0 18 0 51
856 G 640728 170 164 32 640289 0 0 0 22 51
857 C 572312 42 70 572100 27 0 0 19 0 54
858 G 552708 170 138 19 552342 0 0 0 5 34
859 T 563799 41 563440 140 28 0 9 0 0 141
860 C 563761 56 98 563528 28 0 0 12 0 39
861 A 580882 580669 38 20 127 3 0 0 0 25
862 A 615981 615733 40 13 76 19 0 0 0 100
863 T 603508 63 603228 122 25 0 9 0 0 61
864 G 613257 222 122 35 612802 0 0 0 18 58
865 C 615351 71 119 615035 41 0 0 33 0 52
866 A 592793 592567 31 26 109 1 0 0 0 59
867 T 592473 46 592263 82 15 0 22 0 0 45
868 G 376671 80 72 8 376465 0 0 0 9 37
869 A 377394 377197 39 7 97 9 0 0 0 45
870 G 426797 66 79 9 426507 0 0 0 26 110
871 T 414633 39 414203 80 15 0 6 0 0 290
872 G 422255 122 105 19 421936 0 0 0 9 64
873 T 414846 42 414549 122 20 0 15 0 0 98
874 A 416000 415825 13 27 104 2 0 0 0 29
875 A 397761 397608 25 11 70 17 0 0 0 30
876 C 390474 29 41 390321 13 0 0 4 0 66
877 A 387941 387699 18 6 56 13 0 0 0 149
878 C 386373 24 61 386182 15 0 0 12 0 79
879 G 348181 116 91 29 347868 0 0 0 9 68
880 A 349119 349002 37 6 49 5 0 0 0 20
881 A 345727 345571 12 5 61 6 0 0 0 72
882 G 366579 48 65 6 366408 0 0 0 9 43
883 T 355854 18 355358 47 6 0 9 0 0 416
884 G 367612 70 68 9 367415 0 0 0 6 44
885 T 365726 30 365455 98 9 0 11 0 0 123
886 C 373177 35 71 373021 17 0 0 7 0 26
887 A 363369 363215 20 9 102 7 0 0 0 16
888 A 377468 377366 10 2 53 12 0 0 0 25
889 A 426263 426049 12 56 83 8 0 0 0 55
890 C 429714 61 42 429505 8 0 0 9 0 89
891 A 403713 402053 20 55 67 17 0 0 0 1501
892 C 466689 54 53 466492 9 0 0 19 0 62
893 C 457081 39 39 456943 16 0 0 14 0 30
894 C 464403 52 52 464249 15 0 0 8 0 27
895 C 456491 86 64 456286 14 0 0 9 0 32
896 A 459457 459186 40 32 154 4 0 0 0 41
897 G 421539 68 84 11 421330 0 0 0 17 29
898 G 423299 57 244 23 422924 0 0 0 1 50
899 G 459068 109 38 178 458652 0 0 0 13 78
900 A 460694 460352 32 17 116 4 0 0 0 173
901 G 472093 62 49 116 471757 0 0 0 16 93
902 C 487625 84 82 487366 40 0 0 11 0 42
903 T 483630 54 483383 115 31 0 12 0 0 35
904 A 677997 677593 126 39 131 38 0 0 0 70
905 T 676341 160 675966 142 22 0 13 0 0 38
906 A 709106 708818 73 25 100 35 0 0 0 55
907 A 708492 708152 64 43 112 34 0 0 0 87
908 A 678469 678040 52 138 121 19 0 0 0 99
909 C 685966 90 140 685528 32 0 0 32 0 144
910 A 626527 626224 33 63 132 6 0 0 0 69
911 G 627057 190 173 39 626597 0 0 0 15 43
912 C 627955 57 103 627658 39 0 0 13 0 85
913 A 608672 608443 55 22 103 15 0 0 0 34
914 A 607894 607672 45 12 87 9 0 0 0 69
915 T 602087 21 601821 104 10 0 4 0 0 127
916 C 609778 52 83 609573 13 0 0 21 0 36
917 T 608519 35 608142 189 5 0 5 0 0 143
918 C 604254 35 48 604122 14 0 0 3 0 32
919 C 545658 47 56 545492 15 0 0 4 0 44
920 C 542807 78 46 542506 13 0 0 9 0 155
921 T 540695 25 540551 77 8 0 4 0 0 30
922 T 545012 30 544769 78 6 0 9 0 0 120
923 T 540038 29 539802 126 3 0 21 0 0 57
924 C 543296 41 70 543078 19 0 0 6 0 82
925 C 540948 61 82 540746 23 0 0 11 0 25
926 A 537249 536955 37 25 165 8 0 0 0 59
927 G 543532 97 115 18 543219 0 0 0 14 69
928 A 543328 543066 23 7 181 18 0 0 0 33
929 A 570590 570108 128 43 123 18 0 0 0 170
930 T 572498 95 572158 158 7 0 17 0 0 63
931 A 529608 529401 67 3 72 16 0 0 0 49
932 T 531838 203 531440 106 7 0 28 0 0 54
933 A 510692 510184 24 102 115 9 0 0 0 258
934 C 526892 188 133 526495 20 0 0 20 0 36
935 A 514355 512696 42 433 42 7 0 0 0 1135
936 C 516186 55 67 516011 16 0 0 14 0 23
937 C 496203 53 44 496017 11 0 0 22 0 56
938 C 432526 67 64 432332 20 0 0 4 0 39
939 A 429855 429647 37 14 97 6 0 0 0 54
940 G 430961 80 75 13 430757 0 0 0 7 29
941 T 335862 31 335611 97 7 0 2 0 0 114
942 C 341457 57 40 341310 24 0 0 5 0 21
943 A 331359 331058 37 10 130 6 0 0 0 118
944 C 396233 44 41 396052 14 0 0 25 0 57
945 A 391216 391050 28 12 104 11 0 0 0 11
946 A 405200 405030 38 15 65 10 0 0 0 42
947 T 411908 65 411686 58 22 0 33 0 0 44
948 A 355583 355430 31 12 87 5 0 0 0 18
949 G 386853 91 104 17 386580 0 0 0 24 37
950 G 407898 81 63 12 407715 0 0 0 8 19
951 A 412098 411861 36 12 125 13 0 0 0 51
952 G 502008 70 77 22 501705 0 0 0 22 112
953 A 457536 457316 39 22 91 10 0 0 0 58
954 G 461715 88 114 13 461431 0 0 0 5 64
955 T 454552 60 453566 73 22 0 5 0 0 826
956 G 474761 154 80 30 474419 0 0 0 9 69
957 C 515701 51 93 515415 64 0 0 2 0 76
958 C 523988 42 87 523775 25 0 0 6 0 53
959 C 531425 63 65 531220 12 0 0 4 0 61
960 A 547759 547567 21 75 59 9 0 0 0 28
961 A 560811 560667 39 17 47 14 0 0 0 27
962 A 567384 567244 23 10 79 9 0 0 0 19
963 A 569905 569747 43 12 74 6 0 0 0 23
964 T 585725 31 585533 82 4 0 10 0 0 65
965 A 580701 580527 23 3 107 25 0 0 0 16
966 T 586061 59 585840 92 21 0 9 0 0 40
967 G 585128 410 65 39 584549 0 0 0 13 52
968 T 589431 98 589063 87 11 0 8 0 0 164
969 C 593164 70 141 592853 33 0 0 16 0 51
970 A 578141 577736 45 30 165 8 0 0 0 157
971 G 576645 89 60 18 576437 0 0 0 10 31
972 G 578469 119 67 20 578082 0 0 0 11 170
973 A 571346 571119 37 4 112 12 0 0 0 62
974 G 579015 93 50 20 578722 0 0 0 13 117
975 T 568387 45 566423 89 7 0 7 0 0 1816
976 A 568153 567167 61 15 98 15 0 0 0 797
977 C 566228 36 68 566027 28 0 0 22 0 47
978 C 561972 101 75 561737 23 0 0 9 0 27
979 A 563450 563233 37 18 91 20 0 0 0 51
980 A 564520 564384 19 7 56 9 0 0 0 45
981 A 570463 570273 52 10 83 7 0 0 0 38
982 T 570296 51 570095 78 11 0 13 0 0 48
983 T 551444 20 551273 94 18 0 7 0 0 32
984 G 553935 139 52 20 553657 0 0 0 11 56
985 A 537389 537149 38 11 137 5 0 0 0 49
986 G 539371 87 81 24 539141 0 0 0 3 35
987 G 539430 77 49 10 539242 0 0 0 17 35
988 A 508178 507917 42 14 87 5 0 0 0 113
989 T 505711 41 505493 41 19 0 15 0 0 102
990 G 562841 103 50 24 562502 0 0 0 21 141
991 G 557493 92 46 12 557269 0 0 0 12 62
992 T 583506 56 583019 76 18 0 20 0 0 317
993 T 373504 11 373361 71 5 0 16 0 0 40
994 A 375466 375220 48 12 75 12 0 0 0 99
995 C 358120 30 79 357948 13 0 0 27 0 23
996 A 358282 358020 27 29 162 5 0 0 0 39
997 G 384062 74 112 19 383801 0 0 0 21 35
998 G 381694 104 70 13 381408 0 0 0 8 91
999 A 373834 373507 35 14 81 8 0 0 0 189
1000 C 380596 35 44 380422 15 0 0 13 0 67
1001 T 361384 18 361232 91 5 0 1 0 0 37
1002 A 364676 364548 10 9 62 8 0 0 0 39
1003 A 364491 364363 11 8 58 5 0 0 0 46
1004 G 371494 96 95 11 371234 0 0 0 11 47
1005 A 362844 362724 12 7 62 7 0 0 0 32
1006 A 360837 360717 19 8 56 4 0 0 0 33
1007 A 358889 358670 22 23 49 6 0 0 0 119
1008 C 361682 27 45 361548 16 0 0 5 0 41
1009 A 357192 357061 28 10 45 7 0 0 0 41
1010 T 350642 30 350404 100 6 0 6 0 0 96
1011 C 348867 32 31 348757 11 0 0 12 0 24
1012 C 365594 47 47 365447 16 0 0 9 0 28
1013 C 356414 36 48 356278 10 0 0 8 0 34
1014 A 354345 354187 43 15 46 7 0 0 0 47
1015 T 348443 36 348259 72 5 0 4 0 0 67
1016 C 351518 34 28 351415 6 0 0 11 0 24
1017 C 351267 40 68 351080 35 0 0 5 0 39
1018 A 392808 392609 27 9 52 18 0 0 0 93
1019 T 394870 19 394735 58 2 0 16 0 0 40
1020 T 395629 24 395438 69 9 0 12 0 0 77
1021 C 402728 30 71 402550 21 0 0 24 0 32
1022 A 403320 403174 23 7 80 7 0 0 0 29
1023 A 411765 411616 27 10 43 31 0 0 0 38
1024 T 412086 29 411950 68 2 0 8 0 0 29
1025 A 444424 444158 32 7 69 6 0 0 0 152
1026 C 455657 58 69 455394 27 0 0 21 0 88
1027 A 426121 425937 25 29 87 5 0 0 0 38
1028 G 422842 65 77 17 422649 0 0 0 14 20
1029 A 414907 414651 22 7 138 3 0 0 0 86
1030 G 495896 85 74 11 495641 0 0 0 15 70
1031 G 520097 74 58 21 519871 0 0 0 24 49
1032 T 492873 36 491446 97 20 0 5 0 0 1269
1033 C 498374 51 68 498145 18 0 0 37 0 55
1034 T 501190 27 500978 131 13 0 6 0 0 35
1035 A 534052 533825 37 14 72 26 0 0 0 78
1036 T 558987 43 558789 86 18 0 14 0 0 37
1037 T 557832 29 557674 78 10 0 13 0 0 28
1038 T 549469 41 549217 83 34 0 31 0 0 63
1039 G 475371 86 124 38 475086 0 0 0 14 23
1040 G 482001 66 80 22 481798 0 0 0 11 24
1041 A 473881 473594 31 5 128 5 0 0 0 118
1042 G 479395 67 77 31 479168 0 0 0 16 36
1043 C 480062 28 69 479851 23 0 0 12 0 79
1044 C 464304 37 55 464143 12 0 0 13 0 44
1045 A 467207 466956 30 10 68 7 0 0 0 136
1046 T 463514 26 463320 59 4 0 4 0 0 101
1047 T 467176 33 467021 83 5 0 5 0 0 29
1048 G 466059 127 74 26 465784 0 0 0 6 42
1049 C 481281 40 51 481076 23 0 0 17 0 74
1050 T 483089 19 482896 94 12 0 1 0 0 67
1051 G 487186 56 57 10 486999 0 0 0 11 53
1052 G 551195 53 99 20 550929 0 0 0 23 71
1053 T 543809 26 543228 69 128 0 15 0 0 343
1054 T 542689 11 542550 79 6 0 8 0 0 35
1055 T 539896 21 539748 84 4 0 18 0 0 21
1056 T 548669 111 548410 97 5 0 14 0 0 32
1057 A 559089 558673 217 3 96 23 0 0 0 77
1058 T 556262 176 555875 83 4 0 11 0 0 113
1059 T 554015 38 553727 73 130 0 12 0 0 35
1060 G 562281 287 256 17 561628 0 0 0 22 71
1061 A 510638 509840 56 27 548 5 0 0 0 162
1062 G 509659 371 122 15 509118 0 0 0 9 24
1063 G 510031 69 90 14 509817 0 0 0 13 28
1064 G 508188 75 85 17 507974 0 0 0 9 28
1065 G 515074 106 221 22 514632 0 0 0 13 80
1066 G 499638 91 76 26 499388 0 0 0 4 53
1067 G 434352 236 52 10 434007 0 0 0 6 41
1068 A 430428 429063 186 4 880 20 0 0 0 275
1069 T 426058 263 425475 62 180 0 3 0 0 75
1070 G 420607 132 265 16 420089 0 0 0 5 100
1071 G 424450 181 64 39 424115 0 0 0 11 40
1072 A 378973 378504 38 65 176 9 0 0 0 181
1073 C 379310 89 51 379075 17 0 0 27 0 51
1074 T 357696 18 357444 160 14 0 13 0 0 47
1075 G 355004 90 70 23 354793 0 0 0 6 22
1076 G 362874 92 59 21 362656 0 0 0 12 34
1077 A 358889 358716 24 6 62 14 0 0 0 67
1078 A 360963 360800 20 10 74 26 0 0 0 33
1079 T 285171 32 285058 43 3 0 8 0 0 27
1080 G 325655 84 74 12 325439 0 0 0 12 34
1081 A 335635 335454 44 6 83 10 0 0 0 38
1082 T 333521 32 333393 47 8 0 3 0 0 38
1083 A 331507 331338 22 8 100 8 0 0 0 31
1084 G 298327 64 72 12 298145 0 0 0 13 21
1085 A 360123 359962 20 24 60 7 0 0 0 50
1086 T 360979 45 360809 57 13 0 7 0 0 48
1087 G 381621 99 96 26 381357 0 0 0 9 34
1088 G 393775 88 58 7 393598 0 0 0 6 18
1089 A 413683 413435 22 10 98 13 0 0 0 105
1090 T 434076 38 433927 43 4 0 8 0 0 56
1091 G 433787 108 85 12 433556 0 0 0 10 16
1092 G 509970 106 79 8 509691 0 0 0 26 60
1093 T 505288 27 504467 83 24 0 17 0 0 670
1094 A 502508 502292 54 5 83 12 0 0 0 62
1095 T 496009 49 495831 50 14 0 17 0 0 48
1096 G 510538 86 104 18 510279 0 0 0 15 36
1097 G 522225 86 83 14 521969 0 0 0 39 34
1098 T 523049 54 522609 66 32 0 7 0 0 281
1099 T 520058 13 519903 76 13 0 16 0 0 37
1100 A 516276 515972 42 8 89 24 0 0 0 141
1101 T 467079 36 466905 71 6 0 10 0 0 51
1102 C 467827 33 84 467662 16 0 0 6 0 26
1103 A 469026 468797 38 7 89 9 0 0 0 86
1104 T 467564 49 467335 80 5 0 11 0 0 84
1105 C 459928 42 51 459738 10 0 0 8 0 79
1106 A 444022 443855 31 6 61 5 0 0 0 64
1107 T 444838 29 444655 69 8 0 8 0 0 69
1108 C 447557 30 56 447406 12 0 0 4 0 49
1109 A 441492 441289 36 4 111 8 0 0 0 44
1110 G 447184 66 68 24 446971 0 0 0 10 45
1111 A 444923 444813 20 3 48 9 0 0 0 30
1112 A 443950 443816 16 10 65 13 0 0 0 30
1113 T 446196 26 446059 51 13 0 11 0 0 36
1114 G 433235 94 69 12 433007 0 0 0 11 42
1115 A 426756 426616 25 7 71 10 0 0 0 27
1116 A 427499 427305 35 4 74 7 0 0 0 74
1117 C 428298 27 78 428114 16 0 0 7 0 56
1118 A 423296 423114 28 10 95 4 0 0 0 45
1119 G 391517 51 79 8 391339 0 0 0 14 26
1120 G 400395 60 53 17 400190 0 0 0 7 68
1121 G 405513 77 56 14 405316 0 0 0 4 46
1122 A 411590 411359 32 7 78 6 0 0 0 108
1123 T 403210 34 402983 72 3 0 15 0 0 103
1124 C 390044 41 50 389883 21 0 0 9 0 40
1125 A 394922 394575 27 20 155 15 0 0 0 130
1126 G 413417 94 79 11 413196 0 0 0 10 27
1127 G 416258 73 46 23 416060 0 0 0 7 49
1128 C 413241 45 44 413012 19 0 0 47 0 74
1129 T 416386 21 416222 85 12 0 7 0 0 39
1130 A 415009 414855 40 7 49 17 0 0 0 41
1131 T 472851 39 472651 87 8 0 15 0 0 51
1132 G 477911 184 100 29 477554 0 0 0 15 29
1133 C 470678 53 136 470362 23 0 0 33 0 71
1134 A 371556 371313 22 30 108 3 0 0 0 80
1135 G 395836 62 64 19 395653 0 0 0 14 24
1136 C 372269 40 101 372057 31 0 0 6 0 34
1137 G 368567 124 97 31 368284 0 0 0 2 29
1138 G 379284 183 47 15 378989 0 0 0 18 32
1139 A 355847 355365 158 9 223 5 0 0 0 87
1140 T 372781 212 372284 217 5 0 8 0 0 55
1141 C 366576 194 261 366074 6 0 0 10 0 31
1142 A 404731 404261 24 316 75 7 0 0 0 48
1143 A 408968 408852 13 12 68 14 0 0 0 9
1144 A 409348 409244 5 14 57 4 0 0 0 24
1145 A 416752 416665 6 6 54 5 0 0 0 16
1146 A 411276 411153 15 4 65 13 0 0 0 26
1147 A 407975 407692 7 5 220 11 0 0 0 40
1148 G 421933 183 61 61 421562 0 0 0 14 52
1149 C 419704 55 73 419434 93 0 0 3 0 46
1150 A 425795 425401 53 89 66 6 0 0 0 180
1151 C 431112 59 49 430957 12 0 0 9 0 26
1152 A 432832 432387 28 57 70 9 0 0 0 281
1153 C 442236 56 42 442025 16 0 0 7 0 90
1154 A 439651 439483 12 32 61 4 0 0 0 59
1155 A 442816 442656 24 6 47 9 0 0 0 74
1156 A 441728 441581 18 9 63 17 0 0 0 40
1157 A 438943 438782 56 4 67 8 0 0 0 26
1158 T 437687 15 437464 67 28 0 12 0 0 101
1159 G 430500 78 90 45 430234 0 0 0 10 43
1160 C 426127 30 83 425941 30 0 0 7 0 36
1161 C 423617 38 61 423472 14 0 0 12 0 20
1162 A 403886 403653 31 25 90 13 0 0 0 74
1163 T 389366 38 389252 35 4 0 10 0 0 27
1164 T 383241 38 383071 79 14 0 8 0 0 31
1165 A 380489 380358 36 2 52 11 0 0 0 30
1166 A 376670 376467 29 19 43 5 0 0 0 107
1167 C 376940 39 119 376732 18 0 0 8 0 24
1168 G 357133 97 83 10 356905 0 0 0 3 35
1169 G 309615 38 97 16 309411 0 0 0 8 45
1170 G 306964 49 40 6 306829 0 0 0 7 33
1171 A 302875 302673 15 8 74 11 0 0 0 94
1172 T 316500 34 316394 34 1 0 10 0 0 27
1173 T 314797 21 314682 65 10 0 3 0 0 16
1174 A 257234 257047 33 11 72 10 0 0 0 61
1175 C 290652 69 43 290489 17 0 0 9 0 25
1176 A 276258 276130 17 35 46 7 0 0 0 23
1177 A 283531 283436 11 13 35 4 0 0 0 32
1178 A 274519 274383 13 48 35 2 0 0 0 38
1179 C 259466 39 18 259344 15 0 0 5 0 45
1180 A 257400 257315 15 11 40 7 0 0 0 12
1181 A 261656 261567 9 6 43 4 0 0 0 27
1182 G 321674 60 68 9 321496 0 0 0 19 22
1183 G 322989 67 40 6 322830 0 0 0 12 34
1184 T 317335 26 316692 70 14 0 5 0 0 528
1185 G 327881 86 84 18 327657 0 0 0 15 21
1186 A 337710 337570 36 4 63 6 0 0 0 31
1187 A 345268 344905 20 16 67 13 0 0 0 247
1188 C 366176 25 28 366070 10 0 0 10 0 33
1189 T 367391 14 367207 55 15 0 4 0 0 96
1190 C 383611 25 32 383459 11 0 0 20 0 64
1191 T 376994 25 376844 100 4 0 4 0 0 17
1192 G 382346 94 71 13 382121 0 0 0 15 32
1193 T 382014 35 381830 47 8 0 9 0 0 85
1194 T 389952 7 389841 80 2 0 6 0 0 16
1195 A 390634 390432 24 2 58 16 0 0 0 102
1196 T 389469 36 389344 36 1 0 5 0 0 47
1197 C 383961 36 91 383731 18 0 0 12 0 73
1198 G 384930 138 67 12 384681 0 0 0 4 28
1199 A 376886 376693 24 10 68 3 0 0 0 88
1200 G 376184 80 47 5 376004 0 0 0 6 42
1201 A 371878 371770 17 2 51 8 0 0 0 30
1202 A 367373 367240 15 8 51 11 0 0 0 48
1203 A 370414 370295 12 7 56 10 0 0 0 34
1204 A 375136 375047 27 3 38 4 0 0 0 17
1205 T 375783 37 375631 49 6 0 4 0 0 56
1206 G 374026 95 92 11 373787 0 0 0 8 33
1207 A 372740 372604 30 5 47 4 0 0 0 50
1208 A 367362 367205 25 11 56 5 0 0 0 60
1209 C 360279 34 51 360126 13 0 0 10 0 45
1210 A 360527 359900 38 8 41 2 0 0 0 538
1211 C 359281 19 40 359183 3 0 0 9 0 27
1212 T 352619 32 352388 98 6 0 2 0 0 93
1213 C 350585 29 43 350465 18 0 0 5 0 25
1214 A 347301 347189 14 5 65 6 0 0 0 22
1215 A 365499 365326 15 9 46 12 0 0 0 91
1216 T 366111 22 365959 60 5 0 7 0 0 58
1217 T 368588 40 368395 64 7 0 3 0 0 79
1218 C 322808 29 41 322658 14 0 0 20 0 46
1219 A 310101 309865 35 16 61 4 0 0 0 120
1220 C 268860 21 38 268745 19 0 0 11 0 26
1221 A 258152 258040 13 22 62 1 0 0 0 14
1222 G 259890 70 31 16 259709 0 0 0 9 55
1223 C 258227 21 29 258115 15 0 0 20 0 27
1224 T 196888 9 196788 61 11 0 0 0 0 19
1225 G 198512 36 55 4 198388 0 0 0 14 15
1226 T 184246 19 184107 19 22 0 0 0 0 79
1227 G 186103 34 54 7 185974 0 0 0 6 28
1228 G 179203 27 33 5 179127 0 0 0 4 7
1229 G 175729 30 36 2 175623 0 0 0 6 32
1230 T 171044 25 170754 29 8 0 10 0 0 218
1231 A 129474 129414 9 5 29 2 0 0 0 15
1232 A 135317 135281 9 3 12 5 0 0 0 7
1233 A 135161 135064 6 2 67 3 0 0 0 19
1234 G 134039 35 20 6 133937 0 0 0 10 31
1235 A 127257 127205 14 2 22 5 0 0 0 9
1236 A 114959 114900 10 3 15 7 0 0 0 24
1237 T 110419 9 110367 20 1 0 2 0 0 20
1238 T 111739 6 111701 18 1 0 1 0 0 12
1239 C 112737 8 14 112693 1 0 0 3 0 18
1240 A 113018 112964 3 2 33 2 0 0 0 14
1241 A 109572 109522 9 2 20 1 0 0 0 18
1242 C 121267 4 7 121232 5 0 0 5 0 14
1243 A 118929 118867 6 1 17 2 0 0 0 36
1244 A 126640 126548 11 13 14 7 0 0 0 47
1245 C 127144 7 22 127079 3 0 0 7 0 26
1246 T 129112 7 129053 22 4 0 4 0 0 22
1247 T 128951 20 128900 20 1 0 1 0 0 9
1248 A 129901 129790 23 4 71 2 0 0 0 11
1249 G 141225 102 40 1 141051 0 0 0 3 28
1250 A 144312 144236 8 0 38 3 0 0 0 27
1251 A 165970 165908 3 2 44 2 0 0 0 11
1252 A 164885 164811 11 4 26 4 0 0 0 29
1253 A 155186 155122 5 11 31 1 0 0 0 16
1254 A 155478 155413 7 3 42 5 0 0 0 8
1255 A 154964 154743 4 3 198 2 0 0 0 14
1256 G 160299 190 22 3 160068 0 0 0 1 15
1257 G 158990 53 18 5 158895 0 0 0 2 17
1258 A 145681 145470 32 2 142 4 0 0 0 31
1259 T 157940 36 157836 18 17 0 3 0 0 30
1260 G 155414 37 61 8 155282 0 0 0 5 21
1261 G 160143 45 17 3 160066 0 0 0 2 10
1262 A 158273 158167 9 2 58 2 0 0 0 35
1263 A 162173 162127 4 2 29 2 0 0 0 9
1264 A 149337 149282 4 8 14 1 0 0 0 28
1265 A 153744 153684 22 1 13 9 0 0 0 15
1266 T 150750 20 150678 22 3 0 3 0 0 24
1267 T 150728 2 150689 16 2 0 2 0 0 17
1268 T 165513 21 165456 16 3 0 3 0 0 14
1269 A 163906 163807 27 4 30 3 0 0 0 35
1270 A 164840 164798 3 5 20 4 0 0 0 10
1271 A 157265 157185 19 3 23 5 0 0 0 30
1272 T 161176 62 161040 21 1 0 3 0 0 49
1273 A 164562 164471 61 1 18 3 0 0 0 8
1274 A 163786 163727 17 7 17 2 0 0 0 16
1275 A 164764 164724 7 2 22 2 0 0 0 7
1276 A 154130 154083 5 4 25 3 0 0 0 10
1277 A 154839 154778 3 2 28 1 0 0 0 27
1278 A 156705 156510 6 3 157 5 0 0 0 24
1279 G 165473 46 23 2 165366 0 0 0 8 28
1280 T 166050 11 165913 24 8 0 2 0 0 92
1281 T 165108 7 165048 31 5 0 2 0 0 15
1282 G 177420 56 41 3 177297 0 0 0 7 16
1283 A 158659 158581 18 2 32 6 0 0 0 20
1284 T 160066 14 159972 35 3 0 6 0 0 36
1285 G 157776 30 36 5 157680 0 0 0 4 21
1286 A 154034 153934 16 3 36 1 0 0 0 44
1287 T 156041 13 155960 32 3 0 7 0 0 26
1288 G 153330 38 51 2 153203 0 0 0 3 33
1289 G 156128 36 23 2 156051 0 0 0 2 14
1290 G 163872 32 27 2 163776 0 0 0 5 30
1291 T 164172 6 163928 20 10 0 6 0 0 202
1292 T 165397 13 165340 30 5 0 3 0 0 6
1293 T 143163 2 143105 26 4 0 0 0 0 26
1294 C 142100 14 22 142035 5 0 0 4 0 20
1295 T 142102 14 142030 36 3 0 6 0 0 13
1296 G 142758 28 47 7 142659 0 0 0 3 14
1297 G 140424 36 18 7 140348 0 0 0 1 14
1298 A 118672 118556 14 3 27 1 0 0 0 71
1299 C 124255 7 22 124205 1 0 0 3 0 17
1300 A 119921 119873 5 3 15 2 0 0 0 23
1301 T 129247 3 129217 12 2 0 3 0 0 10
1302 T 128217 5 128168 19 3 0 4 0 0 18
1303 T 128591 7 128555 12 7 0 0 0 0 10
1304 G 127832 30 32 6 127755 0 0 0 2 7
1305 G 122136 29 16 6 122061 0 0 0 3 21
1306 A 123978 123873 13 6 23 5 0 0 0 58
1307 C 142110 16 24 142026 8 0 0 5 0 31
1308 A 159289 159206 16 9 23 7 0 0 0 28
1309 T 168394 17 168329 27 2 0 1 0 0 18
1310 A 169047 168979 14 4 19 11 0 0 0 20
1311 T 172192 20 172119 26 0 0 8 0 0 19
1312 A 170728 170675 9 2 29 2 0 0 0 11
1313 A 184510 184447 12 0 28 6 0 0 0 17
1314 T 180767 10 180690 38 5 0 4 0 0 20
1315 G 183689 33 28 9 183604 0 0 0 5 10
1316 C 183790 13 29 183686 10 0 0 9 0 43
1317 A 176396 176316 18 7 29 1 0 0 0 25
1318 G 195642 25 24 5 195560 0 0 0 10 18
1319 A 194767 194695 7 2 27 2 0 0 0 34
1320 A 197058 196989 13 2 30 4 0 0 0 20
1321 T 196082 8 196006 19 3 0 6 0 0 40
1322 T 194060 5 194015 24 2 0 1 0 0 13
1323 G 195709 43 33 8 195609 0 0 0 5 11
1324 T 273228 22 273113 41 9 0 2 0 0 41
1325 T 276418 11 276341 41 3 0 6 0 0 16
1326 A 275039 274929 10 6 53 6 0 0 0 35
1327 G 279639 49 56 17 279450 0 0 0 11 56
1328 T 276878 21 276680 58 4 0 8 0 0 107
1329 T 283165 25 283043 40 12 0 6 0 0 39
1330 C 295917 20 17 295829 4 0 0 14 0 33
1331 T 289459 22 289349 53 4 0 5 0 0 26
1332 A 293624 293468 24 6 48 8 0 0 0 70
1333 C 301459 24 28 301360 3 0 0 4 0 40
1334 T 300941 19 300784 86 8 0 5 0 0 39
1335 G 305114 76 95 14 304898 0 0 0 7 24
1336 G 302005 60 43 13 301860 0 0 0 5 24
1337 A 306534 306400 19 1 77 9 0 0 0 28
1338 A 307918 307797 11 6 52 3 0 0 0 49
1339 A 309947 309890 8 4 28 8 0 0 0 9
1340 A 305237 305162 21 2 31 7 0 0 0 14
1341 T 324944 36 324781 55 9 0 12 0 0 51
1342 G 324272 93 63 9 324061 0 0 0 5 41
1343 A 334761 334630 17 3 58 8 0 0 0 45
1344 A 333029 332835 18 14 68 10 0 0 0 84
1345 A 330739 330583 13 19 105 2 0 0 0 17
1346 G 334355 97 57 2 334161 0 0 0 8 30
1347 G 346930 56 37 8 346790 0 0 0 6 33
1348 A 332816 332374 20 7 80 13 0 0 0 322
1349 C 336146 38 38 336016 9 0 0 5 0 40
1350 T 322268 16 322123 80 7 0 5 0 0 37
1351 T 322753 25 322649 47 0 0 7 0 0 25
1352 T 320222 20 320097 49 28 0 5 0 0 23
1353 G 329069 63 96 14 328847 0 0 0 12 37
1354 G 316520 61 65 8 316357 0 0 0 5 24
1355 A 312318 312138 22 5 61 10 0 0 0 82
1356 T 292130 25 292016 42 7 0 11 0 0 29
1357 T 250963 5 250880 48 3 0 5 0 0 22
1358 T 244148 20 243997 50 5 0 4 0 0 72
1359 C 239107 26 24 239029 6 0 0 3 0 19
1360 C 239664 27 31 239574 3 0 0 8 0 21
1361 A 239433 239313 23 8 46 7 0 0 0 36
1362 T 220104 22 220024 35 6 0 2 0 0 15
1363 G 220662 43 39 4 220541 0 0 0 5 30
1364 A 230523 230308 23 8 39 9 0 0 0 136
1365 C 247011 23 24 246926 7 0 0 14 0 17
1366 T 243107 9 243017 52 8 0 6 0 0 15
1367 T 224205 22 224108 42 5 0 14 0 0 14
1368 A 224417 224309 28 2 50 6 0 0 0 22
1369 A 216862 216787 13 3 25 14 0 0 0 20
1370 A 233728 233654 23 4 21 11 0 0 0 15
1371 T 224970 16 224890 28 13 0 6 0 0 17
1372 G 224803 60 36 3 224665 0 0 0 16 23
1373 T 196907 26 196715 40 11 0 0 0 0 115
1374 G 195136 50 43 7 195012 0 0 0 3 21
1375 A 205977 205878 16 3 46 4 0 0 0 30
1376 A 199157 199091 11 5 32 1 0 0 0 17
1377 G 206606 42 35 5 206481 0 0 0 6 37
1378 A 203797 203724 14 7 26 5 0 0 0 21
1379 A 193500 193441 11 4 18 4 0 0 0 22
1380 T 193260 10 193163 29 5 0 4 0 0 49
1381 C 193223 16 20 193163 5 0 0 6 0 13
1382 T 190085 14 190018 27 3 0 3 0 0 20
1383 G 201878 43 40 8 201755 0 0 0 3 29
1384 T 196696 17 196573 31 3 0 7 0 0 65
1385 A 202322 202182 11 4 37 8 0 0 0 80
1386 C 200343 13 54 200227 8 0 0 11 0 30
1387 G 198986 58 31 5 198869 0 0 0 4 19
1388 A 193312 193181 20 4 48 11 0 0 0 48
1389 G 197896 33 20 4 197808 0 0 0 7 24
1390 A 186755 186686 8 4 22 4 0 0 0 31
1391 A 188456 188389 15 2 25 2 0 0 0 23
1392 A 180122 180007 6 3 57 3 0 0 0 46
1393 G 185203 33 27 5 185099 0 0 0 7 32
1394 T 190113 19 189853 26 21 0 5 0 0 189
1395 A 187448 187369 20 4 35 2 0 0 0 18
1396 A 185308 185261 10 1 18 5 0 0 0 13
1397 A 181787 181736 10 3 17 2 0 0 0 19
1398 A 181525 181452 9 0 48 7 0 0 0 9
1399 A 201851 201733 2 5 93 2 0 0 0 16
1400 G 205216 36 57 39 205052 0 0 0 5 27
1401 C 208445 25 36 208338 18 0 0 4 0 24
1402 C 201848 12 25 201782 12 0 0 4 0 13
1403 A 199851 199775 15 10 29 5 0 0 0 17
1404 A 208185 208114 15 7 29 6 0 0 0 14
1405 T 218188 39 218065 33 5 0 6 0 0 40
1406 T 224566 26 224461 49 3 0 3 0 0 24
1407 A 224537 224419 52 6 39 7 0 0 0 14
1408 A 224849 224783 9 7 38 4 0 0 0 8
1409 A 223250 223097 10 12 98 6 0 0 0 27
1410 G 273232 112 49 13 272988 0 0 0 22 48
1411 A 273079 272940 23 12 60 6 0 0 0 38
1412 A 289476 289340 34 18 50 6 0 0 0 28
1413 T 251786 29 251653 48 5 0 5 0 0 46
1414 A 243047 242965 12 4 44 5 0 0 0 17
1415 A 260219 260116 18 6 45 8 0 0 0 26
1416 T 270774 23 270641 50 7 0 3 0 0 50
1417 G 274950 67 58 25 274759 0 0 0 6 35
1418 C 283895 42 30 283751 25 0 0 4 0 43
1419 C 274454 31 47 274322 19 0 0 3 0 32
1420 A 278925 278817 29 15 43 7 0 0 0 14
1421 A 274753 274641 14 9 47 8 0 0 0 34
1422 A 279199 279055 13 25 79 6 0 0 0 21
1423 G 286341 60 40 5 286186 0 0 0 5 45
1424 A 288739 288629 11 3 51 4 0 0 0 41
1425 A 292453 292371 10 7 36 8 0 0 0 21
1426 A 287688 287592 11 11 40 5 0 0 0 29
1427 T 287299 25 287158 34 2 0 1 0 0 79
1428 C 283280 35 70 283123 11 0 0 6 0 35
1429 G 287398 85 52 24 287209 0 0 0 5 23
1430 G 278498 68 43 11 278311 0 0 0 6 59
1431 A 286109 285974 19 5 65 10 0 0 0 36
1432 A 264065 263980 8 6 34 3 0 0 0 34
1433 A 272483 272390 19 8 28 1 0 0 0 37
1434 T 274176 35 274062 33 6 0 7 0 0 33
1435 G 275186 69 62 13 275009 0 0 0 5 28
1436 G 278489 38 45 4 278366 0 0 0 8 28
1437 G 276006 51 36 5 275886 0 0 0 12 16
1438 T 273116 31 271749 33 34 0 6 0 0 1263
1439 G 282075 57 48 13 281921 0 0 0 9 27
1440 T 281872 13 281660 49 54 0 7 0 0 89
1441 T 309461 12 309370 45 10 0 10 0 0 14
1442 T 280941 11 280865 44 2 0 2 0 0 17
1443 T 279452 19 279323 53 26 0 6 0 0 25
1444 G 286051 119 66 10 285810 0 0 0 8 38
1445 A 282432 282252 24 4 100 2 0 0 0 50
1446 G 293072 49 73 10 292914 0 0 0 2 24
1447 T 293218 27 292994 47 6 0 14 0 0 130
1448 T 285320 19 285214 40 14 0 5 0 0 28
1449 C 289759 26 41 289642 11 0 0 11 0 28
1450 T 294919 22 294739 107 6 0 4 0 0 41
1451 A 295168 294822 25 6 54 9 0 0 0 252
1452 C 302386 32 28 302290 5 0 0 7 0 24
1453 C 294991 36 41 294866 5 0 0 16 0 27
1454 A 293372 293138 30 17 46 10 0 0 0 131
1455 C 321636 32 28 321525 11 0 0 14 0 26
1456 A 325034 324912 18 20 55 6 0 0 0 23
1457 A 325488 325345 16 23 59 6 0 0 0 39
1458 G 344772 77 84 6 344553 0 0 0 18 34
1459 T 301031 34 300735 48 10 0 3 0 0 201
1460 G 311152 56 57 7 311002 0 0 0 11 19
1461 T 303458 22 303143 59 9 0 2 0 0 223
1462 G 307515 98 64 24 307302 0 0 0 2 25
1463 A 308387 308188 33 4 84 9 0 0 0 69
1464 C 305200 22 40 305078 21 0 0 7 0 32
1465 A 311340 311247 21 9 42 4 0 0 0 17
1466 A 309532 309445 12 3 45 1 0 0 0 26
1467 T 306126 18 305995 45 6 0 7 0 0 55
1468 G 307079 72 52 14 306894 0 0 0 9 38
1469 A 309922 309815 14 2 62 5 0 0 0 24
1470 A 311516 311411 20 4 54 3 0 0 0 24
1471 T 316542 26 316401 44 9 0 9 0 0 53
1472 G 317611 56 50 11 317459 0 0 0 5 30
1473 C 318197 31 50 318066 23 0 0 4 0 23
1474 A 324965 324787 24 6 66 9 0 0 0 73
1475 T 323670 42 323522 40 8 0 5 0 0 53
1476 G 321697 101 93 8 321456 0 0 0 7 32
1477 G 321708 81 46 14 321544 0 0 0 4 19
1478 A 315584 315446 22 2 72 5 0 0 0 37
1479 A 310720 310604 12 11 46 10 0 0 0 37
1480 A 302670 302554 6 5 60 4 0 0 0 41
1481 G 321736 77 29 10 321559 0 0 0 10 51
1482 T 314656 29 314137 55 18 0 3 0 0 414
1483 G 331332 79 71 15 331136 0 0 0 6 25
1484 T 327764 37 327496 48 11 0 18 0 0 154
1485 A 322123 321978 13 22 83 3 0 0 0 24
1486 A 318831 318700 13 12 63 11 0 0 0 32
1487 G 319603 70 36 7 319455 0 0 0 3 32
1488 A 329877 329742 13 2 62 8 0 0 0 50
1489 A 328063 327907 22 6 61 9 0 0 0 58
1490 A 294563 294465 19 15 35 7 0 0 0 22
1491 T 293033 14 292931 45 9 0 11 0 0 23
1492 G 291856 66 103 8 291638 0 0 0 5 36
1493 G 293507 53 51 8 293358 0 0 0 4 33
1494 G 299757 71 35 10 299579 0 0 0 4 58
1495 A 297859 297403 23 13 89 7 0 0 0 324
1496 C 294755 41 33 294634 13 0 0 10 0 24
1497 T 277694 17 277582 59 5 0 10 0 0 21
1498 T 279542 13 279451 63 1 0 9 0 0 5
1499 A 311345 311232 22 3 39 7 0 0 0 42
1500 T 307093 29 306965 47 9 0 11 0 0 32
1501 G 296738 66 60 5 296564 0 0 0 8 35
1502 A 292489 292336 38 6 58 12 0 0 0 39
1503 T 297988 28 297849 48 2 0 11 0 0 50
1504 T 284352 9 284279 37 5 0 3 0 0 19
1505 A 316597 316461 25 6 46 12 0 0 0 47
1506 T 317706 57 317487 84 4 0 4 0 0 70
1507 C 313338 30 57 313213 8 0 0 6 0 24
1508 C 313152 30 40 313015 15 0 0 7 0 45
1509 A 315245 315063 19 48 50 2 0 0 0 63
1510 A 316559 316455 24 9 42 9 0 0 0 20
1511 A 314705 314603 12 14 41 3 0 0 0 32
1512 A 323616 323491 45 8 50 2 0 0 0 20
1513 T 324905 33 324775 46 9 0 2 0 0 40
1514 A 329712 329600 42 5 33 7 0 0 0 25
1515 T 331305 20 331183 56 8 0 15 0 0 23
1516 T 329550 33 329428 39 5 0 9 0 0 36
1517 C 328259 31 44 328123 18 0 0 8 0 35
1518 A 324961 324770 30 12 108 8 0 0 0 33
1519 G 324756 56 51 15 324569 0 0 0 8 57
1520 A 312746 312664 7 2 44 4 0 0 0 25
1521 A 304268 304166 15 5 38 5 0 0 0 39
1522 G 293672 40 37 9 293534 0 0 0 5 47
1523 A 289590 289422 20 1 52 7 0 0 0 88
1524 A 291830 291725 21 2 36 3 0 0 0 43
1525 T 292405 29 292282 38 3 0 3 0 0 50
1526 C 294403 26 36 294302 9 0 0 7 0 23
1527 A 293958 293857 14 7 68 2 0 0 0 10
1528 A 331149 331020 19 6 54 11 0 0 0 39
1529 A 331677 331536 13 8 98 7 0 0 0 15
1530 G 283803 65 40 8 283660 0 0 0 6 24
1531 T 282487 25 282324 36 9 0 7 0 0 86
1532 T 275510 10 275423 37 10 0 6 0 0 24
1533 G 283432 105 97 13 283161 0 1 0 12 43
1534 A 296086 295993 24 2 47 2 0 0 0 18
1535 A 297598 297406 29 14 76 6 0 0 0 67
1536 C 298716 30 50 298569 17 0 0 5 0 45
1537 A 263537 263356 29 20 102 5 0 0 0 25
1538 G 345011 53 116 15 344783 0 0 0 13 31
1539 G 352811 85 91 15 352579 0 0 0 7 34
1540 G 367927 114 40 16 367715 0 0 0 8 34
1541 A 367889 367536 20 5 274 8 0 0 0 46
1542 A 356621 356467 9 20 83 7 0 0 0 35
1543 A 367358 367184 9 10 112 15 0 0 0 28
1544 A 363994 363646 31 14 264 10 0 0 0 29
1545 G 389225 136 77 8 388958 0 0 0 19 27
1546 A 389425 389109 55 8 159 7 0 0 0 87
1547 T 387391 42 387225 66 8 0 8 0 0 42
1548 A 381083 380860 40 11 101 14 0 0 0 57
1549 G 375409 89 81 14 375205 0 0 0 9 11
1550 A 375388 375217 27 5 61 12 0 0 0 66
1551 T 376376 27 376212 49 3 0 6 1 0 78
1552 G 367384 108 56 17 367169 0 0 0 7 27
1553 G 374192 93 58 21 373976 0 0 0 10 34
1554 A 355545 355319 22 4 96 1 0 0 0 103
1555 G 356973 61 35 9 356822 0 0 0 10 36
1556 T 390189 33 389173 67 5 0 3 0 0 908
1557 G 390647 85 48 17 390410 0 0 0 8 79
1558 A 410012 409799 23 2 88 6 0 0 0 94
1559 A 411780 411660 13 11 65 10 0 0 0 21
1560 A 415816 415672 26 16 49 9 0 0 0 44
1561 T 410499 20 410329 70 4 0 10 0 0 66
1562 T 405660 17 405553 50 8 0 3 0 0 29
1563 G 407680 75 138 21 407415 0 0 0 4 27
1564 G 414883 102 60 11 414668 0 0 0 11 31
1565 A 416952 416784 23 21 81 13 0 0 0 30
1566 A 427664 427485 24 12 55 9 0 0 0 79
1567 T 423076 56 422820 82 33 0 9 0 0 76
1568 C 473425 59 62 473208 17 0 0 21 0 58
1569 A 474722 474531 27 44 84 11 0 0 0 25
1570 A 487249 487086 47 10 65 5 0 0 0 36
1571 T 481082 77 480829 67 29 0 24 0 0 56
1572 G 458920 154 299 10 458415 0 0 0 7 35
1573 G 473673 84 154 22 473350 0 0 0 15 48
1574 G 488963 72 132 17 488643 0 0 0 10 89
1575 G 492645 77 129 22 492365 0 0 0 8 44
1576 G 506101 83 96 14 505755 0 0 0 22 131
1577 T 440000 41 438385 57 84 0 6 0 0 1427
1578 G 471740 127 85 11 471401 0 0 0 11 105
1579 T 461163 42 460805 118 18 0 11 0 0 169
1580 A 469850 469672 53 8 68 7 0 0 0 42
1581 T 473087 46 472840 100 6 0 29 0 0 66
1582 C 466848 48 54 466681 18 0 0 13 0 34
1583 A 449950 449666 33 16 148 22 0 0 0 65
1584 G 473744 81 69 7 473534 0 0 0 15 38
1585 A 459586 459420 23 5 68 20 0 0 0 50
1586 T 461126 20 460960 63 8 0 17 0 0 58
1587 T 368395 20 368295 47 9 0 8 0 0 16
1588 C 363624 26 36 363513 10 0 0 8 0 31
1589 T 351970 21 351831 65 12 0 9 0 0 32
1590 G 357295 46 35 12 357167 0 0 0 10 25
1591 G 356775 30 24 7 356671 0 0 0 8 35
1592 C 339421 29 111 339189 30 0 0 6 0 56
1593 G 331556 56 42 11 331397 0 0 0 6 44
1594 A 398437 398262 34 7 46 4 0 0 0 84
1595 T 401808 16 401615 64 62 0 4 0 0 47
1596 C 487089 48 56 486857 7 0 0 24 0 97
1597 T 485426 38 485124 154 65 0 14 0 0 31
1598 A 542092 541521 37 15 62 25 0 0 0 432
1599 C 547164 44 84 546951 13 0 0 43 0 29
1600 T 547217 65 546909 150 12 0 6 0 0 75
1601 C 556200 60 71 555968 23 0 0 30 0 48
1602 A 537992 537775 24 14 105 8 0 0 0 66
1603 A 567358 567009 37 17 126 37 0 0 0 132
1604 C 562047 42 71 561803 10 0 0 17 0 104
1605 T 532521 26 532287 153 21 0 4 0 0 30
1606 G 538836 133 134 17 538451 0 0 0 22 79
1607 T 511082 63 510724 86 7 0 8 0 0 194
1608 C 512689 28 87 512480 16 0 0 10 0 68
1609 G 543887 146 65 32 543574 0 0 0 7 63
1610 C 545000 39 48 544863 13 0 0 9 0 28
1611 C 561879 45 100 561608 22 0 0 22 0 82
1612 A 533386 533103 33 19 100 1 0 0 0 130
1613 G 546415 66 68 20 546176 0 0 0 24 61
1614 T 545092 39 544712 84 14 0 9 0 0 234
1615 T 533328 29 533153 87 8 0 6 0 0 45
1616 C 542556 49 103 542320 25 0 0 15 0 44
1617 A 505369 504951 60 18 84 8 0 0 0 248
1618 C 507213 21 53 507073 10 0 0 16 0 40
1619 T 498820 22 498646 92 10 0 10 0 0 40
1620 G 501026 70 65 20 500831 0 0 0 15 25
1621 G 543081 89 62 23 542847 0 0 0 24 36
1622 T 520670 69 519415 66 55 0 4 0 0 1061
1623 G 521053 126 114 20 520742 0 0 0 18 33
1624 C 535483 47 118 535016 147 0 0 18 0 137
1625 T 523612 16 523239 305 16 0 15 0 0 21
1626 T 526198 17 525954 88 11 0 6 0 0 122
1627 T 472197 13 471709 446 6 0 8 0 0 15
1628 T 470928 33 470616 81 154 0 11 0 0 33
1629 G 461682 79 133 21 461379 0 0 0 6 64
1630 G 479707 119 131 17 479391 0 0 0 10 39
1631 T 476654 43 476122 140 24 0 4 0 0 321
1632 C 481373 69 91 481138 19 0 0 6 0 50
1633 T 453654 26 453158 327 31 0 4 0 0 108
1634 C 561790 50 96 561496 21 0 0 33 0 94
1635 C 600116 59 58 599918 37 0 0 19 0 25
1636 C 599365 81 152 599068 20 0 0 16 0 28
1637 T 595056 38 594492 339 110 0 37 0 0 40
1638 G 593610 119 271 32 593148 0 0 0 15 25
1639 G 585790 64 102 21 585518 0 0 0 28 57
1640 G 628450 54 114 16 628231 0 0 0 10 25
1641 G 627428 63 52 23 627148 0 0 0 24 118
1642 G 621079 141 69 252 620486 0 0 0 49 82
1643 C 480206 58 84 479874 121 0 0 8 0 61
1644 A 476221 475996 72 19 75 4 0 0 0 55
1645 A 510496 510272 62 9 83 8 0 0 0 62
1646 T 511197 41 510980 111 4 0 7 0 0 54
1647 C 509378 40 54 509218 20 0 0 9 0 37
1648 A 506658 506414 18 13 139 14 0 0 0 60
1649 G 550854 97 81 13 550608 0 0 0 17 38
1650 T 545328 36 544986 88 22 0 12 0 0 184
1651 T 558969 34 558773 100 18 0 12 0 0 32
1652 T 546993 25 546805 72 3 0 14 0 0 74
1653 C 549544 32 66 549386 19 0 0 7 0 34
1654 T 548792 23 548505 148 55 0 20 0 0 41
1655 G 543255 118 96 26 542938 0 0 0 22 55
1656 G 546201 84 83 14 545973 0 0 0 19 28
1657 A 540050 539682 54 9 130 14 0 0 0 161
1658 T 517766 32 517590 68 20 0 10 0 0 46
1659 G 521580 103 65 12 521368 0 0 0 11 21
1660 T 509467 48 508925 69 46 0 14 0 0 365
1661 G 553278 106 83 16 552978 0 0 0 18 77
1662 T 535237 48 534779 102 19 0 10 0 0 279
1663 T 536057 29 535890 74 6 0 10 0 0 48
1664 C 538700 48 63 538426 40 0 0 18 0 105
1665 T 531991 41 531743 109 8 0 1 0 0 89
1666 A 532128 531956 12 6 92 27 0 0 0 35
1667 A 527951 527768 42 8 58 18 0 0 0 57
1668 T 523003 36 522802 73 48 0 13 0 0 31
1669 G 519588 90 83 15 519345 0 0 0 17 38
1670 G 466544 44 48 32 466345 0 0 0 10 65
1671 G 465245 83 54 18 465056 0 0 0 11 23
1672 T 458516 42 457771 68 27 0 8 0 0 600
1673 C 438784 35 58 438610 12 0 0 31 0 38
1674 T 430108 20 429921 121 15 0 4 0 0 27
1675 T 447921 23 447730 99 11 0 17 0 0 41
1676 T 448880 15 448693 70 63 0 12 0 0 27
1677 G 448946 104 115 71 448590 0 0 0 10 56
1678 C 444659 63 177 444297 45 0 0 27 0 50
1679 A 398438 398187 16 12 140 10 0 0 0 73
1680 G 428079 104 55 11 427817 0 0 0 23 69
1681 T 401592 38 401241 60 12 0 3 0 0 238
1682 G 444032 146 64 18 443743 0 0 0 14 47
1683 C 304812 36 54 304649 18 0 0 8 0 47
1684 A 303918 303772 14 7 84 0 0 0 0 41
1685 G 352225 59 52 22 352006 0 0 0 32 54
1686 A 351866 351771 16 3 49 6 0 0 0 21
1687 A 373233 373070 27 3 72 15 0 0 0 46
1688 T 372873 26 372697 56 6 0 19 0 0 69
1689 A 359550 359362 40 11 72 2 0 0 0 63
1690 T 363512 21 363359 74 3 0 15 0 0 40
1691 G 357483 104 60 16 357255 0 0 0 8 40
1692 C 360453 35 75 360275 22 0 0 11 0 35
1693 A 358963 358763 19 9 64 8 0 0 0 100
1694 T 325687 21 325536 52 3 0 7 0 0 68
1695 C 325121 19 26 325021 6 0 0 11 0 38