# amino-acid counts among definitively called codons
# POSITION TOTAL_COUNTS WT N_A N_C N_D N_E N_F N_G N_H N_I N_K N_L N_M N_N N_P N_Q N_R N_S N_T N_V N_W N_Y N_STOP
1 250890 M 0 0 0 0 0 0 0 113 10 16 250689 1 0 0 4 0 36 21 0 0 0
2 253197 K 0 0 0 41 0 1 0 0 252994 0 21 69 0 0 41 2 7 0 0 0 21
3 262929 A 262730 0 0 27 0 28 0 0 2 1 0 0 8 6 0 65 33 29 0 0 0
4 275819 K 1 0 0 30 0 0 0 8 275719 0 0 27 0 5 18 0 3 0 0 0 8
5 287555 L 0 0 0 0 0 0 3 11 1 287459 1 0 58 10 1 0 1 7 0 3 0
6 311509 L 0 0 0 0 0 1 0 2 0 311376 32 1 53 30 6 2 0 6 0 0 0
7 370138 V 64 0 34 0 98 3 0 70 0 13 0 0 0 1 0 6 1 369847 0 1 0
8 467981 L 1 6 0 0 0 0 0 1 0 467651 38 0 216 24 28 3 0 13 0 0 0
9 599927 L 0 11 0 1 51 0 0 45 0 599670 0 0 5 1 0 71 0 38 0 12 22
10 549367 Y 0 499 5 0 34 0 140 1 1 2 6 42 0 1 0 4 0 0 1 548573 58
11 490850 A 490296 4 0 37 0 22 0 3 0 1 3 0 16 1 0 263 125 78 0 0 1
12 509632 F 0 8 0 0 509307 0 3 47 0 111 0 0 8 0 0 100 0 12 0 36 0
13 510555 V 120 0 0 45 0 5 0 52 0 158 0 0 1 0 0 3 0 510169 0 0 2
14 506981 A 506697 0 43 0 0 18 0 0 0 0 0 0 14 0 0 127 46 35 0 0 1
15 508943 T 68 0 0 0 0 0 0 53 27 1 0 0 2 1 18 58 508715 0 0 0 0
16 511117 D 2 0 510804 53 0 55 15 0 0 0 0 37 0 0 0 0 0 41 0 110 0
17 515644 A 515249 1 0 45 0 37 0 0 0 0 12 0 12 0 0 130 86 71 0 0 1
18 518291 D 5 0 517872 60 0 60 23 0 0 0 1 59 0 1 0 1 1 40 0 168 0
19 501907 T 71 0 2 0 0 0 3 50 28 3 0 22 7 5 17 41 501656 0 0 1 1
20 611194 I 1 0 0 0 1 0 0 610645 43 42 156 2 1 17 50 0 142 91 0 2 1
21 646033 C 0 645182 1 2 336 48 2 1 3 3 0 1 0 4 102 78 0 0 11 192 67
22 668773 I 0 1 1 0 0 0 0 668221 87 55 149 1 0 3 9 1 114 125 2 3 1
23 568192 G 26 226 78 0 0 567652 0 1 1 3 1 0 0 0 16 64 0 123 0 1 0
24 539366 Y 0 64 6 1 50 0 132 0 0 2 0 12 0 0 0 10 1 1 0 539015 72
25 540750 H 0 0 21 0 1 1 540471 0 0 29 0 38 24 30 66 0 0 0 0 69 0
26 540013 A 539603 0 2 46 0 44 0 0 0 0 0 0 20 0 0 103 98 96 0 1 0
27 578034 N 0 0 67 2 0 0 3 39 38 0 0 577762 0 1 2 76 7 0 0 37 0
28 583704 N 0 0 52 0 0 1 5 52 41 0 0 583455 0 1 0 67 5 0 0 25 0
29 592318 S 6 1 1 0 0 0 1 0 1 55 0 0 115 1 1 592033 41 0 0 0 62
30 597697 T 72 0 0 0 0 1 0 70 1 1 0 81 8 0 0 43 597418 0 2 0 0
31 597377 D 7 0 596732 73 0 80 19 0 1 0 0 220 3 0 1 0 3 52 0 186 0
32 557122 T 73 0 2 0 1 1 0 55 12 0 0 43 3 0 2 62 556866 0 0 2 0
33 739958 V 114 7 59 1 199 7 0 143 1 27 0 0 0 1 0 3 48 739347 0 0 1
34 716933 D 15 2 715960 94 0 210 24 7 0 9 2 152 0 0 1 78 8 73 0 294 4
35 538985 T 86 0 1 0 0 1 4 67 35 2 1 15 13 11 12 79 538657 0 0 0 1
36 526459 I 0 23 0 1 0 0 0 526068 34 40 89 5 0 12 8 1 109 66 0 3 0
37 485222 L 0 0 0 1 40 3 39 32 0 485022 1 0 60 0 6 3 6 9 0 0 0
38 489549 E 8 0 181 488925 0 68 0 0 140 0 1 0 0 23 3 1 2 37 1 0 159
39 478804 K 0 0 0 59 0 0 0 0 478463 0 25 165 0 3 72 0 5 0 0 0 12
40 480817 N 0 1 63 1 0 0 0 20 54 0 1 480561 0 0 0 74 17 0 1 24 0
41 475527 V 59 1 1 51 1 11 0 0 3 142 61 0 0 2 0 0 0 475194 0 0 1
42 482481 A 482104 0 0 45 0 35 0 1 0 1 0 1 15 3 0 86 75 113 2 0 0
43 482670 V 69 1 2 43 1 6 0 0 0 93 67 1 0 2 0 1 0 482384 0 0 0
44 469991 T 77 0 0 0 0 0 0 72 20 0 0 0 14 1 17 32 469755 0 0 0 3
45 466948 H 0 0 12 0 5 2 466704 4 0 32 4 30 6 34 52 1 1 0 0 59 2
46 413129 S 38 16 0 0 41 0 1 1 1 13 1 1 49 0 0 412885 41 1 0 39 1
47 482207 V 96 8 41 2 106 5 0 128 0 12 1 0 0 1 1 2 0 481802 0 0 2
48 396164 N 0 0 82 0 0 1 2 26 30 1 0 395941 0 0 2 46 8 0 0 25 0
49 284734 L 0 1 0 0 0 1 0 0 0 284612 30 0 60 17 3 0 0 6 4 0 0
50 377487 L 5 0 0 0 35 0 19 29 1 377325 1 0 50 1 1 3 1 16 0 0 0
51 370364 E 1 0 17 370078 1 43 0 1 78 3 0 0 0 9 3 0 0 11 0 0 119
52 399069 D 3 0 398704 55 0 67 14 0 2 1 0 78 0 0 0 1 1 20 0 123 0
53 417622 S 0 20 0 0 0 84 0 134 0 1 0 88 0 2 72 417205 16 0 0 0 0
54 430591 H 5 0 14 1 0 0 430368 0 0 28 0 27 6 39 47 0 1 0 0 55 0
55 440362 N 2 0 86 0 1 0 12 29 44 0 3 440079 0 5 3 66 13 0 0 19 0
56 442168 G 20 2 0 61 0 441788 0 0 0 0 0 0 0 0 122 0 0 67 108 0 0
57 442222 K 3 0 1 95 0 1 0 32 441917 0 0 82 0 2 69 0 5 1 0 0 14
58 383248 L 0 0 0 1 0 0 0 28 0 383090 2 1 78 25 5 0 1 10 2 4 1
59 406626 C 0 406182 0 0 183 3 1 1 3 8 6 0 0 1 46 41 1 1 1 94 54
60 369201 K 0 0 0 78 0 2 0 18 368960 5 2 61 2 2 50 1 9 0 0 0 11
61 348347 L 0 2 0 0 82 0 1 49 2 348110 0 0 1 0 2 60 0 10 0 0 28
62 261941 K 0 1 0 28 0 0 0 9 261829 1 0 29 0 2 31 0 2 0 0 1 8
63 268036 G 10 0 0 60 0 267700 0 0 0 0 0 0 0 1 69 0 0 81 1 0 114
64 283366 I 0 0 0 0 1 0 0 283148 33 14 66 7 0 1 1 0 46 44 0 1 4
65 341638 A 341355 0 32 0 0 7 1 0 0 1 0 0 19 0 0 121 55 46 0 0 1
66 295594 P 24 0 0 0 0 0 2 0 0 27 0 0 295435 24 9 25 48 0 0 0 0
67 344781 L 0 1 1 0 0 0 7 27 0 344597 1 0 106 17 9 0 3 8 3 0 1
68 353482 Q 1 0 0 21 0 0 38 1 27 18 0 7 5 353276 43 1 1 1 0 0 42
69 329655 L 0 7 0 0 76 1 0 11 1 329456 15 0 0 0 1 54 0 4 11 0 18
70 325738 G 20 0 1 40 0 325491 0 0 1 1 0 0 0 3 40 1 0 57 83 0 0
71 302721 K 0 0 0 97 0 1 0 11 302492 0 0 42 0 5 53 0 0 0 0 0 20
72 338598 C 0 338280 0 0 123 2 0 0 0 1 5 0 0 0 43 39 1 2 3 63 36
73 345479 N 0 0 80 0 0 0 0 23 36 1 1 345267 0 0 1 56 6 0 0 8 0
74 329300 I 1 0 0 0 17 0 0 329141 3 1 12 22 0 0 0 1 49 50 3 0 0
75 359990 T 47 0 0 0 0 1 1 38 1 0 0 17 9 1 0 30 359844 1 0 0 0
76 373248 G 13 0 1 67 0 372854 0 2 0 0 0 0 0 0 121 0 0 93 0 0 97
77 356909 W 1 64 0 0 0 12 0 0 0 73 0 0 0 0 57 10 0 0 356557 0 135
78 406957 L 8 1 0 0 35 0 34 30 0 406740 0 0 74 0 6 3 0 24 0 2 0
79 354815 L 0 0 0 1 130 1 0 1 1 354568 16 1 0 1 0 69 1 5 8 0 12
80 323647 G 8 0 0 61 0 323376 0 0 1 0 0 0 0 0 77 1 0 47 0 1 75
81 432924 N 0 0 75 0 0 0 5 32 55 2 0 432675 0 1 0 56 8 0 0 15 0
82 467937 P 9 0 0 0 0 1 0 0 0 70 0 1 467705 47 8 50 45 1 0 0 0
83 478397 E 2 0 32 478039 1 69 0 0 95 1 0 1 0 10 3 1 0 18 0 0 125
84 492498 C 0 492087 0 0 112 4 0 1 0 0 0 0 1 2 54 48 0 0 28 108 53
85 504167 D 8 0 503646 52 1 69 19 0 0 0 0 170 0 0 0 0 1 43 0 157 1
86 498185 S 3 0 0 1 0 0 0 0 0 52 0 0 80 0 0 497949 41 0 0 0 59
87 500095 L 0 0 0 0 0 1 0 0 0 499923 27 0 83 40 8 0 1 11 0 0 1
88 468996 L 1 1 1 0 45 0 13 36 0 468787 0 0 85 0 16 0 0 11 0 0 0
89 454616 P 18 0 0 0 1 0 1 1 0 92 1 0 454350 41 12 53 44 1 0 0 1
90 402174 A 401827 1 2 38 0 16 0 0 0 0 0 0 13 0 0 113 44 120 0 0 0
91 377628 R 0 0 1 1 1 55 0 75 60 2 0 0 0 0 377389 26 7 0 0 0 11
92 368092 S 4 1 2 0 0 0 0 2 0 43 0 0 50 0 0 367935 14 0 0 0 41
93 371907 W 0 90 0 0 0 7 0 0 0 126 3 0 0 0 98 6 0 0 371447 0 130
94 349331 S 5 10 0 0 35 0 0 0 0 1 0 0 53 0 1 349154 36 0 0 29 7
95 454200 Y 0 73 22 4 31 0 137 0 0 1 2 31 1 0 0 5 1 0 0 453840 52
96 430656 I 0 2 0 0 27 0 2 430480 0 6 7 22 0 2 0 3 48 57 0 0 0
97 458359 V 63 5 0 44 0 5 0 77 0 154 0 0 1 0 2 1 1 458005 0 0 1
98 450980 E 8 0 24 450598 0 63 0 0 78 0 0 0 0 19 9 0 0 28 0 0 153
99 480319 T 52 0 0 0 0 0 3 60 29 1 0 1 30 0 23 27 480093 0 0 0 0
100 486178 P 13 0 0 0 0 0 1 0 1 51 0 0 485944 75 12 45 36 0 0 0 0
101 499344 N 0 0 55 0 0 0 6 20 41 0 0 499115 0 0 0 70 31 0 0 6 0
102 515544 S 5 9 0 0 41 0 0 0 0 1 0 0 74 0 0 515362 9 0 0 43 0
103 527790 E 6 1 154 527220 0 135 1 0 94 0 0 0 1 14 2 0 0 41 0 0 121
104 532107 N 0 0 91 2 0 0 3 33 53 0 1 531786 0 4 1 80 18 0 0 35 0
105 540820 G 23 0 0 89 1 540301 0 1 0 0 1 0 0 1 111 1 0 103 2 0 186
106 533148 A 532726 2 0 61 0 35 0 0 0 0 1 0 20 0 2 118 104 79 0 0 0
107 542903 C 0 542396 0 0 172 4 0 1 1 0 2 0 0 0 70 45 1 0 7 151 53
108 515491 Y 0 84 13 0 28 1 90 15 0 7 0 8 0 0 0 9 0 0 0 515194 42
109 466927 P 20 0 0 0 1 1 0 1 0 68 0 0 466681 51 22 49 33 0 0 0 0
110 353079 G 4 2 3 34 0 352805 0 0 1 0 0 0 1 1 67 0 0 64 0 0 97
111 347950 D 1 1 347681 17 0 53 2 0 0 1 0 74 0 0 0 0 0 18 0 102 0
112 415658 L 0 0 0 0 40 0 27 34 0 415457 0 0 88 0 2 1 0 9 0 0 0
113 420185 I 0 0 2 0 32 0 1 419917 0 8 18 47 0 2 0 7 83 68 0 0 0
114 445892 D 4 2 445323 30 1 61 17 0 1 1 0 211 0 0 0 1 0 50 0 189 1
115 466149 Y 0 57 15 0 40 0 99 1 0 2 0 13 0 1 0 3 0 0 0 465880 38
116 502589 E 8 0 201 501979 0 138 1 0 87 1 4 0 1 21 2 0 0 33 2 1 110
117 481165 E 1 0 42 480844 0 64 0 0 64 0 0 2 0 7 2 0 0 31 0 0 108
118 455526 L 0 0 0 0 0 0 0 0 0 455384 26 0 77 16 4 0 6 13 0 0 0
119 446047 R 0 0 0 5 0 94 0 0 60 0 84 0 0 0 445688 73 11 0 32 0 0
120 421377 E 2 0 47 421024 0 100 0 0 122 0 0 0 0 12 0 6 0 16 0 0 48
121 395607 Q 0 0 0 25 0 0 24 0 43 25 0 1 3 395304 63 0 0 0 0 0 119
122 393659 L 0 0 0 0 116 0 0 0 0 393421 25 0 0 0 1 63 0 2 2 0 29
123 325535 S 3 22 0 0 0 65 0 44 0 3 0 34 0 0 42 325310 12 0 0 0 0
124 250031 S 4 1 0 0 0 0 0 0 0 22 0 0 28 0 0 249939 9 0 1 0 27
125 319571 V 54 1 0 31 1 6 0 75 0 57 0 0 0 1 0 0 1 319343 0 1 0
126 323964 S 5 0 0 1 0 0 0 1 0 38 0 0 58 1 0 323779 32 0 0 0 49
127 312699 S 5 2 0 0 0 0 0 0 0 37 0 0 51 0 0 312547 31 0 0 0 26
128 310655 L 0 0 0 0 20 0 2 14 0 310546 0 0 2 0 0 52 0 6 0 0 13
129 361480 E 2 0 21 361130 0 66 0 0 77 0 0 1 0 12 1 0 0 18 0 0 152
130 342200 R 0 1 0 0 0 62 0 93 53 1 0 0 0 1 341947 16 6 0 0 0 20
131 367178 F 0 3 0 0 367000 0 0 10 0 93 0 0 0 0 0 44 0 5 0 23 0
132 384385 E 1 0 19 384079 0 36 0 0 88 0 0 0 0 17 1 0 0 31 0 0 113
133 385340 I 0 0 0 0 0 0 0 385144 20 35 40 2 0 0 2 0 53 44 0 0 0
134 399151 F 0 3 0 0 398947 0 0 22 0 84 0 0 0 0 0 72 0 3 0 20 0
135 401957 P 19 0 0 0 0 0 31 0 0 31 0 0 401772 0 16 54 34 0 0 0 0
136 395728 K 0 0 0 57 0 0 0 0 395312 0 17 239 1 10 65 0 6 0 0 1 20
137 420820 E 8 0 24 420442 0 108 0 0 70 0 0 0 0 9 1 0 1 46 0 0 111
138 397933 S 0 10 1 0 0 151 0 138 1 0 0 98 0 1 53 397461 7 12 0 0 0
139 398713 S 6 0 0 0 11 0 1 0 0 48 1 0 61 0 0 398513 30 0 0 1 41
140 366201 W 1 90 0 0 0 3 0 0 0 106 15 0 1 0 106 7 0 1 365713 2 156
141 293962 P 48 1 0 0 0 0 25 0 0 39 0 0 293755 0 12 50 32 0 0 0 0
142 293528 N 0 0 53 0 0 0 8 17 19 0 1 293366 0 2 0 37 8 0 0 17 0
143 269380 H 0 0 12 0 0 1 269217 1 0 30 0 26 6 13 30 1 7 0 0 36 0
144 262519 T 51 0 0 0 0 0 2 38 12 0 0 1 3 1 7 24 262379 0 0 1 0
145 262930 F 0 1 0 0 262793 0 0 11 0 69 0 0 0 1 0 45 0 4 0 6 0
146 255340 N 0 0 50 0 0 0 1 8 25 1 0 255212 0 0 0 29 2 0 0 12 0
147 239807 G 8 0 0 29 0 239587 0 0 0 1 0 0 0 1 75 0 0 54 0 0 52
148 243277 V 35 0 0 16 0 2 0 29 0 49 0 0 0 1 0 2 1 243142 0 0 0
149 245780 T 32 0 0 0 0 0 0 40 22 0 0 0 2 4 7 19 245653 0 0 0 1
150 239800 V 53 0 0 22 1 1 0 64 0 78 0 0 0 1 0 0 0 239579 0 1 0
151 257709 S 3 0 0 0 0 0 0 0 0 28 0 0 42 1 0 257582 16 0 0 1 36
152 239776 C 0 239548 0 0 50 2 0 0 0 11 0 0 1 0 45 33 1 1 12 44 28
153 223263 S 5 7 0 0 42 1 0 0 0 6 0 0 69 0 0 223110 7 0 0 16 0
154 230008 H 0 0 3 0 0 0 229824 27 0 16 0 35 23 16 36 0 1 0 0 26 1
155 243978 R 0 0 0 0 0 134 0 3 63 2 111 0 0 0 243500 97 4 0 19 0 45
156 252867 G 6 0 0 141 0 252574 0 1 1 0 0 0 0 0 52 0 0 55 0 0 37
157 270183 K 0 0 0 65 0 0 0 12 270032 0 0 17 0 4 36 0 3 1 0 0 13
158 282553 S 12 5 0 0 0 141 0 56 29 0 0 69 0 0 33 282203 5 0 0 0 0
159 294508 S 0 15 0 0 0 53 0 59 0 0 0 41 0 17 61 294250 3 9 0 0 0
160 323737 F 0 3 0 0 323602 1 0 18 0 54 0 0 8 0 0 39 0 5 0 7 0
161 338329 Y 1 52 0 0 40 0 55 0 0 7 0 6 0 2 0 4 25 0 0 338097 40
162 328992 R 0 1 0 4 0 107 0 101 62 0 0 0 0 1 328674 13 8 0 0 0 21
163 326163 N 0 0 50 1 0 0 6 17 24 0 0 325999 0 0 0 50 9 0 0 7 0
164 312984 L 0 4 0 0 95 0 0 1 0 312803 13 0 1 0 3 43 0 3 4 0 14
165 293730 L 0 0 0 0 0 0 1 21 0 293629 1 0 53 7 3 0 0 14 0 0 1
166 274463 W 0 56 0 0 0 4 1 0 0 49 3 0 0 0 70 4 2 0 273935 0 339
167 261617 L 1 0 0 0 0 0 0 0 0 261501 29 0 49 16 6 0 0 15 0 0 0
168 268030 T 56 0 0 0 0 0 0 0 25 1 86 0 3 3 20 20 267816 0 0 0 0
169 212405 K 0 0 0 34 0 0 0 0 212190 0 10 99 0 3 51 0 7 0 0 0 11
170 221305 K 0 0 0 73 0 1 0 0 221062 0 15 88 0 3 45 0 6 0 0 0 12
171 233891 G 4 0 1 33 0 233634 0 0 1 0 1 0 0 1 40 0 0 106 70 0 0
172 223796 D 5 0 223602 22 0 42 11 2 0 0 0 71 0 0 0 0 0 18 0 23 0
173 249333 S 0 0 1 1 5 0 0 0 0 41 0 0 38 0 0 249202 19 0 0 1 25
174 253084 Y 0 40 7 0 15 0 49 5 1 0 0 15 1 0 0 4 1 0 0 252921 25
175 242728 P 7 0 0 0 0 0 0 0 0 24 0 0 242606 44 2 20 25 0 0 0 0
176 310708 K 0 0 0 38 0 0 0 0 310471 0 4 62 0 5 99 7 10 0 0 0 12
177 303282 L 1 0 0 0 0 0 1 0 0 303187 23 0 47 11 5 0 0 7 0 0 0
178 363442 T 68 0 1 1 0 0 0 43 0 0 0 26 4 0 0 47 363251 1 0 0 0
179 399973 N 0 0 78 0 1 1 7 23 23 2 0 399746 0 1 0 58 9 1 0 23 0
180 453740 S 12 11 0 0 57 1 0 0 0 0 0 0 81 0 0 453514 31 0 0 33 0
181 465223 Y 0 45 3 0 27 0 124 0 0 1 0 15 2 0 0 4 0 0 0 464963 39
182 455207 V 84 2 0 60 0 7 0 0 1 124 126 0 0 0 0 0 0 454803 0 0 0
183 460507 N 0 0 78 3 0 0 5 44 43 0 0 460226 0 0 0 74 4 0 0 29 1
184 462651 N 0 0 61 0 0 0 6 30 59 0 0 462396 0 18 0 57 5 0 0 19 0
185 448199 K 0 0 0 75 0 1 0 26 447959 1 0 37 0 4 47 0 5 0 0 0 44
186 474750 G 15 0 1 86 0 474267 0 0 0 0 0 1 0 0 99 0 1 96 184 0 0
187 477283 K 0 1 0 121 0 1 0 20 476981 1 0 36 0 2 85 1 5 0 0 0 29
188 453829 E 5 0 28 453492 0 67 0 0 72 0 0 0 0 13 0 0 2 18 1 0 131
189 419231 V 72 1 20 0 109 4 0 102 0 15 0 0 0 0 0 0 0 418908 0 0 0
190 400665 L 0 0 1 0 30 0 23 41 0 400446 0 0 100 4 5 1 0 14 0 0 0
191 442341 V 72 0 2 47 0 3 0 108 0 145 0 0 0 0 14 1 0 441944 0 4 1
192 436008 L 0 0 0 0 0 0 1 30 0 435848 1 0 76 24 5 0 5 11 0 5 2
193 447879 W 0 107 0 0 0 16 0 0 0 103 7 0 0 0 58 9 1 0 447462 4 112
194 475366 G 12 64 62 0 0 475083 0 0 0 3 0 0 0 5 11 58 1 67 0 0 0
195 512284 V 108 4 20 0 100 5 0 97 0 19 0 0 0 1 0 0 0 511930 0 0 0
196 531539 H 0 0 27 0 0 0 531202 2 0 36 0 35 6 53 84 3 0 0 0 91 0
197 523235 H 0 0 16 0 0 0 522937 0 0 31 0 35 9 48 81 3 1 0 0 74 0
198 507730 P 12 0 0 0 0 0 0 0 0 76 0 0 507460 65 20 56 41 0 0 0 0
199 532177 S 3 20 0 0 49 0 0 0 0 0 0 0 102 0 0 531925 41 1 0 36 0
200 547071 S 1 17 0 0 1 82 0 134 0 0 0 102 0 0 66 546649 19 0 0 0 0
201 488271 S 0 38 1 0 0 90 0 60 0 0 0 70 0 2 63 487933 13 1 0 0 0
202 543746 D 4 2 543316 60 0 95 19 0 0 0 1 118 0 2 3 1 0 39 0 80 6
203 591672 E 9 0 166 591032 0 142 0 0 125 1 0 0 0 21 2 2 0 34 0 0 138
204 585652 Q 1 0 1 36 0 0 76 1 47 50 1 2 11 585242 94 0 0 1 0 0 89
205 530585 Q 0 0 0 17 0 0 139 0 36 48 1 0 8 530149 142 1 0 1 0 1 42
206 488076 S 0 34 0 0 0 78 0 91 0 3 0 85 0 1 52 487719 10 2 0 0 1
207 448154 L 0 0 0 0 45 0 16 32 0 447981 0 0 51 2 7 3 0 17 0 0 0
208 434621 Y 0 56 6 0 32 0 75 0 2 0 0 38 0 0 0 6 0 0 0 434355 51
209 409484 S 0 10 0 0 0 76 1 85 1 1 0 75 0 0 47 409178 7 0 0 2 1
210 341638 N 0 0 47 0 0 0 3 31 20 7 1 341477 0 0 1 38 1 0 0 10 2
211 331716 G 20 1 0 61 0 331375 0 0 3 0 0 0 0 0 76 0 0 92 5 0 83
212 343833 N 0 0 68 0 0 0 6 14 31 0 1 343635 0 1 0 51 7 0 0 19 0
213 357697 A 357413 0 32 0 0 18 0 0 0 2 0 0 12 0 1 86 108 25 0 0 0
214 358852 Y 0 35 3 0 12 0 90 0 0 4 2 7 0 1 0 4 0 0 0 358656 38
215 280033 V 44 0 21 0 54 3 0 52 0 7 2 0 0 1 0 0 0 279849 0 0 0
216 298009 S 9 9 0 0 33 0 0 0 0 1 0 0 52 0 0 297858 20 0 0 27 0
217 302900 V 46 0 0 25 0 3 0 51 0 75 0 2 0 0 1 1 0 302693 0 1 2
218 271056 A 270827 0 0 30 1 13 0 0 0 0 0 0 5 1 0 61 36 82 0 0 0
219 243528 S 2 3 0 0 30 0 0 0 0 1 0 0 29 0 0 243436 13 0 0 13 1
220 247747 S 3 0 0 0 1 0 0 0 0 58 0 0 57 3 0 247572 22 0 0 0 31
221 292176 N 0 0 51 0 0 0 6 16 15 0 0 292036 0 2 0 35 4 0 0 11 0
222 307983 Y 0 55 7 0 14 0 38 12 0 2 0 8 0 0 0 6 0 0 0 307806 35
223 290607 N 0 0 51 0 0 1 6 33 33 1 0 290420 0 1 1 43 8 0 0 9 0
224 281829 R 0 1 0 0 0 47 0 0 55 0 90 1 0 2 281541 59 10 0 23 0 0
225 303189 R 0 0 0 0 0 79 0 63 79 0 0 0 0 0 302923 19 7 0 0 0 19
226 320831 F 0 2 0 0 320604 0 1 22 0 113 0 0 1 0 0 50 0 4 0 34 0
227 346561 T 100 0 2 0 0 0 5 47 0 1 0 28 5 0 1 20 346352 0 0 0 0
228 354968 P 15 1 0 0 0 2 0 0 1 72 0 0 354670 54 65 38 50 0 0 0 0
229 355366 E 7 0 21 355076 0 72 0 0 66 0 0 0 0 10 5 0 0 20 0 0 89
230 345611 I 0 0 0 3 0 0 0 345309 46 23 83 5 0 0 1 10 57 60 0 0 14
231 318668 A 318343 0 31 2 0 18 1 0 0 1 0 0 12 0 0 122 96 41 1 0 0
232 291173 A 290902 0 1 24 1 11 0 0 1 1 0 0 23 0 0 51 128 28 0 1 1
233 322328 R 0 0 0 0 0 79 0 1 50 0 65 0 0 0 322071 34 10 0 17 1 0
234 370018 P 53 0 0 0 0 1 30 1 0 50 0 0 369802 0 7 47 27 0 0 0 0
235 373345 K 0 0 0 68 0 0 0 27 373115 1 0 25 1 38 48 0 4 0 0 1 17
236 403722 V 70 0 0 20 0 2 0 99 0 125 0 0 0 0 1 10 3 403387 0 0 5
237 384139 R 0 0 1 3 0 70 0 231 88 4 1 0 0 0 383681 25 10 1 0 0 24
238 374738 D 1 0 374448 37 0 63 7 1 0 1 0 55 0 0 0 1 1 30 0 93 0
239 377862 Q 0 0 0 16 0 0 32 1 18 13 1 1 3 377657 78 2 2 0 0 0 38
240 377346 H 0 1 4 1 0 0 377142 1 1 24 0 25 11 45 51 0 5 0 0 35 0
241 348724 G 15 0 0 66 0 348406 0 0 0 0 1 0 0 0 77 0 0 62 97 0 0
242 347642 R 0 0 0 1 0 97 0 0 66 1 81 0 0 1 347274 91 12 0 18 0 0
243 346061 M 0 0 2 0 0 0 0 190 28 22 345712 0 2 2 4 0 47 51 0 0 1
244 376526 N 1 0 65 1 0 1 5 33 32 0 1 376274 0 0 1 65 7 0 0 40 0
245 371514 Y 0 43 9 0 22 1 88 1 1 6 0 10 1 0 0 10 0 0 0 371268 54
246 409500 Y 0 62 3 0 43 0 87 2 0 4 0 20 1 0 0 2 2 0 1 409226 47
247 369788 W 0 46 0 0 0 10 1 1 0 54 0 0 0 0 130 16 0 0 369425 0 105
248 345710 T 77 0 1 0 0 0 0 70 0 1 0 18 6 0 1 20 345516 0 0 0 0
249 354135 L 0 2 0 0 63 0 0 0 0 353938 20 0 1 0 1 73 0 9 4 0 24
250 366339 L 4 2 0 0 0 0 0 39 0 366184 0 0 59 15 2 0 0 31 0 0 3
251 398115 E 8 0 20 397797 0 54 0 0 95 3 0 3 0 11 4 0 4 7 0 0 109
252 385686 P 10 0 1 0 0 0 20 0 0 30 0 0 385542 0 10 44 29 0 0 0 0
253 397510 G 16 1 0 50 0 397209 0 0 0 0 0 0 1 0 123 0 0 46 0 0 64
254 390994 D 4 1 390731 44 0 62 19 0 0 0 0 53 0 0 0 2 0 32 0 46 0
255 419468 T 90 0 1 0 0 0 2 58 29 2 0 20 4 6 19 48 419189 0 0 0 0
256 455127 I 0 0 0 0 0 0 0 454803 31 60 61 27 0 5 4 0 73 62 0 0 1
257 473863 I 0 1 0 0 2 0 0 473502 42 84 76 7 0 0 2 0 75 60 0 8 4
258 419648 F 0 7 0 0 419393 0 0 46 0 107 0 0 0 1 0 60 0 14 0 20 0
259 403802 E 8 0 82 403343 1 107 0 0 83 1 0 0 0 12 8 0 0 47 0 0 110
260 363924 A 363703 0 0 38 0 26 0 0 0 1 0 0 10 1 0 48 62 35 0 0 0
261 424487 T 55 0 0 0 0 0 0 40 0 2 0 29 4 1 0 57 424298 1 0 0 0
262 421183 G 12 94 81 0 0 420798 0 0 0 2 0 0 0 1 15 87 1 86 6 0 0
263 430785 N 1 0 77 1 0 0 5 30 21 0 0 430576 0 0 0 51 5 1 0 11 6
264 453684 L 0 1 0 1 0 0 0 43 0 453465 0 0 121 28 6 1 0 16 0 0 2
265 440386 I 1 1 0 0 0 1 0 440107 35 36 84 2 0 1 1 1 64 47 0 1 4
266 429570 A 429273 0 1 39 0 18 3 0 0 0 0 0 17 0 0 101 67 51 0 0 0
267 416405 P 18 0 0 0 0 0 2 0 0 45 0 0 416248 29 11 33 19 0 0 0 0
268 413199 W 0 90 0 0 0 10 0 0 0 89 1 1 0 0 81 20 0 0 412769 0 138
269 401036 Y 0 55 3 0 24 0 75 0 0 3 1 35 0 0 0 1 0 1 0 400820 18
270 387478 A 387220 1 21 0 0 9 1 0 0 2 0 0 8 2 0 79 98 37 0 0 0
271 335001 F 0 0 0 0 334810 0 0 18 0 93 0 0 0 0 0 59 0 1 0 20 0
272 324806 A 324562 0 1 28 0 9 0 0 0 1 0 0 17 1 1 62 84 40 0 0 0
273 319077 L 0 0 0 0 0 0 0 0 0 318893 16 0 129 12 15 0 2 10 0 0 0
274 416147 S 0 24 0 1 0 73 0 57 2 0 0 81 0 0 49 415845 7 4 0 2 2
275 501018 R 0 0 0 2 0 82 0 82 99 1 1 2 0 7 500651 40 9 5 0 0 37
276 449018 G 9 0 2 50 0 448637 0 1 1 0 0 0 0 0 111 0 2 66 139 0 0
277 437180 F 1 4 1 0 436946 1 0 24 1 97 0 0 2 2 0 58 0 30 0 12 1
278 586363 E 6 0 54 585878 1 144 0 0 111 4 0 0 0 19 1 5 0 11 2 1 126
279 585860 S 5 13 1 0 65 1 0 0 0 5 0 0 137 3 0 585523 63 2 0 42 0
280 597497 G 36 127 131 0 0 596874 0 0 0 0 0 1 0 0 20 229 0 79 0 0 0
281 592831 I 0 0 0 0 64 3 0 592515 0 13 17 25 0 1 0 4 81 108 0 0 0
282 619104 I 0 0 0 0 52 0 1 618742 0 10 24 52 0 0 1 7 117 98 0 0 0
283 612545 T 124 0 0 0 0 0 0 65 0 3 0 33 13 0 1 54 612252 0 0 0 0
284 613213 S 7 0 0 0 0 0 0 0 0 72 0 0 145 2 0 612857 45 0 0 0 85
285 634129 N 0 1 78 0 0 2 7 13 62 0 0 633803 0 2 1 62 77 1 0 20 0
286 542349 A 541928 0 0 39 0 18 0 0 1 0 0 0 10 0 2 137 147 67 0 0 0
287 554461 S 14 0 1 0 0 0 0 0 0 93 0 1 128 3 0 554104 40 1 0 0 76
288 595740 M 1 2 0 1 0 0 2 351 52 42 595072 4 0 3 19 1 118 72 0 0 0
289 585405 H 1 0 37 1 0 0 584991 0 0 28 2 62 16 54 103 3 0 0 0 107 0
290 349106 E 7 0 74 348783 0 64 0 1 69 0 0 0 0 8 6 0 0 29 1 0 64
291 405162 C 0 404781 0 0 88 5 0 0 0 5 0 0 0 2 63 53 0 7 4 115 39
292 386400 N 0 0 89 0 0 0 19 21 38 1 0 386141 0 1 0 66 9 3 0 12 0
293 343870 T 47 0 0 1 0 0 0 0 21 0 58 0 4 0 13 15 343711 0 0 0 0
294 342915 K 1 3 0 48 1 0 0 0 342692 0 11 62 0 6 56 0 4 0 0 0 31
295 352802 C 0 352567 0 0 62 3 0 0 0 0 0 0 0 0 40 27 0 3 4 68 28
296 359477 Q 0 0 0 16 0 0 11 0 32 20 0 0 5 359227 99 4 0 0 0 0 63
297 390931 T 73 0 0 0 0 0 6 40 30 0 0 10 33 11 8 12 390708 0 0 0 0
298 455658 P 8 1 0 0 0 0 39 0 0 39 0 0 455456 0 12 50 53 0 0 0 0
299 414606 Q 0 0 0 11 0 0 79 0 49 36 0 0 26 414220 114 12 0 0 0 1 58
300 416042 G 17 0 0 78 0 415647 6 0 0 0 0 0 0 6 60 111 1 32 0 0 84
301 466226 A 465917 0 41 4 0 23 0 1 0 8 0 0 19 34 0 47 60 71 0 1 0
302 665249 I 12 1 1 0 0 0 1 664654 106 91 95 1 1 1 5 4 123 115 0 33 5
303 672817 N 6 1 96 1 0 0 10 52 75 0 0 672309 0 10 0 114 92 0 0 51 0
304 613364 S 2 26 0 0 0 99 0 160 2 10 0 179 0 2 86 612774 22 0 0 1 1
305 598990 N 0 0 101 0 0 0 10 41 25 4 0 598663 0 1 0 88 9 0 0 48 0
306 601074 L 0 1 0 0 76 0 34 51 0 600708 0 0 184 1 3 3 0 13 0 0 0
307 537263 P 14 0 0 0 0 0 75 0 0 44 0 0 537015 1 13 53 47 1 0 0 0
308 538638 F 0 2 0 0 538315 0 0 27 0 135 0 0 0 0 0 125 1 4 0 29 0
309 533712 Q 0 0 0 21 0 0 119 1 46 34 1 0 17 533238 152 0 1 1 0 1 80
310 540460 N 0 0 101 0 0 1 4 37 49 0 0 540050 1 0 1 112 4 77 0 23 0
311 507706 I 0 0 0 0 1 0 0 507166 123 57 115 62 0 0 6 0 101 69 0 5 1
312 505812 H 0 0 19 0 0 0 505305 0 0 41 0 48 29 65 40 1 136 0 0 128 0
313 415774 P 11 0 0 0 0 0 0 0 0 62 0 1 415531 65 20 39 45 0 0 0 0
314 329386 V 63 0 28 0 53 1 0 47 0 11 0 0 0 1 0 2 9 329171 0 0 0
315 325101 T 129 0 0 0 0 0 0 35 27 0 0 9 5 2 9 37 324847 1 0 0 0
316 346185 I 0 0 0 0 1 0 0 345927 29 30 63 7 0 9 15 0 46 55 0 0 3
317 303679 G 10 0 1 57 0 303408 0 1 0 0 0 0 0 0 74 0 0 51 0 0 77
318 457001 E 13 0 119 456590 0 88 0 0 61 0 0 0 0 17 2 1 1 39 0 0 70
319 453248 C 2 452786 0 0 72 12 0 0 0 1 0 2 0 0 72 83 1 2 24 145 46
320 521213 P 24 0 0 0 0 0 0 0 0 61 0 0 520930 58 12 86 41 1 0 0 0
321 559885 K 0 0 0 47 0 0 0 21 559625 0 0 51 1 16 77 1 8 0 0 0 38
322 575456 Y 0 98 4 0 17 0 78 2 0 0 3 18 0 1 0 4 0 0 0 575159 72
323 582495 V 72 1 81 0 63 6 0 398 0 23 1 8 11 3 2 2 0 581824 0 0 0
324 572751 R 0 0 0 1 0 157 0 0 87 2 58 0 0 1 572298 86 16 0 45 0 0
325 556922 S 0 34 1 0 0 104 0 42 0 1 1 88 0 0 44 556586 18 3 0 0 0
326 535945 T 84 0 0 0 0 1 0 60 0 0 0 32 11 1 0 82 535671 1 0 2 0
327 554034 K 0 0 0 89 1 0 0 15 553768 1 1 53 0 18 51 0 7 0 0 0 30
328 534544 L 0 0 0 0 60 0 0 3 0 534314 45 1 1 0 2 84 0 9 3 0 22
329 534335 R 0 0 0 2 0 128 0 0 85 4 77 0 0 0 533926 56 20 0 37 0 0
330 476530 M 0 0 3 0 0 0 0 148 33 45 476179 0 0 0 6 0 38 78 0 0 0
331 345055 V 51 0 31 0 25 7 0 59 0 8 0 0 0 0 0 0 0 344873 1 0 0
332 321581 T 62 0 0 0 0 0 0 66 17 5 0 0 4 4 13 37 321371 0 0 0 2
333 359473 G 7 0 2 99 0 359101 0 0 0 0 0 0 0 0 87 0 0 67 0 0 110
334 359426 L 1 0 0 0 0 0 0 24 1 359281 2 0 78 15 3 2 4 14 0 0 1
335 351310 R 0 0 1 3 0 47 3 85 78 0 0 0 0 0 351060 12 10 0 0 0 11
336 355493 N 0 0 54 0 0 1 4 21 39 1 0 355286 0 0 0 48 21 0 0 18 0
337 346938 I 0 1 0 0 25 0 1 346723 0 3 9 29 0 0 1 6 97 43 0 0 0
338 348112 P 15 0 0 0 0 0 1 0 0 47 0 0 347918 34 9 42 46 0 0 0 0
339 340928 S 3 5 0 0 22 0 0 3 0 1 0 0 63 5 0 340765 32 0 0 29 0
340 386433 I 0 0 0 0 26 0 0 386271 0 6 3 15 0 2 0 1 57 52 0 0 0
341 376155 Q 0 0 0 20 6 0 27 0 21 17 0 1 5 375924 73 0 0 0 0 0 61
342 398279 Y 0 65 2 0 26 0 61 0 1 0 0 24 0 3 0 4 1 0 0 398028 64
343 410810 R 0 0 0 0 0 82 0 70 58 3 0 0 0 5 410523 29 17 1 0 0 22
344 465333 G 6 54 64 0 0 465076 0 0 0 3 0 1 0 0 6 80 0 43 0 0 0
345 491578 L 0 2 0 1 0 0 0 48 0 491356 1 0 118 24 4 7 0 17 0 0 0
346 538531 F 0 7 0 0 538214 0 0 42 0 149 0 0 3 1 0 71 0 15 2 27 0
347 454941 G 20 0 0 59 0 454582 0 0 0 2 0 0 0 0 99 0 0 67 1 0 111
348 454657 A 454391 0 27 0 0 18 0 0 0 0 0 0 22 0 0 75 59 65 0 0 0
349 455636 I 0 0 0 0 29 0 2 455448 0 7 3 23 0 0 0 3 57 64 0 0 0
350 460452 A 460130 2 36 0 0 20 0 0 0 3 0 0 20 1 0 72 123 45 0 0 0
351 477321 G 17 50 45 0 0 477065 1 0 0 0 0 0 0 0 9 54 0 75 3 2 0
352 534613 F 0 2 0 0 534354 0 0 11 0 140 0 0 1 0 0 80 0 6 0 19 0
353 553297 I 0 0 0 0 34 0 1 552858 2 110 8 32 0 0 0 2 81 95 0 72 2
354 499625 E 23 0 115 498761 0 144 0 1 156 4 0 0 0 15 113 0 0 49 2 0 242
355 496738 G 16 0 0 72 0 496403 0 1 0 0 0 2 0 1 74 0 0 80 89 0 0
356 429154 G 9 0 151 74 0 428708 0 0 0 1 1 0 0 0 94 0 0 48 1 0 67
357 401778 W 0 72 28 0 0 101 0 0 0 69 165 0 0 0 81 14 0 2 401049 0 197
358 343557 T 81 1 53 0 0 0 0 34 0 3 0 28 3 0 0 38 343313 1 0 2 0
359 349735 G 19 0 1 88 0 349399 0 0 0 3 0 1 0 0 104 0 1 54 0 0 65
360 270760 M 0 0 0 0 0 1 0 115 29 19 270504 0 0 0 1 0 41 50 0 0 0
361 326640 I 0 0 1 0 0 0 0 326354 29 42 88 0 0 1 5 1 45 74 0 0 0
362 291860 D 3 1 291617 38 0 45 9 0 0 0 0 54 0 1 0 0 10 13 0 69 0
363 371925 G 7 0 0 73 0 371579 0 1 1 1 0 0 0 6 110 0 0 51 0 3 93
364 426023 W 0 81 0 0 0 4 1 0 0 79 2 0 1 0 75 11 0 0 425561 0 208
365 489396 Y 0 76 8 0 36 1 82 0 0 0 1 22 0 1 0 5 0 13 0 489113 38
366 494008 G 14 82 74 0 0 493638 0 0 0 0 2 2 0 0 18 82 0 78 10 7 1
367 461167 Y 0 63 2 0 33 9 62 0 0 1 0 11 0 0 0 8 0 2 0 460937 39
368 462840 H 0 0 15 1 0 0 462533 0 0 37 0 30 5 51 87 0 0 0 0 81 0
369 443350 H 0 0 10 0 0 0 443121 1 0 30 0 36 6 37 59 2 0 0 0 48 0
370 438961 Q 0 0 0 12 0 0 90 0 27 36 0 2 4 438624 110 0 0 0 0 0 56
371 438487 N 0 0 44 2 0 0 2 15 26 0 0 438303 0 1 0 64 10 0 0 20 0
372 422591 E 5 0 36 422289 0 69 0 0 92 0 0 0 0 10 0 1 0 25 0 0 64
373 383319 Q 0 0 0 12 0 3 80 0 23 22 0 0 4 383033 76 0 0 0 0 1 65
374 396303 G 13 0 1 74 1 396037 0 0 0 2 0 0 0 0 73 1 0 51 0 0 50
375 363808 S 1 0 0 0 0 0 0 4 1 38 0 0 55 8 2 363637 25 0 0 0 37
376 397732 G 17 77 66 0 0 397430 0 0 0 2 0 0 0 0 9 88 0 43 0 0 0
377 398580 Y 2 46 9 0 35 1 69 0 1 2 2 17 0 0 0 3 0 0 0 398358 35
378 369329 A 368886 1 0 41 0 19 0 0 0 0 1 0 21 0 1 83 154 121 0 1 0
379 357881 A 357607 4 0 35 0 8 0 0 0 1 0 0 12 3 1 54 55 100 0 0 1
380 354421 D 6 1 354057 24 0 77 11 124 2 0 0 53 0 0 0 2 0 28 0 36 0
381 365169 Q 0 0 0 4 0 0 14 4 188 16 0 1 3 364613 65 225 0 1 0 0 35
382 398607 K 0 0 0 52 0 0 0 5 398461 0 0 16 0 10 50 2 5 1 0 0 5
383 405159 S 28 7 0 0 0 153 0 57 70 1 0 99 0 0 48 404684 12 0 0 0 0
384 421249 T 65 0 0 0 0 0 35 47 21 1 0 0 8 0 11 50 421011 0 0 0 0
385 438854 Q 0 0 0 16 0 0 28 0 45 12 0 0 10 438633 59 2 9 0 0 0 40
386 434395 N 0 4 61 0 0 0 9 30 19 0 24 434170 0 0 0 61 3 0 0 14 0
387 417419 A 417100 3 28 0 0 26 0 0 0 1 1 0 22 0 0 84 73 81 0 0 0
388 377512 I 0 0 0 0 28 0 2 377310 1 15 4 34 0 0 0 3 34 81 0 0 0
389 375843 N 0 0 51 0 0 0 1 28 48 0 0 375627 0 1 0 41 16 1 0 28 1
390 290562 G 13 0 0 35 0 290272 0 0 0 1 0 0 0 0 84 0 0 91 66 0 0
391 296578 I 0 0 10 0 13 0 0 296437 0 7 4 16 0 0 0 0 30 61 0 0 0
392 194320 T 54 1 0 0 0 0 0 24 16 0 0 0 2 4 8 16 194183 0 0 11 1
393 248687 N 0 0 28 0 0 1 1 10 31 1 0 248527 0 9 1 29 40 0 0 9 0
394 254356 K 0 0 0 36 0 0 1 0 254188 0 8 61 0 5 38 0 5 0 0 0 14
395 315851 V 65 0 0 25 0 9 1 0 0 42 66 0 0 0 1 0 1 315641 0 0 0
396 317247 N 0 0 53 2 0 0 3 17 23 1 0 317043 0 0 0 63 9 0 0 33 0
397 357618 S 15 8 0 0 24 0 0 0 0 3 0 0 47 0 0 357484 13 0 0 24 0
398 376667 V 46 3 29 0 68 3 5 94 0 8 0 0 0 0 0 0 0 376411 0 0 0
399 376907 I 0 0 0 0 18 0 0 376748 0 2 14 34 0 0 0 2 32 56 0 1 0
400 371706 E 8 0 48 371356 0 61 0 0 129 0 0 0 0 9 4 0 0 24 0 0 67
401 366849 K 0 0 0 47 0 0 0 13 366695 0 0 18 0 1 51 0 7 1 0 0 16
402 372163 M 0 0 0 3 0 0 0 186 32 26 371826 1 0 0 2 0 49 34 0 0 4
403 354601 N 0 0 42 1 0 0 2 22 45 0 0 354401 0 0 0 52 6 1 0 29 0
404 345167 T 38 0 0 0 0 0 0 35 0 4 0 18 3 0 0 40 345029 0 0 0 0
405 346603 Q 0 0 0 18 0 0 22 0 25 14 0 1 4 346424 58 0 0 0 0 0 37
406 318031 F 0 5 0 0 317832 0 0 19 0 87 0 0 0 0 1 54 0 4 0 29 0
407 253736 T 54 0 0 0 0 0 0 35 18 2 0 0 3 1 8 40 253575 0 0 0 0
408 193209 A 193073 1 13 0 0 12 0 0 0 3 0 1 8 0 0 22 55 21 0 0 0
409 183574 V 15 4 0 19 0 14 0 0 0 48 34 0 0 0 0 1 0 183439 0 0 0
410 168891 G 2 24 28 0 0 168774 0 0 0 0 0 2 0 0 4 24 0 33 0 0 0
411 128437 K 0 0 0 28 0 1 0 7 128372 0 1 8 0 1 9 0 2 0 0 0 8
412 112962 E 2 0 9 112874 0 22 1 0 19 0 0 2 0 3 0 0 0 11 0 0 19
413 99739 F 0 0 0 0 99687 0 0 8 0 23 0 0 0 0 0 14 0 1 0 6 0
414 109209 N 0 0 30 0 0 1 2 9 6 0 0 109139 0 0 0 19 1 0 0 2 0
415 117454 N 0 0 15 1 0 0 0 9 5 1 0 117397 0 0 0 15 7 0 0 4 0
416 127025 L 0 0 0 0 11 0 0 6 0 126969 0 0 0 0 1 16 0 4 0 0 18
417 139877 E 0 0 5 139709 0 13 0 0 86 0 0 0 0 1 15 0 0 8 0 0 40
418 151736 K 0 0 0 23 0 1 0 5 151650 0 0 8 0 3 30 0 9 0 0 0 7
419 152434 R 0 0 1 0 0 166 0 0 179 0 22 0 0 0 152039 21 3 0 3 0 0
420 138687 M 0 1 19 0 0 1 0 66 7 19 138524 0 0 0 2 0 16 25 7 0 0
421 157846 E 1 0 4 157713 0 56 0 0 44 0 0 0 0 3 0 0 0 9 0 0 16
422 143166 N 0 0 14 0 0 0 8 15 18 0 0 143094 0 0 0 13 1 0 0 3 0
423 147597 L 0 0 0 0 28 0 0 1 0 147535 0 0 0 0 0 13 1 2 0 0 17
424 154466 N 0 1 20 0 0 0 2 15 23 0 0 154381 0 0 0 19 3 0 0 2 0
425 161167 K 0 0 0 18 1 0 0 15 161047 1 0 5 0 1 17 0 4 0 0 0 58
426 148910 K 0 0 0 24 0 0 0 3 148840 0 0 7 0 4 25 0 2 0 0 0 5
427 161733 V 22 0 9 0 14 1 0 38 1 6 0 0 0 0 0 6 0 161635 0 1 0
428 156112 D 2 0 155974 13 0 27 2 0 0 0 0 40 0 0 0 1 0 18 0 34 1
429 150994 D 2 0 150865 13 0 33 2 2 0 2 0 28 0 1 0 0 0 12 0 33 1
430 152521 G 2 0 1 35 0 152374 0 3 0 0 0 0 0 0 37 0 0 19 50 0 0
431 139798 F 0 1 0 0 139728 3 0 6 0 19 0 0 0 1 0 24 0 7 0 9 0
432 139670 L 0 0 0 0 0 0 1 0 0 139602 13 0 35 12 1 0 0 5 1 0 0
433 117073 D 0 0 116978 7 0 24 5 0 0 1 0 28 0 0 1 2 0 13 0 14 0
434 118104 I 0 0 0 0 5 1 0 118067 0 3 1 2 0 0 0 1 10 14 0 0 0
435 116636 W 0 18 1 0 0 2 0 0 0 29 0 0 0 0 14 4 1 0 116515 1 51
436 119163 T 21 0 0 0 0 0 3 19 8 0 0 0 1 2 3 12 119094 0 0 0 0
437 166245 Y 1 17 1 0 9 0 27 3 0 1 0 14 0 0 0 3 0 0 0 166154 15
438 163047 N 0 2 26 0 0 0 2 8 10 0 2 162968 0 0 0 24 0 0 0 5 0
439 168200 A 168088 0 0 13 0 9 0 0 0 0 0 0 6 0 0 26 30 28 0 0 0
440 191929 E 2 0 12 191837 0 21 0 1 23 0 0 0 0 4 0 0 0 6 0 0 23
441 187715 L 0 0 0 0 34 0 0 2 0 187641 6 0 0 0 0 23 0 2 2 0 5
442 270652 L 0 0 0 0 15 0 0 21 0 270555 0 0 0 6 0 40 0 9 0 0 6
443 271164 V 49 0 19 0 54 3 0 44 0 6 0 0 8 2 1 0 0 270978 0 0 0
444 283148 L 0 0 0 0 0 1 0 17 0 283055 0 0 45 21 3 0 2 3 0 1 0
445 297882 L 0 1 0 0 0 0 0 0 0 297758 17 0 78 17 2 0 5 3 1 0 0
446 295719 E 1 0 16 295500 0 69 1 0 60 0 0 0 0 11 0 0 0 19 0 0 42
447 300268 N 0 0 27 0 0 0 2 14 24 0 5 300155 0 1 0 30 2 0 0 8 0
448 320332 E 1 0 30 320086 0 40 0 1 88 0 0 0 0 9 0 0 1 14 0 0 62
449 329378 R 0 0 1 0 1 102 0 0 95 0 55 0 0 0 329068 42 2 0 12 0 0
450 316279 T 66 0 12 0 0 0 0 28 0 2 1 23 0 0 0 28 316118 1 0 0 0
451 317227 L 0 0 0 0 95 0 0 0 0 317013 24 0 1 0 0 47 0 0 27 1 19
452 291689 D 2 0 291475 24 0 60 7 1 0 0 0 46 0 1 0 0 1 11 0 61 0
453 234820 F 0 2 0 0 234669 0 0 3 0 74 0 0 1 0 0 49 0 2 0 20 0
454 216722 H 0 0 3 0 0 0 216579 0 0 19 1 24 5 25 40 0 0 0 0 26 0
455 213674 D 4 0 213516 18 0 33 4 0 0 0 0 38 0 0 0 0 2 21 0 38 0
456 219735 L 0 0 0 0 17 1 0 9 0 219635 0 0 0 0 0 41 0 7 0 1 24
457 199173 N 0 0 22 0 0 0 3 11 13 0 9 199084 0 0 0 16 3 1 0 11 0
458 192642 V 36 2 0 25 0 4 0 0 0 31 51 0 0 0 1 0 0 192491 0 0 1
459 193582 K 1 0 0 40 0 0 0 0 193450 0 9 33 0 2 28 0 3 0 0 1 15
460 189053 N 0 0 23 0 0 0 5 10 10 0 0 188973 0 0 0 19 2 1 0 10 0
461 188608 L 1 1 0 0 0 0 0 0 0 188545 15 0 25 14 2 1 0 4 0 0 0
462 191737 Y 0 35 2 0 9 0 30 0 0 0 0 14 0 0 0 1 0 1 0 191624 21
463 188300 E 2 0 21 188122 0 45 0 0 52 0 0 0 0 5 2 0 1 20 0 0 30
464 176349 K 0 0 0 22 0 0 0 9 176279 3 0 6 0 0 21 2 0 0 0 0 7
465 181915 V 24 0 0 13 1 4 0 29 0 23 0 0 1 0 0 3 0 181814 0 0 3
466 177499 K 0 0 0 18 1 0 0 9 177433 0 0 8 0 1 17 0 3 0 0 0 9
467 199658 S 21 2 0 0 0 63 0 56 4 0 1 32 0 0 37 199434 8 0 0 0 0
468 198181 Q 2 0 0 10 0 0 14 0 9 14 0 3 6 198072 26 0 0 0 0 0 25
469 208446 L 0 0 0 1 26 0 0 35 1 208317 0 1 4 1 1 38 0 3 0 0 18
470 220809 K 0 0 0 36 0 0 1 0 220615 2 8 36 0 4 91 1 8 0 0 2 5
471 232215 N 1 0 38 5 0 0 6 13 20 1 0 232065 1 0 0 36 10 1 0 18 0
472 240645 N 1 1 42 0 0 0 4 14 19 0 3 240512 0 0 0 38 3 0 0 8 0
473 257642 A 257422 6 33 0 0 15 0 1 0 0 0 1 22 1 0 51 62 28 0 0 0
474 273656 K 0 4 1 41 0 0 1 12 273484 1 1 30 0 12 37 0 9 0 0 0 23
475 275521 E 1 1 13 275350 0 43 0 0 54 0 0 1 1 3 4 0 0 11 0 0 39
476 280156 I 2 1 0 0 8 0 0 280038 0 11 9 19 0 0 0 3 30 35 0 0 0
477 272834 G 9 0 0 63 0 272568 0 0 1 0 0 0 2 0 98 0 0 42 0 0 51
478 262339 N 0 0 34 0 0 0 6 14 35 0 3 262210 0 0 0 24 5 0 0 8 0
479 269952 G 4 0 0 35 0 269725 0 0 0 0 0 0 0 0 82 0 0 45 61 0 0
480 266401 C 0 266188 0 1 25 9 0 0 0 1 0 1 1 2 29 41 0 22 24 49 8
481 277269 F 0 2 0 0 277126 0 0 8 1 72 0 2 5 1 0 39 0 8 0 5 0
482 281403 E 2 3 62 281051 0 77 1 0 104 4 1 0 0 9 0 10 1 19 0 1 58
483 264450 F 0 4 0 0 264307 1 0 18 0 65 1 1 1 1 0 33 1 4 0 13 0
484 284120 Y 0 48 6 0 21 0 95 0 0 2 0 20 1 0 0 4 0 0 0 283898 25
485 265660 H 0 0 4 0 0 0 265488 0 1 27 0 25 9 23 42 0 2 0 0 39 0
486 321481 K 0 0 0 52 0 0 1 4 321237 1 9 84 0 16 49 2 10 2 0 0 14
487 290202 C 0 289992 0 1 49 5 0 0 0 3 2 0 0 0 39 37 0 3 1 50 20
488 293387 D 4 0 293079 35 0 65 17 0 0 0 0 87 0 4 0 1 0 31 0 62 2
489 301551 N 1 0 41 0 0 0 6 9 14 0 2 301418 0 1 0 39 1 0 0 18 1
490 303082 E 1 0 20 302851 0 60 1 0 68 0 1 3 1 12 0 0 0 12 0 0 52
491 303643 C 0 303415 0 0 50 5 0 0 0 0 0 0 0 0 41 32 0 0 18 53 29
492 320490 M 0 0 0 0 0 2 4 191 34 25 320127 1 0 1 5 0 40 60 0 0 0
493 307264 E 1 0 18 307027 0 66 0 4 73 0 0 0 0 14 0 0 0 17 1 0 43
494 289756 S 0 5 0 0 0 56 0 20 1 1 5 72 0 0 36 289548 10 1 0 0 1
495 321097 V 46 4 1 19 0 2 0 77 0 65 0 0 0 0 0 0 0 320867 0 15 1
496 291168 R 0 0 0 7 0 46 0 31 57 0 0 0 0 1 290995 12 7 0 0 0 12
497 285441 N 0 0 53 0 0 0 3 11 14 0 7 285293 0 0 0 33 11 0 0 16 0
498 285096 G 7 1 0 49 0 284818 0 0 1 0 0 0 0 0 73 0 0 51 96 0 0
499 274108 T 83 0 1 0 0 0 1 32 0 0 0 33 3 0 0 35 273920 0 0 0 0
500 257370 Y 0 28 1 0 8 0 49 0 0 3 4 6 0 0 0 3 0 0 0 257238 30
501 275043 D 6 1 274803 23 0 52 5 0 0 0 0 60 0 0 0 0 0 34 0 58 1
502 276873 Y 0 33 5 0 16 0 29 2 0 1 0 5 0 1 0 3 0 0 0 276738 40
503 305134 P 7 1 0 1 0 0 0 1 0 38 0 0 304967 25 10 53 29 0 1 0 1
504 314036 K 0 0 1 41 0 0 0 9 313850 0 2 49 0 8 38 0 14 0 0 0 24
505 315279 Y 2 31 6 1 26 0 42 5 1 0 0 13 0 0 1 3 0 0 0 315127 21
506 320724 S 4 0 0 0 1 0 0 0 0 41 1 0 34 1 2 320567 29 0 0 0 44
507 301488 E 1 0 20 301314 0 42 0 0 46 0 0 0 0 13 1 0 1 6 0 0 44
508 281732 E 1 0 21 281565 0 44 0 2 37 0 0 0 0 9 0 0 0 18 0 0 35
509 290732 S 2 0 0 0 0 0 0 3 0 31 0 0 38 0 0 290597 26 0 0 0 35
510 272279 K 0 0 0 35 0 0 0 0 272104 0 9 40 0 4 66 3 5 0 0 0 13
511 274740 L 0 0 0 0 102 0 0 0 1 274553 21 0 1 0 1 36 1 9 5 0 10
512 288422 N 0 0 42 1 0 0 2 24 37 0 1 288214 0 0 0 70 10 0 0 21 0
513 258304 R 0 0 0 0 0 101 0 0 32 0 89 0 0 4 257964 75 11 0 28 0 0
514 353938 E 4 0 20 353481 0 251 0 1 109 0 0 0 0 15 0 0 0 18 0 0 39
515 327655 K 0 0 1 94 0 4 1 0 327216 0 26 67 1 8 214 0 12 3 0 0 8
516 374800 I 6 0 1 0 0 1 0 374420 33 35 90 0 2 1 5 0 55 146 1 0 4
517 373691 D 5 1 373391 28 0 58 13 0 0 0 0 89 0 1 0 0 0 27 1 77 0
518 338628 G 20 0 0 83 0 338307 0 0 1 0 0 0 0 0 111 0 0 53 0 0 53
519 353953 V 62 0 0 32 0 2 0 1 0 44 60 0 0 0 0 0 0 353752 0 0 0
520 409070 K 0 0 0 87 0 0 0 12 408836 0 0 38 0 1 62 0 10 1 0 0 23
521 394302 L 0 0 1 0 140 0 0 3 0 394070 15 0 3 1 0 46 0 3 7 0 13
522 413861 E 1 0 30 413565 0 70 0 1 86 0 0 4 0 11 5 0 6 22 0 0 60
523 414321 S 32 0 0 1 0 0 0 16 0 30 0 0 63 17 1 414078 39 0 0 0 44
524 456954 M 0 2 1 1 0 0 0 408 31 29 456302 40 1 1 5 2 58 56 17 0 0
525 467284 G 16 0 1 56 0 466824 0 0 0 0 2 0 0 10 94 1 0 128 150 0 2
526 436761 V 54 10 0 40 1 44 0 1 0 78 69 1 0 0 0 0 0 436463 0 0 0
527 460351 Y 0 68 12 0 36 0 116 7 0 1 0 30 0 0 0 7 0 4 0 460031 39
528 439768 Q 0 0 2 12 0 0 67 0 38 30 3 0 11 439409 146 1 0 0 0 0 49
529 365402 I 0 0 1 0 14 0 0 365261 0 2 6 15 0 0 0 6 48 49 0 0 0
530 349237 L 0 2 0 0 0 0 0 0 0 349109 25 0 62 21 8 0 0 10 0 0 0
531 320536 A 320338 0 0 23 0 22 0 0 0 0 1 0 4 0 1 21 24 102 0 0 0
532 396742 I 0 0 0 0 34 0 0 396549 0 7 4 15 0 0 0 32 55 46 0 0 0
533 481360 Y 0 58 65 0 24 0 145 0 0 7 0 34 0 0 0 8 3 0 0 480977 39
534 527193 S 12 0 0 0 0 0 0 0 0 68 0 1 128 8 0 526844 61 0 0 1 70
535 527967 T 124 0 1 0 0 0 0 63 0 3 0 37 11 0 0 42 527686 0 0 0 0
536 506473 V 81 0 59 0 125 2 2 122 0 13 0 0 0 0 0 1 0 506068 0 0 0
537 539499 A 539162 0 36 0 0 12 1 1 0 0 0 0 29 1 0 66 144 47 0 0 0
538 527716 S 0 29 0 0 0 95 0 61 0 5 0 58 0 0 55 527396 16 0 0 1 0
539 494522 S 7 0 0 0 1 0 1 1 0 84 0 0 71 2 0 494270 25 0 0 0 60
540 493453 L 0 0 0 0 0 1 0 0 0 493308 20 0 86 22 5 2 1 7 1 0 0
541 504047 V 57 1 0 58 0 19 0 0 0 51 82 0 0 5 0 0 0 503772 1 0 1
542 517376 L 129 4 1 0 106 0 14 41 0 516900 0 0 151 0 11 1 2 16 0 0 0
543 454631 L 0 0 0 0 146 3 0 1 0 454228 8 0 0 2 2 79 0 2 132 0 28
544 468128 V 70 1 43 0 78 17 0 108 0 14 0 0 0 0 0 8 8 467781 0 0 0
545 448667 S 30 19 0 0 46 0 0 0 0 36 0 0 274 1 0 448195 25 0 0 41 0
546 587572 L 0 0 0 0 1 1 1 0 0 587005 80 0 327 35 44 1 0 19 57 0 1
547 579501 G 16 0 0 48 0 579149 0 0 0 1 0 0 0 0 82 0 0 105 99 0 1
548 471450 A 471020 3 1 38 0 92 0 0 0 1 2 1 27 17 0 55 113 80 0 0 0
549 490700 I 0 0 0 0 47 0 0 490431 0 4 17 35 1 2 0 4 94 64 0 1 0
550 499838 S 0 16 0 0 0 134 0 78 0 0 0 92 0 2 44 499461 9 1 0 1 0
551 534717 F 1 2 0 0 534431 0 0 30 0 145 0 0 0 0 0 70 0 15 0 23 0
552 538570 W 0 87 2 0 1 50 0 0 0 94 0 0 1 0 164 22 0 0 537955 0 194
553 509769 M 0 0 0 1 0 7 0 155 30 48 509354 0 2 0 5 0 57 110 0 0 0
554 489553 C 0 489178 0 0 77 42 0 0 0 1 0 0 0 0 65 61 0 1 8 79 41
555 520702 S 6 29 0 0 60 0 0 0 0 3 0 1 68 1 0 520459 27 0 3 41 4
556 520715 N 0 0 81 0 0 6 4 33 73 1 6 520443 0 0 0 51 7 0 0 7 3
557 448589 G 19 0 0 41 0 448318 0 0 0 0 0 0 0 0 90 0 0 47 74 0 0
558 425390 S 8 11 0 0 40 0 0 0 0 1 0 0 52 0 0 425194 37 13 0 34 0
559 444800 L 1 46 0 0 134 0 0 0 0 444494 22 0 0 0 1 68 0 7 12 1 14
560 397657 Q 0 0 0 40 0 0 58 0 23 15 0 0 9 397244 97 1 0 1 0 0 169
561 255188 C 0 254976 0 0 30 3 0 0 0 0 0 0 0 0 26 30 0 1 14 76 32
562 302967 R 10 0 0 0 0 74 0 50 46 0 0 1 0 4 302745 14 9 0 0 0 14
563 352015 I 1 0 0 13 0 0 0 351783 10 27 71 1 0 0 2 0 52 55 0 0 0
564 354683 C 1 354369 0 0 59 2 4 0 0 1 0 0 0 0 66 32 0 0 20 97 32
565 322746 I 0 0 0 0 14 0 0 322597 0 4 5 21 1 0 0 3 44 57 0 0 0
