# nucleotide counts
# upper case indicates nucleotide called by both reads
# lower case indicates nucleotide called by one read with other ambiguous
# N indicates disagreement between reads, or both ambiguous
# POSITION WT COUNTS A T C G a t c g N
1 A 613480 613155 43 10 98 0 0 0 0 174
2 T 616823 49 615803 70 9 0 1 0 0 891
3 G 616995 79 55 13 616321 0 0 0 2 525
4 G 616912 40 55 27 616266 0 0 0 3 521
5 C 590264 69 142 589373 40 0 0 0 0 640
6 G 603183 112 20 12 602589 0 0 0 2 448
7 T 621250 27 620157 97 8 0 6 0 0 955
8 C 625523 48 62 624536 21 0 0 6 0 850
9 C 628291 82 81 627668 30 0 0 5 0 425
10 C 627184 81 79 626532 20 0 0 3 0 469
11 A 625272 624416 36 16 118 1 0 0 0 685
12 A 626224 625662 42 5 129 0 0 0 0 386
13 G 628476 121 61 24 627764 0 0 0 4 502
14 G 641953 85 48 52 641223 0 0 0 7 538
15 C 602483 61 61 601695 35 0 0 2 0 629
16 A 547780 545858 37 17 66 3 0 0 0 1799
17 C 541282 45 55 540476 19 0 0 1 0 686
18 C 526174 90 52 525687 12 0 0 1 0 332
19 A 525657 524908 11 11 50 2 0 0 0 675
20 A 523782 523357 28 5 57 6 0 0 0 329
21 A 522416 521669 20 22 57 2 0 0 0 646
22 C 519180 49 111 518587 25 0 0 3 0 405
23 G 479633 69 47 14 479106 0 0 0 1 396
24 G 491177 49 23 19 490733 0 0 0 4 349
25 T 493643 23 491995 59 16 0 4 0 0 1546
26 C 524080 55 57 523581 8 0 0 5 0 374
27 T 561372 26 560626 235 10 0 7 0 0 468
28 T 522557 27 522043 173 6 0 4 0 0 304
29 A 525032 524227 34 5 70 4 0 0 0 692
30 T 517707 68 517128 74 26 0 9 0 0 402
31 G 530863 112 55 23 530156 0 0 0 8 509
32 A 548040 547545 44 7 93 11 0 0 0 340
33 A 505315 504797 37 28 89 4 0 0 0 360
34 C 491231 63 63 490739 23 0 0 6 0 337
35 A 437199 436673 38 12 89 1 0 0 0 386
36 G 499953 107 53 31 499240 0 0 0 6 516
37 A 518467 517880 53 0 88 10 0 0 0 436
38 T 520774 53 520372 64 13 0 7 0 0 265
39 G 523530 113 57 21 522851 0 0 0 5 483
40 G 510591 59 53 31 510175 0 0 0 4 269
41 A 514123 512983 31 7 91 3 0 0 0 1008
42 A 525252 524741 14 9 203 5 0 0 0 280
43 A 525903 525001 35 22 58 6 0 0 0 781
44 C 564358 69 57 563976 21 0 0 6 0 229
45 T 522145 26 521617 99 17 0 4 0 0 382
46 G 533431 81 64 19 532582 0 0 0 4 681
47 A 530310 529501 44 4 105 3 0 0 0 653
48 T 532101 57 531500 58 22 0 1 0 0 463
49 G 530479 78 65 5 529992 0 0 0 0 339
50 G 536500 65 58 15 536003 0 0 0 4 355
51 G 533464 103 74 109 532322 0 0 0 1 855
52 G 537980 132 42 26 537427 0 0 0 2 351
53 A 517374 516098 23 4 137 0 0 0 0 1112
54 A 519967 519412 8 21 91 2 0 0 0 433
55 C 530174 32 115 529234 38 0 0 1 0 754
56 G 528502 190 52 45 527515 0 0 0 2 698
57 C 537339 69 31 536767 22 0 0 2 0 448
58 C 533874 68 63 533226 11 0 0 0 0 506
59 A 531187 529597 115 680 179 1 0 0 0 615
60 G 544194 61 40 96 543550 0 0 0 3 444
61 A 541384 540852 26 3 79 4 0 0 0 420
62 A 561651 561081 36 16 139 6 0 0 0 373
63 T 532413 42 531501 88 6 0 4 0 0 772
64 G 544390 152 70 29 543759 0 0 0 2 378
65 C 555267 47 170 554014 44 0 0 4 0 988
66 A 527882 527507 29 8 108 4 0 0 0 226
67 A 567160 566393 43 16 77 5 0 0 0 626
68 C 562478 51 33 562010 18 0 0 4 0 362
69 T 554905 38 554347 105 10 0 4 0 0 401
70 G 559274 131 57 14 558582 0 0 0 2 488
71 A 521271 520669 31 9 104 5 0 0 0 453
72 G 559078 95 61 17 558549 0 0 0 6 350
73 A 518403 517555 38 5 75 11 0 0 0 719
74 T 561879 49 561317 60 9 0 7 0 0 437
75 C 526682 67 63 525921 19 0 0 4 0 608
76 A 498026 497548 50 13 128 1 0 0 0 286
77 G 516711 80 45 16 516127 0 0 0 2 441
78 A 514241 513570 25 5 81 5 0 0 0 555
79 G 540201 88 60 23 539633 0 0 0 5 392
80 C 527690 59 108 527029 25 0 0 2 0 467
81 A 501804 501263 25 18 70 6 0 0 0 422
82 T 515128 41 514408 87 10 0 1 0 0 581
83 C 518148 63 30 517359 19 0 0 0 0 677
84 C 524096 91 113 523309 20 0 0 3 0 560
85 G 514586 147 43 16 513994 0 0 0 3 383
86 T 518581 47 517919 59 11 0 7 0 0 538
87 C 517809 67 122 517008 23 0 0 1 0 588
88 G 521058 173 71 37 520359 0 0 0 3 415
89 G 524051 78 62 21 523138 0 0 0 4 748
90 G 537750 107 45 18 537182 0 0 0 1 397
91 A 536720 536159 29 2 94 0 0 0 0 436
92 A 536127 535661 38 7 88 0 0 0 0 333
93 G 526570 72 49 12 525904 0 0 0 4 529
94 A 519072 518282 41 2 69 1 0 0 0 677
95 T 513751 40 512844 51 1 0 1 0 0 814
96 G 519984 69 52 14 519563 0 0 0 3 283
97 A 541545 540880 32 5 81 0 0 0 0 547
98 T 540951 55 540488 63 6 0 3 0 0 336
99 T 528463 40 527827 78 8 0 2 0 0 508
100 G 529917 113 45 21 529113 0 0 0 6 619
101 A 527536 526796 56 15 123 3 0 0 0 543
102 T 517787 40 517290 54 14 0 1 0 0 388
103 G 512049 96 52 22 511612 0 0 0 5 262
104 G 534836 70 45 27 534317 0 0 0 8 369
105 A 519662 518929 38 2 96 6 0 0 0 591
106 A 506759 505881 28 1 70 3 0 0 0 776
107 T 509989 39 509394 47 5 0 2 0 0 502
108 T 503678 53 503258 44 12 0 4 0 0 307
109 G 514419 80 114 22 513930 0 0 0 2 271
110 G 506295 89 49 8 505766 0 0 0 2 381
111 A 494656 493688 37 11 177 7 0 0 0 736
112 C 506556 56 92 505920 39 0 0 7 0 442
113 G 447833 119 38 14 447389 0 0 0 4 269
114 A 520599 520047 32 3 62 6 0 0 0 449
115 T 530291 42 529882 66 11 0 10 0 0 280
116 T 496628 29 496044 53 3 0 10 0 0 489
117 C 498409 75 54 497924 24 0 0 1 0 331
118 T 490636 39 490059 130 7 0 6 0 0 395
119 A 510498 509577 44 9 65 8 0 0 0 795
120 C 508943 72 73 508492 25 0 0 4 0 277
121 A 471587 470928 39 13 55 9 0 0 0 543
122 T 481624 50 480960 82 20 0 5 0 0 507
123 C 448187 45 35 447898 12 0 0 4 0 193
124 C 453440 61 59 452945 19 0 0 2 0 354
125 A 451760 451423 19 16 58 2 0 0 0 242
126 A 438907 438655 11 9 40 2 0 0 0 190
127 A 438779 438301 31 7 50 2 0 0 0 388
128 T 421543 24 420968 39 10 0 2 0 0 500
129 G 495821 73 48 14 495280 0 0 0 0 406
130 T 472709 54 471264 69 16 0 1 0 0 1305
131 G 476822 91 55 44 476102 0 0 0 2 528
132 C 477003 63 112 476404 40 0 0 2 0 382
133 A 470912 469963 62 9 63 0 0 0 0 815
134 C 469683 40 40 469252 11 0 0 1 0 339
135 T 455131 25 454788 86 8 0 2 0 0 222
136 G 498318 65 53 22 497483 0 0 0 5 690
137 A 525248 524597 20 7 77 4 0 0 0 543
138 A 549698 548587 60 9 79 10 0 0 0 953
139 C 589220 64 46 588720 41 0 0 4 0 345
140 T 588498 31 588031 98 27 0 4 0 0 307
141 T 587588 63 586994 158 4 0 2 0 0 367
142 A 594618 593792 59 4 86 2 0 0 0 675
143 A 594538 593680 23 2 71 6 0 0 0 756
144 A 632081 630879 24 43 86 8 0 0 0 1041
145 C 629221 41 49 628589 18 0 0 6 0 518
146 T 586699 20 586199 94 4 0 3 0 0 379
147 C 600474 72 55 600102 17 0 0 3 0 225
148 A 586121 585043 38 16 145 1 0 0 0 878
149 G 632308 53 53 21 631876 0 0 0 4 301
150 T 629229 73 627535 235 18 0 5 0 0 1363
151 G 689765 101 79 16 688997 0 0 0 4 568
152 A 711071 710506 45 1 116 5 0 0 0 398
153 T 672181 50 671040 91 11 0 5 0 0 984
154 T 700574 25 699600 119 10 0 2 0 0 818
155 A 703388 702721 49 5 102 5 0 0 0 506
156 T 707253 86 706600 105 33 0 6 0 0 423
157 G 708779 143 97 22 708234 0 0 0 1 282
158 A 665267 664442 50 17 198 10 0 0 0 550
159 G 667469 111 115 18 666862 0 0 0 14 349
160 G 609244 110 64 29 608038 0 0 0 4 999
161 G 592552 108 51 21 591990 0 0 0 1 381
162 G 591662 93 53 28 590510 0 0 0 0 978
163 C 559105 76 158 558188 113 0 0 1 0 569
164 G 564238 176 74 28 563405 0 0 0 0 555
165 A 564532 563098 66 14 88 0 0 0 0 1266
166 C 565636 68 60 564738 24 0 0 4 0 742
167 T 562321 37 561668 124 11 0 2 0 0 479
168 G 554816 89 56 16 554058 0 0 0 4 593
169 A 613401 612708 48 7 83 2 0 0 0 553
170 T 593347 35 592475 83 4 0 5 0 0 745
171 C 584613 91 55 584157 11 0 0 2 0 297
172 C 584114 89 49 583425 22 0 0 0 0 529
173 A 565291 564691 44 21 111 6 0 0 0 418
174 G 569035 105 48 25 568496 0 0 0 2 359
175 A 544668 543834 27 4 78 2 0 0 0 723
176 A 545099 544490 40 15 55 8 0 0 0 491
177 C 547220 60 59 546543 19 0 0 8 0 531
178 A 432571 432089 10 15 48 1 0 0 0 408
179 G 440966 50 51 27 440554 0 0 0 3 281
180 C 436323 43 30 435717 32 0 0 6 0 495
181 T 435013 31 434551 63 15 0 3 0 0 350
182 T 439776 65 439353 74 4 0 0 0 0 280
183 A 432638 432155 48 6 103 1 0 0 0 325
184 A 463217 462576 48 19 64 6 0 0 0 504
185 C 486661 68 78 486224 18 0 0 4 0 269
186 A 459285 458684 40 29 72 8 0 0 0 452
187 A 472845 472421 48 13 51 1 0 0 0 311
188 T 430006 37 429621 55 11 0 1 0 0 281
189 A 447541 447071 40 6 114 7 0 0 0 303
190 G 454127 47 68 10 453775 0 0 0 8 219
191 A 464732 464335 24 7 82 6 0 0 0 278
192 G 470454 44 38 17 469927 0 0 0 8 420
193 A 429022 428444 146 7 102 3 0 0 0 320
194 G 456016 53 29 17 455306 0 0 0 5 606
195 A 459219 458907 30 4 78 5 0 0 0 195
196 A 470499 470027 25 10 58 4 0 0 0 375
197 T 473263 54 472546 53 6 0 2 0 0 602
198 G 459076 69 54 21 458471 0 0 0 7 454
199 G 464023 80 44 22 463365 0 0 0 5 507
200 T 435560 47 433422 66 17 0 3 0 0 2005
201 G 467735 107 54 23 467098 0 0 0 3 450
202 C 467214 48 39 466639 29 0 0 2 0 457
203 T 468068 24 467473 87 18 0 4 0 0 462
204 C 478221 65 45 477458 17 0 0 4 0 632
205 T 478128 30 477660 85 3 0 1 0 0 349
206 C 510830 74 30 510250 15 0 0 0 0 461
207 T 508344 52 507726 115 10 0 2 0 0 439
208 G 515216 199 70 17 514510 0 0 0 4 416
209 C 515708 91 45 515055 41 0 0 5 0 471
210 T 503365 39 502540 108 11 0 3 0 0 664
211 T 513665 17 513067 89 7 0 4 0 0 481
212 T 504548 41 504067 67 13 0 1 0 0 359
213 T 486147 26 485435 95 51 0 2 0 0 538
214 G 489256 109 36 18 488752 0 0 0 0 341
215 A 482778 482084 42 29 95 6 0 0 0 522
216 C 493612 39 184 492631 43 0 0 2 0 713
217 G 477213 169 56 22 476564 0 0 0 1 401
218 A 453929 453046 32 2 63 6 0 0 0 780
219 A 455284 454875 10 3 71 4 0 0 0 321
220 A 457436 456884 26 7 124 2 0 0 0 393
221 G 461331 90 46 15 460940 0 0 0 3 237
222 A 467289 466915 26 6 73 3 0 0 0 266
223 A 466149 465561 29 10 76 1 0 0 0 472
224 G 483538 68 51 11 483041 0 0 0 0 367
225 G 535344 113 59 20 534639 0 0 0 1 512
226 A 525162 524506 22 3 120 5 0 0 0 506
227 A 542578 542048 46 6 86 4 0 0 0 388
228 T 517537 90 516906 135 11 0 5 0 0 390
229 A 514035 513652 34 5 81 4 0 0 0 259
230 A 513335 512890 27 9 68 4 0 0 0 337
231 A 504687 504079 57 12 63 6 0 0 0 470
232 T 505749 78 505159 120 3 0 8 0 0 381
233 A 450340 449925 46 12 52 1 0 0 0 304
234 T 388552 32 388154 58 6 0 1 0 0 301
235 C 394410 45 57 393965 8 0 0 6 0 329
236 T 369831 31 369472 87 6 0 1 0 0 234
237 G 371114 95 55 18 370547 0 0 0 1 398
238 G 362290 46 26 14 362040 0 0 0 2 162
239 A 357374 356955 20 6 61 2 0 0 0 330
240 A 338191 337833 19 7 70 3 0 0 0 259
241 G 351847 56 23 10 351325 0 0 0 2 431
242 A 341041 340493 28 4 56 2 0 0 0 458
243 A 375031 374535 32 35 51 1 0 0 0 377
244 C 377690 52 50 377295 13 0 0 0 0 280
245 A 361753 361521 20 6 33 3 0 0 0 170
246 T 490162 45 489529 86 8 0 8 0 0 486
247 C 482202 53 50 481569 16 0 0 8 0 506
248 C 506632 70 59 505862 29 0 0 1 0 611
249 C 507574 79 61 506999 19 0 0 2 0 414
250 A 484291 483787 7 17 98 3 0 0 0 379
251 G 524215 114 37 19 523746 0 0 0 2 297
252 C 518603 73 127 517871 68 0 0 4 0 460
253 G 514332 260 70 71 513526 0 0 0 5 400
254 C 519238 64 87 518375 82 0 0 3 0 627
255 G 518541 137 102 66 517671 0 0 0 3 562
256 G 564181 68 82 16 563524 0 0 0 8 483
257 G 557373 87 68 28 556872 0 0 0 7 311
258 G 581043 118 67 18 580329 0 0 0 6 505
259 A 582755 582143 41 5 172 3 0 0 0 391
260 A 578430 577781 31 8 115 5 0 0 0 490
261 G 589918 130 137 16 589191 1 0 0 1 442
262 G 600154 103 57 18 599163 0 0 0 4 809
263 A 599285 598537 56 3 81 7 0 0 0 601
264 T 597935 55 596885 130 2 0 6 0 0 857
265 C 567613 69 50 566983 22 0 0 3 0 486
266 C 559764 84 61 559132 15 0 0 1 0 471
267 T 545815 25 545141 183 5 0 1 0 0 460
268 A 546240 545437 8 5 89 1 0 0 0 700
269 A 546621 546113 23 3 80 2 0 0 0 400
270 G 547287 84 30 5 546790 0 0 0 4 374
271 A 524216 523406 12 5 86 1 0 0 0 706
272 A 514322 513932 16 1 94 1 0 0 0 278
273 A 505767 505099 9 5 66 0 0 0 0 588
274 A 479379 478520 20 37 40 0 0 0 0 762
275 C 483689 56 40 482973 10 0 0 1 0 609
276 T 467086 28 466477 87 17 0 0 0 0 477
277 G 464602 79 104 24 463794 0 0 0 0 601
278 G 463164 48 50 10 462841 0 0 0 1 214
279 A 457503 456471 22 4 148 3 0 0 0 855
280 G 452554 45 44 10 452075 0 0 0 2 378
281 G 447811 46 39 13 447285 0 0 0 2 426
282 A 435979 434558 24 5 106 1 0 0 0 1285
283 C 476283 46 44 475919 25 0 0 6 0 243
284 C 469903 42 40 469552 14 0 0 6 0 249
285 C 469193 87 60 468359 19 0 0 1 0 667
286 A 528171 527658 47 32 63 3 0 0 0 368
287 T 519630 58 519212 52 5 0 6 0 0 297
288 A 617253 616658 49 9 77 6 0 0 0 454
289 T 615431 62 614828 125 13 0 5 0 0 398
290 A 554723 553928 59 9 77 13 0 0 0 637
291 C 563924 81 65 563439 20 0 0 8 0 311
292 A 493291 492829 26 14 103 2 0 0 0 317
293 A 495835 495439 37 16 98 6 0 0 0 239
294 G 489311 102 32 17 488868 0 0 0 4 288
295 A 387678 387307 24 3 66 5 0 0 0 273
296 G 392086 44 44 12 391800 0 0 0 3 183
297 A 368826 368360 44 3 64 3 0 0 0 352
298 G 374617 64 29 17 374170 0 0 0 2 335
299 T 382061 36 379278 52 14 0 3 0 0 2678
300 A 393685 393163 64 9 87 0 0 0 1 361
301 G 421416 68 51 13 420720 0 0 0 1 563
302 A 417610 417311 34 6 49 1 0 0 0 209
303 T 443189 40 442486 44 10 0 2 0 0 607
304 A 437427 436984 21 6 70 1 0 0 0 345
305 G 445061 73 32 12 444617 0 0 0 4 323
306 A 443834 443366 13 1 79 3 0 0 0 372
307 A 444545 443885 21 2 55 3 0 0 0 579
308 A 443353 443063 9 2 73 4 0 0 0 202
309 G 457650 69 22 10 456987 0 0 0 3 559
310 T 457713 33 456178 63 5 0 2 0 0 1432
311 G 467080 75 59 27 466508 0 0 0 0 411
312 G 467672 58 57 15 467094 0 0 0 3 445
313 A 467700 466742 28 1 88 1 0 0 0 840
314 T 471240 58 470884 40 6 0 0 0 0 252
315 G 484251 81 54 20 483555 0 0 0 1 540
316 A 486633 486140 48 9 92 1 0 0 0 343
317 G 488041 51 63 9 487519 0 0 0 3 396
318 G 485046 61 66 19 484459 0 0 0 2 439
319 G 486727 225 75 23 485506 0 0 0 1 897
320 A 489381 488911 30 7 90 2 0 0 0 341
321 A 490368 488684 29 10 84 3 0 0 0 1558
322 C 492137 61 54 491392 21 0 0 1 0 608
323 T 488650 41 488042 103 5 0 5 0 0 454
324 C 480841 70 105 480144 21 0 0 7 0 494
325 G 469113 102 33 21 468523 0 0 0 4 430
326 T 481633 26 480905 64 10 0 3 0 0 625
327 C 511230 68 50 510687 23 0 0 7 0 395
328 C 535188 82 41 534556 11 0 0 3 0 495
329 T 542002 14 541616 107 11 0 4 0 0 250
330 T 542126 29 541445 63 18 0 7 0 0 564
331 T 525112 43 524599 126 10 0 0 0 0 334
332 A 485395 484956 64 5 97 6 0 0 0 267
333 T 477218 48 476576 102 31 0 3 0 0 458
334 G 478923 298 73 16 478052 0 0 0 2 482
335 A 419477 418774 45 16 95 2 0 0 0 545
336 C 425211 66 60 424599 24 0 0 5 0 457
337 A 373244 372936 20 27 44 2 0 0 0 215
338 A 378465 378140 14 4 40 2 0 0 0 265
339 A 384922 384444 24 7 187 5 0 0 0 255
340 G 440016 92 35 10 439513 0 0 0 7 359
341 A 451401 451000 29 3 71 8 0 0 0 290
342 A 446021 445598 24 6 96 2 0 0 0 295
343 G 498456 94 31 9 497771 0 0 0 5 546
344 A 516814 516446 30 4 105 4 0 0 0 225
345 A 518149 517351 22 2 95 3 0 0 0 676
346 A 518574 517981 31 2 66 1 0 0 0 493
347 T 512601 43 512074 64 4 0 3 0 0 413
348 A 506222 505496 24 2 109 2 0 0 0 589
349 A 497518 497129 25 13 101 4 0 0 0 246
350 G 491857 69 52 10 491353 0 0 0 3 370
351 G 491399 29 29 24 490812 0 0 0 4 501
352 C 470755 60 85 470146 46 0 0 3 0 415
353 G 467504 99 67 15 467000 0 0 0 4 319
354 A 478273 477735 23 2 50 1 0 0 0 462
355 A 495444 494787 13 3 78 1 0 0 0 562
356 T 493597 32 492979 48 4 0 3 0 0 531
357 C 493417 65 25 492404 18 0 0 4 0 901
358 T 482912 30 481944 100 15 0 2 0 0 821
359 G 486895 74 52 10 486377 0 0 0 1 381
360 G 474763 69 37 9 473731 0 0 0 1 916
361 C 481961 74 99 481362 41 0 1 0 0 384
362 G 481944 124 47 34 480990 0 0 0 4 745
363 C 478058 42 36 477446 19 0 0 3 0 512
364 C 464075 46 44 463280 18 0 0 2 0 685
365 A 463606 463204 27 9 74 2 0 0 0 290
366 A 486190 485642 31 9 57 1 0 0 0 450
367 G 550007 139 54 27 549317 0 0 0 11 459
368 C 547784 59 72 547231 39 0 0 7 0 376
369 C 585978 67 65 585136 24 0 0 5 0 681
370 A 586822 586267 22 36 84 4 0 0 0 409
371 A 595226 594813 49 14 58 9 0 0 0 283
372 T 608357 106 607486 91 4 0 5 0 0 665
373 A 601848 601323 56 4 92 5 0 0 0 368
374 A 605387 604675 41 4 79 10 0 0 0 578
375 T 574881 44 574207 55 17 0 6 0 0 552
376 G 537152 128 70 16 536636 0 0 0 4 298
377 G 493467 77 45 16 493056 0 0 0 1 272
378 T 449822 57 447795 66 11 0 1 0 0 1892
379 G 452401 98 47 10 451916 0 0 0 2 328
380 A 448139 447598 30 3 77 2 0 0 0 429
381 T 447339 36 446940 52 4 0 3 0 0 304
382 G 442767 77 52 13 442015 0 0 0 2 608
383 A 444641 444198 44 7 79 2 0 0 0 311
384 T 453077 41 451997 72 4 0 0 0 0 963
385 G 447868 112 51 32 447374 0 0 0 1 298
386 C 441563 49 60 440956 39 0 0 1 0 458
387 A 437656 437262 15 4 98 0 0 0 0 277
388 A 432887 432350 19 7 53 2 0 0 0 456
389 C 424530 57 34 424134 22 0 0 0 0 283
390 A 415196 414343 13 8 61 3 0 0 0 768
391 G 416900 46 45 14 416604 0 0 0 4 187
392 C 402686 41 28 402101 16 0 0 0 0 500
393 T 390670 23 390357 49 7 0 2 0 0 232
394 G 456027 69 55 19 455498 0 0 0 1 385
395 G 468526 40 40 19 468143 0 0 0 4 280
396 T 469157 49 467540 77 7 0 3 0 0 1481
397 C 502455 79 42 502014 27 0 0 0 0 293
398 T 487922 25 487086 116 4 0 1 0 0 690
399 G 564554 143 62 46 563943 0 0 0 4 356
400 A 566685 565471 49 6 108 4 0 0 0 1047
401 C 602491 65 57 601839 30 0 0 5 0 495
402 T 614776 54 614125 157 8 0 7 0 0 425
403 C 617274 118 72 616679 28 0 0 2 0 375
404 A 616603 615548 64 18 89 3 0 0 0 881
405 C 666682 110 104 666110 30 0 0 13 0 315
406 A 666637 665759 69 17 121 21 0 0 0 650
407 T 684538 46 683958 87 12 0 14 0 0 421
408 G 647475 125 67 16 646724 0 0 0 7 536
409 A 672976 672382 49 5 125 7 0 0 0 408
410 T 650576 44 649919 77 8 0 5 0 0 523
411 G 657128 101 63 25 656234 0 0 0 3 702
412 A 642264 641550 53 8 89 13 0 0 0 551
413 T 636650 48 635780 70 8 0 8 0 0 736
414 C 575589 87 41 574950 36 0 0 5 0 470
415 T 569554 40 568970 175 33 0 2 0 0 334
416 G 553469 115 55 24 552511 0 0 0 1 763
417 G 557113 102 44 25 556536 0 0 0 2 404
418 C 543821 85 104 542460 28 0 0 2 0 1142
419 A 541372 540795 30 4 69 1 0 0 0 473
420 T 533372 13 532704 61 10 0 1 0 0 583
421 T 529663 25 529245 93 3 0 1 0 0 296
422 C 530221 67 52 529382 19 0 0 1 0 700
423 C 528654 82 69 527879 28 0 0 2 0 594
424 A 529673 529034 21 10 74 0 0 0 0 534
425 A 527568 526895 28 3 52 3 0 0 0 587
426 T 523218 23 522733 51 10 0 2 0 0 399
427 T 522770 16 522253 67 3 0 1 0 0 430
428 T 516808 23 515752 76 14 0 2 0 0 941
429 G 519263 115 59 28 518836 0 0 0 1 224
430 A 508503 507677 39 2 88 3 0 0 0 694
431 A 508252 507957 19 3 78 0 0 0 0 195
432 T 513560 51 512876 58 5 0 1 0 0 569
433 G 482966 62 64 14 482541 0 0 0 4 281
434 A 520571 519850 50 2 77 2 0 0 0 590
435 T 517051 55 516593 58 4 0 3 0 0 338
436 A 517447 516741 48 9 108 2 0 0 0 539
437 C 555142 77 78 554690 31 0 0 2 0 264
438 A 526192 525725 22 22 121 6 0 0 0 296
439 A 612606 611900 55 22 104 11 0 0 0 514
440 C 618662 81 63 617896 29 0 0 11 0 582
441 A 621565 620971 45 23 72 11 0 0 0 443
442 T 637985 52 637307 112 4 0 7 0 0 503
443 A 533842 532398 56 20 62 4 0 0 0 1302
444 C 546911 63 57 546432 34 0 0 7 0 318
445 C 549033 88 56 548630 21 0 0 6 0 232
446 A 535730 535185 43 18 121 3 0 0 0 360
447 G 549872 109 55 16 549212 0 0 0 3 477
448 A 490647 490120 24 13 116 1 0 0 0 373
449 G 530900 89 48 10 530147 0 0 0 8 598
450 G 522005 82 28 13 521592 0 0 0 5 285
451 A 523898 522650 48 16 111 3 0 0 0 1070
452 C 529797 51 64 529051 29 0 0 1 0 601
453 A 519326 518816 42 8 79 2 0 0 0 379
454 A 525854 525076 39 16 90 2 0 0 0 631
455 G 540221 102 41 19 539613 0 0 0 1 445
456 A 556067 555292 22 7 75 6 0 0 0 665
457 G 572096 87 57 19 571097 0 0 0 1 835
458 C 591794 62 56 591144 33 0 0 1 0 498
459 T 590793 19 589984 99 3 0 0 0 0 688
460 C 595394 61 51 594757 15 0 0 0 0 510
461 T 593312 38 592583 83 7 0 4 0 0 597
462 T 601616 54 600995 69 5 0 2 0 0 491
463 G 606104 79 47 12 605067 0 0 0 3 896
464 T 611999 60 610887 102 8 0 1 0 0 941
465 T 611127 40 610400 75 4 0 2 0 0 606
466 C 614130 82 162 612891 33 0 0 1 0 961
467 G 610370 213 64 40 609646 0 0 0 1 406
468 C 625985 50 92 625123 34 0 0 1 0 685
469 A 619499 617504 34 11 98 0 0 0 0 1852
470 C 622162 53 115 621365 35 0 0 1 0 593
471 C 616799 82 159 615883 29 0 0 1 0 645
472 G 625457 304 66 17 624304 0 0 0 2 764
473 G 630543 176 72 33 629516 0 0 0 1 745
474 C 659773 96 98 659123 43 0 0 2 0 411
475 A 663254 662437 60 7 127 4 0 0 0 619
476 T 701240 32 700468 97 17 0 5 0 0 621
477 G 696158 166 109 34 695205 0 0 0 2 642
478 G 733813 112 44 29 733142 0 0 0 5 481
479 A 774330 773321 54 6 129 8 0 0 0 812
480 T 789881 87 788826 141 14 0 7 0 0 806
481 C 731389 72 98 730556 15 0 0 4 0 644
482 C 693716 112 66 693224 27 0 0 5 0 282
483 C 645096 130 89 644300 24 0 0 7 0 546
484 A 655960 655293 24 28 204 5 0 0 0 406
485 G 688425 108 72 22 687368 0 0 0 10 845
486 G 662474 123 67 22 661860 0 0 0 11 391
487 A 630526 629530 55 8 121 4 0 0 0 808
488 T 553720 21 553256 71 8 0 5 0 0 359
489 G 562586 122 44 26 561704 0 0 0 3 687
490 T 543594 41 542632 75 12 0 5 0 0 829
491 G 544052 180 65 27 543403 0 0 0 1 376
492 C 546578 62 68 546086 33 0 0 2 0 327
493 T 529659 26 528797 88 20 0 1 0 0 727
494 C 545870 83 58 545088 33 0 0 3 0 605
495 T 528907 31 527791 90 10 0 2 0 0 983
496 C 537555 69 30 536836 16 0 0 0 0 604
497 T 536418 44 535721 109 8 0 1 0 0 535
498 G 511290 70 67 19 510885 0 0 0 0 249
499 A 511917 511191 42 1 63 1 0 0 0 619
500 T 504187 31 503774 76 5 0 2 0 0 299
501 G 498473 105 63 27 497505 0 0 0 1 772
502 C 500004 69 104 499192 31 0 0 1 0 607
503 A 475572 475045 25 9 122 0 0 0 0 371
504 G 477759 65 47 12 477229 0 0 0 3 403
505 G 457986 51 27 13 457535 0 0 0 2 358
506 G 476631 58 34 15 476226 0 0 0 4 294
507 T 463518 27 459656 71 10 0 1 0 0 3753
508 T 466149 29 465604 41 1 0 0 0 0 474
509 C 466888 48 122 466019 13 0 0 3 0 683
510 G 467113 153 53 13 466440 0 0 0 3 451
511 A 471455 467779 43 10 85 1 0 0 0 3537
512 C 468472 34 39 468119 18 0 0 2 0 260
513 T 458693 13 458094 83 7 0 1 0 0 495
514 C 505275 71 48 504921 19 0 0 2 0 214
515 T 513314 45 512458 150 18 0 2 0 0 641
516 C 636103 72 173 635409 12 0 0 8 0 429
517 C 624682 70 70 623996 26 0 0 7 0 513
518 C 622908 93 90 622196 13 0 0 9 0 507
519 T 619937 65 619285 143 9 0 2 0 0 433
520 A 675860 675285 42 6 148 2 0 0 0 377
521 G 641458 82 83 18 640782 0 0 0 10 483
522 G 620243 118 46 18 619714 0 0 0 8 339
523 A 560694 559832 46 3 119 11 0 0 0 683
524 G 564894 60 35 9 564412 0 0 0 10 368
525 G 536488 69 22 21 535725 0 0 0 3 648
526 T 528348 22 525750 82 14 0 3 0 0 2477
527 C 522665 72 48 522123 17 0 0 4 0 401
528 T 537518 30 536921 253 22 0 5 0 0 287
529 G 537939 96 60 18 537076 0 0 0 3 686
530 G 540758 73 35 16 540315 0 0 0 2 317
531 A 539395 537810 17 7 123 2 0 0 0 1436
532 G 553001 67 54 22 552459 0 0 0 3 396
533 C 546769 71 48 545583 19 0 0 4 0 1044
534 T 533147 12 532431 131 18 0 2 0 0 553
535 G 535378 212 61 25 534688 0 0 0 1 391
536 C 539274 71 94 538860 27 0 0 2 0 220
537 A 541464 540247 59 28 259 3 0 0 0 868
538 G 558262 75 53 14 557831 0 0 0 5 284
539 G 569823 56 43 21 568371 0 0 0 2 1330
540 C 568027 76 118 567080 47 0 0 6 0 700
541 G 563466 142 64 28 562712 0 0 0 1 519
542 C 569652 69 62 569073 15 0 0 1 0 432
543 T 561669 13 560590 191 14 0 1 0 0 860
544 G 583411 250 56 29 582700 0 0 0 2 374
545 C 575584 82 240 573856 39 0 0 2 0 1365
546 A 620801 619984 63 9 180 2 0 0 0 563
547 G 646843 104 47 18 645994 0 0 0 9 671
548 T 657730 48 656412 81 40 0 8 0 0 1141
549 C 668770 80 107 668136 27 0 0 1 0 419
550 A 665342 664759 42 48 99 5 0 0 0 389
551 A 661438 660679 34 19 75 0 0 0 0 631
552 A 661620 660783 49 46 423 3 0 0 0 316
553 G 645153 115 54 7 644058 0 0 0 3 916
554 G 668689 96 37 26 668132 0 0 0 4 394
555 A 607671 606547 33 6 162 7 0 0 0 916
556 G 599329 143 42 5 598724 0 0 0 1 414
557 T 587837 33 586256 76 20 0 4 0 0 1448
558 T 573643 28 573208 75 16 0 3 0 0 313
559 G 583509 110 75 20 582626 0 0 0 2 676
560 G 591765 110 56 34 591283 0 0 0 4 278
561 G 594529 144 46 31 593696 0 0 0 5 607
562 A 582662 581571 54 32 120 4 0 0 0 881
563 C 527520 60 85 526715 27 0 0 4 0 629
564 A 479671 479122 38 9 95 3 0 0 0 404
565 A 409432 409092 34 6 48 0 0 0 0 252
566 T 412919 26 412584 46 13 0 1 0 0 249
567 G 424375 82 41 13 423794 0 0 0 8 437
568 G 432014 63 35 13 431611 0 0 0 5 287
569 T 398733 39 396301 64 12 0 4 0 0 2313
570 G 398822 84 58 9 398413 0 0 0 2 256
571 A 395830 395182 42 4 71 1 0 0 0 530
572 T 396289 27 395852 51 8 0 4 0 0 347
573 G 390981 53 50 7 390572 0 0 0 5 294
574 G 361904 52 23 8 361576 0 0 0 4 241
575 A 433725 433100 48 6 115 4 0 0 0 452
576 G 454014 100 22 10 453481 0 0 0 1 400
577 T 444333 39 443271 50 18 0 5 0 0 950
578 T 508826 29 508315 76 9 0 7 0 0 390
579 G 543215 116 69 17 542641 0 0 0 6 366
580 A 546662 546091 55 7 96 5 0 0 0 408
581 T 535124 37 534644 81 10 0 4 0 0 348
582 A 531847 531351 19 2 111 12 0 0 0 352
583 A 518946 518398 33 9 104 3 0 0 0 399
584 G 551752 70 76 15 550848 0 0 0 7 736
585 G 583967 121 53 16 583479 0 0 0 11 287
586 A 585914 585250 40 14 95 8 0 0 0 507
587 T 536427 44 535976 68 9 0 5 0 0 325
588 G 557119 104 54 28 556586 0 0 0 10 337
589 A 561660 561068 42 3 91 6 0 0 0 450
590 T 563424 82 562886 74 3 0 2 0 0 377
591 C 560448 91 56 559692 29 0 0 5 0 575
592 A 556643 556145 14 23 72 4 0 0 0 385
593 A 540237 539675 9 7 72 1 0 0 0 473
594 A 542140 540741 16 44 55 2 0 0 0 1282
595 C 529237 77 76 528559 31 0 0 2 0 492
596 G 518873 113 67 16 518292 0 0 0 3 382
597 T 500375 28 499299 53 22 0 2 0 0 971
598 G 493822 115 56 12 493393 0 0 0 0 246
599 G 499552 86 57 15 499112 0 0 0 0 282
600 G 514674 89 53 14 513683 0 0 0 2 833
601 A 516563 515778 67 6 101 1 0 0 0 610
602 T 516246 31 515741 74 3 0 5 0 0 392
603 C 506687 51 61 506073 21 0 0 5 0 476
604 A 500877 500361 21 6 96 2 0 0 0 391
605 A 502554 502008 21 8 68 2 0 0 0 447
606 T 501156 36 500238 44 11 0 3 0 0 824
607 G 512369 57 48 19 511880 0 0 0 6 359
608 A 501702 500548 50 6 54 6 0 0 0 1038
609 T 473667 34 473258 46 5 0 3 0 0 321
610 C 489082 65 79 488551 13 0 0 0 0 374
611 G 487846 136 76 13 487279 0 0 0 2 340
612 G 530720 95 42 33 530370 0 0 0 2 178
613 A 532328 531808 12 6 77 0 0 0 0 425
614 A 517834 517000 22 6 123 2 0 0 0 681
615 C 649232 68 40 648711 14 0 0 8 0 391
616 T 636897 29 636168 133 14 0 9 0 0 544
617 T 625318 32 624553 106 6 0 5 0 0 616
618 C 634764 77 59 634027 33 0 0 2 0 566
619 T 637804 64 637127 165 22 0 11 0 0 415
620 G 640619 148 75 27 640025 0 0 0 4 340
621 G 647195 128 56 22 646409 0 0 0 6 574
622 A 637701 636893 37 6 168 20 0 0 1 576
623 G 613610 57 57 22 613160 0 0 0 15 299
624 A 488252 487662 26 32 125 2 0 1 0 404
625 G 522660 70 54 9 522209 0 0 0 2 316
626 G 554114 58 25 14 553794 0 0 0 2 221
627 T 526310 48 518720 89 55 0 1 0 0 7397
628 G 520709 93 91 14 520225 0 0 0 1 285
629 A 519047 518397 34 3 147 1 0 0 0 465
630 A 523421 522556 25 6 80 3 0 0 0 751
631 A 526225 525223 20 7 354 3 0 0 0 618
632 A 521381 520557 62 8 47 3 0 0 0 704
633 T 504850 39 504200 51 22 0 3 0 0 535
634 G 474339 65 53 20 474072 0 0 0 2 127
635 G 472257 50 44 13 471591 0 0 0 1 558
636 A 472442 471909 30 2 116 1 0 0 0 384
637 C 462692 69 110 462154 25 0 0 0 0 334
638 G 460488 109 34 20 459842 0 0 0 1 482
639 A 460750 460397 23 4 85 3 0 0 0 238
640 A 464769 464312 8 26 68 2 0 0 0 353
641 A 466113 465603 4 4 48 1 0 0 0 453
642 A 461778 461169 11 17 45 1 0 0 0 535
643 A 459622 458594 31 125 50 1 0 0 0 821
644 C 453422 66 27 452335 12 0 0 3 0 979
645 A 451795 451051 26 14 96 0 0 0 0 608
646 A 449635 449273 19 11 104 6 0 0 0 222
647 G 459652 85 45 13 459147 0 0 0 5 357
648 G 438817 82 36 15 438429 0 0 0 4 251
649 A 418805 418320 34 3 90 3 0 0 0 355
650 G 423142 69 21 7 422775 0 0 0 2 268
651 T 400401 35 397390 60 15 0 1 0 0 2900
652 G 414897 77 49 10 414485 0 0 0 2 274
653 C 409486 51 41 409158 34 0 0 3 0 199
654 T 403538 19 402713 50 2 0 0 0 0 754
655 T 425847 21 425544 60 7 0 1 0 0 214
656 A 405544 405031 9 20 68 2 0 0 0 414
657 C 443314 85 116 442697 38 0 0 5 0 373
658 G 442554 92 57 22 442194 0 0 0 4 185
659 A 392395 391893 31 7 84 6 0 0 0 374
660 G 437747 47 91 14 437401 0 0 0 7 187
661 A 353162 352747 36 4 97 2 0 0 0 276
662 G 362884 76 34 9 362581 0 0 0 1 183
663 A 353912 353607 24 4 82 1 0 0 0 194
664 A 303822 303480 18 2 62 2 0 0 0 258
665 T 305584 37 305192 52 5 0 2 0 0 296
666 G 318828 86 33 13 318254 0 0 0 5 437
667 T 378558 51 377234 76 22 0 7 0 0 1168
668 G 397997 102 85 21 397506 0 0 0 4 279
669 C 400670 43 84 399858 47 0 0 3 0 635
670 A 395644 395375 24 19 57 2 0 0 0 167
671 A 407557 406946 45 7 50 2 0 0 0 507
672 C 440331 56 51 439937 8 0 0 2 0 277
673 A 439080 438584 28 8 46 1 0 0 0 413
674 T 428059 16 427615 89 7 0 5 0 0 327
675 T 429149 23 428560 91 6 0 5 0 0 464
676 C 437286 56 47 436618 18 0 0 6 0 541
677 T 436723 40 436246 104 5 0 4 0 0 324
678 C 456053 49 48 455569 9 0 0 2 0 376
679 A 454223 453530 16 16 62 4 0 0 0 595
680 A 455788 455318 30 8 58 1 0 0 0 373
681 A 455332 454411 12 6 130 6 0 0 0 767
682 G 467176 58 39 12 466708 0 0 0 2 357
683 G 477293 75 36 13 476827 0 0 0 4 338
684 A 473725 473327 29 8 126 1 0 0 0 234
685 A 472533 472020 13 7 82 1 0 0 1 409
686 A 472871 472251 7 0 46 2 0 0 0 565
687 A 503089 502562 67 4 58 1 0 0 0 397
688 T 504831 29 504069 67 9 0 6 0 0 651
689 T 497648 16 497170 66 4 0 0 0 0 392
690 T 497367 30 496848 87 2 0 5 0 0 395
691 C 477644 68 71 476761 21 0 0 2 0 721
692 A 476366 475732 21 15 121 4 0 0 0 473
693 A 476823 476074 10 10 60 2 0 0 0 667
694 A 477554 477090 25 39 48 3 0 0 0 349
695 C 497572 57 35 497058 22 0 0 2 0 398
696 A 473753 473416 22 15 59 3 0 0 0 238
697 G 489048 81 50 20 488375 0 0 0 4 518
698 C 494205 58 35 493706 25 0 0 2 0 379
699 T 460065 37 459380 122 15 0 3 0 0 508
700 G 488911 162 71 33 488075 0 0 0 2 568
701 C 418437 74 59 417994 40 0 0 2 0 268
702 A 421067 420075 59 29 81 5 0 0 0 818
703 C 414660 73 63 413977 11 0 0 1 0 535
704 A 413683 413285 13 30 64 4 0 0 0 287
705 A 412483 411879 32 4 56 2 0 0 0 510
706 A 401819 401477 19 9 150 1 0 0 0 163
707 G 439048 118 48 12 438493 0 0 0 9 368
708 G 439800 127 30 16 439365 0 0 0 7 255
709 G 414018 63 55 43 413447 0 0 0 3 407
710 C 409445 35 90 408722 110 0 0 3 0 485
711 A 402524 402141 18 12 77 6 0 0 0 270
712 A 436594 436110 33 5 69 4 0 0 0 373
713 T 412623 41 412176 46 20 0 3 0 0 337
714 G 413805 76 55 13 413242 0 0 0 3 416
715 A 383171 382664 36 2 88 4 0 0 0 377
716 T 395863 51 395463 52 10 0 6 0 0 281
717 G 393022 118 52 20 392464 0 0 0 3 365
718 G 431298 84 63 14 430843 0 0 0 3 291
719 A 431322 430773 42 3 95 2 0 0 0 407
720 T 422992 49 422383 64 6 0 4 0 0 486
721 C 405062 49 34 404763 15 0 0 3 0 198
722 A 407909 407452 28 6 95 3 0 0 0 325
723 A 454577 454122 25 3 73 4 0 0 0 350
724 G 458492 94 30 11 457897 0 0 0 4 456
725 T 458074 43 456980 66 7 0 2 0 0 976
726 G 462333 89 46 17 461766 0 0 0 1 414
727 A 451619 451019 46 6 114 1 0 0 0 433
728 G 464707 92 38 11 464323 0 0 0 1 242
729 A 463249 462347 42 10 125 1 0 0 0 724
730 G 465639 71 30 16 465165 0 0 0 4 353
731 A 456770 456216 15 4 79 3 0 0 0 453
732 A 442564 442177 16 6 59 2 0 0 0 304
733 A 460532 460113 5 2 123 2 0 0 0 287
734 G 465418 70 22 11 464887 0 0 0 0 428
735 T 464622 36 463016 51 8 0 2 0 0 1509
736 C 451525 47 90 450861 8 0 0 3 0 516
737 G 447327 141 60 13 446498 0 0 0 2 613
738 G 450043 80 21 12 449728 0 0 0 2 200
739 A 448004 447321 16 4 79 0 0 0 0 584
740 A 450938 449884 27 10 57 0 0 0 0 960
741 C 455933 76 68 455026 15 0 0 1 0 747
742 C 474751 35 21 474359 10 0 0 2 0 324
743 C 479524 75 54 479068 11 0 0 0 0 316
744 A 470576 470178 25 31 117 0 0 0 0 225
745 G 482220 98 63 21 481755 0 0 0 1 282
746 G 476672 81 47 13 476187 0 0 0 2 342
747 A 472173 471509 34 9 101 4 0 0 0 516
748 A 477095 476600 20 6 71 3 0 0 0 395
749 A 442606 442079 42 7 59 2 0 0 0 417
750 T 461667 46 461174 55 30 0 5 0 0 357
751 G 464543 95 54 41 463798 0 0 0 1 554
752 C 500645 99 87 499994 31 0 0 7 0 427
753 T 482571 23 482084 109 27 0 4 0 0 324
754 G 487919 81 58 22 487429 0 0 0 6 323
755 A 450041 449549 38 8 100 0 0 0 0 346
756 G 466929 63 35 12 466337 0 0 0 4 478
757 A 465428 464811 32 6 106 8 0 0 0 465
758 T 468627 35 468096 65 9 0 5 0 0 417
759 C 453959 85 115 453368 37 0 0 4 0 350
760 G 452522 172 67 28 452025 0 0 0 4 226
761 A 431804 430988 36 6 73 1 0 0 0 700
762 A 428672 428091 25 11 97 6 0 0 0 442
763 G 467379 42 34 17 466856 0 0 0 4 426
764 A 466664 465866 49 5 80 5 0 0 0 659
765 T 440446 29 439892 91 1 0 4 0 0 429
766 C 437362 63 41 436905 15 0 0 4 0 334
767 T 413556 50 412878 105 10 0 2 0 0 511
768 C 424342 55 103 423840 17 0 0 0 0 327
769 A 422690 422105 15 23 56 2 0 0 0 489
770 T 423745 45 423272 59 26 0 2 0 0 341
771 C 420044 63 40 419425 14 0 0 0 0 502
772 T 392043 22 391645 62 5 0 1 0 0 308
773 T 398669 19 397840 59 3 0 2 0 0 746
774 T 400425 35 400061 59 2 0 2 0 0 266
775 C 397694 37 35 397009 10 0 0 2 0 601
776 T 397264 42 396991 58 6 0 1 0 0 166
777 G 391057 80 35 18 390395 0 0 0 1 528
778 G 397657 76 43 30 397241 0 0 0 2 265
779 C 395753 77 84 394998 44 0 0 0 0 550
780 A 395140 394449 19 7 86 2 0 0 0 577
781 C 391469 33 93 390934 19 0 0 1 0 389
782 G 429332 92 36 10 428947 0 0 0 6 241
783 G 446155 79 38 11 445346 0 0 0 4 677
784 T 445446 31 444613 52 14 0 3 0 0 733
785 C 447748 52 40 446946 24 0 0 3 0 683
786 T 454359 22 453854 188 9 0 2 0 0 284
787 G 450904 160 63 24 450296 0 0 0 4 357
788 C 462920 67 99 462351 27 0 0 1 0 375
789 A 448264 446909 45 11 83 2 0 0 0 1214
790 C 448350 66 88 447905 18 0 0 0 0 273
791 T 411117 37 410738 83 8 0 2 0 0 249
792 C 436424 64 86 435845 28 0 0 2 0 399
793 A 447087 446666 33 12 59 4 0 0 0 313
794 T 437545 35 437153 76 2 0 5 0 0 274
795 A 423924 423284 43 2 60 1 0 0 0 534
796 T 441781 45 441422 40 23 0 3 0 0 248
797 T 444300 39 443357 48 9 0 0 0 0 847
798 G 486551 112 51 23 486106 0 0 0 2 257
799 A 466380 465179 40 13 111 7 0 0 0 1030
800 G 496978 101 40 21 496492 0 0 0 6 318
801 A 449417 444906 19 14 164 0 0 0 0 4314
802 G 455627 92 51 13 455189 0 0 0 0 282
803 G 476475 65 65 17 475913 0 0 0 2 413
804 G 477289 93 49 15 476808 0 0 0 3 321
805 T 469022 65 466603 82 12 0 5 0 0 2255
806 C 471187 57 57 470463 25 0 0 1 0 584
807 A 466572 465365 34 9 111 1 0 0 0 1052
808 G 474284 72 31 10 473504 0 0 0 1 666
809 T 472982 33 471874 51 8 0 2 0 0 1014
810 T 468881 49 468476 58 2 0 4 0 0 292
811 G 471497 79 53 28 470407 0 0 0 2 928
812 C 455296 50 67 454673 20 0 0 0 0 486
813 T 455360 29 453921 82 6 0 1 0 0 1321
814 C 459385 44 72 458988 17 0 0 1 0 263
815 A 457759 456809 40 14 52 0 0 0 0 844
816 C 458908 63 66 451358 27 0 0 0 0 7394
817 A 453458 452715 21 8 46 0 0 0 0 668
818 A 454724 454222 26 2 55 1 0 0 0 418
819 A 454202 453173 71 8 53 0 0 0 0 897
820 T 451813 26 451376 82 1 0 2 0 0 326
821 C 446740 45 71 442644 15 0 0 1 0 3964
822 T 439410 29 439075 83 7 0 4 0 0 212
823 T 419135 15 418501 58 25 0 2 0 0 534
824 G 418861 55 41 11 418034 0 0 0 0 720
825 T 395094 51 394463 73 11 0 4 0 0 492
826 C 394605 63 55 393919 10 0 0 3 0 555
827 T 321898 38 319427 26 4 0 0 0 0 2403
828 G 320008 36 39 15 318978 0 0 0 0 940
829 C 314732 79 132 314044 29 0 0 0 0 448
830 C 313038 55 68 312651 32 0 0 0 0 232
831 C 262434 79 108 261685 31 0 0 1 0 530
832 G 239947 123 61 35 239537 0 0 0 0 191
833 C 243569 55 40 243252 14 0 0 2 0 206
834 C 242098 60 38 241831 14 0 0 2 0 153
835 T 227982 18 227556 185 24 0 0 0 0 199
836 G 224949 50 31 2 224827 0 0 0 1 38
837 T 214904 28 214524 46 12 0 0 0 0 294
838 G 226221 28 29 8 226021 0 0 0 1 134
839 T 193849 18 193509 35 8 0 0 0 0 279
840 G 211605 61 18 5 211118 0 0 0 0 403
841 T 148836 14 148588 33 3 0 1 0 0 197
842 A 147922 147324 12 1 36 0 0 0 0 549
843 T 145874 13 143132 23 7 0 1 0 0 2698
844 G 143383 40 19 8 143261 0 0 0 1 54
845 G 159821 43 14 7 159351 0 0 0 0 406
846 A 155770 119689 18 3 42 0 0 0 0 36018
847 C 157934 31 52 157726 20 0 0 0 0 105
848 C 161834 27 19 161701 5 0 0 1 0 81
849 T 158627 14 158447 50 6 0 1 0 0 109
850 G 286092 96 31 25 285803 0 0 0 2 135
851 C 288627 32 71 288321 17 0 0 2 0 184
852 C 288837 41 87 288588 11 0 0 0 0 110
853 G 289348 76 39 15 288945 0 0 0 0 273
854 T 308132 32 307817 63 8 0 1 0 0 211
855 A 319963 319480 10 3 79 2 0 0 0 389
856 G 336367 43 33 19 335974 0 0 0 0 298
857 C 337144 36 32 336791 16 0 0 2 0 267
858 C 351350 25 52 351128 14 0 0 2 0 129
859 A 422698 422146 37 50 58 1 0 0 0 406
860 G 428279 103 39 25 427894 0 0 0 2 216
861 T 428399 34 427785 55 18 0 0 0 0 507
862 G 462539 71 39 16 462078 0 0 0 5 330
863 G 462330 34 50 11 461931 0 0 0 1 303
864 C 468569 50 56 468203 18 0 0 2 0 240
865 T 466703 25 465831 129 5 0 1 0 0 712
866 A 470633 470014 43 2 78 3 0 0 0 493
867 C 468094 33 139 466974 13 0 0 1 0 934
868 G 506375 124 27 12 505673 0 0 0 1 538
869 A 507573 506609 32 6 56 2 0 0 0 868
870 C 512088 46 57 511649 17 0 0 2 0 317
871 T 504554 13 504166 78 6 0 4 0 0 287
872 T 507361 33 506901 56 4 0 3 0 0 364
873 C 507166 83 99 506153 32 0 0 2 0 797
874 G 510491 132 60 31 509999 0 0 0 4 265
875 A 511468 510803 24 11 125 2 0 0 0 503
876 A 511675 511431 6 11 71 2 0 0 0 154
877 A 511784 511115 7 9 79 0 0 0 0 574
878 A 512493 511868 25 2 58 3 0 0 0 537
879 A 510847 509705 18 10 247 1 0 0 0 866
880 G 514202 117 34 15 513621 0 0 0 0 415
881 A 506494 505813 30 4 160 2 0 0 0 485
882 G 502441 75 49 14 502045 0 0 0 0 258
883 G 500455 56 50 13 499884 0 0 0 1 451
884 G 496330 99 91 17 495691 0 0 0 2 430
885 A 483545 482766 40 3 97 4 0 0 0 635
886 T 479334 43 478987 50 5 0 6 0 0 243
887 A 433852 429356 29 8 77 1 0 0 0 4381
888 C 432940 55 33 432695 14 0 0 1 0 142
889 T 395287 38 394541 71 1 0 2 0 0 634
890 C 405555 37 39 405146 20 0 0 2 0 311
891 T 431463 21 430931 82 12 0 9 0 0 408
892 T 425938 15 425480 68 6 0 4 0 0 365
893 T 427569 32 427242 58 9 0 1 0 0 227
894 A 444609 444274 34 8 90 4 0 0 0 199
895 G 458414 88 57 27 457980 0 0 0 5 257
896 T 439656 35 438857 53 36 0 6 0 0 669
897 G 429341 77 56 10 428906 0 0 0 3 289
898 G 433451 68 69 15 433020 0 0 0 2 277
899 G 433466 102 38 14 433026 0 0 0 11 275
900 A 535768 535203 48 8 123 17 0 0 0 369
901 A 547279 546570 40 6 80 5 0 0 0 578
902 T 548052 71 547486 80 5 0 1 0 0 409
903 A 539841 539078 34 9 167 9 0 0 0 544
904 G 548200 183 79 28 547483 0 0 0 2 425
905 A 553627 549817 37 22 77 4 0 1 0 3669
906 C 567733 61 59 567369 29 0 0 3 0 212
907 C 560290 54 35 559805 21 0 0 3 0 372
908 C 629940 81 43 629476 22 0 0 14 0 304
909 T 631041 34 630132 289 24 0 15 0 0 547
910 T 641340 38 640550 175 13 0 4 0 0 560
911 T 615376 48 614782 147 1 0 2 0 0 396
912 C 616941 66 108 616413 29 0 0 6 0 319
913 A 615254 614395 20 31 84 0 0 0 0 724
914 A 619435 618465 27 5 59 0 0 0 0 879
915 A 626714 626044 36 41 57 7 0 0 0 529
916 C 627345 59 50 626263 20 0 0 2 0 951
917 T 617562 28 616970 111 7 0 0 0 0 446
918 G 624387 122 73 31 623962 0 0 0 4 195
919 C 629791 43 29 628791 38 0 0 2 0 888
920 T 630868 24 630367 92 17 0 1 0 0 367
921 T 630147 69 629518 86 4 0 2 0 0 468
922 C 635788 48 88 634677 20 0 0 4 0 951
923 A 634307 633639 33 35 100 1 0 0 0 499
924 A 634852 634319 25 5 66 0 0 0 0 437
925 A 634662 633306 11 10 61 1 0 0 0 1273
926 A 633792 632957 21 88 90 5 0 0 0 631
927 C 635851 69 83 635103 22 0 0 5 0 569
928 A 619926 619160 40 9 88 1 0 0 0 628
929 G 640755 115 71 40 640117 0 0 0 2 410
930 C 644875 80 64 644528 25 0 0 2 0 176
931 C 668389 68 80 667184 30 0 0 0 0 1027
932 A 662811 662445 41 14 90 0 0 0 0 221
933 A 665318 664237 18 10 93 7 0 0 0 953
934 G 747103 141 59 21 746448 0 0 0 7 427
935 T 766116 73 764371 98 18 0 8 0 0 1548
936 A 744458 743810 45 3 115 3 0 0 0 482
937 T 729486 55 728583 95 6 0 4 0 0 743
938 A 703218 702024 64 9 102 13 0 0 0 1006
939 C 677309 90 228 676691 33 0 0 3 0 264
940 A 652238 651557 28 25 158 5 0 0 0 465
941 G 745639 116 89 46 744931 0 0 0 11 446
942 C 754767 85 89 754132 56 0 0 10 0 395
943 C 652078 75 58 651572 20 0 0 6 0 347
944 T 736654 48 735952 203 10 0 6 0 0 435
945 A 768246 767681 26 11 106 7 0 0 0 415
946 A 776754 775863 57 22 76 4 0 0 0 732
947 T 771508 54 770615 104 0 0 13 0 0 722
948 C 690126 91 112 689259 17 0 0 4 0 643
949 A 620663 619838 24 16 179 4 0 0 0 602
950 G 622126 109 50 23 621535 0 0 0 0 409
951 A 622673 621163 16 11 93 5 0 0 0 1385
952 C 627012 54 63 626477 55 0 0 5 0 358
953 C 615242 74 83 614693 22 0 0 3 0 367
954 G 618382 121 49 14 617549 0 0 0 2 647
955 A 629898 629324 32 7 70 1 0 0 0 464
956 A 643636 642721 23 6 100 1 0 0 0 785
957 C 635959 60 158 634985 25 0 0 2 0 729
958 G 635541 93 44 9 634371 0 0 0 4 1020
959 A 646644 646081 75 3 98 2 0 0 0 385
960 G 650043 60 42 19 648887 0 0 0 4 1031
961 A 658899 658295 20 3 90 4 0 0 0 487
962 A 680947 680212 31 5 75 1 0 0 0 623
963 T 678809 53 677423 118 5 0 2 0 0 1208
964 C 674001 84 53 673085 25 0 0 2 0 752
965 C 676873 70 104 676167 30 0 0 5 0 497
966 A 669689 668816 27 19 400 4 0 0 0 423
967 G 688152 106 70 31 687488 0 0 0 1 456
968 C 679671 72 112 678743 43 0 0 7 0 694
969 A 715468 714040 75 17 131 2 0 0 0 1203
970 C 742122 76 89 740607 39 0 0 4 0 1307
971 A 723979 722734 92 26 82 6 0 0 0 1039
972 C 734804 104 86 734085 35 0 0 4 0 490
973 A 731189 730250 22 12 206 3 0 0 0 696
974 A 737003 736407 43 13 162 7 0 0 0 371
975 G 743913 150 65 21 742165 0 0 0 9 1503
976 A 691606 691038 53 6 113 6 0 0 0 390
977 G 697555 100 41 27 696443 0 0 0 5 939
978 T 605131 58 602146 80 17 0 2 0 0 2828
979 C 633301 94 78 632666 27 0 0 4 0 432
980 A 598495 597627 23 17 165 6 0 0 0 657
981 G 599019 63 77 31 598484 0 0 0 3 361
982 C 598875 87 133 598118 26 0 0 6 0 505
983 T 496269 25 495876 71 34 0 3 0 0 260
984 G 533121 61 63 40 532456 0 0 0 4 497
985 G 541473 45 67 10 540979 0 0 0 6 366
986 T 536475 28 534241 42 44 0 7 0 0 2113
987 G 613021 274 65 22 612168 0 0 0 1 491
988 T 594604 39 593205 73 83 0 3 0 0 1201
989 G 594175 196 76 18 593352 0 0 0 5 528
990 G 522470 95 80 12 521861 0 0 0 5 417
991 A 518418 517831 44 5 88 3 0 0 0 447
992 T 518305 59 517445 63 8 0 1 0 0 729
993 G 496419 93 43 23 495957 0 0 0 0 303
994 G 503642 81 81 22 502939 0 0 0 5 514
995 C 507202 76 104 506695 38 0 0 2 0 287
996 A 529464 528680 46 10 71 7 0 0 0 650
997 T 550740 34 550207 135 5 0 7 0 0 352
998 G 558197 141 71 27 557086 0 0 0 3 869
999 C 569052 67 122 568038 46 0 0 1 0 778
1000 A 567664 567025 20 7 82 7 0 0 0 523
1001 A 578659 577858 31 3 62 2 0 0 0 703
1002 T 579577 30 578964 65 5 0 3 0 0 510
1003 T 557496 29 557021 47 4 0 5 0 0 390
1004 C 551397 60 42 550702 18 0 0 3 0 572
1005 T 517535 45 517098 124 6 0 2 0 0 260
1006 G 526983 134 87 26 525977 0 0 0 3 756
1007 C 546554 67 71 545914 19 0 0 4 0 479
1008 T 516323 35 515670 113 17 0 2 0 0 486
1009 G 524757 89 74 38 524294 0 0 0 1 261
1010 C 494519 69 58 493853 31 0 0 2 0 506
1011 A 491822 491233 21 14 56 2 0 0 0 496
1012 T 507376 38 506607 41 14 0 1 0 0 675
1013 T 505309 19 504706 44 5 0 4 0 0 531
1014 T 505888 25 505341 124 15 0 0 0 0 383
1015 G 505269 53 60 18 504944 0 0 0 0 194
1016 A 495163 494489 41 8 117 2 0 0 0 506
1017 A 495808 495385 32 14 122 2 0 0 0 253
1018 G 480287 107 34 9 479534 0 0 0 3 600
1019 A 510912 510378 42 5 74 6 0 0 0 407
1020 T 515484 40 514868 71 2 0 8 0 0 495
1021 C 506898 56 35 506551 16 0 0 3 0 237
1022 T 509578 27 509133 123 5 0 1 0 0 289
1023 A 494490 493973 12 5 83 7 0 0 0 410
1024 A 496982 496522 28 12 68 0 0 0 0 352
1025 G 500167 94 29 9 499634 0 0 0 7 394
1026 A 487830 487217 32 4 101 5 0 0 0 471
1027 G 525945 72 49 13 525548 0 0 0 9 254
1028 T 444999 29 440903 44 7 0 5 0 0 4011
1029 A 439284 438946 29 3 65 1 0 0 0 240
1030 T 432709 29 432307 42 7 0 5 0 0 319
1031 T 428761 43 428345 52 7 0 2 0 0 312
1032 A 441484 441014 42 6 91 0 0 0 0 331
1033 A 398919 398470 9 4 36 1 0 0 0 399
1034 G 389897 45 29 13 389536 0 0 0 6 268
1035 C 389881 30 37 389428 16 0 0 5 0 365
1036 T 348861 6 348473 50 7 0 0 0 0 325
1037 T 402609 33 402111 79 6 0 3 0 0 377
1038 C 406477 42 48 406049 18 0 0 2 0 318
1039 A 417590 417178 35 13 61 2 0 0 0 301
1040 T 417942 27 417470 41 3 0 0 0 0 401
1041 C 417740 51 36 417392 16 0 0 1 0 244
1042 A 414118 413474 30 9 81 3 0 0 0 521
1043 G 396805 69 22 13 396215 0 0 0 2 484
1044 A 398284 397750 27 5 112 6 0 0 0 384
1045 G 386779 55 47 7 386360 0 0 0 3 307
1046 G 401749 49 23 13 401342 0 0 0 1 321
1047 G 477962 105 66 18 477406 0 0 0 2 365
1048 A 477842 476260 43 5 121 1 0 0 0 1412
1049 C 483505 91 60 482936 30 0 0 3 0 385
1050 C 467618 83 41 466893 22 0 0 0 0 579
1051 A 475540 474921 38 46 63 2 0 0 0 470
1052 A 510819 510411 28 8 66 5 0 0 0 301
1053 A 513211 512676 17 23 142 5 0 0 0 348
1054 G 522078 69 44 10 521566 0 0 0 6 383
1055 T 512986 50 511253 67 29 0 2 0 0 1585
1056 A 513821 512774 62 4 78 2 0 0 0 901
1057 T 519186 67 517974 449 5 0 0 0 0 691
1058 C 522512 68 83 521884 15 0 0 3 0 459
1059 C 518969 59 50 518556 25 0 0 3 0 276
1060 C 512475 72 60 511900 17 0 0 7 0 419
1061 C 485581 82 40 485051 33 0 0 7 0 368
1062 A 484212 483443 27 47 67 1 0 0 0 627
1063 A 476841 476216 32 9 109 3 0 0 0 472
1064 G 483053 119 61 10 482337 0 0 0 4 522
1065 G 470119 51 58 13 469606 0 0 0 8 383
1066 G 465947 41 49 14 465065 0 0 0 5 773
1067 G 432929 53 30 5 432369 0 0 0 1 471
1068 G 407343 121 37 11 406709 0 0 0 5 460
1069 A 404022 403409 25 3 107 0 0 0 0 478
1070 A 419051 418435 23 6 67 0 0 0 0 520
1071 A 422217 421547 32 58 70 3 0 0 0 507
1072 C 435380 80 49 434896 10 0 0 2 0 343
1073 T 416308 17 415772 144 2 0 2 0 0 371
1074 T 418847 11 418522 71 1 0 1 0 0 241
1075 T 430909 39 430223 134 4 0 2 0 0 507
1076 C 400613 62 56 399927 16 0 0 3 0 549
1077 C 429649 72 50 429206 30 0 0 5 0 286
1078 A 484070 483054 40 26 65 9 0 1 0 875
1079 C 499923 45 62 499296 28 0 0 2 0 490
1080 T 503014 36 502481 71 5 0 2 0 0 419
1081 A 489453 488842 39 10 86 5 0 0 0 471
1082 G 501344 107 54 13 500873 0 0 0 7 290
1083 A 510740 510321 26 1 84 5 0 0 0 303
1084 G 518021 54 49 16 517581 0 0 0 6 315
1085 G 544850 37 51 15 544467 0 0 0 0 280
1086 A 484769 484090 40 6 112 4 0 0 0 517
1087 G 549772 117 55 14 549010 0 0 0 10 566
1088 T 545708 44 541222 100 26 0 9 0 0 4307
1089 A 547840 546736 51 13 94 3 0 0 0 943
1090 C 555175 98 62 554721 27 0 0 3 0 264
1091 A 539265 538746 26 28 62 3 0 0 0 400
1092 A 539626 539066 30 6 75 4 0 0 0 445
1093 A 600669 600123 63 31 61 3 0 0 0 388
1094 T 589332 40 588402 80 2 0 5 0 0 803
1095 T 566301 29 565768 75 24 0 2 0 0 403
1096 G 503504 68 49 22 503034 0 0 0 2 329
1097 C 497134 44 36 496518 22 0 0 1 0 513
1098 T 496771 10 496484 94 10 0 3 0 0 170
1099 T 496137 58 495529 64 9 0 2 0 0 475
1100 C 494321 51 41 493722 16 0 0 3 0 488
1101 A 487993 487430 30 12 82 2 0 0 0 437
1102 A 496159 495333 19 2 72 1 0 0 0 732
1103 A 499791 499114 22 7 55 1 0 0 0 592
1104 T 501953 35 501251 75 7 0 2 0 0 583
1105 G 498323 88 42 13 497926 0 0 0 3 251
1106 A 494666 494032 34 3 66 3 0 0 0 528
1107 A 500603 500256 17 13 74 2 0 0 0 241
1108 A 502404 501842 7 8 72 3 1 0 0 471
1109 A 505009 504121 35 75 52 2 0 0 0 724
1110 C 526817 53 56 526150 14 0 0 2 0 542
1111 A 523421 522617 42 19 82 2 0 0 0 659
1112 T 545748 34 545075 67 13 0 2 0 0 557
1113 G 529123 164 55 18 528601 0 0 0 3 282
1114 G 525961 101 65 14 525317 0 0 0 4 460
1115 A 542528 541985 36 8 129 4 0 0 0 366
1116 T 536461 46 535402 67 37 0 4 0 0 905
1117 G 541384 113 69 28 540880 0 0 0 5 289
1118 C 614580 79 53 613810 35 0 0 3 0 600
1119 T 590674 19 590137 129 14 0 7 0 0 368
1120 A 590428 589928 46 5 83 4 0 0 0 362
1121 T 565461 35 564812 89 11 0 8 0 0 506
1122 G 573868 184 65 27 573383 0 0 0 11 198
1123 G 574039 96 61 20 573590 0 0 0 2 270
1124 A 543006 542268 46 14 110 5 0 0 0 563
1125 A 543458 542935 36 32 81 7 0 0 0 367
1126 T 482975 39 482107 53 5 0 4 0 0 767
1127 C 443713 51 43 443328 23 0 0 3 0 265
1128 A 435723 435273 39 8 97 3 0 0 0 303
1129 A 430611 430319 30 5 80 3 0 0 0 174
1130 G 434474 76 34 9 434114 0 0 0 5 236
1131 T 411608 40 410581 44 4 0 3 0 0 936
1132 A 402201 397685 37 7 56 2 0 0 0 4414
1133 C 434765 55 55 434018 18 0 0 3 0 616
1134 T 416069 19 415637 61 3 0 1 0 0 348
1135 C 429173 55 44 428625 11 0 0 2 0 436
1136 T 377312 27 376887 57 7 0 0 0 0 334
1137 T 379659 23 379153 68 6 0 1 0 0 408
1138 G 383519 64 21 10 383032 0 0 0 0 392
1139 A 396617 396190 20 4 45 1 0 0 0 357
1140 A 399214 398655 24 8 62 2 0 0 0 463
1141 C 400736 39 41 400137 15 0 0 1 0 503
1142 T 385839 13 385431 82 4 0 1 0 0 308
1143 G 398261 78 48 12 397633 0 0 0 0 490
1144 A 406826 406401 21 5 103 4 0 0 0 292
1145 G 414166 55 39 9 413571 0 0 0 1 491
1146 A 412626 412154 30 6 58 4 0 0 0 374
1147 A 465203 464742 7 6 60 1 0 0 0 387
1148 G 472940 59 27 21 472302 0 0 0 2 529
1149 C 512754 64 93 512169 30 0 0 3 0 395
1150 A 509873 509109 42 14 173 5 0 0 0 530
1151 G 511258 82 42 19 510717 0 0 0 5 393
1152 G 595612 107 51 27 594981 0 0 0 6 440
1153 T 594683 54 591708 92 28 0 7 0 0 2794
1154 A 600961 599973 58 11 94 5 0 0 0 820
1155 C 614477 96 60 613991 21 0 0 4 0 305
1156 T 576144 37 575372 109 15 0 7 0 0 604
1157 G 586681 104 96 19 586110 0 0 0 6 346
1158 G 594072 81 65 33 593151 0 0 0 5 737
1159 G 578723 119 48 48 578178 0 0 0 12 318
1160 C 608869 74 98 607849 59 0 0 6 0 783
1161 C 543475 52 68 542983 16 0 0 1 0 355
1162 A 561514 560784 73 11 69 2 0 0 0 575
1163 T 562217 34 561686 85 15 0 6 0 0 391
1164 A 555706 555052 15 6 148 5 0 0 0 480
1165 A 573439 572948 31 18 91 0 0 0 0 351
1166 G 561685 135 41 15 560960 0 0 0 2 532
1167 A 542987 542391 33 9 68 5 0 0 0 481
1168 A 540014 538760 46 5 67 3 0 0 0 1133
1169 C 538900 111 37 538216 23 0 0 2 0 511
1170 C 567914 76 57 567209 19 0 0 2 0 551
1171 A 553511 553030 33 19 126 1 0 0 0 302
1172 G 565009 78 44 16 564267 0 0 0 3 601
1173 A 565903 565426 35 5 101 2 0 0 0 334
1174 A 559127 558306 16 9 79 7 0 0 0 710
1175 G 573278 86 32 12 572626 0 0 0 3 519
1176 T 541335 34 538599 77 18 0 3 0 0 2604
1177 G 544216 68 76 29 543627 0 0 0 4 412
1178 G 553143 39 63 24 552605 0 0 0 2 410
1179 A 554015 553070 46 10 195 4 0 0 0 690
1180 G 563545 75 59 64 562598 0 0 0 1 748
1181 G 561334 74 124 28 560553 0 0 0 3 552
1182 A 524240 523483 32 2 177 4 0 0 0 542
1183 A 523460 523076 17 8 92 6 0 0 0 261
1184 A 523001 522219 31 52 57 0 0 0 0 642
1185 C 534647 94 59 534088 24 0 0 1 0 381
1186 A 533744 532300 48 31 62 4 0 0 0 1299
1187 C 565492 70 55 564911 19 0 0 3 0 434
1188 T 551306 48 550808 141 11 0 4 0 0 294
1189 A 596189 595617 34 6 83 0 0 0 0 449
1190 A 625387 624714 36 12 81 4 0 0 0 540
1191 T 621401 90 620393 109 8 0 9 0 0 792
1192 C 627938 112 60 627429 20 0 0 6 0 311
1193 A 604158 603489 27 14 118 8 0 0 0 502
1194 A 606682 605978 54 30 135 4 0 0 0 481
1195 C 615645 119 67 614867 30 0 0 2 0 560
1196 A 535981 535317 42 33 133 7 0 0 0 449
1197 G 530271 93 48 18 529802 0 0 0 7 303
1198 A 478263 477725 31 14 158 1 0 0 0 334
1199 G 482369 89 53 15 481762 0 0 0 5 445
1200 G 506305 68 32 23 505703 0 0 0 1 478
1201 G 444166 66 50 43 443455 0 0 0 3 549
1202 C 451637 64 53 450979 41 0 0 1 0 499
1203 C 455802 44 57 455343 18 0 0 0 0 340
1204 T 454219 36 453391 81 12 0 2 0 0 697
1205 C 477452 70 45 477039 23 0 0 1 0 274
1206 T 467358 48 466464 137 13 0 5 0 0 691
1207 G 467870 112 62 27 467267 0 0 0 3 399
1208 C 463536 57 164 462974 26 0 0 2 0 313
1209 A 444023 443281 36 11 157 3 0 0 0 535
1210 G 472287 72 47 22 471867 0 0 0 3 276
1211 G 469660 70 21 20 469116 0 0 0 0 433
1212 T 474743 46 472441 110 24 0 6 0 0 2116
1213 C 475394 52 62 474876 22 0 0 3 0 379
1214 A 460762 460128 23 26 77 3 0 0 0 505
1215 A 489715 489172 25 23 61 1 0 0 0 433
1216 A 475010 474433 43 26 61 2 0 0 0 445
1217 T 479471 35 478783 81 2 0 3 0 0 567
1218 C 477608 69 50 476923 19 0 0 5 0 542
1219 A 443198 442577 32 12 144 1 0 0 0 432
1220 G 470579 92 48 15 470092 0 0 0 3 329
1221 T 454387 67 453269 71 16 0 6 0 0 958
1222 G 457782 114 54 17 457260 0 0 0 1 336
1223 T 449984 61 448728 113 19 0 4 0 0 1059
1224 G 432740 212 62 21 432131 0 0 0 2 312
1225 C 445242 79 165 444500 39 0 0 2 0 457
1226 A 440772 440318 26 16 48 3 0 0 0 361
1227 A 450866 449907 39 22 54 4 0 0 0 840
1228 C 451609 106 57 450939 7 0 0 4 0 496
1229 C 447574 75 40 447140 18 0 0 2 0 299
1230 T 407639 39 407112 180 20 0 4 0 0 284
1231 G 425549 180 57 31 424944 0 0 0 3 334
1232 C 460781 78 87 460266 43 0 0 8 0 299
1233 A 452325 451630 24 20 83 3 0 0 0 565
1234 T 461961 71 461315 64 9 0 3 0 0 499
1235 T 460629 6 460211 51 3 0 3 0 0 355
1236 T 437093 20 436645 90 4 0 3 0 0 331
1237 T 441114 22 440603 76 6 0 2 0 0 405
1238 C 413259 26 40 412906 13 0 0 1 0 273
1239 T 387603 15 387095 93 13 0 0 0 0 387
1240 G 415705 111 42 31 415155 0 0 0 1 365
1241 T 407077 47 406471 76 23 0 3 0 0 457
1242 G 417322 130 71 42 416813 0 0 0 5 261
1243 C 425810 69 65 425149 55 0 0 3 0 469
1244 A 421752 421208 26 40 88 4 0 0 0 386
1245 A 431399 431019 21 4 59 0 0 0 0 296
1246 A 430307 429532 16 13 144 2 0 0 0 600
1247 G 445935 106 30 18 445569 0 0 0 3 209
1248 A 443188 442618 18 4 99 3 0 0 0 446
1249 A 405531 405037 20 13 57 3 0 0 0 401
1250 A 421975 418898 25 88 77 2 0 0 0 2885
1251 C 425394 72 34 424899 21 0 0 4 0 364
1252 C 446218 52 46 445782 13 0 0 2 0 323
1253 T 448234 37 447629 127 5 0 2 0 0 434
1254 C 441364 55 59 440900 18 0 0 4 0 328
1255 C 470498 74 70 469950 18 0 0 3 0 383
1256 C 461597 88 60 461125 27 0 0 2 0 295
1257 A 467232 466578 35 24 43 5 0 0 0 547
1258 T 468836 47 468198 73 10 0 2 0 0 506
1259 T 448665 20 448164 72 10 0 2 0 0 397
1260 T 455309 39 454663 164 24 0 5 0 0 414
1261 G 453274 136 67 18 452689 0 0 0 6 358
1262 A 461709 461043 57 19 96 2 0 0 0 492
1263 C 458368 60 68 457749 22 0 0 4 0 465
1264 A 437044 436615 19 32 53 1 0 0 0 324
1265 A 455488 455005 37 6 58 4 0 0 0 378
1266 A 461823 461009 27 97 54 7 0 0 0 629
1267 C 485899 60 55 485450 22 0 0 1 0 311
1268 C 482061 61 55 481613 19 0 0 3 0 310
1269 A 448492 447980 18 14 57 2 0 0 0 421
1270 A 469381 468219 33 18 76 2 0 0 0 1033
1271 C 466907 60 66 466400 14 0 0 3 0 364
1272 C 500324 72 43 499782 11 0 0 1 0 415
1273 A 497146 496693 43 16 54 2 0 0 0 338
1274 T 502050 60 501167 104 6 0 6 0 0 707
1275 C 500419 96 50 499964 24 0 0 3 0 282
1276 A 480722 480170 31 9 83 5 0 0 0 424
1277 T 491723 49 491133 67 13 0 2 0 0 459
1278 G 474562 105 31 22 473943 0 0 0 4 457
1279 G 471227 117 47 28 470712 0 0 0 7 316
1280 C 440398 62 84 439790 46 0 0 5 0 411
1281 A 419741 419150 14 8 131 4 0 0 0 434
1282 G 431997 114 54 31 431441 0 0 0 4 353
1283 C 423785 51 71 423015 18 0 0 0 0 630
1284 A 419392 418939 30 8 54 1 0 0 0 360
1285 T 421446 22 420986 67 7 0 0 0 0 364
1286 T 411414 41 410953 60 1 0 4 0 0 355
1287 C 416723 46 56 416215 24 0 0 3 0 379
1288 A 411901 411027 41 5 45 1 0 0 0 782
1289 C 398704 30 40 398127 11 0 0 7 0 489
1290 T 400683 19 400247 87 23 0 2 0 0 305
1291 G 433395 112 62 22 432869 0 0 0 5 325
1292 G 449168 77 44 18 448754 0 0 0 8 267
1293 G 461228 85 53 12 460695 0 0 0 6 377
1294 A 451505 450837 42 7 77 3 0 0 0 539
1295 A 467515 466832 40 11 93 3 0 0 0 536
1296 T 445006 49 444532 78 12 0 4 0 0 331
1297 A 485531 484721 54 11 94 4 0 0 0 647
1298 C 532194 68 122 531566 31 0 0 1 0 406
1299 A 517291 516631 35 27 171 2 0 0 0 425
1300 G 526177 126 65 22 525468 0 0 0 4 492
1301 A 511794 511003 33 12 191 4 0 0 0 551
1302 G 548650 130 71 19 548115 0 0 0 3 312
1303 G 541866 92 64 25 541302 0 0 0 4 379
1304 G 541039 178 68 28 540439 0 0 0 3 323
1305 A 540234 539604 59 3 147 5 0 0 0 416
1306 A 532132 531361 29 10 110 3 0 0 0 619
1307 G 544710 97 41 19 543559 0 0 0 4 990
1308 A 542465 541772 37 8 91 5 0 0 0 552
1309 A 559158 558257 68 11 100 3 0 0 0 719
1310 C 596670 90 66 595795 25 0 0 5 0 689
1311 A 573098 572588 61 19 82 6 0 0 0 342
1312 T 583864 55 582994 83 11 0 1 0 0 720
1313 C 568454 82 58 567972 23 0 0 3 0 316
1314 A 562874 562148 36 9 200 6 0 0 0 475
1315 G 571127 76 43 52 570545 0 0 0 5 406
1316 A 555823 554717 77 9 78 1 0 0 0 941
1317 C 562183 59 84 561420 27 0 0 2 0 591
1318 A 551982 551306 40 11 73 2 0 0 0 550
1319 T 528743 31 528106 71 12 0 2 0 0 521
1320 G 537775 70 67 16 537083 0 0 0 2 537
1321 A 518097 517484 46 5 104 0 0 0 0 458
1322 G 524550 61 73 17 523754 0 0 0 4 641
1323 G 525924 97 53 13 525213 0 0 0 1 547
1324 G 517883 133 60 34 516996 0 0 0 3 657
1325 C 518328 81 69 517560 50 0 0 2 0 566
1326 A 510416 509900 44 9 136 3 0 0 0 324
1327 G 520509 54 37 14 520073 0 0 0 1 330
1328 A 522365 521847 30 2 75 1 0 0 0 410
1329 A 530509 529842 25 11 87 4 0 0 0 540
1330 A 546855 546244 46 10 79 4 0 0 0 472
1331 T 551822 56 551058 58 3 0 3 0 0 644
1332 T 577583 45 576929 73 10 0 6 0 0 520
1333 A 581216 580603 82 3 154 6 0 0 0 368
1334 T 576203 63 575536 71 7 0 3 0 0 523
1335 A 575621 575125 23 11 142 5 0 0 0 315
1336 A 555834 555271 26 17 156 5 0 0 0 359
1337 G 583272 103 83 26 582798 0 0 0 9 253
1338 G 587884 95 58 16 587496 0 0 0 13 206
1339 A 607039 606097 61 24 173 10 0 0 0 674
1340 T 526037 46 525433 58 10 0 1 0 0 489
1341 G 516583 101 66 20 515883 0 0 0 6 507
1342 A 503368 502683 61 5 139 2 0 0 0 478
1343 T 507529 66 507006 63 13 0 2 0 0 379
1344 G 492932 140 79 21 492378 0 0 0 2 312
1345 G 498983 86 37 12 498563 0 0 0 6 279
1346 A 466460 465783 31 5 127 5 0 0 0 509
1347 A 472279 471834 24 8 103 0 0 0 0 310
1348 G 474579 86 36 10 473943 0 0 0 3 501
1349 G 530943 82 48 15 530417 0 0 0 2 379
1350 T 510058 41 507361 111 63 0 1 0 0 2481
1351 G 497856 236 98 38 496707 0 0 0 2 775
1352 C 497597 107 196 496780 88 0 0 1 0 425
1353 A 487969 487262 33 53 91 0 0 0 0 530
1354 A 487754 487107 9 6 66 0 0 0 0 566
1355 A 493206 492708 11 12 49 2 0 0 0 424
1356 A 498957 497694 33 129 78 3 0 0 0 1020
1357 C 502684 40 31 502295 17 0 0 3 0 298
1358 C 472759 54 40 472221 14 0 0 0 0 430
1359 A 448676 448331 31 12 81 0 0 0 0 221
1360 G 457652 103 46 11 457144 0 0 0 0 348
1361 A 452329 451894 13 0 65 1 0 0 0 356
1362 A 463611 463251 27 7 75 3 0 0 0 248
1363 G 470750 51 25 13 470175 0 0 0 2 484
1364 A 462723 462000 27 3 81 0 0 0 0 612
1365 A 457070 456550 23 6 57 3 0 0 0 431
1366 A 455177 454500 28 2 57 1 0 0 0 589
1367 T 454835 47 454360 41 11 0 1 0 0 375
1368 G 456764 71 49 16 456295 0 0 0 3 330
1369 T 440848 26 440386 82 13 0 3 0 0 338
1370 C 444453 38 41 443785 10 0 0 1 0 578
1371 C 436423 50 76 436068 12 0 0 3 0 214
1372 T 435208 24 434483 82 3 0 6 0 0 610
1373 T 437431 42 437048 82 3 0 2 0 0 254
1374 C 438568 69 64 438223 29 0 0 2 0 181
1375 C 435262 75 65 434858 47 0 0 1 0 216
1376 A 426291 425614 43 45 301 4 0 0 0 284
1377 G 422626 131 63 13 422218 0 0 0 2 199
1378 G 416114 140 23 14 415388 0 0 0 0 549
1379 G 407333 60 37 23 407019 0 0 0 6 188
1380 G 374401 48 44 38 373890 0 0 0 3 378
1381 C 325952 71 86 325417 153 0 0 2 0 223
1382 G 321917 128 70 89 321488 0 0 0 0 142
1383 G 327230 61 66 11 326896 0 0 0 2 194
1384 G 326263 59 51 17 325902 0 0 0 0 234
1385 G 330669 168 20 18 330108 0 0 0 2 353
1386 A 297265 282007 15 4 161 1 0 0 0 15077
1387 G 293142 48 18 7 292630 0 0 0 5 434
1388 T 270439 10 255539 42 7 0 0 0 0 14841
1389 C 277957 41 33 277491 11 0 0 1 0 380
1390 T 265295 9 264987 58 8 0 3 0 0 230
1391 T 265046 12 264850 40 2 0 0 0 0 142
1392 C 263940 44 64 263132 7 0 0 0 0 693
1393 G 308654 55 39 12 307276 0 0 0 1 1271
1394 A 303166 301795 9 2 54 1 0 0 0 1305
1395 G 309628 18 27 8 309104 0 0 0 0 471
1396 C 278633 34 22 278142 13 0 0 1 0 421
1397 T 273709 13 272988 46 3 0 1 0 0 658
1398 C 261749 34 30 261553 6 0 0 0 0 126
1399 T 260563 13 260223 41 3 0 1 0 0 282
1400 C 263154 54 57 262851 5 0 0 1 0 186
1401 G 264527 41 25 10 264150 0 0 0 2 299
1402 G 291268 63 17 8 290643 0 0 0 0 537
1403 A 319628 318841 16 30 97 1 0 0 0 643
1404 C 335326 34 66 334690 41 0 0 1 0 494
1405 G 356073 131 30 30 355679 0 0 0 2 201
1406 A 394169 393697 22 4 98 2 0 0 0 346
1407 A 391741 391305 19 4 70 3 0 0 0 340
1408 A 395782 395363 11 19 101 0 0 0 0 288
1409 G 410903 66 50 7 409672 0 0 0 0 1108
1410 G 413837 48 29 15 413303 0 0 0 3 439
1411 G 402443 65 37 33 401997 0 0 0 0 311
1412 C 411862 49 123 410998 72 0 0 1 0 619
1413 A 409189 408648 24 33 206 0 0 0 0 278
1414 G 419007 190 39 24 418318 0 0 0 0 436
1415 C 412344 67 146 411877 34 0 0 0 0 220
1416 G 463607 129 29 9 463029 0 0 0 5 406
1417 A 471277 470765 24 4 60 8 0 0 0 416
1418 A 480006 477474 28 8 54 0 0 0 0 2442
1419 C 481785 54 81 480972 18 0 0 1 0 659
1420 C 479621 44 34 479393 12 0 0 2 0 136
1421 C 469714 74 59 469088 19 0 0 0 0 474
1422 G 468827 101 37 17 468148 0 0 0 2 522
1423 A 472467 471951 24 4 51 1 0 0 0 436
1424 T 473411 43 472456 63 4 0 2 0 0 843
1425 C 455014 50 99 454431 15 0 0 0 0 419
1426 G 447874 137 36 16 446939 0 0 0 0 746
1427 T 432287 22 431391 57 7 0 1 0 0 809
1428 G 418994 92 52 20 418338 0 0 0 1 491
1429 C 418593 53 60 417979 26 0 0 2 0 473
1430 C 420382 33 52 419997 19 0 0 1 0 280
1431 C 420063 59 47 419318 11 0 0 0 0 628
1432 T 409664 22 409252 79 2 0 0 0 0 309
1433 C 453418 45 45 452782 13 0 0 5 0 528
1434 T 448726 25 447972 181 13 0 4 0 0 531
1435 T 528446 14 527902 75 8 0 3 0 0 444
1436 T 484715 28 483968 84 10 0 2 0 0 623
1437 T 493306 56 492902 76 57 0 3 0 0 212
1438 G 493085 184 47 20 492258 0 0 0 0 576
1439 A 489317 488595 42 55 72 0 0 0 0 553
1440 C 506967 92 87 506490 13 0 0 4 0 281
1441 A 503885 503293 34 12 81 0 0 0 0 465
1442 T 453556 21 453209 71 9 0 4 0 0 242
1443 G 575585 100 59 14 575134 0 0 0 5 273
1444 A 572384 571548 53 6 125 3 0 0 0 649
1445 G 658730 102 64 23 658180 0 0 0 7 354
1446 T 661756 63 659519 94 37 0 8 0 0 2035
1447 A 648502 647984 42 3 77 8 0 0 0 388
1448 A 656863 656146 36 8 59 4 0 0 0 610
1449 T 654451 52 653781 103 25 0 6 0 0 484
1450 G 655733 127 85 21 654870 0 0 0 2 628
1451 A 630744 630148 65 6 84 1 0 0 0 440
1452 A 584791 584233 29 9 86 4 0 0 0 430
1453 G 584689 140 83 15 584199 0 0 0 5 247
1454 G 534459 45 55 16 533354 0 0 0 2 987
1455 A 531769 531219 35 7 81 3 0 0 0 424
1456 T 540231 37 539086 79 4 0 1 0 0 1024
1457 C 536114 47 38 535757 15 0 0 0 0 257
1458 T 528478 30 527813 63 8 0 2 0 0 562
1459 T 532524 9 532220 92 3 0 3 0 0 197
1460 A 533103 531845 29 3 54 1 0 0 0 1171
1461 T 532024 36 531610 51 1 0 0 0 0 326
1462 T 528974 29 527830 48 2 0 1 0 0 1064
1463 T 525214 35 524827 64 3 0 3 0 0 282
1464 C 522382 25 37 521950 13 0 0 3 0 354
1465 T 503931 18 503522 86 4 0 4 0 0 297
1466 T 501613 23 500685 47 2 0 3 0 0 853
1467 C 500390 47 56 500027 13 0 0 0 0 247
1468 G 497997 86 85 22 496552 0 0 0 0 1252
1469 G 501864 45 37 15 501625 0 0 0 1 141
1470 A 505219 504509 35 5 114 1 0 0 0 555
1471 G 515110 44 25 23 514734 0 0 0 1 283
1472 A 515170 514142 57 6 115 1 0 0 0 849
1473 C 529126 41 59 528691 16 0 0 1 0 318
1474 A 517767 517001 23 3 75 3 0 0 0 662
1475 A 578344 577940 44 5 92 3 0 0 0 260
1476 T 599229 63 598532 80 13 0 10 0 0 531
1477 G 642795 484 59 42 641800 0 0 0 4 406
1478 C 661214 96 181 660437 65 0 0 3 0 432
1479 A 639499 638839 82 22 193 8 0 0 0 355
1480 G 645419 87 56 32 644804 0 0 0 1 439
1481 A 667642 667075 38 11 166 6 0 0 0 346
1482 G 563200 148 54 18 562622 0 0 0 10 348
1483 G 594048 90 74 24 593665 0 0 0 13 182
1484 A 487426 486747 39 15 125 9 0 0 0 491
1485 G 497452 113 42 20 496919 0 0 0 8 350
1486 T 475178 21 472126 59 19 0 1 0 0 2952
1487 A 469486 468735 45 105 127 7 0 0 0 467
1488 C 470369 163 102 469773 32 0 0 2 0 297
1489 G 450084 182 46 24 449666 0 0 0 3 163
1490 A 449574 448468 70 5 113 7 0 0 0 911
1491 C 435742 211 57 435250 21 0 0 4 0 199
1492 A 365569 364924 26 11 51 4 0 0 0 553
1493 A 366808 366296 266 6 33 2 0 0 0 205
1494 T 344247 368 343630 49 1 0 0 0 0 199