# nucleotide counts
# upper case indicates nucleotide called by both reads
# lower case indicates nucleotide called by one read with other ambiguous
# N indicates disagreement between reads, or both ambiguous
# POSITION WT COUNTS A T C G a t c g N
1 A 718647 718143 51 7 102 7 0 0 0 337
2 T 722405 72 721890 97 4 0 9 0 0 333
3 G 722630 91 67 21 722151 0 0 0 12 288
4 G 721811 28 84 20 721312 0 0 0 34 333
5 C 686186 86 186 685531 45 0 0 24 0 314
6 G 702096 145 37 25 701566 0 0 0 43 280
7 T 719704 35 718748 116 10 0 21 0 0 774
8 C 724253 59 60 723736 35 0 0 19 0 344
9 C 726794 77 66 726295 31 0 0 13 0 312
10 C 724773 75 69 724331 24 0 0 8 0 266
11 A 721206 720741 41 18 146 22 0 0 0 238
12 A 722376 721929 39 14 129 20 0 0 0 245
13 G 725444 55 64 18 724929 0 0 0 29 349
14 G 741542 111 55 53 740947 0 0 0 37 339
15 C 691578 66 65 690995 42 0 0 57 0 353
16 A 628815 626477 44 22 93 21 0 0 0 2158
17 C 616285 30 45 615921 18 0 0 27 0 244
18 C 597475 99 40 597112 21 0 0 25 0 178
19 A 596342 596066 22 10 61 8 0 0 0 175
20 A 593869 593587 14 3 53 4 0 0 0 208
21 A 592304 591748 24 30 47 17 0 0 0 438
22 C 590369 53 111 589880 18 0 0 53 0 254
23 G 545892 68 38 18 545538 0 0 0 26 204
24 G 560667 45 33 8 560386 0 0 0 39 156
25 T 562734 35 560978 92 15 0 33 0 0 1581
26 C 592951 28 46 592492 21 0 0 61 0 303
27 T 633286 19 632868 99 7 0 15 0 0 278
28 T 588285 19 587964 73 6 0 20 0 0 203
29 A 591526 591218 36 3 66 18 0 0 0 185
30 T 583909 51 583548 76 20 0 32 0 0 182
31 G 599341 87 56 16 598940 0 0 0 29 213
32 A 618767 618259 39 5 87 41 0 0 0 336
33 A 572370 571875 32 15 64 24 0 0 0 360
34 C 554270 63 71 553894 24 0 0 52 1 165
35 A 494721 494350 32 16 82 43 0 0 0 198
36 G 574714 35 41 15 574396 0 0 0 56 171
37 A 599240 598798 55 2 72 2 0 0 0 311
38 T 602336 50 601898 46 6 0 12 0 0 324
39 G 606452 75 60 22 606073 0 0 0 18 204
40 G 593027 40 60 27 592693 0 0 0 25 182
41 A 596778 596355 34 8 97 6 0 0 0 278
42 A 610374 610028 14 1 82 14 0 0 0 235
43 A 611713 611134 28 22 58 14 0 0 0 457
44 C 661368 44 26 660952 12 0 0 61 0 273
45 T 615314 18 614896 80 8 0 37 0 0 275
46 G 630389 49 103 20 629946 0 0 0 17 254
47 A 626761 626117 41 5 112 15 0 0 0 471
48 T 628698 70 628281 59 8 0 8 0 0 272
49 G 627201 81 99 19 626706 0 0 0 16 280
50 G 634980 63 81 13 634593 0 0 0 8 222
51 G 631230 74 86 26 630774 0 0 0 6 264
52 G 636450 112 50 27 636048 0 0 0 30 183
53 A 612333 611844 20 15 85 24 0 0 0 345
54 A 615441 614728 18 8 89 13 0 0 0 585
55 C 628158 41 108 627717 24 0 0 20 0 248
56 G 626280 172 79 48 625467 0 0 0 13 501
57 C 636042 62 43 635598 29 0 0 14 0 296
58 C 631607 68 64 631219 31 0 0 4 0 221
59 A 627178 626589 53 18 179 17 0 0 0 322
60 G 641231 44 51 24 640895 0 0 0 18 199
61 A 636960 636569 38 4 61 19 0 0 0 269
62 A 657900 657548 46 1 68 27 0 0 0 210
63 T 623284 35 622833 84 12 0 21 0 0 299
64 G 639467 116 69 34 639000 0 0 0 26 222
65 C 651272 75 143 650704 44 0 0 30 0 276
66 A 619972 619588 26 8 99 33 0 0 0 218
67 A 662540 661835 49 13 74 34 0 0 0 535
68 C 657209 43 45 656854 19 0 0 18 0 230
69 T 646916 44 646445 100 15 0 8 0 0 304
70 G 652623 78 62 19 652140 0 0 0 53 271
71 A 607842 607379 40 10 113 55 0 0 0 245
72 G 654650 48 65 18 654148 0 0 0 44 327
73 A 607577 607087 43 2 75 18 0 0 0 352
74 T 658184 48 657540 69 1 0 11 0 0 515
75 C 620549 50 59 620154 18 0 0 26 0 242
76 A 583087 582682 43 6 140 31 0 0 0 185
77 G 606717 41 34 14 606403 0 0 0 27 198
78 A 603623 603108 12 5 89 7 0 0 0 402
79 G 633352 50 64 41 632913 0 0 0 16 268
80 C 619306 70 87 618811 35 0 0 51 0 252
81 A 586595 586139 34 6 76 40 0 0 0 300
82 T 601118 38 600599 62 7 0 16 0 0 396
83 C 604368 70 33 604015 22 0 0 18 0 210
84 C 610727 57 110 610291 24 0 0 12 0 233
85 G 598579 87 44 19 598230 0 0 0 29 170
86 T 603159 41 602430 48 9 0 14 0 0 617
87 C 602073 37 114 601694 21 0 0 11 0 196
88 G 605914 125 63 18 605450 0 0 0 8 250
89 G 609760 53 65 23 609437 0 0 0 18 164
90 G 626008 52 53 10 625692 0 0 0 24 177
91 A 624645 624103 43 2 71 12 0 0 0 414
92 A 623186 622774 31 6 78 18 0 0 0 279
93 G 612923 26 44 17 612516 0 0 0 15 305
94 A 602978 602478 56 3 77 28 0 0 0 336
95 T 596541 28 596199 67 3 0 16 0 0 228
96 G 604247 44 43 20 603828 0 0 0 8 304
97 A 629448 629008 48 3 81 8 0 0 0 300
98 T 628759 48 628268 59 1 0 27 0 0 356
99 T 615255 40 614988 60 8 0 16 0 0 143
100 G 617191 56 56 14 616785 0 0 0 23 257
101 A 614541 613900 79 7 90 26 0 0 0 439
102 T 604438 39 604015 77 8 0 13 0 0 286
103 G 598102 70 69 21 597664 0 0 0 37 241
104 G 624432 54 65 27 624021 0 0 0 62 203
105 A 607681 607133 58 6 91 11 0 0 0 382
106 A 592090 591743 37 3 74 7 0 0 0 226
107 T 595810 34 595462 58 3 0 10 0 0 243
108 T 588881 33 588567 71 15 0 20 0 0 175
109 G 601415 61 50 30 601080 0 0 0 26 168
110 G 592721 68 44 19 592310 0 0 0 3 277
111 A 576978 576006 33 16 146 5 0 0 0 772
112 C 590048 42 130 589547 29 0 0 46 0 254
113 G 522164 82 43 19 521827 0 0 0 44 149
114 A 594192 593701 50 2 51 54 0 0 0 334
115 T 604257 39 603865 68 7 0 12 0 0 266
116 T 564946 44 564553 59 1 0 14 0 0 275
117 C 567040 49 43 566691 25 0 0 27 0 205
118 T 556939 50 556585 143 2 0 39 0 0 120
119 A 578530 577687 58 6 84 37 0 0 0 658
120 C 576848 59 71 576497 22 0 0 16 0 183
121 A 533277 532918 30 6 56 25 0 0 0 242
122 T 544649 37 544238 51 0 0 29 0 0 294
123 C 505862 46 32 505556 13 0 0 31 0 184
124 C 510961 65 53 510641 15 0 0 9 0 178
125 A 508689 508387 33 6 56 20 0 0 0 187
126 A 493902 493599 10 1 42 10 0 0 0 240
127 A 493792 493537 21 1 49 22 0 0 0 162
128 T 473677 15 473377 41 4 0 6 0 0 234
129 G 557566 69 52 18 557189 0 0 0 30 208
130 T 531951 60 530694 92 12 0 17 0 0 1076
131 G 536567 85 57 32 536189 0 0 0 16 188
132 C 536714 61 115 536327 32 0 0 9 0 170
133 A 529169 528188 61 12 72 6 0 0 0 830
134 C 526592 43 51 526258 18 0 0 12 0 210
135 T 507404 27 506953 111 9 0 13 0 0 291
136 G 557593 66 46 24 557213 0 0 0 48 196
137 A 585623 585296 11 3 61 23 0 0 0 229
138 A 611165 610309 44 3 87 29 0 0 0 693
139 C 653130 32 55 652787 18 0 0 41 0 197
140 T 651889 16 651546 66 2 0 15 0 0 244
141 T 650813 61 650482 82 4 0 20 0 0 164
142 A 657525 657213 54 3 59 18 0 0 0 178
143 A 657216 656846 16 3 59 6 0 0 0 286
144 A 697944 696988 27 40 65 19 0 0 0 805
145 C 694547 52 39 694114 9 0 0 53 0 280
146 T 643689 25 643157 91 9 0 17 0 0 390
147 C 659458 86 63 658917 26 0 0 39 0 327
148 A 640962 640391 29 20 163 33 0 0 0 326
149 G 693162 41 33 30 692877 0 0 0 55 126
150 T 689589 90 687928 72 23 0 17 0 0 1459
151 G 755279 37 90 20 754790 0 0 0 41 301
152 A 777005 776513 56 6 89 21 0 0 0 320
153 T 736145 58 735701 66 3 0 25 0 0 292
154 T 768409 19 768080 69 5 0 30 0 0 206
155 A 771475 771008 51 2 91 28 0 0 0 295
156 T 777471 59 776973 92 14 0 17 0 0 316
157 G 779532 94 86 17 779028 0 0 0 42 265
158 A 734710 734064 74 15 161 24 0 0 0 372
159 G 738183 69 125 26 737656 0 0 0 46 261
160 G 678932 59 69 25 678452 0 0 0 28 299
161 G 661961 61 58 20 661415 0 0 0 8 399
162 G 660994 39 56 27 660486 0 0 0 15 371
163 C 622422 61 130 621852 66 0 0 11 0 302
164 G 629303 98 60 31 628855 0 0 0 12 247
165 A 629572 628463 70 9 70 5 0 0 0 955
166 C 630923 34 54 630536 20 0 0 6 0 273
167 T 626860 42 626431 126 16 0 6 0 0 239
168 G 619331 74 50 25 618863 0 0 0 29 290
169 A 683812 683290 56 1 59 57 0 0 0 349
170 T 661315 46 660679 96 2 0 1 0 0 491
171 C 652172 84 53 651760 29 0 0 6 0 240
172 C 651672 68 60 651268 29 0 0 14 0 233
173 A 628533 628043 39 11 117 23 0 0 0 300
174 G 632684 62 52 30 632301 0 0 0 19 220
175 A 604829 604376 41 7 65 6 0 0 0 334
176 A 605293 604783 43 11 67 6 0 0 0 383
177 C 607717 48 59 607314 19 0 0 81 0 196
178 A 482394 482078 6 16 49 32 0 0 0 213
179 G 492666 35 51 24 492385 0 0 0 19 152
180 C 486948 34 23 486638 17 0 0 3 0 233
181 T 485092 28 484770 54 2 0 9 0 0 229
182 T 490013 50 489694 53 3 0 14 0 0 199
183 A 481781 481484 45 3 42 24 0 0 0 183
184 A 512919 512508 48 7 53 15 0 0 0 288
185 C 534640 41 35 534295 22 0 0 14 0 233
186 A 504122 503845 29 6 62 12 0 0 0 168
187 A 517313 517045 42 3 46 51 0 0 0 126
188 T 468528 27 468242 52 2 0 35 0 0 170
189 A 486325 486013 38 6 100 27 0 0 0 141
190 G 493295 34 51 11 492937 0 0 0 29 233
191 A 503823 503430 25 4 80 24 0 0 0 260
192 G 510420 23 30 13 510118 0 0 0 49 187
193 A 466051 465597 34 9 73 32 0 0 0 306
194 G 494112 37 38 19 493758 0 0 0 27 233
195 A 497300 497024 35 0 57 13 0 0 0 171
196 A 510544 510252 35 2 54 31 0 0 0 170
197 T 513768 45 513380 34 3 0 15 0 0 291
198 G 497921 39 52 17 497614 0 0 0 16 183
199 G 503694 37 52 24 503274 0 0 0 20 287
200 T 472594 53 470296 68 10 0 22 0 0 2145
201 G 514181 93 60 28 513740 0 0 0 11 249
202 C 513649 40 32 513275 23 0 0 4 0 275
203 T 514824 33 514251 60 10 0 14 0 0 456
204 C 526452 42 35 526137 13 0 0 15 0 210
205 T 525095 33 524713 88 3 0 19 0 0 239
206 C 566194 47 37 565871 13 0 0 10 0 216
207 T 562844 24 562504 90 5 0 8 0 0 213
208 G 571733 108 55 26 571326 0 0 0 14 204
209 C 572341 40 36 571990 27 0 0 13 0 235
210 T 557177 7 556867 94 4 0 11 0 0 194
211 T 568919 14 568643 45 2 0 14 0 0 201
212 T 558595 16 558323 47 4 0 26 0 0 179
213 T 538732 19 538415 72 22 0 8 0 0 196
214 G 542700 66 34 16 542352 0 0 0 3 229
215 A 535619 535013 34 18 98 8 0 0 0 448
216 C 547295 23 223 546799 24 0 0 14 0 212
217 G 529065 74 49 18 528712 0 0 0 15 197
218 A 500840 500461 31 2 61 7 0 0 0 278
219 A 502225 501981 19 2 63 6 0 0 0 154
220 A 504615 504284 25 1 68 8 0 0 0 229
221 G 509128 38 32 13 508879 0 0 0 13 153
222 A 515942 515633 33 6 51 9 0 0 0 210
223 A 514884 514572 30 5 68 11 0 0 0 198
224 G 534791 36 57 15 534430 0 0 0 34 219
225 G 589660 49 54 19 589219 1 0 0 43 275
226 A 578655 578357 34 2 75 8 0 0 0 179
227 A 597002 596645 40 2 67 20 0 0 0 228
228 T 571107 78 570691 58 2 0 15 0 0 263
229 A 567678 567416 35 1 65 30 0 0 0 131
230 A 567154 566871 34 4 56 17 0 0 0 172
231 A 558629 558343 43 5 43 13 0 0 0 182
232 T 559923 52 559524 50 4 0 24 0 0 269
233 A 502284 501940 38 7 29 63 0 0 0 207
234 T 438376 32 438049 55 4 0 23 0 0 213
235 C 445512 52 30 445262 12 0 0 16 0 140
236 T 416813 24 416523 111 11 0 10 0 0 134
237 G 418794 56 50 24 418478 0 0 0 3 183
238 G 408404 32 39 16 408172 0 0 0 7 138
239 A 402550 402269 35 3 52 6 0 0 0 185
240 A 380997 380737 22 4 66 9 0 0 0 159
241 G 396962 31 24 11 396666 0 0 0 21 209
242 A 385660 385415 23 1 53 9 0 0 0 159
243 A 428664 428269 42 7 62 14 0 0 0 270
244 C 431752 46 47 431486 14 0 0 11 0 148
245 A 411182 410914 28 7 40 17 0 0 0 176
246 T 549010 44 548372 83 1 0 47 0 0 463
247 C 539290 63 62 538966 16 0 0 12 0 171
248 C 563896 64 54 563524 27 0 0 9 0 218
249 C 564955 58 57 564597 21 0 0 30 0 192
250 A 537678 537367 4 9 90 34 0 0 0 174
251 G 586801 40 73 17 586420 0 0 0 18 233
252 C 581223 71 110 580728 63 0 0 11 0 240
253 G 576530 76 61 54 576119 0 0 0 13 207
254 C 584239 55 59 583776 43 0 0 16 0 290
255 G 582337 81 77 57 581953 0 0 0 44 125
256 G 639029 48 76 23 638695 0 0 0 34 153
257 G 632000 68 75 18 631631 0 0 0 8 200
258 G 660710 76 73 28 660233 0 0 0 18 282
259 A 662573 662078 40 7 138 9 0 0 0 301
260 A 657850 657390 38 8 121 27 0 0 0 266
261 G 671799 77 131 23 671213 0 0 0 25 330
262 G 683043 81 62 19 682610 1 0 0 24 246
263 A 682053 681358 65 3 88 15 0 0 0 524
264 T 680635 55 679982 101 4 0 39 0 0 454
265 C 649591 53 42 649153 21 0 0 20 0 302
266 C 640400 63 54 640067 24 0 0 27 0 165
267 T 620907 28 620457 131 9 0 16 0 0 266
268 A 621422 621101 15 5 62 5 0 0 0 234
269 A 621788 621538 17 6 74 4 0 0 0 149
270 G 622498 46 21 8 622088 0 0 0 28 307
271 A 599237 598973 22 7 59 20 0 0 0 156
272 A 588829 588494 17 4 57 9 0 0 0 248
273 A 578315 578004 5 4 68 6 0 0 0 228
274 A 545930 545422 33 21 42 7 0 0 0 405
275 C 551813 34 19 551302 13 0 0 14 0 431
276 T 531782 20 531457 75 13 0 8 0 0 209
277 G 528967 46 65 24 528558 0 0 0 3 271
278 G 527111 34 52 9 526880 0 0 0 12 124
279 A 520890 520329 24 6 151 5 0 0 0 375
280 G 515611 46 41 19 515339 0 0 0 3 163
281 G 510312 32 41 20 509997 0 0 0 9 213
282 A 496570 494848 41 10 54 20 0 0 0 1597
283 C 542310 38 33 542006 25 0 0 40 0 168
284 C 533097 72 33 532788 18 0 0 9 0 177
285 C 531950 82 63 531576 20 0 0 34 0 175
286 A 595245 594756 69 9 60 55 0 0 0 296
287 T 585186 60 584728 60 3 0 32 0 0 303
288 A 686123 685679 71 2 44 35 0 0 0 292
289 T 684202 57 683734 98 1 0 18 0 0 294
290 A 619288 618515 65 13 54 33 0 0 0 608
291 C 629947 57 72 629568 19 0 0 73 0 158
292 A 548688 548321 32 15 111 35 0 0 0 174
293 A 551439 551102 39 8 84 10 0 0 1 195
294 G 544605 37 30 13 544126 0 0 0 80 319
295 A 425784 425455 32 2 58 41 0 0 0 196
296 G 430971 19 44 12 430696 0 0 0 26 174
297 A 403641 403313 21 4 64 9 0 0 0 230
298 G 411108 34 26 7 410875 0 0 0 5 161
299 T 419519 38 417195 58 5 0 15 0 0 2208
300 A 435475 435142 58 7 75 15 0 0 0 178
301 G 466694 32 42 9 466446 0 0 0 32 133
302 A 462655 462357 38 2 49 16 0 0 0 193
303 T 492380 43 492044 51 4 0 15 0 0 223
304 A 486116 485878 22 5 53 6 0 0 0 152
305 G 492910 37 31 20 492611 0 0 0 22 189
306 A 491179 490851 30 1 66 10 0 0 0 221
307 A 491336 490979 26 1 52 15 0 0 0 263
308 A 490097 489887 14 5 50 5 0 0 0 136
309 G 506624 27 32 13 506365 0 0 0 13 174
310 T 507240 47 505408 46 7 0 10 0 0 1722
311 G 517821 73 45 19 517496 0 0 0 13 175
312 G 518573 29 36 20 518265 0 0 0 5 218
313 A 518584 518186 43 1 74 5 0 0 0 275
314 T 522914 43 522481 70 8 0 18 0 0 294
315 G 539163 66 72 18 538791 0 0 0 16 200
316 A 543224 542778 39 9 103 16 0 0 0 279
317 G 545257 44 77 11 544824 0 0 0 6 295
318 G 541718 55 67 26 541366 0 0 0 3 201
319 G 543808 243 60 25 543135 0 0 0 26 319
320 A 546533 546117 26 2 60 15 0 0 0 313
321 A 548270 547220 32 1 71 6 0 0 0 940
322 C 550675 39 42 550329 10 0 0 10 0 245
323 T 546556 49 546034 68 1 0 19 0 0 385
324 C 537111 58 57 536810 21 0 0 17 0 148
325 G 523260 86 28 29 522941 0 0 0 9 167
326 T 534801 34 533965 72 5 0 11 0 0 714
327 C 565962 40 40 565615 20 0 0 34 0 213
328 C 587235 55 41 586833 13 0 0 44 0 249
329 T 592163 20 591825 125 9 0 17 0 0 167
330 T 591651 26 591310 56 5 0 23 0 0 231
331 T 571647 20 571375 79 5 0 9 0 0 159
332 A 529294 528967 45 2 56 27 1 0 0 196
333 T 521135 58 520755 76 16 0 11 0 0 219
334 G 522699 96 42 21 522304 0 0 0 16 220
335 A 456740 456140 46 10 62 12 0 0 0 470
336 C 462977 44 55 462578 15 0 0 33 0 252
337 A 402793 402578 14 16 41 16 0 0 0 128
338 A 408325 408141 20 6 41 3 0 0 0 114
339 A 415332 415052 23 3 82 13 0 0 0 159
340 G 479936 30 23 12 479528 0 0 0 50 293
341 A 494433 494088 25 3 73 5 0 0 0 239
342 A 488344 488040 21 6 82 13 0 0 0 182
343 G 547666 61 29 18 547114 0 0 0 49 395
344 A 571265 570867 35 1 86 20 0 0 0 256
345 A 572999 572642 19 1 53 11 0 0 0 273
346 A 573821 573483 30 2 42 15 0 0 0 249
347 T 567437 37 566784 54 2 0 17 0 0 543
348 A 561012 560683 18 4 93 21 0 0 0 193
349 A 555543 555133 30 11 95 31 0 0 0 243
350 G 555798 45 56 13 555486 0 0 0 19 179
351 G 555593 25 32 17 555216 0 0 0 16 287
352 C 533472 53 82 532898 25 0 0 20 0 394
353 G 529565 83 50 24 529012 0 0 0 8 388
354 A 543313 543011 28 3 35 18 0 0 0 218
355 A 563853 563177 10 2 43 14 0 0 0 607
356 T 561664 33 561036 41 0 0 5 0 0 549
357 C 561462 44 28 561090 9 0 0 5 0 286
358 T 547545 25 546865 103 7 0 8 0 0 537
359 G 553061 47 42 12 552743 0 0 0 13 204
360 G 537124 36 36 10 536812 0 0 0 4 226
361 C 544607 52 119 543935 29 0 0 13 0 459
362 G 544609 130 44 37 544074 0 0 0 2 322
363 C 539528 51 21 539245 15 0 0 10 0 186
364 C 522065 34 53 520714 10 0 0 9 0 1245
365 A 520559 520293 24 11 56 13 0 0 0 162
366 A 544794 544420 23 8 58 47 0 0 0 238
367 G 613124 85 28 35 612707 0 0 0 43 226
368 C 610751 53 80 610346 48 0 0 24 0 200
369 C 650303 54 63 649788 21 0 0 52 0 325
370 A 651013 650598 22 18 84 21 0 0 0 270
371 A 659786 659348 51 4 61 35 0 0 0 287
372 T 673548 89 673075 54 3 0 28 0 0 299
373 A 666633 666210 49 4 57 27 0 0 0 286
374 A 670842 670483 45 3 60 35 0 0 0 216
375 T 639252 54 638808 52 10 0 65 0 0 263
376 G 600983 63 80 22 600580 0 0 0 30 208
377 G 554710 24 34 19 554411 0 0 0 43 179
378 T 505419 46 503307 92 16 0 22 0 0 1936
379 G 508512 47 53 16 508225 0 0 0 14 157
380 A 503759 503390 40 9 63 12 0 0 0 245
381 T 503784 40 503430 66 6 0 11 0 0 231
382 G 498919 57 63 9 498599 0 0 0 9 182
383 A 501573 501187 42 8 53 24 0 0 0 259
384 T 510814 52 510423 72 4 0 25 0 0 238
385 G 504984 97 57 23 504534 0 0 0 20 253
386 C 497991 60 83 497610 31 0 0 8 0 199
387 A 493231 492957 14 4 80 5 0 0 0 171
388 A 487647 487190 34 11 49 11 0 0 0 352
389 C 473368 46 35 473122 10 0 0 20 0 135
390 A 460786 460515 19 3 51 5 0 0 0 193
391 G 462662 31 51 10 462418 0 0 0 7 145
392 C 444502 42 21 444238 11 0 0 16 0 174
393 T 428068 10 427822 55 5 0 22 0 0 154
394 G 499324 35 47 12 499056 0 1 0 37 136
395 G 513099 39 46 14 512804 0 0 0 13 183
396 T 513845 47 512640 44 7 0 2 0 0 1105
397 C 555127 39 46 554703 24 0 0 18 0 297
398 T 537874 21 537484 118 3 0 33 0 0 215
399 G 624440 87 64 24 624009 0 0 0 39 217
400 A 626610 625584 50 9 71 15 0 0 0 881
401 C 666481 28 58 666053 28 0 0 28 0 286
402 T 679982 61 679448 85 5 0 49 0 0 334
403 C 681755 74 78 681206 26 0 0 56 0 315
404 A 679730 678721 83 13 98 30 0 0 0 785
405 C 741255 57 105 740798 18 0 0 42 0 235
406 A 741194 740744 45 5 110 9 0 0 0 281
407 T 762348 46 761864 93 6 0 38 0 0 301
408 G 722859 70 86 28 722441 0 0 0 31 203
409 A 750980 750404 60 2 108 50 0 0 0 356
410 T 728391 51 727909 103 5 0 28 0 0 295
411 G 736356 58 54 19 735831 0 0 0 41 353
412 A 721936 721367 55 5 62 25 0 0 0 422
413 T 716126 40 715513 70 1 0 54 0 1 447
414 C 654948 37 36 654564 16 0 0 38 0 257
415 T 649008 52 648475 175 14 0 7 0 0 285
416 G 631053 87 59 37 630546 0 0 0 8 316
417 G 635242 80 71 35 634849 0 0 0 14 193
418 C 622129 87 86 621380 62 0 0 11 0 503
419 A 618829 618418 29 3 82 16 0 0 0 281
420 T 609454 14 609091 67 2 0 10 0 0 270
421 T 604982 26 604617 77 1 0 4 0 0 257
422 C 606049 50 61 605705 19 0 0 6 0 208
423 C 604134 64 61 603718 35 0 0 11 0 245
424 A 603874 603585 18 5 80 3 0 0 0 183
425 A 600702 600332 33 4 54 3 0 0 0 276
426 T 595213 30 594912 45 3 0 2 0 0 221
427 T 594650 28 594372 48 1 0 11 0 0 190
428 T 588546 30 588212 77 7 0 7 0 0 213
429 G 592449 42 71 30 592068 0 0 0 10 228
430 A 578814 578451 34 3 92 3 0 0 0 231
431 A 578453 578156 13 2 80 21 0 0 0 181
432 T 583363 52 583000 76 3 0 28 0 0 204
433 G 549627 42 73 16 549281 0 0 0 26 189
434 A 591754 591363 33 4 43 38 0 0 0 273
435 T 588045 46 587659 65 2 0 3 0 0 270
436 A 588587 587864 49 5 79 33 0 0 0 557
437 C 630163 53 70 629778 25 0 0 32 0 205
438 A 595684 595325 26 10 106 31 0 0 0 186
439 A 687925 687271 56 12 93 47 0 0 0 446
440 C 693380 56 62 692987 32 0 0 34 0 209
441 A 693198 692808 31 23 74 36 0 0 0 226
442 T 711483 50 711049 79 4 0 68 0 0 233
443 A 594452 592769 52 12 48 42 0 0 0 1529
444 C 610997 80 51 610624 26 0 0 14 0 202
445 C 613177 72 61 612764 27 0 0 37 0 216
446 A 599247 598793 45 16 148 22 0 0 0 223
447 G 618709 42 55 22 618321 0 0 0 39 230
448 A 547977 547648 27 7 74 35 0 0 0 186
449 G 601686 72 41 26 601276 0 0 0 29 242
450 G 592930 55 49 13 592511 0 0 0 25 277
451 A 596685 595834 84 12 88 12 0 0 0 655
452 C 605647 41 61 605302 25 0 0 33 0 185
453 A 593828 593484 35 7 100 11 0 0 0 191
454 A 606808 606411 45 12 93 1 0 0 0 246
455 G 626974 37 33 16 626598 0 0 0 10 280
456 A 649716 649097 21 5 93 9 0 0 0 491
457 G 670478 30 65 36 670039 0 0 0 18 290
458 C 696713 68 40 696208 28 0 0 53 0 316
459 T 695645 22 695056 84 4 0 13 0 0 466
460 C 702677 42 38 702282 12 0 0 11 0 292
461 T 700361 50 699953 66 6 0 12 0 0 274
462 T 710737 49 710362 85 10 0 19 0 0 212
463 G 716620 57 39 16 716193 0 0 0 8 307
464 T 725919 67 725263 71 6 0 12 0 0 500
465 T 724873 33 724428 47 3 0 6 0 0 356
466 C 730418 68 116 729898 27 0 0 7 0 302
467 G 726485 220 53 24 725905 0 0 0 30 253
468 C 745704 55 82 745096 16 0 0 20 0 435
469 A 737703 735057 66 7 100 7 0 0 0 2466
470 C 741542 46 98 741032 19 0 0 13 0 334
471 C 734958 79 134 734489 19 0 0 23 0 214
472 G 750583 163 71 11 750040 0 0 0 27 271
473 G 759141 148 91 38 758480 0 0 0 9 375
474 C 793305 76 92 792779 21 0 0 7 0 330
475 A 797365 796815 72 8 123 5 0 0 0 342
476 T 839846 32 839355 100 15 0 44 0 0 300
477 G 834648 99 101 35 834128 0 0 0 36 249
478 G 875234 69 77 28 874661 0 0 0 64 335
479 A 917374 916564 49 10 142 38 0 0 0 571
480 T 934269 77 933297 131 8 0 66 0 0 690
481 C 869942 59 95 869323 22 0 0 69 0 374
482 C 826482 103 70 826014 32 0 0 20 0 243
483 C 776336 112 105 775781 31 0 0 14 0 293
484 A 788264 787658 27 15 212 14 0 0 0 338
485 G 828851 92 74 27 828331 0 0 0 42 285
486 G 798829 51 45 14 798411 0 0 0 51 257
487 A 761009 760362 68 8 82 52 0 0 0 437
488 T 673549 23 673106 70 13 0 18 0 0 319
489 G 687405 89 43 29 686921 0 0 0 27 296
490 T 665685 61 664532 112 17 0 13 0 0 950
491 G 667098 169 69 29 666487 0 0 0 7 337
492 C 671123 58 46 670686 25 0 0 3 0 305
493 T 649430 40 648838 99 14 0 19 0 0 420
494 C 671037 50 47 670439 18 0 0 51 0 432
495 T 644356 32 643956 82 9 0 17 0 0 260
496 C 655494 58 40 655084 13 0 0 31 0 268
497 T 653637 51 653239 116 16 0 19 0 0 196
498 G 620423 54 60 25 620040 0 0 0 19 225
499 A 621670 621273 41 5 63 13 0 0 0 275
500 T 612401 39 612022 74 10 0 12 0 0 244
501 G 605361 135 73 26 604938 0 0 0 6 183
502 C 607414 72 120 606821 34 0 0 24 0 343
503 A 576233 575608 31 6 160 25 0 0 0 403
504 G 580866 30 55 19 580561 0 0 0 17 184
505 G 555719 36 40 21 555471 0 0 0 12 139
506 G 581080 56 37 22 580765 0 0 0 24 176
507 T 564569 19 561691 70 7 0 7 0 0 2775
508 T 568334 35 568064 48 5 0 9 0 0 173
509 C 569321 40 132 568903 21 0 0 8 0 217
510 G 569361 104 50 20 568979 0 0 0 8 200
511 A 573979 571323 54 6 62 9 0 0 0 2525
512 C 569839 34 36 569474 19 0 0 18 0 258
513 T 554291 20 553822 86 2 0 30 0 0 331
514 C 608725 49 43 608338 15 0 0 58 0 222
515 T 617632 35 616893 144 10 0 33 0 0 517
516 C 757686 41 137 757092 20 0 0 92 0 304
517 C 745556 68 49 745186 15 0 0 16 0 222
518 C 742637 105 60 742184 20 0 0 20 0 248
519 T 738776 76 738232 122 15 0 27 0 0 304
520 A 804710 804152 43 10 162 42 0 0 0 301
521 G 765721 55 53 18 765289 0 0 0 12 294
522 G 743419 71 65 11 742951 0 0 0 46 275
523 A 678564 677776 40 9 141 30 0 0 0 568
524 G 684787 38 47 16 684319 0 0 0 66 301
525 G 655959 37 34 18 655551 0 0 0 77 242
526 T 647257 33 644971 78 19 0 13 0 0 2143
527 C 640908 43 49 640603 21 0 0 11 0 181
528 T 659296 36 658625 264 21 0 8 0 0 342
529 G 660328 58 85 21 659951 0 0 0 19 194
530 G 663895 50 58 13 663433 0 0 0 7 334
531 A 661823 661208 24 3 114 7 0 0 0 467
532 G 677854 52 58 24 677406 0 0 0 17 297
533 C 670662 45 56 670150 15 0 0 37 0 359
534 T 648359 7 647852 144 3 0 23 0 0 330
535 G 650576 205 63 37 649975 1 0 0 13 282
536 C 654206 73 124 653809 28 0 0 8 0 164
537 A 656534 655727 56 28 294 5 0 0 0 424
538 G 674351 44 54 15 673956 1 0 0 12 269
539 G 686190 38 42 20 685753 0 0 0 11 326
540 C 682673 49 122 682035 41 0 0 18 0 408
541 G 674937 144 78 33 674461 0 0 0 14 207
542 C 681009 45 39 680540 20 0 0 14 0 351
543 T 668770 15 668292 173 8 0 12 0 0 270
544 G 693145 188 78 33 692521 0 0 0 13 312
545 C 681194 88 254 680417 32 0 0 22 0 381
546 A 726568 725834 44 14 156 40 0 0 0 480
547 G 751589 48 29 24 751133 0 0 0 38 317
548 T 761136 34 760299 85 26 0 13 0 0 679
549 C 772712 71 93 772141 26 0 0 12 0 369
550 A 767613 767167 50 31 82 32 0 0 0 251
551 A 761758 761334 44 1 72 20 0 0 0 287
552 A 761897 761200 53 56 266 24 0 0 0 298
553 G 735697 54 70 20 735329 0 0 0 17 207
554 G 761564 55 58 17 761087 0 0 0 88 259
555 A 689888 689050 52 9 109 44 0 0 0 624
556 G 680503 51 46 19 680025 0 0 0 26 336
557 T 667239 35 666055 56 15 0 16 0 0 1062
558 T 650156 28 649740 86 15 0 17 0 0 270
559 G 660937 96 82 28 660468 0 0 0 45 218
560 G 669641 69 48 30 669231 0 0 0 31 232
561 G 672603 112 46 36 672098 0 0 0 19 292
562 A 658835 657992 73 30 108 11 0 0 0 621
563 C 591820 43 78 591400 20 0 0 35 0 244
564 A 532493 532217 43 10 77 24 0 0 0 122
565 A 448601 448277 39 2 42 12 0 0 0 229
566 T 452616 39 452323 48 11 0 8 0 0 187
567 G 465744 24 35 15 465493 0 0 0 13 164
568 G 474276 39 26 14 474003 0 0 0 35 159
569 T 435141 33 432363 65 12 0 12 0 0 2656
570 G 435264 41 47 14 435011 0 0 0 5 146
571 A 431621 431301 42 3 51 5 0 0 0 219
572 T 432323 33 432023 52 2 0 8 0 0 205
573 G 426436 47 47 17 426207 0 0 0 19 99
574 G 393775 32 44 9 393538 0 0 0 21 131
575 A 470236 469788 33 6 108 9 0 0 0 292
576 G 492037 41 24 10 491771 0 0 0 21 170
577 T 480834 33 479888 45 12 1 35 0 0 820
578 T 545052 32 544704 89 7 0 56 0 0 164
579 G 578865 50 64 22 578475 0 0 0 25 229
580 A 582298 581829 58 3 70 6 0 0 0 332
581 T 569588 42 569243 70 8 0 8 0 0 217
582 A 566202 565930 21 3 68 31 0 0 0 149
583 A 552211 551846 47 13 106 28 0 0 0 171
584 G 587727 45 74 22 587361 0 0 0 43 182
585 G 620857 41 53 13 620548 0 0 0 17 185
586 A 622725 622243 49 2 51 44 0 0 0 336
587 T 572247 36 571845 65 10 0 42 0 0 249
588 G 593830 48 41 16 593556 0 0 0 39 130
589 A 598293 597842 49 4 62 11 0 0 0 325
590 T 600214 58 599700 69 4 0 5 0 0 378
591 C 596992 68 47 596601 23 0 0 11 0 242
592 A 592929 592564 18 7 67 36 0 0 0 237
593 A 574874 574483 9 5 61 26 0 0 0 290
594 A 576744 576248 15 14 48 9 0 0 0 410
595 C 563906 32 61 563591 24 0 0 8 0 190
596 G 553422 88 60 21 553115 0 0 0 25 113
597 T 532464 23 531048 42 10 0 12 0 0 1329
598 G 524985 56 45 24 524728 0 0 0 11 121
599 G 531659 32 64 18 531295 0 0 0 13 237
600 G 548424 67 64 11 548106 0 0 0 4 172
601 A 550325 549858 52 5 79 16 0 0 0 315
602 T 550628 31 550200 48 2 0 9 0 0 338
603 C 539317 28 53 539028 14 0 0 11 0 183
604 A 532602 532259 21 8 109 7 0 0 0 198
605 A 533712 533499 29 2 58 10 0 0 0 114
606 T 532211 33 531899 55 9 0 14 0 0 201
607 G 543535 41 52 12 543227 0 0 0 31 172
608 A 531625 531210 44 6 52 10 0 0 0 303
609 T 498045 52 497625 49 3 0 7 0 0 309
610 C 515596 50 85 515247 9 0 0 5 0 200
611 G 514138 102 68 14 513778 0 0 0 12 164
612 G 562317 34 32 28 562014 0 0 0 27 182
613 A 563866 563554 28 4 52 6 0 0 0 222
614 A 548077 547281 25 5 114 49 0 0 0 603
615 C 684603 36 40 684126 21 0 0 121 0 259
616 T 667456 29 667062 87 5 0 10 0 0 263
617 T 654220 17 653838 62 2 0 10 0 0 291
618 C 665967 48 46 665509 27 0 0 19 0 318
619 T 668481 44 668035 155 13 0 27 0 0 207
620 G 671843 77 92 32 671366 0 0 0 21 255
621 G 677078 38 65 25 676668 0 0 0 25 257
622 A 666319 665600 50 2 161 3 0 0 1 502
623 G 642197 34 56 23 641803 0 0 0 95 186
624 A 517008 516415 43 26 90 71 0 0 0 363
625 G 558701 41 46 21 558405 0 0 0 32 156
626 G 593685 36 26 26 593371 0 0 0 8 218
627 T 566563 44 560207 107 26 0 9 0 0 6170
628 G 562851 50 75 21 562489 0 0 0 11 205
629 A 561263 560849 39 7 105 9 0 0 0 254
630 A 566757 566393 24 3 70 6 0 0 0 261
631 A 570561 570279 13 3 63 6 0 0 0 197
632 A 565675 565345 55 3 51 9 0 0 0 212
633 T 547493 26 547158 50 13 0 27 0 0 219
634 G 517280 73 56 20 516935 0 0 0 27 169
635 G 515576 41 44 23 515370 0 0 0 2 96
636 A 515946 515285 36 2 100 5 0 0 0 518
637 C 504449 48 130 504023 19 0 0 1 0 228
638 G 501963 81 34 23 501641 0 0 0 2 182
639 A 502241 501939 21 7 39 13 0 0 0 222
640 A 506851 506654 10 0 80 5 0 0 0 102
641 A 508556 508293 7 1 47 5 0 0 0 203
642 A 503782 503619 15 2 35 8 0 0 0 103
643 A 501390 500972 27 31 58 16 0 0 0 286
644 C 493688 31 24 493415 11 0 0 5 0 202
645 A 491973 491642 11 5 105 6 0 0 0 204
646 A 489386 489039 30 12 74 10 0 0 0 221
647 G 500416 33 49 22 500198 0 0 0 8 106
648 G 476936 39 48 10 476604 0 0 0 22 213
649 A 455451 455078 22 5 77 17 0 0 0 252
650 G 463653 33 19 11 463406 0 0 0 25 159
651 T 440027 41 437303 49 15 0 31 0 0 2588
652 G 460824 47 49 16 460475 0 0 0 17 220
653 C 454883 39 23 454632 31 0 0 3 0 155
654 T 448875 20 448661 40 3 0 9 0 0 142
655 T 481102 12 480832 50 4 0 8 0 0 196
656 A 459363 458950 22 14 25 35 0 0 0 317
657 C 504291 42 82 503940 31 0 0 22 0 174
658 G 503791 90 55 18 503365 0 0 0 50 213
659 A 452688 452328 37 11 79 8 0 0 0 225
660 G 502833 31 28 8 502521 0 0 0 81 164
661 A 409311 408993 25 8 50 35 0 0 0 200
662 G 420774 49 40 14 420482 0 0 0 14 175
663 A 410865 410641 18 10 52 19 0 0 0 125
664 A 361914 361660 22 2 47 16 0 0 0 167
665 T 364174 34 363904 44 11 0 15 0 0 166
666 G 380708 52 32 16 380424 0 0 0 22 162
667 T 448584 48 447588 89 21 0 7 0 0 831
668 G 469795 67 62 26 469421 0 0 0 12 207
669 C 472614 27 115 472171 37 0 0 17 0 247
670 A 466699 466492 25 2 73 17 0 0 0 90
671 A 477952 477464 57 5 56 13 0 0 0 357
672 C 510235 38 39 509939 15 0 0 14 0 190
673 A 506227 505905 33 1 37 12 0 0 0 239
674 T 493226 21 492905 44 3 0 7 0 0 246
675 T 493320 23 493026 62 4 0 14 0 0 191
676 C 501866 26 38 501492 12 0 0 6 0 292
677 T 500908 48 500540 88 7 0 11 0 0 214
678 C 520858 45 53 520405 15 0 0 3 0 337
679 A 518306 518000 21 8 62 3 0 0 0 212
680 A 519503 519242 49 2 34 18 0 0 0 158
681 A 518973 518638 11 3 88 8 0 0 0 225
682 G 531852 39 37 11 531533 0 0 0 17 215
683 G 542541 43 50 28 542188 0 0 0 4 228
684 A 538483 538152 32 6 61 2 0 0 0 230
685 A 537054 536778 14 2 83 5 0 0 0 172
686 A 537397 537103 10 2 57 10 0 0 0 215
687 A 567047 566703 51 1 48 32 0 0 0 212
688 T 568216 36 567884 65 0 0 5 0 0 226
689 T 559034 20 558791 47 6 0 7 0 0 163
690 T 558315 27 558018 66 1 0 12 0 0 191
691 C 533713 68 58 533378 24 0 0 10 0 175
692 A 531788 531450 14 10 129 6 0 0 0 179
693 A 531235 530994 16 2 49 2 0 0 0 172
694 A 531787 531324 17 17 48 16 0 0 0 365
695 C 552685 49 33 552340 12 0 0 29 0 222
696 A 519089 518745 11 16 48 26 0 0 0 243
697 G 536046 19 55 22 535684 0 0 0 17 249
698 C 541615 63 58 541316 22 0 0 9 0 147
699 T 495390 25 494866 107 12 0 24 0 0 356
700 G 526741 170 59 31 526216 0 0 0 24 241
701 C 443367 49 45 443048 28 0 0 8 0 189
702 A 445878 445106 45 16 87 7 0 0 0 617
703 C 438766 53 53 438411 12 0 0 16 0 221
704 A 435395 435164 15 20 51 22 0 0 0 123
705 A 433928 433688 30 1 36 27 0 0 0 146
706 A 417182 416891 9 7 106 34 0 0 0 135
707 G 458561 44 39 10 458244 0 0 0 41 183
708 G 459195 54 39 12 458834 0 0 0 30 226
709 G 430998 40 39 33 430658 0 0 0 23 205
710 C 426557 42 73 426194 26 0 0 5 0 217
711 A 419648 419422 11 3 72 20 0 0 0 120
712 A 452910 452621 24 3 43 30 0 0 0 189
713 T 428727 35 428480 39 3 0 10 0 0 160
714 G 430656 42 46 22 430395 0 0 0 9 142
715 A 398793 398530 26 1 40 24 0 0 0 172
716 T 413621 30 413321 48 2 0 33 0 0 187
717 G 411674 60 43 15 411408 0 0 0 22 126
718 G 451542 43 47 20 451229 0 0 0 25 178
719 A 451653 451266 36 2 57 4 0 0 0 288
720 T 444182 32 443827 51 0 0 19 0 0 253
721 C 425901 37 32 425606 15 0 0 25 0 186
722 A 428680 428395 32 7 82 27 0 0 0 137
723 A 482300 481958 22 3 76 28 0 0 0 213
724 G 487233 39 20 7 486946 0 0 0 8 213
725 T 487060 37 486046 58 8 0 5 0 0 906
726 G 492218 42 66 16 491888 0 0 0 24 182
727 A 482523 482173 34 3 71 25 0 0 0 217
728 G 498806 27 45 12 498441 0 0 0 13 268
729 A 497394 496956 52 3 109 4 0 0 0 270
730 G 500655 55 25 11 500302 0 0 0 11 251
731 A 491647 491298 18 1 82 14 0 0 0 234
732 A 478625 478409 17 4 53 20 0 0 0 122
733 A 505310 504968 12 5 73 20 0 0 0 232
734 G 513461 46 20 17 513143 0 0 0 11 224
735 T 513030 41 511730 54 9 0 12 0 0 1184
736 C 499261 42 77 498944 12 0 0 8 0 178
737 G 495465 106 72 28 495028 0 0 0 15 216
738 G 499509 38 34 21 499214 0 0 0 8 194
739 A 497341 497089 7 1 62 6 0 0 0 176
740 A 501382 500228 33 7 73 18 0 0 0 1023
741 C 508234 38 40 507915 13 0 0 22 0 206
742 C 549481 36 30 549165 13 0 0 19 0 218
743 C 561188 59 67 560803 22 0 0 27 0 210
744 A 556459 556143 17 14 101 12 0 0 0 172
745 G 577850 74 53 12 577452 0 0 0 32 227
746 G 577238 48 32 17 576896 0 0 1 37 207
747 A 572716 572312 29 4 69 10 0 0 0 292
748 A 578729 578441 27 4 63 12 0 0 0 182
749 A 546401 546134 26 3 40 23 0 0 0 175
750 T 574593 19 574211 59 7 0 26 0 0 271
751 G 581070 71 56 30 580661 0 0 0 12 240
752 C 624638 58 78 624202 21 0 0 23 0 256
753 T 603229 12 602829 151 12 0 10 0 0 215
754 G 609566 79 47 18 609145 0 0 0 47 230
755 A 570697 570281 39 17 84 36 0 0 0 240
756 G 585086 43 37 13 584691 0 0 0 37 265
757 A 583015 582565 37 4 87 15 0 0 0 307
758 T 586621 49 586136 53 8 0 21 0 0 354
759 C 571351 55 103 570938 17 0 0 13 0 225
760 G 569674 115 84 30 569153 0 0 0 13 279
761 A 549090 548666 63 3 67 5 0 0 0 286
762 A 545890 545545 36 5 82 17 0 0 0 205
763 G 585271 38 30 15 584975 0 0 0 25 188
764 A 584462 583850 43 4 46 24 0 0 0 495
765 T 558519 48 558081 58 5 0 26 0 0 301
766 C 555010 22 27 554687 12 0 0 12 0 250
767 T 527113 42 526708 79 10 0 15 0 0 259
768 C 538464 51 63 538089 13 0 0 16 0 232
769 A 536483 536068 23 4 67 5 0 0 0 316
770 T 537447 41 537085 49 0 0 2 0 0 270
771 C 533344 43 19 533015 10 0 0 18 0 239
772 T 494144 16 493886 64 3 0 26 0 0 149
773 T 499495 13 499250 65 1 0 17 0 0 149
774 T 501043 18 500735 60 9 0 9 0 0 212
775 C 496648 35 31 496351 15 0 0 1 0 215
776 T 495118 41 494779 64 8 0 7 0 0 219
777 G 484145 61 38 22 483841 0 0 0 12 171
778 G 491128 78 51 31 490742 0 0 0 8 218
779 C 488171 63 98 487729 29 0 0 3 0 249
780 A 487147 486542 28 6 84 5 0 0 0 482
781 C 482262 22 93 481900 8 0 0 44 0 195
782 G 511505 64 20 9 511183 0 0 0 56 173
783 G 522801 45 33 20 522511 0 0 0 17 175
784 T 521361 21 520199 48 4 0 9 0 0 1080
785 C 523962 44 42 523651 27 0 0 15 0 183
786 T 533650 18 533230 202 11 1 18 0 0 170
787 G 526361 136 71 34 525950 0 0 0 26 144
788 C 540313 66 138 539850 25 0 0 13 0 221
789 A 522607 521295 59 10 77 21 0 0 0 1145
790 C 520362 35 55 519946 15 0 0 71 0 240
791 T 459513 25 459171 74 2 0 65 0 0 176
792 C 486185 55 66 485718 21 1 0 36 0 288
793 A 499039 498668 26 9 66 15 0 0 0 255
794 T 487653 39 487261 60 5 0 18 0 0 270
795 A 473572 472779 35 0 65 11 0 0 0 682
796 T 500451 33 500168 51 3 0 25 0 0 171
797 T 505893 23 505390 79 7 0 6 0 0 388
798 G 559783 53 42 27 559400 0 0 0 37 224
799 A 546498 545301 36 9 101 20 0 0 0 1031
800 G 593719 41 49 19 593318 0 0 0 37 255
801 A 547153 538074 31 7 156 25 0 0 0 8860
802 G 558498 96 57 13 558152 0 0 0 24 156
803 G 591280 41 61 16 590962 0 0 0 22 178
804 G 592912 58 69 22 591905 0 0 0 4 854
805 T 586618 51 584774 64 9 0 2 0 0 1718
806 C 590205 73 67 588942 33 0 0 11 0 1079
807 A 585213 583990 44 10 149 7 0 0 0 1013
808 G 597022 45 41 15 594634 0 1 0 5 2281
809 T 595471 40 595034 52 5 0 5 0 0 335
810 T 591236 34 590734 68 5 0 10 0 0 385
811 G 596222 78 55 30 594904 0 0 0 18 1137
812 C 580083 40 67 579604 23 0 0 9 0 340
813 T 580512 25 576333 85 5 0 2 0 0 4062
814 C 586782 80 62 586236 18 0 0 2 0 384
815 A 584759 583376 59 5 58 8 0 0 0 1253
816 C 586785 48 57 573523 15 1 0 10 0 13131
817 A 580487 580151 25 6 59 25 0 0 0 221
818 A 581991 581672 29 1 44 8 0 0 0 237
819 A 581329 580140 44 7 51 5 0 0 0 1082
820 T 578484 22 577760 71 2 0 15 0 0 614
821 C 572965 34 34 568681 6 0 0 9 0 4201
822 T 564893 45 564480 73 8 0 14 0 0 273
823 T 542582 11 542148 80 15 0 5 0 0 323
824 G 542090 62 41 13 540503 0 0 0 18 1453
825 T 516121 72 515452 87 10 0 6 0 0 494
826 C 515132 36 69 514309 17 0 0 49 0 652
827 T 436296 39 433837 23 4 0 10 0 0 2383
828 G 434692 35 49 17 431634 0 0 0 8 2949
829 C 428955 67 133 428527 44 0 0 4 0 180
830 C 426734 60 87 426444 29 0 0 7 0 107
831 C 352659 62 113 352367 29 0 0 9 0 79
832 G 321208 100 64 32 320822 0 0 0 7 183
833 C 327694 46 28 327508 17 0 0 3 0 92
834 C 325608 33 44 325228 6 0 0 16 0 281
835 T 308709 18 308348 175 22 0 5 0 0 141
836 G 304170 47 43 7 303952 0 0 0 12 109
837 T 289773 34 289315 59 7 0 6 0 0 352
838 G 303970 20 32 8 303724 0 0 0 10 176
839 T 260661 38 260333 39 2 0 4 0 0 245
840 G 282022 49 32 10 281100 0 0 0 16 815
841 T 201145 18 200919 34 2 0 2 0 0 170
842 A 201520 200613 7 4 22 6 0 0 0 868
843 T 198997 21 195181 26 8 0 7 0 0 3754
844 G 195959 23 15 9 195844 0 0 0 13 55
845 G 213955 39 17 11 212888 0 0 2 12 986
846 A 208359 140320 14 6 42 16 0 1 0 67960
847 C 209549 31 39 209401 15 0 0 14 0 49
848 C 211389 34 24 211258 16 0 0 9 0 48
849 T 199351 24 199213 39 9 0 9 0 0 57
850 G 361431 135 60 27 361014 0 0 0 82 113
851 C 364511 40 77 364322 16 0 0 1 0 55
852 C 364259 40 102 363942 9 0 0 6 0 160
853 G 364652 83 34 12 364390 0 0 0 12 121
854 T 384789 29 384525 53 13 0 25 0 0 144
855 A 397171 396914 8 7 74 12 0 0 0 156
856 G 415486 39 35 14 415260 0 0 0 16 122
857 C 416329 29 32 416101 14 0 0 2 0 151
858 C 433544 27 70 433267 19 0 0 7 0 154
859 A 525612 525307 32 17 60 46 0 0 0 150
860 G 533924 44 40 28 533655 0 0 0 8 149
861 T 534084 50 533554 51 13 0 2 0 0 414
862 G 588024 78 47 10 587598 0 0 0 40 251
863 G 588043 45 64 18 587764 0 0 0 2 150
864 C 595753 47 46 595370 22 0 0 9 0 259
865 T 594166 12 593764 121 5 0 6 0 0 258
866 A 598724 598267 47 2 76 9 0 0 0 323
867 C 596125 42 149 595616 22 0 0 7 0 289
868 G 644462 82 30 10 644129 0 0 0 5 206
869 A 645839 644913 34 1 52 5 0 0 0 834
870 C 650816 24 26 650526 19 0 0 15 0 206
871 T 635730 6 635285 85 4 0 13 0 0 337
872 T 638820 28 638484 64 3 0 3 0 0 238
873 C 638246 77 97 637876 17 0 0 5 0 174
874 G 642427 93 35 30 642010 0 0 0 5 254
875 A 643359 643110 29 4 91 1 0 0 0 124
876 A 643582 643172 9 2 77 2 0 0 0 320
877 A 643356 643069 10 3 71 4 0 0 0 199
878 A 644181 643896 30 2 53 12 0 0 0 188
879 A 642473 642008 17 9 229 18 0 0 0 192
880 G 646510 58 39 17 646134 0 0 0 7 255
881 A 637480 636865 39 3 118 13 0 0 0 442
882 G 631911 50 59 22 631597 0 0 0 14 169
883 G 629579 52 66 24 629226 0 0 0 5 206
884 G 624850 74 87 8 624489 0 0 0 17 175
885 A 606147 605463 52 1 80 9 0 0 0 542
886 T 601229 53 600691 48 4 0 18 0 0 415
887 A 542098 539456 37 6 72 8 0 0 0 2519
888 C 540355 51 20 540046 9 0 0 35 0 194
889 T 486435 51 486041 60 1 0 23 0 0 259
890 C 496746 43 33 496439 7 0 1 30 0 193
891 T 516969 23 516702 93 6 0 13 0 0 132
892 T 509177 18 508880 39 1 0 5 0 0 234
893 T 510739 22 510495 48 5 0 27 0 0 142
894 A 523298 522965 39 3 82 24 0 0 0 185
895 G 539539 49 58 15 539145 0 0 0 30 242
896 T 516716 51 515296 53 33 0 12 0 0 1271
897 G 505211 55 63 18 504916 0 0 0 26 133
898 G 510269 50 56 13 509974 0 0 0 50 126
899 G 492845 71 50 21 492392 0 0 0 90 221
900 A 603074 602648 50 3 94 4 0 0 0 275
901 A 615640 615256 33 7 80 8 0 0 0 256
902 T 616302 57 615890 67 1 0 16 0 0 271
903 A 607562 607247 31 7 126 31 0 0 0 120
904 G 617125 65 62 28 616720 0 0 0 7 243
905 A 624037 620146 47 14 73 2 0 0 0 3755
906 C 638840 71 42 638392 23 0 0 15 0 297
907 C 629232 51 43 628876 27 0 0 49 0 186
908 C 680666 61 45 680193 17 0 0 106 0 244
909 T 680775 26 680314 177 16 0 6 0 0 236
910 T 691726 31 691430 77 6 0 8 0 0 174
911 T 662851 40 662323 100 7 0 10 0 0 371
912 C 664538 79 72 664092 22 0 0 15 0 258
913 A 662757 662398 27 11 88 6 0 0 0 227
914 A 667270 666951 36 1 66 8 0 0 0 208
915 A 675019 674378 45 27 53 7 0 0 0 509
916 C 675831 31 25 675439 10 0 0 25 0 301
917 T 664574 23 664053 99 7 0 28 0 0 364
918 G 672252 92 94 34 671565 0 0 0 12 455
919 C 677796 46 32 677454 28 0 0 3 0 233
920 T 679156 17 678625 102 3 0 10 0 0 399
921 T 678224 82 677693 82 0 0 2 0 0 365
922 C 685210 45 55 684869 22 0 0 3 0 216
923 A 683184 682798 29 8 97 4 0 0 0 248
924 A 683623 683335 23 0 63 7 0 0 0 195
925 A 683471 683133 13 3 65 1 0 0 0 256
926 A 682371 681795 30 22 78 10 0 0 0 436
927 C 685871 41 74 685496 18 0 0 24 0 218
928 A 668574 668261 28 4 81 11 0 0 0 189
929 G 689962 87 68 35 689431 0 0 0 20 321
930 C 694262 80 57 693753 35 0 0 26 0 311
931 C 716488 55 76 716081 36 0 0 35 0 205
932 A 708770 708330 33 14 105 8 0 0 0 280
933 A 711057 710684 23 7 85 41 0 0 0 217
934 G 798840 64 48 9 798329 0 0 0 84 306
935 T 818014 54 816351 70 9 0 23 0 0 1507
936 A 795722 795292 64 4 68 17 0 0 0 277
937 T 780317 40 779877 61 2 0 30 0 1 306
938 A 753227 752455 51 7 75 30 0 0 0 609
939 C 724729 80 250 723972 38 0 0 79 0 310
940 A 695241 694746 32 14 142 39 0 0 0 268
941 G 795830 62 91 43 795159 0 0 0 65 410
942 C 805762 68 63 805207 45 0 0 71 0 308
943 C 692022 52 51 691630 22 0 0 54 0 213
944 T 775249 50 774769 129 7 0 50 0 0 244
945 A 807432 807065 23 8 68 54 0 0 0 214
946 A 816920 816421 48 4 68 10 0 0 0 369
947 T 812447 59 811878 80 2 0 15 0 0 413
948 C 726972 95 88 726434 23 0 0 55 0 277
949 A 659983 659458 21 17 199 16 0 0 0 272
950 G 662867 46 33 24 662485 0 0 0 46 233
951 A 663994 662706 30 8 88 2 0 0 0 1160
952 C 669113 51 56 668762 23 0 0 3 0 218
953 C 657450 73 91 656996 18 0 0 13 0 259
954 G 663568 97 46 18 663195 0 0 0 19 193
955 A 677162 676821 39 6 45 12 0 0 0 239
956 A 694434 693858 24 6 93 4 0 0 0 449
957 C 687811 45 135 687378 27 0 0 11 0 215
958 G 687717 83 62 19 687227 0 0 0 4 322
959 A 703732 703266 62 6 78 12 0 0 0 308
960 G 708042 52 43 21 707597 0 0 0 3 326
961 A 718816 718391 15 2 68 9 0 0 0 331
962 A 742693 742144 26 2 68 27 0 0 0 426
963 T 740552 56 739862 108 4 0 16 0 0 506
964 C 736697 68 43 736291 17 0 0 20 0 258
965 C 740245 75 107 739700 27 0 0 11 0 325
966 A 730858 730371 20 7 181 21 0 0 0 258
967 G 753009 79 66 44 752489 0 0 0 33 298
968 C 743026 89 107 742554 40 0 0 18 0 218
969 A 779290 778208 71 14 94 50 0 0 0 853
970 C 808815 60 86 808258 28 0 0 37 0 346
971 A 784673 783470 102 21 107 13 0 0 0 960
972 C 797552 60 92 797097 27 0 0 26 0 250
973 A 793003 792563 18 11 155 32 0 0 0 224
974 A 799662 799108 54 15 143 26 0 0 0 316
975 G 807990 49 48 19 806910 0 0 0 52 912
976 A 752759 752174 42 9 106 28 1 0 0 399
977 G 759061 52 36 25 758574 0 0 0 58 316
978 T 663442 62 660952 71 8 0 50 0 0 2299
979 C 697498 78 88 697077 34 0 0 29 0 192
980 A 658497 658071 20 8 149 9 0 0 0 240
981 G 659900 47 61 23 659534 0 0 0 18 217
982 C 660505 65 143 660038 32 0 0 23 0 204
983 T 548466 18 548031 77 14 0 40 0 0 286
984 G 590151 44 52 15 589837 0 0 0 52 151
985 G 600165 31 37 16 599813 0 0 0 23 245
986 T 594667 40 591954 69 17 0 17 0 1 2569
987 G 685430 54 74 24 685007 0 0 0 27 244
988 T 667057 47 665744 61 24 0 30 0 0 1151
989 G 666835 66 80 25 666480 0 0 0 26 158
990 G 590440 55 55 16 590124 0 0 0 21 169
991 A 586232 585752 53 4 69 5 0 0 0 349
992 T 586240 43 585757 66 3 0 25 0 0 346
993 G 564836 105 49 26 564289 0 0 0 44 323
994 G 574604 88 70 31 574175 1 0 0 25 214
995 C 578553 71 113 578050 52 0 0 19 0 248
996 A 601752 601277 55 5 67 24 0 0 0 324
997 T 625606 40 625093 152 3 0 9 0 0 309
998 G 633275 134 58 44 632781 0 0 0 22 236
999 C 644295 57 151 643717 29 0 0 28 0 313
1000 A 642566 642170 32 11 105 26 0 0 0 222
1001 A 653528 653074 40 1 63 14 0 0 0 336
1002 T 654502 26 654140 58 4 0 23 0 0 251
1003 T 628624 38 628263 38 3 0 22 0 0 260
1004 C 622219 51 34 621814 19 0 0 32 0 269
1005 T 583553 43 583059 111 9 0 14 0 0 317
1006 G 592150 110 72 33 591610 0 0 0 4 321
1007 C 611812 65 60 611436 23 0 0 26 0 202
1008 T 575784 34 575355 124 8 0 19 0 0 244
1009 G 583903 82 61 31 583511 0 0 0 46 172
1010 C 549292 67 64 548889 29 0 0 14 0 229
1011 A 545672 545277 25 3 76 2 0 0 0 289
1012 T 564149 22 563918 42 7 0 11 0 0 149
1013 T 562274 20 561969 58 5 0 5 0 0 217
1014 T 563172 30 562749 122 6 0 8 0 0 257
1015 G 562585 47 47 14 562171 0 0 0 8 298
1016 A 551509 551124 32 10 95 3 0 0 0 245
1017 A 552205 551862 29 20 104 21 0 0 0 169
1018 G 536985 21 22 14 536628 0 0 0 57 243
1019 A 565682 565286 43 7 52 40 0 0 0 254
1020 T 569757 35 569384 43 4 0 10 0 0 281
1021 C 559574 44 43 559284 18 0 0 8 0 177
1022 T 562445 35 562164 84 5 0 14 0 0 143
1023 A 545258 545040 9 2 61 14 0 0 0 132
1024 A 545530 545257 22 13 55 8 0 0 0 175
1025 G 550379 31 41 8 550067 0 0 0 10 222
1026 A 536381 535991 37 0 65 20 0 0 0 268
1027 G 579118 34 56 18 578679 0 0 0 93 238
1028 T 489538 30 486237 60 9 0 25 0 0 3177
1029 A 483797 483547 28 2 24 11 0 0 0 185
1030 T 475537 24 475274 37 2 0 7 0 0 193
1031 T 471735 44 471496 39 0 0 13 0 0 143
1032 A 486527 486199 44 1 96 17 0 0 0 170
1033 A 437436 437222 4 5 33 15 0 0 0 157
1034 G 427776 21 35 15 427500 0 0 0 8 197
1035 C 428296 27 23 428040 19 0 0 26 0 161
1036 T 380159 3 379905 55 1 0 27 0 0 168
1037 T 443699 29 443465 57 4 0 14 0 0 130
1038 C 448632 37 45 448363 25 0 0 10 0 152
1039 A 461337 461039 31 6 76 2 0 0 0 183
1040 T 461876 43 461495 59 2 0 5 0 0 272
1041 C 461562 50 49 461296 17 0 0 26 0 124
1042 A 458714 458390 35 6 102 15 0 0 0 166
1043 G 440699 27 31 12 440412 0 0 0 13 204
1044 A 442882 442598 22 2 83 4 0 0 0 173
1045 G 431016 36 38 8 430760 0 0 0 9 165
1046 G 456441 36 27 11 456156 0 0 0 44 167
1047 G 543310 98 41 16 542826 0 0 0 51 278
1048 A 543154 541807 52 7 103 10 0 0 0 1175
1049 C 549966 53 48 549551 25 0 0 12 0 277
1050 C 533574 74 47 533221 17 0 0 16 0 199
1051 A 542364 542061 20 21 64 23 0 0 0 175
1052 A 582184 581890 28 3 63 31 0 0 0 169
1053 A 584737 584328 27 14 120 11 0 0 0 237
1054 G 594646 56 64 15 594253 0 0 0 7 251
1055 T 585561 52 583881 58 23 0 40 0 0 1507
1056 A 587498 587017 62 5 65 37 0 0 0 312
1057 T 593205 65 592356 94 5 0 28 0 0 657
1058 C 595743 55 78 595373 16 0 0 10 0 211
1059 C 591922 69 56 591468 26 0 0 11 0 292
1060 C 584651 43 46 584292 22 0 0 30 0 218
1061 C 552865 87 49 552463 14 0 0 15 0 237
1062 A 550333 550028 26 36 66 16 0 0 0 161
1063 A 541484 541070 27 9 114 19 0 0 0 245
1064 G 549109 61 76 9 548677 0 0 0 23 263
1065 G 536142 30 47 18 535817 0 0 0 11 219
1066 G 532042 25 62 14 531649 0 0 0 27 265
1067 G 498724 41 37 23 498462 0 0 0 11 150
1068 G 471166 112 40 18 470824 0 0 0 3 169
1069 A 467399 467056 31 3 69 0 0 0 0 240
1070 A 485720 485449 24 1 63 3 0 0 0 180
1071 A 488489 487910 28 47 42 9 0 0 0 453
1072 C 501574 40 39 501307 12 0 0 34 0 142
1073 T 479125 12 478807 113 1 0 7 0 0 185
1074 T 480683 19 480417 71 3 0 13 0 0 160
1075 T 493468 31 493119 84 2 0 13 0 0 219
1076 C 456769 39 32 456481 17 0 0 25 0 175
1077 C 486201 61 63 485785 13 0 0 32 0 247
1078 A 538876 538008 60 13 68 8 0 0 0 719
1079 C 555301 33 33 555010 11 0 0 22 0 192
1080 T 556936 42 556558 72 10 0 16 0 0 238
1081 A 538968 538647 35 7 75 31 0 0 0 173
1082 G 551154 34 47 14 550857 0 0 0 29 173
1083 A 557207 556840 20 2 66 12 0 0 0 267
1084 G 565004 26 55 12 564675 0 0 0 19 217
1085 G 592766 41 69 20 592408 0 0 0 62 166
1086 A 521986 521360 39 4 99 59 0 0 0 425
1087 G 592841 41 40 18 592450 0 0 0 60 232
1088 T 586707 37 583534 92 17 0 19 0 0 3008
1089 A 589069 588183 69 8 96 16 0 0 0 697
1090 C 597436 83 55 597021 25 0 0 25 0 227
1091 A 575230 574988 24 11 46 20 0 0 0 141
1092 A 575319 574979 33 2 65 17 0 0 0 223
1093 A 644732 644351 35 7 56 15 0 0 0 268
1094 T 631904 36 631439 69 2 0 18 0 0 340
1095 T 606156 18 605785 86 12 0 43 0 0 212
1096 G 540403 52 55 32 539967 0 0 0 42 255
1097 C 533626 38 28 533331 22 0 0 6 0 201
1098 T 533153 11 532850 64 2 0 5 0 0 221
1099 T 532352 52 532001 50 5 0 3 0 0 241
1100 C 530301 62 33 530025 23 0 0 2 0 156
1101 A 522860 522529 37 9 100 9 0 0 0 176
1102 A 531672 531393 16 0 50 14 0 0 0 199
1103 A 536397 536160 23 1 43 4 0 0 0 166
1104 T 538824 18 538470 68 8 0 5 0 0 255
1105 G 535438 62 48 17 535075 0 0 0 9 227
1106 A 531361 531085 26 1 58 11 0 0 0 180
1107 A 537090 536798 10 5 54 10 0 0 0 213
1108 A 538666 538382 4 0 53 3 0 0 0 224
1109 A 541369 540843 30 91 48 7 0 0 0 350
1110 C 565502 41 22 565204 18 0 0 28 0 189
1111 A 561575 561176 44 6 52 11 0 0 0 286
1112 T 585238 29 584935 65 4 0 16 0 0 189
1113 G 564698 54 73 24 564364 0 0 0 19 164
1114 G 560928 33 60 18 560658 0 0 0 23 136
1115 A 578086 577526 39 1 83 31 0 0 0 406
1116 T 572174 55 571739 63 7 0 8 0 0 302
1117 G 577576 53 67 16 577147 0 0 0 42 251
1118 C 654626 73 32 654121 23 0 0 55 0 322
1119 T 629278 21 628904 96 3 0 21 0 0 233
1120 A 630223 629747 75 3 79 15 0 0 0 304
1121 T 605662 53 605264 69 7 0 14 0 0 255
1122 G 615918 66 66 25 615545 0 0 0 33 183
1123 G 617705 47 60 20 617351 0 0 0 51 176
1124 A 584821 584381 55 7 70 21 0 0 0 287
1125 A 584909 584559 45 3 78 17 0 0 0 207
1126 T 522256 29 521809 46 6 0 53 0 0 313
1127 C 481220 41 37 480927 12 0 0 37 0 166
1128 A 471578 471332 25 4 87 14 0 0 0 116
1129 A 466175 465827 35 2 74 17 0 0 0 220
1130 G 470049 24 29 19 469778 0 0 0 14 185
1131 T 443526 56 442594 42 5 0 22 0 0 807
1132 A 435219 432104 27 6 47 24 0 0 0 3011
1133 C 468388 43 27 468095 19 0 0 39 0 165
1134 T 447165 27 446801 66 6 0 5 0 0 260
1135 C 461195 35 32 460902 11 0 0 6 0 209
1136 T 405165 25 404898 63 2 0 6 0 0 171
1137 T 407683 16 407472 64 1 0 12 0 0 118
1138 G 411620 35 20 22 411424 0 0 0 11 108
1139 A 426264 425940 26 4 47 0 0 0 0 247
1140 A 428992 428621 23 3 51 7 0 0 0 287
1141 C 430838 25 29 430591 11 0 0 17 0 165
1142 T 414153 5 413918 84 3 0 21 0 0 122
1143 G 428704 56 47 12 428436 0 0 0 17 136
1144 A 438694 438342 21 6 80 8 0 0 0 237
1145 G 447641 35 32 5 447357 0 0 0 6 206
1146 A 445864 445623 27 2 45 18 0 0 0 149
1147 A 504580 504317 12 3 53 36 0 0 0 159
1148 G 514281 38 38 14 513945 0 0 0 4 242
1149 C 559395 62 86 558947 31 0 0 13 0 256
1150 A 556335 555859 34 21 173 6 0 0 0 242
1151 G 559364 23 57 16 559092 0 0 0 38 138
1152 G 649871 70 49 18 649441 0 0 0 78 215
1153 T 648621 54 645415 79 21 0 13 0 0 3039
1154 A 655594 654767 58 5 68 10 0 0 0 686
1155 C 672918 57 65 672510 16 0 0 31 0 239
1156 T 631846 31 631441 110 7 0 50 0 0 207
1157 G 649416 68 107 44 648915 0 0 0 35 247
1158 G 660147 68 55 18 659708 0 0 0 23 275
1159 G 644619 84 63 61 644057 0 0 0 17 337
1160 C 686905 65 109 686203 45 0 0 50 0 433
1161 C 615480 39 80 615107 19 0 0 37 0 198
1162 A 635348 634999 59 11 57 12 0 0 0 210
1163 T 636177 36 635819 59 3 0 5 0 0 255
1164 A 629250 628797 11 4 122 6 0 0 0 310
1165 A 651009 650661 23 4 118 17 0 0 0 186
1166 G 639380 32 31 18 638889 0 0 0 40 370
1167 A 618327 617942 30 2 67 33 0 0 0 253
1168 A 615515 614408 45 6 76 2 0 0 0 978
1169 C 614888 38 42 614522 16 0 0 9 0 261
1170 C 649366 56 51 649087 15 0 0 16 0 141
1171 A 633384 632980 32 9 112 24 0 0 0 227
1172 G 648163 47 37 23 647840 0 0 0 26 190
1173 A 648884 648474 31 3 65 6 0 0 0 305
1174 A 641730 641381 25 4 68 13 0 0 0 239
1175 G 659361 41 30 22 658994 0 0 0 39 235
1176 T 624774 41 621775 63 16 0 19 0 0 2860
1177 G 629282 62 87 30 628898 0 0 0 12 193
1178 G 641367 44 70 16 640915 0 0 0 23 299
1179 A 642127 641441 52 10 168 14 0 0 0 442
1180 G 654016 56 58 26 653618 0 0 0 25 233
1181 G 654538 60 63 25 654159 0 0 0 17 214
1182 A 611754 611299 33 4 93 5 0 0 0 320
1183 A 610926 610581 21 0 86 14 0 0 0 224
1184 A 609171 608629 34 36 60 20 0 0 0 392
1185 C 622100 63 51 621717 19 0 0 21 0 229
1186 A 620853 619264 58 16 84 23 0 0 0 1408
1187 C 654577 41 31 654205 23 0 0 52 0 225
1188 T 635830 52 635377 104 10 0 26 0 0 261
1189 A 683358 682957 29 1 66 48 0 0 0 257
1190 A 714431 714110 35 2 71 13 0 0 0 200
1191 T 710475 56 709910 63 4 0 24 0 0 418
1192 C 716858 72 48 716397 24 0 0 49 0 268
1193 A 690251 689902 35 7 95 29 0 0 0 183
1194 A 693957 693361 43 22 69 35 0 0 0 427
1195 C 704517 66 68 704125 18 0 0 42 0 198
1196 A 610482 610091 29 14 92 18 0 0 0 238
1197 G 604426 48 64 20 604024 0 0 0 46 224
1198 A 548210 547730 43 15 137 27 0 0 0 258
1199 G 555656 35 74 18 555261 0 0 0 21 247
1200 G 587355 49 34 16 587042 0 0 0 25 189
1201 G 513968 43 54 48 513597 0 0 0 14 212
1202 C 522752 59 58 522323 29 0 0 13 0 270
1203 C 527994 39 49 527665 15 0 0 10 0 216
1204 T 524869 23 524495 82 4 0 13 0 0 252
1205 C 551797 58 35 551526 14 0 0 23 0 141
1206 T 537997 33 537497 125 14 0 11 0 0 317
1207 G 540084 73 58 36 539721 0 0 0 2 194
1208 C 535273 68 150 534739 33 0 0 23 0 260
1209 A 513304 512862 26 8 151 24 0 0 0 233
1210 G 549909 20 58 13 549606 0 0 0 39 173
1211 G 548011 64 38 17 547707 0 0 0 11 174
1212 T 553496 43 551253 100 14 0 10 0 0 2076
1213 C 554207 40 55 553812 13 0 0 28 0 259
1214 A 536286 535951 32 16 73 20 0 0 0 194
1215 A 570292 570019 36 3 57 21 0 0 0 156
1216 A 555239 554936 45 2 51 9 0 0 0 196
1217 T 559874 28 559323 58 1 0 6 0 0 458
1218 C 557675 63 40 557284 13 0 0 32 0 243
1219 A 515955 515594 20 11 109 29 0 0 0 192
1220 G 549986 34 45 10 549656 0 0 0 49 192
1221 T 531117 66 530078 66 15 0 6 0 1 885
1222 G 535726 64 41 17 535332 0 0 0 13 259
1223 T 527352 57 526307 104 11 0 15 0 0 858
1224 G 508636 134 62 35 508225 0 0 0 7 173
1225 C 523379 46 190 522882 35 1 0 21 0 204
1226 A 518040 517743 19 4 47 20 0 0 0 207
1227 A 528819 527695 49 14 52 13 0 0 0 996
1228 C 529431 29 44 529153 8 0 0 17 0 180
1229 C 523795 76 26 523397 8 0 0 68 0 220
1230 T 480602 32 480191 170 15 0 15 0 0 179
1231 G 499960 169 75 37 499397 0 0 0 21 261
1232 C 538561 58 82 538185 29 0 0 7 0 200
1233 A 529218 528790 23 6 74 13 0 0 0 312
1234 T 540390 50 540067 44 2 0 22 0 0 205
1235 T 537657 15 537428 56 1 0 17 0 0 140
1236 T 511207 29 510904 64 4 0 8 0 0 198
1237 T 515640 19 515394 73 4 0 4 0 0 146
1238 C 484883 26 34 484635 7 0 0 48 0 133
1239 T 450698 13 450385 85 15 0 9 0 0 191
1240 G 484325 80 44 12 483962 0 0 0 35 192
1241 T 472907 52 472264 86 14 0 1 0 0 490
1242 G 484859 101 85 28 484439 0 0 0 9 197
1243 C 493304 59 82 492899 43 0 0 16 0 205
1244 A 486598 486263 29 12 87 20 0 0 0 187
1245 A 497647 497407 25 1 42 9 0 0 0 163
1246 A 495725 495362 19 7 91 8 0 0 0 238
1247 G 512859 47 38 23 512557 0 0 0 19 175
1248 A 508095 507786 18 0 71 32 0 0 0 188
1249 A 462952 462654 10 3 59 10 0 0 0 216
1250 A 481881 479353 33 12 53 7 0 0 0 2423
1251 C 485039 42 23 484731 13 0 0 24 0 206
1252 C 507319 52 46 506983 16 0 0 14 1 207
1253 T 507994 39 507448 121 3 0 8 0 0 375
1254 C 499006 51 26 498727 18 0 0 35 0 149
1255 C 528983 78 42 528682 21 0 0 28 0 132
1256 C 516255 44 46 515966 24 0 0 9 0 166
1257 A 521565 521287 27 8 38 10 0 0 0 195
1258 T 522711 32 522396 54 3 0 8 0 0 218
1259 T 493407 15 493134 51 3 0 19 0 0 185
1260 T 498926 28 498573 120 9 0 19 0 0 177
1261 G 496483 68 37 20 496094 0 0 0 9 255
1262 A 505740 505110 51 13 97 4 0 0 0 465
1263 C 502143 36 87 501833 19 0 0 20 0 148
1264 A 476918 476662 13 8 64 17 0 0 0 154
1265 A 494514 494278 29 4 51 18 0 0 0 134
1266 A 500261 499503 23 19 49 19 0 0 0 648
1267 C 524479 42 34 524198 20 0 0 15 0 170
1268 C 519922 42 34 519639 15 0 0 29 0 163
1269 A 478052 477777 23 8 48 13 0 0 0 183
1270 A 498934 497778 19 12 67 18 0 0 0 1040
1271 C 495274 40 34 494958 14 0 0 21 0 207
1272 C 529922 51 39 529609 11 0 0 36 0 176
1273 A 526168 525819 33 4 54 18 0 0 0 240
1274 T 531466 37 530751 68 1 0 26 0 0 583
1275 C 529948 57 46 529631 20 0 0 21 0 173
1276 A 508690 508342 34 5 76 22 0 0 0 211
1277 T 521266 34 520859 76 10 0 26 0 0 261
1278 G 502734 71 38 21 502295 0 0 0 17 292
1279 G 499749 70 57 28 499376 0 0 0 14 204
1280 C 465465 51 84 465094 38 0 0 20 0 178
1281 A 441625 441294 15 10 99 15 0 0 0 192
1282 G 455388 85 58 23 455040 0 0 0 18 164
1283 C 445795 37 71 445496 19 0 0 17 0 155
1284 A 440641 440346 27 4 48 8 0 0 0 208
1285 T 442685 18 442444 55 3 0 5 0 0 160
1286 T 431562 32 431308 45 5 0 6 0 0 166
1287 C 437229 46 38 436871 17 0 0 11 0 246
1288 A 431658 430844 29 10 62 6 0 0 0 707
1289 C 414704 22 27 414428 13 0 0 18 0 196
1290 T 417295 21 417023 77 7 0 6 0 0 161
1291 G 452156 40 66 18 451834 0 0 0 41 157
1292 G 467250 43 55 18 466971 0 0 0 30 133
1293 G 478573 66 40 22 478233 0 0 0 22 190
1294 A 468189 467775 33 3 60 20 0 0 0 298
1295 A 483105 482813 44 0 57 19 0 0 0 172
1296 T 460316 30 459983 51 3 0 22 0 0 227
1297 A 501478 500789 53 20 65 18 0 0 0 533
1298 C 547134 64 124 546671 17 0 0 25 0 233
1299 A 531874 531373 42 23 183 11 0 0 0 242
1300 G 541624 35 74 25 541251 0 0 0 64 175
1301 A 526409 525887 38 8 121 34 0 0 0 321
1302 G 567313 67 49 17 566969 0 0 0 43 168
1303 G 559980 51 58 17 559621 0 0 0 25 208
1304 G 560917 89 56 22 560489 0 0 0 29 232
1305 A 560211 559757 30 2 112 15 0 0 0 295
1306 A 552393 552077 27 5 94 12 0 0 0 178
1307 G 565803 65 21 17 565212 0 0 0 14 474
1308 A 563542 563154 22 2 66 24 0 0 0 274
1309 A 584833 584161 54 5 64 21 0 0 0 528
1310 C 627233 38 59 626838 26 0 0 37 0 235
1311 A 603617 603257 46 13 73 20 0 0 0 208
1312 T 614781 58 614333 62 4 0 20 0 0 304
1313 C 599174 62 53 598782 17 0 0 14 0 246
1314 A 593845 593323 35 23 179 20 0 0 0 265
1315 G 603618 38 35 18 603207 0 0 0 19 301
1316 A 587448 586665 52 6 77 14 0 0 0 634
1317 C 593991 57 53 593588 23 0 0 20 0 250
1318 A 583091 582681 30 10 72 26 0 0 0 272
1319 T 558408 32 558071 64 5 0 12 0 0 224
1320 G 568248 75 59 22 567866 0 0 0 18 208
1321 A 545176 544748 33 6 88 20 0 0 0 281
1322 G 552225 41 92 19 551854 0 0 0 6 213
1323 G 555197 59 38 19 554858 0 0 0 14 209
1324 G 546496 83 63 40 546041 0 0 0 11 258
1325 C 547077 69 68 546564 43 0 0 8 0 325
1326 A 538408 538037 37 5 107 14 0 0 0 208
1327 G 549625 42 36 17 549261 0 0 0 12 257
1328 A 551066 550747 16 2 47 9 0 0 0 245
1329 A 559654 559379 27 4 70 20 0 0 0 154
1330 A 576474 576213 22 0 53 45 0 0 0 141
1331 T 579703 36 579344 49 2 0 25 0 0 247
1332 T 604954 13 604675 51 1 0 11 0 0 203
1333 A 608769 608436 54 3 60 9 0 0 0 207
1334 T 603508 46 603191 64 2 0 8 0 0 197
1335 A 603002 602661 21 5 106 25 0 0 0 184
1336 A 583409 582998 30 17 136 28 0 0 0 200
1337 G 616908 50 72 16 616502 0 0 0 57 211
1338 G 627304 57 43 21 626901 0 0 0 49 233
1339 A 648356 647718 60 2 83 49 0 0 0 444
1340 T 563515 41 563083 62 7 0 29 0 0 293
1341 G 557892 51 70 16 557552 0 0 0 27 176
1342 A 544967 544576 55 1 100 12 0 0 0 223
1343 T 549404 62 549046 56 3 0 10 0 0 227
1344 G 536399 61 51 11 536097 0 0 0 3 176
1345 G 543436 59 50 13 543104 0 0 0 17 193
1346 A 508997 508575 26 9 97 35 0 0 0 255
1347 A 519601 519256 38 8 85 20 0 0 0 194
1348 G 522734 61 40 26 522428 0 0 0 19 160
1349 G 584871 63 43 23 584434 0 0 0 55 253
1350 T 563051 48 559728 122 67 0 6 0 0 3080
1351 G 548690 264 103 36 548055 0 0 0 1 231
1352 C 548404 50 192 547847 91 0 0 7 0 217
1353 A 537465 537142 26 50 117 12 0 0 0 118
1354 A 537345 537105 10 5 51 12 0 0 0 162
1355 A 543829 543604 21 4 31 5 0 0 0 164
1356 A 553456 552625 28 50 64 9 0 0 0 680
1357 C 559596 37 31 559327 11 0 0 19 0 171
1358 C 530140 48 41 529863 13 0 0 22 0 153
1359 A 504003 503673 40 7 77 13 0 0 0 193
1360 G 520278 33 38 12 520065 0 0 0 6 124
1361 A 514231 513919 18 3 69 1 0 0 0 221
1362 A 528734 528470 22 5 65 14 0 0 0 158
1363 G 540239 37 32 11 539957 0 0 0 7 195
1364 A 532197 531885 43 2 45 4 0 0 0 218
1365 A 526682 526403 36 5 70 8 0 0 0 160
1366 A 526746 526484 22 0 51 7 0 0 0 182
1367 T 527681 30 527362 59 11 0 6 0 0 213
1368 G 531456 60 40 17 531133 0 0 0 16 190
1369 T 517385 47 516899 66 7 0 14 0 0 352
1370 C 524944 43 48 524650 16 0 0 4 0 183
1371 C 515515 39 49 515166 16 0 0 42 0 203
1372 T 525803 21 525525 87 4 0 4 0 0 162
1373 T 528955 47 528568 97 6 0 3 0 0 234
1374 C 531064 59 70 530784 17 0 0 9 0 125
1375 C 527220 78 70 526898 20 0 0 7 0 147
1376 A 519727 519195 36 68 277 25 0 0 0 126
1377 G 519108 120 61 18 518770 0 0 0 29 110
1378 G 514822 29 20 9 514566 0 0 0 26 172
1379 G 516129 57 46 15 515812 0 0 0 39 160
1380 G 481720 49 54 36 481336 0 0 0 48 197
1381 C 427679 40 89 427218 153 0 0 15 0 164
1382 G 423328 111 52 139 422896 0 0 0 9 121
1383 G 436098 46 72 22 435855 0 0 0 9 94
1384 G 435345 43 76 20 434945 0 0 0 10 251
1385 G 443082 153 49 16 442698 0 0 0 13 153
1386 A 407012 377081 26 2 169 16 0 0 10 29708
1387 G 410434 44 34 14 410087 0 0 0 61 194
1388 T 386021 16 368526 38 6 0 19 0 0 17416
1389 C 395771 16 23 395149 5 0 0 18 0 560
1390 T 382705 11 382332 76 4 0 9 0 0 273
1391 T 382656 29 382411 52 2 0 11 0 0 151
1392 C 382064 37 83 380407 15 0 0 6 0 1516
1393 G 443114 65 54 13 441867 0 0 0 6 1109
1394 A 436265 433274 11 5 72 5 0 0 0 2898
1395 G 445202 32 32 17 444821 0 0 0 24 276
1396 C 406606 31 30 405924 16 0 0 34 0 571
1397 T 399961 9 399055 51 5 0 4 0 0 837
1398 C 387597 23 23 387318 15 0 0 23 0 195
1399 T 385609 16 385287 58 2 0 2 0 0 244
1400 C 388959 57 87 388630 12 0 0 2 0 171
1401 G 391201 63 30 9 390834 0 0 0 5 260
1402 G 430980 31 21 7 430769 0 0 0 14 138
1403 A 466318 464302 22 4 98 0 0 0 0 1892
1404 C 485832 49 85 485362 16 0 0 22 0 298
1405 G 511557 90 48 46 511136 0 0 0 16 221
1406 A 555500 554986 34 1 115 46 0 0 0 318
1407 A 550072 549733 24 5 78 19 0 0 0 213
1408 A 554583 554180 21 19 121 3 0 0 0 239
1409 G 572099 59 72 12 570905 0 0 0 17 1034
1410 G 575378 62 41 18 574982 0 0 0 15 260
1411 G 556836 64 60 20 556400 0 0 0 17 275
1412 C 564399 58 179 563617 48 0 0 16 0 481
1413 A 557479 556812 23 17 229 26 0 0 0 372
1414 G 569093 62 68 14 568711 0 0 0 21 217
1415 C 555331 68 191 554781 35 0 0 29 0 227
1416 G 608609 118 37 15 608182 0 0 0 25 232
1417 A 614662 614237 14 6 50 20 0 0 0 335
1418 A 619345 617719 44 8 57 18 0 0 0 1499
1419 C 619727 54 63 619241 19 0 0 7 0 343
1420 C 615975 59 34 615657 10 0 0 15 0 200
1421 C 595103 72 87 594660 28 0 0 12 0 244
1422 G 593264 103 58 15 592771 0 0 0 19 298
1423 A 595200 594663 28 3 60 15 0 0 0 431
1424 T 596051 45 595557 52 6 0 17 0 0 374
1425 C 570270 39 93 569933 19 0 0 15 0 171
1426 G 557642 115 71 16 557236 0 0 0 24 180
1427 T 537052 25 536022 77 12 0 15 0 0 901
1428 G 513434 125 54 35 513023 0 0 0 5 192
1429 C 512858 43 53 512428 35 0 0 6 0 293
1430 C 513674 26 52 513328 17 0 0 8 0 243
1431 C 512126 59 46 511781 7 0 0 15 0 218
1432 T 494248 16 493840 83 4 0 32 0 0 273
1433 C 540533 46 36 540184 15 0 0 25 0 227
1434 T 533080 19 532640 200 6 0 6 0 0 209
1435 T 614859 15 614542 59 5 0 13 0 0 225
1436 T 556127 25 555794 48 1 1 14 0 0 244
1437 T 563071 20 562733 87 56 0 24 0 0 151
1438 G 560650 117 41 17 560261 0 0 0 16 198
1439 A 555746 555059 57 50 88 10 0 0 0 482
1440 C 573989 76 65 573578 22 0 0 14 0 234
1441 A 569546 569136 42 4 88 44 0 0 0 232
1442 T 497274 20 496920 81 12 0 63 0 0 178
1443 G 634155 54 72 16 633721 0 0 0 57 235
1444 A 628880 628371 43 3 126 24 0 0 0 313
1445 G 721970 74 63 18 721497 0 0 0 65 253
1446 T 724621 58 722619 81 25 0 14 0 0 1824
1447 A 706754 706348 27 1 68 32 0 0 0 278
1448 A 715912 715531 60 4 55 27 0 0 0 235
1449 T 712746 56 712279 83 12 0 22 0 0 294
1450 G 714676 80 83 37 714169 0 0 0 17 290
1451 A 685032 684549 54 5 74 27 0 0 0 323
1452 A 635055 634606 34 9 83 28 0 0 0 295
1453 G 635721 41 51 15 635290 0 0 0 43 281
1454 G 582585 36 55 20 582135 0 0 0 35 304
1455 A 579249 578715 38 1 59 27 0 0 0 409
1456 T 588635 41 588220 57 4 0 12 0 0 301
1457 C 584448 38 39 584037 19 0 0 11 0 304
1458 T 575713 41 575445 77 7 0 6 0 0 137
1459 T 580803 18 580481 88 3 0 3 0 0 210
1460 A 581670 581375 24 3 45 7 0 0 0 216
1461 T 581556 43 581289 56 2 0 4 0 0 162
1462 T 578698 18 578305 66 3 0 8 0 0 298
1463 T 574555 37 574229 71 4 0 10 0 0 204
1464 C 572230 33 51 571760 12 0 0 25 0 349
1465 T 550346 20 550098 88 3 0 5 0 0 132
1466 T 547588 36 547259 44 1 0 3 0 0 245
1467 C 545666 51 77 545281 7 0 0 4 0 246
1468 G 542797 100 66 25 542451 0 0 0 2 153
1469 G 547356 39 51 21 547046 0 0 0 15 184
1470 A 550707 550271 31 1 112 5 0 0 0 287
1471 G 562155 33 29 16 561819 0 0 0 6 252
1472 A 561678 561123 56 8 67 10 0 0 0 414
1473 C 575897 32 65 575448 30 0 0 35 0 287
1474 A 562822 562445 21 3 82 56 0 0 1 214
1475 A 628539 628117 43 6 65 59 0 0 0 249
1476 T 649021 49 648465 95 3 0 20 0 0 389
1477 G 693662 118 66 37 693159 0 0 0 23 259
1478 C 712527 85 179 711908 51 0 0 38 0 266
1479 A 688981 688423 57 23 164 47 0 0 0 267
1480 G 696809 53 68 24 696449 0 0 0 21 194
1481 A 718575 717965 33 6 121 38 0 0 0 412
1482 G 612456 47 60 12 612117 0 0 0 40 180
1483 G 647708 69 68 24 647200 0 0 0 106 241
1484 A 534047 533557 36 7 99 35 0 0 1 312
1485 G 545216 57 42 9 544834 0 0 0 37 237
1486 T 521519 37 518878 64 12 0 14 0 0 2514
1487 A 515349 514899 28 10 68 11 0 0 0 333
1488 C 516374 44 115 516032 26 0 0 29 0 128
1489 G 493349 84 46 24 492968 0 0 0 9 218
1490 A 492759 492143 67 11 82 18 0 0 0 438
1491 C 477686 18 38 477401 23 0 0 59 0 147
1492 A 393827 393611 18 9 47 10 0 0 0 132
1493 A 395122 394910 31 6 39 15 0 0 0 121
1494 T 370240 32 370000 35 6 0 3 0 0 164