# amino-acid counts among definitively called codons
# POSITION TOTAL_COUNTS WT N_A N_C N_D N_E N_F N_G N_H N_I N_K N_L N_M N_N N_P N_Q N_R N_S N_T N_V N_W N_Y N_STOP
1 468787 M 0 0 0 0 0 0 1 107 40 34 468474 0 0 0 6 0 54 70 1 0 0
2 449541 A 449305 0 0 24 0 28 0 0 0 0 0 0 3 1 0 30 32 118 0 0 0
3 473748 S 0 7 0 0 34 0 1 0 0 0 0 0 82 0 0 473572 21 3 0 28 0
4 474979 Q 0 0 0 11 8 0 29 3 51 27 0 2 9 474702 84 10 1 0 0 0 42
5 429223 G 23 31 70 0 0 429038 0 0 0 0 1 0 0 0 6 27 1 26 0 0 0
6 381211 T 48 0 0 0 0 0 3 28 0 0 0 10 5 0 0 25 381092 0 0 0 0
7 378918 K 0 0 0 37 0 0 0 20 378761 0 0 42 0 6 39 0 0 0 0 0 13
8 332849 R 0 0 0 0 0 4 1 1 0 25 0 0 7 50 332697 0 1 0 63 0 0
9 344039 S 3 2 0 0 16 0 0 0 0 1 0 0 49 0 0 343937 15 2 0 14 0
10 371179 Y 0 48 0 0 13 0 52 0 0 2 5 7 0 1 0 1 0 0 0 371015 35
11 337267 E 1 0 23 337094 0 48 0 0 38 0 1 3 0 10 0 0 1 22 0 0 26
12 320785 Q 0 0 0 3 0 0 20 0 18 22 0 0 4 320631 46 0 0 0 0 0 41
13 386074 M 0 0 6 0 1 0 0 68 30 38 385847 0 0 1 2 0 37 44 0 0 0
14 380216 E 1 0 13 380059 0 56 0 0 31 0 0 0 0 14 0 0 2 18 0 0 22
15 362963 T 44 0 0 0 0 0 0 18 0 3 0 14 8 1 0 25 362850 0 0 0 0
16 405833 D 5 0 405628 30 0 52 8 0 0 0 1 43 0 0 0 0 0 26 0 31 9
17 400883 G 5 0 0 33 0 400699 0 0 0 4 0 0 0 0 46 0 0 40 56 0 0
18 395203 E 4 0 13 395001 0 63 0 0 64 0 0 5 0 10 0 0 1 21 0 0 21
19 394675 R 1 65 0 0 0 11 100 0 0 28 0 0 24 0 394430 16 0 0 0 0 0
20 400319 Q 1 0 0 4 0 0 32 0 19 26 0 0 7 400072 110 0 0 0 0 0 48
21 377822 N 0 0 39 0 0 0 0 21 14 0 0 377693 0 0 0 32 1 0 0 22 0
22 384017 A 383794 1 0 19 0 15 0 0 0 1 0 1 9 1 0 25 59 91 0 0 1
23 398776 T 43 0 0 0 0 2 0 16 0 2 0 15 3 0 1 38 398656 0 0 0 0
24 379709 E 5 0 19 379556 0 48 0 0 26 0 0 0 0 9 1 0 0 24 0 0 21
25 330588 I 0 0 1 0 27 0 0 330469 0 0 11 16 0 0 0 0 26 38 0 0 0
26 359123 R 0 0 0 0 0 99 0 17 27 0 0 0 0 0 358918 13 10 0 0 0 39
27 345346 A 345191 0 0 19 0 3 0 2 0 0 0 0 13 1 0 23 32 62 0 0 0
28 374677 S 1 9 0 0 21 0 0 0 0 0 0 0 30 0 1 374570 21 0 0 23 1
29 360111 V 42 0 23 0 16 1 0 50 0 1 0 0 0 0 1 2 0 359975 0 0 0
30 377656 G 16 0 1 31 0 377455 0 0 0 0 0 0 0 0 88 1 0 26 38 0 0
31 373150 K 0 0 0 51 0 0 0 0 372981 0 20 18 0 0 50 0 2 0 0 1 27
32 365992 M 0 0 0 0 0 0 0 65 23 29 365783 1 0 0 1 0 41 49 0 0 0
33 373646 I 0 0 1 0 26 0 0 373517 0 1 6 27 0 0 0 0 32 36 0 0 0
34 372909 D 2 0 372748 34 0 41 10 0 0 0 2 30 0 0 0 0 0 28 0 14 0
35 342400 G 10 0 0 29 0 342251 0 0 0 1 0 0 0 0 57 0 0 24 0 0 28
36 358881 I 0 0 0 0 6 0 0 358794 0 2 6 19 0 0 0 2 26 26 0 0 0
37 334964 G 5 0 2 29 0 334815 0 1 2 0 0 0 0 0 62 1 0 19 0 0 28
38 310433 R 0 0 0 0 0 12 0 0 0 20 0 0 8 31 310296 0 0 0 0 0 66
39 334975 F 0 2 0 0 334846 0 0 13 0 74 0 0 0 0 0 19 0 2 0 18 1
40 322105 Y 0 45 1 0 22 0 54 1 0 1 0 21 0 0 5 4 1 0 1 321928 21
41 284561 I 0 0 0 0 16 0 0 284463 0 2 4 17 1 0 0 2 33 23 0 0 0
42 278843 Q 0 0 0 5 0 0 5 0 22 9 0 0 2 278738 37 0 0 0 0 0 25
43 270534 M 0 1 0 0 0 0 0 39 14 11 270423 0 0 0 3 0 21 22 0 0 0
44 310594 C 0 310403 0 0 28 4 0 0 0 0 0 0 0 0 44 34 1 1 14 40 25
45 300217 T 31 0 0 0 0 0 0 16 0 0 0 12 4 1 0 29 300124 0 0 0 0
46 327945 E 0 0 20 327831 0 25 0 0 30 0 0 0 1 12 0 0 1 7 0 0 18
47 383744 L 0 0 0 0 26 0 11 7 0 383647 0 0 42 0 1 1 6 3 0 0 0
48 386202 K 0 0 0 34 0 0 0 11 386051 0 0 52 0 3 29 0 2 0 0 0 20
49 378301 L 0 0 0 0 19 2 6 6 0 378211 0 0 51 0 2 0 0 4 0 0 0
50 376469 S 0 21 0 0 0 82 0 7 0 0 0 20 2 2 57 376272 5 1 0 0 0
51 411171 D 2 0 411022 23 0 32 5 0 0 0 0 31 0 0 0 0 1 23 0 30 2
52 441988 Y 0 45 1 0 21 0 43 1 0 3 5 6 0 0 0 0 1 0 0 441832 30
53 428524 E 8 0 64 428252 0 102 0 0 31 0 0 0 0 7 2 0 0 30 0 0 28
54 388545 G 12 0 0 39 0 388398 0 0 0 1 0 0 0 0 46 0 0 19 30 0 0
55 361204 R 1 0 1 0 0 12 1 0 1 27 0 0 8 55 361022 0 1 0 0 0 75
56 357638 L 0 0 0 0 0 0 0 0 0 357542 13 0 61 13 4 0 0 5 0 0 0
57 379909 I 0 0 0 0 20 0 0 379769 0 1 5 30 0 0 0 2 53 29 0 0 0
58 365410 Q 0 0 0 23 0 0 25 0 30 16 0 0 9 365193 63 2 0 0 0 0 49
59 348864 N 0 0 17 0 0 3 1 15 21 0 0 348740 0 0 0 37 4 0 0 26 0
60 272004 S 0 9 0 0 0 41 0 12 0 3 0 12 0 1 27 271892 7 0 0 0 0
61 272959 L 0 1 1 0 20 0 0 11 0 272880 0 0 0 0 0 26 0 1 0 0 19
62 254806 T 34 0 0 0 0 0 0 16 8 0 0 0 1 3 5 21 254718 0 0 0 0
63 263179 I 0 0 0 0 0 0 0 263041 15 11 46 1 0 0 3 0 26 34 0 0 2
64 272483 E 3 0 14 272368 0 29 0 0 18 0 0 0 0 2 0 0 1 14 0 0 34
65 264774 R 0 0 0 0 0 30 0 20 14 0 0 0 0 0 264671 19 7 0 0 0 13
66 272474 M 0 0 1 0 0 0 0 44 19 13 272331 0 0 0 2 0 28 36 0 0 0
67 260546 V 46 0 0 23 0 3 0 1 0 17 25 0 0 0 1 0 0 260429 1 0 0
68 282417 L 1 1 0 0 15 0 11 12 0 282330 0 0 36 0 5 0 0 5 0 1 0
69 295556 S 1 10 0 0 18 0 0 0 0 3 0 0 46 0 0 295448 21 0 0 9 0
70 318986 A 318857 3 15 0 0 7 0 0 0 1 0 0 8 0 0 18 54 23 0 0 0
71 306631 F 1 2 0 1 306547 0 0 7 0 43 0 0 0 0 0 22 0 1 0 7 0
72 307736 D 3 0 307608 15 0 40 7 0 0 0 0 30 0 0 0 0 3 18 0 12 0
73 281692 E 0 0 13 281554 0 38 0 0 44 3 1 0 0 8 0 0 0 13 0 0 18
74 289494 R 0 0 0 0 0 29 0 14 20 0 0 0 0 0 289400 20 5 0 0 0 6
75 297364 R 0 0 0 0 0 39 0 0 30 0 23 0 0 0 297229 25 7 0 11 0 0
76 312158 N 0 0 41 0 0 0 1 23 23 0 0 312004 0 0 0 40 2 0 0 24 0
77 312293 K 0 0 0 24 0 0 0 18 312182 0 0 22 0 1 27 0 3 0 1 0 15
78 256275 Y 0 26 1 0 14 0 16 1 0 0 0 16 0 0 0 1 3 0 0 256184 13
79 248448 L 0 1 0 0 1 0 0 1 0 248367 18 0 40 14 3 0 0 3 0 0 0
80 230505 E 0 0 16 230406 0 34 0 0 14 0 0 0 1 5 0 1 0 9 0 0 19
81 215457 E 1 0 16 215357 0 27 0 0 22 0 0 0 0 3 1 0 0 21 0 0 9
82 244839 H 0 0 8 0 0 0 244747 0 0 16 0 9 1 12 18 0 7 0 0 21 0
83 328867 P 8 0 0 1 0 0 18 1 0 22 0 0 328753 1 10 32 21 0 0 0 0
84 327470 S 1 3 0 0 0 69 0 28 0 0 0 21 1 1 43 327298 5 0 0 0 0
85 345833 A 345657 0 1 28 1 6 1 0 0 0 0 0 10 0 17 39 37 36 0 0 0
86 377967 G 10 0 0 39 0 377804 0 0 1 0 0 0 0 0 51 0 0 30 32 0 0
87 395455 K 0 0 1 70 0 1 0 0 395193 0 20 78 0 1 65 0 2 0 0 0 24
88 405955 D 1 0 405781 29 0 51 5 11 1 0 0 26 0 0 0 0 1 24 0 25 0
89 374341 P 5 0 0 0 0 1 26 0 0 30 0 1 374246 1 7 10 14 0 0 0 0
90 375020 K 1 0 0 40 0 0 0 0 374915 0 7 16 0 0 36 0 1 0 0 0 4
91 350665 K 0 0 0 36 0 0 0 7 350576 2 0 4 0 0 31 0 0 0 0 0 9
92 320467 T 23 0 0 0 0 0 0 15 0 1 0 7 5 0 0 25 320390 0 0 0 1
93 318385 G 7 1 0 26 0 318255 0 0 0 0 0 0 0 0 57 0 0 21 1 0 17
94 300440 G 4 0 0 22 0 300337 0 0 0 0 0 0 0 2 31 0 0 22 0 0 22
95 315994 P 6 0 0 0 0 0 19 0 0 19 0 0 315899 1 5 24 20 1 0 0 0
96 342876 I 0 0 0 0 0 0 1 342723 28 19 28 1 0 0 1 0 33 36 0 6 0
97 357341 Y 0 31 1 0 33 0 46 3 0 1 0 24 0 0 0 3 0 1 0 357174 24
98 309247 K 0 0 0 49 0 0 0 0 309093 1 24 14 0 2 44 2 6 0 0 1 11
99 228538 R 0 0 0 0 0 28 0 16 9 1 0 0 0 0 228447 14 4 0 0 0 19
100 225426 V 22 1 0 18 0 0 1 19 0 18 0 0 0 1 2 0 0 225344 0 0 0
101 262833 D 2 0 262722 25 0 29 1 0 0 0 0 16 0 0 1 0 0 23 0 14 0
102 269221 R 0 0 0 0 0 41 0 16 13 1 0 1 1 0 269117 15 5 0 0 0 11
103 278819 K 0 0 0 30 0 0 0 1 278721 0 6 12 0 1 36 0 2 0 0 0 10
104 284768 W 0 23 0 0 0 2 0 0 0 23 0 0 0 0 56 13 0 2 284599 0 50
105 291658 M 0 0 0 0 0 0 0 48 21 27 291497 0 0 0 0 0 34 31 0 0 0
106 307011 R 0 1 0 1 0 53 0 0 19 0 25 0 0 1 306847 19 10 0 35 0 0
107 304611 E 1 0 25 304370 0 33 0 0 129 0 0 3 0 10 0 0 1 13 0 0 26
108 304326 L 0 0 0 0 16 0 18 14 0 304240 0 0 31 0 1 2 0 4 0 0 0
109 293045 V 31 0 22 0 18 2 0 53 0 6 0 0 0 1 0 3 0 292909 0 0 0
110 313812 L 0 0 0 0 19 0 6 18 0 313716 0 0 47 0 1 0 0 5 0 0 0
111 296768 Y 0 36 0 0 20 0 30 0 0 1 4 7 0 0 0 1 0 0 0 296631 38
112 259062 D 3 0 258900 8 0 47 8 0 2 1 0 43 0 0 0 0 0 34 0 15 1
113 238667 K 0 0 0 19 0 0 0 18 238569 1 0 12 0 4 30 0 0 0 0 0 14
114 273709 E 0 0 12 273612 0 34 0 0 21 0 0 0 0 4 2 0 0 12 0 0 12
115 308019 E 1 0 9 307908 0 33 0 0 28 0 0 0 0 6 9 0 0 11 0 0 14
116 330300 I 0 0 0 0 0 0 0 330158 14 9 49 13 0 1 0 0 21 34 0 0 1
117 320032 R 0 0 0 0 0 47 0 0 19 1 25 0 0 0 319895 19 4 0 22 0 0
118 315076 R 2 0 0 0 0 20 1 0 0 18 0 0 7 38 314937 0 0 0 0 0 53
119 340750 I 0 0 0 0 9 0 0 340642 0 1 4 28 0 0 0 0 24 42 0 0 0
120 316633 W 0 20 0 0 0 6 0 0 0 15 0 0 0 0 78 5 0 0 316465 0 44
121 327139 R 2 55 0 0 0 17 79 0 0 20 0 0 15 0 326930 21 0 0 0 0 0
122 307781 Q 0 0 0 5 0 0 13 0 14 14 0 0 4 307665 38 0 0 0 0 0 28
123 352576 A 352418 0 21 0 0 6 0 0 0 0 0 0 17 0 0 15 48 51 0 0 0
124 381893 N 0 0 47 0 0 0 2 26 37 0 0 381731 0 6 0 29 1 0 0 14 0
125 370830 N 0 0 42 0 0 0 1 16 20 0 0 370689 0 1 0 37 0 0 0 22 2
126 300064 G 8 23 17 0 0 299980 0 0 0 0 0 1 0 0 4 19 0 11 1 0 0
127 298496 D 0 2 298372 21 0 35 11 0 0 1 1 24 0 0 0 1 0 13 0 14 1
128 291783 D 2 1 291654 18 0 26 5 0 0 0 0 19 0 0 0 1 0 29 0 28 0
129 298901 A 298733 0 0 21 0 8 0 0 0 0 0 0 5 0 0 24 71 39 0 0 0
130 264417 T 35 0 0 0 0 0 0 13 16 0 0 1 0 2 1 11 264338 0 0 0 0
131 241358 A 241296 0 8 0 0 4 0 0 0 0 0 0 1 0 0 13 21 15 0 0 0
132 304726 G 5 9 28 0 0 304646 0 0 0 0 0 0 0 0 5 24 0 9 0 0 0
133 320284 L 0 0 0 0 1 0 0 0 0 320174 21 0 73 8 2 0 0 5 0 0 0
134 381633 T 47 0 0 0 0 0 0 38 0 0 0 10 3 0 0 40 381495 0 0 0 0
135 394461 H 0 0 7 0 0 0 394299 0 0 26 0 24 1 15 55 0 0 0 0 34 0
136 414406 M 0 0 1 0 0 0 2 60 27 15 414182 0 0 1 0 0 46 72 0 0 0
137 424207 M 0 1 1 0 0 1 0 66 29 31 423976 0 0 0 3 0 56 43 0 0 0
138 388621 I 0 0 0 0 20 1 0 388512 1 2 4 17 0 0 0 1 37 26 0 0 0
139 370786 W 0 32 0 0 0 1 0 0 0 21 0 0 0 0 125 14 0 0 370497 0 96
140 358468 H 0 0 12 0 0 0 358306 0 0 17 0 18 5 10 52 0 0 0 0 48 0
141 356235 S 2 9 0 0 24 0 0 0 0 0 0 0 37 0 0 356120 12 0 0 31 0
142 351572 N 0 0 47 0 0 0 4 19 13 0 0 351461 0 2 0 18 0 0 0 8 0
143 344712 L 0 0 0 0 24 0 0 0 0 344609 14 0 0 0 0 45 0 2 0 0 18
144 324569 N 0 0 39 1 0 0 0 8 27 0 0 324442 0 0 0 37 0 0 0 15 0
145 310373 D 1 0 310253 27 0 20 7 0 0 0 0 23 0 0 0 0 0 28 0 13 1
146 303680 T 48 0 1 0 0 0 0 48 16 0 0 1 2 1 5 25 303531 0 0 0 2
147 390540 T 58 0 0 0 0 0 2 22 13 0 0 1 1 1 2 33 390405 0 0 2 0
148 351420 Y 0 32 3 0 21 0 25 6 0 0 1 19 0 0 0 4 1 0 0 351288 20
149 353471 Q 0 0 0 8 0 0 32 1 19 15 0 0 5 353273 75 0 1 2 0 0 40
150 333167 R 0 0 0 2 0 43 0 0 27 0 17 0 0 0 333040 21 4 0 13 0 0
151 364792 T 46 0 1 1 0 0 0 44 6 0 0 0 3 0 6 47 364638 0 0 0 0
152 380579 R 0 0 0 0 0 63 0 18 19 0 0 0 0 2 380427 17 5 0 0 0 28
153 417681 A 417564 0 28 0 0 11 0 0 0 0 0 0 8 0 0 23 24 23 0 0 0
154 445333 L 0 0 0 0 26 0 26 20 0 445204 0 0 43 1 3 1 0 9 0 0 0
155 451951 V 49 0 38 0 13 1 0 38 0 7 0 0 0 0 0 1 0 451804 0 0 0
156 460564 R 0 102 0 0 0 19 141 0 0 31 0 0 12 0 460226 33 0 0 0 0 0
157 463407 T 68 0 1 0 0 0 0 62 0 0 0 18 3 0 0 39 463216 0 0 0 0
158 473078 G 14 24 99 0 0 472777 0 0 0 0 1 0 0 0 13 120 0 30 0 0 0
159 490616 M 0 0 0 1 0 0 0 113 16 29 490316 0 0 2 3 0 56 80 0 0 0
160 563160 D 2 0 562948 43 0 52 7 2 0 0 0 51 1 0 0 0 0 26 0 28 0
161 499790 P 8 0 1 1 0 0 34 0 0 45 0 0 499605 3 13 54 26 0 0 0 0
162 473931 R 0 0 1 2 0 118 0 1 56 0 32 0 0 1 473660 35 6 0 19 0 0
163 435112 M 0 0 0 0 0 0 0 90 14 23 434904 0 0 0 1 1 40 37 2 0 0
164 430070 C 0 429799 0 0 20 5 0 0 0 1 0 0 0 0 57 42 0 0 6 107 33
165 412880 S 6 9 0 0 28 0 0 0 0 0 0 1 35 2 1 412770 15 0 0 13 0
166 409639 L 0 0 0 0 0 1 0 0 0 409486 21 0 90 30 5 0 0 6 0 0 0
167 402656 M 0 1 0 0 0 0 0 115 31 31 402392 0 0 0 2 0 51 33 0 0 0
168 380604 Q 2 0 0 9 0 0 37 0 30 20 0 0 5 380328 101 0 0 0 1 0 71
169 352673 G 4 18 20 0 0 352583 0 0 0 1 0 0 0 0 3 24 0 20 0 0 0
170 372259 S 1 0 0 0 0 0 0 1 0 83 0 0 34 2 0 372090 22 0 6 0 20
171 365717 T 47 0 0 0 0 0 0 28 0 0 0 17 6 0 1 30 365588 0 0 0 0
172 388787 L 0 0 0 0 23 0 38 28 0 388606 0 0 84 0 1 1 0 6 0 0 0
173 494125 P 14 0 1 0 0 0 52 1 0 46 0 0 493930 2 5 41 32 0 0 0 1
174 487843 R 0 0 0 1 0 81 0 0 31 0 29 0 0 1 487637 31 11 0 15 0 6
175 380605 R 1 0 0 1 0 56 0 0 21 2 18 1 0 0 380470 12 6 0 17 0 0
176 408528 S 4 6 0 0 19 0 0 0 0 1 0 0 63 0 0 408404 18 0 0 12 1
177 424373 G 3 0 0 24 0 424239 0 0 0 0 0 0 0 1 52 0 0 26 0 0 28
178 408617 A 408528 0 9 0 0 0 0 0 0 0 0 0 2 0 0 23 19 36 0 0 0
179 423509 A 423251 0 1 30 0 9 0 0 0 0 0 0 13 0 0 24 110 71 0 0 0
180 436389 G 10 30 35 0 0 436267 0 0 0 0 0 0 0 0 5 21 0 21 0 0 0
181 435448 A 435262 0 12 0 0 7 0 0 0 0 0 0 7 1 0 33 99 27 0 0 0
182 448826 A 448408 0 1 30 0 14 0 0 0 0 0 0 10 1 1 31 144 186 0 0 0
183 480053 V 58 0 26 0 8 2 0 30 0 7 0 0 0 0 0 7 0 479915 0 0 0
184 486953 K 0 0 0 79 0 0 0 27 486672 0 0 68 0 22 48 0 7 0 0 0 30
185 419098 G 10 0 0 32 0 418969 0 0 0 1 0 0 0 0 38 0 0 17 0 0 31
186 412532 V 34 3 25 0 8 0 0 28 0 11 0 0 1 0 0 1 3 412418 0 0 0
187 406844 G 16 0 2 36 0 406668 0 0 1 1 0 0 0 0 52 0 0 32 36 0 0
188 327583 T 52 0 1 0 0 0 0 40 8 0 0 1 2 6 5 29 327439 0 0 0 0
189 266888 M 0 0 0 0 0 0 0 45 17 18 266760 0 0 0 0 0 20 24 4 0 0
190 259272 V 41 0 0 26 0 4 0 0 1 11 20 0 0 0 0 0 0 259168 0 0 1
191 248476 M 0 0 0 0 0 0 0 38 23 17 248347 0 0 0 3 0 25 22 1 0 0
192 225384 E 3 0 9 225263 0 51 0 0 19 0 0 0 0 1 0 0 0 19 0 0 19
193 281551 L 0 0 0 0 18 0 0 0 0 281466 18 0 0 0 0 34 0 6 0 0 9
194 334125 I 0 0 10 4 0 0 0 333970 14 25 34 0 0 0 1 0 29 36 0 0 2
195 315965 R 0 0 0 0 0 62 0 0 20 1 23 0 0 0 315806 24 12 0 17 0 0
196 325558 M 0 0 0 0 0 0 0 61 23 23 325369 0 0 0 2 0 47 33 0 0 0
197 343724 I 0 0 0 0 31 0 0 343575 0 2 9 31 0 0 0 1 32 43 0 0 0
198 326633 K 0 0 0 36 0 0 0 3 326538 0 0 21 0 2 30 0 0 0 0 0 3
199 307251 R 0 27 0 0 0 4 29 0 0 18 0 0 9 0 307156 8 0 0 0 0 0
200 302337 G 5 0 0 25 0 302218 0 0 0 1 0 0 0 0 39 0 0 29 20 0 0
201 299892 I 0 0 0 0 26 0 0 299781 0 1 3 16 0 0 0 2 29 34 0 0 0
202 304940 N 0 0 43 1 0 0 2 10 23 0 1 304812 0 0 0 32 3 0 0 13 0
203 282554 D 1 0 282459 19 0 18 5 0 0 0 0 19 0 0 0 1 0 21 0 11 0
204 294737 R 0 0 0 0 0 5 0 0 0 21 0 0 4 39 294622 1 0 0 45 0 0
205 306280 N 0 1 40 0 0 1 0 12 10 1 0 306164 0 0 1 42 0 0 0 8 0
206 368085 F 0 1 0 0 367946 0 0 13 1 73 0 0 0 0 0 36 0 1 0 14 0
207 378459 W 0 22 0 2 0 7 0 0 0 38 0 0 0 0 127 14 0 1 378168 1 79
208 283700 R 0 0 0 3 1 47 0 19 19 0 0 0 0 1 283563 29 2 0 0 0 16
209 301523 G 9 13 16 0 0 301453 0 0 0 1 0 0 0 0 5 19 0 7 0 0 0
210 317975 E 3 0 12 317837 0 32 0 0 38 0 0 0 0 7 0 1 0 22 0 0 23
211 311034 N 0 1 41 0 0 0 0 13 15 0 6 310914 0 0 0 33 0 0 0 11 0
212 294657 G 3 0 3 34 0 294543 0 0 0 0 0 0 0 0 37 0 0 13 0 0 24
213 288242 R 0 0 0 0 0 16 0 0 0 23 0 0 8 48 288081 0 0 0 0 0 66
214 280411 K 0 0 0 33 0 0 0 2 280328 0 0 6 0 2 29 0 0 0 0 0 11
215 277488 T 34 0 0 0 0 0 0 11 7 0 0 2 14 6 3 15 277396 0 0 0 0
216 260474 R 0 0 0 0 0 51 0 0 22 0 20 0 0 0 260343 28 4 0 6 0 0
217 241466 S 0 14 0 2 0 26 0 6 0 0 0 24 0 0 23 241370 1 0 0 0 0
218 251445 A 251347 1 18 0 0 8 0 0 0 0 0 0 5 0 0 20 31 15 0 0 0
219 251160 Y 0 14 1 0 9 0 28 0 0 0 0 1 0 0 0 1 5 0 0 251080 21
220 255869 E 0 0 21 255721 0 41 0 0 36 0 0 0 0 7 1 0 0 20 0 0 22
221 226640 R 1 0 0 0 0 36 0 10 23 3 0 0 0 0 226538 12 5 0 0 0 12
222 197742 M 0 0 0 1 0 0 0 41 13 11 197633 0 0 0 2 2 22 17 0 0 0
223 249303 C 0 249110 0 0 24 4 0 0 0 0 0 0 0 0 43 47 0 1 16 42 16
224 261227 N 0 0 37 0 0 0 3 16 14 1 0 261107 0 0 0 27 3 0 0 19 0
225 275250 I 0 0 0 0 16 0 1 275173 0 2 0 12 0 0 0 1 26 19 0 0 0
226 286646 L 0 0 0 0 10 0 19 8 0 286564 0 1 39 0 0 2 1 2 0 0 0
227 297128 K 0 0 0 46 0 0 0 15 296988 0 0 11 0 5 46 0 4 0 0 0 13
228 303294 G 8 0 0 24 0 303202 0 0 0 0 0 0 0 0 26 0 0 20 0 0 14
229 312567 K 0 0 0 44 0 0 0 9 312440 0 0 35 0 0 28 0 1 0 0 0 10
230 321739 F 0 0 0 0 321617 0 0 23 0 54 0 0 0 0 0 37 0 1 0 7 0
231 305718 Q 0 0 0 12 0 0 8 0 15 9 0 0 1 305574 70 3 0 1 0 0 25
232 291643 T 30 0 0 0 0 0 0 17 12 0 0 0 8 0 4 2 291570 0 0 0 0
233 279314 A 279224 0 19 0 0 5 0 0 0 0 0 0 5 0 0 19 18 24 0 0 0
234 239397 A 239244 0 1 22 0 10 0 0 0 0 0 0 10 0 0 18 65 26 0 0 1
235 234563 Q 1 0 0 7 0 0 13 0 14 7 0 0 0 234452 29 0 1 0 0 0 39
236 229529 R 0 0 0 0 0 34 0 0 9 0 12 0 0 0 229452 12 2 0 8 0 0
237 230142 A 230018 0 0 11 0 13 0 0 0 0 0 0 8 3 0 12 29 48 0 0 0
238 240443 M 0 0 0 0 0 0 0 42 18 13 240308 3 0 1 3 0 26 26 0 0 3
239 211944 M 0 0 2 3 0 0 0 48 8 18 211817 0 0 0 1 0 24 23 0 0 0
240 253721 D 1 0 253599 17 0 29 10 0 0 0 0 22 0 0 0 1 1 20 0 21 0
241 241613 Q 0 0 0 6 0 0 13 0 5 20 0 0 2 241495 47 0 0 0 0 0 25
242 279676 V 26 0 0 30 0 5 0 0 1 15 25 0 0 0 0 0 0 279574 0 0 0
243 280668 R 0 0 0 0 0 45 0 13 15 0 0 0 0 0 280539 21 5 0 0 0 30
244 274463 E 1 0 7 274382 0 29 0 0 17 0 0 0 0 8 1 0 0 9 0 0 9
245 295191 S 0 5 0 0 0 39 0 9 0 0 0 21 0 0 23 295085 8 1 0 0 0
246 288747 R 0 0 0 0 0 5 0 0 0 25 0 0 8 63 288594 0 0 0 52 0 0
247 292721 N 0 0 32 1 0 0 0 16 25 0 0 292602 0 0 1 33 0 0 0 11 0
248 320183 P 4 0 0 0 0 0 0 0 0 53 0 0 320044 32 4 24 22 0 0 0 0
249 335059 G 4 0 1 26 0 334944 0 0 0 0 0 0 0 0 43 0 0 22 0 0 19
250 323496 N 0 0 40 0 0 0 0 16 15 0 2 323393 0 0 0 24 0 0 0 6 0
251 342776 A 342632 1 21 0 0 5 1 0 0 1 0 0 15 0 0 11 45 44 0 0 0
252 336206 E 4 0 19 336046 0 39 0 0 39 1 0 0 0 8 0 0 0 21 0 0 29
253 345155 I 0 0 0 0 19 0 0 345053 0 0 8 17 0 0 0 2 19 37 0 0 0
254 333144 E 0 0 24 332975 0 34 0 0 52 0 0 0 0 12 1 0 0 20 0 0 26
255 335776 D 1 0 335676 20 0 29 4 0 1 0 0 14 0 0 0 0 0 19 0 12 0
256 321164 L 0 1 0 0 18 0 24 13 0 321044 0 0 51 0 7 0 0 6 0 0 0
257 323767 I 1 0 0 0 10 0 0 323650 0 3 2 24 0 0 0 1 37 39 0 0 0
258 293314 F 0 1 0 0 293210 0 0 11 0 48 0 0 0 0 0 29 0 2 0 13 0
259 286752 L 0 0 0 0 0 1 0 0 0 286671 8 0 44 19 2 1 0 6 0 0 0
260 291698 A 291529 1 0 19 0 12 0 0 0 0 0 0 8 0 0 16 48 65 0 0 0
261 246649 R 0 0 0 0 0 2 0 0 0 10 0 0 1 28 246550 0 0 0 58 0 0
262 306991 S 2 5 0 0 26 1 0 0 0 0 0 0 27 0 0 306895 21 1 0 13 0
263 298933 A 298742 0 0 22 0 12 0 0 0 1 0 0 11 0 0 23 65 57 0 0 0
264 243249 L 0 0 0 0 19 0 20 11 0 243165 0 0 28 0 2 0 0 4 0 0 0
265 257294 I 0 0 0 0 0 0 1 257177 9 14 27 3 0 0 1 0 35 27 0 0 0
266 276211 L 0 0 0 1 20 0 0 2 0 276114 23 0 1 1 1 36 0 1 1 0 10
267 285819 R 1 0 0 0 0 54 0 18 11 1 0 0 1 0 285683 17 8 0 0 0 25
268 318523 G 5 0 0 17 0 318414 0 0 0 0 0 0 0 0 49 0 0 16 22 0 0
269 333481 S 5 0 0 0 0 0 0 0 0 40 0 0 34 0 0 333365 14 1 0 0 22
270 337019 V 29 0 17 0 13 1 0 22 0 3 0 0 0 1 0 1 0 336932 0 0 0
271 326384 A 326256 0 18 0 0 5 0 0 0 0 0 0 7 1 0 17 45 35 0 0 0
272 326291 H 0 0 7 0 0 0 326127 0 0 39 0 24 5 20 30 0 0 0 0 39 0
273 325868 K 0 0 0 17 0 0 0 14 325775 0 0 22 0 1 30 0 1 0 0 0 8
274 310821 S 3 1 0 0 11 0 0 0 0 4 0 0 23 0 0 310755 12 0 0 11 1
275 283750 C 0 283637 0 0 12 0 0 1 0 1 0 0 0 0 22 2 0 3 2 31 39
276 238122 L 0 1 0 0 0 0 0 0 0 238070 13 0 12 21 2 0 0 3 0 0 0
277 176140 P 8 0 0 0 0 0 20 0 0 33 0 0 175998 0 7 54 20 0 0 0 0
278 151699 A 151579 0 16 0 0 5 0 0 0 0 0 0 14 0 0 22 45 18 0 0 0
279 131369 C 0 131232 0 0 9 9 0 0 0 2 0 0 0 0 67 3 0 1 8 24 14
280 119414 V 14 0 0 14 0 2 0 0 0 5 3 0 0 0 0 0 0 119376 0 0 0
281 79315 Y 0 7 1 0 8 0 8 0 0 0 0 4 0 0 0 0 0 0 0 79281 6
282 44074 G 1 1 0 9 0 44047 0 0 0 0 0 0 0 0 10 0 0 4 0 0 2
283 84487 P 4 0 0 0 0 0 8 1 0 10 0 0 84438 1 1 19 5 0 0 0 0
284 188462 A 188298 0 11 0 0 4 0 0 0 0 0 0 10 0 0 22 69 48 0 0 0
285 191897 V 33 0 0 16 0 0 0 39 0 15 0 0 0 0 5 0 0 191789 0 0 0
286 223691 A 223607 0 14 0 0 3 0 0 0 0 0 0 5 0 0 17 20 25 0 0 0
287 292843 S 0 19 0 0 0 29 0 8 0 0 0 9 0 5 34 292732 7 0 0 0 0
288 328685 G 7 19 26 2 0 328569 0 0 0 0 0 1 0 0 5 39 0 17 0 0 0
289 333758 Y 1 37 2 0 22 1 65 0 0 1 0 7 0 0 0 3 0 0 0 333603 16
290 370105 D 0 0 369987 8 0 35 3 0 0 0 0 49 0 0 0 0 0 12 0 11 0
291 373878 F 0 1 0 0 373732 0 0 10 0 95 0 0 0 0 0 29 0 1 0 9 1
292 377658 E 0 0 6 377497 0 44 0 0 60 0 0 0 0 6 10 0 0 14 0 0 21
293 375564 K 0 0 0 33 0 0 0 9 375479 0 0 15 0 2 19 0 0 0 0 0 7
294 369240 E 6 0 28 369093 0 49 0 0 23 0 0 0 0 5 8 0 0 16 0 0 12
295 352492 G 7 0 0 42 0 352361 0 0 0 0 0 0 0 0 24 0 0 33 0 0 25
296 309172 Y 0 39 2 0 27 0 26 1 0 0 0 17 1 0 0 3 1 0 0 309035 20
297 271410 S 2 4 0 0 11 0 0 0 0 5 0 0 45 0 0 271305 27 0 0 11 0
298 256834 L 0 0 0 0 11 0 0 5 0 256765 0 0 1 0 0 24 0 1 0 1 26
299 282579 V 33 0 1 18 0 1 0 0 0 21 12 0 0 0 0 3 1 282482 7 0 0
300 206065 G 2 0 0 29 0 205960 0 0 0 0 0 0 0 0 34 0 1 19 0 0 20
301 346204 I 0 0 0 0 0 0 0 345993 25 19 80 8 0 0 0 0 33 44 0 0 2
302 344663 D 0 0 344492 27 3 40 12 0 0 0 0 26 0 0 7 0 1 29 0 26 0
303 331499 P 5 0 0 0 0 0 44 0 0 19 0 0 331390 0 3 24 14 0 0 0 0
304 372099 F 0 2 0 0 371937 0 0 10 0 82 0 0 0 0 0 51 0 0 0 17 0
305 371970 K 1 0 0 56 0 0 0 21 371818 0 0 26 0 3 36 0 1 0 0 0 8
306 371008 L 0 0 0 0 0 0 0 0 0 370933 5 0 53 10 1 0 0 6 0 0 0
307 381949 L 2 0 0 0 20 0 14 22 0 381833 0 0 44 0 3 0 0 11 0 0 0
308 385824 Q 0 0 0 5 0 0 15 0 18 14 0 0 6 385685 47 6 0 0 0 0 28
309 382880 N 0 0 33 0 0 0 2 19 24 1 0 382736 0 0 0 46 15 0 0 4 0
310 374691 S 10 14 0 0 0 49 0 7 0 1 0 54 0 0 53 374492 11 0 0 0 0
311 395646 Q 0 0 0 6 0 1 8 0 23 25 0 0 4 395494 48 0 1 0 0 0 36
312 425670 V 30 0 0 26 0 3 0 27 0 18 0 0 0 0 0 0 0 425566 0 0 0
313 398027 Y 0 40 0 0 30 0 29 1 0 0 0 17 0 1 0 3 0 0 0 397859 47
314 391660 S 0 16 1 0 0 72 0 36 0 0 0 34 0 0 32 391459 10 0 0 0 0
315 384049 L 0 1 0 0 0 0 0 23 0 383922 0 1 77 18 2 0 0 5 0 0 0
316 435245 I 1 0 0 0 23 0 0 435117 0 1 6 22 0 0 0 4 37 34 0 0 0
317 400164 R 0 1 1 0 0 106 0 11 20 0 0 0 0 1 399978 30 7 0 0 0 9
318 395851 P 6 0 0 0 0 0 0 1 0 56 0 0 395710 24 5 30 19 0 0 0 0
319 405043 N 0 0 34 0 0 0 3 16 23 0 0 404898 0 0 0 47 1 0 0 21 0
320 423384 E 0 0 27 423167 0 62 0 0 68 0 0 0 0 5 0 0 0 32 0 0 23
321 443021 N 0 0 38 0 0 0 0 15 31 0 0 442880 0 0 0 41 0 0 0 16 0
322 449970 P 6 0 0 0 0 1 0 0 0 55 0 0 449803 23 23 23 36 0 0 0 0
323 456257 A 456067 0 0 33 0 14 0 0 0 0 0 0 15 0 1 25 46 56 0 0 0
324 479381 H 0 0 7 0 0 0 479158 0 0 58 0 16 6 23 55 0 3 0 0 55 0
325 481568 K 0 0 0 76 0 0 0 0 481316 0 26 29 0 5 86 0 13 0 0 0 17
326 410719 S 0 24 1 0 0 44 0 11 0 5 0 39 0 1 31 410557 6 0 0 0 0
327 404178 Q 0 0 0 14 0 0 44 0 29 10 0 0 7 403941 84 0 0 0 0 0 49
328 329973 L 1 0 0 0 0 0 0 0 0 329888 20 0 42 9 3 1 1 8 0 0 0
329 369597 V 36 5 0 23 1 6 0 0 0 18 26 0 0 0 0 1 0 369479 2 0 0
330 342954 W 0 28 0 0 0 6 0 0 0 32 0 0 0 0 43 6 0 5 342782 0 52
331 320490 M 0 0 0 1 0 0 0 62 20 30 320301 0 0 0 0 0 30 45 0 0 1
332 334445 A 334244 0 0 23 0 21 0 0 0 0 0 0 7 0 0 26 53 71 0 0 0
333 361580 C 0 361333 0 0 19 1 0 0 0 0 0 0 0 0 90 45 1 0 14 58 19
334 374381 N 0 0 52 0 0 0 0 18 11 0 0 374259 0 1 0 26 1 0 0 13 0
335 342595 S 1 9 0 1 27 0 0 0 0 0 0 1 23 0 0 342484 23 0 0 26 0
336 330073 A 329886 1 28 0 0 14 0 0 0 1 0 0 13 1 0 27 75 27 0 0 0
337 319107 A 318957 0 0 20 0 14 0 0 1 0 0 0 12 0 1 23 48 31 0 0 0
338 331174 F 1 1 0 0 331066 0 0 17 0 46 0 0 0 0 0 29 0 0 0 14 0
339 324608 E 0 0 28 324447 0 54 0 0 29 0 1 0 0 6 0 0 0 23 0 0 20
340 301844 D 1 1 301743 13 0 33 3 0 0 0 1 18 0 0 0 0 0 19 0 12 0
341 316080 L 0 0 0 0 0 0 0 20 0 315981 2 0 47 18 1 4 0 7 0 0 0
342 305990 R 0 0 0 6 0 31 0 11 24 0 0 0 0 0 305881 15 7 0 0 0 15
343 271016 V 19 0 1 11 0 3 0 15 0 8 0 0 0 0 0 0 0 270959 0 0 0
344 263514 L 0 0 0 0 29 0 1 29 0 263401 0 0 0 0 0 24 0 3 0 0 27
345 227159 S 0 5 0 0 0 22 0 15 0 0 0 18 0 0 22 227074 3 0 0 0 0
346 208049 F 0 0 0 0 207970 0 0 1 0 35 0 0 0 0 0 20 0 1 0 22 0
347 263155 I 0 0 0 0 24 0 0 263051 0 1 14 12 0 0 0 1 20 32 0 0 0
348 250257 R 0 0 0 0 0 44 0 13 11 0 0 0 0 0 250152 14 4 1 0 0 18
349 240123 G 4 0 0 19 0 240051 0 0 1 0 0 0 0 0 14 0 0 13 21 0 0
350 302357 T 53 0 2 0 0 2 0 24 0 0 0 11 1 0 0 27 302237 0 0 0 0
351 309907 K 0 0 0 33 0 0 0 11 309793 1 0 19 2 6 28 0 3 0 0 0 11
352 327670 V 28 0 0 18 0 1 0 24 1 20 0 0 0 0 0 8 0 327564 0 6 0
353 329987 S 2 7 0 0 24 0 0 11 0 0 0 0 51 0 0 329857 20 0 0 15 0
354 308059 P 3 0 0 0 0 0 0 0 0 29 0 0 307930 37 11 18 31 0 0 0 0
355 300232 R 0 0 0 0 0 52 0 0 33 2 29 1 0 0 300073 29 1 0 12 0 0
356 267806 G 3 0 0 19 0 267716 0 0 0 0 0 0 0 0 27 0 0 14 27 0 0
357 267484 K 0 0 0 31 0 0 0 10 267361 0 0 40 0 1 30 0 3 0 0 0 8
358 271206 L 0 0 0 0 17 0 6 3 0 271139 0 0 38 0 0 0 2 1 0 0 0
359 257898 S 0 6 0 0 27 0 0 0 0 0 0 0 32 0 0 257801 15 0 0 17 0
360 301210 T 39 0 0 0 0 0 2 13 0 0 0 14 3 0 0 23 301116 0 0 0 0
361 283329 R 0 0 0 2 0 37 0 9 10 1 0 0 0 0 283231 10 10 0 0 0 19
362 262546 G 6 0 0 14 0 262457 0 0 0 0 0 0 0 2 33 0 0 17 0 0 17
363 305603 V 46 0 0 16 1 2 0 25 0 18 0 0 0 0 0 1 0 305493 0 1 0
364 303041 Q 0 0 0 5 0 0 30 0 20 19 0 0 5 302908 30 0 2 0 0 0 22
365 323438 I 0 1 0 0 12 0 0 323345 0 2 4 23 0 0 0 0 28 23 0 0 0
366 285242 A 285160 1 9 0 0 7 0 0 0 0 0 0 13 0 0 18 22 12 0 0 0
367 280056 S 1 0 0 0 0 0 0 0 0 12 0 0 25 1 1 279961 26 0 0 0 29
368 285118 N 0 0 16 0 0 0 2 12 10 0 1 285042 0 0 0 25 2 0 0 8 0
369 280920 E 1 0 6 280812 0 30 0 0 30 0 0 0 0 7 0 0 0 18 0 0 16
370 289338 N 0 0 30 0 0 0 1 22 13 0 0 289185 0 0 0 26 56 0 0 5 0
371 288025 M 0 0 0 0 0 0 0 58 21 25 287854 0 0 0 1 0 29 36 1 0 0
372 299992 D 0 0 299870 29 0 37 12 0 0 0 0 16 0 0 0 0 0 11 0 17 0
373 300021 A 299918 1 20 0 0 5 0 0 0 1 0 0 3 0 0 19 33 21 0 0 0
374 332804 M 0 0 0 0 0 0 0 86 23 35 332587 0 0 0 2 0 40 30 0 1 0
375 319195 E 1 1 11 319051 0 41 1 0 22 0 0 4 0 6 0 0 0 28 0 0 29
376 246611 S 2 0 0 0 0 0 0 1 0 17 0 0 20 2 0 246546 9 0 0 0 14
377 249039 S 0 15 0 0 0 31 0 7 0 0 0 11 0 0 18 248954 3 0 0 0 0
378 229637 T 23 0 0 0 0 0 0 16 0 0 0 9 2 0 0 12 229575 0 0 0 0
379 234242 L 0 0 0 0 10 0 15 9 0 234158 0 0 39 1 1 1 0 8 0 0 0
380 236647 E 3 0 23 236542 0 35 0 0 23 0 0 0 0 6 0 0 0 12 0 0 3
381 241838 L 0 0 0 0 0 0 0 0 0 241778 9 0 42 3 1 0 0 5 0 0 0
382 253843 R 0 0 0 0 0 49 0 9 12 0 0 0 1 0 253742 18 2 0 0 0 10
383 291002 S 0 7 0 0 0 32 0 10 0 0 0 22 0 0 31 290891 8 0 0 1 0
384 312154 R 0 0 0 0 0 88 0 0 14 0 17 0 0 0 311982 20 7 0 26 0 0
385 370183 Y 0 38 2 0 21 0 37 0 0 0 0 29 0 0 0 2 0 6 0 370030 18
386 361617 W 0 19 0 0 0 5 0 0 0 42 0 0 1 0 66 4 1 0 361403 0 76
387 332615 A 332441 0 16 0 0 19 0 0 0 0 0 0 24 0 0 29 46 40 0 0 0
388 374954 I 0 0 0 0 0 0 1 374740 11 37 69 0 1 2 1 0 38 45 0 0 9
389 359421 R 0 0 0 2 0 47 0 19 28 0 0 1 0 0 359283 24 4 0 0 0 13
390 369388 T 29 0 0 0 0 0 0 18 0 0 0 9 2 0 0 23 369307 0 0 0 0
391 380860 R 1 0 0 1 0 80 0 18 14 0 1 0 0 1 380702 21 3 0 0 0 18
392 368908 S 0 9 0 0 0 40 0 7 2 0 0 20 0 0 22 368804 4 0 0 0 0
393 378846 G 5 0 0 24 0 378716 0 0 0 0 0 0 0 0 42 0 0 32 1 0 26
394 358843 G 12 0 0 26 0 358706 0 0 0 0 0 0 0 0 42 0 1 29 0 0 27
395 363384 N 0 0 55 0 0 0 1 15 27 0 1 363221 1 0 0 33 19 0 0 11 0
396 363414 T 44 0 0 0 1 0 2 22 0 0 0 13 3 4 0 33 363292 0 0 0 0
397 406822 N 0 0 43 0 0 0 1 21 42 2 0 406655 1 0 0 31 3 0 0 21 2
398 407240 Q 0 0 0 6 0 0 36 0 22 16 0 7 4 407050 53 1 1 0 0 1 43
399 363531 Q 0 0 0 9 0 2 30 0 16 16 0 0 4 363338 72 0 4 1 0 0 39
400 324966 R 0 0 0 4 0 54 0 0 27 2 43 0 0 0 324781 25 12 0 18 0 0
401 301218 A 301073 0 23 0 0 11 0 0 0 0 0 0 12 1 0 14 30 54 0 0 0
402 304588 S 0 10 0 0 11 0 0 0 0 6 0 0 42 0 0 304486 17 0 0 16 0
403 305198 A 305021 0 0 14 0 14 0 0 0 2 0 0 12 1 0 17 39 77 0 0 1
404 315732 G 7 22 33 1 0 315631 0 0 0 0 0 0 0 0 5 24 0 9 0 0 0
405 314256 Q 0 0 2 5 0 0 18 0 13 10 0 0 4 314122 42 1 0 1 0 0 38
406 327517 I 0 0 0 0 18 0 0 327423 0 1 3 15 0 0 0 2 30 25 0 0 0
407 297174 S 0 16 0 0 0 57 0 8 0 0 0 16 0 0 37 297035 5 0 0 0 0
408 299569 V 56 1 0 18 0 2 0 0 0 17 35 0 0 1 0 0 0 299439 0 0 0
409 298668 Q 1 0 1 20 0 0 18 0 15 12 0 0 3 298460 35 0 0 0 0 0 103
410 277728 P 5 0 0 0 0 0 21 0 0 16 0 0 277644 0 2 32 7 1 0 0 0
411 295245 A 295019 2 0 26 1 10 0 0 0 0 0 0 6 1 0 19 112 49 0 0 0
412 305798 F 0 1 0 0 305696 0 0 36 0 27 0 0 0 0 0 32 0 2 0 4 0
413 273182 S 1 10 0 0 21 0 0 0 0 3 0 0 25 0 0 273099 12 0 0 11 0
414 284131 V 45 2 0 27 0 2 0 0 0 17 37 0 0 0 0 1 0 284000 0 0 0
415 290115 Q 3 1 0 12 0 0 7 0 24 14 0 0 3 289974 40 0 0 0 0 0 37
416 293795 R 0 0 0 1 0 59 0 12 26 0 0 0 0 0 293670 12 5 0 0 0 10
417 270862 N 0 0 34 0 0 0 1 11 23 1 0 270739 0 0 1 32 11 0 0 9 0
418 287575 L 0 1 0 0 26 0 21 8 0 287452 0 0 62 0 1 0 0 4 0 0 0
419 311385 P 12 0 0 0 0 1 2 1 0 31 0 0 311256 24 3 27 28 0 0 0 0
420 291555 F 0 0 0 0 291461 1 0 18 0 42 0 0 0 0 0 21 0 4 0 7 1
421 297902 D 1 1 297733 19 0 48 7 0 0 0 0 42 0 0 0 0 0 26 0 21 4
422 285777 K 0 0 0 38 0 0 0 23 285660 0 0 22 0 7 19 0 2 0 0 0 6
423 280667 P 3 0 0 0 0 0 0 0 0 24 1 0 280583 16 10 15 15 0 0 0 0
424 292337 T 30 0 0 0 0 1 0 21 0 0 0 7 3 0 0 20 292255 0 0 0 0
425 297950 I 0 0 0 0 16 0 0 297855 0 3 5 18 0 0 0 2 34 17 0 0 0
426 290560 M 1 0 0 0 0 0 0 62 21 25 290374 0 0 0 2 0 34 41 0 0 0
427 269345 A 269193 0 0 24 0 15 0 0 0 0 0 0 7 2 0 20 33 51 0 0 0
428 266365 A 266250 1 0 17 0 9 0 0 0 0 0 0 3 0 0 21 25 39 0 0 0
429 265131 F 0 0 0 0 265042 1 1 12 0 44 0 0 1 0 0 22 0 0 0 8 0
430 246364 T 32 0 0 0 0 2 0 25 0 1 0 9 1 0 0 28 246266 0 0 0 0
431 260453 G 3 0 0 15 1 260344 0 0 0 0 0 0 0 0 40 0 0 22 28 0 0
432 265189 N 0 0 41 0 0 0 0 25 9 0 0 265075 0 1 0 28 0 1 0 9 0
433 284428 T 32 0 0 0 0 0 0 54 13 0 0 0 0 3 10 21 284295 0 0 0 0
434 299115 E 3 1 33 298954 0 50 0 0 14 1 0 0 0 4 1 0 0 27 0 0 27
435 319836 G 6 0 0 58 0 319674 0 0 0 1 0 0 0 0 43 1 0 20 0 0 33
436 326097 R 0 0 0 2 0 45 0 18 13 0 0 0 0 0 325975 17 7 0 0 0 20
437 336836 T 43 0 0 0 0 0 1 22 13 0 1 0 3 0 5 24 336724 0 0 0 0
438 351267 S 2 0 0 0 0 0 0 1 0 27 0 0 27 1 0 351147 20 0 0 0 42
439 344697 D 1 0 344557 19 0 54 14 0 0 0 0 19 0 2 0 0 0 17 0 14 0
440 331674 M 0 0 0 0 0 0 0 66 14 15 331480 0 0 0 2 0 41 56 0 0 0
441 316702 R 0 0 0 0 0 60 0 0 32 1 45 0 0 0 316521 19 5 0 19 0 0
442 317924 A 317757 0 0 28 0 10 0 0 0 1 0 1 10 1 0 26 40 50 0 0 0
443 322303 E 1 0 16 322198 0 33 1 0 20 0 0 0 0 4 0 0 0 13 0 0 17
444 320770 I 0 0 0 0 3 0 0 320705 0 0 1 13 0 0 0 0 22 26 0 0 0
445 355870 I 0 0 0 0 0 0 0 355665 17 28 75 0 0 0 0 0 36 41 0 6 2
446 322130 R 0 0 0 0 0 67 0 0 21 1 31 0 0 0 321969 18 5 0 18 0 0
447 319606 M 0 0 4 0 0 0 0 55 20 18 319422 0 0 0 2 1 49 35 0 0 0
448 316051 M 0 0 7 0 0 0 0 68 20 25 315843 0 0 0 1 0 34 53 0 0 0
449 289879 E 2 0 17 289726 0 70 0 0 24 0 0 0 0 7 0 0 0 17 0 0 16
450 308521 G 8 15 30 0 0 308423 0 0 0 0 0 0 0 0 5 28 0 12 0 0 0
451 340785 A 340425 16 0 17 0 18 0 0 0 0 0 0 11 1 6 25 140 125 1 0 0
452 335653 K 0 0 1 44 0 0 0 9 335516 0 0 51 0 0 22 0 2 0 0 0 8
453 319581 P 2 0 0 0 0 0 0 0 0 19 0 0 319504 20 7 18 11 0 0 0 0
454 325700 E 1 0 14 325604 0 36 0 0 13 1 0 0 0 6 0 0 0 12 0 0 13
455 327344 E 1 1 17 327245 0 31 0 0 19 0 0 0 1 3 0 0 0 13 0 0 13
456 330581 M 0 2 0 0 0 0 0 62 22 7 330409 2 0 0 2 0 33 42 0 0 0
457 319597 S 4 7 1 0 15 0 0 0 0 0 0 0 48 0 0 319473 31 2 0 16 0
458 328270 F 0 1 0 0 328097 0 0 12 0 68 0 0 0 0 0 55 0 2 0 35 0
459 312475 Q 0 0 0 15 0 1 43 0 26 26 0 0 21 312144 163 1 0 0 0 0 35
460 279069 G 2 0 0 35 1 279004 0 0 0 0 0 0 1 0 9 0 0 11 6 0 0
461 261122 R 63 0 0 1 0 20 0 0 1 38 0 0 7 62 260867 0 0 0 63 0 0
462 221855 G 13 0 0 82 1 221667 0 0 0 0 0 0 0 0 48 0 0 11 0 0 33
463 216175 V 20 0 8 0 3 2 0 20 0 4 0 0 0 0 1 5 0 216112 0 0 0
464 227186 F 0 2 0 0 227058 0 2 12 0 63 0 0 0 0 0 33 0 2 0 14 0
465 267885 E 2 0 20 267742 1 35 0 0 50 0 0 0 0 8 1 1 0 7 0 0 18
466 229208 L 0 0 0 0 9 0 7 7 0 229147 0 0 27 1 3 0 0 7 0 0 0
467 244844 S 1 1 0 0 0 0 0 0 0 53 0 0 33 1 0 244724 11 0 6 0 14
468 270826 D 0 0 270716 15 0 48 3 0 0 0 0 19 0 0 0 1 0 9 0 15 0
469 326990 E 1 0 19 326799 0 50 0 0 61 1 0 0 0 4 20 0 0 16 0 0 19
470 356512 R 0 0 0 0 0 55 0 0 37 0 47 0 1 0 356319 33 5 0 15 0 0
471 355889 A 355689 0 0 30 0 15 0 0 0 1 0 0 3 1 0 17 38 95 0 0 0
472 365532 A 365306 0 0 27 0 13 0 0 0 0 0 0 10 0 0 27 33 116 0 0 0
473 395195 N 0 0 33 1 0 0 2 15 21 0 0 395065 1 0 1 39 3 1 0 13 0
474 388733 P 11 0 1 0 0 0 0 0 0 53 0 0 388564 38 14 30 20 2 0 0 0
475 370466 I 0 0 0 0 21 0 1 370352 0 1 7 18 0 0 0 0 33 33 0 0 0
476 337650 V 41 0 1 13 0 1 0 0 0 23 70 0 1 0 0 0 0 337500 0 0 0
477 331889 P 19 0 0 0 0 0 20 0 0 21 0 0 331750 0 3 54 22 0 0 0 0
478 318852 S 6 5 0 0 21 0 0 0 0 5 0 0 43 0 0 318753 7 0 0 12 0
479 345964 F 0 2 0 0 345843 0 0 5 0 78 0 0 0 0 0 23 0 1 0 11 1
480 345480 D 3 0 345280 23 0 46 9 0 0 0 0 41 1 0 0 1 26 34 0 15 1
481 304495 M 0 0 0 0 0 0 0 61 6 23 304293 0 0 0 3 0 44 64 1 0 0
482 372570 S 0 25 0 5 0 72 0 14 0 0 0 28 0 0 45 372374 7 0 0 0 0
483 417098 N 0 0 33 0 0 0 0 23 23 0 6 416961 0 0 0 37 0 0 0 14 1
484 369999 E 3 0 27 369832 0 32 0 0 37 0 0 0 0 7 0 0 0 38 0 0 23
485 330168 G 7 2 0 15 0 330057 0 0 0 0 0 0 0 1 30 0 0 27 0 0 29
486 332473 S 0 7 0 0 18 0 0 1 0 0 0 0 39 0 0 332379 19 0 0 10 0
487 332825 Y 0 28 0 0 15 0 45 3 0 1 0 8 0 0 0 1 0 0 0 332710 14
488 328098 F 0 1 1 0 327978 0 0 10 0 51 0 0 0 0 0 42 0 0 0 15 0
489 311224 F 0 3 0 4 311098 0 0 8 0 64 0 0 0 0 0 26 0 4 0 17 0
490 309945 G 5 0 0 23 0 309807 0 0 0 0 0 0 0 0 55 0 0 25 0 0 30
491 313899 D 4 0 313758 17 0 44 10 0 0 0 0 22 0 0 1 0 0 30 0 13 0
492 319275 N 0 0 45 0 0 0 3 19 24 1 2 319134 0 0 0 27 2 0 0 18 0
493 379935 A 379718 0 0 35 0 12 0 0 0 1 1 0 9 0 3 25 48 82 0 0 1
494 320368 E 2 1 27 320228 0 38 0 0 25 0 0 0 0 10 0 0 0 14 0 0 23
495 323423 E 4 0 13 323300 0 42 0 0 14 0 0 0 0 6 1 5 0 16 0 0 22
496 312811 Y 0 34 0 0 14 0 35 0 0 0 0 19 0 0 0 3 2 0 0 312681 23
497 290249 D 2 0 290102 19 0 40 5 0 0 1 0 45 0 0 0 0 0 21 0 14 0
498 227154 N 0 0 20 0 0 0 1 12 11 1 0 227092 0 0 1 11 0 0 0 5 0
