# nucleotide counts
# upper case indicates nucleotide called by both reads
# lower case indicates nucleotide called by one read with other ambiguous
# N indicates disagreement between reads, or both ambiguous
# POSITION WT COUNTS A T C G a t c g N
1 A 470822 470628 34 2 70 60 0 0 0 28
2 T 473129 42 472953 56 7 0 28 0 0 43
3 G 473349 68 30 12 473198 0 0 0 9 32
4 G 472068 38 31 6 471943 0 0 0 23 27
5 C 453867 25 118 453652 28 0 0 16 0 28
6 G 464726 104 16 12 464559 0 0 0 11 24
7 T 476760 21 476558 84 4 0 14 0 0 79
8 C 479799 29 40 479663 7 0 0 38 0 22
9 C 481071 31 39 480932 11 0 0 33 1 24
10 C 479576 58 61 479339 12 0 0 61 0 45
11 A 477139 476913 38 19 87 60 0 0 0 22
12 A 477993 477786 39 15 90 41 0 0 0 22
13 G 480153 35 34 4 479992 0 0 0 48 40
14 G 487777 74 33 32 487595 0 0 0 17 26
15 C 452779 37 52 452584 24 0 0 35 0 47
16 A 412159 411726 22 10 50 23 0 0 0 328
17 C 402271 13 29 402180 5 0 0 25 0 19
18 C 391165 40 28 391028 9 0 0 49 0 11
19 A 389803 389699 14 7 38 29 0 0 0 16
20 A 388161 388059 20 0 40 19 0 0 0 23
21 A 386903 386761 19 24 35 23 0 0 0 41
22 C 385311 14 71 385182 6 0 0 15 0 23
23 G 356914 51 26 9 356792 0 0 0 14 22
24 G 362429 26 14 7 362334 0 0 0 34 14
25 T 364684 18 364330 55 6 0 34 0 0 241
26 C 379740 17 23 379650 3 0 0 24 0 23
27 T 407709 14 407569 51 2 0 25 0 0 48
28 T 379195 13 379067 56 1 0 53 0 0 5
29 A 381982 381861 21 1 49 39 0 0 0 11
30 T 377118 32 376944 40 11 0 75 0 0 16
31 G 387712 50 31 13 387578 0 0 0 18 22
32 A 401467 401312 30 2 60 27 0 0 0 36
33 A 373635 373488 28 6 54 15 0 0 0 44
34 C 362020 23 44 361893 5 0 0 31 0 24
35 A 327098 326977 22 8 48 20 0 0 0 23
36 G 372005 27 20 5 371911 0 0 0 27 15
37 A 388431 388278 35 5 52 20 0 0 0 41
38 T 390359 37 390249 38 2 0 13 0 0 20
39 G 393311 53 15 9 393192 0 0 0 15 27
40 G 384165 33 23 14 384021 0 0 0 63 11
41 A 386735 386590 18 5 62 40 0 0 0 20
42 A 396181 396057 11 2 57 41 0 0 0 13
43 A 397899 397729 25 14 46 14 0 0 0 71
44 C 426175 23 22 426086 3 0 0 22 0 19
45 T 400189 13 400049 59 9 0 16 0 0 43
46 G 410465 47 40 9 410306 0 0 0 43 20
47 A 407836 407660 29 5 62 43 0 0 0 37
48 T 409493 37 409350 44 5 0 43 0 0 14
49 G 408925 38 60 9 408784 0 0 0 7 27
50 G 414363 36 46 5 414232 0 0 0 23 21
51 G 411670 44 44 14 411513 0 0 0 20 35
52 G 415251 73 24 11 415099 0 0 0 27 17
53 A 399403 399268 21 10 63 9 0 0 0 32
54 A 400965 400787 12 10 57 22 0 0 0 77
55 C 406936 16 69 406776 16 0 0 10 0 49
56 G 403442 102 28 30 403186 0 0 0 21 75
57 C 408295 20 20 408201 11 0 0 36 0 7
58 C 405197 22 49 405084 5 0 0 22 0 15
59 A 402482 402240 26 9 111 62 0 0 0 34
60 G 410499 34 25 13 410371 0 0 0 41 15
61 A 408203 408082 22 0 41 22 0 0 0 36
62 A 416749 416655 26 1 32 11 0 0 0 24
63 T 393573 13 393452 40 3 0 16 0 0 49
64 G 404665 63 30 11 404507 0 0 0 27 27
65 C 411327 24 93 411155 18 0 0 20 0 17
66 A 393824 393679 28 4 54 38 0 0 0 21
67 A 418244 418075 33 6 50 31 0 0 0 49
68 C 413936 15 19 413859 10 0 0 23 0 10
69 T 408359 21 408152 82 9 0 52 0 0 43
70 G 412193 31 26 10 412055 0 0 0 58 13
71 A 384967 384800 24 8 51 53 0 0 0 31
72 G 410800 34 20 5 410700 0 0 0 12 29
73 A 377387 377273 28 2 45 11 0 0 0 28
74 T 413515 26 413347 38 1 0 18 0 0 85
75 C 388351 24 41 388232 11 0 0 25 0 18
76 A 366554 366330 39 2 101 52 0 0 0 30
77 G 379910 27 20 10 379816 0 0 0 20 17
78 A 377546 377396 14 2 68 30 0 0 0 36
79 G 396630 39 26 17 396481 0 0 0 38 29
80 C 386886 23 70 386747 4 0 0 26 0 16
81 A 371313 371173 21 4 39 21 0 0 0 55
82 T 380583 21 380473 32 1 0 8 0 0 48
83 C 382018 25 22 381939 10 0 0 14 0 8
84 C 387103 39 51 386960 11 0 0 16 0 26
85 G 376173 53 19 3 376068 0 0 0 13 17
86 T 381189 23 381013 48 4 0 25 0 0 76
87 C 380345 20 67 380211 7 0 0 22 0 18
88 G 382232 78 40 10 382041 0 0 0 41 22
89 G 383907 34 26 17 383756 0 0 0 61 13
90 G 391005 37 20 14 390896 0 0 0 20 18
91 A 389713 389576 28 0 52 16 0 0 0 41
92 A 388456 388349 21 2 54 11 0 0 0 19
93 G 379948 17 14 6 379861 0 0 0 24 26
94 A 374016 373882 29 2 49 25 0 0 0 29
95 T 368740 24 368614 42 1 0 36 0 0 23
96 G 373448 36 26 6 373311 0 0 0 44 25
97 A 391378 391254 28 2 40 18 0 0 0 36
98 T 391184 30 391078 33 0 0 22 0 0 21
99 T 383472 23 383359 47 7 0 22 0 0 14
100 G 384814 35 16 10 384703 0 0 0 38 12
101 A 382773 382633 30 3 44 32 0 0 0 31
102 T 376997 34 376896 31 3 0 9 0 0 24
103 G 373329 53 28 12 373169 0 0 0 26 41
104 G 383326 34 27 12 383201 0 0 0 27 25
105 A 374551 374391 27 5 55 40 0 0 0 33
106 A 364864 364782 10 0 30 25 0 0 0 17
107 T 366535 19 366471 29 3 0 8 0 0 5
108 T 362265 23 362116 34 9 0 53 0 0 30
109 G 365188 63 31 7 365049 0 0 0 12 26
110 G 360239 36 23 7 360123 0 0 0 18 32
111 A 350008 349773 27 6 75 43 0 0 0 84
112 C 359005 19 70 358832 13 0 0 42 0 29
113 G 320250 31 20 9 320146 0 0 0 23 21
114 A 358019 357917 27 1 27 25 0 0 0 22
115 T 363665 14 363553 35 2 0 19 0 0 42
116 T 337225 19 337153 19 3 0 15 0 0 16
117 C 338488 21 25 338395 22 0 0 10 0 15
118 T 332848 29 332676 55 1 0 59 0 0 28
119 A 341994 341822 27 5 54 26 0 0 0 60
120 C 340542 18 41 340425 16 0 0 12 0 30
121 A 309304 309218 19 5 27 15 0 0 0 20
122 T 315216 18 315119 38 2 0 18 0 0 21
123 C 292831 22 18 292738 4 0 0 35 0 14
124 C 296325 27 28 296230 5 0 0 23 0 12
125 A 295004 294901 9 2 38 39 0 0 0 15
126 A 284290 284174 5 0 33 49 0 0 0 29
127 A 284156 284077 15 1 23 23 0 0 0 17
128 T 272954 14 272871 21 5 0 18 0 0 25
129 G 334910 28 21 4 334795 0 0 0 23 39
130 T 320437 21 320204 45 6 0 18 0 0 143
131 G 322356 42 30 16 322246 0 0 0 10 12
132 C 322058 27 81 321907 15 0 0 14 0 14
133 A 317866 317684 23 5 33 7 0 0 0 114
134 C 315778 13 18 315722 8 0 0 5 0 12
135 T 304880 12 304757 61 7 0 12 0 0 31
136 G 334232 31 18 13 334118 0 0 0 14 38
137 A 350459 350374 7 3 36 28 0 0 0 11
138 A 367032 366861 23 1 45 37 0 0 0 65
139 C 389473 15 26 389400 3 0 0 18 0 11
140 T 389607 11 389471 52 2 0 31 0 0 40
141 T 388646 32 388511 52 2 0 28 0 0 21
142 A 391418 391333 21 3 34 23 0 0 0 4
143 A 391175 391049 11 2 29 65 0 0 0 19
144 A 411465 411211 26 28 38 61 0 0 0 101
145 C 408967 8 22 408893 7 0 0 18 0 19
146 T 381766 6 381659 52 4 0 8 0 0 37
147 C 389826 24 30 389717 8 0 0 28 0 19
148 A 380287 380121 22 10 86 32 0 0 0 16
149 G 405266 23 10 9 405184 0 0 0 22 18
150 T 402943 47 402671 42 14 0 3 0 0 166
151 G 438260 40 32 7 438134 0 0 0 21 26
152 A 452175 452029 26 10 40 24 0 0 0 46
153 T 429181 29 429036 36 2 0 55 0 0 23
154 T 447505 13 447387 45 1 0 42 0 0 17
155 A 449152 448987 32 1 46 54 0 0 0 32
156 T 455421 29 455246 49 10 0 44 0 0 43
157 G 456507 36 30 7 456391 0 0 0 27 16
158 A 435187 434929 30 10 110 28 0 0 0 80
159 G 437209 34 58 8 437046 0 0 0 49 14
160 G 405252 35 31 13 405141 0 0 0 18 14
161 G 394348 41 20 12 394234 0 0 0 4 37
162 G 393827 19 21 12 393746 0 0 0 13 16
163 C 366129 24 77 365964 14 0 0 13 0 37
164 G 370291 59 27 10 370164 0 0 0 16 15
165 A 370251 370065 36 3 35 19 0 0 0 93
166 C 371280 13 18 371211 6 0 0 21 0 11
167 T 368933 13 368813 65 5 0 9 0 0 28
168 G 363827 23 19 10 363728 0 0 0 16 31
169 A 403254 403128 23 1 31 39 0 0 0 32
170 T 388175 33 388005 54 2 0 34 0 0 47
171 C 380935 37 36 380792 5 0 0 39 0 26
172 C 380595 36 53 380421 24 0 0 35 0 26
173 A 366678 366478 16 11 64 77 0 0 0 32
174 G 369398 37 17 8 369313 0 0 0 5 18
175 A 351140 351054 27 1 20 17 0 0 0 21
176 A 351610 351504 15 8 42 14 0 0 0 27
177 C 353156 19 40 353036 6 0 0 33 0 22
178 A 277063 276967 9 10 42 24 0 0 0 11
179 G 283351 13 17 7 283290 0 0 0 15 9
180 C 280408 23 18 280331 7 0 0 14 0 15
181 T 279578 11 279501 30 2 0 15 0 0 19
182 T 282344 25 282256 27 5 0 18 0 0 13
183 A 278233 278118 24 2 27 35 0 0 0 27
184 A 294973 294839 25 5 40 25 0 0 0 39
185 C 306409 14 21 306314 9 0 0 28 0 23
186 A 289614 289509 24 6 31 26 0 0 0 18
187 A 294779 294683 19 3 36 18 0 0 0 20
188 T 269429 18 269311 28 6 0 31 0 0 35
189 A 279273 279182 16 1 50 12 0 0 0 12
190 G 282600 19 35 2 282518 0 0 0 6 20
191 A 287798 287689 18 6 36 27 0 0 0 22
192 G 291319 17 12 4 291240 0 0 0 16 30
193 A 270483 270366 14 2 32 25 0 0 0 44
194 G 282424 14 21 7 282347 0 0 0 14 21
195 A 284492 284417 15 5 25 18 0 0 0 12
196 A 290959 290879 14 1 37 15 0 0 0 13
197 T 293039 23 292917 29 3 0 13 0 0 54
198 G 284379 26 19 6 284270 0 0 0 29 29
199 G 287944 29 15 7 287836 0 0 0 39 18
200 T 268830 24 268375 46 5 0 38 0 0 342
201 G 291361 50 25 15 291225 0 0 0 14 32
202 C 290813 12 18 290712 6 0 0 51 0 14
203 T 291707 15 291587 37 6 0 25 1 0 36
204 C 298430 14 23 298370 5 0 0 5 0 13
205 T 298266 21 298167 50 1 0 12 0 0 15
206 C 326352 10 24 326269 12 0 0 16 0 21
207 T 324228 16 324108 67 2 0 16 0 0 19
208 G 328989 58 21 10 328856 0 0 0 28 16
209 C 329256 15 25 329188 15 0 0 5 0 8
210 T 321025 8 320913 59 2 0 15 0 0 28
211 T 330032 8 329962 24 3 0 18 0 0 17
212 T 323243 8 323167 27 4 0 31 0 0 6
213 T 311079 11 310969 38 14 0 21 0 0 26
214 G 313782 38 15 7 313679 0 0 0 11 32
215 A 309612 309488 18 11 42 20 0 0 0 33
216 C 318363 13 123 318184 5 0 0 22 0 16
217 G 308546 49 19 14 308409 0 0 0 29 26
218 A 289246 289148 17 0 40 25 0 0 0 16
219 A 290078 290013 13 4 29 6 0 0 0 13
220 A 291398 291314 6 2 29 29 0 0 0 18
221 G 294039 20 14 5 293962 0 0 0 28 10
222 A 299030 298929 18 2 45 12 0 0 0 24
223 A 299018 298938 11 2 39 12 0 0 0 16
224 G 309628 31 23 8 309536 0 0 0 20 10
225 G 339251 21 21 5 339169 0 0 0 18 17
226 A 332885 332773 24 1 44 19 0 0 0 24
227 A 343124 343005 24 2 44 21 0 0 0 28
228 T 327263 29 327146 42 1 0 29 0 0 16
229 A 325276 325175 17 1 24 49 0 0 0 10
230 A 325511 325417 18 4 30 12 0 0 0 30
231 A 321285 321174 23 0 53 24 0 0 0 11
232 T 322940 48 322811 20 2 0 16 0 0 43
233 A 295638 295527 21 16 30 26 0 0 0 18
234 T 264935 16 264856 29 1 0 12 0 0 21
235 C 269784 22 24 269689 3 0 0 25 0 21
236 T 252218 15 252115 45 6 0 15 0 0 22
237 G 253802 31 17 14 253709 0 0 0 17 14
238 G 246747 16 21 10 246682 0 0 0 14 4
239 A 243582 243512 10 3 34 12 0 0 0 11
240 A 231764 231694 16 2 32 5 0 0 0 15
241 G 240793 26 11 4 240708 0 0 0 22 22
242 A 235386 235290 21 1 32 21 0 0 0 21
243 A 261726 261636 18 1 32 7 0 0 0 32
244 C 263611 19 21 263532 8 0 0 11 0 20
245 A 249392 249305 17 8 23 19 0 0 0 20
246 T 340458 30 340290 60 0 0 19 0 0 59
247 C 334484 22 32 334390 9 0 0 21 0 10
248 C 350389 22 26 350301 11 0 0 14 0 15
249 C 351265 24 38 351147 5 0 0 29 0 22
250 A 335165 335016 4 8 75 46 0 0 0 16
251 G 364036 23 29 10 363935 0 0 0 16 23
252 C 360057 30 71 359883 31 0 0 14 0 28
253 G 355176 37 40 29 355037 0 0 0 5 28
254 C 359611 32 37 359477 27 0 0 10 0 28
255 G 358736 48 41 46 358554 0 0 0 23 24
256 G 388459 43 33 11 388330 0 0 0 22 20
257 G 383231 41 30 11 383094 0 0 0 37 18
258 G 398518 29 29 9 398354 0 0 0 79 18
259 A 399795 399645 24 1 73 21 0 0 0 31
260 A 397424 397217 20 2 67 76 0 0 0 42
261 G 407459 39 73 9 407266 0 0 0 56 16
262 G 413017 41 26 6 412897 0 0 0 36 11
263 A 412180 412028 36 2 51 22 0 0 0 41
264 T 411296 33 411125 72 2 0 13 0 0 51
265 C 395764 20 14 395671 7 0 0 13 0 39
266 C 390744 28 35 390641 8 0 0 21 0 11
267 T 379152 15 379002 102 2 0 16 0 0 15
268 A 379341 379270 6 0 41 13 0 0 0 11
269 A 379329 379255 7 3 40 11 0 0 0 13
270 G 379089 19 12 6 379021 0 0 0 15 16
271 A 366287 366204 11 3 39 20 0 0 0 10
272 A 360242 360145 9 0 32 17 0 0 0 39
273 A 353706 353629 2 2 32 18 0 0 0 23
274 A 335043 334923 21 10 23 28 0 0 0 38
275 C 338326 8 18 338211 5 0 0 18 0 66
276 T 326050 15 325955 43 4 0 18 0 0 15
277 G 324190 47 21 11 324067 0 0 0 20 24
278 G 322671 26 22 8 322596 0 0 0 11 8
279 A 319449 319293 18 1 77 32 0 0 0 28
280 G 316013 34 22 3 315925 0 0 0 21 8
281 G 313077 26 22 4 312995 0 0 0 7 23
282 A 304631 304356 29 3 32 6 0 0 0 205
283 C 328161 21 27 328079 7 0 0 17 0 10
284 C 321834 22 20 321750 5 0 0 23 0 14
285 C 320728 43 30 320616 8 0 0 20 0 11
286 A 353099 352977 27 1 41 23 0 0 0 30
287 T 345603 38 345451 33 3 0 44 0 0 34
288 A 405744 405630 32 2 33 17 0 0 0 30
289 T 404176 37 404013 52 2 0 31 0 0 41
290 A 361107 360863 38 5 35 83 0 0 0 83
291 C 366764 21 27 366662 8 0 0 32 0 14
292 A 318978 318844 12 3 52 47 0 0 0 20
293 A 319828 319716 26 6 51 9 0 0 0 20
294 G 315437 20 14 3 315334 0 0 0 27 39
295 A 245016 244917 19 1 30 27 0 0 0 22
296 G 248146 10 19 4 248086 0 0 0 21 6
297 A 233282 233200 15 1 23 18 0 0 0 25
298 G 237956 21 17 5 237895 0 0 0 12 6
299 T 243664 23 242993 25 3 0 12 0 0 608
300 A 252300 252190 20 2 47 18 0 0 0 23
301 G 268051 16 15 3 267986 0 0 0 23 8
302 A 265875 265770 23 2 30 31 0 0 0 19
303 T 282396 26 282281 29 2 0 39 0 0 19
304 A 279527 279452 11 4 42 4 0 0 0 14
305 G 281658 14 17 7 281581 0 0 0 26 13
306 A 280921 280849 18 3 31 12 0 0 0 8
307 A 280105 280044 10 1 30 4 0 0 0 16
308 A 279578 279511 7 2 36 7 0 0 0 15
309 G 288331 17 10 3 288262 0 0 0 15 24
310 T 289380 22 289091 35 6 0 8 0 0 218
311 G 293872 36 27 13 293774 0 0 0 10 12
312 G 294120 17 14 9 294068 0 0 0 1 11
313 A 294104 294008 28 1 31 10 0 0 0 26
314 T 296793 22 296671 34 0 0 28 0 0 38
315 G 306945 25 19 7 306846 0 0 0 31 17
316 A 309369 309213 36 3 55 36 0 0 0 26
317 G 310471 22 26 10 310345 0 0 0 35 33
318 G 308696 31 16 4 308612 0 0 0 19 14
319 G 309859 133 26 10 309624 0 0 0 44 22
320 A 311807 311685 14 2 35 35 0 0 0 36
321 A 313069 312849 24 5 36 28 0 0 0 127
322 C 314320 14 20 314252 5 0 0 17 0 12
323 T 312005 19 311905 34 1 0 12 0 0 34
324 C 306636 24 30 306525 11 0 0 29 0 17
325 G 300114 53 21 7 300006 0 0 0 17 10
326 T 309404 24 309236 35 4 0 17 0 0 88
327 C 330310 20 26 330226 12 0 0 12 0 14
328 C 343597 20 24 343499 8 0 0 27 0 19
329 T 349780 7 349675 49 1 0 14 0 0 34
330 T 348703 21 348585 51 2 0 21 0 0 23
331 T 338739 19 338652 41 1 0 6 0 0 20
332 A 311820 311673 27 2 40 53 0 0 0 25
333 T 307989 37 307868 51 6 0 5 0 0 22
334 G 309716 57 18 11 309562 0 0 0 31 37
335 A 269164 269004 36 6 51 15 0 0 0 52
336 C 273028 9 29 272931 7 0 0 8 0 44
337 A 240249 240187 14 5 19 9 0 0 0 15
338 A 243704 243631 19 0 30 6 0 0 0 18
339 A 247440 247356 10 2 44 8 0 0 0 20
340 G 278486 25 13 4 278386 0 0 0 30 28
341 A 288396 288293 12 2 44 30 0 0 0 15
342 A 284815 284707 11 1 44 39 0 0 0 13
343 G 318767 38 14 6 318615 0 0 0 37 57
344 A 337488 337328 12 1 50 62 0 0 0 35
345 A 338730 338647 9 2 41 17 0 0 0 14
346 A 339247 339172 12 2 34 10 0 0 0 17
347 T 335485 32 335305 21 0 0 37 0 0 90
348 A 332065 331967 20 1 51 15 0 0 0 11
349 A 332659 332523 23 9 53 21 0 0 0 30
350 G 333214 20 27 6 333134 0 0 0 12 15
351 G 333178 25 17 4 333108 0 0 0 10 14
352 C 322449 15 54 322286 23 0 0 13 0 58
353 G 320576 41 20 10 320440 0 0 0 15 50
354 A 331294 331218 20 3 24 15 0 0 0 14
355 A 344267 344095 9 1 42 22 0 0 0 98
356 T 342941 29 342789 24 0 0 11 0 0 88
357 C 342943 23 35 342839 4 0 0 21 0 21
358 T 334266 16 334026 69 7 0 26 0 0 122
359 G 339962 33 18 5 339844 0 0 0 40 22
360 G 329098 17 18 3 329026 0 0 0 14 20
361 C 333964 22 57 333769 19 0 0 39 0 58
362 G 334031 82 21 19 333833 0 0 0 23 53
363 C 331186 25 20 331108 7 0 0 15 0 11
364 C 320740 14 30 320406 6 0 0 16 0 268
365 A 320209 320112 14 5 39 14 0 0 0 25
366 A 333457 333381 10 3 38 10 0 0 0 15
367 G 373537 54 15 17 373413 0 0 0 22 16
368 C 371094 22 56 370963 18 0 0 17 0 18
369 C 389250 24 40 389119 12 0 0 35 0 20
370 A 389740 389611 15 8 47 39 0 0 0 20
371 A 394196 394081 26 1 30 42 0 0 0 16
372 T 401970 47 401843 40 0 0 13 0 0 27
373 A 397061 396894 25 2 46 73 0 0 0 21
374 A 399248 399121 18 1 43 37 0 0 0 28
375 T 381672 21 381560 36 4 0 31 0 0 20
376 G 361324 27 26 8 361192 0 0 0 48 23
377 G 329827 22 15 8 329725 0 0 0 51 6
378 T 305841 25 305460 32 7 0 25 0 0 292
379 G 307591 27 19 13 307498 0 0 0 24 10
380 A 305399 305295 18 0 42 31 0 0 0 13
381 T 305526 23 305417 39 1 0 18 0 0 28
382 G 302469 22 30 6 302380 0 0 0 16 15
383 A 304434 304327 31 2 29 19 0 0 0 26
384 T 310588 19 310458 55 0 0 23 0 0 33
385 G 307330 72 25 6 307188 0 0 0 26 13
386 C 303585 22 39 303474 9 0 0 15 0 26
387 A 300284 300187 7 4 54 17 0 0 0 15
388 A 296444 296303 13 3 37 25 0 0 0 63
389 C 284361 23 15 284294 3 0 0 14 0 12
390 A 277117 277035 14 3 37 8 0 0 0 20
391 G 278326 24 15 2 278254 0 0 0 8 23
392 C 270136 8 15 270085 5 0 0 5 0 18
393 T 258927 5 258859 29 2 0 19 0 0 13
394 G 306504 24 9 5 306408 0 0 0 19 39
395 G 314373 28 9 5 314310 0 0 0 12 9
396 T 314826 17 314633 37 1 0 5 0 0 133
397 C 340662 23 27 340572 7 0 0 11 0 22
398 T 329668 8 329529 74 2 0 31 0 0 24
399 G 381398 53 24 11 381242 0 0 0 37 31
400 A 382714 382483 32 3 47 29 0 0 0 120
401 C 405416 11 39 405308 9 0 0 32 0 17
402 T 413921 40 413770 53 3 0 20 0 0 35
403 C 411777 29 36 411618 7 0 0 56 0 31
404 A 408564 408351 28 1 59 17 0 0 0 108
405 C 437858 9 51 437732 9 0 0 41 0 16
406 A 437815 437676 14 4 76 21 0 0 0 24
407 T 449883 35 449728 46 1 0 52 1 0 20
408 G 428239 30 26 9 428103 0 0 0 50 21
409 A 443423 443200 37 1 47 94 0 0 0 44
410 T 430205 32 430066 56 6 0 13 0 0 32
411 G 433840 35 28 9 433711 0 0 0 31 26
412 A 425258 425139 26 3 28 30 0 0 0 32
413 T 421978 18 421825 44 2 0 47 0 0 42
414 C 389614 17 16 389502 5 0 0 50 0 24
415 T 385639 30 385463 104 2 0 16 0 0 24
416 G 373755 54 22 14 373617 0 0 0 25 23
417 G 376735 43 18 16 376612 0 0 0 34 12
418 C 370152 20 49 369989 13 0 0 13 0 68
419 A 367970 367846 17 5 53 13 0 0 0 36
420 T 363047 8 362962 43 3 0 9 0 0 22
421 T 360266 12 360184 37 3 0 12 0 0 18
422 C 360842 31 25 360732 9 0 0 25 0 20
423 C 359586 27 52 359450 16 0 0 23 0 18
424 A 358500 358406 9 6 48 9 0 0 0 22
425 A 356241 356183 19 0 18 6 0 0 0 15
426 T 352566 15 352491 27 0 0 10 0 0 23
427 T 352103 14 351997 37 2 0 36 0 0 17
428 T 348754 16 348622 46 2 0 44 0 0 24
429 G 350341 47 16 9 350240 0 0 0 16 13
430 A 340419 340327 16 0 42 8 0 0 0 26
431 A 340081 340008 10 1 40 8 0 0 0 14
432 T 342648 29 342522 37 1 0 33 0 0 26
433 G 318529 24 16 8 318425 0 0 0 37 19
434 A 345678 345569 31 1 24 33 0 0 0 20
435 T 343337 29 343228 35 2 0 19 0 0 24
436 A 343627 343446 32 3 57 32 0 0 0 57
437 C 369343 23 58 369192 7 0 0 33 0 30
438 A 352666 352481 12 5 62 73 0 0 0 33
439 A 414806 414615 36 4 60 36 0 0 0 55
440 C 419646 25 24 419563 3 0 0 14 0 17
441 A 422354 422206 21 10 41 47 0 0 0 29
442 T 433190 32 433059 33 4 0 23 0 0 39
443 A 363918 363590 30 8 34 54 0 0 0 202
444 C 373943 26 26 373850 10 0 0 21 0 10
445 C 375771 34 40 375643 11 0 0 32 0 11
446 A 372246 372074 19 8 89 31 0 0 0 25
447 G 384380 38 28 12 384231 0 0 0 56 15
448 A 345390 345263 13 2 52 37 0 0 0 23
449 G 377444 34 19 7 377348 0 0 0 15 21
450 G 372457 28 19 7 372377 0 0 0 11 15
451 A 377556 377361 49 4 49 12 0 0 0 81
452 C 382563 9 45 382457 7 0 0 25 0 20
453 A 377288 377120 21 6 55 53 0 0 0 33
454 A 385303 385149 28 6 65 28 0 0 0 27
455 G 397205 23 18 7 397125 0 0 0 24 8
456 A 411514 411362 16 2 52 31 0 0 0 51
457 G 425102 25 23 8 425007 0 0 0 17 22
458 C 443124 28 24 443007 11 0 0 16 0 38
459 T 442570 19 442440 40 2 0 28 0 0 41
460 C 447219 20 27 447131 9 0 0 21 0 11
461 T 446010 27 445875 44 3 0 23 0 0 38
462 T 451958 25 451833 60 1 0 23 0 0 16
463 G 455591 40 13 7 455485 0 0 0 23 23
464 T 461935 40 461777 51 2 0 22 0 0 43
465 T 461093 18 461008 27 1 0 21 0 0 18
466 C 464751 35 103 464530 19 0 0 26 0 38
467 G 462886 141 31 12 462607 0 0 0 43 52
468 C 473736 33 67 473550 12 0 0 41 0 33
469 A 469288 468843 29 3 69 14 0 0 0 330
470 C 471537 20 63 471397 10 0 0 30 0 17
471 C 468640 29 84 468465 11 0 0 35 0 16
472 G 478382 122 24 13 478128 1 0 0 70 24
473 G 482061 100 31 14 481852 0 0 0 34 30
474 C 506463 41 63 506282 17 0 0 22 0 38
475 A 510114 509955 29 5 85 10 0 0 0 30
476 T 545268 19 545098 67 3 0 41 0 0 40
477 G 544101 70 51 13 543897 0 0 0 37 33
478 G 571179 56 29 8 571042 0 0 0 22 22
479 A 600528 600342 31 3 56 40 0 0 0 56
480 T 613096 54 612805 71 4 0 54 0 0 108
481 C 568623 31 57 568465 15 0 0 37 0 18
482 C 542385 44 50 542177 17 0 0 64 0 33
483 C 504578 75 52 504355 20 0 0 48 0 28
484 A 512903 512668 21 16 140 29 0 0 0 29
485 G 540119 67 38 12 539920 0 0 0 47 35
486 G 520003 34 33 9 519885 0 0 0 23 19
487 A 498226 498054 27 3 47 23 0 0 0 72
488 T 441749 15 441637 42 4 0 32 0 0 19
489 G 451036 60 26 8 450866 0 0 0 51 25
490 T 438222 28 437957 60 5 0 47 0 0 125
491 G 439854 109 21 15 439605 0 0 0 78 26
492 C 443177 34 37 443041 7 0 0 25 0 33
493 T 431025 18 430883 41 6 0 31 0 0 46
494 C 443100 19 33 442997 11 0 0 17 0 23
495 T 428043 21 427918 51 4 0 19 0 0 30
496 C 433961 24 21 433872 7 0 0 26 0 11
497 T 433123 31 432942 98 8 0 13 0 0 31
498 G 413644 30 21 7 413551 0 0 0 19 16
499 A 414874 414757 34 1 33 21 0 0 0 28
500 T 408674 31 408522 51 3 0 40 0 0 27
501 G 404878 72 26 19 404729 0 0 0 17 15
502 C 406418 32 77 406255 12 0 0 21 0 21
503 A 387080 386889 20 8 104 6 0 0 0 53
504 G 390382 20 34 7 390298 0 0 0 16 7
505 G 374781 27 18 7 374655 0 0 0 28 46
506 G 388175 22 24 5 388067 0 0 0 34 23
507 T 376314 18 375748 56 1 0 15 0 0 476
508 T 378143 24 378046 37 1 0 22 0 0 13
509 C 377607 23 85 377472 6 0 0 8 0 13
510 G 377704 72 28 12 377539 0 0 0 31 22
511 A 380525 379962 21 7 47 24 0 0 0 464
512 C 377430 18 28 377319 12 0 0 39 0 14
513 T 369303 12 369159 55 6 0 28 0 0 43
514 C 405588 28 25 405477 6 0 0 37 0 15
515 T 413687 39 413453 93 2 0 19 0 0 81
516 C 511663 22 90 511477 8 0 0 40 0 26
517 C 501952 35 43 501824 16 0 0 10 0 24
518 C 500903 56 47 500715 5 0 0 62 0 18
519 T 497632 44 497473 62 7 0 22 0 0 24
520 A 540917 540596 23 2 104 126 0 0 0 66
521 G 509311 41 31 13 509155 0 0 0 51 20
522 G 493443 39 29 5 493314 0 0 0 37 19
523 A 452154 451945 19 4 78 26 0 0 0 82
524 G 454399 24 23 10 454280 0 0 0 48 14
525 G 430549 20 13 6 430471 0 0 0 22 17
526 T 425021 19 424610 63 4 0 14 0 0 311
527 C 419985 13 21 419903 6 0 0 21 0 21
528 T 430352 20 430123 138 18 0 25 0 0 28
529 G 430937 43 30 11 430786 0 0 0 58 9
530 G 432626 25 26 3 432510 0 0 0 42 20
531 A 431631 431472 19 2 77 21 0 0 0 40
532 G 440255 22 26 3 440174 0 0 0 8 22
533 C 435693 10 39 435603 0 0 0 13 0 28
534 T 425321 7 425170 82 4 0 28 0 0 30
535 G 426177 110 24 15 425939 0 0 0 32 57
536 C 429483 33 74 429333 9 0 0 13 0 21
537 A 430953 430653 27 18 209 18 0 0 0 28
538 G 444570 21 31 5 444474 0 0 0 17 22
539 G 452318 35 22 11 452221 0 0 0 20 9
540 C 450173 36 63 450009 17 0 0 25 0 23
541 G 445441 102 34 8 445274 0 0 0 13 10
542 C 449752 15 27 449668 7 0 0 15 0 20
543 T 442369 20 442201 93 8 0 22 0 0 25
544 G 457962 147 31 11 457719 0 0 0 18 36
545 C 450582 33 186 450305 21 0 0 15 0 22
546 A 473510 473328 21 12 91 13 0 0 0 45
547 G 487219 36 9 7 487112 0 0 0 36 19
548 T 492123 27 491893 62 15 0 42 0 0 84
549 C 498996 28 67 498769 14 0 0 85 0 33
550 A 495352 495094 30 22 80 98 0 0 0 28
551 A 491520 491392 28 7 48 24 0 0 0 21
552 A 491617 491338 42 30 151 31 0 0 0 25
553 G 476419 32 31 12 476285 0 0 0 47 12
554 G 489302 37 23 12 489184 0 0 0 22 24
555 A 442502 442286 31 9 72 25 0 0 0 79
556 G 435607 34 21 6 435515 0 0 0 21 10
557 T 427189 27 426921 39 8 0 22 0 0 172
558 T 414585 15 414434 49 15 0 52 0 0 20
559 G 421054 46 40 7 420885 0 0 0 60 16
560 G 421334 42 34 16 421215 0 0 0 15 12
561 G 423495 47 25 11 423376 0 0 0 12 24
562 A 413722 413490 39 18 74 23 0 0 0 78
563 C 369927 16 50 369785 5 0 0 37 0 34
564 A 330654 330528 19 5 34 36 0 0 0 32
565 A 269412 269330 21 1 26 15 0 0 0 19
566 T 270853 18 270768 21 4 0 19 0 0 23
567 G 278523 28 21 1 278433 0 0 0 16 24
568 G 282744 23 10 7 282673 0 0 0 24 7
569 T 261126 27 260617 41 5 0 18 0 0 418
570 G 261208 26 25 5 261130 0 0 0 16 6
571 A 258770 258690 19 0 26 14 0 0 0 21
572 T 259439 24 259345 25 4 0 14 0 0 27
573 G 254645 21 14 8 254565 0 0 0 15 22
574 G 232417 26 20 1 232343 0 0 0 22 5
575 A 281106 280947 24 5 71 10 0 0 0 49
576 G 293972 23 11 2 293924 0 0 0 10 2
577 T 288093 18 287883 34 8 0 14 0 0 136
578 T 323387 12 323271 39 1 0 42 0 0 22
579 G 344316 25 30 3 344215 0 0 0 26 17
580 A 346745 346599 28 0 52 36 0 0 0 30
581 T 337400 31 337293 29 1 0 37 0 0 9
582 A 335070 334931 18 0 35 58 0 0 0 28
583 A 328342 328202 17 5 69 28 0 0 0 21
584 G 345129 28 26 14 345041 0 0 0 13 7
585 G 365366 27 19 9 365274 0 0 0 11 26
586 A 367481 367375 24 2 37 18 0 0 0 25
587 T 337537 23 337425 48 4 0 15 0 0 22
588 G 345636 30 24 11 345508 0 0 0 46 17
589 A 347904 347742 31 2 46 52 0 0 0 31
590 T 348877 32 348723 33 1 0 56 0 0 32
591 C 346335 22 28 346249 10 0 0 9 0 17
592 A 343799 343701 4 3 41 19 0 0 0 31
593 A 333541 333468 3 1 31 22 0 0 0 16
594 A 334660 334571 8 14 27 14 0 0 0 26
595 C 326928 9 32 326853 7 0 0 5 0 22
596 G 320286 30 19 11 320201 0 0 0 8 17
597 T 310004 8 309799 19 3 0 13 0 0 162
598 G 305422 32 20 8 305331 0 0 0 15 16
599 G 308668 25 31 5 308572 0 0 0 26 9
600 G 318188 35 23 3 318085 0 0 0 28 14
601 A 319406 319283 29 1 41 20 0 0 0 32
602 T 319169 20 319076 32 1 0 17 0 0 23
603 C 312694 12 30 312618 3 0 0 18 0 13
604 A 308730 308591 13 2 45 15 0 0 0 64
605 A 308727 308671 11 3 33 6 0 0 0 3
606 T 307928 24 307840 27 1 0 11 0 1 24
607 G 313679 22 13 6 313597 0 0 0 21 20
608 A 308630 308543 24 1 23 20 0 0 0 19
609 T 287355 21 287278 25 0 0 11 0 0 20
610 C 299157 12 47 299071 5 0 0 5 0 17
611 G 298106 39 21 5 298002 0 0 0 23 16
612 G 326714 21 15 10 326614 0 0 0 28 26
613 A 327366 327253 12 1 43 24 0 0 0 33
614 A 317129 316950 13 3 50 13 0 0 0 100
615 C 392489 18 15 392399 3 0 0 37 0 17
616 T 384272 14 384159 46 1 0 22 0 0 30
617 T 376077 16 375968 36 1 0 32 0 0 24
618 C 382391 16 25 382293 12 0 0 24 0 21
619 T 383941 28 383676 108 10 0 89 0 0 30
620 G 385596 40 41 14 385476 0 0 0 11 14
621 G 389917 45 17 7 389809 0 0 0 26 13
622 A 384226 384044 24 6 73 21 0 0 0 58
623 G 369514 29 22 4 369418 0 0 0 33 8
624 A 301599 301449 17 13 56 16 1 0 0 47
625 G 320538 19 18 7 320444 0 0 0 37 13
626 G 340517 20 10 13 340413 0 0 0 35 26
627 T 323819 23 322402 60 11 0 47 0 0 1276
628 G 319899 38 25 7 319802 0 0 0 12 15
629 A 319082 318955 22 4 41 31 0 0 0 29
630 A 323115 323021 12 1 45 14 0 0 0 22
631 A 326133 326042 13 0 42 13 0 0 0 23
632 A 323637 323548 26 0 34 12 0 0 0 17
633 T 313552 14 313462 29 8 0 24 0 0 15
634 G 298697 30 24 8 298604 0 0 0 6 25
635 G 297731 39 13 3 297652 0 0 0 12 12
636 A 297775 297645 14 5 54 16 0 0 0 41
637 C 291215 14 68 291092 16 0 0 9 0 16
638 G 289693 48 23 8 289583 0 0 0 15 16
639 A 289706 289629 14 1 35 13 0 0 0 14
640 A 292130 292059 11 2 34 17 0 0 0 7
641 A 292963 292887 2 0 29 19 0 0 0 26
642 A 286936 286897 5 1 20 5 0 0 0 8
643 A 285203 285085 15 24 35 8 0 0 0 36
644 C 279605 15 11 279550 3 0 0 17 0 9
645 A 278657 278584 15 4 34 10 0 0 0 10
646 A 276939 276837 8 4 55 20 0 0 0 15
647 G 282146 24 22 4 282080 0 0 0 4 12
648 G 268565 21 25 9 268434 0 0 0 67 9
649 A 256988 256866 15 4 32 53 0 0 0 18
650 G 261041 27 6 1 260986 0 0 0 6 15
651 T 249316 18 248735 30 6 0 9 0 0 518
652 G 259483 32 21 8 259392 0 0 0 18 12
653 C 256637 18 16 256576 10 0 0 7 0 10
654 T 252764 14 252688 20 3 0 30 0 0 9
655 T 273115 7 273046 34 2 1 2 0 0 23
656 A 259445 259326 9 6 15 44 0 0 0 45
657 C 288042 17 45 287936 13 0 0 19 0 12
658 G 287840 48 27 8 287697 0 0 0 46 14
659 A 258753 258648 20 0 46 21 0 0 0 18
660 G 286817 21 17 6 286719 0 0 0 24 30
661 A 234913 234800 13 7 38 21 0 0 0 34
662 G 242096 25 14 7 242002 0 0 0 16 32
663 A 236708 236616 10 4 31 19 0 0 0 28
664 A 203422 203367 12 2 19 5 0 0 0 17
665 T 205525 16 205461 24 3 0 13 0 0 8
666 G 213532 31 9 3 213461 0 0 0 14 14
667 T 252783 36 252561 44 6 0 12 0 0 124
668 G 266544 46 26 14 266421 0 0 0 17 20
669 C 268213 17 59 268072 20 0 0 13 0 32
670 A 265082 264980 19 4 38 27 0 0 0 14
671 A 270803 270684 17 3 28 27 0 0 0 44
672 C 291792 12 24 291714 5 0 0 25 0 12
673 A 290500 290432 16 3 22 7 0 0 0 20
674 T 283070 13 282997 28 1 0 13 0 0 18
675 T 282841 10 282757 38 0 0 20 0 0 16
676 C 287941 10 13 287889 2 0 0 5 0 22
677 T 287596 20 287507 45 0 0 4 0 0 20
678 C 300386 22 32 300285 5 0 0 11 0 31
679 A 298996 298905 13 5 46 7 0 0 0 20
680 A 299954 299868 15 4 47 7 0 0 0 13
681 A 299654 299573 8 4 41 12 0 0 0 16
682 G 307043 22 14 4 306971 0 0 0 23 9
683 G 315892 25 22 8 315800 0 0 0 22 15
684 A 314166 314053 25 2 39 20 0 0 0 27
685 A 313491 313384 10 0 45 31 0 0 0 21
686 A 313769 313678 10 1 30 37 0 0 0 13
687 A 329112 329009 35 0 31 21 0 0 0 16
688 T 329899 23 329808 41 1 0 10 0 0 16
689 T 324290 9 324220 37 0 0 7 0 0 17
690 T 323532 17 323434 38 0 0 11 0 0 32
691 C 310142 15 29 310047 13 0 1 21 0 16
692 A 308922 308807 10 4 73 15 0 0 0 13
693 A 308833 308750 10 0 30 16 0 0 0 27
694 A 309087 308983 3 16 30 20 0 0 0 35
695 C 320041 13 20 319965 5 0 0 27 0 11
696 A 303104 303031 4 2 32 7 0 0 0 28
697 G 311254 21 21 5 311155 0 0 0 29 23
698 C 314834 20 26 314722 6 0 0 29 0 31
699 T 283548 19 283408 46 0 0 41 0 0 34
700 G 300070 80 25 15 299898 0 0 0 17 35
701 C 249421 24 28 249311 14 0 0 22 0 22
702 A 250741 250568 30 6 44 11 0 0 0 82
703 C 246248 16 39 246163 8 0 0 6 0 16
704 A 245779 245707 7 4 31 22 0 0 0 8
705 A 244773 244706 12 1 24 14 0 0 0 16
706 A 237029 236946 8 3 36 16 0 0 0 20
707 G 258178 30 12 3 258084 0 0 0 20 29
708 G 258813 27 9 6 258724 0 0 0 26 21
709 G 247426 30 13 13 247331 0 0 0 16 23
710 C 245420 15 52 245297 17 0 0 10 0 29
711 A 241514 241425 9 5 38 27 0 0 0 10
712 A 260283 260202 14 3 27 15 0 0 0 22
713 T 245624 24 245534 26 6 0 13 0 0 21
714 G 246864 27 19 6 246787 0 0 0 11 14
715 A 228650 228564 20 2 29 20 0 0 0 15
716 T 241286 17 241191 27 2 0 29 0 0 20
717 G 240167 31 20 6 240084 0 0 0 9 17
718 G 261491 24 24 10 261407 0 0 0 17 9
719 A 261681 261589 21 4 30 10 0 0 0 27
720 T 256554 19 256458 31 0 0 31 0 0 15
721 C 246783 5 27 246695 7 0 0 32 0 17
722 A 247700 247596 22 3 50 15 0 0 0 14
723 A 280240 280153 14 3 34 14 0 0 0 22
724 G 283072 26 11 5 282997 0 0 0 24 9
725 T 283301 31 283133 26 5 0 11 0 0 95
726 G 286455 29 22 1 286367 0 0 0 15 21
727 A 281973 281853 31 2 45 17 0 0 1 24
728 G 291074 17 13 6 291009 0 0 0 22 7
729 A 290069 289941 17 5 64 20 0 0 0 22
730 G 292171 19 9 10 292071 0 0 0 35 27
731 A 287035 286941 10 1 32 25 0 0 0 26
732 A 279946 279879 5 2 33 22 0 0 0 5
733 A 296770 296676 6 4 40 25 0 0 0 19
734 G 301207 21 11 9 301140 0 0 0 11 15
735 T 301339 19 301164 35 3 0 5 0 0 113
736 C 293531 16 53 293431 5 0 0 5 0 21
737 G 292734 67 25 8 292598 0 0 0 16 20
738 G 295175 32 9 3 295095 0 0 0 22 14
739 A 293727 293648 11 0 34 12 0 0 0 22
740 A 296001 295799 17 2 34 21 0 0 0 128
741 C 300059 23 28 299954 6 0 0 31 0 17
742 C 340047 22 25 339950 4 0 0 20 0 26
743 C 350075 33 58 349941 5 0 0 11 0 27
744 A 346510 346387 12 10 71 14 0 0 0 16
745 G 359688 37 21 12 359559 0 0 0 33 26
746 G 357986 28 22 5 357884 0 0 0 34 13
747 A 356130 356007 29 3 38 23 0 0 0 30
748 A 359726 359613 10 1 46 33 0 0 0 23
749 A 340258 340163 19 1 25 18 0 0 0 32
750 T 355647 15 355513 38 6 0 38 0 0 37
751 G 358593 46 13 19 358482 0 0 0 15 18
752 C 383880 26 47 383741 8 0 0 25 0 33
753 T 373837 11 373711 72 4 0 11 0 0 28
754 G 378099 46 31 9 377983 0 0 0 16 14
755 A 358057 357936 24 5 44 13 0 0 0 35
756 G 362683 21 20 4 362584 0 0 0 44 10
757 A 359814 359663 22 0 44 55 0 0 0 30
758 T 361448 17 361363 20 3 0 20 0 0 25
759 C 353571 23 59 353449 8 0 0 8 0 24
760 G 352689 60 29 13 352533 0 0 0 34 20
761 A 338950 338849 21 0 37 13 0 0 0 30
762 A 337107 336987 18 6 55 14 0 0 0 27
763 G 356112 19 12 4 356050 0 0 0 9 18
764 A 355308 355169 21 1 30 22 0 0 0 65
765 T 341041 22 340934 30 1 0 19 0 0 35
766 C 339189 14 21 339096 10 0 0 27 0 21
767 T 321976 24 321812 52 8 0 62 0 0 18
768 C 328993 23 29 328904 5 0 0 18 0 14
769 A 327745 327655 11 3 41 7 0 0 0 28
770 T 328355 24 328260 39 1 0 9 0 0 22
771 C 325813 17 18 325737 2 0 0 11 0 28
772 T 298629 11 298554 37 2 0 9 0 0 16
773 T 301219 13 301150 29 1 0 10 0 0 16
774 T 302514 11 302448 26 2 0 12 0 0 15
775 C 299479 9 18 299410 8 0 0 19 0 15
776 T 297891 20 297796 46 3 0 13 0 0 13
777 G 290480 42 13 9 290377 0 0 0 24 15
778 G 294978 51 17 8 294868 0 0 0 23 11
779 C 293010 20 65 292853 13 0 0 30 0 29
780 A 292412 292266 22 3 49 15 0 0 0 57
781 C 289409 15 67 289285 2 0 0 11 0 29
782 G 306928 34 15 1 306838 0 0 0 23 17
783 G 310930 30 12 2 310840 0 0 0 22 24
784 T 309935 21 309730 28 4 0 19 0 0 133
785 C 311155 13 27 311076 6 0 0 18 0 15
786 T 319140 5 318949 97 4 0 65 0 0 20
787 G 312189 68 24 12 312039 0 0 0 34 12
788 C 320591 23 64 320453 12 0 0 23 0 16
789 A 308084 307797 24 6 47 31 0 0 0 179
790 C 299879 14 23 299774 4 0 0 38 0 26
791 T 260627 20 260515 37 4 0 30 0 0 21
792 C 272221 22 36 272098 6 0 0 30 0 29
793 A 279282 279170 13 3 29 33 0 0 0 34
794 T 272580 17 272489 39 1 0 26 0 0 8
795 A 265072 264873 15 2 29 3 0 0 0 150
796 T 283261 26 283153 20 2 0 46 0 0 14
797 T 287639 12 287518 40 3 0 16 0 0 50
798 G 322701 32 18 11 322580 0 0 0 19 41
799 A 316717 316472 29 5 58 5 0 0 0 148
800 G 340315 13 24 12 340222 0 0 0 18 26
801 A 317699 312930 15 5 84 8 0 0 0 4657
802 G 324489 46 22 3 324388 0 0 0 14 16
803 G 342458 19 16 5 342396 0 0 0 8 14
804 G 343358 39 24 5 343229 0 0 0 7 54
805 T 337597 15 337279 34 6 0 9 0 0 254
806 C 339161 13 41 339019 9 0 0 12 0 67
807 A 336244 336047 20 4 73 16 0 0 0 84
808 G 341333 23 13 5 341062 0 0 0 7 223
809 T 340384 18 340282 29 2 0 6 0 0 47
810 T 337443 33 337347 35 4 0 6 0 0 18
811 G 339268 46 19 9 339044 0 0 0 14 136
812 C 329192 19 35 329097 5 0 0 18 0 18
813 T 329191 14 328612 49 5 0 20 0 0 491
814 C 331463 24 39 331365 7 0 0 10 0 18
815 A 330118 329915 39 5 30 54 0 0 0 75
816 C 330683 16 29 326997 5 0 0 47 0 3589
817 A 326669 326611 8 1 17 14 0 0 0 18
818 A 326928 326850 15 1 30 11 0 0 0 21
819 A 326392 326265 22 1 27 4 0 0 0 73
820 T 324373 12 324289 27 3 0 13 0 0 29
821 C 320990 12 16 320410 2 0 0 11 0 539
822 T 311611 17 311515 25 2 0 23 0 0 29
823 T 298934 4 298853 26 7 0 21 0 0 23
824 G 298506 33 19 0 298371 0 0 0 32 51
825 T 283948 40 283792 36 3 0 33 0 0 44
826 C 281887 14 23 281791 4 0 0 32 0 23
827 T 239807 21 239696 14 3 0 5 0 0 68
828 G 238436 18 16 3 238198 0 0 0 3 198
829 C 235152 30 71 235022 12 0 0 2 0 15
830 C 233201 24 40 233070 9 0 0 14 0 44
831 C 176723 25 45 176606 9 0 0 5 0 33
832 G 154728 45 22 16 154619 0 0 0 12 14
833 C 155135 17 18 155079 5 0 0 3 0 13
834 C 153666 19 19 153573 7 0 0 13 0 35
835 T 144745 2 144643 72 13 0 4 0 0 11
836 G 142496 25 13 1 142435 0 0 0 14 8
837 T 134925 14 134838 24 11 0 13 0 0 25
838 G 141227 4 8 3 141193 0 0 0 2 17
839 T 120950 14 120885 16 3 0 5 0 0 27
840 G 133622 21 5 2 133462 0 0 0 14 118
841 T 95419 6 95376 9 1 0 8 0 0 19
842 A 94647 94389 10 2 9 18 0 0 0 219
843 T 92532 6 91204 15 0 0 2 0 0 1305
844 G 90761 17 7 2 90718 0 0 0 14 3
845 G 103847 12 6 2 103516 0 0 0 8 303
846 A 100644 45739 12 2 10 9 0 1 0 54871
847 C 103530 9 23 103474 4 0 0 5 0 15
848 C 104244 11 12 104210 3 0 0 4 0 4
849 T 100950 9 100905 14 6 0 6 0 0 10
850 G 188880 74 23 11 188708 0 0 0 19 45
851 C 190769 14 52 190686 9 0 0 5 0 3
852 C 191703 9 44 191604 7 0 0 9 0 30
853 G 192193 41 14 5 192107 0 0 0 10 16
854 T 208206 17 208095 34 5 0 37 0 0 18
855 A 214077 213987 10 2 42 12 0 0 0 24
856 G 223791 24 13 5 223721 0 0 0 15 13
857 C 224573 16 25 224486 7 0 0 14 0 25
858 C 235612 17 40 235522 9 0 0 5 0 19
859 A 293001 292882 19 9 29 21 0 0 0 41
860 G 297904 15 8 7 297846 0 0 0 23 5
861 T 298191 28 298082 27 8 0 6 0 0 40
862 G 328875 40 19 5 328779 0 0 0 25 7
863 G 329552 29 17 7 329482 0 0 0 10 7
864 C 334357 19 24 334243 8 0 0 31 0 32
865 T 334314 7 334206 66 4 0 18 0 0 13
866 A 337543 337423 24 4 39 21 0 0 0 32
867 C 337469 13 90 337342 3 0 0 6 0 15
868 G 370604 49 11 3 370495 0 0 0 15 31
869 A 372331 372157 12 0 35 29 0 0 0 98
870 C 375507 8 19 375442 2 0 0 19 0 17
871 T 374722 10 374606 53 1 0 27 0 0 25
872 T 376503 12 376424 29 1 0 23 0 0 14
873 C 376578 32 86 376380 13 0 0 48 0 19
874 G 378998 60 21 16 378831 0 0 0 56 14
875 A 379383 379289 14 0 59 2 0 0 0 19
876 A 379651 379567 6 0 41 12 0 0 0 25
877 A 379380 379320 7 2 33 5 0 0 0 13
878 A 380173 380112 9 0 19 20 0 0 0 13
879 A 380136 379962 12 3 120 18 0 0 0 21
880 G 381876 34 13 5 381794 0 0 0 15 15
881 A 376985 376830 17 6 60 11 0 0 0 61
882 G 372626 30 23 6 372550 0 0 0 9 8
883 G 371160 19 27 9 371009 0 0 0 78 18
884 G 368377 47 36 7 368222 0 0 0 47 18
885 A 355906 355711 29 1 47 9 0 0 0 109
886 T 353261 22 353129 31 2 0 13 0 0 64
887 A 317336 316787 28 6 39 11 0 0 0 465
888 C 315837 15 22 315752 8 0 0 13 0 27
889 T 281935 27 281801 52 2 0 19 0 0 34
890 C 286267 11 18 286216 5 0 0 4 0 13
891 T 297362 8 297255 44 1 0 20 0 0 34
892 T 292785 11 292726 26 1 0 10 0 0 11
893 T 293775 31 293681 26 5 0 12 0 0 20
894 A 298555 298436 16 2 55 20 0 0 0 26
895 G 306284 18 26 4 306188 0 0 0 34 14
896 T 293752 22 293379 36 13 0 27 0 0 275
897 G 288096 31 26 9 287996 0 0 0 12 22
898 G 291234 41 25 16 291095 0 0 0 23 34
899 G 273370 34 29 3 273268 0 0 0 17 19
900 A 345575 345404 33 3 53 23 0 0 0 59
901 A 353042 352933 20 2 44 12 0 0 0 31
902 T 353229 35 353107 34 0 0 23 0 0 30
903 A 348349 348146 20 3 86 82 0 0 0 12
904 G 353907 35 30 13 353791 0 0 0 16 22
905 A 358178 357391 34 1 50 25 0 0 0 677
906 C 366358 28 30 366235 9 0 0 30 0 26
907 C 360295 18 27 360209 5 0 0 13 0 23
908 C 386032 45 24 385875 6 0 0 63 0 19
909 T 386156 14 385965 96 13 0 43 0 0 25
910 T 392207 12 392122 45 1 0 15 0 0 12
911 T 372607 17 372503 51 2 0 9 0 0 25
912 C 373751 27 38 373643 12 0 0 23 0 8
913 A 372636 372535 8 3 57 11 0 0 0 22
914 A 375443 375325 21 2 36 47 0 0 0 12
915 A 381185 381019 15 12 31 53 0 0 0 55
916 C 381643 6 28 381574 6 0 0 17 0 12
917 T 375941 10 375837 55 1 0 7 0 0 31
918 G 379908 41 22 11 379786 0 0 0 10 38
919 C 382820 22 20 382732 13 0 0 18 0 15
920 T 383666 14 383559 49 3 0 20 0 0 21
921 T 383122 41 382971 48 2 0 20 0 0 40
922 C 388276 18 34 388183 6 0 0 19 0 16
923 A 387045 386924 14 12 47 23 0 0 0 25
924 A 387205 387137 14 1 28 15 0 0 0 10
925 A 387315 387250 4 5 34 10 0 0 0 12
926 A 386491 386348 20 17 46 5 0 0 0 55
927 C 388382 22 45 388265 5 0 0 17 0 28
928 A 379957 379837 15 7 62 19 0 0 0 17
929 G 389385 56 9 28 389241 0 0 0 10 41
930 C 391545 35 31 391428 27 0 0 10 0 14
931 C 403817 26 36 403700 7 0 0 28 0 20
932 A 399475 399309 27 5 50 66 0 0 0 18
933 A 400912 400783 7 2 38 68 0 0 0 14
934 G 448289 27 10 8 448193 0 0 0 26 25
935 T 459682 31 459381 33 6 0 27 0 0 204
936 A 445991 445887 29 1 33 18 0 0 0 23
937 T 436465 19 436356 34 0 0 28 0 0 28
938 A 424720 424500 33 3 44 66 0 0 0 74
939 C 411650 38 127 411426 16 0 0 23 0 20
940 A 396012 395877 18 12 75 18 0 0 0 12
941 G 457765 43 42 11 457567 0 0 0 68 34
942 C 463569 21 37 463411 20 0 0 57 0 23
943 C 400374 25 33 400272 5 0 0 24 0 15
944 T 467828 24 467592 90 5 0 71 0 0 46
945 A 489760 489602 9 3 46 76 0 0 0 24
946 A 497095 496972 38 1 39 15 0 0 0 30
947 T 495324 22 495172 56 1 0 13 0 0 60
948 C 442232 32 55 442082 6 0 0 37 0 20
949 A 405833 405634 11 10 110 39 0 0 0 29
950 G 407876 23 11 7 407791 0 0 0 24 20
951 A 408846 408593 30 2 57 25 0 0 0 139
952 C 411749 21 31 411656 6 0 0 23 0 12
953 C 405650 24 58 405497 5 0 0 13 0 53
954 G 410576 69 19 5 410444 0 0 0 15 24
955 A 418577 418485 21 5 37 12 0 0 0 17
956 A 430432 430299 16 1 55 12 0 0 0 49
957 C 425717 20 97 425573 6 0 0 5 0 16
958 G 425525 69 23 5 425373 0 0 0 31 24
959 A 435300 435114 33 0 62 58 0 0 0 33
960 G 437786 36 21 8 437680 0 0 0 8 33
961 A 444770 444668 16 0 38 14 0 0 0 34
962 A 458717 458620 15 0 41 17 0 0 0 24
963 T 457472 31 457331 45 0 0 15 0 0 50
964 C 455422 37 23 455307 7 0 0 33 0 15
965 C 457534 24 56 457382 24 0 0 26 0 22
966 A 453223 453010 25 11 124 24 0 0 0 29
967 G 464650 48 25 17 464486 0 0 0 57 17
968 C 459186 33 57 459018 15 0 0 48 0 15
969 A 477887 477641 36 6 61 25 0 0 0 118
970 C 494423 19 55 494298 8 0 0 25 0 18
971 A 482004 481719 59 9 56 42 0 0 0 119
972 C 489724 16 51 489617 10 0 0 10 0 20
973 A 487345 487149 17 5 79 45 0 0 1 49
974 A 490958 490724 27 13 93 71 0 0 0 30
975 G 495807 32 21 9 495585 0 0 0 65 95
976 A 464927 464759 25 7 62 37 0 0 0 37
977 G 469543 45 20 6 469418 0 0 0 25 29
978 T 418260 30 417744 34 8 0 44 0 0 400
979 C 440103 32 54 439935 16 0 0 34 0 32
980 A 414098 413966 10 8 86 11 0 0 0 17
981 G 414695 30 32 14 414599 0 0 0 11 9
982 C 414799 26 80 414613 12 0 0 6 0 62
983 T 343366 9 343257 47 9 0 28 0 0 16
984 G 370954 36 21 6 370835 0 0 0 45 11
985 G 376436 26 25 5 376331 0 0 0 26 23
986 T 373323 23 372866 37 19 0 16 0 0 362
987 G 424460 39 29 7 424329 0 0 0 25 31
988 T 413881 20 413579 38 18 0 76 0 0 150
989 G 411940 42 42 6 411787 0 0 0 28 35
990 G 351353 21 25 4 351264 0 0 0 14 25
991 A 348926 348809 31 2 48 11 0 0 0 25
992 T 348867 23 348776 32 1 0 19 0 0 16
993 G 337101 51 6 8 336954 0 0 0 43 39
994 G 338867 53 27 8 338696 0 0 0 61 22
995 C 341496 24 71 341329 23 0 0 22 0 27
996 A 350949 350849 30 1 37 16 0 0 0 16
997 T 367076 31 366914 91 1 0 11 0 0 28
998 G 373469 62 20 16 373329 0 0 0 23 19
999 C 378903 21 84 378749 17 0 0 11 0 21
1000 A 377943 377832 13 1 52 29 0 0 0 16
1001 A 383664 383561 19 1 26 38 0 0 0 19
1002 T 384636 12 384514 31 1 0 57 0 0 21
1003 T 369972 25 369834 31 3 0 38 0 0 41
1004 C 365144 29 29 365037 9 0 0 15 0 25
1005 T 344340 28 344181 73 2 0 29 0 0 27
1006 G 349494 82 30 15 349346 0 0 0 3 18
1007 C 361409 32 30 361275 18 0 0 30 0 24
1008 T 343172 17 342985 82 7 0 35 0 0 46
1009 G 347442 54 26 13 347321 0 0 0 20 8
1010 C 328557 22 31 328451 16 0 0 14 0 23
1011 A 325765 325667 10 3 46 13 0 0 0 26
1012 T 337170 18 337095 24 3 0 18 0 0 12
1013 T 336291 14 336210 31 1 0 18 0 0 17
1014 T 336612 20 336508 54 3 0 10 0 0 17
1015 G 336274 31 21 7 336195 0 0 0 6 14
1016 A 328758 328638 26 0 56 6 0 0 0 32
1017 A 329059 328933 24 6 45 32 0 0 0 19
1018 G 321020 19 14 4 320929 0 0 0 39 15
1019 A 333264 333157 21 2 37 27 0 0 0 20
1020 T 335231 19 335137 29 5 0 23 0 0 18
1021 C 328294 22 25 328207 7 0 0 18 0 15
1022 T 329664 18 329567 53 1 0 11 0 0 14
1023 A 318770 318663 9 0 39 49 0 0 0 10
1024 A 318657 318570 15 2 41 12 0 0 0 17
1025 G 321254 31 16 7 321171 0 0 0 12 17
1026 A 312790 312658 13 2 56 29 0 0 0 32
1027 G 331880 18 15 4 331784 0 0 0 47 12
1028 T 278759 14 277996 22 6 0 22 0 0 699
1029 A 274778 274710 23 0 13 24 0 0 0 8
1030 T 269077 30 268986 21 4 0 20 0 0 16
1031 T 266561 28 266458 24 0 0 37 0 0 14
1032 A 274913 274797 33 1 46 19 0 0 0 17
1033 A 241156 241098 5 0 24 22 0 0 0 7
1034 G 235370 18 17 3 235317 0 0 0 8 7
1035 C 235587 15 16 235513 7 0 0 17 0 19
1036 T 213392 1 213348 25 1 0 6 0 0 11
1037 T 252822 32 252712 28 1 0 19 0 0 30
1038 C 255637 11 20 255567 3 0 0 16 0 20
1039 A 264277 264178 24 1 32 15 0 0 0 27
1040 T 264516 12 264454 21 1 0 5 0 0 23
1041 C 264383 20 28 264281 15 0 0 26 0 13
1042 A 265458 265348 20 2 46 10 0 0 0 32
1043 G 254713 13 14 6 254655 0 0 0 20 5
1044 A 256964 256860 8 7 41 12 0 0 0 36
1045 G 250459 13 22 2 250402 0 0 0 10 10
1046 G 265278 20 15 4 265196 0 0 0 19 24
1047 G 313848 54 20 10 313698 0 0 0 17 49
1048 A 313412 313186 25 1 59 12 0 0 0 129
1049 C 317699 15 24 317624 6 0 0 13 0 17
1050 C 307625 22 25 307547 7 0 0 10 0 14
1051 A 312990 312874 11 9 33 52 0 0 0 11
1052 A 334638 334526 13 5 33 49 0 0 0 12
1053 A 335644 335523 10 9 60 19 0 0 0 23
1054 G 340920 35 18 9 340815 0 0 0 20 23
1055 T 335868 28 335624 28 13 0 13 0 0 162
1056 A 336467 336320 38 1 36 33 0 0 0 39
1057 T 339477 31 339304 54 3 1 15 0 0 69
1058 C 339031 15 37 338937 9 0 0 18 0 15
1059 C 336335 26 31 336240 10 0 0 9 0 19
1060 C 332102 34 21 331985 3 0 0 39 0 20
1061 C 315284 43 32 315146 11 0 0 43 0 9
1062 A 314672 314554 11 12 35 37 0 0 0 23
1063 A 310110 310010 16 0 56 11 0 0 0 17
1064 G 314124 34 32 1 314039 0 0 0 11 7
1065 G 307105 25 23 9 307035 0 0 0 1 12
1066 G 305003 22 31 7 304891 0 0 0 18 34
1067 G 289020 19 15 3 288957 0 0 0 16 10
1068 G 272375 61 14 8 272256 0 0 0 20 16
1069 A 269706 269639 8 1 31 10 0 0 1 16
1070 A 280882 280789 10 3 31 25 0 0 0 24
1071 A 281774 281628 20 22 36 23 0 0 0 45
1072 C 287662 12 21 287608 1 0 0 13 0 7
1073 T 276187 6 276104 48 0 0 5 0 0 24
1074 T 276081 6 276012 39 3 0 7 0 0 14
1075 T 283523 19 283407 35 0 0 18 0 0 44
1076 C 262037 17 27 261948 8 0 0 17 0 20
1077 C 276751 18 32 276671 6 0 0 8 0 16
1078 A 304759 304589 19 8 39 17 0 0 0 87
1079 C 312839 16 19 312769 5 0 0 26 0 4
1080 T 313617 12 313522 33 1 0 33 0 0 16
1081 A 303543 303396 20 4 42 64 0 0 0 17
1082 G 307471 14 15 11 307400 0 0 0 13 18
1083 A 309930 309840 15 0 33 17 0 0 0 25
1084 G 312317 33 26 7 312212 0 0 0 26 13
1085 G 327462 21 21 7 327361 0 0 0 28 24
1086 A 283652 283514 26 2 44 29 0 0 0 37
1087 G 315396 26 14 7 315310 0 0 0 21 18
1088 T 311989 17 311355 48 6 0 19 0 0 544
1089 A 312942 312778 28 4 42 28 0 0 0 62
1090 C 317560 22 23 317457 5 0 0 29 0 24
1091 A 305140 305026 19 7 31 43 0 0 0 14
1092 A 305038 304940 32 0 35 20 0 0 0 11
1093 A 349337 349224 19 2 27 36 0 0 0 29
1094 T 342071 24 341983 28 1 0 11 0 0 24
1095 T 328058 10 327966 33 5 0 19 0 0 25
1096 G 293344 22 19 14 293258 0 0 0 14 17
1097 C 290143 9 12 290096 8 0 0 13 0 5
1098 T 290264 5 290202 29 2 0 15 0 0 11
1099 T 289847 28 289762 27 1 0 13 0 0 16
1100 C 288770 25 12 288699 7 0 0 13 0 14
1101 A 283841 283757 12 3 44 8 0 0 0 17
1102 A 287651 287611 8 2 16 5 0 0 0 9
1103 A 290125 290074 13 2 25 4 0 0 0 7
1104 T 291321 9 291245 36 4 0 3 0 0 24
1105 G 288741 31 17 7 288658 0 0 0 10 18
1106 A 286593 286505 18 1 32 6 0 0 0 31
1107 A 290291 290214 6 2 23 15 0 0 0 31
1108 A 291139 291058 5 1 30 31 0 0 0 14
1109 A 292642 292482 22 56 29 12 0 0 0 41
1110 C 304978 11 19 304900 5 0 0 34 0 9
1111 A 303445 303344 29 1 37 20 0 0 0 14
1112 T 318213 24 318102 35 2 0 18 0 0 32
1113 G 306673 33 23 7 306577 0 0 0 13 20
1114 G 304605 16 17 12 304529 0 0 0 18 13
1115 A 314630 314525 12 1 39 17 0 0 0 36
1116 T 311989 29 311875 40 2 0 20 0 0 23
1117 G 315954 38 19 6 315851 0 0 0 28 12
1118 C 358718 26 22 358587 10 0 0 42 0 31
1119 T 348225 8 348108 46 2 0 33 0 0 28
1120 A 348827 348705 31 5 30 24 0 0 0 32
1121 T 335349 24 335233 41 2 0 27 0 0 22
1122 G 342054 54 26 9 341857 1 0 0 65 42
1123 G 342533 29 34 7 342440 0 0 0 15 8
1124 A 326507 326384 28 2 44 25 0 0 0 24
1125 A 326201 326111 17 0 34 12 0 0 0 27
1126 T 289678 13 289565 31 2 0 36 0 0 31
1127 C 273194 16 24 273112 1 0 0 26 0 15
1128 A 266666 266569 16 3 56 4 0 0 0 18
1129 A 264603 264519 16 2 36 14 0 0 0 16
1130 G 266788 12 9 3 266744 0 0 0 14 6
1131 T 251926 16 251798 20 2 0 19 0 0 71
1132 A 248954 248293 9 2 24 16 0 0 0 610
1133 C 269674 10 18 269601 6 0 0 24 0 15
1134 T 257963 10 257883 27 0 0 11 0 0 32
1135 C 266393 11 13 266325 10 0 0 17 0 17
1136 T 235357 16 235278 40 1 0 12 0 0 10
1137 T 237233 12 237118 42 1 0 34 0 0 26
1138 G 239036 23 3 6 238984 0 0 0 9 11
1139 A 248910 248834 12 3 37 7 0 0 0 17
1140 A 250754 250667 22 1 27 4 0 0 0 33
1141 C 251431 9 19 251357 5 0 0 27 0 14
1142 T 243655 3 243567 42 1 0 25 0 0 17
1143 G 251389 26 11 3 251320 0 0 0 25 4
1144 A 257134 257033 11 2 50 14 0 0 0 24
1145 G 261511 12 9 3 261472 0 0 0 9 6
1146 A 260372 260303 17 2 27 7 0 0 0 16
1147 A 292235 292145 9 1 32 25 0 0 0 23
1148 G 298205 24 10 9 298144 0 0 0 10 8
1149 C 325471 23 57 325341 9 0 0 23 0 18
1150 A 323807 323641 27 12 93 14 0 0 0 20
1151 G 324991 16 18 7 324883 0 0 0 57 10
1152 G 376766 24 14 8 376656 0 0 0 44 20
1153 T 376058 29 375508 37 8 0 22 0 0 454
1154 A 382086 381913 30 2 41 15 0 0 0 85
1155 C 393063 24 35 392966 5 0 0 17 0 16
1156 T 370189 21 370018 55 5 0 63 0 0 27
1157 G 380246 46 43 6 380110 0 0 0 22 19
1158 G 385851 35 14 9 385740 0 0 0 31 22
1159 G 376230 48 34 31 376061 0 0 0 21 35
1160 C 406419 20 51 406240 23 0 0 34 0 51
1161 C 367031 24 31 366909 8 0 0 35 0 24
1162 A 381343 381174 44 8 45 49 0 0 0 23
1163 T 381798 24 381692 39 2 0 22 0 0 19
1164 A 377276 377155 5 1 72 26 0 0 0 17
1165 A 394374 394265 18 4 65 10 0 0 0 12
1166 G 387830 36 19 5 387691 0 0 0 52 27
1167 A 375068 374949 24 4 38 35 0 0 0 18
1168 A 373465 373254 18 4 31 20 0 0 0 138
1169 C 372959 9 18 372890 5 0 0 23 0 14
1170 C 395235 26 23 395148 9 0 0 10 0 19
1171 A 386486 386313 19 7 85 28 0 0 0 34
1172 G 394363 16 19 5 394300 0 0 0 12 11
1173 A 394808 394714 15 6 48 8 0 0 0 17
1174 A 390725 390614 11 0 43 31 0 0 0 26
1175 G 401871 26 8 4 401792 0 0 0 36 5
1176 T 381890 19 381290 42 5 0 27 0 0 507
1177 G 384669 31 27 11 384553 0 0 0 23 24
1178 G 390408 24 32 5 390296 0 0 0 16 35
1179 A 390954 390768 25 1 89 28 0 0 0 43
1180 G 400058 35 31 13 399924 0 0 0 40 15
1181 G 401541 34 33 15 401407 0 0 0 21 31
1182 A 374589 374479 29 1 41 15 0 0 0 24
1183 A 374126 374010 12 2 55 18 0 0 0 29
1184 A 373891 373749 18 20 37 24 0 0 0 43
1185 C 381511 25 36 381362 12 0 0 60 0 16
1186 A 381381 380993 33 13 46 32 0 0 0 264
1187 C 398822 20 26 398741 2 0 0 23 0 10
1188 T 388222 26 388085 65 8 0 14 0 0 24
1189 A 414658 414530 24 4 43 30 0 0 0 27
1190 A 432803 432690 25 4 33 23 0 0 0 28
1191 T 430304 45 430111 44 8 0 44 0 0 52
1192 C 432917 30 48 432786 6 0 0 31 0 16
1193 A 418205 418068 17 8 56 37 0 0 0 19
1194 A 420295 420147 36 12 40 19 0 0 0 41
1195 C 427154 29 43 426986 16 0 0 50 0 30
1196 A 371359 371191 17 8 82 36 0 0 0 25
1197 G 365837 20 27 6 365748 0 0 0 20 16
1198 A 333969 333846 18 4 62 19 0 0 0 20
1199 G 338088 32 45 12 337941 0 0 0 20 38
1200 G 354631 27 17 9 354521 0 0 0 30 27
1201 G 306473 30 17 15 306377 0 0 0 24 10
1202 C 312250 25 54 312118 12 0 0 18 0 23
1203 C 316336 28 35 316231 4 0 0 17 0 21
1204 T 315313 17 315186 52 0 0 41 0 0 17
1205 C 331839 18 18 331740 11 0 0 33 0 19
1206 T 321739 18 321560 88 11 0 27 0 0 35
1207 G 322847 39 19 19 322737 0 0 0 13 20
1208 C 319200 15 81 319057 15 0 0 8 0 24
1209 A 307530 307368 12 3 104 30 0 0 0 13
1210 G 326858 25 23 5 326755 0 0 0 23 27
1211 G 325715 35 10 7 325632 0 0 0 13 18
1212 T 328619 24 328186 57 3 0 13 0 0 336
1213 C 329173 14 39 329072 9 0 0 18 0 21
1214 A 318559 318439 12 7 42 42 0 0 0 17
1215 A 339998 339905 20 3 24 20 0 0 0 26
1216 A 330769 330690 24 0 25 10 0 0 0 20
1217 T 332866 18 332775 35 1 0 17 0 0 20
1218 C 331466 24 24 331371 4 0 0 29 0 14
1219 A 309838 309707 16 3 58 19 0 0 0 35
1220 G 329698 18 9 6 329626 0 0 0 30 9
1221 T 318019 33 317819 45 5 0 26 0 0 91
1222 G 320673 40 15 5 320564 0 0 0 35 14
1223 T 315544 20 315338 57 4 0 20 0 0 105
1224 G 304216 83 25 16 304048 0 0 0 22 22
1225 C 314485 18 112 314280 25 0 0 32 0 18
1226 A 312961 312876 12 4 36 17 0 0 0 16
1227 A 321057 320858 19 3 26 18 0 0 0 133
1228 C 320730 9 35 320649 6 0 0 14 0 17
1229 C 314612 24 17 314529 3 0 0 15 0 24
1230 T 292296 19 292121 104 7 0 24 0 0 21
1231 G 301510 117 24 7 301326 0 0 0 12 24
1232 C 324852 27 59 324710 22 0 0 16 0 18
1233 A 319524 319407 9 8 48 16 0 0 0 36
1234 T 327370 37 327245 22 2 0 45 0 0 19
1235 T 325595 7 325520 34 2 0 19 0 0 13
1236 T 311333 7 311258 38 1 0 12 0 0 17
1237 T 315322 15 315237 36 1 0 5 0 0 28
1238 C 296826 12 26 296745 10 0 0 24 0 9
1239 T 277853 10 277730 55 6 0 22 0 0 30
1240 G 294030 39 20 3 293935 0 0 0 20 13
1241 T 287873 27 287710 48 9 0 17 0 0 62
1242 G 294460 65 28 14 294324 0 0 0 11 18
1243 C 297983 29 38 297854 15 0 0 26 0 21
1244 A 293323 293200 14 7 42 35 0 0 0 25
1245 A 300028 299953 7 2 40 15 0 0 0 11
1246 A 298829 298720 10 1 60 25 0 0 0 13
1247 G 308817 29 12 5 308720 0 0 0 32 19
1248 A 305819 305725 13 2 31 24 0 0 0 24
1249 A 278625 278541 10 2 35 16 0 0 0 21
1250 A 290069 289508 12 12 35 8 0 0 0 494
1251 C 289879 24 17 289788 10 0 0 26 0 14
1252 C 306823 9 29 306754 4 0 0 17 0 10
1253 T 308320 21 308152 69 2 0 29 0 0 47
1254 C 301296 21 21 301202 8 0 0 35 0 9
1255 C 321208 30 27 321099 13 1 0 27 0 11
1256 C 314923 26 32 314827 4 0 0 19 0 15
1257 A 318699 318615 22 8 25 15 0 0 0 14
1258 T 319814 18 319736 24 5 0 14 0 0 17
1259 T 300383 9 300314 21 2 0 16 0 0 21
1260 T 304789 17 304672 61 9 0 13 0 0 17
1261 G 302880 45 26 9 302760 0 0 0 9 31
1262 A 308632 308487 28 3 54 18 0 0 0 42
1263 C 306013 14 38 305914 11 0 0 19 0 17
1264 A 291118 291024 6 7 39 33 0 0 0 9
1265 A 301288 301201 23 2 19 27 0 0 0 16
1266 A 304319 304160 16 9 41 20 0 0 0 73
1267 C 318087 18 15 318004 4 0 0 36 0 10
1268 C 315131 19 26 315029 10 0 0 19 0 28
1269 A 287767 287681 16 4 28 23 0 0 0 15
1270 A 300886 300703 20 3 31 19 0 0 0 110
1271 C 296634 8 21 296568 2 0 0 20 0 15
1272 C 316294 15 23 316210 10 0 0 15 0 21
1273 A 314254 314181 17 3 18 22 0 0 0 13
1274 T 318325 20 318176 39 3 0 27 0 0 60
1275 C 318615 23 27 318531 6 0 0 20 0 8
1276 A 306562 306439 21 5 44 40 0 0 0 13
1277 T 314100 22 313986 40 3 0 22 0 0 27
1278 G 304309 46 13 9 304184 0 0 0 22 35
1279 G 303108 38 22 11 303001 0 0 0 9 27
1280 C 283204 26 52 283077 17 0 0 12 0 20
1281 A 271166 271009 13 4 79 21 0 0 0 40
1282 G 279549 26 23 3 279454 0 0 0 18 25
1283 C 275017 17 41 274918 10 0 0 17 0 14
1284 A 270857 270742 17 2 33 32 0 0 0 31
1285 T 272091 12 272023 24 1 0 19 0 0 12
1286 T 266015 10 265944 23 1 0 15 0 0 22
1287 C 269566 15 27 269465 10 0 0 29 0 20
1288 A 266863 266671 27 4 38 21 0 0 0 102
1289 C 255882 10 26 255798 6 0 0 25 0 17
1290 T 257133 13 257033 42 4 0 16 0 0 25
1291 G 274154 39 32 4 274028 0 0 0 18 33
1292 G 281608 17 24 5 281537 0 0 0 18 7
1293 G 289614 39 19 14 289502 0 0 0 22 18
1294 A 281990 281883 9 1 44 22 0 0 0 31
1295 A 290046 289963 28 0 29 11 0 0 0 15
1296 T 274601 13 274491 28 2 0 34 0 0 33
1297 A 299130 298954 21 5 34 31 0 0 0 85
1298 C 333117 19 67 332974 11 0 0 18 0 28
1299 A 327261 327062 26 16 91 30 0 0 0 36
1300 G 330390 17 28 5 330297 0 0 0 31 12
1301 A 321912 321741 33 5 66 23 0 0 0 44
1302 G 340049 46 35 4 339942 0 0 0 15 7
1303 G 335850 38 36 8 335733 0 0 0 16 19
1304 G 334155 59 21 8 334012 0 0 0 35 20
1305 A 333509 333371 20 3 59 25 0 0 1 30
1306 A 329189 329066 20 3 47 35 0 0 0 18
1307 G 336345 15 21 8 336211 0 0 0 20 70
1308 A 334913 334815 19 1 32 21 0 0 0 25
1309 A 350266 350129 25 5 45 4 0 0 0 58
1310 C 372657 16 28 372564 5 0 0 16 0 28
1311 A 360463 360336 30 1 34 26 0 0 0 36
1312 T 366726 22 366582 28 3 0 62 0 0 29
1313 C 358513 34 28 358375 11 0 0 41 0 24
1314 A 354841 354632 24 8 110 31 0 0 1 35
1315 G 360241 21 15 18 360147 0 0 0 22 18
1316 A 350989 350811 17 1 54 43 0 0 0 63
1317 C 354681 12 39 354589 10 0 0 12 0 19
1318 A 348019 347903 19 1 58 18 0 0 0 20
1319 T 333701 14 333603 45 2 0 17 0 0 20
1320 G 338937 39 22 9 338833 0 0 0 8 26
1321 A 324934 324800 21 4 63 13 0 0 0 33
1322 G 328864 32 47 5 328757 0 0 0 12 11
1323 G 330237 26 11 8 330154 0 0 0 20 18
1324 G 324816 44 26 13 324685 0 0 0 40 8
1325 C 325133 31 51 324985 11 0 0 35 0 20
1326 A 319656 319475 29 7 82 25 0 0 0 38
1327 G 325983 21 18 5 325889 0 0 0 14 36
1328 A 326540 326447 13 1 40 19 0 0 0 20
1329 A 331246 331137 15 2 49 25 0 0 0 18
1330 A 340450 340381 6 0 27 16 0 0 0 20
1331 T 339893 15 339808 25 0 0 31 0 0 14
1332 T 358686 4 358620 29 1 0 18 0 0 14
1333 A 360996 360884 37 0 41 15 0 0 0 19
1334 T 357488 27 357371 37 0 0 24 0 0 29
1335 A 357219 357075 13 0 77 42 0 0 0 12
1336 A 345387 345243 19 10 80 15 0 0 0 20
1337 G 364454 26 37 6 364340 0 0 0 35 10
1338 G 376125 27 17 4 376027 0 0 0 34 16
1339 A 394136 393979 22 2 47 18 0 0 0 68
1340 T 349021 28 348883 55 3 0 18 0 0 34
1341 G 340796 33 24 7 340694 0 0 0 29 9
1342 A 328922 328774 25 2 62 36 0 0 0 23
1343 T 332374 30 332247 38 2 0 28 0 0 29
1344 G 322898 43 29 5 322782 0 0 0 22 17
1345 G 328411 38 16 7 328297 0 0 0 39 14
1346 A 309613 309457 21 3 71 41 0 0 0 20
1347 A 324748 324627 17 2 44 32 0 0 0 26
1348 G 327749 31 17 4 327666 0 0 0 17 14
1349 G 365576 39 15 8 365457 0 0 0 25 32
1350 T 355466 30 354852 57 22 0 9 0 0 496
1351 G 347771 150 42 13 347532 0 0 0 14 20
1352 C 347619 20 130 347406 41 0 0 10 0 12
1353 A 341483 341335 5 19 66 43 0 0 0 15
1354 A 341476 341390 8 0 45 21 0 0 0 12
1355 A 345886 345833 9 2 24 9 0 0 0 9
1356 A 351863 351647 19 34 29 18 0 0 0 116
1357 C 355559 13 21 355501 2 0 0 8 0 14
1358 C 338801 22 20 338727 7 0 0 10 0 15
1359 A 324314 324188 30 4 62 7 0 0 0 23
1360 G 330530 13 14 7 330471 0 0 0 14 11
1361 A 326652 326541 13 1 37 23 0 0 0 37
1362 A 335824 335724 15 2 41 28 0 0 0 14
1363 G 341528 21 16 4 341449 0 0 0 20 18
1364 A 335658 335562 15 3 33 30 0 0 0 15
1365 A 332614 332551 15 4 23 10 0 0 0 11
1366 A 332460 332387 11 1 42 3 0 0 0 16
1367 T 333097 24 333003 33 6 0 15 0 0 16
1368 G 335075 37 20 9 334985 0 0 0 3 21
1369 T 329144 34 329003 51 7 0 7 0 0 42
1370 C 332598 17 19 332516 7 0 0 23 0 16
1371 C 326082 13 36 325961 15 0 0 45 0 12
1372 T 329769 12 329661 45 2 0 35 0 0 14
1373 T 331597 36 331463 58 1 0 11 0 0 28
1374 C 332680 16 37 332598 9 0 0 13 0 7
1375 C 330639 37 38 330532 16 0 0 12 0 4
1376 A 325433 325136 29 30 178 27 0 1 0 32
1377 G 325758 67 41 8 325619 0 0 0 16 7
1378 G 322284 15 8 4 322224 0 0 0 16 17
1379 G 323957 39 13 5 323868 0 0 0 13 19
1380 G 302382 24 29 20 302287 0 0 0 15 7
1381 C 266629 28 64 266409 87 0 0 17 0 24
1382 G 263712 64 38 76 263504 0 0 0 23 7
1383 G 272126 34 36 8 272006 0 0 0 31 11
1384 G 271472 40 35 11 271355 0 0 0 4 27
1385 G 276416 94 12 15 276251 0 0 0 12 32
1386 A 252123 228974 16 1 92 5 0 0 2 23033
1387 G 248637 24 9 5 248557 0 0 0 22 20
1388 T 234642 8 223873 27 9 0 13 0 0 10712
1389 C 241074 13 15 240960 3 0 0 15 0 68
1390 T 231436 12 231315 45 2 0 15 0 0 47
1391 T 231728 16 231610 34 3 0 45 0 0 20
1392 C 232095 17 56 231644 7 0 1 15 0 355
1393 G 273114 52 20 8 272810 0 0 0 23 201
1394 A 269328 268765 8 3 36 7 0 0 0 509
1395 G 276229 19 18 3 276144 0 0 0 9 36
1396 C 256385 8 10 256286 8 0 0 13 0 60
1397 T 252927 11 252676 31 3 0 18 0 0 188
1398 C 246648 14 21 246576 4 0 0 16 0 17
1399 T 245354 11 245275 35 1 0 11 0 0 21
1400 C 248130 15 53 248021 7 0 0 13 0 21
1401 G 249726 44 25 4 249629 0 0 0 9 15
1402 G 274530 20 15 3 274469 0 0 0 16 7
1403 A 299137 298781 10 1 72 7 0 0 0 266
1404 C 311292 32 58 311160 4 0 0 15 0 23
1405 G 333096 61 19 26 332928 0 0 0 10 52
1406 A 360692 360518 19 1 75 39 0 0 0 40
1407 A 358618 358490 21 2 45 38 0 0 0 22
1408 A 362161 361993 15 11 55 64 0 0 0 23
1409 G 375627 38 49 7 375404 0 0 0 14 115
1410 G 377976 37 24 13 377841 0 0 0 31 30
1411 G 368759 39 17 9 368666 0 0 0 18 10
1412 C 373397 31 99 373162 17 0 0 35 0 53
1413 A 370118 369889 22 6 154 13 0 0 0 34
1414 G 377287 35 28 11 377185 0 0 0 12 16
1415 C 370213 29 117 370017 15 0 0 13 0 22
1416 G 400322 78 30 8 400149 0 0 0 24 33
1417 A 404065 403964 15 5 35 24 0 0 0 22
1418 A 406325 406021 17 6 43 42 0 0 0 196
1419 C 407707 15 47 407579 11 0 0 29 0 26
1420 C 405171 23 32 404998 14 0 0 76 0 28
1421 C 393646 40 56 393470 14 0 0 30 0 36
1422 G 392105 64 19 8 391942 0 0 0 32 40
1423 A 392443 392330 24 2 36 22 0 0 0 29
1424 T 393025 21 392915 38 0 0 17 0 0 34
1425 C 378095 17 53 377973 8 0 0 10 0 34
1426 G 369155 77 22 6 369021 0 0 0 12 17
1427 T 355754 15 355548 45 2 0 12 0 0 132
1428 G 339214 75 23 11 339066 0 0 0 10 29
1429 C 338863 22 55 338729 20 0 0 20 0 17
1430 C 340120 21 21 340034 3 0 0 25 0 16
1431 C 338622 35 27 338509 5 0 0 31 0 15
1432 T 326064 7 325952 49 6 0 11 0 0 39
1433 C 350969 13 29 350894 5 0 0 7 0 21
1434 T 345281 12 345084 140 5 0 9 0 0 31
1435 T 393900 5 393779 29 2 0 30 0 0 55
1436 T 353152 12 353078 23 3 0 20 0 0 16
1437 T 355935 16 355745 52 41 0 57 0 0 24
1438 G 352131 75 17 11 351998 0 0 0 15 15
1439 A 347657 347469 34 39 47 27 0 0 0 41
1440 C 358337 46 61 358183 5 0 0 20 0 22
1441 A 355227 355072 33 3 71 32 0 0 0 16
1442 T 311215 7 311118 47 8 0 14 0 0 21
1443 G 385216 51 19 7 385086 0 0 0 27 26
1444 A 380666 380490 26 1 81 25 0 0 0 43
1445 G 433593 35 19 12 433471 0 0 0 33 23
1446 T 435068 43 434658 44 18 0 13 0 0 292
1447 A 422021 421887 15 2 33 67 0 0 0 17
1448 A 427294 427196 29 0 38 22 0 0 0 9
1449 T 424811 25 424624 38 7 0 88 0 0 29
1450 G 425522 42 24 9 425354 0 0 0 56 37
1451 A 405486 405342 41 3 38 33 0 0 0 29
1452 A 376062 375893 23 5 61 32 0 0 0 48
1453 G 374411 30 33 8 374292 0 0 0 30 18
1454 G 341472 16 28 7 341384 0 0 0 14 23
1455 A 337447 337331 24 1 37 15 0 0 0 39
1456 T 342248 20 342143 41 0 0 15 0 0 29
1457 C 339738 10 19 339652 7 0 0 33 0 17
1458 T 333826 21 333722 31 1 0 36 0 0 15
1459 T 336815 11 336719 45 0 0 17 0 0 23
1460 A 337381 337295 19 1 28 20 0 0 0 18
1461 T 337214 14 337151 31 1 0 7 0 0 10
1462 T 335854 12 335771 33 1 0 13 0 0 24
1463 T 333041 16 332958 46 1 0 9 0 0 11
1464 C 332432 11 19 332340 7 0 0 6 0 49
1465 T 319139 8 319055 44 8 0 10 0 0 14
1466 T 316687 21 316589 26 3 0 35 0 0 13
1467 C 314510 25 39 314393 3 0 0 32 0 18
1468 G 312448 48 30 10 312333 0 0 0 14 13
1469 G 314846 29 25 5 314754 0 0 0 17 16
1470 A 315971 315846 16 0 65 4 0 0 0 40
1471 G 322783 24 13 11 322709 0 0 0 7 19
1472 A 321878 321719 30 4 50 12 0 0 0 63
1473 C 329844 10 37 329746 9 0 0 30 0 12
1474 A 322538 322423 18 4 45 20 0 0 0 28
1475 A 356461 356368 24 2 29 30 0 0 0 8
1476 T 369249 27 369089 55 3 0 41 0 0 34
1477 G 393976 53 28 11 393816 0 0 0 45 23
1478 C 406496 37 89 406305 15 0 0 30 0 20
1479 A 394096 393855 20 10 93 93 0 0 0 25
1480 G 397663 31 26 13 397578 0 0 0 2 13
1481 A 417817 417635 19 2 53 41 0 0 0 67
1482 G 362791 28 23 6 362710 0 0 0 12 12
1483 G 384538 37 26 8 384421 0 0 0 40 6
1484 A 323716 323595 16 6 49 13 0 0 0 37
1485 G 330886 22 15 5 330814 0 0 0 21 9
1486 T 318184 23 317559 36 2 0 33 0 0 531
1487 A 313914 313766 15 6 34 58 0 0 0 35
1488 C 314531 17 76 314390 9 0 0 12 0 27
1489 G 301188 47 15 8 301068 0 0 0 33 17
1490 A 300820 300682 24 4 41 21 0 0 0 48
1491 C 291492 13 24 291393 8 0 0 27 0 27
1492 A 243179 243110 7 1 22 24 0 0 0 15
1493 A 243625 243566 14 0 13 16 0 0 0 16
1494 T 228448 11 228371 22 2 0 3 0 0 39