# nucleotide counts
# upper case indicates nucleotide called by both reads
# lower case indicates nucleotide called by one read with other ambiguous
# N indicates disagreement between reads, or both ambiguous
# POSITION WT COUNTS A T C G a t c g N
1 A 310891 310818 13 0 37 5 0 0 0 18
2 T 311929 16 311782 37 4 0 0 0 0 90
3 G 312633 27 27 11 312520 0 0 0 7 41
4 A 313790 313647 13 4 31 2 0 0 0 93
5 A 317102 317007 12 5 38 9 0 0 0 31
6 G 325579 33 23 2 325448 0 0 0 11 62
7 G 326346 44 35 11 326100 0 0 0 4 152
8 C 335164 32 28 335033 24 0 0 7 0 40
9 A 334709 334595 19 3 41 6 0 0 0 45
10 A 341122 341050 10 1 32 8 0 0 0 21
11 A 343541 343484 6 0 27 8 0 0 0 16
12 A 347806 347559 16 11 34 2 0 0 0 184
13 C 358103 13 14 357993 6 0 0 15 0 62
14 T 367465 11 367349 35 0 0 6 0 0 64
15 A 367234 366901 31 6 32 3 0 0 0 261
16 C 386384 27 22 386279 7 0 0 10 0 39
17 T 397079 46 396926 43 7 0 7 0 0 50
18 G 407804 40 46 12 407646 0 0 0 17 43
19 G 457894 42 24 16 457680 0 0 0 26 106
20 T 514993 54 514276 72 16 0 15 0 0 560
21 C 521244 38 54 521028 23 0 0 17 0 84
22 C 570774 48 50 570599 21 0 0 25 0 31
23 T 568571 24 568165 191 92 0 8 0 0 91
24 G 737186 102 73 25 736808 0 0 0 62 116
25 T 726559 58 726261 69 27 0 29 0 0 115
26 T 740343 30 740179 52 11 0 21 0 0 50
27 A 747963 747684 62 2 69 40 0 0 0 106
28 T 668929 53 668755 60 10 0 5 0 0 46
29 A 678893 678670 53 9 55 43 0 0 0 63
30 T 668628 58 668388 102 8 0 9 0 0 63
31 G 670149 102 98 38 669853 0 0 0 17 41
32 C 685672 72 120 685245 36 0 0 28 0 171
33 A 618111 617933 15 22 68 5 0 0 0 68
34 T 611220 52 611039 45 5 0 13 0 0 66
35 T 608851 21 608662 109 7 0 9 0 0 43
36 T 611232 31 611043 63 3 0 3 0 0 89
37 G 612224 38 40 19 612049 0 0 0 13 65
38 T 613695 64 613368 57 5 0 3 0 0 198
39 A 614198 614015 19 3 88 16 0 0 0 57
40 G 615417 35 60 17 615116 0 0 0 17 172
41 C 615978 51 26 615770 13 0 0 15 0 103
42 T 611064 22 610840 72 2 0 9 0 0 119
43 A 616329 616078 54 5 53 8 0 0 0 131
44 C 608291 32 64 608132 15 0 0 12 0 36
45 A 605482 605270 29 8 118 18 0 0 0 39
46 G 613024 120 28 11 612799 0 0 0 13 53
47 A 618967 618742 28 3 43 13 0 0 0 138
48 T 622041 26 621787 89 5 0 16 0 0 118
49 G 619870 94 60 15 619616 0 0 0 16 69
50 C 615483 80 86 615232 22 0 0 6 0 57
51 A 614338 614058 43 11 145 12 0 0 0 69
52 G 624872 33 41 30 624651 0 0 0 7 110
53 A 622572 622269 49 16 70 13 0 0 0 155
54 C 630119 40 61 629888 23 0 0 15 0 92
55 A 618171 617706 73 10 80 13 0 0 0 289
56 C 733304 62 84 733005 16 1 0 37 0 99
57 A 736329 736017 36 41 137 29 0 0 0 69
58 A 751247 751077 38 8 64 14 0 0 0 46
59 T 742247 55 741956 57 63 0 25 0 1 90
60 A 821125 820831 43 6 66 55 0 0 0 124
61 T 836599 56 836249 92 42 0 44 0 0 116
62 G 886218 114 60 24 885859 0 0 0 33 128
63 T 863517 94 862881 117 9 0 37 0 0 379
64 A 890650 890275 78 10 113 33 0 0 0 141
65 T 835971 87 835572 96 22 0 55 0 0 139
66 A 828001 827637 76 44 158 15 0 0 0 71
67 G 823030 62 109 28 822674 0 0 0 52 105
68 G 749808 48 88 23 749512 0 0 0 34 103
69 C 718786 98 48 718444 33 0 0 28 0 135
70 T 711895 21 711578 104 2 0 22 0 0 168
71 A 657841 656144 60 26 72 12 0 0 0 1527
72 C 661236 32 70 661065 29 0 0 6 0 34
73 C 643565 54 62 643379 15 0 0 12 0 43
74 A 646083 645847 37 6 67 9 0 0 0 117
75 T 642494 38 642223 90 7 0 6 0 0 130
76 G 644290 59 56 12 643953 0 0 0 14 196
77 C 672452 87 100 672126 53 0 0 12 0 74
78 G 677671 123 61 36 677316 0 0 0 15 120
79 A 690113 689893 52 2 60 11 0 0 0 95
80 A 687016 686643 57 2 70 17 0 0 0 227
81 C 695626 32 64 695387 12 0 0 22 0 109
82 A 690701 690549 14 7 58 6 0 0 0 67
83 A 703001 702211 51 3 46 23 0 0 0 667
84 C 705601 25 33 705351 7 0 0 13 0 172
85 T 706434 57 705916 104 6 0 14 0 0 337
86 C 711383 86 57 711056 20 0 0 26 0 138
87 A 720178 719994 11 10 78 6 0 0 0 79
88 A 722748 721955 40 7 77 13 0 0 0 656
89 C 739523 26 76 739360 14 0 0 12 0 35
90 C 726947 65 105 726577 18 0 0 22 0 160
91 G 728560 141 94 21 728218 0 0 0 18 68
92 A 714262 713926 53 11 57 7 0 0 0 208
93 C 716118 48 72 715925 16 0 0 21 0 36
94 A 717168 716675 53 6 75 15 0 0 0 344
95 C 736549 28 45 736380 7 0 0 30 0 59
96 T 697538 40 697216 122 16 0 14 0 0 130
97 G 875242 106 59 27 874905 0 0 0 30 115
98 T 869455 77 869132 88 20 0 15 0 0 123
99 T 873356 53 873011 156 12 0 32 0 0 92
100 G 872655 116 69 25 872321 0 0 0 52 72
101 A 859846 859346 106 34 109 19 0 0 0 232
102 C 878157 65 148 877851 24 0 0 24 0 45
103 A 849038 848432 85 16 125 19 0 0 0 361
104 C 834013 40 78 833725 19 0 0 78 0 73
105 A 643853 643546 43 93 94 16 0 0 0 61
106 A 635194 634962 77 20 70 18 0 0 0 47
107 T 643880 45 643643 64 44 0 17 0 0 67
108 A 658655 657631 61 8 73 9 0 0 0 873
109 C 634624 31 50 634421 19 0 0 23 0 80
110 T 616550 51 616305 84 6 0 8 0 0 96
111 C 576273 77 107 575979 20 0 0 14 0 76
112 G 583748 89 68 18 583525 0 0 0 10 38
113 A 576200 575983 49 6 88 3 0 0 0 71
114 G 582762 36 34 14 582588 0 0 0 20 70
115 A 568965 568781 17 5 54 3 0 0 0 105
116 A 568494 568348 22 1 66 19 0 0 0 38
117 G 577346 37 29 16 577020 0 0 0 10 234
118 A 570292 570145 36 5 52 16 0 0 0 38
119 A 575973 575851 24 1 46 15 0 0 0 36
120 T 568140 34 567977 59 3 0 11 0 0 56
121 G 566141 69 30 11 565994 0 0 0 12 25
122 T 561954 65 561545 59 8 0 9 0 0 268
123 G 563779 76 42 17 563560 0 0 0 10 74
124 G 591803 59 1626 24 590026 0 0 0 27 41
125 C 595827 93 123 595414 29 0 0 17 0 151
126 A 575691 575479 31 17 91 7 0 0 0 66
127 G 576534 52 47 1629 574726 0 0 0 12 68
128 T 566510 42 565672 74 20 0 11 0 0 691
129 G 594278 86 49 18 594032 0 0 0 9 84
130 A 577423 575352 75 1732 61 10 0 0 0 193
131 C 583220 23 77 583035 17 0 0 2 0 66
132 A 566161 565413 59 9 79 17 0 0 0 584
133 C 569115 27 47 568945 23 0 0 8 0 65
134 A 574729 574446 28 31 73 13 0 0 0 138
135 T 565333 46 565166 58 5 0 14 0 0 44
136 T 536355 39 536141 62 46 0 13 0 0 54
137 C 634346 58 62 633968 14 0 1 52 0 191
138 T 596735 30 596473 122 17 0 17 0 0 76
139 G 599034 61 39 14 598828 0 0 0 11 81
140 T 605880 45 605595 61 17 0 48 0 0 114
141 T 586038 52 585864 59 6 0 9 0 0 48
142 A 578046 577802 50 11 68 38 0 0 0 77
143 A 576441 575599 43 14 42 13 0 0 0 730
144 C 483878 27 29 483742 6 0 0 18 0 56
145 C 480927 39 48 480645 6 0 0 41 0 148
146 T 345902 19 345682 88 9 0 5 0 0 99
147 G 382680 43 42 19 382467 0 0 0 8 101
148 C 460930 44 31 460728 35 0 0 14 0 78
149 T 462416 25 461957 62 3 0 9 0 0 360
150 C 454948 66 71 454687 39 0 0 9 0 76
151 G 450542 60 74 15 450283 0 0 0 14 96
152 A 456723 456532 25 6 83 12 0 0 0 65
153 A 457893 457725 42 4 65 8 0 0 0 49
154 G 497138 36 29 45 496875 0 0 0 9 144
155 A 485119 484546 36 2 61 16 0 0 0 458
156 C 498682 28 63 498538 18 0 0 8 0 27
157 A 507490 507233 75 9 100 6 0 0 0 67
158 G 506615 66 55 19 506417 0 0 0 17 41
159 C 525248 53 95 524989 30 0 0 13 0 68
160 C 521275 41 52 521103 17 0 0 6 0 56
161 A 518570 518287 41 17 51 7 0 0 0 167
162 C 530219 35 42 530080 14 0 0 12 0 36
163 A 527925 527788 21 6 74 10 0 0 0 26
164 A 558628 558376 33 5 72 8 0 0 0 134
165 C 556441 24 72 556119 16 0 0 9 0 201
166 G 539400 90 67 10 539160 0 0 0 16 57
167 G 537151 50 34 23 536952 0 0 0 31 61
168 G 532329 44 38 15 532143 0 0 0 6 83
169 A 533971 533787 19 3 75 10 0 0 0 77
170 A 533287 533146 29 3 60 13 0 0 0 36
171 A 528984 528724 45 31 55 15 0 0 0 114
172 C 532609 34 32 532453 8 0 0 25 0 57
173 T 487071 13 486914 100 6 0 6 0 0 32
174 A 493082 492869 54 2 44 15 0 0 0 98
175 T 481228 36 481027 52 19 0 10 0 0 84
176 G 480018 58 34 6 479876 0 0 0 6 38
177 T 479463 57 479111 46 13 0 10 0 0 226
178 A 441112 441000 18 7 55 6 0 0 0 26
179 A 446089 445981 15 6 41 7 0 0 0 39
180 A 443853 443747 19 3 35 7 0 0 0 42
181 T 440766 36 440642 42 4 0 12 0 0 30
182 T 434507 31 434389 30 4 0 17 0 0 36
183 A 414666 414504 74 12 43 10 0 0 0 23
184 A 415407 415314 23 2 39 5 0 0 0 24
185 A 415774 415694 8 4 40 11 0 0 0 17
186 A 314038 313749 9 11 238 7 0 0 0 24
187 G 325526 28 27 10 325424 0 0 0 6 31
188 G 348794 39 36 13 348643 0 0 0 16 47
189 A 343904 343794 23 3 47 7 0 0 0 30
190 A 343676 343570 29 1 41 10 0 0 0 25
191 T 379971 63 379808 29 1 0 10 0 0 60
192 A 396165 395973 24 4 97 14 0 0 0 53
193 G 406057 49 62 30 405798 0 0 0 24 94
194 C 424474 43 36 424324 32 0 0 8 0 31
195 C 422124 47 30 421974 20 0 0 15 0 38
196 C 383608 64 31 383420 17 0 0 16 0 60
197 C 390737 54 23 390591 20 0 0 17 0 32
198 A 392770 392272 34 16 62 3 0 0 0 383
199 C 418016 24 22 417923 6 0 0 17 0 24
200 T 416849 19 416693 77 6 0 13 0 0 41
201 A 414929 414614 36 8 44 8 0 0 0 219
202 C 434159 43 44 433997 5 0 0 13 0 57
203 A 430860 430752 15 15 45 4 0 0 0 29
204 A 439974 439840 22 3 40 16 0 0 0 53
205 T 422965 31 422826 36 2 0 15 0 0 55
206 T 402320 13 402189 46 8 0 7 0 0 57
207 G 407680 35 56 19 407513 0 0 0 17 40
208 G 390816 31 64 14 390678 0 0 0 2 27
209 G 401210 47 37 16 401055 0 0 0 6 49
210 G 399281 60 38 11 399130 0 0 0 11 31
211 A 393272 393094 20 3 31 6 0 0 0 118
212 A 396580 396430 16 0 69 2 0 0 0 63
213 A 394499 394373 31 1 49 16 0 0 0 29
214 T 412537 20 412436 42 7 0 6 0 0 26
215 G 409452 50 45 16 409309 0 0 0 4 28
216 T 416853 34 416409 64 17 0 11 0 0 318
217 A 421516 421383 16 3 73 14 0 0 0 27
218 A 422983 422795 28 6 50 7 0 0 0 97
219 C 428692 21 42 428581 9 0 0 8 0 31
220 A 426453 426318 17 4 55 8 0 0 0 51
221 T 444999 27 444784 43 2 0 16 0 0 127
222 C 447366 37 40 447221 8 0 0 11 0 49
223 A 436720 436096 29 10 50 7 0 0 0 528
224 C 444088 21 43 443962 13 0 0 16 0 33
225 C 441567 52 76 441359 27 0 0 5 0 48
226 G 458799 94 43 13 458587 0 0 0 21 41
227 G 459860 38 46 9 459708 0 0 0 8 51
228 A 455211 455035 36 11 73 5 0 0 0 51
229 T 448061 29 447850 47 2 0 19 0 0 114
230 G 432872 39 45 8 432755 0 0 0 4 21
231 G 469014 53 44 18 468780 0 0 0 16 103
232 C 498292 50 35 498076 39 0 0 18 0 74
233 T 500912 29 500677 83 5 0 13 0 0 105
234 C 510140 45 45 509955 11 0 0 27 0 57
235 T 489384 20 489227 83 6 0 12 0 0 36
236 T 472728 15 472598 67 11 0 11 0 0 26
237 G 447324 46 47 9 447178 0 0 0 10 34
238 G 447727 46 37 16 447589 0 0 0 9 30
239 G 609265 63 59 17 609015 0 0 0 29 82
240 A 551960 551682 31 16 101 18 0 0 0 112
241 A 527310 527149 13 10 64 10 0 0 0 64
242 A 545246 545078 31 2 46 20 0 0 0 69
243 T 543226 41 542968 74 7 0 10 0 0 126
244 C 580425 52 47 580271 9 0 0 15 0 31
245 C 576795 58 65 576600 23 0 0 9 0 40
246 A 558037 557789 24 20 158 3 0 0 0 43
247 G 583540 47 54 18 583345 0 0 0 14 62
248 A 565792 565668 23 5 58 6 0 0 0 32
249 A 593714 593549 22 2 46 16 0 0 0 79
250 T 602024 21 601822 68 6 0 11 0 0 96
251 G 600615 44 61 24 600420 0 0 0 8 58
252 C 597092 78 204 596671 33 0 0 28 0 78
253 G 596405 86 62 17 596173 0 0 0 8 59
254 A 606670 605973 56 6 75 24 0 0 0 536
255 C 611815 34 36 611672 13 0 0 14 0 46
256 T 604997 52 604783 59 8 0 14 0 0 81
257 C 616038 86 58 615761 20 0 0 17 0 96
258 A 603587 603039 51 13 73 20 0 0 0 391
259 C 605328 27 38 605085 14 0 0 12 0 152
260 T 598010 44 597741 94 6 0 14 0 0 111
261 G 597670 103 70 18 597375 0 0 0 18 86
262 C 573185 53 34 572987 15 0 0 5 0 91
263 T 561850 10 561706 81 3 0 16 0 0 34
264 T 562350 49 562097 80 4 0 16 0 0 104
265 C 553948 60 28 553784 18 0 0 11 0 47
266 C 552118 57 69 551915 21 0 0 20 0 36
267 A 543182 542984 22 10 107 8 0 0 0 51
268 G 538563 28 52 15 538421 0 0 0 14 33
269 C 542257 54 121 542020 15 0 0 11 0 36
270 G 483046 59 60 15 482849 0 0 0 6 57
271 A 462810 462637 26 3 49 6 0 0 0 89
272 G 466262 31 34 12 466147 0 0 0 8 30
273 A 464408 464246 33 3 49 5 0 0 0 72
274 T 471073 22 470949 48 3 0 2 0 0 49
275 C 441346 34 44 441219 9 0 0 5 0 35
276 A 438604 438416 51 5 87 7 0 0 0 38
277 T 442825 29 442651 49 3 0 8 0 0 85
278 G 474907 40 43 12 474787 0 0 0 8 17
279 G 596921 72 24 19 596573 0 0 0 46 187
280 T 487559 44 487089 60 11 0 21 0 0 334
281 C 466673 29 51 466502 24 0 0 10 0 57
282 C 465756 43 48 465572 13 0 0 42 0 38
283 T 544721 31 544494 118 17 0 11 0 0 50
284 A 579990 579542 53 6 92 66 0 0 0 231
285 C 583863 48 73 583654 18 0 0 13 0 57
286 A 597294 597142 29 8 55 21 0 0 0 39
287 T 611582 39 611277 58 3 0 38 0 0 167
288 T 537620 16 537479 87 5 0 9 0 0 24
289 G 556566 51 44 9 556394 0 0 0 18 50
290 T 556957 65 556700 65 10 0 9 0 0 108
291 A 557222 557066 18 7 86 5 0 0 0 40
292 G 559476 42 49 15 559304 0 0 0 13 53
293 A 536068 535929 23 14 52 7 0 0 0 43
294 A 575667 575515 14 4 75 13 0 0 0 46
295 A 577307 577119 24 18 56 6 0 0 0 84
296 C 583589 26 61 583439 11 0 0 4 0 48
297 A 587150 586128 61 13 70 15 0 0 0 863
298 C 582504 35 37 582371 7 0 0 11 0 43
299 C 575825 62 48 575669 9 0 0 7 0 30
300 A 577936 577795 17 6 60 23 0 0 0 35
301 A 595530 595380 5 3 42 11 0 0 0 89
302 A 603896 603480 10 23 47 13 0 0 0 323
303 C 606730 23 27 606580 9 0 0 17 0 74
304 T 620845 17 620539 73 9 0 16 0 0 191
305 C 622336 67 30 622152 17 0 0 25 0 45
306 T 617261 31 616994 131 9 0 6 0 0 90
307 G 623030 70 72 14 622762 0 0 0 16 96
308 A 624053 623772 47 3 143 22 0 0 0 66
309 G 653836 42 46 19 653637 0 0 0 12 80
310 A 648568 648382 28 7 77 19 0 0 0 55
311 A 633739 633562 36 2 78 8 0 0 0 53
312 T 633212 39 632979 61 13 0 13 0 0 107
313 G 646989 62 69 20 646773 0 0 0 16 49
314 G 659477 62 72 16 659227 0 0 0 13 87
315 A 652329 651990 43 14 126 9 0 0 0 147
316 G 654793 63 76 27 654543 0 0 0 11 73
317 C 651812 88 95 651476 41 0 0 13 0 99
318 A 672058 671805 34 21 65 15 0 0 0 118
319 T 673419 39 673228 84 7 0 8 0 0 53
320 G 665883 65 39 14 665719 0 0 0 10 36
321 T 668872 72 668520 67 14 0 48 0 0 151
322 T 635599 29 635433 72 12 0 9 0 0 44
323 A 674184 673895 48 22 68 35 0 0 0 116
324 T 672436 58 672136 84 5 0 41 0 0 112
325 C 665878 71 29 665704 22 0 1 21 0 30
326 C 659963 62 112 659624 30 0 0 59 0 76
327 A 565124 564859 39 29 136 2 0 0 0 59
328 G 438782 55 49 15 438609 0 0 0 26 28
329 G 438439 35 54 14 438281 0 0 0 9 46
330 A 423257 423084 31 5 66 6 0 0 0 65
331 G 464943 35 23 14 464797 0 0 0 18 56
332 A 445036 444859 36 2 54 1 0 0 0 84
333 T 479959 16 479749 55 15 0 10 0 0 114
334 C 516173 42 23 516017 8 0 0 15 0 68
335 T 511875 44 511662 88 9 0 7 0 0 65
336 C 515090 54 55 514909 19 0 0 13 0 40
337 A 516267 516089 34 3 63 10 0 0 0 68
338 T 505316 41 505146 40 3 0 3 0 0 83
339 C 524023 66 70 523794 16 0 0 22 0 55
340 G 536222 101 43 13 536017 0 0 0 12 36
341 A 581816 581298 56 10 61 19 0 0 0 372
342 C 592796 28 43 592601 25 0 0 17 0 82
343 T 577504 17 577341 61 12 0 9 0 0 64
344 A 615534 615330 52 7 54 30 0 0 0 61
345 T 603688 61 603484 71 9 0 15 0 0 48
346 G 606526 66 107 32 606223 0 0 0 24 74
347 A 604558 604308 33 11 121 20 0 0 0 65
348 G 606838 55 57 18 606613 0 0 0 9 86
349 G 613777 42 47 12 613559 0 0 0 26 91
350 A 594720 594520 38 9 47 15 0 0 0 91
351 A 586795 586449 38 3 68 8 0 0 0 229
352 C 579369 30 34 579198 12 0 0 32 0 63
353 T 552168 10 551885 112 8 0 7 0 0 146
354 G 548680 56 73 13 548484 0 0 0 6 48
355 A 545167 544903 27 9 104 27 0 0 0 97
356 G 542781 33 85 11 542593 0 0 0 13 46
357 G 542468 42 60 24 542279 0 0 0 15 48
358 G 515828 118 52 24 515546 0 0 0 12 76
359 A 509079 508725 14 4 97 12 0 0 0 227
360 G 507139 52 40 19 506942 0 0 0 13 73
361 C 505017 61 141 504710 19 0 0 21 0 65
362 A 490330 490185 26 4 52 9 0 0 0 54
363 A 484269 484138 29 5 35 13 0 0 0 49
364 T 482869 22 482733 41 2 0 15 0 0 56
365 T 475811 37 475671 58 4 0 10 0 0 31
366 G 476882 57 52 15 476691 0 0 0 27 40
367 A 400955 400791 14 6 73 2 0 0 0 69
368 G 421517 40 36 23 421354 0 0 0 16 48
369 C 417292 42 29 417121 14 0 0 8 0 78
370 T 386189 21 386011 70 5 0 4 0 0 78
371 C 399567 60 52 399364 13 0 0 12 0 66
372 A 319550 319385 35 7 52 7 0 0 0 64
373 G 405729 31 27 6 405580 0 0 0 19 66
374 T 423023 36 422721 40 3 0 17 0 0 206
375 A 412841 412715 29 0 39 3 0 0 0 55
376 T 411908 20 411762 38 3 0 30 0 0 55
377 C 394481 47 40 394328 12 0 0 13 0 41
378 A 408007 407839 34 5 66 16 0 0 0 47
379 T 436013 41 435800 40 4 0 24 0 0 104
380 C 435556 32 47 435418 19 0 0 13 0 27
381 A 444799 444611 46 12 37 20 0 0 0 73
382 T 386907 30 386758 60 17 0 15 0 0 27
383 T 396976 12 396880 44 1 0 6 0 0 33
384 A 394703 394568 29 5 73 6 0 0 0 22
385 G 432829 29 42 16 432700 0 0 0 8 34
386 A 433788 433641 26 5 58 6 0 0 0 52
387 A 448583 448463 13 2 55 10 0 0 0 40
388 A 419104 418964 20 16 49 8 0 0 0 47
389 G 419235 15 30 15 419132 0 0 0 11 32
390 A 435583 435457 29 1 39 4 0 0 0 53
391 T 438109 20 437963 45 1 0 2 0 0 78
392 T 458659 34 458557 23 1 0 9 0 0 35
393 C 452915 59 62 452726 18 0 0 4 0 46
394 G 453048 70 45 16 452852 0 0 0 10 55
395 A 458535 458402 23 2 59 12 0 0 0 37
396 A 458676 458557 24 1 55 5 0 0 0 34
397 A 465194 465093 19 1 39 7 0 0 0 35
398 T 459244 20 459115 43 1 0 5 0 0 60
399 A 457177 457025 17 0 34 6 0 0 0 95
400 T 472672 29 472532 52 3 0 15 0 0 41
401 T 472286 41 472033 58 1 0 5 0 0 148
402 T 475107 42 474872 67 3 0 10 0 0 113
403 C 480726 45 61 480525 17 0 0 11 0 67
404 C 476789 43 44 476642 19 0 0 9 0 32
405 C 482651 54 47 482461 18 0 0 17 0 54
406 A 481771 481632 25 11 68 11 0 0 0 24
407 A 472034 471841 27 3 78 6 0 0 0 79
408 G 516447 41 40 12 516285 0 0 0 17 52
409 G 517156 43 44 15 517002 0 0 0 9 43
410 A 508373 508178 36 9 73 11 0 0 0 66
411 A 509194 509061 16 2 70 14 0 0 0 31
412 A 476966 476803 7 3 98 9 0 0 0 46
413 G 540009 40 30 4 539834 0 0 0 34 67
414 T 550347 32 549953 66 23 0 14 0 0 259
415 T 545239 26 545099 55 4 0 9 0 0 46
416 C 546326 43 82 546090 22 0 0 22 0 67
417 A 486250 486051 28 40 86 1 0 0 0 44
418 T 510818 70 510575 75 8 0 20 0 0 70
419 G 516396 57 54 12 516210 0 0 0 12 51
420 G 467113 56 47 25 466827 0 0 0 11 147
421 C 471557 38 57 471317 50 0 0 11 0 84
422 C 364468 34 43 364349 12 0 0 6 0 24
423 C 367270 51 51 367102 10 1 0 10 0 45
424 A 362172 362067 13 7 46 12 0 0 0 27
425 A 379731 379503 18 11 38 12 0 0 0 149
426 C 386003 30 24 385899 10 0 0 8 0 32
427 C 384852 33 31 384744 10 0 0 10 0 24
428 A 350503 350133 41 13 23 5 0 0 0 288
429 C 334029 15 32 333944 9 0 0 9 0 20
430 A 330182 329879 17 5 45 14 0 0 0 222
431 C 331804 16 37 331708 8 0 0 2 0 33
432 A 332219 332131 17 4 36 2 0 0 0 29
433 T 332112 17 332020 31 0 0 8 0 0 36
434 T 324635 12 324540 40 2 0 9 0 0 32
435 C 326731 31 37 326625 4 0 0 8 0 26
436 A 323748 323613 12 5 49 2 0 0 0 67
437 A 325342 325229 17 6 38 11 0 0 0 41
438 C 317174 16 72 317034 8 0 0 4 0 40
439 G 306800 41 29 11 306688 0 0 0 6 25
440 G 315062 25 40 8 314934 0 0 0 10 45
441 A 307133 306955 21 2 48 9 0 0 0 98
442 G 309777 28 13 5 309702 0 0 0 4 25
443 T 311402 15 310533 33 7 0 13 0 0 801
444 A 303074 303030 7 3 20 1 0 0 0 13
445 A 317025 316914 29 4 25 8 0 0 0 45
446 C 309788 14 28 309692 11 0 0 11 0 32
447 A 326236 326097 24 10 71 6 0 0 0 28
448 G 337344 30 20 10 337213 0 0 0 19 52
449 T 296871 16 296573 52 7 0 7 0 0 216
450 A 306507 306377 35 2 36 16 0 0 0 41
451 T 327678 28 327528 35 21 0 14 0 0 52
452 C 321195 36 35 321098 5 0 0 2 0 19
453 A 321668 321495 26 2 73 21 0 0 0 51
454 T 308038 29 307916 48 1 0 10 0 0 34
455 G 300572 42 32 19 300442 0 0 0 5 32
456 C 302734 27 24 302632 5 0 0 14 0 32
457 T 289836 14 289656 58 3 0 8 0 0 97
458 C 314042 31 45 313911 6 0 0 13 0 36
459 C 303223 27 19 303139 14 0 0 3 0 21
460 C 305262 45 37 305151 5 0 0 6 0 18
461 A 327711 327573 37 28 31 16 0 0 0 26
462 T 310130 48 309983 29 1 0 1 0 0 68
463 A 306137 305989 47 1 69 9 0 0 0 22
464 G 327173 57 53 10 327024 0 0 0 8 21
465 G 332071 20 33 16 331948 0 0 0 12 42
466 G 336208 28 31 14 336088 0 0 0 15 32
467 G 329597 25 22 14 329490 0 0 0 6 40
468 A 328981 328802 12 3 101 2 0 0 0 61
469 A 328232 328139 13 2 44 9 0 0 0 25
470 A 343051 342977 14 5 21 5 0 0 0 29
471 A 347682 347558 31 5 25 6 0 0 0 57
472 A 347590 347391 13 3 142 6 0 0 0 35
473 G 347878 38 34 50 347732 0 0 0 3 21
474 C 356338 58 56 356126 28 0 0 13 0 57
475 A 357206 357057 15 15 53 6 0 0 0 60
476 G 398391 25 28 4 398304 0 0 0 5 25
477 T 397456 26 397252 29 22 0 4 0 0 123
478 T 397818 24 397700 34 1 0 12 0 0 47
479 T 395936 12 395863 25 3 0 11 0 0 22
480 T 393060 18 392963 37 2 0 8 0 0 32
481 T 409242 10 409155 36 0 0 5 0 0 36
482 A 408728 408507 25 13 42 4 0 0 0 137
483 C 409538 33 64 409375 14 0 0 12 0 40
484 A 402076 401872 24 4 118 3 0 0 0 55
485 G 415559 35 27 7 415436 0 0 0 10 44
486 A 413692 413559 25 1 35 3 0 0 0 69
487 A 431867 431745 8 2 47 10 0 0 0 55
488 A 433122 432997 20 1 33 18 0 0 0 53
489 T 396337 24 396238 38 3 0 3 0 0 31
490 T 397624 12 397541 24 6 0 10 0 0 31
491 T 403228 16 403114 42 12 0 8 0 0 36
492 G 404529 34 65 18 404345 0 0 0 20 47
493 C 404013 31 74 403839 16 0 0 7 0 46
494 T 374086 11 373951 46 0 0 15 0 0 63
495 A 359760 359640 25 7 29 5 0 0 0 54
496 T 366809 26 366680 36 5 0 6 0 0 56
497 G 353899 44 26 15 353760 0 0 0 17 37
498 G 360144 38 37 21 360012 0 0 0 15 21
499 C 337477 32 34 337340 16 0 0 12 0 43
500 T 322971 12 322875 33 8 0 9 0 0 34
501 G 341405 41 35 8 341257 0 0 0 11 53
502 A 342556 342403 17 6 37 11 0 0 0 82
503 C 334150 19 78 333984 22 0 0 11 0 36
504 G 343465 33 23 8 343361 0 0 0 5 35
505 A 339701 339562 14 2 37 10 0 0 0 76
506 A 336174 336024 23 5 68 14 0 0 0 40
507 G 283927 44 18 9 283815 0 0 0 11 30
508 A 282162 282062 13 0 42 11 0 0 0 34
509 A 294537 294419 20 1 65 8 0 0 0 24
510 G 305769 79 39 4 305606 0 0 0 10 31
511 G 307262 29 52 6 307152 0 0 0 6 17
512 G 306491 30 44 10 306376 0 0 0 11 20
513 G 292503 31 37 11 292391 0 0 0 8 25
514 G 296670 61 31 11 296514 0 0 0 5 48
515 A 290096 289751 22 0 46 15 0 0 0 262
516 T 305697 22 305547 29 1 0 9 0 0 89
517 T 312853 18 312747 42 2 0 3 0 0 41
518 C 313067 32 38 312936 12 0 0 6 0 43
519 A 316105 315974 19 5 50 5 0 0 0 52
520 T 314620 25 314519 39 2 0 2 0 0 33
521 A 329706 329171 18 1 48 15 0 0 0 453
522 C 333010 32 25 332920 4 0 0 3 0 26
523 C 326053 39 28 325953 8 0 0 8 0 17
524 C 322848 42 33 322713 9 0 0 17 0 34
525 A 300130 300037 10 13 28 2 0 0 0 40
526 A 377336 377236 17 1 33 11 0 0 0 38
527 A 378926 378805 17 7 45 8 0 0 0 44
528 G 389274 19 41 13 389141 0 0 0 10 50
529 C 392400 47 24 392232 11 0 0 16 0 70
530 T 364849 9 364710 56 9 0 3 0 0 62
531 G 437111 59 51 14 436920 0 0 0 8 59
532 A 441859 441439 50 1 48 4 0 0 0 317
533 C 497796 32 58 497638 17 0 0 7 0 44
534 C 494909 59 54 494696 21 0 0 13 0 66
535 A 487800 487654 27 7 61 9 0 0 0 42
536 A 552366 552189 27 3 47 33 0 0 0 67
537 T 557097 30 556929 61 5 0 17 0 0 55
538 T 565559 41 565328 76 2 0 7 0 0 105
539 C 570630 34 42 570462 22 0 0 23 0 47
540 C 550499 50 36 550366 18 0 0 7 0 22
541 T 555560 16 555342 127 3 0 18 0 0 54
542 A 555861 555718 23 5 58 13 0 0 0 44
543 T 571408 42 571214 65 5 0 13 0 0 69
544 G 602724 74 36 16 602473 0 0 0 23 102
545 T 552197 64 551795 96 13 0 5 0 0 224
546 G 553767 66 49 26 553465 0 0 0 13 148
547 A 550451 550283 31 4 79 12 0 0 0 42
548 A 548672 548447 40 10 69 5 0 0 0 101
549 C 568421 40 61 568151 15 0 0 19 0 135
550 A 552858 552730 28 17 46 6 0 0 0 31
551 A 557517 557321 28 1 36 5 0 0 0 126
552 T 558790 56 558617 40 4 0 23 0 0 50
553 A 547189 546999 31 7 66 11 0 0 0 75
554 A 594019 593847 36 8 54 11 0 0 0 63
555 A 588412 588256 22 15 76 6 0 0 0 37
556 G 583698 49 69 13 583530 0 0 0 8 29
557 G 595387 56 68 33 595170 0 0 0 21 39
558 G 578177 54 57 26 577985 0 0 0 18 37
559 A 569770 569525 43 5 97 7 0 0 0 93
560 A 567849 567687 21 3 91 12 0 0 0 35
561 A 566080 565868 32 11 118 5 0 0 0 46
562 G 571818 38 35 15 571678 0 0 0 6 46
563 A 555161 555000 31 5 56 12 0 0 0 57
564 A 537631 537405 21 1 80 1 0 0 0 123
565 G 504731 30 22 9 504604 0 0 0 18 48
566 T 545575 44 544723 68 10 0 19 0 0 711
567 C 565289 48 47 565129 16 0 0 13 0 36
568 C 566889 35 46 566752 19 0 0 7 0 30
569 T 571211 48 570949 134 10 0 19 0 0 51
570 T 499974 28 499799 81 27 0 13 0 0 26
571 G 534747 59 32 8 534580 0 0 0 26 42
572 T 541927 67 541541 57 26 0 11 0 0 225
573 A 573617 573190 34 3 58 23 0 0 0 309
574 C 575301 39 49 575041 10 0 0 26 0 136
575 T 530247 23 530107 78 2 0 2 0 0 35
576 A 554453 554251 34 5 72 22 0 0 0 69
577 T 547577 36 547369 61 10 0 4 0 0 97
578 G 565612 57 85 21 565387 0 0 0 25 37
579 G 675002 58 103 22 674705 0 0 0 23 91
580 G 612787 40 63 20 612607 0 0 0 9 48
581 G 651365 45 41 16 651159 0 0 0 38 66
582 T 610436 36 608873 69 46 0 12 0 1 1399
583 G 672898 77 40 18 672653 0 0 0 30 80
584 T 694008 22 693728 112 11 0 26 0 0 109
585 T 637738 42 637507 109 4 0 8 0 0 68
586 C 645189 57 83 644952 24 0 0 19 0 54
587 A 644797 644541 48 4 84 13 0 0 0 107
588 T 642283 69 642045 66 2 0 23 0 0 78
589 C 642718 54 59 642531 11 0 0 12 0 51
590 A 633545 631534 36 8 75 3 0 0 0 1889
591 C 643314 39 50 643131 17 0 0 8 0 69
592 C 633156 59 45 632967 24 0 0 19 0 42
593 C 610306 87 80 610047 27 0 0 11 0 54
594 G 645458 90 34 10 645193 0 0 0 28 103
595 T 640430 38 640166 64 6 0 9 0 0 147
596 C 642977 53 40 642750 15 0 0 6 0 113
597 T 682701 25 682443 90 4 0 34 0 0 105
598 A 660744 660574 30 2 70 11 0 0 0 57
599 G 664277 38 82 24 663919 0 0 0 14 200
600 C 659167 71 82 658933 26 0 0 13 0 42
601 A 656988 656684 37 5 96 18 0 0 0 148
602 G 682737 53 35 10 682535 0 0 0 20 84
603 T 608371 36 607955 95 5 0 6 0 0 274
604 G 665410 53 58 13 665241 0 0 0 12 33
605 A 667869 667637 51 6 79 22 0 0 0 74
606 T 665809 62 665565 87 17 0 14 0 0 64
607 G 712232 83 75 28 711949 0 0 0 15 82
608 A 699528 699246 38 12 114 10 0 0 0 108
609 G 715066 76 58 22 714828 0 0 0 8 74
610 C 717954 85 87 717668 22 0 0 18 0 74
611 A 689716 689473 43 18 86 1 0 0 0 95
612 A 700052 699776 60 9 79 17 0 0 0 111
613 C 699064 47 63 698883 21 0 0 10 0 40
614 A 674548 674243 66 19 147 12 0 0 0 61
615 G 631804 26 71 20 631604 0 0 0 30 53
616 A 604082 603821 45 10 83 9 0 0 0 114
617 G 600816 34 24 14 600658 0 0 0 13 73
618 T 580053 44 578947 63 10 0 14 0 0 975
619 C 600035 47 33 599795 22 0 0 26 0 112
620 T 532233 20 532073 47 9 0 13 0 0 71
621 C 565639 72 33 565442 24 0 0 12 0 56
622 T 513544 39 513241 74 5 0 28 0 0 157
623 A 517249 517081 36 5 55 12 0 0 0 60
624 T 521384 45 521137 39 7 0 19 0 0 137
625 A 501776 501624 22 4 56 7 0 0 0 63
626 G 511877 38 37 15 511700 0 0 0 26 61
627 T 491409 48 490931 44 8 0 28 0 0 350
628 A 425327 425224 7 37 36 8 0 0 0 15
629 A 433643 433545 26 6 22 10 0 0 0 34
630 T 413360 45 413199 55 10 0 9 0 0 42
631 G 415251 47 37 20 415112 0 0 0 13 22
632 G 404225 32 42 18 404102 0 0 0 5 26
633 A 402193 402057 22 6 46 5 0 0 0 57
634 A 411525 411428 22 7 42 2 0 0 0 24
635 A 405426 405328 9 4 31 5 0 0 0 49
636 T 404442 13 404316 51 8 0 3 0 0 51
637 G 423525 26 47 17 423366 0 0 0 14 55
638 C 422918 27 20 422813 14 0 0 11 0 33
639 T 420312 19 420213 45 1 0 9 0 0 25
640 T 423297 8 423190 61 1 0 13 0 0 24
641 A 421720 421612 15 4 25 5 0 0 0 59
642 T 427658 40 427499 49 6 0 15 0 0 49
643 G 333446 34 15 9 333363 0 0 0 5 20
644 T 373862 28 373624 39 4 0 15 0 0 152
645 C 376850 24 30 376696 13 0 0 12 0 75
646 T 363253 26 363097 59 4 0 4 0 0 63
647 C 376625 48 26 376445 8 0 0 22 0 76
648 T 369540 26 369407 64 5 0 12 0 0 26
649 G 390674 41 20 17 390542 0 0 0 13 41
650 T 391562 44 391336 45 6 0 13 0 0 118
651 A 369373 369225 13 6 74 9 0 0 0 46
652 G 379351 25 65 9 379190 0 0 0 17 45
653 C 331008 44 57 330851 15 0 0 4 0 37
654 G 335853 60 30 17 335689 0 0 0 10 47
655 T 319305 3 319101 44 5 0 9 0 0 143
656 C 299899 17 29 299824 8 0 0 4 0 17
657 T 299852 12 299753 49 15 0 10 0 0 13
658 T 304209 15 304112 57 4 0 5 0 0 16
659 C 348387 39 27 348284 10 0 0 3 0 24
660 A 347963 347846 13 5 56 3 0 0 0 40
661 A 361611 361517 21 0 36 12 0 0 0 25
662 A 370522 370439 14 2 31 8 0 0 0 28
663 T 369980 16 369897 32 1 0 8 0 0 26
664 T 387647 12 387560 33 1 0 6 0 0 35
665 A 385371 385264 32 1 21 4 0 0 0 49
666 T 392264 33 392151 38 1 0 16 0 0 25
667 A 391675 391592 3 3 45 6 0 0 0 26
668 A 356889 356754 36 5 42 9 0 0 0 43
669 C 370257 24 34 370128 10 0 0 12 0 49
670 A 346976 346852 21 8 39 6 0 0 0 50
671 G 360593 16 37 7 360479 0 0 0 13 41
672 G 374533 27 36 6 374405 0 0 0 12 47
673 A 379493 379315 18 3 75 13 0 0 0 69
674 G 389026 26 30 5 388894 0 0 0 14 57
675 A 398511 398280 27 1 38 10 0 0 0 155
676 T 398271 24 398141 40 1 0 12 0 0 53
677 T 437996 25 437804 55 5 0 11 0 0 96
678 C 436012 80 46 435841 12 0 0 8 0 25
679 A 434036 431368 14 23 80 9 0 0 0 2542
680 C 454026 41 36 453890 13 0 0 9 0 37
681 C 447320 40 33 447207 10 0 0 8 0 22
682 C 444636 73 37 444469 19 0 0 5 0 33
683 C 435657 82 64 435408 68 0 0 8 0 27
684 G 455897 88 47 18 455656 0 0 0 2 86
685 G 461691 53 48 10 461547 0 0 0 7 26
686 A 441569 441449 18 4 54 4 0 0 0 40
687 A 440821 440693 18 3 63 8 0 0 0 36
688 A 438812 438699 33 4 35 6 0 0 0 35
689 T 438006 24 437844 39 4 0 23 0 0 72
690 A 461231 461067 19 5 91 14 0 0 0 35
691 G 447314 27 53 24 447148 0 0 0 8 54
692 C 460196 38 25 460052 13 0 0 13 0 55
693 T 400566 23 400358 110 2 0 5 0 0 68
694 G 397379 101 52 33 397143 0 0 0 12 38
695 C 423217 49 44 423051 19 0 0 9 0 45
696 A 394503 394353 22 13 81 4 0 0 0 30
697 A 395655 395455 19 7 65 2 0 0 0 107
698 G 400300 39 36 5 400187 0 0 0 6 27
699 G 452350 68 41 17 452120 1 0 0 24 79
700 C 451219 53 37 451030 37 0 0 8 0 54
701 C 451984 39 42 451835 17 0 0 8 0 43
702 C 463551 66 41 463342 18 0 0 15 0 69
703 A 461289 461143 16 23 86 5 0 0 0 16
704 A 491073 490927 30 5 44 21 0 0 0 46
705 A 490234 490114 10 4 62 12 0 0 0 32
706 G 527481 48 39 8 527323 0 0 0 20 43
707 T 529874 14 529469 58 13 0 22 0 1 297
708 A 496783 496637 18 14 54 4 0 0 0 56
709 A 496265 496131 30 3 65 18 0 0 0 18
710 G 477500 32 51 6 477304 0 0 0 14 93
711 A 471950 471785 27 8 75 6 0 0 0 49
712 G 482941 21 32 9 482789 0 0 0 15 75
713 A 460052 459864 21 11 42 5 0 0 0 109
714 T 463858 30 463575 42 6 0 9 0 0 196
715 C 462591 39 54 462401 14 0 0 10 0 73
716 A 461138 460995 19 6 81 5 0 0 0 32
717 A 489205 488922 38 5 86 18 0 0 0 136
718 C 477572 29 46 477453 12 0 0 8 0 24
719 A 471814 471659 29 10 57 5 0 0 0 54
720 T 458383 21 458221 42 4 0 21 0 0 74
721 G 442840 44 79 22 442661 0 0 0 9 25
722 G 443790 36 52 10 443655 0 0 0 18 19
723 G 431128 34 47 17 430988 0 0 0 11 31
724 A 451911 451689 24 6 85 3 0 0 0 104
725 G 457419 46 40 14 457250 0 0 0 21 48
726 G 437646 32 42 15 437474 0 0 0 6 77
727 A 437566 437304 31 3 46 10 0 0 0 172
728 T 434631 28 434487 49 2 0 12 0 0 53
729 G 420369 47 34 18 420213 0 0 0 6 51
730 A 455127 454953 28 0 72 9 0 0 0 65
731 A 465374 465060 34 6 69 14 0 0 0 191
732 C 484333 25 28 484185 13 0 0 7 0 75
733 T 459501 22 459340 54 4 0 15 0 0 66
734 A 464246 464066 38 2 59 10 0 0 0 71
735 T 520298 39 520101 46 6 0 30 0 0 76
736 T 524817 21 524695 56 2 0 17 0 0 26
737 A 529763 529426 52 18 61 15 0 0 0 191
738 C 505899 30 41 505749 9 0 0 24 0 46
739 T 477756 28 477557 112 8 0 9 0 0 42
740 G 473977 70 52 7 473774 0 0 0 25 49
741 G 459574 38 34 21 459426 0 0 0 12 43
742 A 491727 491066 25 8 65 12 0 0 0 551
743 C 500769 21 53 500541 10 0 0 26 0 118
744 C 438830 43 42 438683 9 0 0 8 0 45
745 T 436400 25 436254 32 4 0 4 0 0 81
746 T 452386 28 452182 86 8 0 7 0 0 75
747 G 453847 30 50 23 453688 0 0 0 5 51
748 C 449954 57 56 449775 22 0 0 9 0 35
749 T 478199 20 478040 76 4 0 13 0 0 46
750 A 475055 474914 21 3 74 6 0 0 0 37
751 G 503819 29 23 13 503692 0 0 0 19 43
752 A 512524 512408 17 2 41 11 0 0 0 45
753 A 497189 496585 19 4 62 9 0 0 0 510
754 C 509896 33 34 509750 5 0 0 23 0 51
755 C 474331 34 30 474224 14 0 0 9 0 20
756 C 483975 74 75 483783 9 0 0 11 0 23
757 G 484580 98 51 19 484351 0 0 0 18 43
758 G 488383 27 50 18 488252 0 0 0 6 30
759 A 492292 492052 44 3 89 11 0 0 0 93
760 G 491512 30 29 20 491350 0 0 0 10 73
761 A 507024 506745 44 12 60 11 0 0 0 152
762 C 526943 51 55 526715 15 0 0 13 0 94
763 A 516192 515752 55 14 79 5 0 0 0 287
764 C 566667 39 46 566481 13 0 0 20 0 68
765 A 565122 564951 27 7 85 9 0 0 0 43
766 A 550174 550029 36 5 43 12 0 0 0 49
767 T 550164 56 550004 40 0 0 26 0 0 38
768 A 547978 547856 27 2 42 13 0 0 0 38
769 A 584279 584078 60 1 41 25 0 0 0 74
770 T 586704 56 586503 48 3 0 20 0 0 74
771 A 579528 579357 30 9 33 19 0 0 0 80
772 T 575887 32 575680 60 1 0 30 0 0 84
773 T 504437 32 504253 93 11 0 7 0 0 41
774 T 504412 36 504183 62 27 0 13 0 0 91
775 G 481562 53 66 27 481364 0 0 0 6 46
776 A 479321 479067 40 6 117 7 0 0 0 84
777 G 480647 47 22 15 480525 0 0 0 3 35
778 G 476620 49 36 21 476458 0 0 0 17 39
779 C 511902 49 58 511675 25 0 0 9 0 86
780 A 513117 512961 24 4 71 9 0 0 0 48
781 A 510136 509875 55 7 49 8 0 0 0 142
782 C 554864 41 27 554689 8 0 0 15 0 84
783 T 549006 50 548797 79 17 0 10 0 0 53
784 G 509254 57 47 21 509087 0 0 0 9 33
785 G 506730 37 33 15 506610 0 0 0 10 25
786 T 512655 54 511619 64 17 0 8 0 0 893
787 A 516363 516239 14 4 56 16 0 0 0 34
788 A 541374 541229 36 1 59 10 0 0 0 39
789 T 573641 32 573434 55 7 0 16 0 0 97
790 C 574430 51 36 574251 11 0 0 17 0 64
791 T 578255 36 578043 104 7 0 15 0 0 50
792 A 575867 575655 13 2 71 12 0 0 0 114
793 A 575691 575580 32 3 36 14 0 0 0 26
794 T 576138 59 575892 61 3 0 17 0 0 106
795 A 534802 534661 7 2 95 12 0 0 0 25
796 G 531678 36 31 24 531518 0 0 0 7 62
797 C 527214 66 49 526965 26 0 0 17 0 91
798 A 528141 527188 45 16 56 11 0 0 0 825
799 C 533895 27 43 533700 17 0 0 24 0 84
800 C 514204 44 47 514046 21 0 0 6 0 40
801 A 515429 515235 37 6 62 14 0 0 0 75
802 T 521368 33 521225 50 8 0 6 0 0 46
803 G 504649 35 44 9 504522 0 0 0 19 20
804 G 509288 48 50 20 509098 0 0 0 36 36
805 T 490188 55 489170 56 7 0 16 0 0 884
806 A 492167 492027 37 4 34 18 0 0 0 47
807 T 488653 21 488501 62 10 0 12 0 0 47
808 G 511941 62 54 18 511769 0 0 0 14 24
809 C 540798 46 38 540601 21 0 0 29 0 63
810 T 497368 10 497211 83 7 0 8 0 0 49
811 T 475531 30 475413 51 2 0 10 0 0 25
812 T 475744 20 475584 55 4 0 19 0 0 62
813 C 408882 42 63 408702 24 0 0 5 0 46
814 G 416997 78 42 22 416795 0 0 0 16 44
815 C 400634 44 52 400504 4 0 0 8 0 22
816 A 400648 400375 33 15 58 6 0 0 0 161
817 C 411793 35 31 411652 6 0 0 8 0 61
818 T 399851 16 399627 105 49 0 6 0 0 48
819 G 504580 53 64 9 504306 0 0 0 35 113
820 A 508802 508541 33 5 79 21 0 0 0 123
821 G 520466 30 23 9 520351 0 0 0 12 41
822 T 614658 38 613907 64 7 0 33 0 0 609
823 A 611620 611422 41 14 82 15 0 0 0 46
824 G 635681 53 80 10 635437 0 0 0 56 45
825 A 651511 651259 32 1 109 14 0 0 0 96
826 G 663952 55 87 10 663702 0 0 0 24 74
827 G 672598 42 41 12 672363 0 0 0 38 102
828 G 568536 42 39 60 568237 0 0 0 16 142
829 T 550150 23 549417 62 24 0 9 0 0 615
830 T 700881 18 700710 83 14 0 13 0 0 43
831 T 690546 23 690297 169 13 0 9 0 0 35
832 G 702411 76 114 21 702152 0 0 0 12 36
833 A 701169 700939 20 7 131 19 0 0 0 53
834 G 729282 82 26 10 729086 0 0 0 15 63
835 T 713527 73 712989 90 14 0 10 0 0 351
836 C 712098 59 69 711885 16 0 0 8 0 61
837 C 703317 72 153 702984 24 0 0 8 0 76
838 G 716898 181 70 20 716550 0 0 0 9 68
839 G 718159 90 83 35 717904 0 0 0 8 39
840 C 715311 84 109 714974 37 0 0 25 0 82
841 A 716529 716283 52 8 95 14 0 0 0 77
842 T 740959 23 740700 76 2 0 11 0 0 147
843 C 739372 64 71 739108 17 0 0 21 0 91
844 A 748645 748359 59 7 87 15 0 0 0 118
845 T 740171 58 739908 94 2 0 14 0 0 95
846 C 748965 70 69 748722 24 0 0 18 0 62
847 A 736459 734510 39 12 106 12 0 0 0 1780
848 C 769739 31 52 769520 15 0 0 33 0 88
849 C 768778 66 47 768489 17 0 0 30 0 129
850 T 750575 44 750126 151 4 0 6 0 0 244
851 C 747144 142 49 746859 14 0 0 31 0 49
852 A 770742 770517 21 12 124 16 0 0 0 52
853 A 765467 765313 20 7 79 22 0 0 0 26
854 A 769765 769460 16 45 58 10 0 0 0 176
855 C 762902 36 130 762644 19 0 0 33 0 40
856 G 761251 77 83 56 760912 0 0 0 37 86
857 C 676310 59 87 676067 19 0 0 15 0 63
858 G 653445 138 55 20 653198 0 0 0 6 28
859 T 667037 45 666725 95 29 0 6 0 0 137
860 C 667240 62 53 667029 26 0 0 15 0 55
861 A 686706 686491 29 7 136 8 0 0 0 35
862 A 730360 730119 42 4 58 13 0 0 0 124
863 T 715884 39 715662 87 11 0 5 0 0 80
864 G 728539 127 104 32 728160 0 0 0 20 96
865 C 731761 103 120 731381 43 0 0 53 0 61
866 A 704949 704683 61 23 115 4 0 0 0 63
867 T 704888 42 704646 95 6 0 23 0 0 76
868 G 457817 66 82 13 457593 0 0 0 12 51
869 A 458451 458254 22 6 96 19 0 0 0 54
870 G 523289 33 22 10 523084 0 0 0 37 103
871 T 507527 52 507039 71 11 0 8 0 0 346
872 G 516891 89 47 14 516651 0 0 0 17 73
873 T 507572 49 507269 74 19 0 24 0 0 137
874 A 509558 509417 13 5 72 11 0 0 0 40
875 A 487669 487491 19 13 64 27 0 0 0 55
876 C 479138 33 36 478972 12 0 0 7 0 78
877 A 476645 476366 30 10 50 16 0 0 0 173
878 C 474739 17 59 474506 8 0 0 18 0 131
879 G 427850 51 38 27 427614 0 0 0 8 112
880 A 428950 428831 33 4 36 7 0 0 0 39
881 A 424697 424509 20 6 64 2 0 0 0 96
882 G 449944 20 20 8 449812 0 0 0 10 74
883 T 436723 17 436187 43 6 0 13 0 0 457
884 G 450646 60 24 11 450470 0 0 0 9 72
885 T 448163 44 447863 65 4 0 23 0 0 164
886 C 457478 40 46 457335 24 0 0 8 0 25
887 A 446271 446093 28 12 108 8 0 0 0 22
888 A 462290 462190 20 6 30 13 0 0 0 31
889 A 518324 518126 17 45 54 10 0 0 0 72
890 C 522591 37 43 522393 19 0 0 14 0 85
891 A 490355 488437 24 37 53 13 0 0 0 1791
892 C 564491 54 43 564268 16 0 0 34 0 76
893 C 552652 40 33 552488 26 0 0 20 0 45
894 C 561758 82 54 561560 12 0 0 14 0 36
895 C 552674 78 66 552470 25 0 0 7 0 28
896 A 556220 556014 28 23 111 6 0 0 0 38
897 G 511211 71 71 13 510982 0 0 0 28 46
898 G 513461 40 56 16 513284 0 0 0 1 64
899 G 556891 105 56 13 556607 0 0 0 22 88
900 A 557733 557310 37 2 116 13 0 0 0 255
901 G 573117 67 80 24 572837 0 0 0 19 90
902 C 591574 56 65 591327 27 0 0 26 0 73
903 T 586692 16 586531 91 8 0 9 0 0 37
904 A 812412 812095 81 8 91 56 0 0 0 81
905 T 810231 92 809997 75 4 0 9 0 0 54
906 A 850241 850045 34 3 58 44 0 0 0 57
907 A 849593 849332 50 7 72 31 0 0 0 101
908 A 810884 810611 37 47 53 16 0 0 0 120
909 C 821396 37 95 821066 15 0 0 42 0 141
910 A 747605 747345 29 40 91 4 0 0 0 96
911 G 749720 117 107 43 749385 0 0 0 17 51
912 C 750907 77 97 750591 27 0 0 10 0 105
913 A 726390 726171 48 13 99 21 0 0 0 38
914 A 725670 725453 46 6 61 19 0 0 0 85
915 T 718348 51 718045 70 4 0 15 0 0 163
916 C 727595 44 51 727446 10 0 0 13 0 31
917 T 726018 40 725631 174 9 0 8 0 0 156
918 C 720852 81 48 720661 15 0 0 13 0 34
919 C 653472 56 38 653269 23 0 0 8 0 78
920 C 649690 111 34 649347 12 0 0 5 0 181
921 T 647050 32 646900 79 3 0 5 0 0 31
922 T 652439 27 652193 75 1 0 9 0 0 134
923 T 646531 29 646336 95 3 0 14 0 0 54
924 C 650716 52 48 650491 15 0 0 3 0 107
925 C 647835 46 95 647627 26 0 0 13 0 28
926 A 643308 642983 40 12 163 10 0 0 0 100
927 G 651376 54 52 12 651177 0 0 0 12 69
928 A 651078 650930 20 1 64 13 0 0 0 50
929 A 685110 684792 48 2 71 16 0 0 0 181
930 T 687919 34 687764 42 3 0 17 0 0 59
931 A 636816 636629 54 7 59 16 0 0 0 51
932 T 639623 36 639414 81 1 0 30 0 0 61
933 A 614824 614368 23 7 92 11 0 0 0 323
934 C 634686 60 107 634435 18 0 0 21 0 45
935 A 618731 617203 34 20 64 20 0 0 0 1390
936 C 621064 51 43 620900 23 0 0 16 0 31
937 C 596925 55 25 596713 17 0 0 27 0 88
938 C 519760 75 58 519558 14 0 0 9 0 46
939 A 516157 515941 45 10 75 10 0 0 0 76
940 G 517811 53 24 11 517691 0 0 0 5 27
941 T 408414 39 408118 65 11 0 4 0 0 177
942 C 415174 66 48 415001 13 0 0 8 0 38
943 A 402702 402404 37 6 113 12 0 0 0 130
944 C 482876 30 37 482679 15 0 0 35 0 80
945 A 476619 476474 15 9 86 17 0 0 0 18
946 A 494238 494106 36 2 38 6 0 0 0 50
947 T 501734 33 501555 38 3 0 48 0 0 57
948 A 435336 435203 33 8 61 8 0 0 0 23
949 G 470995 30 52 21 470823 0 0 0 34 35
950 G 496255 35 77 11 496105 0 0 0 5 22
951 A 501349 501130 33 3 99 22 0 0 0 62
952 G 603240 57 79 18 602940 0 0 0 22 124
953 A 547284 547114 34 18 51 8 0 0 0 59
954 G 552108 56 35 18 551880 0 0 0 6 113
955 T 542699 44 541595 78 19 0 10 0 0 953
956 G 567798 127 91 36 567466 0 0 0 9 69
957 C 614996 70 78 614678 58 0 0 7 0 105
958 C 624392 55 70 624188 26 0 0 9 0 44
959 C 633538 66 69 633313 24 0 0 7 0 59
960 A 651872 651715 13 37 61 7 0 0 0 39
961 A 668085 667910 44 9 54 20 0 0 0 48
962 A 675664 675561 17 1 48 9 0 0 0 28
963 A 678285 678148 47 1 48 11 0 0 0 30
964 T 697509 19 697356 49 3 0 13 0 0 69
965 A 691095 690954 37 6 53 23 0 0 0 22
966 T 697688 32 697514 67 8 0 18 0 0 49
967 G 696599 85 34 21 696381 0 0 0 14 64
968 T 701844 90 701445 86 8 0 13 0 0 202
969 C 706632 65 98 706350 28 0 0 23 0 68
970 A 688439 688014 33 16 158 13 0 0 0 205
971 G 686916 50 57 17 686756 0 0 0 11 25
972 G 689014 51 56 12 688648 0 0 0 12 235
973 A 679075 678794 56 14 104 12 0 0 0 95
974 G 688688 49 43 16 688426 0 0 0 19 135
975 T 675351 30 673045 85 11 0 9 0 0 2171
976 A 674696 673712 53 11 81 11 0 0 0 828
977 C 672336 40 70 672121 16 0 0 24 0 65
978 C 665607 98 62 665388 15 0 0 10 0 34
979 A 667397 667200 37 11 75 21 0 0 0 53
980 A 668384 668238 22 4 67 6 0 0 0 47
981 A 674930 674773 46 5 53 16 0 0 0 37
982 T 674745 24 674584 51 3 0 20 0 0 63
983 T 651030 18 650870 86 16 0 3 0 0 37
984 G 654557 73 97 23 654284 0 0 0 20 60
985 A 634634 634362 47 16 131 5 0 0 0 73
986 G 637148 50 91 30 636911 0 0 0 14 52
987 G 637420 35 68 12 637258 0 0 0 13 34
988 A 599578 599281 38 18 77 15 0 0 0 149
989 T 598142 44 597896 48 18 0 22 0 0 114
990 G 667580 84 64 23 667255 0 0 0 24 130
991 G 661652 69 39 11 661474 0 0 0 11 48
992 T 694567 68 694052 62 15 0 24 0 0 346
993 T 451545 13 451420 47 8 0 26 0 0 31
994 A 453721 453497 38 13 43 10 0 0 0 120
995 C 434064 34 79 433869 13 0 0 33 0 36
996 A 434290 434039 20 21 161 10 0 0 0 39
997 G 464322 42 47 12 464142 0 0 0 37 42
998 G 460833 38 57 11 460599 0 0 0 16 112
999 A 449578 449236 34 15 56 6 0 0 0 231
1000 C 457478 27 38 457324 6 0 0 18 0 65
1001 T 434583 13 434446 65 3 0 3 0 0 53
1002 A 438469 438367 20 1 36 11 0 0 0 34
1003 A 438339 438223 7 3 57 3 0 0 0 46
1004 G 446785 26 22 10 446662 0 0 0 12 53
1005 A 436558 436415 21 1 46 19 0 0 0 56
1006 A 433342 433247 17 6 45 4 0 0 0 23
1007 A 430927 430744 24 15 35 13 0 0 0 96
1008 C 434123 20 36 433985 6 0 0 6 0 70
1009 A 428626 428489 27 5 43 14 0 0 0 48
1010 T 420883 24 420678 42 0 0 8 0 0 131
1011 C 418727 40 27 418617 13 0 0 10 0 20
1012 C 437935 52 45 437772 19 0 0 11 0 36
1013 C 426575 40 44 426441 12 0 0 6 0 32
1014 A 424236 424107 30 7 44 14 0 0 0 34
1015 T 417344 39 417113 60 4 0 3 0 0 125
1016 C 421130 48 28 421016 6 0 0 7 0 25
1017 C 420526 27 52 420370 33 0 0 8 0 36
1018 A 468939 468753 23 10 40 13 0 0 0 100
1019 T 471356 18 471234 52 2 0 7 0 0 43
1020 T 472096 37 471901 57 7 0 9 0 0 85
1021 C 480505 54 60 480319 22 0 0 17 0 33
1022 A 480741 480591 23 8 75 9 0 0 0 35
1023 A 492051 491915 29 3 36 23 0 0 0 45
1024 T 492418 18 492306 45 1 0 13 0 0 35
1025 A 531709 531423 45 5 54 9 0 0 0 173
1026 C 544673 45 68 544426 22 0 0 33 0 79
1027 A 508835 508608 36 43 91 4 0 0 0 53
1028 G 505105 42 72 17 504923 0 0 0 21 30
1029 A 495264 495010 28 7 104 9 0 0 0 106
1030 G 592922 47 42 21 592684 0 0 0 21 107
1031 G 620870 41 48 19 620706 0 0 0 14 42
1032 T 585216 49 583451 66 20 0 7 0 0 1623
1033 C 591553 37 72 591345 17 0 0 24 0 58
1034 T 595024 16 594874 85 19 0 7 0 0 23
1035 A 635563 635336 46 0 54 24 0 0 0 103
1036 T 664536 45 664368 49 5 0 6 0 0 63
1037 T 662903 28 662735 72 3 0 18 0 0 47
1038 T 653217 38 652949 77 15 0 32 0 0 106
1039 G 565207 60 63 35 565005 0 0 0 16 28
1040 G 573032 37 85 20 572834 0 0 0 20 36
1041 A 562968 562705 35 1 104 8 0 0 0 115
1042 G 569458 51 51 26 569276 0 0 0 12 42
1043 C 570493 53 75 570220 22 0 0 14 0 109
1044 C 551756 40 76 551559 9 0 0 11 0 61
1045 A 555340 555075 42 5 46 6 0 0 0 166
1046 T 551769 34 551565 46 5 0 5 0 0 114
1047 T 556132 42 555996 60 2 0 10 0 0 22
1048 G 555057 88 66 20 554806 0 0 0 4 73
1049 C 572396 45 48 572201 18 0 0 11 0 73
1050 T 574484 15 574303 71 14 0 11 0 0 70
1051 G 579734 47 38 10 579542 0 0 0 16 81
1052 G 656837 33 58 9 656641 0 0 0 33 63
1053 T 648363 34 647783 73 71 0 10 0 0 392
1054 T 646966 5 646863 46 7 0 8 0 0 37
1055 T 643696 15 643581 48 3 0 23 0 0 26
1056 T 654369 116 654110 56 11 0 13 0 0 63
1057 A 667503 667113 224 1 53 35 0 0 0 77
1058 T 664075 163 663703 60 4 0 8 0 0 137
1059 T 661330 29 661007 90 141 0 24 0 0 39
1060 G 671332 197 220 18 670782 0 0 0 40 75
1061 A 610732 609956 56 22 487 8 0 0 0 203
1062 G 609857 278 107 21 609412 0 0 0 13 26
1063 G 610845 60 109 14 610603 0 0 0 9 50
1064 G 608621 63 102 13 608392 0 0 0 10 41
1065 G 617329 49 87 19 617064 0 0 0 18 92
1066 G 597984 73 59 30 597775 0 0 0 4 43
1067 G 522795 259 47 12 522404 0 0 0 7 66
1068 A 518253 517078 225 2 551 12 0 0 0 385
1069 T 512703 234 512158 50 156 0 8 0 0 97
1070 G 507001 75 211 25 506555 0 0 0 10 125
1071 G 511825 146 48 16 511533 0 0 0 16 66
1072 A 458184 457731 32 81 143 6 0 0 0 191
1073 C 458667 75 57 458427 20 0 0 31 0 57
1074 T 430708 10 430489 136 13 0 11 0 0 49
1075 G 426878 62 41 20 426714 0 0 0 8 33
1076 G 436306 42 48 12 436146 0 0 0 15 43
1077 A 431587 431433 28 4 55 6 0 0 0 61
1078 A 434020 433879 22 1 62 18 0 0 0 38
1079 T 345109 19 345007 38 4 0 6 0 0 35
1080 G 392278 48 46 8 392139 0 0 0 3 34
1081 A 403664 403518 32 2 58 9 0 0 0 45
1082 T 401296 35 401158 50 1 0 6 0 0 46
1083 A 398714 398564 18 7 84 13 0 0 0 28
1084 G 360483 22 27 6 360389 0 0 0 9 30
1085 A 431306 431156 31 4 54 10 0 0 0 51
1086 T 432189 31 432038 54 5 0 9 0 0 52
1087 G 456556 65 42 27 456379 0 0 0 13 30
1088 G 470527 32 67 14 470386 0 0 0 9 19
1089 A 495168 494894 27 16 83 12 0 0 0 136
1090 T 520236 62 520052 43 4 0 7 0 0 68
1091 G 519939 76 56 18 519748 0 0 0 13 28
1092 G 613617 78 41 20 613351 0 0 0 39 88
1093 T 607527 46 606584 67 19 0 14 0 0 797
1094 A 604399 604190 58 1 58 23 0 0 0 69
1095 T 596878 38 596687 56 22 0 15 0 0 60
1096 G 615475 48 70 21 615293 0 0 0 17 26
1097 G 630626 56 44 19 630414 0 0 0 40 53
1098 T 630930 63 630410 58 16 0 12 0 0 371
1099 T 627129 13 626982 51 15 0 19 0 0 49
1100 A 622505 622187 44 7 58 17 0 0 0 192
1101 T 563992 46 563811 55 1 0 17 0 0 62
1102 C 564920 53 81 564716 22 0 1 7 0 40
1103 A 566094 565835 44 4 77 9 0 0 0 125
1104 T 564143 44 563915 61 3 0 16 0 0 104
1105 C 554637 49 55 554396 15 0 0 11 0 111
1106 A 535452 535282 44 5 53 5 0 0 0 63
1107 T 536410 24 536254 45 4 0 10 0 0 73
1108 C 539665 44 51 539487 18 0 0 7 0 58
1109 A 532204 531992 25 9 109 12 0 0 0 57
1110 G 539449 33 40 23 539290 0 0 0 9 54
1111 A 536738 536606 28 5 51 8 0 0 0 40
1112 A 535436 535310 14 0 51 18 0 0 0 43
1113 T 538242 26 538102 54 5 0 10 0 0 45
1114 G 522946 66 44 15 522767 0 0 0 6 48
1115 A 515436 515301 35 0 47 9 0 0 0 44
1116 A 516554 516339 42 2 52 4 0 0 0 115
1117 C 517494 28 63 517308 17 0 0 10 0 68
1118 A 511125 510905 26 11 105 7 0 0 0 71
1119 G 474655 30 64 10 474512 0 0 0 7 32
1120 G 487222 40 45 11 487025 0 0 0 16 85
1121 G 493755 43 44 20 493585 0 0 0 8 55
1122 A 500901 500674 44 5 55 7 0 0 0 116
1123 T 490949 54 490690 65 3 0 11 0 0 126
1124 C 475445 41 67 475243 27 0 0 9 0 58
1125 A 482773 482392 29 23 178 29 0 0 0 122
1126 G 507515 32 44 12 507380 0 0 0 14 33
1127 G 511827 49 55 20 511643 0 0 0 9 51
1128 C 508646 65 46 508399 16 0 0 41 0 79
1129 T 511138 14 511009 57 13 0 7 0 0 38
1130 A 509881 509725 31 3 49 18 0 0 0 55
1131 T 576126 31 575925 83 8 1 20 0 0 58
1132 G 582068 95 75 21 581816 0 0 0 21 40
1133 C 573424 71 198 572961 38 0 0 35 0 121
1134 A 450733 450500 19 32 99 3 0 0 0 80
1135 G 480080 33 68 20 479905 0 0 0 19 35
1136 C 450602 69 96 450356 18 0 0 5 0 58
1137 G 446183 63 68 28 445985 0 0 0 4 35
1138 G 459073 37 33 14 458925 0 0 0 19 45
1139 A 428494 428139 48 7 198 7 0 0 0 95
1140 T 448032 200 447680 59 0 0 7 0 0 86
1141 C 440566 40 263 440206 10 0 0 15 0 32
1142 A 485204 484726 21 332 51 6 0 0 0 68
1143 A 490179 490091 14 1 47 12 0 0 0 14
1144 A 490627 490524 9 4 48 5 0 0 0 37
1145 A 499729 499645 10 1 39 11 0 0 0 23
1146 A 493357 493229 20 2 44 19 0 0 0 43
1147 A 489225 488952 12 7 187 11 0 0 0 56
1148 G 505943 62 42 68 505677 0 0 0 12 82
1149 C 503291 79 76 503042 35 0 0 8 0 51
1150 A 510552 510146 57 48 51 5 0 0 0 245
1151 C 517040 27 57 516878 13 0 0 14 0 51
1152 A 518984 518518 35 18 70 7 0 0 0 336
1153 C 530873 34 50 530665 9 0 0 13 0 102
1154 A 527660 527487 15 13 61 12 0 0 0 72
1155 A 531746 531579 24 1 51 13 0 0 0 78
1156 A 530308 530183 14 4 40 20 0 0 0 47
1157 A 526579 526465 32 3 39 7 0 0 0 33
1158 T 525087 15 524890 51 16 0 8 0 0 107
1159 G 517020 72 60 37 516771 0 0 0 11 69
1160 C 511178 52 84 510951 28 0 0 15 0 48
1161 C 507862 48 82 507661 22 0 0 14 0 35
1162 A 482006 481822 30 19 61 5 0 0 0 69
1163 T 465091 43 464966 24 0 0 17 0 0 41
1164 T 457021 42 456894 31 13 0 10 0 0 31
1165 A 453922 453793 26 1 47 10 0 0 0 45
1166 A 448899 448727 26 14 39 8 0 0 0 85
1167 C 449210 31 84 449028 20 0 0 21 0 26
1168 G 425096 70 55 15 424890 0 0 0 10 56
1169 G 367323 28 33 15 367185 0 0 0 6 56
1170 G 364154 22 37 9 364037 0 0 0 14 35
1171 A 358756 358552 16 4 50 7 0 0 0 127
1172 T 374173 31 374061 28 2 0 17 0 0 34
1173 T 371810 16 371740 27 3 0 3 0 0 21
1174 A 307617 307412 36 14 63 13 0 0 0 79
1175 C 343442 46 53 343296 11 0 0 11 0 25
1176 A 326118 326020 10 12 44 13 0 0 0 19
1177 A 335263 335157 13 8 35 9 0 0 0 41
1178 A 324231 324112 18 15 32 8 0 0 0 46
1179 C 306260 16 20 306148 9 0 0 9 0 58
1180 A 303902 303818 17 15 30 10 0 0 0 12
1181 A 309101 309010 8 1 38 4 0 0 0 40
1182 G 380926 32 39 9 380804 0 0 0 12 30
1183 G 382527 37 24 8 382404 0 0 0 7 47
1184 T 375876 40 375154 48 12 0 4 0 0 618
1185 G 389001 46 38 14 388838 0 0 0 15 50
1186 A 400962 400865 29 1 41 8 0 0 0 18
1187 A 410452 409989 19 7 49 13 0 0 0 375
1188 C 435980 30 44 435845 4 0 0 17 0 40
1189 T 437414 20 437181 51 17 0 6 0 0 139
1190 C 457797 36 26 457616 13 0 0 28 0 78
1191 T 449585 24 449428 83 9 0 13 0 0 28
1192 G 456280 52 35 10 456123 0 0 0 8 52
1193 T 455844 45 455658 32 9 0 13 0 0 87
1194 T 465149 6 465071 43 3 0 2 0 0 24
1195 A 465900 465719 17 1 31 15 0 0 0 117
1196 T 464572 43 464422 52 2 0 8 0 0 45
1197 C 457431 33 70 457224 15 0 0 18 0 71
1198 G 458623 79 51 17 458430 0 0 0 12 34
1199 A 448551 448352 28 7 69 11 0 0 0 84
1200 G 447559 23 34 13 447429 0 0 0 5 55
1201 A 442627 442518 17 0 53 11 0 0 0 28
1202 A 437152 437016 18 3 39 5 0 0 0 71
1203 A 441036 440942 7 0 36 9 0 0 0 42
1204 A 446849 446763 23 2 28 10 0 0 0 23
1205 T 447657 30 447498 51 3 0 2 0 0 73
1206 G 445701 51 36 20 445529 0 0 0 11 54
1207 A 444191 444040 30 2 46 4 0 0 0 69
1208 A 438022 437866 29 5 44 8 0 0 0 70
1209 C 430472 33 40 430331 11 0 0 11 0 46
1210 A 431224 430512 51 5 34 4 0 0 0 618
1211 C 430694 18 29 430612 7 0 0 10 0 18
1212 T 422596 30 422385 63 4 0 5 0 0 109
1213 C 420789 65 30 420630 11 0 0 17 0 36
1214 A 416947 416835 8 2 75 5 0 0 0 22
1215 A 440185 440003 20 4 35 18 0 0 0 105
1216 T 441112 20 440968 36 3 0 16 0 0 69
1217 T 444523 31 444349 58 4 0 7 0 0 74
1218 C 391652 37 21 391494 9 0 0 32 0 59
1219 A 377471 377216 42 6 49 2 0 0 0 156
1220 C 329713 22 44 329577 6 0 0 17 0 47
1221 A 317260 317147 3 13 75 3 0 0 0 19
1222 G 320202 28 36 14 320046 0 0 0 12 66
1223 C 318231 30 20 318102 18 0 0 18 0 43
1224 T 243308 5 243221 49 7 0 5 0 0 21
1225 G 245451 29 22 6 245371 0 0 0 14 9
1226 T 228234 11 228095 30 14 0 0 0 0 84
1227 G 230816 27 46 8 230701 0 0 0 8 26
1228 G 222947 19 24 4 222874 0 0 0 5 21
1229 G 218992 27 25 4 218891 0 0 0 13 32
1230 T 213532 20 213208 18 2 0 11 0 0 273
1231 A 162516 162468 5 9 15 6 0 0 0 13
1232 A 169626 169588 8 1 20 3 0 0 0 6
1233 A 169393 169317 10 3 43 0 0 0 0 20
1234 G 168038 16 12 6 167974 0 0 0 6 24
1235 A 159518 159471 6 10 7 10 0 0 0 14
1236 A 144296 144236 11 2 21 5 0 0 0 21
1237 T 138710 6 138663 13 2 0 3 0 0 23
1238 T 140329 12 140279 12 3 0 5 0 0 18
1239 C 141625 13 15 141563 3 0 0 6 0 25
1240 A 141874 141837 8 1 14 2 0 0 0 12
1241 A 137806 137749 14 1 15 1 0 0 0 26
1242 C 152278 12 10 152220 5 0 0 8 0 23
1243 A 149219 149165 6 6 7 3 0 0 0 32
1244 A 158797 158663 19 8 14 8 0 0 0 85
1245 C 159327 7 10 159284 4 0 0 4 0 18
1246 T 161377 7 161328 12 0 0 5 0 0 25
1247 T 161133 17 161074 20 1 0 6 0 0 15
1248 A 162127 162057 9 1 48 3 0 0 0 9
1249 G 175254 36 12 4 175160 0 0 0 5 37
1250 A 178945 178881 2 1 39 1 0 0 0 21
1251 A 204512 204470 8 0 18 7 0 0 0 9
1252 A 202920 202861 5 3 15 8 0 0 0 28
1253 A 189922 189885 3 6 17 2 0 0 0 9
1254 A 190210 190164 12 1 17 5 0 0 0 11
1255 A 189484 189298 6 2 151 3 0 0 0 24
1256 G 195945 51 18 4 195841 0 0 0 5 26
1257 G 194293 27 21 6 194214 0 0 0 6 19
1258 A 177180 177048 20 6 50 7 0 0 0 49
1259 T 191436 17 191374 11 5 0 5 0 0 24
1260 G 188292 23 24 5 188214 0 0 0 1 25
1261 G 193663 21 18 4 193597 0 0 0 3 20
1262 A 191189 191107 11 0 26 2 0 0 0 43
1263 A 195878 195830 9 2 24 2 0 0 0 11
1264 A 180373 180334 5 0 9 6 0 0 0 19
1265 A 185422 185375 16 1 10 4 0 0 0 16
1266 T 181628 16 181560 16 0 0 7 0 0 29
1267 T 181529 10 181484 14 1 0 2 0 0 18
1268 T 198769 21 198710 19 2 0 4 0 0 13
1269 A 196762 196673 34 2 21 5 0 0 0 27
1270 A 197922 197866 11 2 25 5 0 0 0 13
1271 A 188853 188802 8 3 8 2 0 0 0 30
1272 T 193863 27 193779 14 0 0 1 0 0 42
1273 A 198015 197952 23 2 15 7 0 0 0 16
1274 A 196987 196951 10 1 16 2 0 0 0 7
1275 A 198060 198024 7 1 19 2 0 0 0 7
1276 A 184990 184955 4 6 14 4 0 0 0 7
1277 A 185919 185859 4 3 16 5 0 0 0 32
1278 A 188560 188506 2 0 38 5 0 0 0 9
1279 G 199964 10 8 3 199904 0 0 0 4 35
1280 T 200613 11 200451 24 3 0 4 0 0 120
1281 T 199408 7 199354 19 11 0 4 0 0 13
1282 G 214956 23 21 9 214877 0 0 0 6 20
1283 A 193303 193244 14 0 20 9 0 0 0 16
1284 T 195163 17 195080 18 3 0 9 0 0 36
1285 G 192317 17 21 9 192244 0 0 0 5 21
1286 A 187855 187773 16 4 15 3 0 0 0 44
1287 T 190355 22 190268 18 3 0 5 0 0 39
1288 G 186821 19 27 8 186723 0 0 0 6 38
1289 G 190234 14 17 6 190178 0 0 0 3 16
1290 G 199592 26 16 3 199511 0 0 0 2 34
1291 T 200640 14 200348 25 4 0 5 0 0 244
1292 T 202233 3 202184 24 0 0 10 0 0 12
1293 T 176634 5 176582 17 1 0 7 0 0 22
1294 C 175670 12 14 175607 4 0 0 10 0 23
1295 T 175920 9 175854 35 1 0 4 0 0 17
1296 G 176879 23 27 7 176806 0 0 0 2 14
1297 G 174236 14 11 7 174188 0 0 0 3 13
1298 A 148518 148408 14 3 18 3 0 0 0 72
1299 C 155581 6 24 155513 2 0 0 3 0 33
1300 A 150327 150275 3 1 20 1 0 0 0 27
1301 T 161493 4 161455 14 3 0 6 0 0 11
1302 T 160098 9 160053 18 1 0 6 0 0 11
1303 T 160607 7 160568 17 4 0 2 0 0 9
1304 G 159759 19 23 5 159696 0 0 0 6 10
1305 G 153172 18 13 3 153117 0 0 0 5 16
1306 A 155453 155333 11 3 18 4 0 0 0 84
1307 C 177693 8 32 177588 8 0 0 4 0 53
1308 A 197951 197862 18 0 26 11 0 0 0 34
1309 T 208621 20 208559 16 3 0 11 0 0 12
1310 A 209372 209298 16 3 29 8 0 0 0 18
1311 T 213046 20 212992 17 1 0 5 0 0 11
1312 A 211132 211062 8 2 30 3 0 0 0 27
1313 A 228157 228074 23 0 16 14 0 0 0 30
1314 T 223340 14 223254 26 8 0 9 0 0 29
1315 G 226955 22 32 14 226866 0 0 0 5 16
1316 C 226968 33 24 226841 12 0 0 12 0 46
1317 A 217357 217262 24 9 36 3 0 0 0 23
1318 G 240102 15 20 5 240020 0 0 0 13 29
1319 A 238782 238694 15 2 25 6 0 0 0 40
1320 A 241514 241443 15 0 23 4 0 0 0 29
1321 T 240288 10 240208 20 0 0 12 0 0 38
1322 T 237422 7 237357 27 6 0 3 0 0 22
1323 G 239417 25 9 9 239348 0 0 0 9 17
1324 T 329345 26 329236 24 2 0 1 0 0 56
1325 T 333163 4 333082 34 0 0 14 0 0 29
1326 A 331436 331317 13 2 53 11 0 0 0 40
1327 G 337179 23 17 9 337064 0 0 0 15 51
1328 T 334044 26 333827 33 3 0 14 0 0 141
1329 T 341464 24 341339 29 2 0 8 0 0 62
1330 C 356963 21 25 356842 11 0 0 20 0 44
1331 T 348733 22 348622 37 2 0 10 0 0 40
1332 A 353549 353362 29 6 45 7 0 0 0 100
1333 C 362615 23 27 362508 9 0 0 5 0 43
1334 T 361837 24 361671 99 5 0 8 0 0 30
1335 G 366891 30 29 8 366782 0 0 0 10 32
1336 G 362828 34 22 11 362721 0 0 0 5 35
1337 A 368579 368457 23 2 49 9 0 0 0 39
1338 A 370187 370056 14 2 43 7 0 0 0 65
1339 A 372467 372405 7 1 23 5 0 0 0 26
1340 A 366338 366248 26 1 28 8 0 0 0 27
1341 T 389315 21 389165 37 5 0 6 0 0 81
1342 G 388532 35 38 17 388376 0 0 0 3 63
1343 A 400856 400718 33 3 58 12 0 0 0 32
1344 A 398561 398345 23 4 64 8 0 0 0 117
1345 A 395712 395555 18 15 88 6 0 0 0 30
1346 G 400400 32 19 12 400304 0 0 0 2 31
1347 G 416554 39 31 6 416426 0 0 0 8 44
1348 A 399743 399282 26 7 50 11 0 0 0 367
1349 C 403933 17 37 403817 6 0 0 9 0 47
1350 T 387192 8 387076 59 3 0 11 0 0 35
1351 T 387731 11 387636 32 3 0 13 0 0 36
1352 T 384365 22 384232 49 22 0 11 0 0 29
1353 G 394960 39 50 20 394799 0 0 0 5 47
1354 G 379565 32 37 9 379456 0 0 0 5 26
1355 A 374440 374266 20 4 46 6 0 0 0 98
1356 T 349986 26 349870 40 2 0 12 0 0 36
1357 T 303232 7 303145 40 1 0 4 0 0 35
1358 T 294843 25 294675 50 3 0 4 0 0 86
1359 C 289135 30 16 289055 9 0 0 2 0 23
1360 C 289776 26 41 289670 7 0 0 7 0 25
1361 A 289496 289353 20 2 63 5 0 0 0 53
1362 T 266283 24 266192 21 6 0 6 0 0 34
1363 G 267053 23 17 10 266970 0 0 0 7 26
1364 A 279472 279264 19 1 36 6 0 0 0 146
1365 C 299009 17 20 298928 7 0 0 11 0 26
1366 T 294229 12 294148 31 1 0 8 0 0 29
1367 T 271741 19 271650 42 2 0 12 0 0 16
1368 A 271816 271744 14 0 29 6 0 0 0 23
1369 A 263563 263481 13 0 29 10 0 0 0 30
1370 A 284403 284338 14 2 24 7 0 0 0 18
1371 T 274187 15 274099 28 7 0 4 0 0 34
1372 G 273847 34 18 9 273728 0 0 0 17 41
1373 T 239576 19 239356 45 9 0 3 0 0 144
1374 G 237445 24 42 11 237336 0 0 0 4 28
1375 A 250399 250289 20 2 40 5 0 0 0 43
1376 A 242061 241975 14 4 29 9 0 0 0 30
1377 G 251684 14 14 7 251592 0 0 0 9 48
1378 A 248224 248164 10 1 28 3 0 0 0 18
1379 A 236237 236167 12 0 22 5 0 0 0 31
1380 T 235818 3 235725 24 4 0 2 0 0 60
1381 C 236360 23 10 236295 3 0 0 7 0 22
1382 T 232641 16 232565 25 5 0 6 0 0 24
1383 G 247028 24 19 6 246930 0 0 0 7 42
1384 T 240596 17 240461 27 0 0 10 0 0 81
1385 A 247267 247121 5 1 35 5 0 0 0 100
1386 C 244699 24 47 244568 11 0 0 15 0 34
1387 G 243025 28 20 3 242951 0 0 0 3 20
1388 A 236062 235964 18 5 37 3 0 0 0 35
1389 G 242080 19 10 9 242016 0 0 0 5 21
1390 A 227909 227832 10 4 22 4 0 0 0 37
1391 A 230106 230037 13 1 26 9 0 0 0 20
1392 A 219254 219159 1 5 43 5 0 0 0 41
1393 G 225585 17 12 3 225511 0 0 0 5 37
1394 T 231531 18 231252 19 9 0 2 0 0 231
1395 A 228414 228344 12 3 32 3 0 0 0 20
1396 A 225613 225566 7 3 20 3 0 0 0 14
1397 A 221297 221250 5 0 17 4 0 0 0 21
1398 A 220588 220543 9 0 20 7 0 0 0 9
1399 A 244019 243933 10 4 51 3 0 0 0 18
1400 G 247959 22 19 22 247851 0 0 0 5 40
1401 C 251565 27 33 251455 10 0 0 4 0 36
1402 C 243240 21 26 243163 8 0 0 2 0 20
1403 A 240808 240738 19 2 23 3 0 0 0 23
1404 A 250792 250728 13 2 22 6 0 0 0 21
1405 T 262784 14 262691 17 3 0 16 0 0 43
1406 T 269955 29 269865 22 4 0 4 0 0 31
1407 A 269742 269646 34 4 25 6 0 0 0 27
1408 A 270004 269936 13 3 32 7 0 0 0 13
1409 A 267980 267872 13 4 49 9 0 0 0 33
1410 G 327620 22 24 6 327494 0 0 0 21 53
1411 A 327796 327687 16 5 45 7 0 0 0 36
1412 A 347271 347160 30 4 34 9 0 0 0 34
1413 T 301408 17 301311 17 3 0 9 0 0 51
1414 A 290541 290477 12 3 26 4 0 0 0 19
1415 A 311912 311813 12 2 48 18 0 0 0 19
1416 T 324504 21 324369 33 6 0 9 0 0 66
1417 G 329956 54 45 22 329777 0 0 0 9 49
1418 C 339846 49 33 339667 25 0 0 15 0 57
1419 C 328014 30 43 327886 14 0 0 3 0 38
1420 A 333253 333145 22 7 49 6 0 0 0 24
1421 A 328459 328383 12 3 24 8 0 0 0 29
1422 A 333905 333828 10 1 46 5 0 0 0 15
1423 G 342361 28 14 4 342254 0 0 0 8 53
1424 A 344618 344489 25 3 63 3 0 0 0 35
1425 A 348662 348585 12 5 35 7 0 0 0 18
1426 A 342640 342557 17 1 35 6 0 0 0 24
1427 T 342190 14 342039 25 3 0 6 0 0 103
1428 C 337358 42 59 337202 11 0 0 8 0 36
1429 G 342390 81 37 13 342213 0 0 0 8 38
1430 G 332113 19 26 12 331981 0 0 0 4 71
1431 A 341335 341207 24 2 48 14 0 0 0 40
1432 A 316063 315953 10 1 38 8 0 0 0 53
1433 A 326181 326080 16 1 33 3 0 0 0 48
1434 T 328291 20 328181 27 3 0 10 0 0 50
1435 G 329574 34 46 8 329459 0 0 0 3 24
1436 G 334127 18 29 13 334035 0 0 0 6 26
1437 G 330905 25 21 8 330820 0 0 0 6 25
1438 T 327385 45 325860 40 28 0 9 0 0 1403
1439 G 339224 31 32 7 339098 0 0 0 16 40
1440 T 339184 17 338995 33 32 0 6 0 0 101
1441 T 372017 6 371942 37 4 0 8 0 0 20
1442 T 339347 13 339271 34 0 0 11 0 0 18
1443 T 337534 12 337411 42 16 0 4 0 0 49
1444 G 345837 40 50 14 345669 0 0 0 20 44
1445 A 341428 341278 20 4 62 8 0 0 0 56
1446 G 354400 29 18 7 354304 0 0 0 11 31
1447 T 354557 31 354326 39 6 0 9 0 0 146
1448 T 344547 13 344470 28 7 0 4 0 0 25
1449 C 350165 35 36 350036 19 0 0 10 0 29
1450 T 356310 23 356158 75 5 0 6 0 0 43
1451 A 357848 357424 32 5 58 12 0 0 0 317
1452 C 367272 32 24 367166 10 0 0 14 0 26
1453 C 358282 40 23 358154 9 0 0 19 0 37
1454 A 356410 356150 41 12 41 10 0 0 0 156
1455 C 389253 25 41 389130 6 0 0 19 0 32
1456 A 393539 393428 24 8 46 10 0 0 0 23
1457 A 394160 394044 7 5 47 18 0 0 0 39
1458 G 417570 26 23 6 417432 0 0 0 35 48
1459 T 364681 25 364322 38 7 0 6 0 0 283
1460 G 376716 36 22 6 376582 0 0 0 26 44
1461 T 367073 24 366669 57 10 0 10 0 0 303
1462 G 372039 46 28 18 371909 0 0 0 2 36
1463 A 373008 372766 47 3 90 16 0 0 0 86
1464 C 369598 19 49 369465 15 0 0 5 0 45
1465 A 376586 376494 13 1 40 15 0 0 0 23
1466 A 374556 374446 17 1 29 10 0 0 0 53
1467 T 370295 20 370151 35 2 0 7 0 0 80
1468 G 371382 39 36 11 371233 0 0 0 7 56
1469 A 374843 374730 23 2 50 6 0 0 0 32
1470 A 376684 376581 19 2 50 6 0 0 0 26
1471 T 382618 25 382474 36 4 0 8 0 0 71
1472 G 383398 34 45 18 383229 0 0 0 10 62
1473 C 384020 45 56 383848 14 0 0 10 0 47
1474 A 391686 391501 30 5 56 7 0 0 0 87
1475 T 389995 41 389831 34 4 0 4 0 0 81
1476 G 387587 60 38 4 387436 0 0 0 15 34
1477 G 387556 33 34 11 387444 0 0 0 7 27
1478 A 380047 379921 26 2 46 7 0 0 0 45
1479 A 374014 373903 18 1 44 13 0 0 0 35
1480 A 363647 363522 9 9 55 7 0 0 0 45
1481 G 386218 32 18 3 386089 0 0 0 15 61
1482 T 377117 18 376529 37 7 0 10 0 0 516
1483 G 396208 39 33 11 396089 0 0 0 11 25
1484 T 391902 19 391633 41 10 0 17 0 0 182
1485 A 384988 384871 18 1 50 6 0 0 0 42
1486 A 381232 381092 18 2 64 13 0 0 0 43
1487 G 382192 40 27 8 382075 0 0 0 11 31
1488 A 393383 393254 17 2 50 5 0 0 0 55
1489 A 390833 390700 18 3 31 23 0 0 0 58
1490 A 349953 349853 23 11 33 5 0 0 0 28
1491 T 348142 22 348026 38 9 0 6 0 0 41
1492 G 346650 33 45 11 346506 0 0 0 3 52
1493 G 348529 28 32 17 348419 0 0 0 8 25
1494 G 356292 24 18 6 356167 0 0 0 6 71
1495 A 354537 354022 40 7 63 8 0 0 0 397
1496 C 350603 23 21 350496 14 0 0 16 0 33
1497 T 329412 16 329330 41 1 0 7 0 0 17
1498 T 332310 6 332230 36 2 0 19 0 0 17
1499 A 368290 368194 14 0 36 5 0 0 0 41
1500 T 362826 37 362700 42 4 0 10 0 0 33
1501 G 350576 41 24 2 350467 0 0 0 9 33
1502 A 345632 345510 32 1 30 14 0 0 0 45
1503 T 350743 30 350602 37 1 0 12 0 0 61
1504 T 334923 4 334875 23 2 0 4 0 0 15
1505 A 372651 372526 21 2 31 15 0 0 0 56
1506 T 374027 41 373851 58 3 0 7 0 0 67
1507 C 369069 42 33 368952 12 0 0 4 0 26
1508 C 368839 43 41 368699 16 0 0 4 0 36
1509 A 371675 371496 16 24 53 9 0 0 0 77
1510 A 373380 373302 16 3 30 13 0 0 0 16
1511 A 371205 371122 12 1 27 4 0 0 0 39
1512 A 382060 381964 33 2 29 9 0 0 0 23
1513 T 383238 22 383140 31 4 0 4 0 0 37
1514 A 389398 389302 33 1 23 13 0 0 0 26
1515 T 391325 15 391201 52 3 0 12 0 0 42
1516 T 389140 31 389007 45 1 0 8 0 0 48
1517 C 387723 46 53 387544 15 0 0 13 0 52
1518 A 383672 383478 22 6 97 9 0 0 0 60
1519 G 383697 23 34 14 383544 0 0 0 4 78
1520 A 369920 369839 16 2 32 10 0 0 0 21
1521 A 359869 359738 26 1 52 3 0 0 0 49
1522 G 347474 30 24 6 347357 0 0 0 7 50
1523 A 342607 342442 19 5 34 4 0 0 0 103
1524 A 345085 344964 32 1 37 3 0 0 0 48
1525 T 345760 25 345614 33 1 0 5 0 0 82
1526 C 348032 47 34 347892 9 0 0 13 0 37
1527 A 347422 347323 18 8 55 3 0 0 0 15
1528 A 391621 391505 19 1 33 14 0 0 0 49
1529 A 392147 392021 6 8 76 11 0 0 0 25
1530 G 338308 26 14 4 338226 0 0 0 5 33
1531 T 336625 15 336455 28 5 0 8 0 0 114
1532 T 328630 16 328536 38 4 0 2 0 0 34
1533 G 338086 38 39 14 337933 0 0 0 14 48
1534 A 352849 352739 30 3 49 5 0 0 0 23
1535 A 354403 354234 25 7 66 6 0 0 0 65
1536 C 355763 26 50 355590 14 0 0 7 0 76
1537 A 314053 313905 22 22 68 5 0 0 0 31
1538 G 411145 52 59 9 410962 0 0 0 26 37
1539 G 420312 49 37 19 420143 0 0 0 18 46
1540 G 438021 41 52 19 437853 0 0 0 17 39
1541 A 438019 437706 32 2 207 12 0 0 0 60
1542 A 424653 424493 18 14 78 8 0 0 0 42
1543 A 436960 436827 9 8 59 27 0 0 0 30
1544 A 433581 433297 26 9 188 16 0 0 0 45
1545 G 464212 52 29 11 464050 0 0 0 30 40
1546 A 464405 464161 64 1 45 11 0 0 0 123
1547 T 461724 32 461582 35 5 0 13 0 0 57
1548 A 454339 454117 25 5 103 22 0 0 0 67
1549 G 447627 30 45 9 447510 0 0 0 9 24
1550 A 447490 447322 31 1 47 12 0 0 0 77
1551 T 448463 36 448256 41 3 0 10 0 0 117
1552 G 437162 41 31 7 437037 0 0 0 9 37
1553 G 444747 35 57 21 444575 0 0 0 13 46
1554 A 422433 422204 32 3 80 4 0 0 0 110
1555 G 424239 36 18 8 424139 0 0 0 4 34
1556 T 461565 38 460350 72 7 0 5 0 0 1093
1557 G 462100 53 45 15 461910 0 0 0 12 65
1558 A 484304 484081 20 4 62 10 0 0 0 127
1559 A 486357 486226 24 3 56 9 0 0 0 39
1560 A 491193 491071 25 3 26 11 0 0 0 57
1561 T 484859 19 484700 42 2 0 15 0 0 81
1562 T 479022 16 478927 42 9 0 9 0 0 19
1563 G 481266 55 49 19 481093 0 0 0 11 39
1564 G 490113 37 52 19 489958 0 0 0 13 34
1565 A 492577 492410 29 8 84 18 0 0 0 28
1566 A 505497 505313 17 4 61 16 0 0 0 86
1567 T 499909 52 499694 51 24 0 12 0 0 76
1568 C 562411 44 63 562197 13 0 0 24 0 70
1569 A 563768 563576 31 59 69 9 0 0 0 24
1570 A 579441 579294 37 9 62 5 0 0 0 34
1571 T 572283 94 572019 67 13 0 20 0 0 70
1572 G 546312 52 131 15 546081 0 0 0 4 29
1573 G 563967 36 104 14 563726 0 0 0 19 68
1574 G 583869 43 109 20 583581 0 0 0 14 102
1575 G 587737 72 77 26 587503 0 0 0 15 44
1576 G 603900 78 84 21 603574 0 0 0 18 125
1577 T 524806 29 522858 81 45 0 18 0 0 1775
1578 G 563322 89 58 21 563001 0 0 0 22 131
1579 T 550749 45 550349 117 14 0 14 0 0 210
1580 A 561308 561119 68 3 64 8 0 0 0 46
1581 T 564949 52 564712 78 5 0 23 0 0 79
1582 C 557420 67 51 557225 22 0 0 15 0 40
1583 A 536700 536397 38 12 143 21 0 0 0 89
1584 G 564231 29 38 26 564092 0 0 0 11 35
1585 A 547016 546856 29 4 59 13 0 0 0 55
1586 T 548638 28 548444 55 1 0 30 0 0 80
1587 T 439008 17 438909 37 1 0 14 0 0 30
1588 C 433663 32 28 433540 14 0 0 6 0 43
1589 T 419098 31 418935 76 7 0 9 0 0 40
1590 G 425289 60 30 11 425140 0 0 0 14 34
1591 G 424772 33 29 15 424661 0 0 0 4 30
1592 C 405670 54 84 405424 34 0 0 4 0 70
1593 G 397275 56 25 18 397079 0 0 0 14 83
1594 A 473594 473405 45 4 31 14 0 0 0 95
1595 T 477483 20 477298 41 54 0 11 0 0 59
1596 C 578906 45 41 578645 11 0 0 37 0 127
1597 T 576861 36 576600 124 52 0 19 0 0 30
1598 A 644419 643726 56 5 68 35 0 0 0 529
1599 C 650334 41 49 650185 12 0 0 26 0 21
1600 T 650384 70 650108 105 9 0 10 0 0 82
1601 C 661567 119 72 661251 29 0 0 39 0 57
1602 A 639995 639788 12 3 98 7 0 0 0 87
1603 A 676777 676491 54 7 54 36 0 0 0 135
1604 C 670705 26 39 670504 15 0 0 25 0 96
1605 T 634070 36 633848 119 12 0 6 0 0 49
1606 G 642167 98 45 25 641886 0 0 0 21 92
1607 T 608393 64 608000 66 5 0 5 0 0 253
1608 C 610296 44 125 609993 17 0 0 15 0 102
1609 G 645493 139 64 35 645182 0 0 0 8 65
1610 C 646414 65 54 646212 30 0 0 13 0 40
1611 C 665732 56 109 665426 20 0 0 26 0 95
1612 A 630032 629748 24 17 94 4 0 0 0 145
1613 G 645873 64 19 12 645698 0 0 0 25 55
1614 T 644269 33 643858 71 7 0 16 0 0 284
1615 T 629929 42 629762 64 2 0 12 0 0 47
1616 C 640909 40 71 640680 21 0 0 29 0 68
1617 A 596476 596018 59 16 78 9 0 0 0 296
1618 C 599420 26 41 599272 16 0 0 26 0 39
1619 T 588815 34 588634 79 11 0 10 0 0 47
1620 G 591461 59 48 19 591296 0 0 0 16 23
1621 G 639677 53 41 19 639484 0 0 0 31 49
1622 T 612489 69 611180 76 62 0 13 0 0 1089
1623 G 613678 74 149 21 613390 0 0 0 11 33
1624 C 630967 49 50 630493 168 0 0 18 0 189
1625 T 617512 7 617149 306 9 0 14 0 0 27
1626 T 620792 24 620599 64 2 0 9 0 0 94
1627 T 559592 12 559472 55 6 0 19 0 0 28
1628 T 558393 35 558103 56 144 0 8 0 0 47
1629 G 548170 62 62 19 547918 0 0 0 15 94
1630 G 569133 58 94 15 568910 0 0 0 12 44
1631 T 565293 42 564618 160 18 0 11 0 0 444
1632 C 571028 74 106 570775 14 0 0 7 0 52
1633 T 538633 23 538274 178 28 0 12 0 0 118
1634 C 662987 71 93 662673 20 0 0 32 0 98
1635 C 706756 52 66 706545 16 0 0 31 0 46
1636 C 705945 86 119 705666 18 0 0 17 0 39
1637 T 700540 45 699990 352 63 0 44 0 0 46
1638 G 698611 106 260 33 698168 0 0 0 8 36
1639 G 689022 65 132 16 688711 0 0 0 32 66
1640 G 736909 53 115 28 736674 0 0 0 12 27
1641 G 735505 77 51 24 735190 0 0 0 24 139
1642 G 727380 132 52 279 726763 0 0 0 68 86
1643 C 557950 70 90 557636 52 0 0 17 0 85
1644 A 553051 552842 62 6 74 6 0 0 0 61
1645 A 591374 591154 64 0 73 7 0 0 0 76
1646 T 592151 45 591942 94 3 0 9 0 0 58
1647 C 591175 62 62 590990 15 0 0 6 0 40
1648 A 587564 587294 25 15 103 15 0 0 0 112
1649 G 640551 34 18 10 640405 0 0 0 33 51
1650 T 633575 33 633258 65 23 0 11 0 0 185
1651 T 650815 40 650623 78 8 0 13 0 0 53
1652 T 637255 27 637075 63 4 0 14 0 0 72
1653 C 640475 47 47 640315 14 0 0 5 0 47
1654 T 639315 21 639070 137 14 0 15 0 0 58
1655 G 633152 59 59 21 632892 0 0 0 26 95
1656 G 636787 44 74 20 636612 0 0 0 19 18
1657 A 629841 629560 42 2 59 18 0 0 0 160
1658 T 602100 40 601924 70 4 0 9 0 0 53
1659 G 607439 78 29 15 607269 0 0 0 21 27
1660 T 592508 58 591917 60 43 0 9 0 0 421
1661 G 645989 57 48 20 645752 0 0 0 24 88
1662 T 624936 48 624459 61 17 0 12 0 0 339
1663 T 625936 46 625781 46 4 0 12 0 0 47
1664 C 629269 41 73 628974 32 0 0 28 0 121
1665 T 621133 43 620900 89 3 0 6 0 0 92
1666 A 621297 621153 23 4 57 20 0 0 0 40
1667 A 616649 616471 31 3 43 16 0 0 0 85
1668 T 610707 49 610556 43 10 0 15 0 0 34
1669 G 606981 45 74 22 606765 0 0 0 20 55
1670 G 546845 25 57 55 546621 0 0 0 18 69
1671 G 545692 51 48 23 545535 0 0 0 8 27
1672 T 538198 49 537339 59 9 0 14 0 0 728
1673 C 515167 36 40 515016 11 0 0 18 0 46
1674 T 505085 14 504943 87 7 0 5 0 0 29
1675 T 526398 14 526254 63 5 0 9 0 0 53
1676 T 527591 19 527425 87 22 0 9 0 0 29
1677 G 528111 54 72 42 527860 0 0 0 9 74
1678 C 523109 60 208 522730 33 0 1 24 0 53
1679 A 469769 469568 16 15 95 11 0 0 0 64
1680 G 505938 54 26 16 505748 0 0 0 24 70
1681 T 475481 34 475041 74 18 0 9 0 0 305
1682 G 526076 144 65 27 525781 0 0 0 15 44
1683 C 369553 42 43 369386 11 0 0 19 0 52
1684 A 368534 368382 19 11 85 2 0 0 0 35
1685 G 428808 23 41 10 428649 0 0 0 27 58
1686 A 428379 428264 33 4 35 14 0 0 0 29
1687 A 454609 454459 25 3 45 25 0 0 0 52
1688 T 454124 11 453999 27 3 0 22 0 0 62
1689 A 438245 438071 39 8 42 1 0 0 0 84
1690 T 443228 30 443048 72 2 0 22 0 0 54
1691 G 435745 73 50 19 435553 0 0 0 7 43
1692 C 439826 53 85 439598 27 0 0 14 0 49
1693 A 438008 437777 35 2 65 17 0 0 0 112
1694 T 397334 28 397169 53 1 0 8 0 0 75
1695 C 396637 36 23 396495 13 0 0 15 0 55