# amino-acid counts among definitively called codons
# POSITION TOTAL_COUNTS WT N_A N_C N_D N_E N_F N_G N_H N_I N_K N_L N_M N_N N_P N_Q N_R N_S N_T N_V N_W N_Y N_STOP
1 310730 M 0 0 0 0 0 0 0 60 12 13 310563 4 0 0 4 0 37 37 0 0 0
2 313568 K 0 0 0 31 0 0 0 0 313445 0 12 23 0 4 36 0 4 0 0 0 13
3 325305 A 325132 0 0 32 0 23 0 0 0 0 0 0 11 0 0 35 44 28 0 0 0
4 340831 K 0 0 0 32 0 0 0 5 340732 0 1 26 0 1 25 0 0 0 0 0 9
5 355022 L 0 0 0 0 0 0 1 13 0 354961 0 0 33 7 0 0 0 6 0 1 0
6 382445 L 0 1 0 0 0 0 0 0 0 382331 25 0 37 41 2 0 1 7 0 0 0
7 451725 V 59 0 47 0 18 9 0 41 0 15 0 0 1 0 0 3 0 451532 0 0 0
8 561982 L 0 4 0 0 1 0 0 1 1 561689 34 0 179 21 27 5 0 20 0 0 0
9 719232 L 0 2 0 1 48 0 0 54 1 719034 0 0 0 0 1 47 0 24 0 8 12
10 654900 Y 0 53 8 0 39 0 54 1 0 1 7 41 0 1 0 3 2 0 0 654644 46
11 583095 A 582715 1 0 55 1 27 0 1 0 1 1 0 23 1 0 77 86 103 0 0 3
12 605396 F 0 3 0 0 605135 0 1 49 0 77 1 0 0 0 0 106 0 4 0 20 0
13 606386 V 54 0 0 61 0 5 0 37 0 57 0 0 0 0 0 0 1 606169 0 1 1
14 601565 A 601368 0 50 0 0 12 0 0 0 0 0 0 16 0 0 59 35 25 0 0 0
15 603388 T 50 0 0 0 0 0 0 63 31 1 0 0 4 0 14 52 603173 0 0 0 0
16 606024 D 3 0 605768 27 0 40 10 0 0 0 0 117 0 1 0 2 0 28 0 28 0
17 611213 A 610869 0 0 76 0 20 0 0 2 0 1 0 13 0 0 58 90 84 0 0 0
18 614260 D 6 1 613994 48 0 61 30 0 1 0 0 27 0 0 0 2 2 48 0 40 0
19 594929 T 77 0 1 0 0 0 1 63 37 2 0 3 5 2 9 69 594660 0 0 0 0
20 723575 I 0 0 0 0 1 0 0 723291 41 29 61 0 0 6 29 3 48 63 0 3 0
21 765009 C 0 764582 0 0 44 38 0 0 0 1 1 0 0 2 83 70 0 2 2 103 81
22 790573 I 0 4 0 0 0 0 0 790119 75 57 129 1 0 0 9 2 77 96 0 2 2
23 671790 G 14 79 38 0 0 671516 0 0 0 2 1 0 0 0 17 48 0 73 0 1 1
24 635710 Y 0 65 2 0 57 0 90 0 0 3 0 16 0 0 0 10 0 0 0 635411 56
25 638595 H 0 0 12 0 0 1 638317 0 0 35 0 53 6 43 65 1 0 1 0 61 0
26 637581 A 637235 0 0 84 0 44 0 0 0 0 0 0 12 0 1 53 58 94 0 0 0
27 680663 N 0 0 59 1 0 0 2 56 41 0 0 680388 0 0 0 66 0 0 0 49 1
28 688130 N 0 0 57 0 0 0 4 48 28 0 0 687932 1 0 0 45 2 0 0 13 0
29 699111 S 6 0 0 0 0 0 0 0 0 56 0 0 101 0 0 698787 56 0 0 0 105
30 705456 T 75 1 0 0 0 0 0 71 0 0 1 26 5 0 0 49 705226 2 0 0 0
31 702788 D 4 0 702385 57 0 53 18 0 1 0 0 127 0 0 0 1 3 52 0 86 1
32 654394 T 66 0 0 0 0 0 0 35 1 0 0 20 2 0 0 49 654220 1 0 0 0
33 860852 V 83 7 74 0 49 6 0 100 0 27 0 0 1 0 0 2 2 860500 0 1 0
34 833292 D 17 1 832824 65 0 90 20 0 1 0 0 97 0 1 0 4 6 102 0 63 1
35 626720 T 84 0 0 1 0 0 0 51 19 2 1 1 5 5 12 65 626474 0 0 0 0
36 612600 I 0 25 0 0 0 0 0 612322 40 38 57 1 0 2 1 0 58 55 0 1 0
37 566689 L 0 0 0 0 39 0 44 24 0 566489 0 0 72 0 1 1 1 17 0 1 0
38 571774 E 5 0 44 571420 0 87 0 0 86 1 0 0 0 14 1 0 1 47 0 0 68
39 559393 K 0 0 0 50 0 0 0 0 559192 0 22 44 0 2 65 0 1 0 0 0 17
40 561097 N 0 1 51 1 0 0 0 22 33 1 1 560909 0 0 0 43 1 0 0 34 0
41 554995 V 57 3 0 65 0 4 0 0 0 36 69 0 0 0 0 0 0 554760 1 0 0
42 563953 A 562063 0 1 83 0 27 0 0 1 1 0 0 16 2 0 1588 54 117 0 0 0
43 564850 V 73 2 0 41 0 7 0 0 0 1662 46 0 0 0 5 0 0 563013 0 0 1
44 551261 T 56 0 0 0 0 0 0 75 18 0 0 0 1682 0 15 66 549348 0 0 0 1
45 548878 H 0 0 17 0 0 5 548677 2 0 23 0 19 3 20 61 0 4 0 0 47 0
46 485832 S 44 11 1 0 43 0 0 0 0 8 0 0 44 0 0 485599 33 0 0 49 0
47 571379 V 58 9 39 0 23 3 0 55 0 15 0 0 0 0 0 3 0 571173 0 0 1
48 474821 N 0 0 47 0 0 0 1 39 32 0 0 474618 0 0 0 33 8 0 0 43 0
49 343780 L 0 3 0 0 0 0 0 1 0 343668 26 0 57 19 3 0 0 3 0 0 0
50 452242 L 0 0 0 0 30 0 25 42 0 452059 0 0 61 0 2 1 0 22 0 0 0
51 443634 E 4 20 21 443388 0 53 0 0 58 0 0 0 0 14 1 1 0 24 0 0 50
52 475848 D 1 0 475615 39 0 58 43 0 0 0 0 27 0 1 0 2 0 34 0 28 0
53 497647 S 1 73 0 0 0 96 0 54 0 0 0 64 0 1 74 497267 17 0 0 0 0
54 512100 H 1 0 16 0 0 0 511862 0 0 41 0 34 7 35 49 2 3 0 0 50 0
55 522404 N 0 0 72 0 0 0 4 31 28 1 0 522176 0 1 0 65 5 1 0 20 0
56 525316 G 19 0 0 49 0 525054 0 0 0 0 0 0 0 0 93 2 1 32 66 0 0
57 524202 K 0 0 0 69 0 1 0 27 523949 0 0 74 0 2 58 0 2 1 0 0 19
58 449469 L 0 0 0 0 0 0 0 32 0 449342 0 0 73 11 2 0 0 7 0 1 1
59 474739 C 0 474498 0 0 23 8 0 1 0 4 4 0 0 0 46 37 0 0 5 56 57
60 431033 K 1 0 0 54 0 0 0 13 430888 1 0 18 0 1 37 0 4 0 0 0 16
61 405284 L 0 0 0 0 54 0 0 31 0 405145 1 0 1 0 1 27 0 1 0 0 23
62 306837 K 0 0 0 25 0 0 0 5 306741 0 0 20 0 1 25 0 3 0 0 0 17
63 314784 G 11 0 0 38 0 314639 0 0 0 0 0 1 0 0 34 0 1 33 0 0 27
64 333883 I 0 0 0 0 0 0 0 333677 36 18 66 8 0 0 1 0 28 40 0 0 9
65 401779 A 401559 0 39 0 0 11 0 0 0 0 0 0 24 1 0 77 33 35 0 0 0
66 351095 P 16 0 0 0 0 0 3 0 0 22 0 0 350906 48 15 29 56 0 0 0 0
67 410204 L 0 0 0 0 0 0 2 18 0 410087 0 0 68 15 5 0 3 5 0 1 0
68 420089 Q 0 0 1 4 0 0 13 0 34 15 0 3 6 419925 44 0 4 0 0 0 40
69 392385 L 0 0 0 0 59 0 0 9 0 392244 15 0 0 0 1 39 1 1 4 0 12
70 387401 G 13 0 0 45 0 387212 0 0 0 7 1 0 0 0 34 0 0 27 62 0 0
71 361124 K 0 0 0 27 0 0 0 11 360980 1 1 30 0 2 55 0 0 1 0 0 16
72 405350 C 0 405151 1 0 33 2 0 0 0 0 9 0 0 0 42 27 0 1 4 48 32
73 414130 N 0 0 68 0 0 1 1 27 27 0 0 413939 0 0 0 47 4 0 0 16 0
74 396017 I 0 0 0 0 16 0 0 395879 0 0 7 26 1 0 1 1 37 49 0 0 0
75 432938 T 47 1 0 0 0 0 1 41 0 0 0 14 1 5 0 35 432792 1 0 0 0
76 449864 G 9 0 3 32 0 449632 0 0 0 0 0 0 0 0 102 0 0 44 0 0 42
77 429816 W 0 57 0 0 0 2 0 0 0 44 1 0 0 1 72 7 0 0 429543 0 89
78 489362 L 7 0 0 0 30 1 27 48 0 489144 0 1 69 0 2 3 0 30 0 0 0
79 426622 L 0 0 0 0 42 3 0 0 0 426483 16 0 0 0 0 59 0 0 5 0 14
80 389636 G 8 0 0 43 0 389468 0 0 0 1 0 0 0 0 49 0 0 32 1 0 34
81 508993 N 0 2 61 0 0 0 2 26 32 2 0 508810 1 4 0 42 1 0 0 10 0
82 550242 P 8 0 0 0 0 0 0 0 0 62 0 0 550001 57 21 45 48 0 0 0 0
83 563606 E 3 0 21 563398 0 50 0 0 36 1 0 1 0 16 6 0 1 22 0 0 51
84 580303 C 0 579980 0 0 60 5 0 0 0 0 0 0 0 0 67 41 0 0 31 43 76
85 595096 D 3 2 594763 43 0 71 15 0 0 2 0 85 0 0 0 0 1 53 0 58 0
86 587918 S 8 0 0 0 1 0 0 0 0 55 0 0 50 1 1 587650 50 0 0 0 102
87 591341 L 0 1 0 0 0 0 0 0 0 591162 26 0 90 43 5 0 0 14 0 0 0
88 553838 L 0 2 0 0 29 0 9 49 0 553655 0 0 78 0 1 0 0 15 0 0 0
89 536082 P 13 0 0 0 0 1 0 0 0 64 0 0 535845 55 20 27 57 0 0 0 0
90 474990 A 474744 0 0 44 0 13 0 0 0 0 0 1 9 0 0 47 25 107 0 0 0
91 446455 R 0 0 0 0 0 46 0 32 29 0 0 0 0 0 446279 33 11 1 0 0 24
92 435766 S 2 1 1 0 0 0 0 0 0 44 0 0 42 1 0 435617 18 0 0 1 39
93 440462 W 0 30 0 0 0 2 0 0 0 39 0 0 1 0 75 9 0 0 440214 0 92
94 422037 S 5 20 0 0 41 0 0 0 0 0 0 0 48 0 0 421853 38 6 0 26 0
95 542955 Y 0 87 17 0 37 0 110 0 0 4 1 30 2 1 0 3 0 0 0 542612 51
96 512564 I 0 0 0 0 24 0 3 512410 0 3 1 24 0 2 0 0 46 51 0 0 0
97 544423 V 64 3 0 62 0 1 0 50 0 41 0 0 0 1 0 0 0 544200 0 0 1
98 533375 E 3 1 14 533195 0 46 0 0 32 0 0 1 0 11 3 0 1 22 0 0 46
99 565489 T 53 1 1 1 0 0 1 55 19 1 0 1 14 0 8 24 565310 0 0 0 0
100 572631 P 7 0 0 0 0 0 0 0 0 48 0 0 572438 62 9 35 32 0 0 0 0
101 587362 N 0 0 38 0 0 0 3 10 28 0 0 587212 0 0 0 45 21 0 0 5 0
102 605505 S 7 14 1 0 28 0 0 0 0 2 0 0 65 3 0 605308 17 0 0 59 1
103 620612 E 3 0 62 620213 0 133 0 0 66 0 0 0 0 14 4 0 0 47 0 0 70
104 626478 N 0 0 76 1 1 0 2 34 38 0 0 626221 0 5 1 74 0 0 0 25 0
105 637467 G 14 1 1 57 0 637177 1 0 0 0 0 0 0 1 79 0 0 70 1 0 65
106 628795 A 628439 0 0 84 0 31 2 0 0 0 0 0 23 0 5 65 56 89 0 0 1
107 641951 C 1 641660 0 0 29 4 1 0 0 1 5 0 1 0 77 43 0 1 6 59 63
108 608272 Y 1 60 10 0 23 0 59 12 0 5 1 10 0 0 0 8 1 0 0 608034 48
109 550990 P 18 0 0 0 0 0 0 0 0 103 0 0 550710 56 23 26 54 0 0 0 0
110 420629 G 14 2 0 34 0 420416 0 0 0 0 0 0 0 0 67 0 0 53 0 0 43
111 414695 D 0 0 414538 14 0 50 9 1 0 0 0 29 0 2 0 0 0 34 0 18 0
112 496422 L 0 0 0 0 22 0 41 37 0 496227 1 0 79 0 4 3 0 7 0 1 0
113 503024 I 0 1 0 0 29 0 0 502844 0 2 13 40 0 1 1 1 34 58 0 0 0
114 533080 D 3 0 532789 32 0 52 12 0 0 1 0 98 0 0 0 2 0 48 0 43 0
115 558010 Y 0 45 10 0 47 1 56 1 0 1 0 12 0 0 0 3 3 1 0 557770 60
116 603585 E 10 0 71 603160 1 116 0 0 61 1 4 0 1 30 1 0 0 27 1 0 101
117 578406 E 2 0 39 578197 0 47 0 0 35 1 0 1 0 8 0 0 0 34 0 0 42
118 547213 L 0 0 0 0 0 0 0 0 0 547062 21 0 99 10 7 0 2 11 0 0 1
119 535751 R 0 0 0 4 0 93 0 0 29 5 80 0 0 0 535422 82 10 0 26 0 0
120 505919 E 3 0 53 505571 0 91 0 0 114 2 0 0 0 19 0 4 0 12 0 0 50
121 474955 Q 0 0 0 18 0 0 30 0 49 25 0 2 3 474644 50 1 0 0 0 0 133
122 472791 L 0 0 0 0 62 0 0 1 0 472613 20 0 0 0 0 55 0 1 1 0 38
123 392035 S 1 14 0 0 0 66 0 30 0 2 0 38 1 0 48 391820 15 0 0 0 0
124 304200 S 5 0 0 0 0 0 0 0 0 39 0 0 47 2 0 304041 18 0 0 0 48
125 387219 V 35 0 0 30 0 0 0 29 0 32 0 0 0 0 2 0 0 387091 0 0 0
126 391120 S 0 1 0 0 0 0 0 0 0 37 0 0 36 1 1 390966 20 2 0 0 56
127 375390 S 2 0 0 0 0 0 0 1 0 39 0 0 35 1 1 375233 38 0 0 1 39
128 369841 L 0 1 0 0 24 0 1 27 0 369737 0 0 0 0 0 40 0 3 0 0 8
129 427872 E 4 0 12 427695 0 55 0 0 25 0 0 0 0 16 2 0 0 25 0 0 38
130 402796 R 0 0 0 0 0 44 0 28 14 1 0 0 0 0 402659 28 3 0 0 0 19
131 431541 F 0 1 0 0 431356 0 0 18 0 114 0 0 0 0 0 21 0 0 0 31 0
132 451161 E 1 0 25 450926 0 56 0 0 70 0 0 0 0 16 0 0 0 22 0 0 45
133 453432 I 0 0 0 0 0 0 0 453285 12 18 30 4 0 1 1 0 43 38 0 0 0
134 469803 F 0 1 0 0 469578 0 0 29 0 94 0 0 0 0 0 57 0 3 0 41 0
135 473407 P 14 0 1 0 0 1 38 0 0 42 0 0 473190 1 16 61 43 0 0 0 0
136 466484 K 0 0 0 65 0 0 0 0 466251 3 22 42 0 5 70 0 2 1 0 1 22
137 499285 E 0 0 16 499064 0 70 0 0 36 1 0 0 0 14 0 0 5 35 0 0 44
138 473695 S 0 6 0 0 0 88 0 19 3 0 0 32 0 0 31 473507 4 5 0 0 0
139 477670 S 3 0 1 0 19 0 0 0 0 53 0 0 39 0 1 477481 17 0 0 1 55
140 441569 W 0 64 0 0 0 5 0 0 0 24 23 0 0 0 101 12 0 0 441241 1 98
141 357729 P 47 0 0 0 0 0 34 0 0 42 0 0 357525 0 10 46 25 0 0 0 0
142 357370 N 0 0 45 0 0 0 3 15 32 0 0 357218 3 0 0 34 7 0 0 13 0
143 331462 H 0 0 8 0 0 0 331326 0 0 37 0 14 4 18 20 0 8 0 0 27 0
144 322836 T 43 0 0 0 0 1 0 37 12 0 0 1 2 2 7 16 322715 0 0 0 0
145 323428 F 0 2 0 0 323297 0 1 16 0 62 0 0 0 0 0 39 0 0 0 11 0
146 314384 N 0 0 48 0 0 0 2 15 14 2 0 314249 0 1 0 37 4 0 0 12 0
147 294671 G 7 0 0 23 0 294524 0 0 0 0 0 0 0 1 49 0 0 39 0 0 28
148 299578 V 28 0 0 12 0 3 0 25 0 13 0 0 0 1 0 1 1 299493 0 0 1
149 302658 T 22 0 0 0 0 0 0 27 10 0 0 0 0 4 11 29 302555 0 0 0 0
150 293489 V 46 0 0 15 0 5 0 29 0 21 0 0 0 0 0 2 0 293371 0 0 0
151 314925 S 1 0 0 0 1 0 0 0 0 28 0 0 33 1 0 314793 27 1 0 0 40
152 292550 C 0 292369 0 0 32 1 0 0 0 0 0 0 0 0 42 39 0 0 3 40 24
153 271549 S 3 6 0 0 36 0 0 0 0 6 0 0 46 0 0 271413 11 0 0 28 0
154 280026 H 1 0 4 0 0 0 279874 4 0 21 0 35 17 13 23 0 0 0 0 34 0
155 295276 R 0 0 0 0 0 67 0 0 28 0 44 0 0 0 295037 44 9 0 21 1 25
156 305692 G 10 0 0 23 0 305578 0 0 0 0 0 0 0 0 33 0 0 20 0 0 28
157 325776 K 0 0 0 43 0 0 0 14 325652 0 0 32 0 1 20 2 1 0 0 0 11
158 341006 S 9 13 0 0 0 96 0 34 11 0 0 27 0 0 61 340741 14 0 0 0 0
159 354838 S 0 14 0 0 0 45 0 16 0 1 0 11 0 12 33 354701 1 4 0 0 0
160 388940 F 0 2 0 0 388826 0 0 23 0 53 0 0 0 0 0 26 0 1 0 9 0
161 406947 Y 0 41 0 0 24 0 36 0 0 1 0 3 0 0 0 2 5 0 0 406801 34
162 395672 R 0 0 0 1 0 111 0 24 28 1 0 0 0 2 395452 24 6 0 0 0 23
163 394087 N 0 0 43 0 1 0 0 17 23 0 0 393970 0 1 0 25 1 0 0 6 0
164 378993 L 0 2 0 0 77 0 0 0 0 378837 10 0 0 0 3 40 0 6 2 0 16
165 357683 L 0 0 0 0 0 0 0 25 0 357591 0 0 44 8 0 0 0 15 0 0 0
166 334852 W 1 50 0 0 0 1 0 0 0 25 0 0 0 0 54 12 0 0 334632 0 77
167 318621 L 0 0 0 0 0 0 0 0 0 318530 27 0 30 12 6 0 0 16 0 0 0
168 326394 T 33 0 1 0 0 0 0 0 14 0 77 0 4 1 18 13 326233 0 0 0 0
169 261759 K 0 0 0 26 0 0 0 0 261620 0 18 23 0 1 55 0 5 0 0 0 11
170 272943 K 0 1 0 38 0 0 0 0 272787 0 20 35 0 0 49 0 1 0 0 0 12
171 288861 G 9 0 0 28 0 288702 0 0 1 0 0 0 0 1 31 0 0 39 50 0 0
172 276504 D 0 0 276334 17 0 37 10 1 0 0 0 52 0 0 0 4 0 21 0 28 0
173 307565 S 2 0 0 0 2 0 0 0 0 35 0 0 40 0 0 307426 18 0 0 0 42
174 311505 Y 0 44 2 0 14 0 37 2 0 1 0 23 0 0 0 0 0 0 0 311353 29
175 297477 P 8 0 0 0 0 0 0 0 1 30 0 0 297334 39 9 23 33 0 0 0 0
176 376043 K 0 1 1 30 1 1 0 0 375885 0 16 47 0 1 41 0 7 0 0 0 12
177 363295 L 0 0 0 0 0 0 0 0 0 363175 43 0 52 7 5 0 1 11 0 0 1
178 433286 T 43 0 3 1 0 0 0 46 1 0 0 25 1 0 0 61 433105 0 0 0 0
179 474620 N 0 0 58 0 0 0 2 19 23 4 0 474448 0 0 0 40 1 0 0 24 1
180 539600 S 2 19 0 0 36 0 0 2 0 0 0 0 68 1 0 539404 37 0 0 31 0
181 552826 Y 0 57 2 0 23 0 121 0 0 0 0 15 3 1 0 2 0 0 0 552558 44
182 539257 V 81 2 1 62 1 4 0 0 0 46 66 0 0 0 1 0 1 538992 0 0 0
183 545706 N 0 0 69 6 0 0 1 39 43 0 0 545443 1 1 0 65 8 0 0 30 0
184 548819 N 0 0 45 0 0 0 1 26 34 0 0 548634 0 16 0 36 0 0 0 27 0
185 530750 K 0 0 0 65 0 0 0 32 530535 1 0 28 1 2 49 0 6 0 0 0 31
186 560623 G 30 0 1 51 0 560349 0 0 0 0 0 0 0 1 60 0 0 63 68 0 0
187 563370 K 0 0 0 95 0 0 0 20 563078 0 0 42 0 4 88 0 3 1 0 0 39
188 536137 E 1 0 21 535950 0 53 0 0 31 0 0 0 0 15 2 0 1 30 0 0 33
189 495704 V 61 0 40 0 19 2 0 29 0 9 0 0 0 0 0 1 0 495543 0 0 0
190 483160 L 0 0 2 1 31 0 30 30 0 482933 0 0 102 6 8 6 0 11 0 0 0
191 533321 V 53 0 1 62 0 2 0 44 0 37 0 0 0 2 12 0 3 533104 0 1 0
192 527322 L 0 0 0 0 0 0 1 27 0 527187 4 0 68 19 1 0 4 9 0 2 0
193 541228 W 0 98 0 0 0 6 0 0 0 75 4 0 1 0 90 17 0 0 540844 2 91
194 565781 G 11 59 29 0 0 565593 0 0 0 1 0 1 0 4 11 36 0 35 0 1 0
195 611627 V 101 1 15 0 25 1 0 73 0 15 0 0 0 0 0 0 0 611394 0 2 0
196 636079 H 0 0 21 1 0 0 635724 1 0 46 0 51 3 68 81 2 0 1 0 80 0
197 626795 H 0 0 11 0 0 0 626514 0 0 36 0 46 5 48 71 3 3 0 0 58 0
198 608478 P 24 0 0 0 0 0 0 0 0 80 0 0 608174 87 14 45 54 0 0 0 0
199 638079 S 1 12 0 0 35 0 0 0 0 0 0 0 63 0 0 637876 37 4 0 51 0
200 654480 S 1 27 0 0 0 69 0 81 0 1 0 35 0 0 94 654149 21 0 0 0 2
201 581213 S 0 33 0 0 0 89 0 25 0 0 0 43 0 0 44 580972 7 0 0 0 0
202 643108 D 4 3 642808 62 0 67 10 0 0 0 0 49 0 3 0 1 0 50 0 51 0
203 696983 E 5 0 75 696588 0 101 0 0 78 1 0 0 0 24 3 0 0 35 0 0 73
204 688105 Q 2 0 0 18 0 0 61 0 74 43 0 2 4 687730 84 0 1 0 0 0 86
205 623931 Q 1 0 0 13 0 0 84 0 38 63 1 0 15 623529 132 0 0 0 0 2 53
206 571517 S 0 40 0 0 0 76 0 17 0 3 0 33 0 0 44 571290 14 0 0 0 0
207 524134 L 0 0 0 0 25 0 20 38 0 523983 0 0 40 0 7 0 1 20 0 0 0
208 508814 Y 0 53 4 0 36 0 72 0 0 0 0 38 0 0 0 2 1 0 1 508562 45
209 478810 S 0 14 0 0 0 52 0 29 0 5 0 32 0 0 46 478615 14 0 0 0 3
210 396102 N 0 0 36 0 0 0 5 15 45 7 1 395963 0 0 0 21 4 0 0 4 1
211 384994 G 13 0 0 29 0 384825 0 0 0 0 0 0 0 1 61 0 0 41 2 0 22
212 398744 N 0 0 41 0 0 0 3 7 12 0 2 398621 0 3 0 29 4 0 0 22 0
213 416766 A 416626 1 26 0 0 11 0 0 0 1 0 0 15 0 0 44 24 18 0 0 0
214 418040 Y 0 23 1 0 11 0 59 0 0 0 2 4 0 0 0 3 0 0 0 417895 42
215 330388 V 31 0 24 0 15 2 0 34 0 7 0 0 0 1 1 0 0 330273 0 0 0
216 354450 S 4 7 0 0 23 0 1 0 1 1 0 0 51 0 0 354294 24 0 0 44 0
217 361697 V 44 0 1 40 0 1 0 32 0 31 0 0 0 0 0 3 0 361542 0 3 0
218 327562 A 327362 0 0 43 1 12 0 0 0 0 0 0 6 0 1 58 24 54 0 1 0
219 296790 S 1 8 0 0 25 0 0 0 0 2 0 0 35 0 0 296700 2 0 0 17 0
220 301793 S 4 0 0 0 0 0 0 0 0 23 0 0 57 0 0 301651 15 0 0 0 43
221 354301 N 0 0 36 0 0 0 0 13 12 0 0 354191 0 0 0 29 2 0 0 18 0
222 372997 Y 0 18 1 0 23 0 33 4 0 2 0 8 0 0 0 1 0 0 0 372882 25
223 352017 N 0 0 41 0 0 0 1 32 30 0 0 351869 0 0 0 40 0 1 0 2 1
224 342318 R 0 0 0 0 0 39 0 0 15 1 34 0 0 0 342166 37 6 0 20 0 0
225 369467 R 0 0 2 2 0 69 0 29 16 0 0 0 0 0 369305 23 4 0 0 0 17
226 391179 F 0 3 0 0 390970 0 0 24 0 110 0 0 0 0 1 46 0 1 0 24 0
227 420355 T 80 0 0 0 0 0 12 33 0 1 0 27 6 0 0 26 420170 0 0 0 0
228 430444 P 19 0 0 0 0 0 1 0 0 63 0 0 430116 81 61 34 69 0 0 0 0
229 432479 E 3 0 18 432291 0 51 1 0 45 0 0 0 0 7 1 0 0 18 0 0 44
230 418911 I 1 0 0 0 0 0 0 418727 9 21 69 0 0 0 4 0 37 34 0 0 9
231 383684 A 383540 0 30 0 0 11 0 0 0 0 0 0 15 0 0 47 21 20 0 0 0
232 352064 A 351817 0 1 37 0 11 0 1 0 1 0 1 27 1 0 48 86 33 0 0 0
233 388310 R 0 0 0 0 0 63 0 0 35 0 35 0 0 0 388110 44 5 0 18 0 0
234 447158 P 37 0 0 0 0 0 36 0 0 42 0 0 446941 1 12 40 49 0 0 0 0
235 451276 K 0 1 0 81 0 0 0 25 451079 0 0 7 0 21 39 1 4 3 0 0 15
236 485392 V 53 0 0 12 0 0 0 35 0 35 0 1 0 0 0 9 0 485247 0 0 0
237 461935 R 0 0 0 3 0 47 0 47 23 3 0 1 0 2 461754 32 5 0 0 0 18
238 450190 D 3 1 450044 26 0 39 6 0 0 0 0 19 0 3 1 0 0 21 0 27 0
239 454254 Q 0 0 0 12 1 0 34 0 34 17 0 1 3 454024 77 1 0 0 0 0 50
240 453996 H 0 0 11 0 0 1 453809 1 0 25 3 21 6 19 54 0 3 0 0 43 0
241 419390 G 10 0 1 33 1 419171 0 0 0 2 0 0 0 0 54 0 0 44 74 0 0
242 416680 R 0 0 0 1 0 79 0 0 44 1 34 0 0 0 416429 56 14 0 22 0 0
243 414494 M 0 0 0 0 0 0 0 93 26 30 414254 0 0 1 0 0 48 42 0 0 0
244 451799 N 1 1 71 0 0 0 0 33 29 0 0 451579 0 0 0 57 2 0 0 26 0
245 447301 Y 0 38 4 0 31 0 49 1 0 5 0 10 0 0 0 10 0 0 0 447127 26
246 498309 Y 0 53 2 0 41 0 45 0 0 9 0 9 0 0 0 8 5 0 0 498106 31
247 450885 W 0 52 0 0 1 4 0 0 0 49 0 0 0 2 114 5 1 0 450557 0 100
248 419935 T 52 1 0 0 0 0 0 42 0 0 0 19 2 0 0 24 419795 0 0 0 0
249 430136 L 0 1 0 0 65 0 0 0 0 429930 25 0 0 1 0 83 0 4 1 0 26
250 444132 L 4 0 0 0 0 0 0 56 0 443964 0 0 67 18 3 0 0 18 0 0 2
251 479835 E 2 0 19 479708 0 35 0 0 23 0 0 2 0 10 2 0 0 14 0 0 20
252 464532 P 3 0 0 0 0 0 34 0 0 28 0 0 464393 0 13 31 29 1 0 0 0
253 478822 G 16 0 0 27 0 478571 0 0 0 0 0 0 0 0 112 1 1 47 0 0 47
254 470805 D 2 0 470592 47 0 52 17 0 0 0 0 22 0 0 0 2 3 42 0 26 0
255 502850 T 77 1 0 0 0 0 1 43 27 1 0 2 5 5 9 53 502626 0 0 0 0
256 545253 I 0 0 0 0 0 0 0 545041 38 36 41 12 0 2 0 0 38 43 0 0 2
257 565216 I 0 0 0 0 0 1 0 565001 35 46 32 2 0 0 0 0 45 40 0 14 0
258 496917 F 0 1 0 0 496681 0 0 30 0 106 0 0 0 0 0 67 0 1 0 30 1
259 476829 E 5 0 33 476524 0 103 0 0 44 5 0 0 0 20 4 1 0 30 0 1 59
260 428448 A 428257 0 0 39 0 11 0 0 0 0 0 0 15 0 0 33 45 48 0 0 0
261 499202 T 49 0 0 0 0 0 0 25 0 0 0 29 2 4 0 62 499031 0 0 0 0
262 499654 G 14 40 36 0 0 499448 0 0 0 0 0 0 0 0 21 56 0 33 6 0 0
263 511394 N 0 1 56 0 0 0 1 34 22 0 0 511221 0 3 0 42 1 0 0 10 3
264 540819 L 0 0 0 0 0 0 0 46 0 540642 2 0 83 28 2 4 0 10 0 0 2
265 527583 I 0 0 0 0 0 0 0 527331 47 26 89 0 0 0 2 1 54 30 0 0 3
266 514763 A 514549 0 0 58 0 23 2 0 0 0 0 0 18 1 0 31 34 47 0 0 0
267 499726 P 17 0 0 0 0 0 3 0 0 45 0 0 499539 40 19 41 22 0 0 0 0
268 497170 W 0 65 0 0 0 4 0 0 0 39 1 0 0 0 77 9 0 1 496895 1 78
269 481982 Y 0 34 4 0 26 0 50 0 0 3 5 46 0 0 0 0 0 1 0 481796 17
270 465672 A 465473 1 39 0 0 14 0 0 0 5 0 0 10 0 0 51 57 22 0 0 0
271 406387 F 0 0 0 0 406206 0 0 26 0 91 0 0 0 3 0 45 0 2 0 14 0
272 395324 A 395102 0 5 33 0 3 0 0 0 2 0 0 18 0 0 40 72 49 0 0 0
273 388200 L 0 0 0 0 0 0 0 0 0 388037 20 0 100 14 23 0 0 5 0 0 1
274 507813 S 0 33 0 3 0 72 1 20 0 0 0 25 0 0 33 507615 8 3 0 0 0
275 607301 R 0 0 0 0 0 78 0 69 40 2 0 0 0 6 607020 31 10 4 0 0 41
276 541429 G 9 1 0 33 0 541234 0 0 0 0 0 0 0 0 49 0 0 32 71 0 0
277 525960 F 1 5 0 0 525765 0 0 22 0 73 0 0 1 0 0 58 0 20 0 14 1
278 695339 E 4 1 29 694977 0 113 0 0 66 0 0 0 0 19 2 1 0 18 0 0 109
279 694478 S 10 15 0 0 56 0 0 0 0 4 0 1 80 3 0 694185 68 3 0 53 0
280 709242 G 33 67 88 0 0 708774 0 0 0 0 1 0 0 0 19 178 1 81 0 0 0
281 703664 I 0 0 0 0 51 0 1 703406 0 6 15 20 0 0 0 1 71 93 0 0 0
282 736325 I 0 0 1 0 58 0 0 736009 0 6 22 57 1 0 0 2 85 84 0 0 0
283 727040 T 101 0 3 0 0 0 0 44 1 2 0 22 9 0 0 52 726806 0 0 0 0
284 728870 S 4 0 0 0 0 0 0 0 1 47 0 0 135 2 1 728490 41 0 0 0 149
285 753299 N 0 1 73 2 1 0 4 13 41 1 0 753052 0 0 1 50 42 1 0 17 0
286 640671 A 640373 0 0 52 0 10 0 1 0 1 1 0 22 2 1 64 66 78 0 0 0
287 655576 S 3 0 0 0 0 0 0 0 0 44 0 0 81 10 1 655315 43 3 0 1 75
288 706583 M 0 3 0 0 1 0 1 245 35 34 706117 0 0 2 5 0 85 55 0 0 0
289 696107 H 0 0 42 0 0 0 695618 1 0 59 0 98 13 47 112 0 0 0 0 117 0
290 426107 E 2 0 26 425846 0 60 0 0 52 0 0 0 0 13 11 0 0 19 0 0 78
291 495765 C 0 495464 0 0 33 4 0 0 0 6 0 0 0 0 52 65 0 6 4 83 48
292 474002 N 1 0 59 0 0 1 1 17 34 1 0 473808 0 1 0 62 9 0 0 8 0
293 422753 T 45 0 0 0 0 0 0 0 15 1 51 0 2 0 8 24 422607 0 0 0 0
294 421287 K 0 3 0 36 0 0 0 0 421118 0 20 23 0 3 53 0 4 0 0 0 27
295 432851 C 0 432659 0 0 18 4 0 0 0 2 0 0 0 0 39 27 0 1 0 58 43
296 441493 Q 0 0 0 21 0 0 22 0 38 25 0 1 7 441228 104 3 0 3 0 0 41
297 474924 T 48 0 0 0 0 0 2 36 20 1 0 5 31 7 14 13 474746 0 0 0 1
298 550917 P 14 0 0 0 0 1 40 0 0 33 0 0 550719 0 18 38 54 0 0 0 0
299 502804 Q 0 0 0 16 0 1 80 0 57 23 0 0 17 502452 95 0 1 0 0 0 62
300 504219 G 11 0 0 88 0 503958 0 0 0 0 0 0 0 5 49 1 0 54 0 0 53
301 565871 A 565579 0 46 3 0 18 0 0 0 4 0 0 14 1 0 78 66 60 0 1 1
302 796993 I 0 0 1 1 0 0 0 796622 69 72 53 0 0 1 0 0 73 87 0 13 1
303 804087 N 1 0 66 0 0 0 5 36 42 0 0 803812 0 0 0 45 34 0 0 46 0
304 731574 S 1 23 0 0 0 80 0 100 0 6 0 113 0 1 96 731118 36 0 0 0 0
305 714374 N 2 0 96 0 0 1 3 43 49 2 0 714075 0 2 0 56 3 0 0 42 0
306 716848 L 0 0 0 0 41 0 39 42 0 716540 0 0 168 0 4 4 0 10 0 0 0
307 642997 P 21 1 1 0 0 0 107 0 0 34 0 0 642729 1 11 36 56 0 0 0 0
308 644891 F 0 3 0 0 644596 0 0 26 0 141 0 1 0 0 0 95 0 1 0 28 0
309 638825 Q 0 0 0 24 0 2 63 0 37 40 0 0 7 638408 152 0 0 0 0 0 92
310 647891 N 0 0 62 0 0 0 1 38 34 0 0 647667 0 0 0 66 2 1 0 20 0
311 611126 I 0 0 0 0 0 0 0 610823 33 50 88 0 1 1 1 0 70 57 0 2 0
312 608871 H 0 0 17 0 0 0 608513 0 1 34 0 54 15 72 61 0 1 0 0 102 1
313 499019 P 12 0 0 0 0 0 0 2 0 54 0 0 498801 75 10 23 42 0 0 0 0
314 400820 V 40 0 38 0 14 5 0 37 0 7 0 0 1 0 1 4 5 400668 0 0 0
315 395015 T 112 0 0 0 0 0 1 33 24 0 0 0 1 2 13 36 394793 0 0 0 0
316 424379 I 0 0 1 0 0 0 0 424202 20 27 54 1 0 1 1 1 34 32 0 0 5
317 372902 G 9 0 0 23 0 372744 0 0 0 2 0 0 0 0 31 0 0 51 0 0 42
318 546710 E 9 0 44 546445 0 48 0 0 47 0 0 0 0 12 1 1 1 34 0 0 68
319 541160 C 2 540689 0 1 86 9 0 0 0 2 0 0 0 0 74 76 0 1 38 119 63
320 621053 P 25 0 0 1 0 0 0 0 0 68 0 0 620747 65 24 68 55 0 0 0 0
321 666864 K 0 0 0 53 0 0 0 17 666646 0 0 47 0 9 48 1 0 0 0 0 43
322 684721 Y 0 48 3 0 28 0 47 1 0 2 4 9 0 0 0 5 0 0 0 684542 32
323 693389 V 81 1 90 0 31 6 0 83 0 21 1 0 0 0 0 1 1 693073 0 0 0
324 681895 R 0 0 0 0 0 157 1 0 44 1 54 0 0 3 681520 68 15 0 32 0 0
325 660997 S 0 52 0 0 0 98 0 32 0 5 1 48 0 0 36 660710 13 2 0 0 0
326 635819 T 71 0 0 0 0 0 0 64 0 0 0 38 9 0 0 65 635572 0 0 0 0
327 655180 K 0 1 0 74 0 0 0 22 654929 0 0 46 0 10 60 0 3 0 0 0 35
328 631286 L 0 1 0 0 111 0 0 0 0 631053 20 0 0 1 1 73 0 2 7 0 17
329 630901 R 0 0 0 0 0 128 0 0 46 9 79 0 0 0 630493 75 30 0 40 1 0
330 562477 M 0 0 0 0 0 0 0 141 36 39 562131 0 0 4 7 0 46 73 0 0 0
331 415827 V 38 0 33 0 25 10 0 48 0 7 0 0 0 0 0 0 0 415664 1 1 0
332 390552 T 40 0 0 0 0 0 0 67 24 4 0 0 1 5 13 23 390374 0 0 1 0
333 433620 G 6 0 3 35 0 433426 0 0 0 0 0 0 0 0 48 0 0 55 0 0 47
334 432322 L 0 0 0 0 0 0 1 16 0 432227 0 0 49 12 2 0 9 6 0 0 0
335 422720 R 0 0 0 2 0 48 0 19 20 0 0 0 0 0 422597 19 8 0 0 0 7
336 426693 N 0 0 44 0 0 0 0 23 22 1 0 426538 0 0 0 34 14 0 0 17 0
337 416364 I 0 0 0 1 26 0 2 416220 0 2 12 20 0 0 0 1 39 41 0 0 0
338 416937 P 14 0 0 1 0 0 0 0 0 41 0 0 416740 39 11 43 48 0 0 0 0
339 408060 S 2 6 0 0 26 0 0 1 0 0 0 0 56 3 0 407886 37 0 0 43 0
340 461149 I 0 0 1 0 23 0 1 461016 0 5 0 11 0 4 0 1 50 37 0 0 0
341 449365 Q 0 0 0 20 1 0 27 0 40 20 0 2 6 449127 65 1 0 0 0 1 55
342 476489 Y 0 45 1 0 38 0 44 0 0 1 0 15 0 0 0 3 0 0 0 476292 50
343 490158 R 0 0 0 0 0 84 0 60 31 11 1 1 0 9 489879 33 15 0 0 0 34
344 553239 G 11 33 35 0 0 553054 0 0 0 2 0 0 0 0 16 47 1 40 0 0 0
345 583068 L 0 3 0 0 0 1 0 35 0 582914 0 0 70 12 4 10 0 16 0 2 1
346 640559 F 0 3 0 0 640316 0 0 42 0 97 1 0 0 0 0 70 0 5 0 25 0
347 540870 G 16 0 0 31 0 540612 0 0 1 7 0 0 0 0 74 0 0 73 2 0 54
348 540191 A 539935 0 50 0 0 16 0 0 0 0 0 0 22 0 1 50 47 70 0 0 0
349 542201 I 0 0 0 0 40 0 1 542027 0 4 2 33 0 0 0 4 45 45 0 0 0
350 548576 A 548299 0 44 0 1 15 0 0 0 1 0 0 19 0 0 66 86 45 0 0 0
351 568148 G 7 37 27 0 0 567980 0 0 0 0 0 0 1 0 9 44 0 43 0 0 0
352 637068 F 0 1 0 0 636884 0 0 5 0 112 0 0 1 3 0 44 0 7 0 11 0
353 660526 I 0 1 0 0 31 0 0 660146 1 115 7 36 0 1 0 3 59 53 0 73 0
354 597732 E 12 1 113 597019 0 129 0 0 64 1 2 1 0 13 117 1 0 51 1 0 207
355 594749 G 12 0 1 62 0 594397 0 0 0 1 0 0 0 0 72 0 0 96 108 0 0
356 516591 G 11 0 182 61 0 516161 0 0 0 1 0 0 0 0 82 0 0 45 0 1 47
357 484666 W 0 59 0 0 0 106 0 0 0 47 145 0 1 0 75 22 0 0 484099 0 112
358 413768 T 59 1 51 0 0 0 0 34 0 4 0 18 4 1 0 47 413549 0 0 0 0
359 420605 G 10 1 0 39 0 420388 0 0 0 0 0 0 1 2 77 0 0 48 0 0 39
360 327597 M 0 0 0 0 0 0 0 73 18 12 327413 0 0 0 3 0 32 45 0 0 1
361 393092 I 0 0 0 0 0 0 0 392849 31 29 75 0 0 0 1 0 50 55 0 0 2
362 352388 D 1 0 352256 18 0 37 5 0 0 1 0 21 0 0 0 1 0 21 0 27 0
363 444264 G 11 0 3 22 0 444039 0 0 1 0 0 0 0 3 84 0 0 61 1 0 39
364 510398 W 0 51 0 0 0 3 0 0 0 51 3 0 0 0 97 15 1 1 510037 0 139
365 588702 Y 1 54 7 0 44 1 59 0 0 0 3 41 0 3 0 0 0 9 1 588452 27
366 595276 G 16 53 39 0 0 595042 2 0 0 0 1 0 0 3 16 47 0 42 6 9 0
367 556832 Y 0 47 5 0 35 9 41 2 0 0 0 6 0 0 0 6 0 1 0 556633 47
368 558656 H 1 2 21 0 0 0 558349 2 0 41 0 48 3 44 70 1 0 0 0 74 0
369 534641 H 0 1 14 0 0 0 534401 0 0 44 0 47 3 27 51 1 0 0 0 52 0
370 529213 Q 0 0 0 16 0 0 59 0 42 25 0 1 8 528904 108 0 0 0 0 0 50
371 528836 N 0 0 49 0 0 0 3 14 27 0 0 528665 0 2 0 50 0 0 0 26 0
372 510444 E 0 0 44 510200 0 43 0 0 64 0 0 0 0 15 0 0 0 35 0 0 43
373 464519 Q 0 0 0 14 0 0 71 0 24 22 0 0 7 464242 88 0 0 0 0 0 51
374 482357 G 20 0 6 35 0 482160 0 1 0 1 0 0 0 0 49 0 0 40 0 0 45
375 444724 S 2 0 1 0 0 0 0 2 1 60 0 0 48 5 4 444512 42 0 0 0 47
376 489758 G 13 42 47 0 0 489561 0 0 0 1 0 0 0 0 11 30 1 52 0 0 0
377 489653 Y 2 47 11 0 23 0 46 0 0 3 1 10 0 0 0 2 0 0 0 489479 29
378 448098 A 447670 2 0 59 0 28 0 1 1 1 0 0 12 0 0 65 81 178 0 0 0
379 433730 A 433459 2 0 68 0 7 0 0 0 0 0 0 13 0 2 60 26 93 0 0 0
380 426783 D 4 0 426592 15 0 61 11 5 0 0 0 29 0 0 0 0 0 38 0 28 0
381 438849 Q 0 0 0 9 0 0 11 1 38 16 0 0 3 438462 46 230 0 0 0 0 33
382 477934 K 0 0 0 46 0 1 0 9 477807 0 1 21 0 1 38 0 1 0 0 0 9
383 485879 S 34 10 0 0 0 112 1 40 9 1 1 49 0 0 68 485536 17 0 1 0 0
384 505112 T 51 0 0 0 0 0 6 56 16 0 0 1 7 2 13 57 504903 0 0 0 0
385 526723 Q 0 0 0 9 0 0 25 0 26 15 0 0 1 526533 59 0 7 0 0 0 48
386 520976 N 0 0 38 0 0 1 2 20 17 0 12 520833 0 0 0 37 3 0 0 13 0
387 500364 A 500052 3 51 0 0 24 0 1 0 0 0 0 27 1 0 54 68 83 0 0 0
388 450236 I 0 0 0 0 28 0 2 450075 1 12 2 38 0 0 0 0 24 54 0 0 0
389 447889 N 0 1 45 0 0 0 0 25 38 1 0 447707 0 0 1 38 12 0 0 20 1
390 344883 G 9 0 0 26 0 344708 0 1 1 0 0 0 0 0 66 0 0 30 42 0 0
391 351110 I 1 0 2 0 14 0 0 350997 0 3 2 21 0 0 0 0 25 45 0 0 0
392 231711 T 47 0 0 0 0 0 0 34 18 2 0 0 1 5 10 20 231570 0 0 3 1
393 293166 N 0 0 31 0 0 0 3 16 20 1 0 293046 0 1 1 29 8 0 0 10 0
394 300226 K 0 0 0 29 0 0 0 0 300100 1 6 39 0 5 32 0 0 0 0 0 14
395 374103 V 46 0 0 39 1 6 0 0 0 30 36 0 0 0 0 0 0 373945 0 0 0
396 376929 N 0 0 39 0 0 0 1 18 21 0 0 376780 0 0 0 43 2 0 0 24 1
397 425415 S 17 13 0 0 21 0 0 0 0 3 0 0 45 0 0 425264 20 0 0 32 0
398 449151 V 32 3 45 0 27 2 0 52 0 9 0 0 0 0 0 0 0 448981 0 0 0
399 448986 I 0 0 0 0 12 0 0 448840 0 2 14 41 0 0 0 3 47 27 0 0 0
400 442373 E 3 0 44 442093 0 64 0 0 73 0 0 0 0 16 2 1 0 28 0 0 49
401 436530 K 0 0 0 49 0 0 0 17 436400 0 0 6 0 0 37 1 3 0 0 0 17
402 443398 M 0 0 0 0 0 0 0 103 29 22 443164 0 0 0 0 0 50 28 0 0 2
403 423240 N 0 0 43 1 0 0 2 29 37 0 0 423055 0 0 0 41 4 0 0 27 1
404 413168 T 31 0 1 0 0 0 0 25 0 0 0 13 3 1 0 56 413037 1 0 0 0
405 416122 Q 0 0 0 11 0 0 19 0 57 8 0 3 2 415925 67 0 0 0 0 0 30
406 385462 F 0 3 0 0 385288 0 0 18 0 72 0 1 0 0 0 52 0 3 0 25 0
407 311824 T 41 0 0 0 0 0 0 41 17 0 0 0 1 0 4 38 311682 0 0 0 0
408 238669 A 238560 2 22 0 0 8 0 0 0 0 0 0 10 0 0 29 21 17 0 0 0
409 227513 V 28 5 0 11 0 5 0 0 0 20 28 0 0 0 0 0 0 227416 0 0 0
410 210753 G 4 21 27 0 0 210661 0 0 0 0 0 0 0 0 1 18 0 21 0 0 0
411 161261 K 0 0 0 15 0 0 0 4 161205 4 0 10 0 0 17 0 1 0 0 0 5
412 141959 E 4 0 9 141911 0 7 0 0 8 0 0 1 0 5 0 0 0 5 0 0 9
413 125814 F 0 1 0 0 125768 0 0 5 0 23 0 0 0 0 0 8 0 0 0 9 0
414 137293 N 0 0 13 0 0 0 1 14 13 0 0 137230 0 0 0 14 0 0 0 8 0
415 147324 N 0 0 7 0 0 0 4 18 8 1 0 147261 0 0 0 11 8 0 0 6 0
416 158675 L 0 0 0 0 4 0 0 6 0 158632 0 0 0 0 0 17 1 0 0 0 15
417 173716 E 1 0 6 173633 0 24 0 0 27 0 0 0 0 4 7 0 0 2 0 0 12
418 185757 K 0 0 0 13 0 0 0 3 185708 0 0 8 0 2 15 0 4 0 0 0 4
419 186256 R 0 0 0 0 0 132 0 0 49 1 17 0 0 0 186023 25 3 0 6 0 0
420 168474 M 0 0 4 0 0 0 0 44 8 10 168375 0 0 0 0 0 10 21 2 0 0
421 190596 E 0 0 11 190511 0 24 0 0 19 0 0 0 0 4 0 0 0 11 0 0 16
422 172286 N 0 0 8 0 0 0 0 15 11 0 0 172238 0 0 0 9 1 0 0 4 0
423 177503 L 0 0 0 0 30 0 0 10 0 177427 0 0 0 0 0 16 0 0 0 0 20
424 185444 N 0 0 22 0 0 0 1 7 20 0 0 185374 0 0 0 8 2 0 0 10 0
425 193769 K 0 1 0 15 0 0 0 9 193700 0 0 7 0 2 13 0 1 0 0 0 21
426 178690 K 0 0 0 13 0 0 0 4 178643 0 0 2 0 5 16 0 3 0 0 0 4
427 195306 V 24 0 7 0 3 2 0 8 0 5 0 0 0 1 0 1 0 195255 0 0 0
428 189899 D 0 0 189809 16 0 17 7 0 0 0 2 18 0 0 1 1 0 12 0 16 0
429 183964 D 2 0 183867 19 0 15 8 0 0 0 1 15 0 1 0 0 1 15 0 20 0
430 185796 G 6 0 0 14 0 185705 0 0 0 0 0 0 0 0 27 0 0 17 27 0 0
431 172423 F 0 0 0 0 172357 0 0 13 0 25 0 0 0 0 0 21 0 4 0 3 0
432 172949 L 0 0 0 0 0 0 0 0 0 172890 11 0 31 9 0 3 0 4 1 0 0
433 146640 D 0 0 146575 6 0 18 7 0 0 0 0 10 0 0 0 0 1 14 0 9 0
434 148035 I 0 0 0 0 3 0 0 147993 0 1 0 3 0 0 1 1 14 19 0 0 0
435 146198 W 0 15 0 0 0 4 0 0 0 21 0 1 0 0 23 5 0 0 146096 0 33
436 149425 T 18 0 0 0 0 0 0 28 6 0 0 0 1 1 5 10 149356 0 0 0 0
437 205905 Y 0 28 3 0 12 0 15 3 0 0 0 16 0 0 0 1 1 0 0 205811 15
438 201279 N 0 0 28 0 0 0 0 14 13 1 5 201196 0 1 0 14 0 0 0 7 0
439 207764 A 207644 0 0 29 0 12 0 0 0 0 0 0 7 0 0 29 18 24 0 1 0
440 235426 E 2 1 10 235342 0 20 0 0 12 0 0 2 0 5 0 0 0 14 0 1 17
441 229628 L 0 1 0 0 16 0 0 1 0 229569 9 0 0 1 0 23 0 0 2 0 6
442 326048 L 0 0 0 0 15 0 0 25 0 325971 0 0 0 0 0 31 0 2 0 0 4
443 326867 V 29 0 25 0 15 3 0 22 0 8 0 0 0 1 0 1 0 326763 0 0 0
444 341153 L 0 0 0 0 0 0 2 17 0 341071 0 0 33 18 1 0 0 11 0 0 0
445 358144 L 0 0 0 0 0 0 0 1 0 357996 16 0 92 24 2 0 4 9 0 0 0
446 355378 E 1 0 15 355230 0 47 0 0 33 1 0 0 0 10 0 0 0 21 0 0 20
447 360176 N 0 0 22 0 0 0 1 22 15 0 4 360079 0 0 0 27 1 0 0 5 0
448 383471 E 3 0 24 383274 0 51 0 0 34 0 0 0 0 16 0 0 0 31 0 0 38
449 394042 R 0 0 0 0 0 87 0 0 30 0 18 0 0 1 393844 33 11 0 18 0 0
450 379795 T 45 0 5 0 0 0 0 35 0 1 0 9 4 0 0 31 379665 0 0 0 0
451 380572 L 0 1 0 0 65 1 0 0 1 380406 9 0 0 0 0 49 0 2 17 0 21
452 349428 D 1 0 349278 24 0 44 7 5 0 0 0 19 0 0 0 0 0 15 0 35 0
453 283823 F 0 2 0 0 283669 0 0 7 0 73 0 0 0 0 0 48 0 0 0 24 0
454 262310 H 0 0 6 0 0 0 262146 0 0 19 0 19 1 28 54 1 1 0 0 35 0
455 259009 D 1 0 258891 20 0 31 10 0 0 0 0 23 0 0 0 0 0 16 0 17 0
456 266210 L 0 0 0 0 11 0 0 11 0 266127 0 0 0 0 0 42 0 1 0 0 18
457 242567 N 0 1 26 0 0 0 0 9 14 0 3 242487 0 0 0 16 2 0 0 9 0
458 234215 V 40 3 0 18 1 5 0 0 0 20 31 0 0 0 0 0 0 234096 0 0 1
459 235378 K 0 0 0 32 0 0 0 0 235265 0 13 19 0 2 25 0 3 0 1 0 18
460 230780 N 0 0 25 0 0 0 0 12 4 0 0 230707 0 0 0 22 0 0 0 10 0
461 230789 L 0 0 0 0 0 0 1 0 1 230722 20 0 23 14 5 0 0 3 0 0 0
462 234392 Y 0 33 0 0 5 0 26 0 0 0 0 16 0 0 2 1 0 0 0 234276 33
463 230245 E 3 0 18 230130 0 29 0 0 26 0 0 0 0 3 1 0 0 18 0 0 17
464 214603 K 0 0 0 18 0 0 0 10 214531 1 0 6 0 2 25 0 1 0 0 0 9
465 221741 V 17 1 0 15 0 1 0 15 0 9 0 0 0 0 0 2 0 221680 0 0 1
466 216215 K 0 0 0 19 0 0 0 5 216157 0 0 9 0 1 17 0 0 0 0 0 7
467 241381 S 5 10 0 0 0 41 0 19 0 0 0 21 0 0 41 241230 14 0 0 0 0
468 238853 Q 0 0 0 8 0 0 8 0 16 18 0 4 2 238751 21 0 0 0 0 0 25
469 250876 L 0 0 2 0 26 0 0 13 0 250789 0 0 0 1 1 19 0 0 0 0 25
470 265048 K 0 0 0 28 1 1 0 0 264925 0 11 23 1 2 43 0 2 1 0 0 10
471 278183 N 0 0 39 1 0 0 2 15 13 0 1 278073 0 0 1 25 0 0 0 13 0
472 287440 N 0 0 26 0 0 0 0 10 19 1 0 287329 0 0 0 42 1 0 0 12 0
473 308441 A 308231 4 46 0 0 18 0 0 0 0 0 0 21 0 0 40 51 30 0 0 0
474 327148 K 0 1 0 49 0 0 0 12 327028 0 0 9 1 6 22 0 1 0 0 0 19
475 329064 E 1 0 15 328926 0 53 0 0 26 0 0 0 0 4 2 0 0 23 0 0 14
476 333501 I 0 0 0 0 14 0 0 333407 1 1 8 13 0 0 0 2 23 32 0 0 0
477 325097 G 12 0 0 19 0 324914 0 0 0 0 0 0 0 0 91 0 0 24 0 0 37
478 313839 N 0 0 37 0 1 0 1 13 21 0 1 313724 0 0 0 32 0 0 0 9 0
479 323158 G 12 0 0 17 0 323015 0 0 1 0 0 0 0 0 39 0 1 27 46 0 0
480 319543 C 0 319350 0 0 17 13 0 0 0 0 0 0 0 0 40 50 0 15 15 28 15
481 334808 F 0 0 0 0 334705 0 0 5 0 52 0 0 0 3 0 33 0 1 0 9 0
482 340147 E 3 0 12 339966 0 49 0 0 29 1 0 0 0 13 0 9 0 19 0 0 46
483 320336 F 0 0 0 1 320195 0 0 25 0 77 0 0 0 1 0 22 1 4 0 9 1
484 343809 Y 0 51 5 0 26 0 68 0 0 2 0 21 2 2 0 2 1 0 0 343605 24
485 322959 H 0 0 7 0 0 0 322795 0 1 37 0 29 6 21 39 0 4 0 0 20 0
486 389267 K 1 0 0 42 0 0 0 0 389122 0 6 25 1 6 39 0 2 0 0 0 23
487 350915 C 0 350777 0 0 15 6 0 0 0 5 0 0 0 0 29 28 0 1 3 29 22
488 355371 D 3 0 355131 28 0 79 16 0 0 0 0 44 0 0 0 2 0 42 0 26 0
489 364737 N 0 0 39 0 0 0 1 16 21 0 0 364618 0 0 0 28 1 0 0 13 0
490 366568 E 2 0 18 366399 0 46 0 1 37 1 0 1 0 9 0 0 0 18 1 0 35
491 366748 C 0 366539 0 0 42 2 0 0 0 0 1 0 0 0 34 41 0 0 11 33 45
492 386159 M 0 0 0 0 0 0 4 96 36 29 385903 0 0 0 1 0 34 55 1 0 0
493 369952 E 2 0 17 369793 0 43 1 0 31 0 0 0 0 10 0 0 0 24 0 0 31
494 347570 S 0 7 0 0 0 49 0 13 0 2 0 28 0 0 21 347448 2 0 0 0 0
495 383767 V 38 4 0 19 0 1 0 37 0 37 0 0 0 0 0 0 0 383630 0 0 1
496 348176 R 0 1 0 9 0 46 0 25 27 0 0 0 0 0 348032 15 7 0 0 0 14
497 339267 N 1 0 26 0 0 0 1 16 23 0 6 339142 0 0 0 32 7 0 0 13 0
498 338367 G 17 2 0 26 0 338205 0 0 0 0 0 0 0 2 40 0 0 32 43 0 0
499 324899 T 53 0 4 0 0 0 0 20 0 1 0 18 2 0 0 49 324752 0 0 0 0
500 305756 Y 0 27 2 0 8 0 29 0 0 1 3 3 0 0 0 0 0 0 0 305652 31
501 324175 D 0 0 324035 26 0 25 2 0 0 0 0 35 0 0 0 0 0 30 0 21 1
502 325739 Y 0 25 2 0 14 0 17 1 0 2 0 2 0 0 0 2 0 0 0 325642 32
503 359499 P 11 0 0 0 0 0 0 0 0 39 0 0 359320 42 13 33 41 0 0 0 0
504 370484 K 0 0 0 30 0 0 0 12 370365 0 0 34 0 3 24 0 0 0 0 0 16
505 371752 Y 0 21 4 0 21 0 31 7 0 0 0 10 0 0 0 1 0 0 0 371641 16
506 378769 S 1 0 0 0 0 0 0 2 0 50 0 0 36 1 0 378596 27 0 0 0 56
507 356635 E 0 0 27 356497 0 31 0 0 22 0 0 0 0 14 0 0 0 15 0 0 29
508 333192 E 4 0 30 333051 0 31 0 0 28 0 0 1 0 6 1 0 0 17 0 0 23
509 343638 S 0 0 0 0 1 0 0 2 0 30 0 0 30 2 0 343499 23 0 0 0 51
510 324430 K 0 0 0 24 0 0 0 0 324313 1 4 13 0 0 52 3 5 0 0 0 15
511 327672 L 0 0 0 0 51 0 0 0 0 327547 13 0 0 0 1 37 0 5 2 0 16
512 343932 N 0 0 44 5 0 0 3 24 29 0 0 343732 0 0 0 62 5 0 0 27 1
513 307441 R 0 0 0 0 0 68 1 0 29 2 39 0 0 12 307222 38 9 0 21 0 0
514 421307 E 2 0 22 420960 0 189 0 5 36 0 0 0 0 19 0 0 0 25 0 0 49
515 390005 K 0 0 1 53 0 0 0 0 389719 0 21 29 2 6 160 0 6 0 0 0 8
516 446757 I 0 0 0 0 0 0 0 446515 25 38 97 0 0 0 4 0 33 41 0 0 4
517 445400 D 0 0 445204 37 0 46 9 0 0 0 0 29 0 0 0 1 0 31 0 43 0
518 402823 G 20 0 0 32 1 402654 0 0 1 0 0 0 0 0 38 0 0 47 0 0 30
519 420665 V 68 0 0 34 0 3 0 0 0 24 35 0 0 0 0 1 0 420498 2 0 0
520 483019 K 0 0 0 62 0 0 0 23 482828 0 0 24 0 3 55 1 3 0 0 2 18
521 465842 L 0 1 0 0 64 0 0 1 0 465697 17 0 0 0 0 41 0 1 5 0 15
522 488879 E 0 0 14 488660 0 70 0 0 30 0 0 4 0 19 1 0 2 27 0 1 51
523 489320 S 24 0 0 0 0 0 0 20 1 29 0 0 44 4 2 489127 29 0 0 0 40
524 544006 M 1 0 0 0 0 0 0 129 25 30 543629 63 1 2 5 1 59 56 5 0 0
525 556339 G 19 0 1 37 0 556025 0 0 0 0 0 0 0 0 49 0 0 104 104 0 0
526 521131 V 70 11 0 27 0 11 0 0 0 71 64 0 0 0 7 0 1 520868 0 1 0
527 549784 Y 1 62 5 0 53 0 116 10 0 1 0 34 0 0 0 2 0 3 0 549446 51
528 525314 Q 0 0 0 20 1 0 51 0 60 35 0 1 8 524952 137 1 0 0 0 0 48
529 435554 I 0 0 2 0 24 0 0 435415 0 1 1 21 0 0 0 1 44 45 0 0 0
530 416013 L 0 0 0 0 0 1 0 1 0 415866 29 0 69 30 3 1 0 13 0 0 0
531 384203 A 383980 0 4 45 0 27 0 0 0 1 0 0 12 0 0 26 30 78 0 0 0
532 471567 I 0 0 0 0 43 0 1 471406 0 3 8 15 0 0 0 23 36 30 0 2 0
533 572085 Y 1 53 50 0 47 0 116 0 0 4 0 35 0 1 0 3 0 0 1 571737 37
534 626658 S 8 0 1 0 0 0 0 0 0 65 0 0 92 3 1 626284 69 0 0 0 135
535 628978 T 50 0 0 0 0 0 0 32 0 3 0 24 3 0 0 60 628805 0 0 0 1
536 602944 V 54 1 60 0 38 2 0 92 0 22 0 0 0 1 1 0 2 602671 0 0 0
537 639819 A 639448 0 63 0 0 27 0 0 0 1 0 0 29 2 2 63 135 49 0 0 0
538 623307 S 0 21 0 1 1 90 0 16 0 1 0 56 0 3 37 623068 12 1 0 0 0
539 583678 S 2 0 0 0 1 0 1 1 0 63 0 0 54 1 1 583464 40 0 0 1 49
540 582567 L 0 0 0 1 0 0 0 0 0 582414 21 0 73 33 9 0 2 13 1 0 0
541 593264 V 64 2 0 59 0 18 1 0 0 26 45 0 1 7 1 0 2 593038 0 0 0
542 610239 L 144 0 1 0 47 0 5 48 0 609833 0 0 137 0 7 0 1 16 0 0 0
543 539348 L 1 0 1 0 78 0 0 0 0 539031 10 0 0 3 1 54 0 3 136 0 30
544 555232 V 83 0 41 0 32 9 0 55 0 14 0 0 0 0 0 9 2 554987 0 0 0
545 533120 S 25 18 0 1 58 0 0 0 0 26 0 0 138 0 0 532772 22 1 0 59 0
546 691604 L 1 0 1 0 1 0 0 0 0 691065 82 0 335 42 19 1 1 15 41 0 0
547 681204 G 26 0 2 41 0 680824 1 0 1 2 0 0 0 0 75 1 0 100 131 0 0
548 547411 A 547045 0 0 48 0 29 0 0 0 0 0 0 28 21 1 43 106 90 0 0 0
549 569358 I 0 0 0 0 49 0 0 569119 0 0 14 41 0 0 0 4 75 56 0 0 0
550 578987 S 0 23 0 0 0 99 0 18 0 0 0 24 0 4 41 578771 7 0 0 0 0
551 623004 F 0 0 0 0 622740 0 0 33 0 133 0 1 0 0 1 63 0 8 0 25 0
552 627191 W 0 88 1 0 0 8 0 0 0 57 0 0 0 1 149 21 0 2 626765 1 98
553 592965 M 0 0 0 0 0 0 0 103 37 37 592669 0 0 0 1 0 65 52 0 0 1
554 569245 C 0 568939 0 0 38 40 0 0 1 3 0 0 0 0 55 70 1 1 3 53 41
555 607530 S 3 32 0 0 68 0 0 0 0 2 0 0 38 0 0 607301 45 1 0 38 2
556 607874 N 0 0 53 0 0 0 3 19 40 0 10 607684 0 1 0 41 2 0 0 14 7
557 524943 G 29 0 0 23 0 524708 0 0 0 1 0 0 0 0 62 0 0 55 65 0 0
558 499569 S 2 11 0 0 31 0 0 0 0 6 0 0 44 0 0 499392 46 2 0 35 0
559 522954 L 0 16 0 0 92 1 0 0 1 522725 13 0 0 0 0 85 0 1 2 0 18
560 468944 Q 0 0 0 31 0 1 31 0 49 15 0 0 8 468527 87 0 1 0 0 0 194
561 310550 C 0 310297 0 0 40 14 0 0 0 0 0 0 0 0 37 41 0 0 6 84 31
562 367398 R 1 0 0 1 0 80 0 36 17 0 0 0 0 3 367209 29 2 1 0 1 18
563 429012 I 0 0 0 0 0 0 0 428867 10 24 40 0 0 0 2 0 26 43 0 0 0
564 432259 C 0 431942 0 0 49 2 0 1 0 0 0 0 0 0 70 46 0 0 26 71 52
565 393502 I 0 0 1 0 31 0 0 393328 0 1 13 27 0 0 0 1 43 57 0 0 0
