# amino-acid counts among definitively called codons
# POSITION TOTAL_COUNTS WT N_A N_C N_D N_E N_F N_G N_H N_I N_K N_L N_M N_N N_P N_Q N_R N_S N_T N_V N_W N_Y N_STOP
1 840471 M 0 0 0 0 0 0 2 210 63 62 839877 0 0 0 2 0 118 136 1 0 0
2 797835 A 797373 0 0 78 0 55 0 0 0 0 0 0 34 1 2 63 37 192 0 0 0
3 835581 S 7 20 0 0 62 1 0 0 0 1 0 0 135 1 1 835252 30 9 0 62 0
4 838861 Q 2 0 0 32 1 1 42 1 73 44 0 3 13 838406 147 4 0 2 0 2 88
5 767049 G 41 68 114 0 0 766714 0 0 0 0 0 0 0 0 12 52 0 48 0 0 0
6 683130 T 97 0 0 0 0 1 4 50 0 1 0 38 11 0 1 44 682883 0 0 0 0
7 682913 K 0 1 2 73 1 0 0 21 682665 0 0 56 0 9 68 0 0 0 0 0 17
8 597270 R 0 0 0 0 0 12 0 0 0 40 0 0 10 78 596997 0 6 0 127 0 0
9 616960 S 14 21 0 0 41 1 0 0 0 3 0 0 102 0 0 616690 34 4 0 50 0
10 677006 Y 0 84 4 0 15 0 81 0 0 7 9 9 0 0 0 3 1 1 0 676719 73
11 608218 E 4 1 40 607871 0 80 0 1 75 0 1 5 0 33 0 0 1 52 0 0 54
12 561750 Q 0 0 0 33 0 0 56 0 46 51 0 0 10 561386 82 0 0 0 0 0 86
13 695721 M 0 1 13 0 0 0 0 165 40 53 695283 1 0 1 3 0 74 86 1 0 0
14 684119 E 4 0 22 683786 2 121 0 0 47 0 0 1 0 19 1 0 7 39 0 0 70
15 640532 T 81 0 2 0 0 0 0 26 0 2 0 35 12 1 0 49 640323 0 1 0 0
16 721740 D 5 1 721362 52 0 96 24 0 0 1 2 64 0 1 0 0 1 49 0 63 19
17 714697 G 20 0 0 70 0 714299 0 0 0 1 1 0 0 2 98 0 0 88 117 0 1
18 704610 E 7 0 25 704267 0 93 0 0 116 0 0 2 1 24 0 0 1 24 0 0 50
19 712978 R 2 131 0 0 0 19 215 0 0 58 0 0 41 0 712463 46 1 1 1 0 0
20 728001 Q 1 0 0 21 0 0 69 0 57 65 0 1 19 727439 241 0 0 0 0 0 88
21 697039 N 0 0 78 0 0 0 3 39 34 0 0 696763 0 0 0 80 5 0 0 37 0
22 710002 A 709423 2 0 51 1 31 1 0 0 1 0 0 43 13 1 80 162 190 0 0 3
23 742994 T 76 5 0 0 0 1 3 53 0 3 0 49 4 3 2 80 742715 0 0 0 0
24 705184 E 15 0 69 704777 0 117 0 0 63 0 0 0 0 24 4 0 0 54 0 0 61
25 623614 I 0 0 2 0 38 0 0 623369 0 3 25 40 0 1 1 2 49 84 0 0 0
26 669233 R 0 0 0 3 0 178 0 62 39 13 0 0 0 0 668830 37 16 0 0 0 55
27 636895 A 636508 0 0 84 0 27 0 2 0 0 1 0 26 0 0 69 43 135 0 0 0
28 686842 S 3 29 1 0 38 1 0 0 0 0 0 1 92 2 0 686549 45 0 0 81 0
29 661460 V 71 0 45 0 32 5 0 109 0 12 0 0 0 2 2 2 0 661180 0 0 0
30 690969 G 26 0 0 50 0 690600 1 2 0 0 0 0 0 0 157 0 0 78 55 0 0
31 689024 K 0 0 0 82 0 0 0 0 688660 1 42 52 3 4 117 0 6 0 0 0 57
32 678828 M 0 0 0 0 0 0 0 114 37 48 678485 0 0 0 3 0 70 69 0 0 2
33 687914 I 1 0 1 0 55 0 0 687654 0 6 7 48 0 0 0 2 56 84 0 0 0
34 683836 D 1 0 683469 52 0 99 21 0 0 2 1 60 1 0 0 0 4 67 0 59 0
35 624132 G 20 0 0 49 0 623837 0 0 1 1 0 0 0 0 106 2 0 57 2 0 57
36 665802 I 0 0 0 0 29 0 0 665607 0 4 6 33 0 1 1 2 52 67 0 0 0
37 632079 G 29 0 9 45 0 631765 0 1 0 0 1 0 0 1 90 0 2 61 1 0 74
38 579824 R 0 0 0 0 0 27 0 0 0 49 0 0 18 79 579533 0 0 0 0 0 118
39 644283 F 0 5 0 0 643983 0 0 38 0 156 0 0 0 0 0 53 0 3 0 45 0
40 624951 Y 0 108 4 0 51 0 132 0 0 2 0 46 0 0 1 2 1 0 0 624521 83
41 565570 I 0 0 0 0 32 1 3 565378 0 3 5 31 0 2 1 3 60 51 0 0 0
42 556586 Q 0 0 1 26 0 1 11 0 53 22 0 0 9 556347 58 0 0 0 0 0 58
43 541269 M 0 1 0 1 0 0 0 133 24 27 540979 1 0 0 3 2 48 50 0 0 0
44 591170 C 0 590728 0 0 67 6 0 0 0 3 0 1 0 0 101 89 1 0 37 75 62
45 570488 T 79 0 0 0 0 0 0 47 0 0 0 43 7 7 0 58 570247 0 0 0 0
46 630981 E 1 1 34 630709 0 50 0 0 67 0 0 0 1 34 1 0 0 25 0 0 58
47 738189 L 0 1 0 0 42 0 21 34 0 737973 0 0 75 0 5 0 11 26 0 1 0
48 746220 K 0 0 0 64 0 0 0 24 745917 0 0 73 0 1 61 2 1 0 0 0 77
49 736847 L 0 1 0 0 44 1 20 37 0 736603 0 0 103 3 1 2 2 17 0 13 0
50 734545 S 4 41 0 2 1 190 0 34 0 3 0 52 2 3 94 734111 7 1 0 0 0
51 824756 D 2 1 824373 55 0 69 29 3 0 0 0 64 0 1 0 0 4 54 0 92 9
52 879455 Y 1 101 2 0 51 1 67 6 0 5 9 6 0 0 1 1 16 1 0 879113 74
53 835573 E 15 0 153 834923 0 187 1 0 88 1 3 0 0 28 6 0 0 65 2 0 101
54 753284 G 22 0 0 66 0 752962 0 1 0 4 1 0 2 0 85 0 0 54 87 0 0
55 714457 R 0 0 6 0 0 47 0 0 1 83 0 0 29 120 714000 0 0 1 1 0 169
56 707664 L 0 0 1 0 0 0 4 0 0 707398 36 0 148 49 7 0 0 20 1 0 0
57 750476 I 0 0 1 0 56 0 0 750190 0 5 17 41 0 1 2 5 99 59 0 0 0
58 724492 Q 0 0 1 38 0 1 74 0 76 36 0 1 8 724034 130 2 1 2 0 1 87
59 695523 N 0 0 58 0 0 0 2 53 69 1 0 695196 1 1 0 100 1 2 0 39 0
60 548574 S 0 11 0 0 0 74 0 57 0 7 0 36 0 0 70 548291 28 0 0 0 0
61 547557 L 0 0 0 0 36 0 0 25 0 547380 0 1 0 0 0 56 0 7 0 1 51
62 503650 T 47 0 0 0 0 0 0 49 30 0 0 0 2 6 10 41 503463 0 0 0 2
63 532637 I 0 1 2 0 0 0 0 532382 26 38 88 1 2 5 1 0 39 47 0 0 5
64 549900 E 3 0 58 549600 0 80 0 1 39 0 0 0 1 13 2 0 0 34 0 0 69
65 526793 R 0 0 0 4 0 96 0 48 45 1 1 2 0 3 526493 29 25 0 0 0 46
66 550529 M 0 0 0 1 0 1 0 144 39 32 550207 8 0 1 3 0 46 46 1 0 0
67 529223 V 76 1 0 68 0 8 0 0 0 67 46 0 0 0 0 0 0 528957 0 0 0
68 570367 L 0 0 0 0 44 0 26 41 0 570139 0 0 92 0 3 1 0 19 0 2 0
69 591429 S 3 12 0 0 42 0 1 0 0 0 0 0 95 1 0 591186 39 1 0 49 0
70 624275 A 623974 0 55 0 0 24 0 0 0 1 0 0 24 0 0 54 106 37 0 0 0
71 602242 F 3 5 0 0 602045 1 0 20 0 106 0 1 0 0 0 41 0 4 0 16 0
72 600470 D 7 0 600109 69 0 91 16 0 0 1 0 72 0 0 0 0 13 46 0 45 1
73 558915 E 1 0 18 558629 0 61 0 0 100 2 0 0 0 14 3 0 2 34 0 0 51
74 569234 R 0 0 0 1 0 68 0 43 29 0 0 0 2 0 568996 43 17 0 0 0 35
75 579767 R 0 0 1 1 0 95 0 1 42 2 48 0 0 0 579442 78 17 0 40 0 0
76 622691 N 0 0 73 8 0 0 1 45 44 3 0 622377 0 1 1 93 0 1 0 44 0
77 620162 K 3 0 0 71 1 4 0 34 619909 0 0 53 0 2 55 3 6 0 0 0 21
78 472893 Y 0 41 2 0 28 0 30 6 0 0 0 30 0 0 0 5 0 1 0 472723 27
79 462745 L 0 2 0 0 1 1 0 4 0 462536 41 0 102 30 7 6 0 15 0 0 0
80 426617 E 5 0 23 426414 0 58 0 1 28 0 0 0 1 23 1 1 0 30 0 0 32
81 401269 E 3 0 30 401069 0 46 0 0 39 0 0 1 0 10 3 1 0 39 0 0 28
82 455193 H 0 0 13 0 1 0 454971 0 0 23 0 42 2 31 45 5 7 0 0 53 0
83 605182 P 15 0 0 1 0 0 69 8 0 60 0 0 604876 0 18 57 75 1 0 1 1
84 604737 S 3 11 0 0 0 124 0 50 0 1 0 37 7 3 94 604397 9 0 0 0 1
85 645974 A 645588 0 0 54 0 29 1 0 0 0 0 1 28 14 34 76 69 80 0 0 0
86 720713 G 32 0 0 65 1 720357 3 0 1 1 1 0 0 0 87 1 0 95 69 0 0
87 754791 K 0 0 0 176 1 0 0 0 754220 0 29 167 1 5 132 0 11 0 1 0 48
88 770484 D 2 5 770115 62 0 85 31 11 0 0 0 49 1 0 0 2 0 58 0 63 0
89 701179 P 20 1 0 0 1 1 79 1 0 51 0 0 700891 0 21 40 72 0 1 0 0
90 704513 K 0 3 0 91 1 0 0 0 704239 2 17 42 0 0 96 4 4 1 1 0 12
91 653828 K 0 1 1 67 0 0 0 15 653629 0 0 11 0 2 65 1 3 1 0 0 32
92 599736 T 44 0 0 0 0 1 0 20 0 0 0 35 15 0 0 50 599570 0 1 0 0
93 596354 G 26 0 2 42 0 596037 0 0 0 2 0 0 0 1 106 0 0 70 1 0 67
94 562226 G 18 0 3 43 0 562013 0 0 1 0 0 0 0 2 71 0 0 38 0 0 37
95 598432 P 18 0 0 0 0 0 58 0 0 42 0 0 598199 4 19 41 51 0 0 0 0
96 663628 I 0 0 0 0 0 0 0 663339 38 61 52 0 1 0 1 0 66 61 0 9 0
97 701519 Y 0 92 1 0 71 0 74 6 0 0 0 43 0 10 1 2 1 0 0 701128 90
98 607343 K 0 0 0 114 0 0 0 0 606963 5 33 71 0 10 98 0 14 0 0 0 35
99 446796 R 0 0 0 0 0 74 0 41 14 1 0 0 0 0 446583 34 14 0 0 0 35
100 438759 V 33 0 0 46 0 2 0 36 1 34 0 0 0 2 0 2 1 438602 0 0 0
101 514722 D 1 0 514494 44 0 49 20 0 0 0 0 36 0 0 0 0 0 31 0 47 0
102 525338 R 0 0 0 0 0 55 0 37 30 0 0 0 0 1 525147 34 17 0 0 0 17
103 549171 K 0 0 0 69 0 0 0 0 548969 0 14 43 0 1 64 0 0 0 0 0 11
104 561170 W 0 53 0 0 0 5 0 0 1 55 0 0 0 0 75 17 0 2 560883 0 79
105 578088 M 0 0 1 0 0 2 0 150 46 48 577710 0 0 0 7 0 48 76 0 0 0
106 603912 R 0 0 0 1 0 118 0 0 46 0 77 0 0 2 603511 81 17 0 57 0 2
107 598814 E 2 1 42 598280 0 70 0 0 271 0 0 5 0 32 0 0 1 45 0 0 65
108 596993 L 0 1 0 0 45 0 42 45 0 596756 0 0 77 0 7 2 1 17 0 0 0
109 571901 V 75 0 37 0 23 2 0 84 0 22 0 0 0 0 0 2 0 571656 0 0 0
110 603388 L 0 1 1 0 37 0 23 51 0 603140 1 0 107 1 6 2 0 18 0 0 0
111 575594 Y 0 70 4 0 50 0 79 1 0 3 24 11 0 1 0 2 1 0 0 575301 47
112 505393 D 4 0 505036 57 0 91 17 0 0 0 0 70 0 1 0 0 2 71 0 40 4
113 459716 K 0 0 0 62 0 0 0 23 459523 4 0 25 0 26 38 0 1 0 0 0 14
114 550726 E 1 0 28 550517 1 55 0 0 38 0 0 0 0 18 0 0 2 33 0 0 33
115 618772 E 0 0 31 618510 0 91 0 0 42 0 0 1 0 12 17 0 0 34 0 0 34
116 650438 I 0 1 1 0 0 0 0 650164 31 20 88 16 0 1 2 1 61 50 0 0 2
117 616942 R 1 0 0 0 0 103 0 0 38 5 44 0 1 0 616636 66 16 1 31 0 0
118 600299 R 1 0 0 3 0 39 0 0 0 66 0 0 20 95 599974 0 0 0 0 0 101
119 640705 I 0 0 0 0 19 0 0 640516 0 4 12 50 0 0 0 2 45 57 0 0 0
120 603212 W 0 42 0 0 0 6 0 0 0 43 0 0 0 0 131 12 0 0 602867 0 111
121 619548 R 0 125 1 0 0 44 152 0 0 48 0 0 38 0 619076 62 1 0 1 0 0
122 584301 Q 0 0 1 18 0 0 28 0 41 36 0 0 5 584016 90 0 0 1 0 0 65
123 680212 A 679859 2 61 0 0 13 0 1 0 0 0 1 28 0 0 50 111 85 0 1 0
124 758137 N 2 0 89 0 1 0 10 83 81 1 0 757768 1 20 2 56 3 0 0 20 0
125 739153 N 0 0 67 0 0 2 1 41 48 1 3 738856 0 1 0 78 7 2 0 41 5
126 583787 G 18 67 37 0 0 583557 0 0 0 6 1 1 0 1 15 44 0 38 1 0 1
127 580647 D 1 0 580365 51 0 60 17 0 0 1 1 42 0 2 0 1 0 48 0 57 1
128 567705 D 5 1 567408 65 0 52 9 1 1 0 0 45 0 1 0 1 0 56 1 59 0
129 577533 A 577107 2 0 60 0 42 0 0 0 2 0 0 32 0 1 52 148 86 0 0 1
130 514289 T 54 0 0 0 0 0 0 37 42 0 0 0 0 1 19 33 514103 0 0 0 0
131 479899 A 479695 0 44 0 0 19 0 0 0 0 0 0 14 1 0 52 36 38 0 0 0
132 583537 G 22 45 36 0 0 583309 1 1 0 1 0 0 0 0 18 48 0 56 0 0 0
133 617105 L 0 0 0 0 0 0 1 0 0 616877 45 0 135 17 7 1 2 20 0 0 0
134 730050 T 110 0 2 1 0 0 0 60 0 1 0 30 1 0 1 91 729753 0 0 0 0
135 765408 H 0 0 18 0 0 0 764975 0 1 71 0 73 11 84 91 3 0 0 0 81 0
136 816899 M 1 0 1 0 0 0 0 171 48 43 816354 0 0 0 6 0 136 137 0 0 2
137 835822 M 0 1 1 0 0 0 0 159 70 63 835329 0 0 2 3 1 100 92 0 0 1
138 749249 I 0 1 0 0 44 0 0 748993 0 4 23 52 0 0 0 5 74 52 0 0 1
139 714587 W 1 140 0 0 2 5 0 0 0 83 0 0 0 0 205 25 0 0 713954 0 172
140 682125 H 1 0 41 1 0 0 681720 2 0 48 0 83 4 19 90 1 0 0 0 115 0
141 678178 S 6 29 0 0 53 0 0 0 0 0 0 0 87 0 0 677918 27 1 0 57 0
142 673541 N 0 0 93 0 0 0 4 32 30 0 0 673295 2 0 0 53 2 0 0 30 0
143 661037 L 0 0 0 0 96 0 1 0 0 660774 39 0 0 0 0 89 1 3 5 1 28
144 635329 N 0 0 100 0 0 0 0 27 67 0 1 635004 0 0 0 87 3 1 0 39 0
145 618381 D 5 0 618107 30 0 50 12 1 0 0 0 45 0 0 0 0 4 60 0 65 2
146 597437 T 117 0 0 0 0 0 0 68 47 1 0 9 3 2 23 48 597111 0 0 1 7
147 752141 T 115 1 0 0 0 1 7 58 66 0 0 4 4 3 29 60 751793 0 0 0 0
148 669810 Y 0 52 2 0 43 0 88 14 0 2 0 31 0 1 0 11 2 0 0 669480 84
149 663688 Q 0 0 0 18 0 0 60 0 56 51 0 0 16 663249 158 0 6 2 0 0 72
150 619385 R 0 0 2 1 0 106 0 0 67 5 60 0 0 1 619043 50 19 0 31 0 0
151 669750 T 103 0 3 3 0 0 0 59 32 1 0 0 8 0 26 85 669430 0 0 0 0
152 698611 R 0 0 0 1 0 117 0 42 44 1 0 0 0 4 698332 18 14 0 0 0 38
153 763873 A 763630 1 51 0 0 30 0 0 0 0 0 1 24 1 0 70 38 27 0 0 0
154 812338 L 0 0 0 0 53 0 45 56 0 812071 1 0 87 0 3 1 0 21 0 0 0
155 825505 V 98 1 79 0 36 7 0 78 0 22 0 0 0 0 1 0 0 825183 0 0 0
156 839175 R 2 164 0 0 1 44 232 0 0 65 0 1 47 0 838553 64 1 0 0 0 1
157 842032 T 113 0 1 0 0 0 0 102 0 0 0 52 3 0 1 76 841681 0 1 0 2
158 861958 G 34 67 178 0 0 861321 1 0 0 2 0 1 1 0 22 234 0 97 0 0 0
159 887900 M 2 0 0 0 0 0 4 261 25 64 887301 0 1 0 2 0 100 137 3 0 0
160 1000741 D 6 1 1000290 68 0 129 24 10 0 0 0 74 0 7 0 2 0 49 0 81 0
161 890506 P 20 0 4 0 0 1 104 2 0 79 0 0 890084 8 34 100 66 4 0 0 0
162 841668 R 3 0 2 1 0 208 0 0 85 0 98 1 0 3 841140 63 34 0 30 0 0
163 771791 M 0 0 0 2 1 0 0 188 31 49 771351 0 0 1 6 0 76 86 0 0 0
164 758055 C 2 757439 0 0 75 6 0 0 0 2 0 0 0 1 111 108 4 3 34 210 60
165 715954 S 22 20 0 0 46 0 0 0 0 2 0 0 91 5 0 715670 27 0 0 71 0
166 714696 L 1 6 3 0 1 0 0 2 0 714382 68 1 147 64 5 0 1 15 0 0 0
167 699817 M 0 1 1 0 0 0 0 298 40 57 699244 0 0 0 2 0 102 70 0 0 2
168 655446 Q 0 0 0 42 0 0 79 0 80 37 0 0 15 654929 139 0 0 0 0 0 125
169 608769 G 18 44 47 0 0 608557 0 0 0 2 0 0 0 0 13 46 0 42 0 0 0
170 655239 S 2 2 0 0 1 0 0 0 0 155 0 0 46 2 0 654940 34 0 23 1 33
171 639391 T 80 0 1 0 0 0 0 56 0 0 0 24 3 6 1 89 639131 0 0 0 0
172 677298 L 1 1 0 0 34 1 61 55 0 676981 0 0 139 0 2 3 0 20 0 0 0
173 865336 P 24 0 0 0 0 1 92 0 0 84 0 0 864962 2 22 71 77 0 0 1 0
174 867953 R 0 0 0 0 0 144 0 0 49 4 78 0 1 0 867517 79 25 0 43 0 13
175 688601 R 0 0 0 3 0 127 0 1 39 4 47 0 0 0 688279 55 14 0 32 0 0
176 738363 S 4 16 1 0 37 0 0 0 0 2 0 0 95 0 0 738120 38 9 0 41 0
177 767010 G 21 0 0 56 0 766683 0 0 0 1 0 0 1 0 92 3 0 62 3 0 88
178 733495 A 733225 0 52 0 1 16 0 0 0 1 0 1 18 0 0 61 53 67 0 0 0
179 756043 A 755441 3 0 86 0 18 0 0 0 0 0 0 30 1 0 64 252 147 0 0 1
180 773567 G 14 50 36 2 0 773337 0 0 0 0 0 0 0 0 20 44 1 62 0 0 1
181 769461 A 769047 0 62 0 0 17 0 0 1 1 0 0 23 2 0 88 169 51 0 0 0
182 789845 A 789027 0 0 79 0 41 0 1 0 1 0 0 33 2 5 78 256 322 0 0 0
183 863848 V 93 0 70 0 36 6 0 56 0 30 0 0 2 0 1 17 0 863537 0 0 0
184 881620 K 1 0 0 96 1 1 0 49 881161 0 0 124 0 41 86 0 8 1 0 0 51
185 751096 G 11 0 0 69 0 750834 0 0 1 0 0 0 0 0 65 2 0 49 0 0 65
186 748819 V 72 2 37 2 30 3 5 44 1 30 0 3 1 0 0 8 1 748579 0 1 0
187 743498 G 31 1 3 67 0 743157 0 0 1 2 0 0 0 0 103 1 0 55 76 0 1
188 604573 T 86 0 2 1 0 0 1 88 30 2 0 1 7 13 19 62 604261 0 0 0 0
189 510998 M 1 3 0 0 0 0 0 92 23 39 510723 2 0 1 4 0 43 57 10 0 0
190 492134 V 86 0 1 41 0 10 0 0 0 32 42 0 0 1 0 1 0 491919 0 0 1
191 476457 M 0 0 3 1 0 2 1 132 36 49 476133 0 0 1 3 0 48 46 2 0 0
192 437869 E 3 0 26 437613 0 99 0 0 28 1 0 0 0 15 2 0 0 45 0 0 37
193 539685 L 0 1 0 0 68 1 0 0 0 539476 28 0 0 0 1 76 0 13 3 0 18
194 649182 I 0 0 17 7 0 0 0 648848 26 65 75 0 0 0 1 0 70 64 0 0 9
195 613556 R 0 0 0 1 0 105 0 0 39 0 85 0 0 0 613200 63 23 1 39 0 0
196 638491 M 0 0 0 0 0 1 0 148 33 56 638113 0 0 0 7 0 72 61 0 0 0
197 686916 I 0 0 3 0 53 0 0 686599 0 3 24 67 0 0 1 3 85 78 0 0 0
198 651062 K 0 0 0 94 0 0 0 10 650815 0 0 51 0 7 64 0 5 0 0 0 16
199 608601 R 0 66 0 0 0 15 89 0 0 42 0 0 28 1 608317 39 1 3 0 0 0
200 601773 G 20 1 1 38 0 601479 0 0 0 0 0 0 0 1 89 0 0 73 71 0 0
201 595924 I 0 0 0 0 54 0 0 595650 0 4 22 23 0 0 0 5 72 94 0 0 0
202 610305 N 0 0 125 0 0 0 2 32 48 1 2 609994 0 3 0 68 2 1 0 27 0
203 572483 D 5 0 572220 35 0 54 18 0 0 1 0 47 0 0 0 0 0 51 0 51 1
204 592950 R 0 0 0 1 0 18 0 0 0 76 0 0 21 97 592652 1 0 0 84 0 0
205 616102 N 0 0 91 4 0 0 1 14 38 0 0 615827 0 0 1 105 2 0 1 18 0
206 741625 F 0 5 0 0 741298 0 0 31 0 189 0 0 0 0 0 70 0 3 0 29 0
207 763972 W 0 78 0 5 0 4 0 0 0 115 0 0 0 0 250 31 0 0 763369 0 120
208 557557 R 0 0 0 1 0 126 0 42 30 1 1 0 0 4 557210 74 13 0 0 0 55
209 601861 G 15 57 53 0 0 601629 0 0 1 1 0 1 0 0 17 46 0 41 0 0 0
210 642367 E 3 0 27 642049 0 82 0 0 58 0 0 1 0 22 2 0 1 44 0 0 78
211 623847 N 7 0 68 0 0 0 1 54 32 18 11 623589 0 1 0 47 3 0 0 16 0
212 582114 G 23 0 3 43 0 581845 0 0 1 7 1 0 0 0 87 1 1 48 0 0 54
213 571461 R 0 0 0 1 0 35 0 0 0 33 0 0 13 87 571164 0 4 2 0 0 122
214 563941 K 0 0 0 54 0 0 0 3 563808 0 0 14 0 2 47 0 2 0 0 0 11
215 564435 T 50 0 0 0 0 0 0 29 33 0 0 5 27 12 14 30 564235 0 0 0 0
216 530728 R 0 0 0 1 0 90 0 0 28 0 64 0 1 0 530458 47 15 0 24 0 0
217 488598 S 0 30 1 1 0 85 0 16 0 7 1 40 0 5 55 488346 10 1 0 0 0
218 513576 A 513345 2 55 0 0 14 0 0 0 0 0 0 15 0 0 52 60 32 1 0 0
219 510540 Y 0 42 3 0 27 0 59 0 0 1 0 8 0 0 0 4 3 1 0 510315 77
220 516464 E 7 1 49 516156 1 73 0 0 72 0 0 0 0 14 2 0 1 37 0 0 51
221 453741 R 0 0 1 3 0 62 0 33 33 8 0 2 0 2 453531 24 23 0 0 0 19
222 402260 M 0 0 0 3 0 0 0 99 26 28 402008 1 0 0 6 1 46 42 0 0 0
223 500530 C 0 500101 0 0 66 10 0 0 0 4 0 1 0 1 91 87 0 9 33 83 44
224 516546 N 0 0 71 0 0 0 5 44 38 2 0 516305 0 0 0 45 7 0 0 29 0
225 535323 I 0 1 0 0 44 0 1 535150 0 5 1 17 0 0 0 1 58 45 0 0 0
226 557748 L 0 1 0 0 31 0 68 60 0 557487 0 0 78 0 3 4 0 16 0 0 0
227 573192 K 0 0 0 78 0 0 0 30 572968 0 0 27 0 14 55 0 1 0 0 0 19
228 583364 G 15 0 0 48 0 583165 1 0 0 1 0 0 0 0 52 0 0 48 0 0 34
229 593957 K 0 0 0 85 0 0 0 12 593706 1 0 60 0 6 57 0 2 0 0 0 28
230 620524 F 0 3 0 0 620300 0 0 35 0 110 0 1 0 0 0 63 0 1 0 11 0
231 589311 Q 0 0 0 18 0 0 14 0 75 24 0 0 7 588973 149 5 3 0 0 0 43
232 555531 T 67 1 0 0 0 0 0 50 41 0 0 1 13 1 23 16 555318 0 0 0 0
233 555458 A 555248 0 51 0 0 11 0 0 0 0 0 0 24 0 0 47 34 43 0 0 0
234 492192 A 491828 0 0 47 0 26 0 0 0 0 0 0 26 0 0 73 141 51 0 0 0
235 481133 Q 0 0 0 15 0 0 33 1 48 16 0 0 3 480867 69 0 20 0 0 1 60
236 469182 R 0 0 0 0 0 99 0 1 39 0 40 0 0 1 468934 42 9 0 17 0 0
237 467020 A 466658 0 0 39 0 49 1 0 1 0 0 0 23 10 0 67 67 105 0 0 0
238 488871 M 0 2 0 0 0 0 0 109 28 31 488578 3 0 1 4 0 49 60 0 0 6
239 430539 M 1 0 2 2 0 0 0 120 37 39 430224 0 0 4 0 0 45 65 0 0 0
240 512527 D 0 0 512268 46 0 76 15 1 0 0 0 43 0 0 0 0 0 26 0 52 0
241 487441 Q 0 0 0 21 0 0 32 1 43 28 0 1 2 487176 93 1 1 0 0 0 42
242 559622 V 76 1 0 52 0 7 0 0 0 46 31 0 0 0 2 0 0 559406 1 0 0
243 558124 R 2 0 1 0 0 82 0 40 34 4 0 0 0 0 557858 51 10 0 0 0 42
244 548118 E 1 0 19 547910 0 74 0 0 46 0 0 0 0 17 1 0 1 24 0 0 25
245 583020 S 0 8 0 0 0 86 0 14 1 1 0 44 0 0 58 582772 29 7 0 0 0
246 569376 R 0 0 1 0 0 21 0 0 0 70 0 0 22 123 569028 1 0 0 110 0 0
247 575698 N 0 0 69 1 0 0 2 34 47 0 0 575434 0 0 0 73 9 0 0 29 0
248 592499 P 16 0 0 0 0 0 0 1 0 79 0 0 592241 64 32 28 38 0 0 0 0
249 617875 G 18 1 0 43 0 617590 1 0 0 0 0 0 0 1 86 0 1 46 0 0 88
250 592022 N 3 0 66 0 0 0 1 20 29 0 4 591812 0 0 0 61 2 0 0 24 0
251 630789 A 630459 3 61 0 0 19 0 0 0 3 0 0 18 2 1 73 77 73 0 0 0
252 601997 E 5 3 53 601661 0 86 0 0 68 1 0 0 0 20 6 0 2 37 0 0 55
253 633430 I 0 0 4 0 52 0 0 633177 0 1 20 38 0 0 0 2 48 88 0 0 0
254 615229 E 3 0 31 614897 0 68 0 0 86 1 0 0 0 22 4 1 1 47 0 0 68
255 625625 D 3 0 625411 27 0 57 15 0 0 0 0 29 0 1 0 0 0 44 0 38 0
256 599844 L 0 1 1 0 40 0 51 29 0 599605 0 0 98 1 5 2 0 11 0 0 0
257 603927 I 0 0 0 0 16 0 0 603697 0 2 19 47 0 0 0 2 67 77 0 0 0
258 554865 F 0 2 0 0 554648 1 0 16 0 99 0 0 0 0 0 73 0 4 0 22 0
259 546919 L 0 0 0 0 0 0 0 0 0 546719 43 0 84 42 6 5 1 17 2 0 0
260 556388 A 555995 0 0 69 0 42 2 0 0 0 0 0 30 0 0 42 97 111 0 0 0
261 482008 R 0 0 0 0 0 13 0 0 0 37 0 0 9 70 481779 0 1 0 99 0 0
262 595045 S 5 22 0 0 56 1 1 0 0 1 0 0 72 0 1 594811 36 1 0 38 0
263 585799 A 585291 0 1 82 0 22 3 0 1 1 0 0 33 4 0 66 153 141 0 0 1
264 504848 L 0 0 0 0 41 1 29 39 0 504649 0 0 64 2 2 5 1 15 0 0 0
265 542427 I 0 0 0 0 0 0 1 542153 32 31 63 5 1 0 0 1 68 70 0 2 0
266 569091 L 0 0 0 0 42 0 0 4 0 568890 27 0 0 1 3 96 0 2 2 0 24
267 550845 R 0 0 0 0 0 91 0 35 42 2 0 0 0 0 550590 35 18 0 0 0 32
268 617456 G 9 3 0 35 0 617187 0 0 0 0 0 0 0 1 101 1 0 57 62 0 0
269 652201 S 4 0 0 0 0 0 0 1 0 91 0 0 86 2 0 651850 62 6 0 0 99
270 665829 V 50 0 48 0 48 2 0 35 0 21 0 0 0 0 0 6 1 665618 0 0 0
271 646097 A 645741 0 54 0 0 35 0 0 0 0 0 1 31 3 0 63 83 86 0 0 0
272 647804 H 0 0 23 0 0 0 647422 0 0 63 0 70 8 76 68 1 2 0 0 70 1
273 654841 K 1 0 0 53 0 1 0 29 654623 1 0 48 0 4 51 0 4 0 0 1 25
274 627285 S 0 11 0 0 21 0 0 0 0 8 0 0 55 0 0 627135 25 0 0 30 0
275 580513 C 1 580204 0 0 28 8 0 0 1 1 0 0 0 1 82 29 2 10 6 49 91
276 481080 L 1 4 0 0 0 0 0 0 0 480947 35 1 25 48 6 0 0 12 0 0 1
277 404302 P 35 0 0 0 0 0 60 0 0 66 0 0 403917 0 21 143 59 1 0 0 0
278 370376 A 370020 2 54 0 0 23 0 0 0 2 0 1 32 0 0 72 117 53 0 0 0
279 329874 C 1 329501 0 0 41 19 0 0 0 6 0 0 2 1 194 14 0 1 5 49 40
280 300484 V 32 0 0 15 0 4 0 0 0 38 25 0 1 0 1 0 0 300367 1 0 0
281 197807 Y 0 17 1 0 17 0 33 0 0 2 0 12 0 0 0 1 2 1 3 197698 20
282 148695 G 8 0 2 22 0 148610 0 1 1 1 0 0 0 1 20 0 2 9 0 0 18
283 199933 P 11 0 0 0 0 1 27 0 1 15 0 0 199805 14 9 31 18 1 0 0 0
284 423579 A 423182 0 36 0 0 13 0 0 0 2 0 0 31 0 1 61 142 111 0 0 0
285 426773 V 52 0 1 25 0 2 0 67 0 60 0 0 0 0 6 0 0 426558 0 0 2
286 487221 A 487033 0 47 0 0 9 0 0 0 0 0 0 11 0 0 36 40 45 0 0 0
287 606338 S 0 53 0 0 0 63 0 45 0 0 0 37 0 9 63 606036 32 0 0 0 0
288 671932 G 15 60 44 2 0 671637 0 0 0 0 0 0 0 0 21 88 0 65 0 0 0
289 675936 Y 0 72 4 0 56 4 147 1 1 0 0 17 0 1 1 2 0 0 0 675569 61
290 724866 D 1 0 724562 51 0 76 10 0 0 0 0 88 0 0 0 0 0 43 0 35 0
291 714234 F 0 2 0 1 713920 1 0 12 0 199 0 0 0 1 1 71 0 3 0 23 0
292 721391 E 5 0 15 721037 0 97 0 0 107 0 0 0 1 20 14 0 0 33 0 0 62
293 715238 K 0 0 0 61 0 0 0 30 715057 0 0 22 0 8 46 0 3 0 0 0 11
294 702464 E 4 0 89 702092 0 130 0 0 33 0 0 0 0 15 6 0 0 43 1 0 51
295 673576 G 25 0 2 90 0 673214 0 1 0 0 0 0 0 0 72 0 0 86 0 1 85
296 587839 Y 2 76 5 1 46 0 57 2 0 0 0 43 0 1 0 8 0 0 0 587534 64
297 528896 S 4 13 0 0 26 0 0 0 0 15 0 1 69 0 0 528688 48 0 0 32 0
298 507022 L 0 6 1 0 27 1 0 13 0 506897 0 0 0 0 2 45 0 2 0 0 28
299 563268 V 56 1 0 55 0 5 0 0 0 55 41 0 0 0 0 8 2 563035 10 0 0
300 409551 G 24 0 0 76 0 409304 1 1 0 1 0 1 0 0 45 0 1 47 0 0 50
301 677808 I 0 0 0 5 1 0 0 677376 44 56 162 13 0 1 5 0 69 70 0 0 6
302 673260 D 5 1 672848 94 8 73 28 0 0 0 0 59 1 0 12 4 7 57 0 63 0
303 652974 P 25 1 0 2 0 0 76 0 0 30 0 0 652734 0 9 35 62 0 0 0 0
304 752546 F 0 4 0 0 752170 0 0 29 0 186 0 0 0 0 0 118 0 4 0 35 0
305 751861 K 1 0 0 112 1 1 0 48 751519 0 0 79 0 12 59 1 0 1 0 0 27
306 746286 L 1 0 0 0 1 0 0 0 0 746068 40 0 127 29 3 0 0 17 0 0 0
307 769837 L 2 0 0 0 44 0 24 54 0 769567 0 0 111 0 8 1 0 26 0 0 0
308 775748 Q 0 0 0 28 0 0 28 3 53 17 0 0 5 775454 99 5 0 0 0 0 56
309 770109 N 1 0 83 0 0 0 6 35 83 0 1 769775 0 0 0 95 16 0 0 14 0
310 751043 S 3 33 0 0 0 79 0 52 1 1 0 98 1 0 124 750606 45 0 0 0 0
311 811648 Q 2 0 0 40 0 0 15 0 70 51 0 1 7 811286 93 1 0 1 0 0 81
312 886042 V 67 0 1 58 0 6 0 75 1 94 0 0 0 0 1 0 0 885736 0 3 0
313 815243 Y 0 89 1 0 66 0 91 3 0 0 0 39 0 1 1 12 1 0 0 814813 126
314 807407 S 3 13 0 0 0 184 0 98 0 4 0 64 1 2 113 806892 32 0 0 0 1
315 775365 L 0 1 0 0 0 0 1 54 0 775065 1 2 176 44 4 0 0 15 0 0 2
316 820709 I 0 2 1 0 47 0 0 820441 0 5 16 52 0 0 0 2 69 74 0 0 0
317 753140 R 0 0 3 0 0 240 0 50 57 4 0 1 0 2 752707 36 23 1 0 0 16
318 749480 P 31 0 2 0 0 0 1 0 0 107 0 0 749132 82 19 61 45 0 0 0 0
319 762244 N 0 0 64 1 0 0 4 33 53 0 0 761936 0 0 6 115 3 1 0 28 0
320 786347 E 7 0 97 785879 0 108 0 0 111 0 0 0 0 30 3 1 1 52 0 1 57
321 827113 N 0 0 79 2 0 1 1 46 68 1 0 826795 1 0 2 88 4 0 0 25 0
322 842337 P 20 0 0 0 0 0 0 2 0 117 1 0 841963 78 27 54 75 0 0 0 0
323 854580 A 854086 4 3 87 0 45 1 0 0 0 0 0 41 2 2 67 113 128 0 1 0
324 909764 H 1 0 29 0 0 0 909288 0 0 127 0 68 15 67 80 1 1 0 0 86 1
325 912837 K 0 1 0 165 0 0 0 0 912290 2 52 87 0 13 184 0 17 0 0 0 26
326 757967 S 0 39 0 0 0 76 0 38 0 8 0 72 0 1 85 757618 30 0 0 0 0
327 743033 Q 1 3 0 29 0 0 90 0 76 23 0 0 10 742551 174 0 0 0 0 0 76
328 608226 L 2 0 0 0 0 0 0 0 0 608028 46 0 90 27 9 0 0 24 0 0 0
329 667993 V 71 3 0 40 1 4 0 0 0 53 61 0 0 0 0 1 0 667759 0 0 0
330 670847 W 0 104 2 0 0 8 0 0 0 72 0 0 0 0 112 27 2 7 670420 0 93
331 638014 M 0 0 2 0 0 0 0 184 45 56 637582 1 0 2 3 1 60 75 2 0 1
332 663593 A 663078 0 2 71 0 41 1 0 0 2 0 0 24 0 0 82 134 157 0 0 1
333 705562 C 2 705019 0 0 76 3 0 0 0 0 2 0 0 0 106 91 2 0 36 146 79
334 725219 H 0 0 33 1 1 0 724860 7 0 42 0 74 4 27 68 0 1 0 0 101 0
335 685794 S 3 25 1 0 66 2 1 0 0 3 0 0 48 0 0 685557 27 0 0 61 0
336 635763 A 635357 0 56 0 0 22 2 0 0 3 0 0 29 0 1 82 145 66 0 0 0
337 611366 A 611042 1 0 43 0 21 0 0 0 0 0 0 26 0 0 81 89 63 0 0 0
338 624709 F 0 1 0 0 624527 0 0 21 0 82 0 0 0 0 1 51 0 5 0 21 0
339 613913 E 6 0 51 613573 0 89 0 0 50 2 1 0 0 22 1 1 0 42 0 0 75
340 572723 D 1 0 572515 35 0 55 14 0 0 0 0 31 0 0 0 1 0 41 0 30 0
341 614454 L 0 0 0 0 0 0 0 40 1 614240 0 0 98 39 5 11 2 17 0 0 1
342 598336 R 0 0 0 12 0 46 0 44 32 0 0 1 0 5 598113 38 11 0 0 0 34
343 544505 V 48 0 2 37 0 2 0 27 0 50 0 0 0 0 2 1 0 544334 0 2 0
344 534777 L 0 0 0 0 48 0 0 38 0 534587 0 0 0 0 0 58 0 1 0 0 45
345 481771 S 0 6 0 0 0 39 0 35 0 0 0 24 0 0 63 481584 20 0 0 0 0
346 419785 F 0 1 0 0 419563 1 0 10 0 126 0 0 1 0 0 47 0 1 0 35 0
347 510715 I 1 0 0 0 27 0 1 510520 0 3 11 28 1 0 0 4 49 70 0 0 0
348 492691 R 0 0 1 0 0 105 0 52 32 0 1 0 0 0 492402 36 16 0 0 0 46
349 471977 G 11 0 0 34 0 471785 0 1 0 0 0 0 0 0 51 0 1 43 51 0 0
350 608796 T 84 0 16 0 0 0 0 61 0 0 0 41 7 1 0 86 608500 0 0 0 0
351 616864 K 0 0 0 65 0 1 0 30 616576 0 0 55 1 23 84 0 1 0 0 0 28
352 653048 V 78 0 0 50 0 6 0 39 0 47 0 0 0 0 0 20 0 652797 0 11 0
353 664271 S 2 27 0 0 39 0 0 37 0 1 0 0 117 0 0 663967 32 1 0 48 0
354 624355 P 13 0 0 0 0 0 0 0 3 61 0 0 624061 68 12 59 78 0 0 0 0
355 604329 R 0 1 0 0 0 107 0 2 73 2 82 0 0 0 603949 68 17 0 28 0 0
356 537603 G 19 0 0 52 0 537380 0 0 0 0 0 0 0 0 47 0 0 39 66 0 0
357 537304 K 0 0 0 78 0 0 0 29 537032 0 0 79 0 1 57 0 0 0 0 0 28
358 544038 L 0 0 0 0 26 0 6 33 0 543844 0 0 106 0 4 0 9 9 1 0 0
359 520749 S 6 34 0 0 37 0 0 0 0 3 0 0 72 1 1 520506 32 1 0 56 0
360 619432 T 65 1 0 0 0 0 1 43 0 1 0 44 3 1 0 70 619201 0 0 0 2
361 591068 R 0 1 0 1 1 80 0 43 43 9 0 1 1 1 590803 28 14 0 0 0 42
362 556924 G 21 0 1 33 0 556683 0 0 0 0 0 0 3 3 69 2 0 56 0 0 53
363 662778 V 96 0 0 45 0 5 0 53 0 67 0 0 0 0 2 2 2 662504 0 2 0
364 658556 Q 3 0 0 26 0 1 53 0 78 25 0 0 14 658202 72 0 7 0 1 0 74
365 678636 I 0 0 0 0 40 0 0 678431 0 2 14 39 0 0 1 3 62 44 0 0 0
366 588113 A 587869 2 42 0 0 26 0 1 0 4 0 0 26 0 0 46 61 36 0 0 0
367 582144 S 2 0 0 0 1 0 0 0 0 44 0 0 58 1 0 581883 64 0 0 0 91
368 594893 N 0 0 62 0 0 3 3 21 24 0 2 594709 0 0 0 51 1 0 0 17 0
369 588328 E 0 0 8 588093 0 68 1 0 54 0 0 0 0 15 0 1 1 33 0 0 54
370 604079 N 0 0 70 0 0 0 1 31 40 0 0 603789 0 0 0 63 73 0 0 12 0
371 603796 M 0 1 0 0 0 0 2 167 27 48 603408 0 0 0 4 0 59 79 1 0 0
372 624146 D 3 0 623862 53 0 82 7 0 0 0 3 48 0 0 1 1 1 25 1 59 0
373 614078 A 613793 0 56 0 0 23 0 1 0 0 0 0 27 2 0 53 74 49 0 0 0
374 685419 M 0 0 0 0 0 1 0 180 55 78 684972 0 0 1 1 0 69 58 1 3 0
375 655116 E 3 0 36 654779 0 96 0 0 57 0 0 5 0 27 2 0 0 45 0 0 66
376 501095 S 2 0 0 0 0 3 0 1 0 26 0 0 43 2 1 500954 19 0 0 0 44
377 505750 S 0 32 0 0 0 49 0 30 0 0 0 27 0 0 52 505548 12 0 0 0 0
378 462190 T 47 0 0 0 0 0 0 37 0 1 0 31 4 1 1 40 462028 0 0 0 0
379 468512 L 0 0 0 0 21 0 24 33 0 468341 0 0 81 0 5 0 0 7 0 0 0
380 474204 E 1 0 29 473997 0 43 0 0 46 0 0 2 0 15 0 0 0 36 0 0 35
381 478446 L 0 0 0 0 0 0 0 0 0 478299 29 2 91 4 7 0 0 14 0 0 0
382 503281 R 0 0 0 1 0 88 0 29 35 0 0 0 0 4 503046 32 20 0 0 0 26
383 584919 S 1 17 0 0 0 76 0 34 1 0 0 37 0 0 83 584639 31 0 0 0 0
384 623654 R 0 0 0 0 0 213 0 0 38 0 47 0 0 0 623243 50 18 0 44 1 0
385 741384 Y 0 89 6 0 44 0 78 0 0 0 4 48 0 0 4 7 2 22 0 741022 58
386 720226 W 0 97 0 0 0 12 0 0 0 115 0 0 0 0 143 32 0 0 719685 0 142
387 662441 A 662003 3 74 1 0 54 0 0 0 0 0 0 51 0 0 59 94 102 0 0 0
388 727912 I 0 2 0 0 1 0 8 727484 23 76 138 0 0 0 1 0 88 78 0 0 13
389 680369 R 0 0 0 3 0 100 0 35 37 0 0 1 0 0 680115 40 8 0 0 0 30
390 700338 T 64 0 0 0 0 0 0 33 0 2 0 44 4 0 0 81 700110 0 0 0 0
391 713163 R 0 0 0 3 0 148 0 46 37 0 0 0 0 1 712824 49 15 1 0 0 39
392 687698 S 1 28 0 0 0 81 0 31 2 0 0 47 0 1 43 687452 10 2 0 0 0
393 707217 G 19 2 0 46 0 706911 0 0 1 0 0 0 0 2 109 1 0 54 4 0 68
394 676177 G 28 0 1 54 0 675869 0 0 0 0 0 1 0 0 92 0 0 80 0 0 52
395 682488 N 0 0 96 0 0 0 1 29 102 1 0 682130 0 0 4 66 32 0 0 27 0
396 681685 T 80 0 0 0 1 1 5 38 0 0 0 31 7 5 1 85 681429 0 1 0 1
397 781128 N 0 3 79 0 0 3 5 37 57 0 0 780845 0 1 4 63 5 0 0 25 1
398 785030 Q 0 0 0 30 0 0 53 4 49 31 0 12 5 784669 101 5 1 0 0 0 70
399 702430 Q 1 1 2 22 0 0 71 0 51 38 0 1 10 702022 137 0 3 0 1 1 69
400 627540 R 0 0 0 6 0 121 0 0 52 6 64 0 0 0 627156 64 22 0 49 0 0
401 599295 A 598978 0 56 0 0 38 0 0 0 2 0 0 38 0 1 57 49 76 0 0 0
402 601334 S 6 19 0 0 44 0 1 0 1 9 0 0 98 1 1 601063 30 0 0 61 0
403 599380 A 598918 2 0 50 0 45 0 0 1 0 0 0 26 9 0 70 70 189 0 0 0
404 624775 G 28 66 57 0 0 624530 0 0 0 0 0 0 0 0 14 29 0 51 0 0 0
405 623382 Q 0 0 0 23 0 0 31 0 47 38 0 0 15 623078 80 4 0 0 0 0 66
406 647044 I 0 0 0 0 35 0 0 646848 0 1 12 38 0 0 1 5 59 45 0 0 0
407 581515 S 0 26 0 0 0 97 0 31 0 10 0 39 0 1 90 581213 8 0 0 0 0
408 588967 V 99 1 0 79 0 6 0 0 0 68 84 0 0 0 0 0 0 588630 0 0 0
409 577739 Q 1 2 0 37 0 0 56 0 43 24 0 2 6 577272 65 0 2 0 0 0 229
410 520915 P 20 0 0 0 0 0 52 0 0 39 0 2 520718 1 11 47 25 0 0 0 0
411 561216 A 560744 11 0 55 0 17 1 0 0 1 0 0 19 0 0 80 198 90 0 0 0
412 575796 F 0 0 0 0 575574 0 1 74 0 80 0 0 0 0 0 54 0 4 0 9 0
413 504808 S 1 13 0 1 36 0 0 0 0 3 0 0 42 2 1 504654 22 1 0 32 0
414 532282 V 97 3 0 63 0 9 0 0 0 75 80 0 0 0 1 1 0 531953 0 0 0
415 551289 Q 18 0 0 30 1 0 14 0 79 34 0 0 6 550928 86 0 1 1 0 0 91
416 556500 R 0 0 0 10 0 98 0 38 40 0 0 0 0 0 556263 19 22 0 0 0 10
417 513129 N 0 1 59 1 0 1 2 24 49 3 0 512898 0 0 0 50 23 2 0 16 0
418 543809 L 0 0 0 1 35 0 34 36 1 543547 1 0 133 0 2 6 3 10 0 0 0
419 582990 P 16 0 0 0 0 0 4 1 0 59 0 0 582708 62 24 48 67 1 0 0 0
420 547410 F 0 0 0 0 547183 0 0 45 0 104 1 0 0 0 0 53 1 4 0 18 1
421 562061 D 2 1 561691 58 0 87 19 0 0 0 0 79 0 0 0 1 4 67 0 50 2
422 539867 K 3 0 0 64 0 2 0 26 539640 1 0 36 0 14 64 0 3 0 1 0 13
423 538579 P 11 0 2 0 0 0 1 0 0 37 0 0 538374 49 23 31 46 5 0 0 0
424 562272 T 65 2 0 0 0 0 0 37 0 8 0 52 7 1 0 59 562041 0 0 0 0
425 576915 I 0 0 0 0 22 0 2 576674 0 7 16 49 0 0 0 3 85 57 0 0 0
426 551943 M 0 0 0 0 0 0 2 154 61 38 551523 0 0 0 7 0 71 85 2 0 0
427 503545 A 503169 2 0 70 0 45 0 0 0 8 0 0 29 2 0 59 65 96 0 0 0
428 497998 A 497678 2 0 60 0 20 2 0 0 1 0 0 22 0 0 52 83 78 0 0 0
429 494937 F 0 2 0 0 494705 0 0 19 0 121 0 0 0 0 1 54 0 1 0 33 1
430 455649 T 64 0 0 0 0 1 1 25 1 2 0 23 9 1 3 47 455472 0 0 0 0
431 501633 G 17 0 0 45 0 501362 0 0 0 4 0 0 0 0 83 1 0 67 53 1 0
432 516220 N 0 0 84 0 1 9 2 44 20 0 0 515950 0 0 1 74 1 0 0 34 0
433 553452 T 73 0 3 0 0 0 0 105 53 1 0 0 8 9 24 51 553125 0 0 0 0
434 574664 E 7 2 83 574317 0 89 0 0 40 0 0 0 1 15 11 1 1 38 0 0 59
435 625210 G 17 0 1 81 0 624905 0 0 0 0 0 0 0 0 69 0 1 55 0 0 81
436 638397 R 0 0 0 2 0 102 0 42 49 0 0 1 1 0 638109 25 25 0 0 0 41
437 644367 T 83 0 1 0 0 0 1 71 34 0 0 2 4 2 19 58 644091 1 0 0 0
438 676792 S 2 4 0 0 0 10 0 2 0 61 0 3 63 0 1 676501 58 0 0 1 86
439 661294 D 9 2 660980 64 0 79 15 1 0 1 0 42 0 3 0 1 1 53 0 42 1
440 636401 M 0 0 0 1 0 0 2 159 27 30 636035 1 0 0 4 0 68 74 0 0 0
441 612110 R 0 0 0 3 0 95 0 0 53 0 89 0 0 1 611739 63 21 0 46 0 0
442 616257 A 615861 0 0 69 0 45 0 0 0 1 0 1 31 3 2 75 87 82 0 0 0
443 625842 E 3 1 27 625627 0 54 0 0 40 0 0 2 0 24 1 0 0 23 0 0 40
444 625510 I 0 0 1 1 20 0 0 625330 2 3 3 35 0 0 0 0 58 55 0 2 0
445 698739 I 2 1 0 0 0 0 0 698343 36 59 138 0 1 0 3 0 68 64 1 11 12
446 626356 R 2 0 4 2 1 164 0 2 39 3 64 1 0 1 625961 64 18 0 30 0 0
447 599272 M 1 0 6 0 1 0 0 147 39 47 598872 0 0 1 9 2 65 80 1 0 1
448 604723 M 0 0 8 1 0 0 0 170 56 61 604253 0 0 0 2 1 78 93 0 0 0
449 540694 E 8 0 27 540417 0 103 0 0 47 0 0 0 1 20 0 0 4 28 0 0 39
450 552653 G 16 47 47 0 0 552433 0 0 0 2 1 0 0 0 12 59 0 36 0 0 0
451 614426 A 613656 43 0 54 1 39 0 1 0 0 0 0 29 0 0 70 266 262 0 0 5
452 603731 K 0 0 1 71 0 0 0 19 603481 0 0 85 0 2 54 0 6 1 0 0 11
453 571374 P 11 0 0 0 0 0 0 0 0 33 1 1 571201 58 14 22 33 0 0 0 0
454 590776 E 4 1 25 590551 0 62 0 0 42 3 0 0 0 11 3 0 0 20 0 0 54
455 598664 E 0 0 38 598417 0 75 1 0 33 2 0 1 0 24 2 0 2 32 0 0 37
456 605180 M 0 3 0 0 0 3 0 145 42 26 604825 1 0 0 4 1 68 61 1 0 0
457 579702 S 4 20 2 0 51 1 0 0 0 3 0 0 85 0 0 579411 62 1 0 62 0
458 603767 F 0 7 0 0 603361 0 0 36 0 178 0 0 1 0 0 114 0 3 0 67 0
459 572285 Q 0 0 0 23 1 4 92 0 85 52 0 0 73 571517 344 3 0 0 0 0 91
460 509720 G 18 0 1 41 0 509563 0 1 0 1 0 0 1 2 32 0 0 40 20 0 0
461 485646 R 114 0 0 1 0 53 0 0 0 79 0 0 24 137 485144 0 2 0 92 0 0
462 420181 G 27 0 0 121 0 419816 0 1 1 0 0 0 1 1 83 2 0 36 0 0 92
463 407949 V 42 0 14 0 17 4 0 47 0 15 0 0 0 0 1 5 0 407804 0 0 0
464 430897 F 1 5 1 0 430647 0 0 23 1 126 0 1 0 0 0 59 0 8 0 25 0
465 498711 E 1 1 63 498408 0 69 0 0 77 0 0 2 0 20 0 0 0 9 0 0 61
466 418768 L 1 0 0 0 38 0 10 27 0 418613 0 1 51 1 3 0 1 11 0 11 0
467 442469 S 1 0 2 0 0 0 0 0 0 104 1 0 46 1 0 442240 15 0 8 0 51
468 489097 D 1 0 488864 45 0 90 10 0 0 0 0 41 0 0 0 5 0 15 0 26 0
469 575373 E 3 1 27 575033 0 79 0 0 94 1 0 0 1 26 32 0 0 24 0 0 52
470 623324 R 0 0 0 0 0 119 0 0 66 2 109 0 0 0 622933 53 15 0 27 0 0
471 609858 A 609305 0 0 55 0 60 0 0 2 3 0 0 27 4 1 54 91 256 0 0 0
472 625694 A 625253 1 1 74 0 28 0 0 0 0 0 0 13 3 3 58 74 186 0 0 0
473 683352 N 0 0 47 0 0 0 3 36 63 0 0 683074 0 0 1 82 3 2 0 41 0
474 672777 P 12 0 1 0 0 0 0 0 0 104 0 0 672458 84 27 38 53 0 0 0 0
475 640986 I 1 0 0 0 29 0 0 640746 0 4 14 55 0 0 1 3 59 74 0 0 0
476 585115 V 78 2 1 43 0 6 0 0 0 64 141 0 2 0 2 0 0 584776 0 0 0
477 577304 P 30 0 1 0 0 0 35 0 0 57 0 0 577050 0 8 57 65 1 0 0 0
478 556527 S 6 15 0 0 25 0 0 0 0 15 0 0 87 0 0 556316 22 0 0 41 0
479 633297 F 0 1 0 0 633035 1 0 19 0 142 0 0 0 1 0 57 1 6 1 32 1
480 641520 D 13 2 641109 61 1 95 28 0 3 0 0 75 1 0 0 0 38 59 0 35 0
481 563226 M 0 0 0 0 0 0 0 129 19 34 562882 0 0 0 10 0 69 82 0 0 1
482 717489 S 0 48 1 9 0 152 0 42 1 1 0 61 0 0 75 717075 19 5 0 0 0
483 810394 N 0 0 81 0 0 0 4 47 64 0 18 810086 0 0 0 59 5 0 0 24 6
484 719491 E 5 0 49 719086 0 71 0 0 104 0 0 0 0 29 0 0 0 59 0 0 88
485 650810 G 18 0 1 35 0 650576 0 0 0 0 0 0 0 0 57 1 0 71 1 0 50
486 660848 S 0 17 0 0 33 0 0 2 0 0 0 0 67 0 0 660655 28 0 0 46 0
487 661418 Y 0 50 2 0 19 0 90 4 0 2 0 7 0 0 0 1 0 0 0 661203 40
488 648589 F 0 0 0 0 648349 0 0 35 0 103 0 1 0 0 0 62 0 1 0 38 0
489 622605 F 0 4 0 0 622299 0 0 23 0 186 0 0 0 0 0 55 0 4 0 34 0
490 622657 G 23 0 0 42 0 622336 0 0 0 0 0 0 0 0 108 0 0 54 0 0 94
491 635203 D 3 0 634878 65 2 77 20 0 1 0 0 46 0 0 0 0 0 64 0 47 0
492 646614 N 0 0 90 0 0 0 2 41 52 2 1 646323 0 1 0 73 1 0 0 28 0
493 778145 A 777575 1 0 102 0 43 0 0 0 1 1 0 37 1 0 72 131 181 0 0 0
494 640961 E 4 2 78 640583 0 122 0 0 57 0 0 0 0 18 6 1 0 22 0 0 68
495 616841 E 21 1 53 616471 0 123 0 0 27 0 0 0 0 22 1 8 1 42 0 0 71
496 591773 Y 0 102 2 0 34 0 68 0 0 1 0 39 0 0 0 3 4 7 0 591428 85
497 550458 D 3 1 550030 47 1 95 26 0 0 4 0 111 1 0 0 1 1 78 0 59 0
498 424697 N 1 0 38 0 0 1 2 33 24 1 1 424525 0 3 3 42 3 2 0 18 0
