# amino-acid counts among definitively called codons
# POSITION TOTAL_COUNTS WT N_A N_C N_D N_E N_F N_G N_H N_I N_K N_L N_M N_N N_P N_Q N_R N_S N_T N_V N_W N_Y N_STOP
1 191640 M 0 0 0 0 0 0 0 108 8 7 191472 8 0 0 0 0 24 13 0 0 0
2 194467 K 63 35 21 66 19 58 24 33 193331 70 37 161 87 34 148 101 77 21 14 27 40
3 204203 A 203465 21 12 119 22 36 29 26 10 37 7 12 68 14 67 87 70 55 5 17 24
4 216042 K 34 23 22 30 22 39 25 48 215286 59 12 50 52 21 86 67 50 36 13 20 47
5 229930 L 44 22 14 14 15 47 16 58 23 229248 6 23 83 42 65 51 35 41 11 27 45
6 266723 L 55 37 26 27 28 74 33 33 29 265681 70 37 122 71 94 86 62 64 25 29 40
7 338229 V 136 44 78 37 92 135 44 105 38 162 9 46 77 69 106 122 104 336683 29 44 69
8 455760 L 233 161 132 131 107 347 130 179 135 450476 881 135 704 166 519 366 255 299 104 122 178
9 594774 L 153 96 68 56 139 107 101 185 83 592211 39 79 171 85 220 345 203 169 33 107 124
10 565295 Y 88 172 68 55 120 112 155 165 94 239 55 182 149 84 177 266 207 146 38 562550 173
11 526394 A 523636 76 62 218 57 122 45 89 67 206 31 54 195 72 198 440 270 318 30 68 140
12 541511 F 36 32 48 49 539950 99 50 105 81 189 32 55 67 61 154 194 56 104 16 64 69
13 544208 V 112 29 25 66 28 38 41 122 42 165 19 50 110 33 102 85 73 542971 16 32 49
14 541387 A 540624 3 240 11 7 25 7 10 8 19 2 7 34 11 30 224 65 43 2 9 6
15 549237 T 92 7 18 15 17 25 35 119 67 62 11 29 99 26 84 133 548303 21 16 27 31
16 552601 D 54 19 551716 66 17 121 14 9 6 48 2 137 42 13 53 47 13 80 14 106 24
17 557209 A 555678 13 12 224 18 62 35 28 20 80 14 28 92 20 74 209 295 243 7 22 35
18 557168 D 33 48 555337 138 43 163 84 53 32 146 32 80 39 57 112 71 39 105 29 474 53
19 528410 T 182 42 68 64 70 148 73 152 108 222 29 72 217 81 220 248 526088 135 44 49 98
20 628400 I 161 94 97 106 64 211 119 624957 151 403 114 122 222 118 338 192 274 295 56 110 196
21 637033 C 207 632754 107 84 231 275 129 141 74 425 43 100 341 99 432 485 244 267 84 264 247
22 640926 I 198 66 119 131 111 230 124 636581 201 328 358 164 315 151 380 348 408 256 55 144 258
23 538279 G 186 529 152 81 75 535201 64 98 65 218 27 70 200 60 270 286 146 399 30 57 65
24 526112 Y 135 148 76 71 121 153 177 85 69 261 32 95 225 91 257 218 144 134 57 523378 185
25 521338 H 128 69 87 56 64 134 518391 88 59 312 35 472 223 120 347 200 145 136 47 137 88
26 521525 A 519172 59 56 247 55 172 38 57 59 98 26 36 183 67 173 357 214 309 35 46 66
27 568367 N 151 81 121 69 57 140 120 183 124 207 28 565698 228 49 226 277 239 132 37 91 109
28 575434 N 111 40 123 80 59 153 81 144 162 180 34 573065 144 83 190 266 175 103 26 107 108
29 584719 S 166 65 96 114 71 172 100 128 116 341 54 83 386 94 237 581076 232 172 53 93 870
30 585031 T 277 78 85 77 56 198 67 260 102 244 45 186 219 91 306 301 582089 138 27 75 110
31 594093 D 148 107 590456 201 65 302 144 119 93 234 39 439 178 79 245 168 184 236 49 492 115
32 565154 T 218 46 86 73 68 152 81 174 102 177 21 141 107 62 161 238 562950 109 44 69 75
33 735694 V 381 200 251 182 243 397 158 479 144 409 64 184 298 168 434 443 289 730516 89 117 248
34 713354 D 246 102 708726 233 91 380 166 162 162 264 47 303 193 110 321 298 268 263 61 752 206
35 533307 T 252 75 59 81 77 186 51 232 164 196 33 60 120 91 257 324 530630 158 47 69 145
36 529881 I 136 55 87 116 67 204 100 526874 187 266 95 113 194 130 308 236 249 161 30 115 158
37 465736 L 76 57 30 38 78 75 108 113 45 464231 24 50 204 60 144 101 112 77 23 42 48
38 468881 E 80 34 291 466572 49 188 31 47 222 108 16 26 83 83 101 116 83 134 23 46 548
39 459067 K 52 17 24 71 29 54 27 34 457954 81 40 250 54 29 120 50 49 28 25 18 61
40 461741 N 67 29 84 24 23 51 35 56 40 96 25 460590 97 47 73 169 79 56 13 47 40
41 455314 V 92 21 24 85 14 47 22 25 32 110 90 23 31 30 56 41 29 454472 16 20 34
42 465748 A 462823 3 7 906 0 71 9 4 7 14 2 12 40 7 18 1454 101 260 0 4 6
43 463797 V 73 10 7 42 2 27 4 8 3 1393 79 4 0 2 15 11 10 462099 1 5 2
44 441096 T 128 38 57 25 59 78 34 191 92 119 31 59 1374 33 139 145 438310 84 13 60 27
45 436617 H 86 50 36 38 32 54 434993 105 51 191 31 87 104 43 171 171 121 67 22 100 64
46 395342 S 74 39 27 17 73 39 17 43 19 90 12 22 102 23 57 394191 46 39 10 361 41
47 439878 V 198 122 122 85 161 235 65 299 87 302 36 82 154 81 260 214 176 436940 49 96 114
48 356000 N 115 65 134 61 54 79 88 120 120 109 22 354324 42 33 130 110 131 106 5 110 42
49 278323 L 94 22 27 26 31 97 30 35 34 276885 293 26 172 74 130 92 72 97 13 28 45
50 365548 L 103 68 75 62 102 138 103 324 65 363337 31 67 183 84 220 174 118 134 21 57 82
51 359723 E 192 64 117 356885 68 238 72 91 213 213 31 76 136 73 276 227 154 150 38 78 331
52 390726 D 159 81 387877 126 61 234 149 123 84 198 30 114 170 57 203 190 155 181 25 384 125
53 400379 S 129 119 71 42 47 356 66 1474 81 192 31 215 98 60 453 396448 174 134 43 54 92
54 410919 H 116 66 78 39 83 111 408283 94 64 262 26 543 132 121 227 163 116 104 23 160 108
55 422427 N 94 52 138 53 48 131 58 87 114 136 31 420531 112 45 166 200 137 113 38 64 79
56 419343 G 84 38 36 166 35 415881 35 56 41 100 21 51 56 35 269 101 70 654 1521 35 58
57 420449 K 68 24 49 132 52 127 45 105 418787 90 30 112 73 46 188 133 119 115 6 46 102
58 387794 L 92 36 53 60 49 97 88 145 79 385959 39 75 167 82 174 138 111 148 27 76 99
59 413852 C 127 410890 77 95 184 185 84 152 84 292 58 96 135 84 276 297 155 180 60 145 196
60 378361 K 277 84 152 219 106 255 111 205 374427 335 53 161 212 143 391 266 238 303 60 126 237
61 362228 L 228 171 120 102 197 224 106 217 141 358566 53 121 225 109 316 373 256 245 70 174 214
62 262080 K 83 43 46 68 32 50 69 65 260652 117 12 98 135 57 138 114 134 60 11 37 59
63 268235 G 62 27 16 72 27 266209 38 47 31 104 6 31 59 37 128 85 52 242 8 22 932
64 278738 I 66 32 29 31 24 64 46 277352 57 122 168 50 114 39 111 102 122 87 22 36 64
65 335949 A 333421 58 211 41 45 139 79 53 47 138 27 53 160 59 181 735 207 155 16 57 67
66 294717 P 83 40 29 32 25 88 48 38 25 170 12 34 291797 942 113 123 977 48 14 29 50
67 336986 L 80 38 47 38 25 78 68 81 23 335617 2 22 257 80 144 106 76 90 15 47 52
68 346236 Q 104 50 47 71 66 106 54 121 110 223 30 71 134 344262 219 119 127 106 18 61 137
69 334181 L 87 48 45 50 1018 86 73 141 92 331311 45 77 163 92 176 237 134 49 40 77 140
70 334267 G 198 94 94 344 87 329075 94 141 129 275 28 105 294 120 349 278 227 845 1267 109 114
71 307812 K 23 12 18 62 25 27 13 44 307229 51 1 31 32 24 77 36 20 29 7 16 35
72 334167 C 111 331802 51 42 104 112 97 94 66 229 35 80 190 75 223 252 140 124 30 163 147
73 339358 N 98 59 159 47 48 66 84 125 101 155 31 337262 179 71 166 240 171 93 17 89 97
74 325069 I 131 65 54 59 102 122 100 322729 70 220 49 123 159 70 202 243 198 161 25 86 101
75 347547 T 253 96 94 85 101 198 105 188 99 337 59 138 142 75 336 332 344446 178 47 98 140
76 359141 G 143 56 65 124 38 356178 75 81 55 184 28 64 126 48 485 140 109 328 33 49 732
77 344257 W 95 257 41 44 35 113 56 90 60 623 54 61 119 57 203 174 107 96 341613 60 299
78 377697 L 150 64 57 49 111 124 70 1175 32 374769 11 52 213 76 199 165 93 155 19 44 69
79 328439 L 166 88 94 112 1161 191 99 171 115 324334 88 95 213 100 218 395 202 217 63 111 206
80 310773 G 196 81 101 291 98 306971 107 113 108 283 54 111 192 82 281 223 155 353 52 99 822
81 409386 N 230 180 173 65 240 291 157 311 129 645 78 404390 387 129 417 430 334 314 86 202 198
82 446732 P 331 162 134 125 141 266 191 205 147 549 68 189 440964 1111 415 479 555 246 78 169 207
83 453557 E 341 210 165 447693 207 320 180 263 194 605 87 165 390 181 458 459 313 390 65 201 670
84 464547 C 173 461050 94 56 396 138 113 140 58 290 37 130 237 73 292 316 206 161 60 179 348
85 468443 D 191 87 464528 164 110 233 163 140 99 308 50 395 291 87 219 295 226 234 30 450 143
86 461758 S 107 67 35 60 56 100 73 88 72 269 21 68 264 81 158 459110 154 120 26 54 775
87 465336 L 136 39 58 61 52 112 106 108 76 463067 95 84 326 124 222 167 181 128 49 67 78
88 435581 L 149 58 42 63 138 150 108 290 112 433049 40 85 295 92 231 173 178 149 32 72 75
89 428713 P 210 92 89 74 90 167 142 149 133 423 51 131 424017 1152 286 375 644 185 48 100 155
90 389229 A 385864 55 106 251 88 188 92 166 84 211 20 74 184 67 208 651 210 452 51 99 108
91 369146 R 104 44 47 51 30 160 40 146 119 141 34 56 127 45 367435 173 118 94 34 45 103
92 360251 S 102 25 34 40 48 84 43 99 56 213 22 42 152 45 83 358749 109 107 16 55 127
93 363202 W 69 102 33 34 29 68 34 52 51 588 28 46 111 42 215 143 98 77 361144 47 191
94 342850 S 105 36 43 39 93 97 67 85 53 219 31 60 240 80 200 340648 187 131 15 315 106
95 431408 Y 202 223 113 78 128 214 344 162 107 306 39 129 255 113 325 304 231 186 60 427698 191
96 411244 I 131 75 49 69 105 119 89 408803 94 205 51 110 199 78 223 206 237 167 38 93 103
97 433194 V 197 56 67 106 41 91 81 166 82 188 32 116 208 71 166 183 187 430920 27 96 113
98 427341 E 90 28 57 425352 34 124 98 70 146 161 28 76 125 78 167 137 124 92 11 67 276
99 455106 T 159 43 46 44 43 111 64 161 90 149 17 67 36 52 153 155 453466 84 22 57 87
100 464563 P 111 37 43 45 32 81 70 60 44 198 12 55 462502 467 197 171 177 115 27 52 67
101 477886 N 56 4 73 42 26 71 21 68 74 72 3 476879 68 26 82 119 86 31 8 41 36
102 496140 S 79 47 35 54 58 76 51 68 60 163 26 41 171 52 148 494182 122 82 19 519 87
103 506994 E 129 31 342 504218 43 343 47 87 170 138 27 49 92 82 146 157 102 152 29 59 551
104 507887 N 110 45 136 69 41 106 107 175 154 163 36 505548 101 84 203 228 163 107 37 143 131
105 513049 G 203 75 81 138 71 508549 89 114 121 200 38 92 145 95 351 216 207 869 37 87 1271
106 503677 A 501160 41 54 309 39 139 85 80 72 138 28 61 167 81 178 374 298 249 22 44 58
107 509586 C 141 507122 64 52 127 138 76 101 76 222 38 77 161 71 258 248 141 132 34 163 144
108 493813 Y 150 157 116 126 89 195 172 156 102 240 35 108 163 111 233 217 175 202 50 490861 155
109 456112 P 232 59 94 102 69 170 99 115 141 424 46 118 451220 1559 308 318 570 183 42 87 156
110 362942 G 138 21 46 97 30 360050 55 72 60 152 16 49 174 70 230 125 129 500 10 46 872
111 353870 D 152 56 351692 76 43 210 93 61 50 151 21 138 201 68 182 136 151 129 35 126 99
112 426851 L 117 57 52 34 88 121 97 117 43 424842 31 22 384 69 196 177 145 104 26 55 74
113 426259 I 138 47 47 51 95 71 100 424364 53 137 34 101 226 45 112 145 207 158 12 50 66
114 453120 D 182 83 449686 129 84 229 147 137 128 246 32 291 204 90 230 235 277 194 30 341 145
115 457435 Y 223 161 77 99 143 260 177 162 92 313 69 121 264 109 337 285 230 181 68 453861 203
116 479194 E 194 50 867 475116 62 409 75 98 127 226 33 63 192 121 199 233 170 179 31 71 678
117 461896 E 62 39 86 460454 36 167 30 12 112 85 2 46 38 58 69 33 40 113 12 48 354
118 437701 L 121 29 49 60 45 87 75 75 60 435840 85 54 298 84 182 157 140 115 31 46 68
119 429065 R 92 47 38 46 40 247 35 70 130 129 1043 40 112 52 425759 830 92 75 74 46 68
120 405999 E 42 16 142 404437 14 165 35 44 189 51 5 28 105 47 68 39 42 83 8 23 416
121 382193 Q 90 23 31 45 23 66 87 33 196 160 10 44 128 380352 202 74 75 66 21 33 434
122 380154 L 52 62 34 54 498 108 43 60 30 378375 55 40 92 50 97 172 82 80 26 40 104
123 308184 S 55 57 27 31 25 156 22 195 34 92 13 87 19 26 361 306762 68 62 20 28 44
124 235950 S 76 31 38 31 36 87 46 37 35 144 12 28 122 28 94 234496 85 43 21 38 422
125 298661 V 108 26 56 53 31 92 42 68 48 159 12 48 121 44 109 100 102 297322 17 41 62
126 303761 S 78 33 41 46 43 85 63 65 49 210 30 47 133 55 127 302096 141 83 22 69 245
127 302832 S 48 21 26 18 21 51 19 38 30 102 14 36 72 13 73 301951 78 39 10 19 153
128 300124 L 52 29 31 37 66 76 43 75 50 298995 12 26 71 38 108 125 79 56 21 57 77
129 338124 E 63 29 56 336603 27 131 28 56 110 104 10 69 77 51 102 110 100 86 25 35 252
130 322586 R 30 19 10 8 19 89 20 135 74 59 3 24 40 24 321797 75 50 37 9 22 42
131 341534 F 40 13 10 15 340620 21 23 42 15 337 11 17 42 16 37 95 50 34 5 58 33
132 360517 E 56 15 62 359373 14 82 24 32 170 54 7 29 66 55 60 59 36 57 8 28 230
133 357612 I 23 4 7 6 17 18 9 357081 21 74 41 14 34 15 34 40 64 65 4 11 30
134 374869 F 36 24 23 10 373900 59 36 51 39 128 11 30 85 32 69 121 57 39 19 57 43
135 378695 P 191 65 75 58 70 103 1004 101 85 235 26 85 375103 83 261 330 469 122 29 100 100
136 372192 K 227 113 101 165 98 171 91 166 367839 324 66 892 315 87 461 331 249 189 57 86 164
137 398004 E 248 148 214 392911 159 344 135 207 208 429 75 172 375 173 363 458 323 335 50 149 528
138 375542 S 304 188 140 133 169 332 225 242 179 498 69 261 369 153 502 370614 376 284 59 192 253
139 370112 S 214 120 110 93 155 154 128 189 89 351 43 144 265 104 281 366602 255 165 31 134 485
140 350149 W 177 642 87 90 38 268 98 118 125 731 72 118 212 111 445 283 181 165 345853 97 238
141 285051 P 207 48 56 57 62 160 529 77 63 315 27 55 281630 98 279 302 775 113 31 58 109
142 283260 N 136 76 106 65 74 137 114 149 126 226 28 280802 144 80 171 241 161 143 40 115 126
143 267450 H 90 32 62 56 35 88 265527 91 65 193 13 296 130 85 182 155 101 74 4 132 39
144 260281 T 144 36 44 37 55 95 66 132 76 125 32 67 152 47 124 155 258657 94 15 47 81
145 263718 F 108 64 37 49 261787 140 65 134 43 345 30 40 117 43 168 181 103 85 34 73 72
146 254676 N 144 46 142 80 48 162 70 101 93 135 6 252664 145 78 175 196 119 80 34 76 82
147 240247 G 101 31 41 76 39 238218 60 44 36 108 9 37 95 31 208 105 90 395 23 41 459
148 244150 V 108 40 49 61 49 127 42 106 34 147 5 37 153 45 142 115 87 242678 24 52 49
149 247219 T 84 25 33 29 35 48 45 136 85 102 19 55 83 46 104 105 246025 66 9 28 57
150 248086 V 122 31 46 54 42 68 57 96 41 138 24 37 103 36 108 111 77 246771 15 43 66
151 265726 S 83 27 42 46 38 78 36 57 43 162 15 30 100 39 86 264422 81 82 10 48 201
152 249335 C 63 247733 36 27 127 97 39 53 38 121 17 41 76 30 156 142 65 66 41 137 230
153 232599 S 95 77 32 39 224 139 47 91 53 173 31 59 156 52 176 230282 106 117 30 558 62
154 229291 H 62 27 56 26 46 61 227017 67 49 143 10 1060 102 53 131 98 88 58 17 69 51
155 240289 R 40 32 17 21 23 176 28 49 44 96 744 30 46 36 237743 914 51 47 38 34 80
156 251275 G 71 14 33 127 33 249511 40 42 29 84 15 37 83 31 151 82 64 208 11 28 581
157 268870 K 16 28 19 75 35 34 49 65 267865 105 20 56 66 32 101 86 67 36 9 36 70
158 280818 S 47 44 24 15 20 180 33 137 36 80 6 69 84 13 233 279639 56 40 16 28 18
159 288499 S 101 44 28 16 42 188 54 70 5 135 13 37 127 34 156 287196 76 76 22 38 41
160 312846 F 130 53 37 38 310859 145 86 86 39 203 35 61 202 52 173 236 130 96 38 68 79
161 327677 Y 181 118 106 73 118 166 145 146 69 236 43 129 180 76 153 217 228 142 40 324951 160
162 316858 R 114 24 41 42 60 316 86 205 62 187 29 61 210 45 314754 173 161 108 21 54 105
163 303486 N 100 83 94 68 75 153 86 157 84 225 30 301126 199 61 192 229 156 152 36 84 96
164 291308 L 131 76 69 69 197 173 85 104 71 289014 48 72 183 74 194 263 127 129 37 76 116
165 271886 L 93 31 33 34 48 79 67 160 46 270341 18 34 261 60 136 144 124 84 17 36 40
166 256224 W 98 224 43 26 55 64 84 83 66 534 38 75 156 67 181 193 136 84 253808 60 149
167 243977 L 118 45 48 32 79 75 140 78 38 240951 1088 45 375 96 155 187 157 113 26 67 64
168 243019 T 139 38 47 46 38 100 74 63 64 193 176 45 171 39 155 164 241270 91 30 29 47
169 194139 K 103 57 57 96 58 103 76 77 192104 167 40 182 132 54 228 175 142 96 24 62 106
170 201779 K 96 56 52 99 18 112 75 63 199100 139 41 847 187 68 262 150 135 84 32 60 103
171 214698 G 172 63 53 128 74 210972 78 90 55 200 27 65 229 67 270 198 140 912 768 56 81
172 201028 D 157 56 198776 63 58 199 102 85 49 175 22 163 221 48 207 141 102 136 22 180 66
173 225334 S 103 48 33 34 62 70 68 87 56 208 16 43 247 54 112 223518 157 83 15 67 253
174 230388 Y 62 115 34 14 72 50 111 70 27 125 16 59 125 33 90 116 87 45 11 229036 90
175 224294 P 81 35 29 24 42 68 61 43 30 159 6 49 222147 765 122 137 328 66 17 37 48
176 302166 K 136 86 63 101 66 135 104 105 299438 286 39 246 196 83 262 267 177 120 37 97 122
177 299573 L 114 29 21 21 57 106 59 66 33 297795 207 43 242 69 187 163 103 94 38 50 76
178 370558 T 159 54 51 21 36 73 53 114 31 147 6 66 167 45 115 175 369060 61 18 49 57
179 414158 N 100 49 95 59 50 154 96 129 69 223 34 411930 175 68 202 215 162 117 48 96 87
180 467699 S 182 86 63 66 141 133 68 148 74 250 38 91 265 75 201 464812 218 170 41 441 136
181 479836 Y 111 145 65 52 86 123 314 109 51 166 35 127 199 57 120 222 136 115 40 477398 165
182 484451 V 178 55 60 132 70 182 61 102 67 242 97 78 96 59 135 140 117 482367 29 69 115
183 489997 N 108 55 150 61 45 100 64 131 95 119 26 488205 123 38 112 202 100 69 29 91 74
184 493738 N 95 65 86 46 61 110 50 131 104 173 20 491901 119 90 126 190 100 96 11 81 83
185 481946 K 86 41 33 171 58 91 46 113 480182 135 17 101 103 49 205 130 102 109 27 44 103
186 514083 G 124 33 32 142 45 509896 32 57 44 104 12 37 90 40 207 112 79 1153 1745 39 60
187 512330 K 94 46 46 185 56 109 51 104 510494 151 30 131 93 48 222 121 92 74 27 41 115
188 491325 E 113 65 110 488636 72 182 80 132 174 194 29 119 156 95 199 210 142 168 22 99 328
189 445906 V 164 54 96 75 92 174 38 195 53 182 39 73 110 42 136 129 128 443937 26 68 95
190 411073 L 71 45 58 51 105 100 86 675 55 408713 30 62 260 70 192 131 93 107 36 58 75
191 445164 V 136 56 72 107 37 171 50 152 65 216 37 81 91 50 224 120 120 443183 24 56 116
192 433491 L 108 44 44 61 56 82 86 158 63 431570 35 68 261 85 182 152 132 133 26 60 85
193 452635 W 92 1489 49 53 75 154 68 124 72 1528 61 62 107 51 209 193 93 111 447747 83 214
194 502205 G 157 1027 169 59 143 497955 102 175 107 292 51 94 260 50 251 645 193 195 40 104 136
195 544747 V 305 118 94 53 192 152 98 417 79 360 41 107 274 92 295 312 223 541234 52 110 139
196 569538 H 153 53 91 53 81 112 566427 134 62 328 37 463 254 132 308 225 175 145 30 200 75
197 564102 H 183 76 116 79 105 147 560821 177 94 294 46 350 203 125 225 259 197 166 26 289 124
198 556218 P 36 7 18 16 17 29 15 29 20 248 10 19 552913 1957 81 139 614 23 3 8 16
199 570876 S 20 28 11 14 69 13 7 25 7 24 4 9 91 1 7 570046 56 22 2 401 19
200 587470 S 9 23 3 7 13 132 3 304 16 27 2 75 10 5 233 586529 37 16 0 12 14
201 547448 S 34 52 20 31 46 171 29 124 67 124 29 90 58 48 117 546161 61 49 10 43 84
202 604926 D 227 110 600684 172 156 335 127 230 108 376 66 291 215 94 267 321 201 357 46 366 177
203 645429 E 246 132 369 640151 150 517 106 204 235 349 77 116 251 157 353 338 244 351 75 126 882
204 637067 Q 195 81 60 103 72 138 171 129 381 331 39 103 239 633709 376 228 155 146 48 80 283
205 561704 Q 60 20 9 62 9 61 563 12 116 156 47 11 87 559577 405 114 78 42 51 25 199
206 516467 S 97 64 63 66 58 238 39 147 62 167 30 105 104 54 185 514536 128 116 51 68 89
207 446696 L 123 48 50 50 134 125 124 385 55 444339 22 60 279 64 191 177 141 145 31 64 89
208 430386 Y 110 183 72 30 136 91 175 79 62 190 14 95 151 43 156 189 118 126 27 428227 112
209 407523 S 87 65 35 31 55 146 57 122 45 139 20 113 89 45 177 405968 107 83 16 66 57
210 352788 N 77 49 79 40 45 84 51 94 77 150 32 351264 126 42 97 162 112 73 20 39 75
211 336551 G 94 33 32 58 31 334684 31 58 31 106 16 51 71 48 152 112 78 292 14 30 529
212 355121 N 103 54 84 23 48 76 82 117 56 176 29 353384 138 47 144 184 123 80 16 92 65
213 364784 A 363233 44 219 57 43 97 33 73 47 77 10 36 117 23 83 234 139 126 22 29 42
214 368853 Y 44 67 42 36 32 36 122 10 22 48 19 34 10 4 24 40 15 29 19 368123 77
215 297330 V 89 34 48 24 65 69 32 81 20 104 26 37 83 26 73 94 78 296244 12 40 51
216 316241 S 92 76 46 37 66 86 23 68 39 121 20 39 197 18 111 314488 118 63 16 450 67
217 316896 V 105 46 29 46 28 62 22 109 28 129 11 37 68 34 75 73 74 315822 17 31 50
218 301380 A 299742 30 23 167 24 92 34 23 32 93 19 20 111 26 127 451 77 216 22 19 32
219 287469 S 90 47 34 24 59 98 35 51 36 112 19 41 152 24 113 286189 62 95 30 104 54
220 289811 S 87 48 59 42 62 107 65 91 44 188 23 69 242 53 155 287919 136 83 31 62 245
221 330674 N 119 34 97 52 54 125 88 123 103 187 23 328630 162 64 179 195 119 131 18 83 88
222 340834 Y 288 132 169 139 223 274 146 330 178 492 107 253 285 161 356 421 420 290 77 335777 316
223 312813 N 271 133 196 95 186 184 173 313 233 450 74 308109 352 142 362 473 385 262 50 154 216
224 292698 R 151 62 74 69 62 215 104 142 111 190 511 103 162 105 289494 558 219 116 51 88 111
225 305885 R 67 30 38 42 21 153 64 213 117 105 13 44 149 55 304328 136 117 39 18 40 96
226 322439 F 164 92 76 47 319197 139 126 185 99 653 44 105 284 70 205 281 202 159 37 151 123
227 343663 T 267 64 66 48 67 122 122 157 55 135 31 154 196 57 172 211 341432 131 31 70 75
228 354009 P 313 109 84 95 109 215 185 161 116 690 49 138 346456 2007 592 441 1731 223 60 95 140
229 343848 E 294 120 183 338914 154 371 181 198 179 430 54 149 205 151 458 424 316 327 80 150 510
230 336792 I 241 114 95 107 138 233 141 332844 128 407 168 129 331 111 332 325 279 282 14 121 252
231 306002 A 302401 101 235 85 114 235 119 141 93 307 37 123 312 88 286 549 291 215 29 119 122
232 289363 A 285505 97 117 230 107 243 133 191 99 342 42 132 189 108 315 404 501 237 47 140 184
233 331983 R 279 186 148 146 162 588 168 299 255 546 559 212 316 153 325855 808 358 364 129 172 280
234 372866 P 224 79 58 64 86 142 440 100 64 261 29 79 369650 89 253 329 536 169 24 103 87
235 376841 K 169 82 85 200 89 146 68 138 373908 284 6 109 233 143 290 228 196 150 42 128 147
236 402613 V 262 110 129 109 148 197 163 295 108 424 54 170 416 142 358 371 334 398438 40 161 184
237 380852 R 155 69 102 82 99 243 115 524 151 304 59 118 229 115 377414 289 275 139 39 129 202
238 373980 D 139 62 371968 68 45 125 90 95 54 185 18 92 205 57 159 144 159 119 16 106 74
239 375946 Q 223 123 96 139 117 169 102 211 157 392 49 141 285 372041 488 338 245 237 43 106 244
240 367117 H 74 31 29 22 29 41 365955 48 27 118 17 71 98 69 162 85 87 47 8 68 31
241 343770 G 60 18 21 72 21 341282 13 33 27 60 12 16 42 17 122 54 50 666 1133 17 34
242 372394 R 93 60 64 43 54 298 51 84 200 142 717 53 139 58 369599 301 144 120 57 52 65
243 370059 M 134 76 65 67 75 170 81 468 101 282 367024 76 220 106 234 185 229 245 37 81 103
244 402840 N 157 93 144 69 94 154 126 178 138 277 42 399865 257 67 232 285 199 167 38 136 122
245 392910 Y 184 142 81 67 133 148 179 181 85 295 57 111 190 89 216 242 188 212 45 389871 194
246 419437 Y 217 174 114 97 128 226 172 252 148 298 59 145 199 104 323 326 265 223 48 415637 282
247 385828 W 308 398 136 181 186 326 147 266 208 931 93 203 310 156 641 496 362 314 379568 163 435
248 375992 T 280 87 111 94 67 128 128 211 138 231 67 229 221 87 235 345 372873 114 40 135 171
249 382397 L 237 89 104 113 217 192 86 146 85 379222 69 91 263 103 275 341 216 238 47 106 157
250 390612 L 179 43 83 61 83 110 107 336 90 388173 48 79 301 68 198 180 88 186 18 76 105
251 416786 E 108 91 93 414178 61 132 81 105 117 219 28 111 151 113 194 192 174 137 22 96 383
252 406152 P 117 54 35 38 24 112 541 48 35 278 33 25 403864 65 214 246 188 83 39 39 74
253 416939 G 196 45 73 134 54 413149 58 120 77 246 52 71 155 65 550 188 138 674 51 32 811
254 407067 D 183 26 404100 149 62 114 122 96 60 234 29 112 373 110 177 177 172 207 20 448 96
255 433876 T 189 59 32 23 31 91 89 163 96 137 12 59 180 77 239 226 432034 35 2 60 42
256 466578 I 297 128 129 159 112 335 198 461110 163 542 160 217 477 194 555 471 402 355 114 140 320
257 500576 I 422 199 212 201 138 409 274 493945 246 664 108 258 488 239 654 537 507 434 95 260 286
258 446908 F 156 91 81 74 443534 163 99 224 129 443 47 129 242 79 259 328 229 217 50 185 149
259 432918 E 97 35 279 430440 22 303 43 54 77 118 21 30 138 88 163 114 94 145 47 38 572
260 392989 A 391725 14 19 329 18 55 23 14 9 82 2 8 125 28 63 158 136 121 5 19 36
261 481522 T 303 128 79 128 79 188 172 199 143 245 64 206 554 157 356 433 477524 164 71 104 225
262 479807 G 331 550 179 107 99 475800 142 121 96 336 19 102 302 94 364 379 237 322 43 94 90
263 492213 N 94 146 201 100 182 193 279 261 164 536 78 487344 236 169 486 544 381 209 68 255 287
264 509878 L 262 51 148 133 19 195 169 323 113 506179 42 107 554 207 320 251 296 206 55 89 159
265 491308 I 106 90 84 86 84 213 98 488316 117 289 174 112 215 97 240 246 246 218 45 90 142
266 481662 A 479621 53 52 173 31 143 55 43 22 151 25 42 167 31 123 439 205 190 11 30 55
267 477747 P 141 64 53 43 28 159 121 40 21 120 1 54 475481 579 223 199 201 42 24 78 75
268 475397 W 122 122 59 60 89 192 68 96 57 747 54 76 183 92 318 235 136 79 472256 116 240
269 463381 Y 157 155 82 95 168 154 236 164 97 347 71 145 267 86 204 299 230 205 37 459985 197
270 460781 A 455641 173 291 134 201 289 111 244 167 388 83 121 419 194 432 660 402 384 95 120 232
271 360294 F 166 80 70 69 357480 124 143 74 48 539 10 48 425 79 239 314 116 105 31 73 61
272 342529 A 340383 45 77 198 45 123 62 83 32 173 8 47 203 61 145 258 258 179 24 52 73
273 336367 L 119 55 42 41 64 89 80 78 76 334389 41 43 471 85 177 182 99 92 21 47 76
274 408092 S 174 121 107 62 130 254 138 289 110 397 44 235 395 103 330 404457 265 188 28 125 140
275 487657 R 233 142 136 154 217 273 157 885 247 494 63 212 489 146 481862 534 446 277 61 215 414
276 472372 G 287 100 145 183 120 466087 163 215 148 411 57 131 431 168 469 404 324 792 1400 149 188
277 450830 F 307 117 131 137 445014 311 282 282 195 675 73 199 560 245 406 624 332 389 85 193 273
278 606003 E 391 160 277 598011 224 734 183 433 396 557 99 342 436 261 473 544 502 513 94 269 1104
279 609291 S 46 67 17 11 164 14 120 95 42 187 11 53 416 117 153 606904 220 17 23 519 95
280 614658 G 329 836 390 84 179 608365 206 194 129 449 43 171 548 127 451 974 348 462 46 151 176
281 606688 I 213 129 129 123 223 294 138 602362 170 442 88 186 305 118 319 346 294 364 55 169 221
282 631579 I 94 118 79 67 169 175 102 628819 93 240 59 159 72 52 198 251 257 288 24 109 154
283 617209 T 322 191 78 116 238 257 144 459 238 724 96 215 442 220 484 569 611538 318 117 153 290
284 608626 S 341 195 270 189 412 218 278 590 279 1014 118 342 668 253 394 599830 589 684 46 344 1572
285 638224 N 332 77 361 208 266 384 225 547 436 583 115 630979 440 230 609 640 559 532 59 304 338
286 559453 A 555281 62 118 600 103 101 109 209 141 328 33 142 162 100 214 867 308 305 31 113 126
287 574773 S 118 92 128 95 153 85 134 195 126 366 12 149 317 126 217 571391 236 66 23 176 568
288 622625 M 155 144 143 128 178 286 142 789 203 390 617480 152 271 161 358 450 368 302 69 191 265
289 611148 H 278 128 149 70 93 221 606248 201 115 402 59 503 413 187 532 411 281 236 51 377 193
290 377079 E 159 59 113 373911 102 240 83 135 119 189 37 80 209 85 170 254 179 162 33 68 692
291 415356 C 131 411958 75 65 151 201 64 155 95 286 51 113 192 91 259 397 213 226 77 324 232
292 389818 N 97 56 194 34 64 64 91 166 95 133 0 387635 228 69 131 314 185 94 2 87 79
293 364432 T 182 77 51 57 104 119 84 135 122 257 126 101 264 67 224 293 361785 140 17 96 131
294 367333 K 130 71 63 96 132 73 96 220 364523 318 74 159 185 58 223 237 225 159 22 122 147
295 376200 C 144 373086 59 59 175 172 104 148 71 356 45 99 209 81 276 334 159 171 61 198 193
296 381939 Q 28 31 14 68 28 52 48 57 335 167 28 24 131 380164 332 159 81 18 26 18 130
297 421041 T 171 54 43 36 70 98 94 228 88 212 39 87 198 69 156 205 418896 124 22 62 89
298 476793 P 83 28 31 28 55 38 671 65 44 266 16 48 474672 57 134 180 195 80 13 31 58
299 425710 Q 147 84 67 117 58 123 1440 124 1622 318 41 85 306 419747 514 247 169 126 50 80 245
300 431259 G 213 96 87 246 82 427333 97 32 88 298 7 48 223 92 351 272 188 746 62 96 602
301 473623 A 467878 174 383 48 234 187 198 303 121 512 72 199 478 180 540 750 487 384 90 192 213
302 703483 I 117 9 126 142 127 273 140 699036 284 522 131 223 394 175 415 263 421 361 10 127 187
303 722752 N 267 137 199 144 153 389 136 258 283 372 80 717963 263 98 379 472 356 243 104 234 222
304 673411 S 128 115 45 51 39 385 37 349 60 128 30 293 72 52 548 670747 83 129 17 26 77
305 664632 N 104 67 131 32 77 194 44 133 55 111 14 662954 55 23 154 164 80 103 15 63 59
306 672260 L 186 94 69 82 252 300 116 404 85 668812 35 71 439 88 361 262 131 196 74 65 138
307 597868 P 225 73 70 92 82 171 2176 124 81 360 32 67 591770 111 298 364 1395 164 36 64 113
308 598005 F 134 96 57 69 594889 153 70 160 64 807 36 57 156 70 233 373 111 180 36 126 128
309 591193 Q 171 78 117 145 79 222 395 133 1209 363 59 106 238 586198 599 276 191 162 75 100 277
310 598148 N 132 50 131 92 60 134 86 159 136 193 32 595700 139 72 230 275 139 134 29 113 112
311 568534 I 153 71 76 96 69 282 77 565618 124 264 177 92 119 78 316 233 230 201 54 84 120
312 571327 H 192 109 121 118 94 278 567346 126 96 350 57 161 233 218 456 286 214 225 71 417 159
313 499646 P 182 71 58 82 32 258 79 58 77 339 35 43 494534 2257 314 197 721 144 57 26 82
314 402338 V 310 117 151 102 208 337 116 239 105 362 57 119 322 115 331 430 252 398292 56 147 170
315 393344 T 306 116 101 128 122 268 165 308 230 444 54 151 316 206 380 343 389025 238 66 123 254
316 408221 I 216 104 87 84 122 196 180 404432 156 357 240 148 252 141 288 368 273 222 41 139 175
317 343383 G 209 94 92 137 105 338969 115 211 149 320 57 156 165 115 346 324 153 672 15 136 843
318 471794 E 285 183 155 465982 196 318 161 267 275 450 93 173 350 175 365 563 310 295 96 217 885
319 467116 C 139 463923 66 33 453 198 58 63 41 181 28 42 136 58 284 295 102 137 101 402 376
320 549161 P 184 107 77 61 131 149 106 146 91 391 15 85 544601 1338 259 364 616 133 44 126 137
321 591666 K 182 44 107 152 173 168 113 220 588214 334 32 241 185 133 290 317 182 230 18 131 200
322 611244 Y 241 126 125 131 193 249 168 238 133 420 63 150 342 156 382 426 282 229 71 606854 265
323 613474 V 292 155 166 80 269 205 149 325 157 415 38 181 316 113 301 473 323 609147 54 137 178
324 609439 R 318 171 128 163 206 690 172 282 242 588 1200 181 428 216 601817 1334 322 366 185 169 261
325 593305 S 333 291 148 153 262 627 258 341 184 614 93 374 422 209 666 586874 369 483 143 174 287
326 560655 T 235 47 35 37 68 179 41 188 56 182 37 110 193 50 109 281 558548 104 33 54 68
327 598009 K 194 114 93 231 134 294 93 160 594060 360 54 150 280 147 425 344 209 239 69 145 214
328 586346 L 418 237 160 201 1116 403 195 288 214 579398 79 200 399 225 536 652 413 350 190 239 433
329 588944 R 245 152 114 161 110 789 109 122 271 288 1103 113 248 131 583419 583 246 202 157 133 248
330 530944 M 232 91 80 95 102 321 130 753 93 283 526966 85 148 91 309 232 187 345 116 84 201
331 387304 V 185 68 87 76 109 210 73 200 32 180 34 50 185 62 185 167 117 385002 56 67 159
332 364052 T 177 40 81 65 34 128 61 268 155 100 27 118 135 56 150 158 361968 84 28 59 160
333 402822 G 134 50 56 92 61 399901 59 110 87 146 18 74 116 72 243 168 164 366 30 62 813
334 402668 L 151 62 69 72 110 180 129 188 70 400138 52 91 273 123 255 179 119 163 9 94 141
335 390167 R 49 28 24 34 38 178 16 193 71 71 13 35 41 25 389001 117 68 42 22 30 71
336 399472 N 86 57 89 32 34 138 61 111 89 118 30 397855 90 44 145 129 106 80 21 58 99
337 388584 I 84 49 39 45 49 125 31 387209 30 85 41 70 62 36 140 98 115 144 32 32 68
338 394985 P 105 50 42 55 45 130 55 65 68 209 22 47 390948 1617 198 177 823 99 30 70 130
339 385679 S 109 67 42 42 101 128 50 90 52 141 27 52 184 50 121 383826 115 81 25 246 130
340 425951 I 69 51 28 36 79 75 45 424496 58 124 38 74 55 30 125 92 136 142 43 59 96
341 412212 Q 95 48 36 66 53 89 63 119 323 182 27 56 115 410119 216 157 114 66 40 61 167
342 427182 Y 113 144 53 50 162 118 115 131 83 251 25 77 137 73 183 197 149 118 26 424707 270
343 441295 R 216 121 111 119 147 344 122 611 202 341 4 136 260 124 436936 454 302 243 67 120 315
344 492891 G 144 647 169 124 71 489505 94 153 79 253 40 55 195 93 230 320 146 277 15 92 189
345 518428 L 190 97 96 120 109 114 123 527 151 514619 48 129 330 158 316 257 316 246 42 146 294
346 570396 F 147 76 69 62 567198 110 103 259 129 463 42 114 177 78 242 329 176 181 45 134 262
347 489351 G 140 77 95 120 47 485945 63 89 45 193 27 67 113 59 294 167 122 658 41 80 909
348 495356 A 491711 35 380 59 35 159 64 63 34 144 16 44 147 38 136 1639 163 347 34 44 64
349 490285 I 169 87 98 96 122 195 90 487134 114 258 64 119 221 119 297 240 289 256 43 100 174
350 491929 A 486863 133 336 81 154 230 163 193 87 487 47 124 715 110 415 618 533 323 58 111 148
351 508396 G 376 496 170 117 35 504755 105 77 51 230 44 54 189 97 380 421 237 298 78 62 124
352 566209 F 550 246 328 270 557226 629 372 361 224 1044 97 281 738 336 715 641 640 573 124 307 507
353 578429 I 406 176 215 196 244 476 245 570448 330 874 155 334 721 288 638 697 682 455 111 349 389
354 529375 E 305 160 1762 521087 154 555 155 241 286 444 99 183 176 160 648 421 327 373 122 182 1535
355 523857 G 524 178 224 378 115 513904 220 305 103 542 113 155 642 167 742 545 444 2263 1884 135 274
356 442526 G 409 104 516 388 152 435261 142 225 179 392 69 142 519 134 802 421 388 561 85 103 1534
357 420965 W 332 414 134 141 99 614 207 179 148 1015 334 147 543 179 652 487 367 296 414020 123 534
358 365806 T 462 134 254 122 134 322 231 279 182 474 94 272 523 218 545 515 360221 306 70 179 269
359 379067 G 330 41 123 212 22 374923 104 61 64 280 32 56 288 106 498 163 129 489 33 40 1073
360 297551 M 160 76 82 152 170 217 96 438 220 458 293332 154 200 164 453 285 203 274 61 106 250
361 369102 I 326 146 163 203 195 290 157 363381 277 497 272 242 456 168 537 560 454 285 81 140 272
362 334918 D 91 89 332710 52 93 160 110 79 31 241 37 73 146 65 222 163 38 138 29 256 95
363 424957 G 226 133 108 112 50 421858 130 66 46 70 2 102 184 19 328 244 133 350 10 114 672
364 475828 W 247 228 79 90 140 212 128 177 93 1066 85 99 315 135 411 379 206 260 470764 125 589
365 511872 Y 218 135 107 50 145 109 321 166 74 356 63 122 290 75 267 296 199 189 22 508565 103
366 507878 G 152 446 71 76 40 505603 20 27 29 162 44 12 75 72 267 192 84 268 75 34 129
367 475457 Y 159 134 50 48 97 173 145 28 37 155 16 49 136 64 184 150 55 75 41 473512 149
368 481699 H 112 69 47 50 98 116 479196 92 75 266 38 206 157 126 314 181 65 89 63 177 162
369 466525 H 153 68 79 56 84 173 464133 114 79 221 25 180 131 72 268 156 108 105 46 121 153
370 463036 Q 151 68 63 93 105 135 303 117 268 282 37 45 165 459968 358 209 113 155 39 65 297
371 459295 N 161 63 129 92 79 241 45 124 152 173 55 456830 55 40 207 301 127 156 55 96 114
372 445060 E 157 70 104 442276 81 227 58 116 167 214 42 82 149 78 197 206 152 167 50 67 400
373 398995 Q 120 60 34 53 67 105 1253 88 135 234 28 69 221 395496 309 147 132 107 40 55 242
374 404976 G 148 81 86 165 86 401762 92 163 95 250 34 136 174 82 339 255 176 266 31 93 462
375 359364 S 145 109 67 101 78 135 112 148 100 403 47 104 267 130 247 356353 215 141 52 120 290
376 381995 G 137 500 181 123 63 378375 83 133 78 302 46 115 210 122 316 280 164 406 80 97 184
377 381721 Y 220 185 120 91 149 270 200 230 163 444 67 131 363 151 337 368 317 226 84 377352 253
378 376012 A 369431 186 188 325 99 434 167 279 240 480 75 199 468 202 512 796 516 794 96 190 335
379 370300 A 363901 239 111 401 170 354 156 282 221 499 120 191 218 237 544 1011 324 669 106 201 345
380 367726 D 235 102 364386 112 105 354 83 139 73 267 40 158 242 76 265 276 163 266 64 163 157
381 372214 Q 202 152 99 131 182 273 128 245 237 423 50 185 181 367434 399 860 209 269 81 155 319
382 402231 K 241 124 97 134 114 211 93 174 398458 344 56 178 266 168 363 346 211 179 54 149 271
383 408222 S 268 122 84 71 66 393 75 267 88 202 30 192 180 70 453 405092 161 176 40 86 106
384 427168 T 381 155 118 116 134 256 162 271 159 428 104 114 404 156 425 399 422662 285 74 110 255
385 444718 Q 371 219 136 160 153 401 216 218 221 507 62 154 421 439221 659 462 297 316 78 123 323
386 438702 N 131 84 120 81 84 173 52 220 119 250 95 436026 98 66 194 241 122 212 41 125 168
387 419395 A 416210 90 306 43 49 181 38 140 73 187 31 66 196 31 212 831 201 326 40 59 85
388 382343 I 227 148 122 99 120 319 123 378817 103 330 58 107 200 101 341 297 156 278 76 122 199
389 382547 N 277 109 173 107 207 203 111 263 192 445 36 378297 274 111 278 486 242 288 26 186 236
390 298771 G 148 77 51 87 43 295186 43 73 68 174 25 55 89 41 281 141 82 741 1189 58 119
391 304047 I 172 94 60 27 107 83 91 301752 42 237 37 72 167 92 172 164 139 287 20 93 139
392 215897 T 257 114 74 61 100 160 78 188 105 314 32 82 154 77 230 250 213100 183 40 94 204
393 277199 N 169 113 65 41 112 160 101 155 136 280 29 274439 145 81 268 267 141 200 58 91 148
394 283265 K 150 96 75 96 106 131 106 119 280065 267 38 579 170 111 270 271 144 175 51 101 144
395 336440 V 357 202 128 148 188 374 144 272 184 608 66 162 319 168 445 487 236 331351 93 163 345
396 333182 N 105 54 105 35 58 82 80 92 55 131 14 331496 108 62 132 181 93 88 41 89 81
397 365707 S 63 48 23 10 40 65 35 43 12 102 8 37 157 19 94 364254 102 47 16 469 63
398 379381 V 140 70 85 45 98 166 54 144 40 131 6 34 99 43 152 134 68 377679 40 45 108
399 385941 I 166 83 55 68 92 189 43 383571 64 230 21 95 137 59 241 204 146 215 40 77 145
400 382668 E 120 65 196 380554 16 284 43 11 182 44 4 26 99 57 148 144 72 87 34 22 460
401 376942 K 87 13 35 97 30 86 38 78 375573 111 20 54 91 47 178 115 79 79 6 38 87
402 382478 M 88 49 47 52 51 225 55 328 103 215 380078 60 108 56 202 152 150 173 33 79 174
403 361468 N 157 80 152 59 65 168 43 99 107 137 27 359381 108 35 190 187 99 144 42 80 108
404 351754 T 140 41 41 51 42 155 74 134 53 184 17 100 135 55 206 240 349704 130 34 51 167
405 350487 Q 106 78 69 109 77 200 81 94 547 226 48 73 111 347469 372 161 118 138 64 70 276
406 318405 F 68 71 48 47 316410 197 29 107 43 457 27 42 54 38 117 154 50 140 47 90 169
407 255828 T 104 13 17 25 10 43 28 152 61 47 17 23 55 32 129 96 254910 20 2 12 32
408 195485 A 194288 28 202 31 19 118 31 28 24 75 14 28 63 26 93 160 66 72 18 26 75
409 187652 V 103 34 26 63 37 161 36 50 31 152 55 32 65 36 146 83 60 186285 52 31 114
410 167720 G 77 164 87 44 27 166607 19 32 31 58 26 9 63 23 108 81 50 103 22 19 70
411 132139 K 53 2 30 36 17 87 22 32 131293 77 12 30 60 25 93 54 51 55 22 21 67
412 120179 E 49 20 29 119429 18 104 12 26 26 73 11 22 25 19 57 30 21 73 14 9 112
413 102417 F 61 40 35 21 101450 65 18 45 18 173 5 21 32 26 101 92 40 61 18 29 66
414 110988 N 51 24 66 21 35 88 20 49 22 74 5 110081 34 23 87 90 43 77 14 33 51
415 118848 N 45 25 31 24 35 56 18 48 42 83 13 118013 32 20 56 94 43 55 24 29 62
416 126715 L 33 37 16 16 47 26 16 28 14 126132 9 12 20 11 53 73 23 52 8 31 58
417 137310 E 23 14 23 136650 11 35 8 28 87 53 8 16 31 12 66 32 27 45 17 19 105
418 149749 K 28 25 15 26 22 53 22 38 149076 42 11 23 31 17 59 79 34 47 11 16 74
419 150594 R 14 3 6 8 9 420 4 7 133 21 287 4 19 6 149493 89 17 10 21 7 16
420 137147 M 19 3 24 15 9 22 17 360 15 46 136379 8 18 9 46 25 29 38 31 9 25
421 154216 E 25 14 22 153580 8 88 9 23 48 36 2 12 23 11 44 35 21 31 11 12 161
422 138033 N 24 11 19 11 14 31 6 32 17 30 2 137648 16 14 28 38 14 29 5 15 29
423 141820 L 14 9 7 5 41 14 16 19 18 141416 3 21 21 9 41 51 21 7 9 15 63
424 150509 N 28 3 21 6 17 25 15 38 34 49 1 150044 38 12 29 48 22 22 2 19 36
425 157098 K 45 35 19 19 67 54 57 122 155528 142 4 73 140 30 138 184 158 55 15 65 148
426 144418 K 85 24 29 35 32 45 44 50 143273 102 4 41 87 40 117 109 72 69 12 32 116
427 154622 V 51 6 22 23 36 39 25 60 19 91 11 26 36 25 54 71 46 153886 4 25 66
428 145719 D 71 31 144471 40 42 98 39 45 22 117 18 61 71 27 92 115 79 93 11 112 64
429 139662 D 66 24 138753 38 25 79 33 32 27 57 9 36 50 20 57 69 49 73 8 84 73
430 141313 G 44 17 12 60 27 139513 26 45 49 88 11 36 40 22 141 81 73 206 702 31 89
431 132603 F 45 24 14 9 131918 21 20 36 20 66 5 15 49 20 45 75 37 55 15 33 81
432 133457 L 70 19 17 18 23 51 29 18 23 132575 60 25 126 33 93 66 70 56 17 15 53
433 113227 D 34 11 112552 36 18 47 23 18 9 32 9 43 47 8 38 40 28 41 8 142 43
434 115036 I 28 16 17 14 19 42 27 114478 12 39 4 24 31 12 56 74 44 29 12 11 47
435 115806 W 41 106 18 19 23 66 20 10 19 224 4 20 37 21 114 54 34 22 114839 17 98
436 118735 T 71 8 16 9 17 25 8 31 27 45 3 19 36 17 38 51 118252 23 3 7 29
437 167362 Y 29 30 11 12 45 19 48 44 23 77 3 30 38 11 57 55 32 30 7 166685 76
438 165699 N 53 20 42 23 28 39 21 61 41 70 19 164835 42 19 74 103 52 28 17 41 71
439 174542 A 173687 24 16 108 11 61 7 30 22 45 5 22 50 18 47 144 87 86 11 14 47
440 196612 E 59 21 30 195700 23 61 29 42 50 72 5 28 40 21 56 58 43 41 10 30 193
441 193304 L 31 29 14 11 42 54 12 39 33 192623 25 22 25 14 51 88 22 46 17 32 74
442 279670 L 51 38 22 27 51 50 30 63 37 278770 11 31 50 20 72 110 34 63 13 31 96
443 277333 V 88 18 32 18 49 53 15 57 13 52 17 24 31 13 50 64 28 276622 9 28 52
444 285374 L 95 41 45 53 37 110 49 212 41 283776 19 45 128 84 161 131 80 68 23 47 129
445 301558 L 40 20 16 22 27 46 29 22 31 300690 44 14 184 52 90 45 45 47 19 15 60
446 297367 E 52 23 44 296113 27 162 14 31 56 72 6 24 40 35 79 55 33 104 24 18 355
447 297746 N 55 21 54 5 31 39 19 49 37 63 20 296871 46 28 66 88 48 63 17 43 83
448 315448 E 27 17 55 314508 18 105 11 46 95 47 10 36 12 22 31 56 25 71 8 22 226
449 323663 R 68 34 28 32 39 276 29 47 120 122 330 27 54 30 321860 243 58 63 76 38 89
450 304923 T 120 62 62 21 51 69 37 115 47 130 14 52 77 53 121 124 303459 80 24 49 156
451 304366 L 96 45 36 30 551 100 24 39 36 302556 45 21 49 30 132 180 70 102 53 39 132
452 279933 D 66 22 278848 64 20 158 21 34 18 80 11 48 23 23 98 57 33 86 18 142 63
453 221484 F 37 13 13 13 220642 32 17 39 15 296 0 21 27 23 53 92 29 44 26 19 33
454 202767 H 58 18 31 8 12 26 201640 27 5 96 4 348 59 37 149 59 30 54 7 45 54
455 197282 D 45 35 196313 74 12 119 29 33 23 68 3 34 21 21 59 84 32 85 24 107 61
456 200806 L 62 35 25 20 44 66 22 37 18 199963 2 26 52 19 78 123 41 41 13 26 93
457 181222 N 50 22 41 11 29 51 26 58 24 69 19 180379 50 15 70 92 36 44 22 41 73
458 184791 V 95 20 24 52 27 71 18 33 27 90 60 34 27 26 63 64 41 183912 9 23 75
459 186411 K 48 27 26 78 32 100 15 37 185225 77 33 158 61 26 132 68 57 71 28 17 95
460 184048 N 40 22 36 17 18 51 28 37 27 56 14 183398 26 13 47 53 38 35 8 29 55
461 182422 L 20 9 8 16 10 25 7 28 14 181949 79 10 49 37 32 25 18 34 7 11 34
462 185480 Y 31 96 30 16 44 56 45 40 28 69 6 40 40 28 51 85 51 69 16 184518 121
463 184362 E 32 22 97 183322 22 67 11 30 63 62 3 20 31 27 44 66 32 72 9 22 308
464 175908 K 18 12 6 46 16 31 13 37 175454 31 8 23 11 11 48 26 19 36 7 9 46
465 181414 V 53 11 16 26 21 48 10 77 21 63 7 13 26 8 57 52 22 180806 8 16 53
466 177848 K 16 14 14 29 9 45 12 46 177335 35 1 32 24 9 41 34 31 35 11 21 54
467 198922 S 51 24 29 20 24 82 27 530 22 69 3 53 32 12 224 197529 43 46 17 24 61
468 197889 Q 56 45 28 19 42 56 40 45 386 96 1 46 57 196470 113 89 62 66 15 36 121
469 204507 L 36 28 27 20 52 48 24 52 28 203722 4 31 27 22 53 79 38 42 21 36 117
470 215220 K 47 24 20 60 31 101 22 50 214035 79 24 163 32 28 163 67 53 68 25 34 94
471 215601 N 56 44 65 25 41 79 35 60 47 98 10 214452 45 25 74 107 59 83 27 66 103
472 228242 N 85 44 78 29 42 112 29 73 52 102 23 226794 74 27 96 175 92 102 30 40 143
473 240452 A 238202 50 170 44 85 118 48 103 54 174 17 59 83 43 122 529 173 168 17 65 128
474 255849 K 103 93 28 92 92 62 35 112 253919 177 28 73 98 69 173 172 97 115 25 67 219
475 259153 E 72 44 43 257673 43 97 30 71 68 149 18 37 54 33 94 103 48 120 20 84 252
476 263791 I 50 41 27 14 59 53 32 262657 37 135 31 63 26 31 79 120 60 108 11 42 115
477 255599 G 93 47 34 89 51 253363 28 73 32 151 17 33 45 42 254 132 55 299 18 57 686
478 246739 N 60 34 48 15 72 30 45 84 52 159 33 245437 72 38 102 136 46 68 15 63 130
479 257478 G 68 44 21 61 41 255374 31 75 46 104 24 29 55 34 141 85 52 372 688 38 95
480 253628 C 78 252195 22 34 70 91 26 62 42 125 13 29 50 27 103 142 53 123 36 168 139
481 272431 F 91 51 42 35 270485 21 66 110 52 311 23 57 147 64 169 197 125 88 32 87 178
482 280638 E 85 70 81 277947 44 475 46 78 110 150 11 49 63 67 198 155 99 152 65 52 641
483 267354 F 105 56 22 27 265873 94 28 68 30 310 10 38 44 33 97 116 65 103 45 58 132
484 291014 Y 116 151 62 54 124 310 183 99 54 292 46 71 145 61 252 224 100 195 67 288152 256
485 276745 H 108 68 68 60 54 272 274336 57 39 182 30 461 92 87 191 116 70 165 52 113 124
486 328348 K 92 60 38 132 74 187 37 84 326276 186 44 80 71 56 255 136 108 155 34 52 191
487 296059 C 80 294432 49 50 106 66 28 80 41 140 42 38 69 36 152 156 81 131 38 129 115
488 298921 D 93 51 297122 77 33 277 43 67 38 130 23 96 74 39 94 95 54 182 27 205 101
489 306754 N 65 42 95 28 51 74 53 87 67 137 29 305327 73 35 100 125 69 114 35 49 99
490 309167 E 75 38 63 307484 39 226 20 67 83 123 20 27 42 48 119 108 51 123 50 54 307
491 305427 C 37 304449 20 18 126 80 8 32 11 45 13 17 13 11 95 82 26 51 42 96 155
492 321521 M 88 51 34 19 37 65 22 645 65 140 319607 42 49 37 124 88 96 155 27 37 93
493 303764 E 86 70 77 302009 54 143 54 55 66 170 18 35 86 59 88 112 78 120 23 44 317
494 289714 S 61 60 33 20 39 144 18 88 18 85 13 62 39 10 127 288636 50 77 42 26 66
495 319842 V 106 48 36 49 60 123 25 188 34 166 25 36 24 30 63 98 48 318537 22 37 87
496 286076 R 58 22 24 49 38 193 20 163 67 70 24 38 35 26 284852 98 53 95 27 30 94
497 283915 N 91 60 69 33 70 100 42 107 65 150 35 282208 79 44 119 180 99 138 24 76 126
498 284130 G 71 35 27 61 24 281980 12 28 33 83 10 17 39 14 172 80 52 507 780 19 86
499 271185 T 82 21 28 15 32 46 14 56 26 62 15 37 26 15 36 71 270457 56 16 23 51
500 259190 Y 55 72 28 29 51 108 82 31 23 85 20 17 47 33 90 65 50 69 43 258086 106
501 292018 D 52 38 291070 47 23 136 20 38 23 46 7 42 23 9 71 36 35 80 17 154 51
502 291989 Y 47 68 28 29 45 86 62 42 13 84 6 24 25 16 64 66 42 67 22 291050 103
503 325509 P 85 46 26 31 50 121 38 57 22 176 17 27 323522 545 164 153 202 77 21 39 90
504 333696 K 85 58 39 70 33 136 26 53 332241 97 18 81 78 43 162 96 74 111 38 42 115
505 332527 Y 31 44 17 13 39 66 37 36 9 53 6 14 19 5 49 42 19 52 10 331894 72
506 336692 S 33 36 22 16 33 59 24 29 23 165 12 19 78 21 84 335522 62 47 30 27 350
507 320203 E 51 19 37 319349 29 131 10 21 43 55 5 14 34 27 44 49 16 64 16 16 173
508 300205 E 80 54 43 298797 47 141 34 53 54 119 24 20 57 39 85 106 42 121 35 33 221
509 308375 S 95 55 44 38 97 103 28 96 42 155 13 33 73 26 91 306886 71 113 25 57 234
510 275329 K 44 41 18 52 37 88 22 23 274393 77 19 51 50 37 122 65 45 55 17 30 43
511 277780 L 45 30 22 12 285 63 20 26 12 276821 32 14 42 12 58 87 19 64 23 32 61
512 287227 N 77 56 92 27 109 86 53 83 70 115 5 285803 53 24 79 227 55 97 1 64 51
513 258468 R 90 67 46 17 70 160 49 103 39 205 927 57 73 68 255275 774 87 108 78 59 116
514 349880 E 137 87 88 346833 130 672 60 87 177 284 13 36 122 54 133 163 44 209 42 60 449
515 312178 K 66 70 45 101 57 147 35 79 309990 173 46 163 74 46 515 134 96 133 46 51 111
516 354930 I 93 67 55 31 78 86 49 352875 53 263 198 52 101 59 156 196 155 168 26 58 111
517 358964 D 119 61 356692 82 99 214 56 107 57 204 21 102 107 54 165 206 102 186 32 185 113
518 329317 G 103 38 23 59 50 326797 33 91 49 122 12 43 63 34 216 100 73 587 25 46 753
519 341363 V 141 32 29 56 35 108 23 46 26 138 70 31 78 20 84 88 71 340193 24 20 50
520 403929 K 140 73 55 114 54 154 66 146 401565 214 27 133 134 79 242 189 159 135 31 61 158
521 385322 L 62 38 19 17 844 89 24 41 29 383513 30 20 88 29 84 141 63 54 26 42 69
522 407746 E 73 26 58 405883 51 161 46 79 102 128 16 44 102 67 87 114 77 105 9 55 463
523 405872 S 50 22 27 17 44 46 40 74 39 143 14 45 118 55 79 404591 106 72 12 56 222
524 426103 M 123 58 46 45 87 171 58 1613 114 272 422149 137 128 72 192 204 195 191 43 78 127
525 441614 G 162 37 52 331 46 436058 40 57 63 117 23 27 73 51 258 114 91 2083 1766 59 106
526 409851 V 244 81 106 113 78 209 67 108 76 365 210 54 99 56 204 185 109 407167 39 79 202
527 430273 Y 155 152 70 66 161 193 276 187 89 293 47 112 165 93 220 234 156 191 36 427109 268
528 424405 Q 76 54 60 63 50 96 226 64 329 195 23 52 148 421881 444 162 100 83 20 53 226
529 354354 I 65 26 33 31 50 94 45 353121 38 110 14 69 87 35 92 114 118 83 17 47 65
530 348115 L 172 58 37 35 56 154 97 84 63 345581 263 49 479 83 179 216 184 109 50 60 106
531 324715 A 319708 125 97 1129 153 330 119 143 77 345 40 125 354 114 298 510 224 470 59 116 179
532 383310 I 9 14 13 3 61 12 22 382840 4 39 6 30 35 3 17 42 45 54 7 22 32
533 444478 Y 25 68 25 5 57 24 244 29 5 61 3 61 53 20 26 58 34 13 5 443587 75
534 471898 S 25 6 9 5 17 31 10 14 12 108 12 8 160 23 37 470417 74 18 4 8 900
535 474804 T 92 18 20 12 42 46 17 108 15 77 9 62 42 10 36 106 473987 38 11 17 39
536 460877 V 329 109 162 102 183 294 87 296 108 448 59 81 207 113 296 265 251 456942 68 130 347
537 501522 A 495916 115 562 110 158 267 100 175 82 288 43 85 220 82 247 1852 504 313 46 159 198
538 496645 S 151 132 80 89 117 291 97 189 91 273 29 181 151 88 270 493624 213 180 67 121 211
539 459977 S 186 69 53 66 88 194 70 110 58 383 41 66 242 68 226 457117 165 182 34 74 485
540 464644 L 233 107 93 98 113 276 115 145 98 461303 122 85 333 149 326 303 175 169 73 93 235
541 490427 V 291 170 97 140 139 333 132 190 144 552 126 116 389 142 416 430 287 485746 99 155 333
542 499266 L 681 166 140 144 351 366 197 552 169 493053 87 138 673 229 464 477 339 373 83 235 349
543 437297 L 128 26 28 70 458 80 22 20 62 435271 49 17 75 49 101 204 62 67 319 25 164
544 455858 V 222 89 121 47 184 202 90 117 75 291 25 51 190 63 201 241 152 453157 59 106 175
545 442917 S 94 78 46 44 274 78 81 109 39 248 30 50 301 71 199 440056 217 100 23 666 113
546 539799 L 268 132 116 130 194 329 145 258 101 532536 2337 135 1050 163 388 417 262 361 144 145 188
547 535710 G 180 65 47 282 64 529885 50 74 44 156 28 58 138 42 305 222 110 1758 1990 73 139
548 484850 A 479846 177 78 555 180 336 52 210 84 403 66 108 248 146 325 523 579 474 88 121 251
549 497689 I 115 81 70 41 153 152 66 495077 56 264 72 130 158 69 219 205 294 210 23 102 132
550 512765 S 73 63 47 47 85 167 67 132 75 158 30 127 101 38 217 510850 135 121 33 101 98
551 542191 F 132 113 55 70 538711 162 81 213 101 623 55 123 177 78 281 384 235 185 58 193 161
552 546197 W 249 452 100 114 133 305 100 180 94 1366 45 107 203 110 544 377 260 233 540741 99 385
553 516432 M 221 105 59 81 102 198 90 303 167 353 512715 99 254 125 320 306 315 285 58 77 199
554 492542 C 67 490753 43 38 121 103 44 92 46 135 33 42 71 47 240 172 67 108 41 181 98
555 509860 S 104 54 47 63 90 174 44 76 53 153 25 71 173 40 161 507889 139 104 20 308 72
556 508408 N 42 28 145 45 34 85 48 89 110 62 19 506794 67 57 170 196 120 71 10 103 113
557 454893 G 108 54 64 119 32 451528 42 45 53 72 14 70 87 67 345 180 94 489 1288 40 102
558 429722 S 110 46 44 37 78 130 35 48 50 93 19 39 157 50 133 427963 146 116 19 300 109
559 453488 L 118 90 88 99 295 236 54 97 99 450765 62 81 139 64 249 309 142 208 55 84 154
560 407653 Q 58 25 35 62 19 72 76 25 200 92 25 37 45 405741 290 83 62 62 31 29 584
561 259295 C 51 258110 25 4 95 52 26 24 26 51 13 15 33 23 127 105 27 45 33 254 156
562 307804 R 45 7 44 52 34 157 17 220 84 74 9 34 36 27 306493 103 91 111 15 42 109
563 344935 I 50 23 34 48 27 123 34 343477 65 145 57 61 37 62 144 121 133 156 21 48 69
564 344156 C 66 342829 22 19 133 110 30 26 18 61 15 18 55 23 167 119 52 56 36 139 162
565 312484 I 85 35 26 45 56 127 34 311172 46 97 35 54 63 41 152 123 67 123 16 31 56
