# amino-acid counts among definitively called codons
# POSITION TOTAL_COUNTS WT N_A N_C N_D N_E N_F N_G N_H N_I N_K N_L N_M N_N N_P N_Q N_R N_S N_T N_V N_W N_Y N_STOP
1 586499 M 0 1 0 0 0 0 4 222 42 46 585933 0 0 0 4 1 104 136 6 0 0
2 561558 A 558250 59 72 105 54 408 150 71 61 239 13 68 514 80 259 238 264 491 35 55 72
3 586660 S 225 94 72 76 102 78 124 73 58 190 5 76 453 66 234 584188 250 62 52 88 94
4 589081 Q 277 116 154 135 130 264 274 256 254 581 34 194 848 583262 618 499 458 224 88 144 271
5 537269 G 166 141 224 25 62 534807 133 55 14 171 15 43 376 63 226 259 207 139 14 67 62
6 478845 T 172 79 60 46 75 198 147 172 86 292 40 160 365 101 148 338 475930 147 21 135 133
7 477594 K 273 63 105 160 63 219 141 194 473753 274 59 215 504 154 259 351 381 175 26 97 128
8 424648 R 147 25 38 44 67 164 104 120 114 322 35 97 338 232 421866 195 204 132 231 79 94
9 433008 S 190 52 94 92 116 194 111 86 70 273 24 81 296 107 253 430265 244 185 44 130 101
10 465472 Y 241 167 94 101 97 305 256 203 127 311 51 166 377 88 342 314 331 154 84 461469 194
11 423706 E 102 50 70 421624 43 244 30 96 108 207 21 71 210 57 166 150 152 127 20 62 96
12 400380 Q 243 70 77 53 74 164 239 98 110 358 40 115 459 396897 302 326 302 135 62 80 176
13 491139 M 211 74 92 72 82 275 234 366 204 340 486973 181 443 140 328 321 293 229 62 90 129
14 484922 E 230 63 90 481563 46 373 110 117 131 251 22 74 685 139 218 250 178 173 36 55 118
15 459745 T 209 54 53 45 32 134 59 76 50 101 16 69 257 70 145 138 458029 82 32 46 48
16 512922 D 125 36 511101 111 31 180 90 45 60 107 26 132 190 41 126 139 126 104 18 66 68
17 507891 G 148 61 34 115 51 505353 78 97 82 184 24 76 310 105 328 215 211 140 120 82 77
18 504765 E 230 53 90 502030 23 276 103 48 208 152 13 63 513 102 213 194 185 105 17 41 106
19 509903 R 192 245 52 28 37 181 464 65 60 205 14 56 313 102 507355 166 173 60 37 41 57
20 519502 Q 277 102 79 116 93 208 211 130 145 324 62 154 412 515314 806 261 264 213 58 64 209
21 497559 N 203 79 119 102 38 183 127 180 149 264 43 494289 404 102 294 322 258 159 18 121 105
22 507949 A 502761 77 182 161 120 313 212 162 158 331 55 180 536 170 432 506 645 532 57 142 217
23 529155 T 408 88 153 113 98 229 262 171 138 354 47 170 491 201 446 421 524744 207 64 136 214
24 505201 E 204 87 165 500889 121 337 137 178 213 395 46 140 305 175 369 332 349 316 92 124 227
25 451906 I 107 60 92 53 79 141 148 449224 79 218 68 142 321 114 247 234 238 139 16 85 101
26 483726 R 126 57 53 96 42 521 116 118 108 215 32 72 468 95 480815 202 205 103 54 77 151
27 465130 A 462439 33 42 105 63 315 59 53 62 195 37 29 371 69 202 226 210 442 39 58 81
28 502546 S 194 112 85 64 112 202 118 52 44 200 21 40 385 74 229 499915 236 178 51 130 104
29 482341 V 249 33 96 53 67 120 66 178 49 184 25 52 254 50 163 177 133 480242 15 67 68
30 505749 G 160 58 64 112 67 503374 89 48 21 217 10 17 310 89 463 123 142 171 79 66 69
31 505150 K 138 61 65 130 62 170 77 80 502686 191 45 120 245 69 276 208 207 115 28 57 120
32 497201 M 161 114 106 106 57 221 144 270 158 252 493829 122 183 127 335 288 218 228 46 111 125
33 501620 I 93 122 70 102 138 218 129 498633 98 268 55 164 65 129 322 266 116 242 56 125 209
34 499144 D 275 66 495468 166 55 381 151 141 125 265 54 174 219 123 278 265 312 288 42 162 134
35 455516 G 224 68 86 118 48 452862 104 104 69 224 19 100 281 78 333 214 162 124 53 83 162
36 476364 I 86 14 20 19 50 92 81 474669 34 158 44 78 254 68 201 128 148 120 4 33 63
37 449100 G 95 48 35 97 31 447709 29 50 35 67 14 40 129 61 201 102 94 96 12 28 127
38 416490 R 118 5 22 30 26 14 84 66 24 211 16 61 406 210 414700 94 151 43 1 36 172
39 450385 F 135 55 49 43 448108 154 94 92 56 299 32 45 345 56 210 252 133 58 13 88 68
40 434914 Y 186 222 51 120 95 274 240 141 138 211 30 119 141 7 272 198 195 137 59 431876 202
41 393928 I 88 43 58 49 61 157 61 391933 63 164 46 98 147 70 141 216 211 107 38 73 104
42 388285 Q 111 57 41 62 43 134 110 113 134 247 32 70 279 386059 260 155 147 61 23 40 107
43 377955 M 65 17 26 19 38 48 48 142 68 116 376718 37 97 33 85 92 123 95 12 35 41
44 414682 C 74 413465 15 18 50 67 43 23 17 73 10 30 115 22 176 174 72 24 26 153 35
45 403586 T 168 43 46 36 33 85 61 90 49 112 14 76 215 55 184 156 401988 68 23 32 52
46 437020 E 112 35 93 435410 33 112 49 66 105 133 9 42 139 67 143 124 116 87 11 49 85
47 507306 L 52 19 14 24 93 55 62 54 27 506057 21 47 258 57 138 106 92 44 9 37 40
48 515357 K 61 13 28 96 44 76 42 87 513916 151 11 116 93 53 131 98 79 45 19 63 135
49 517378 L 441 145 198 174 188 330 269 282 220 511134 96 235 681 288 752 529 558 321 64 199 274
50 515542 S 276 212 165 129 141 895 240 185 143 503 65 166 749 151 769 509600 438 310 117 143 145
51 573470 D 155 40 570634 156 81 186 77 180 89 223 72 158 285 64 60 152 270 293 20 157 118
52 611721 Y 303 296 149 161 152 540 191 248 138 407 93 177 271 103 375 437 343 317 93 606695 232
53 588324 E 364 95 288 583908 87 583 126 121 196 290 49 103 364 120 331 350 289 254 81 98 227
54 541574 G 209 66 49 201 62 538945 58 81 59 205 25 38 302 101 363 224 157 169 136 55 69
55 510261 R 201 49 69 36 66 263 141 68 30 357 25 76 505 211 507186 181 164 112 65 42 414
56 506768 L 218 69 76 72 69 271 200 106 85 503204 69 73 704 193 430 263 216 214 48 88 100
57 531361 I 199 86 93 85 124 358 126 527724 101 379 69 151 251 130 360 286 295 251 49 86 158
58 512060 Q 234 131 91 150 108 445 237 150 128 525 62 103 527 506984 716 378 284 315 117 136 239
59 490506 N 411 201 218 225 115 546 221 261 236 545 110 484373 363 171 691 420 414 414 121 209 241
60 398512 S 149 116 52 37 46 271 79 93 58 195 27 118 195 57 236 396377 103 129 47 50 77
61 393901 L 183 67 92 79 105 128 75 108 60 391720 28 88 141 79 195 248 114 155 40 56 140
62 366893 T 306 83 93 96 106 197 239 198 120 328 47 156 621 156 335 431 362898 170 35 142 136
63 384708 I 134 73 77 42 90 161 126 381639 103 316 216 122 308 109 224 249 268 170 33 113 135
64 392675 E 172 97 98 389582 78 293 137 128 104 240 36 118 414 68 244 256 233 137 36 78 126
65 377214 R 172 40 84 78 73 175 55 146 136 229 42 68 375 68 374688 244 194 124 20 80 123
66 390567 M 8 12 12 21 33 26 18 128 41 69 389805 28 47 15 31 54 95 52 16 31 25
67 379984 V 62 4 9 67 6 73 2 10 2 39 66 2 23 9 35 19 13 379511 12 8 12
68 413686 L 60 31 28 21 100 55 86 55 17 412446 9 30 309 35 139 64 77 71 6 18 29
69 432470 S 121 84 49 70 75 131 74 78 68 187 40 77 336 72 159 430372 174 104 25 83 91
70 458329 A 455586 80 134 76 42 229 128 100 95 211 25 88 266 88 216 224 392 173 31 71 74
71 444265 F 159 62 62 58 441833 190 66 111 54 306 48 101 202 79 163 242 150 150 51 96 82
72 443378 D 132 40 441235 124 35 309 102 68 70 139 16 109 209 41 125 154 155 127 34 101 53
73 409478 E 101 19 65 407904 28 142 63 55 121 153 22 26 187 48 112 87 88 111 10 53 83
74 417861 R 112 23 34 57 31 220 83 58 76 155 6 49 220 39 416185 160 123 84 26 46 74
75 428569 R 86 34 22 38 43 253 43 75 104 120 133 56 195 58 426679 229 142 72 66 65 56
76 452044 N 122 45 83 53 46 87 67 120 117 162 10 450143 199 36 193 192 135 72 28 73 61
77 453052 K 188 86 69 195 58 171 52 137 450430 178 33 125 232 94 286 153 186 121 56 76 126
78 364113 Y 115 107 51 59 51 117 93 125 91 173 33 97 135 46 176 174 105 89 28 362132 116
79 357212 L 186 74 94 124 79 166 94 134 131 354170 75 124 410 89 322 241 266 154 39 71 169
80 333911 E 271 139 149 329437 101 210 208 196 190 388 50 180 515 167 366 380 354 247 27 156 180
81 316835 E 183 101 140 313202 101 266 134 177 225 352 39 131 301 102 258 258 274 270 45 105 171
82 365524 H 138 78 95 110 78 273 362236 162 126 303 68 147 182 162 375 226 167 206 60 169 163
83 462453 P 369 155 139 153 140 496 169 206 142 464 72 109 457559 141 545 416 342 342 112 152 230
84 462046 S 274 156 125 66 146 573 100 241 115 220 32 176 186 47 390 458472 218 147 86 126 150
85 487188 A 483518 124 117 156 75 428 93 129 65 296 38 76 301 99 458 339 319 334 66 74 83
86 533588 G 318 84 144 221 119 529277 177 141 158 339 51 98 445 147 512 284 257 345 130 97 244
87 559639 K 367 63 83 485 177 437 178 221 553798 443 82 405 550 141 568 428 404 330 83 137 259
88 575657 D 323 148 570087 192 108 708 249 237 119 494 83 197 505 175 518 338 299 401 121 173 182
89 529759 P 703 261 260 246 252 656 335 360 240 909 142 288 520990 277 872 834 663 641 170 272 388
90 532640 K 384 220 228 353 246 693 155 338 525931 601 133 266 151 168 664 536 361 454 149 209 400
91 492669 K 316 118 111 217 110 162 136 204 488229 399 76 163 403 152 493 402 328 298 56 133 163
92 440725 T 170 41 52 55 65 103 70 136 66 168 15 98 234 66 219 187 438713 97 33 50 87
93 435671 G 188 52 58 76 40 433966 69 47 46 52 12 59 141 40 248 156 108 151 31 50 81
94 410483 G 65 28 29 61 20 409305 39 30 17 86 16 20 111 51 217 91 64 81 19 22 111
95 426612 P 88 24 23 10 16 47 100 36 13 157 11 19 425559 35 116 141 117 42 6 24 28
96 462219 I 103 57 52 50 41 95 62 460443 93 195 96 55 153 47 129 121 143 130 15 60 79
97 480716 Y 147 143 80 54 120 131 114 112 57 221 39 71 170 83 178 207 131 130 31 478364 133
98 420093 K 155 69 63 257 52 138 103 97 417244 216 55 92 358 105 402 138 197 128 43 68 113
99 322907 R 148 45 57 88 42 213 60 73 52 143 35 51 244 57 321035 188 122 107 20 38 89
100 318314 V 200 62 64 93 76 144 117 150 67 296 32 68 504 102 198 261 209 315484 26 66 95
101 377145 D 148 44 374624 73 80 190 110 123 63 212 26 100 325 103 210 201 196 122 42 76 77
102 389483 R 205 70 61 70 59 224 101 108 81 195 31 89 308 42 386959 274 238 151 36 68 113
103 405394 K 75 28 17 77 24 88 64 35 403998 92 25 60 228 33 177 115 105 64 15 27 47
104 411153 W 156 126 50 39 58 99 108 81 41 279 29 63 363 68 274 253 164 112 408566 74 150
105 421363 M 61 59 24 30 23 73 64 164 75 178 419856 34 122 32 111 103 125 124 38 30 37
106 440746 R 80 26 10 11 27 301 59 41 91 102 110 33 155 36 439255 132 93 50 80 19 35
107 436680 E 59 30 50 435408 12 127 34 40 237 96 8 20 128 52 57 72 40 84 19 23 84
108 438319 L 116 52 36 30 90 142 90 49 16 436731 16 38 266 47 196 138 84 80 20 33 49
109 424546 V 164 43 77 49 57 225 64 157 38 144 13 36 187 57 200 183 104 422594 58 42 54
110 453325 L 150 42 63 38 104 105 106 130 58 451095 22 57 398 102 224 154 144 121 22 106 84
111 435399 Y 93 179 58 78 92 188 205 74 54 168 39 89 167 62 189 237 133 142 37 432942 173
112 385642 D 166 65 383118 108 31 256 115 66 48 203 20 149 273 75 145 190 175 191 32 135 81
113 356163 K 174 52 25 61 63 147 94 104 353740 254 14 93 292 70 251 236 170 139 24 69 91
114 416828 E 117 63 80 414646 70 186 75 101 80 226 7 76 192 65 150 200 146 138 28 68 114
115 465843 E 72 42 69 463789 32 198 74 68 215 156 20 60 168 75 159 179 131 130 24 69 113
116 492442 I 93 88 99 70 91 227 103 489070 119 349 266 115 354 93 237 257 317 198 36 104 156
117 475154 R 133 79 60 72 61 421 54 91 132 198 193 108 178 67 472486 253 200 114 78 64 112
118 465243 R 76 32 17 23 24 62 83 33 25 156 6 25 219 176 463871 73 82 60 8 31 161
119 496996 I 41 39 15 19 45 44 23 496167 32 46 19 43 54 13 44 92 104 89 6 20 41
120 464303 W 79 98 32 37 33 144 27 43 41 153 44 19 99 48 336 124 83 68 462576 37 182
121 479604 R 157 293 49 60 67 198 327 84 36 220 50 76 391 60 476703 283 218 178 29 53 72
122 454510 Q 221 70 78 114 16 354 160 51 94 147 15 53 303 451495 445 208 165 197 90 42 192
123 516863 A 514054 93 98 64 49 325 65 75 74 181 22 66 289 74 188 271 292 378 54 54 97
124 565810 N 122 89 194 78 105 187 169 184 133 279 42 562616 314 83 281 318 158 154 68 124 112
125 552371 N 215 120 258 102 107 236 153 207 156 409 97 548367 222 127 353 354 249 186 60 192 201
126 447158 G 244 167 189 118 83 443418 131 129 107 320 54 114 341 116 356 357 266 281 95 111 161
127 444375 D 174 98 441219 134 97 335 119 133 95 189 17 162 247 97 262 268 257 187 32 136 117
128 432315 D 108 70 429853 119 55 301 95 94 92 205 47 128 157 82 167 180 139 164 44 111 104
129 439966 A 437233 70 75 104 47 193 66 121 70 175 39 113 195 46 184 239 473 329 23 75 96
130 391363 T 105 50 17 35 63 83 54 116 84 147 25 49 159 54 154 162 389745 110 23 51 77
131 363265 A 361608 40 57 31 34 170 64 40 48 142 21 33 174 61 151 160 191 121 17 53 49
132 436187 G 144 114 114 68 45 434385 27 93 59 145 17 80 81 50 145 214 98 133 32 67 76
133 459500 L 132 49 71 54 47 181 116 53 71 457155 55 50 481 75 240 181 136 144 52 53 104
134 538541 T 419 110 112 99 72 313 273 204 107 292 7 136 953 170 389 324 534220 119 15 94 113
135 558854 H 236 92 109 101 107 238 554436 222 156 418 71 204 357 174 538 377 352 191 50 229 196
136 587954 M 320 144 118 246 94 315 273 399 300 479 582111 254 387 120 515 406 478 442 85 152 316
137 602610 M 328 106 70 92 72 168 186 266 149 355 598572 96 434 117 407 323 260 309 76 95 129
138 548437 I 135 42 77 47 74 118 79 546185 103 205 65 108 173 77 208 195 196 138 29 87 96
139 523536 W 67 103 19 39 34 115 29 25 46 121 20 31 127 28 462 79 85 54 521725 21 306
140 501220 H 65 9 50 15 20 65 499949 40 20 136 11 88 136 43 177 48 72 41 10 194 31
141 498448 S 75 39 40 24 79 64 34 45 41 96 15 60 214 18 71 497208 123 57 11 72 62
142 493364 N 93 26 136 51 18 90 55 81 58 116 3 491844 159 32 121 135 130 52 19 88 57
143 483835 L 66 47 61 66 91 133 72 46 75 482001 42 85 182 65 142 257 131 77 25 57 114
144 460749 N 91 31 174 42 26 86 59 93 106 100 23 458986 124 43 169 246 114 74 9 83 70
145 446264 D 23 32 444589 68 50 118 66 80 46 159 35 92 167 47 121 125 117 154 17 92 66
146 431071 T 288 29 46 60 11 144 44 164 84 80 19 41 188 38 153 186 429303 99 8 34 52
147 535908 T 325 43 37 48 27 126 53 106 73 114 11 47 147 40 172 201 534132 89 38 33 46
148 484844 Y 138 138 59 46 79 228 145 74 71 146 36 80 193 66 205 200 139 120 45 482533 103
149 485917 Q 134 58 73 56 36 212 147 66 65 242 28 56 265 483363 492 167 87 163 50 36 121
150 460051 R 111 32 46 54 43 281 19 40 185 89 76 45 119 63 458375 146 113 98 55 19 42
151 502732 T 245 40 81 92 33 160 101 163 107 189 28 84 316 106 186 235 500290 120 16 61 79
152 531271 R 278 125 103 107 118 488 124 230 137 408 46 94 310 107 527394 326 258 237 52 111 218
153 588654 A 584843 147 117 109 100 307 138 140 104 364 48 120 372 112 339 391 322 245 55 132 149
154 629841 L 279 148 141 154 147 397 150 221 166 625283 53 138 443 176 538 367 298 306 102 102 232
155 640524 V 384 78 111 173 132 420 102 249 138 463 51 118 319 156 563 352 344 635905 75 87 304
156 657741 R 402 391 163 154 103 364 696 182 165 526 84 129 570 182 651999 483 360 370 87 127 204
157 659771 T 507 151 151 124 101 457 182 397 139 410 77 221 536 147 512 544 654420 301 36 138 220
158 675119 G 469 280 590 134 143 668549 236 137 136 565 32 90 640 174 819 872 342 428 36 134 313
159 700388 M 507 95 229 258 214 391 328 689 273 709 691973 278 836 162 725 720 694 659 58 269 321
160 776346 D 516 197 768796 248 172 1100 265 316 245 555 68 350 556 186 615 516 434 508 151 277 275
161 699230 P 359 211 214 238 188 838 312 325 275 781 106 188 691535 203 825 813 488 541 166 239 385
162 658451 R 477 223 224 291 207 1266 245 297 429 789 198 264 411 289 650511 599 375 498 221 242 395
163 606914 M 316 136 193 151 133 434 144 363 255 560 601328 225 156 170 479 436 401 453 109 192 280
164 593912 C 282 588991 114 89 145 323 145 239 147 373 46 163 330 124 484 461 290 265 100 632 169
165 560836 S 282 164 96 111 187 358 172 155 147 352 40 132 418 97 420 556756 318 169 85 202 175
166 553641 L 140 168 82 136 88 350 87 242 126 549501 121 121 440 165 599 373 229 275 93 111 194
167 542568 M 159 134 79 66 81 238 102 522 138 325 539037 109 191 86 248 209 284 292 79 73 116
168 505806 Q 193 101 85 108 63 208 173 125 143 337 52 102 269 502041 701 204 191 173 69 80 388
169 467130 G 153 109 156 61 46 464820 63 78 71 193 30 90 136 61 236 274 117 209 78 66 83
170 503289 S 135 86 53 48 56 122 92 72 59 514 33 70 282 74 273 500767 186 124 72 60 111
171 492023 T 265 61 40 17 65 229 71 173 52 185 21 63 238 80 232 213 489707 143 41 57 70
172 525487 L 228 130 88 84 154 348 187 213 123 521533 31 77 520 140 412 324 211 265 70 136 213
173 660146 P 404 153 123 171 171 407 272 243 178 615 66 198 654547 127 596 576 385 330 112 202 270
174 670051 R 181 103 124 109 255 492 157 265 173 573 127 145 438 115 665004 580 323 292 134 218 243
175 548065 R 182 58 57 89 69 402 84 88 173 228 70 39 230 99 545333 186 179 168 149 74 108
176 589907 S 150 113 65 47 162 187 128 154 64 266 68 63 325 44 210 587079 216 160 75 162 169
177 614102 G 96 95 59 120 84 611564 85 106 81 285 43 46 196 73 366 215 103 157 58 70 200
178 591642 A 588805 116 115 83 83 218 87 106 53 182 40 75 378 80 250 246 251 230 48 82 114
179 611789 A 608895 56 60 120 60 185 58 82 58 148 16 59 131 45 156 255 752 437 35 75 106
180 624942 G 94 157 90 37 48 623193 60 57 23 202 19 35 112 36 228 179 68 150 43 51 60
181 617711 A 614194 117 126 77 101 182 133 109 99 323 43 96 242 110 266 308 624 279 49 110 123
182 633636 A 628973 87 97 164 54 473 151 107 89 256 33 85 333 96 391 280 771 979 72 59 86
183 675144 V 211 120 158 73 155 403 176 240 73 484 48 92 324 117 433 359 223 671071 86 120 178
184 687815 K 342 147 102 331 102 518 135 190 682348 428 87 469 218 261 604 395 270 327 102 135 304
185 584794 G 374 110 161 296 75 580038 138 196 171 305 91 190 364 198 604 371 316 278 75 140 303
186 575523 V 365 131 155 120 176 430 124 280 153 322 64 144 320 109 420 312 266 571216 88 127 201
187 569166 G 260 93 90 200 66 565759 105 104 103 248 31 138 325 102 408 264 305 205 162 72 126
188 463781 T 216 67 59 76 72 182 79 180 88 168 34 76 197 78 225 238 461438 128 49 42 89
189 392755 M 111 54 35 44 46 158 50 201 124 176 390675 55 162 67 178 131 138 176 41 63 70
190 378076 V 180 50 56 113 35 204 60 58 49 155 69 51 126 77 175 131 139 376200 28 51 69
191 364889 M 138 47 41 47 47 148 71 118 75 175 362951 39 139 85 182 125 166 137 36 50 72
192 335548 E 115 36 73 333910 20 294 59 35 62 111 13 26 112 68 143 97 71 126 54 44 79
193 408191 L 134 60 43 36 110 161 47 63 63 406320 59 42 153 53 166 269 88 106 37 71 110
194 478882 I 225 67 80 72 56 387 134 475417 91 301 123 88 591 90 288 200 257 205 43 66 101
195 454081 R 227 46 64 59 61 370 119 70 100 211 134 71 491 78 451107 246 255 112 89 69 102
196 474127 M 217 92 56 73 46 339 110 231 101 239 470977 54 327 84 363 163 250 192 74 59 80
197 504772 I 208 56 56 79 110 212 68 502256 52 171 38 135 286 55 207 183 237 191 33 53 86
198 478435 K 94 35 35 119 28 149 42 39 476995 83 4 72 115 52 146 102 117 63 14 40 91
199 448582 R 101 110 27 31 30 158 127 36 38 156 11 34 220 51 447020 144 115 83 32 17 41
200 444073 G 116 37 43 104 28 442564 75 56 44 102 11 34 119 38 221 101 93 128 67 42 50
201 443227 I 132 55 81 63 85 197 73 441059 36 151 41 96 233 57 170 150 172 207 43 47 79
202 454028 N 151 32 225 50 25 116 56 88 91 169 36 451787 312 54 180 220 157 87 42 80 70
203 422678 D 140 58 420403 139 79 271 72 91 56 155 31 116 99 47 189 163 134 200 44 94 97
204 440854 R 253 81 108 76 89 281 79 140 82 332 53 130 204 221 437585 269 252 143 252 86 138
205 461205 N 141 74 112 87 86 180 73 119 94 236 35 458583 241 74 182 317 145 154 57 100 115
206 537505 F 182 27 58 84 534747 167 70 132 87 358 41 73 405 70 224 236 149 187 38 86 84
207 552294 W 213 136 75 59 99 252 115 138 75 425 59 79 449 94 641 358 183 213 548332 93 206
208 422930 R 169 48 71 60 43 373 115 163 97 247 27 62 404 101 420063 287 219 142 48 75 116
209 452987 G 151 94 112 61 45 451135 58 64 32 171 25 52 146 49 160 202 105 150 32 35 108
210 483358 E 124 39 80 481200 56 322 68 64 145 146 8 66 143 74 179 127 123 143 52 41 158
211 469666 N 111 36 87 39 40 151 79 92 65 143 56 467925 151 35 164 166 87 90 43 42 64
212 441855 G 154 47 46 116 56 440060 36 52 34 133 20 52 117 45 241 148 106 158 18 66 150
213 432359 R 132 41 26 34 46 137 85 67 41 251 19 42 293 197 430313 159 123 83 26 45 199
214 424068 K 97 28 45 114 52 135 59 74 422457 140 23 63 103 66 141 120 91 98 34 44 84
215 421014 T 124 26 23 33 34 85 30 89 25 88 14 29 117 60 89 156 419853 69 8 28 34
216 394154 R 52 33 33 25 21 265 41 28 70 81 100 16 74 26 392861 150 80 63 66 25 44
217 365556 S 97 70 46 30 41 180 37 71 45 96 25 109 120 50 157 364093 102 78 26 33 50
218 381942 A 380949 19 70 37 3 133 30 34 23 59 17 16 55 16 92 85 116 136 22 13 17
219 379808 Y 59 54 29 22 40 109 76 31 27 77 4 22 43 17 85 93 63 37 16 378822 82
220 387083 E 26 7 75 386273 23 118 12 25 71 51 11 22 56 27 57 42 20 92 10 7 58
221 352537 R 71 42 37 59 36 175 30 48 101 118 11 10 67 36 351310 104 77 67 14 36 88
222 315312 M 33 17 11 17 23 40 22 89 36 68 314576 14 67 28 34 67 55 59 7 29 20
223 394067 C 4 393587 1 0 38 13 2 1 0 21 0 4 19 0 101 78 3 6 15 150 24
224 410752 N 12 7 86 10 2 26 24 34 30 18 2 410311 6 9 38 68 12 14 11 23 9
225 423398 I 11 2 4 6 41 38 7 423021 5 17 7 21 14 14 20 22 57 66 8 5 12
226 441052 L 9 1 13 7 37 20 45 29 7 440656 4 8 147 8 9 18 8 20 0 3 3
227 456724 K 26 6 10 93 12 44 5 45 456188 25 4 37 23 19 89 21 19 19 8 3 28
228 466909 G 45 32 21 66 20 466170 25 13 8 41 4 11 59 20 139 51 26 74 12 23 49
229 477256 K 86 28 24 94 43 210 37 55 475791 80 10 99 103 39 146 117 76 79 49 21 69
230 492693 F 62 56 23 32 491234 140 39 82 35 251 26 19 123 33 110 177 63 71 23 52 42
231 463704 Q 110 51 58 47 78 144 98 97 91 159 9 62 271 461375 466 152 143 70 49 61 113
232 440196 T 145 28 21 29 27 47 51 125 54 121 11 46 184 42 120 106 438942 40 8 24 25
233 429842 A 428034 73 47 53 31 199 72 32 54 109 12 30 198 66 198 167 127 204 44 38 54
234 376804 A 375221 23 19 52 54 133 41 34 24 100 10 34 104 34 107 143 390 180 27 33 41
235 368678 Q 111 39 46 63 44 135 59 49 45 141 18 24 122 367185 166 114 79 102 19 42 75
236 362212 R 89 53 55 62 43 377 68 71 110 158 74 47 246 81 360080 159 150 102 75 40 72
237 361750 A 359189 73 89 78 55 283 56 86 95 170 40 59 167 55 235 238 231 336 46 82 87
238 375369 M 36 83 65 61 76 199 90 212 127 224 372666 123 172 75 288 224 189 182 58 90 129
239 331734 M 111 32 53 63 25 162 40 215 74 180 329801 52 92 39 137 146 159 212 42 35 64
240 394593 D 106 38 392926 102 27 303 60 35 37 111 21 93 100 40 139 130 56 129 27 61 52
241 376218 Q 218 93 72 89 97 295 117 123 114 277 40 94 249 372886 515 271 183 199 42 93 151
242 433732 V 192 72 79 126 78 277 69 56 67 350 76 56 228 71 259 197 116 431117 79 62 105
243 435545 R 166 74 78 81 69 317 85 126 132 220 31 74 251 59 432874 288 160 187 45 61 167
244 433479 E 248 90 91 430501 62 337 93 117 168 213 37 74 301 82 157 207 199 276 44 79 103
245 463152 S 160 132 65 48 17 326 64 82 60 180 36 98 220 69 326 460812 155 123 39 65 75
246 452227 R 97 56 43 60 43 121 53 87 67 247 35 43 152 251 450282 138 101 98 144 37 72
247 458193 N 59 33 100 66 30 146 32 83 97 89 19 456719 56 26 136 158 72 94 28 67 83
248 479164 P 77 39 27 29 26 105 75 52 45 171 29 35 477684 123 196 137 98 90 30 36 60
249 502820 G 96 69 88 126 62 500716 85 74 67 165 23 53 114 61 311 136 111 175 40 84 164
250 486905 N 256 134 112 147 116 291 143 203 136 371 66 483111 220 162 331 350 184 224 79 142 127
251 518251 A 516770 21 50 52 34 123 22 34 48 136 6 19 117 21 101 118 209 275 26 17 52
252 508002 E 130 74 103 505683 49 286 50 54 142 182 31 58 208 74 224 168 104 150 62 48 122
253 528440 I 114 56 42 39 58 159 24 526988 25 99 21 41 66 48 157 79 101 175 31 28 89
254 515873 E 16 6 57 515199 0 127 8 2 210 21 0 5 17 34 30 14 11 51 7 4 54
255 525079 D 91 39 523387 72 66 140 58 52 31 186 19 103 147 54 127 120 81 146 25 72 63
256 502563 L 138 107 79 56 198 224 135 139 106 499746 43 120 316 55 274 222 120 194 61 93 137
257 507894 I 118 68 54 54 98 128 93 505647 7 261 23 45 324 75 208 185 107 186 34 81 98
258 464672 F 158 72 38 66 462006 177 89 127 90 317 29 66 285 85 252 290 166 130 42 84 103
259 452874 L 128 41 38 52 49 188 89 83 60 450832 85 56 212 103 194 172 134 155 54 54 95
260 462125 A 460522 23 37 56 17 140 47 37 19 85 9 60 122 38 102 152 237 336 30 16 40
261 396514 R 48 8 11 21 21 85 37 16 16 114 11 13 104 133 395415 80 53 35 236 26 31
262 481818 S 118 55 40 60 112 125 54 98 65 156 17 62 188 43 145 479999 134 114 35 99 99
263 475530 A 472554 69 77 156 59 190 92 104 99 171 29 60 136 64 252 242 496 490 35 52 103
264 413946 L 163 87 50 93 116 287 129 133 74 411365 29 68 238 89 256 203 108 220 34 74 130
265 437832 I 227 115 112 104 81 218 159 434071 155 359 134 83 353 78 447 230 324 247 51 118 166
266 459417 L 196 72 77 117 126 364 76 97 93 456368 66 76 235 84 308 313 187 245 75 72 170
267 453902 R 224 48 91 113 75 431 134 143 128 310 29 95 536 79 450549 293 240 153 27 81 123
268 515401 G 24 37 34 76 29 513944 37 26 40 88 21 29 264 38 239 132 85 102 76 36 44
269 542817 S 90 41 22 21 37 90 73 49 32 270 26 38 353 54 127 541108 141 81 15 33 116
270 555122 V 192 63 93 51 96 166 86 125 50 223 20 43 245 69 228 162 140 552948 34 33 55
271 540362 A 538036 64 68 90 45 176 56 81 38 185 39 58 183 46 239 191 315 291 29 59 73
272 546873 H 333 181 105 145 173 423 540742 245 141 587 78 222 736 290 687 510 356 376 91 253 199
273 549778 K 268 167 186 338 261 404 151 549 542798 817 150 368 282 294 582 537 389 444 80 267 446
274 526107 S 317 219 170 154 252 251 175 244 160 537 78 135 560 185 365 521004 399 336 81 186 299
275 493639 C 329 487035 131 176 207 574 224 291 213 667 73 220 578 132 662 581 430 346 129 251 390
276 422120 L 150 109 24 14 57 238 95 105 48 419516 100 102 229 99 325 226 233 187 122 71 70
277 348629 P 328 100 70 122 50 305 148 131 93 303 40 108 345028 93 391 611 305 189 70 37 107
278 319032 A 315932 77 124 95 83 261 82 81 114 224 38 103 287 96 226 293 385 311 49 61 110
279 286240 C 244 282664 74 100 104 282 90 79 45 302 35 52 312 78 801 274 115 190 112 141 146
280 267085 V 211 97 76 151 65 160 54 71 74 172 74 51 105 66 210 157 106 264915 67 76 127
281 194626 Y 72 79 89 105 86 185 113 154 98 270 45 83 96 48 171 187 89 151 78 192246 181
282 160240 G 285 123 115 125 85 156881 74 91 83 330 52 60 284 117 460 276 158 243 132 84 182
283 201443 P 284 109 65 119 61 376 114 102 57 331 56 62 198209 72 467 356 127 247 55 65 109
284 369069 A 367564 16 47 36 28 133 19 34 44 57 14 10 105 63 107 110 352 223 17 29 61
285 369395 V 214 59 59 56 64 104 94 170 41 225 23 37 346 28 126 156 78 367342 32 65 76
286 416681 A 415730 19 31 4 40 50 47 22 13 72 7 27 130 46 53 101 142 78 15 24 30
287 513440 S 5 59 2 2 1 100 5 26 0 11 1 39 5 10 68 512992 105 4 2 1 2
288 561059 G 62 66 83 33 9 560325 8 31 10 46 8 8 19 7 50 132 24 84 25 10 19
289 563704 Y 53 82 13 20 46 71 256 39 19 49 11 36 49 17 85 45 20 73 16 562640 64
290 608875 D 22 23 607859 41 35 97 36 23 11 61 6 120 96 32 89 98 53 49 23 61 40
291 596170 F 86 72 35 43 594383 145 53 79 38 269 20 37 123 32 137 278 58 92 34 78 78
292 601211 E 92 59 65 599664 25 243 45 35 174 80 23 38 86 51 147 92 53 119 11 26 83
293 592817 K 55 32 22 78 26 95 38 69 591671 68 15 57 113 51 133 94 63 52 16 28 41
294 578394 E 95 36 88 576918 19 303 36 57 70 85 16 25 79 48 143 94 66 92 26 29 69
295 550119 G 58 10 30 107 11 549305 18 30 21 36 7 40 56 30 128 19 29 100 7 18 59
296 477648 Y 76 162 25 31 60 98 81 39 40 122 19 91 42 29 136 100 80 71 41 476188 117
297 418625 S 178 70 66 81 65 193 67 94 64 172 34 75 199 75 233 416411 175 170 24 82 97
298 393604 L 191 111 69 114 79 195 96 93 113 390980 43 110 179 89 207 245 192 177 33 89 199
299 436546 V 195 82 59 127 62 262 61 92 62 189 66 65 150 64 214 192 136 434251 85 43 89
300 321177 G 176 84 89 161 60 319020 60 86 40 215 22 54 149 68 250 131 104 195 26 66 121
301 511822 I 191 127 60 64 95 260 96 508414 112 338 328 99 192 126 292 265 222 250 42 83 166
302 512151 D 205 58 509271 88 61 558 87 46 40 177 32 120 249 45 311 209 155 187 67 78 107
303 499941 P 133 47 47 52 64 224 141 67 59 250 23 31 497947 77 176 196 122 127 69 32 57
304 562141 F 202 118 85 78 559021 377 76 155 65 348 36 64 154 57 276 395 126 243 81 87 97
305 563161 K 270 90 69 217 52 288 65 99 560503 209 30 116 123 88 282 209 150 168 4 32 97
306 559465 L 110 56 27 52 36 224 33 26 42 557694 72 17 214 87 291 121 69 155 47 30 62
307 579350 L 225 70 60 76 113 319 88 98 64 576867 34 36 266 65 337 134 88 223 62 45 80
308 584328 Q 130 61 53 44 41 64 70 61 76 140 19 29 107 582617 351 135 63 107 59 18 83
309 580017 N 166 70 133 85 43 395 62 76 101 150 29 577498 120 49 276 243 138 159 67 76 81
310 567326 S 172 138 79 73 46 471 44 98 45 150 36 243 127 48 331 564612 148 232 87 55 91
311 603997 Q 230 75 80 124 88 321 112 78 108 317 41 44 230 600869 448 155 149 237 67 64 160
312 649931 V 303 103 114 135 61 417 101 190 77 330 39 59 217 71 297 206 152 646785 84 86 104
313 597921 Y 256 276 127 117 176 561 150 168 173 327 53 146 255 97 510 359 251 278 99 593309 233
314 594607 S 350 194 126 123 66 826 99 192 58 313 51 136 275 111 620 590204 233 322 85 81 142
315 578078 L 450 240 211 167 223 677 197 373 138 571262 135 140 775 259 761 399 350 588 174 213 346
316 613110 I 211 104 94 102 147 348 48 609929 78 265 47 99 203 81 389 273 205 278 57 49 103
317 576867 R 171 95 67 97 77 756 86 131 143 268 45 60 134 87 573799 243 146 155 66 87 154
318 584783 P 265 92 118 88 58 412 108 112 54 368 46 59 581459 127 434 274 215 240 66 81 107
319 592289 N 173 45 150 151 122 468 95 132 117 236 52 588726 229 70 384 376 161 250 105 105 142
320 615135 E 188 85 117 612280 78 430 67 116 157 245 23 39 105 57 245 242 88 296 49 74 154
321 657944 N 232 80 133 141 72 588 64 120 137 273 53 654456 195 69 337 291 136 276 88 96 107
322 671700 P 357 188 104 201 120 649 135 130 97 475 66 82 666921 203 627 382 251 285 120 96 211
323 679749 A 674752 131 100 244 123 438 147 179 87 457 98 143 296 166 472 508 452 540 111 112 193
324 718931 H 106 105 62 87 145 184 715171 154 87 530 56 100 426 183 429 355 184 176 59 220 112
325 720033 K 93 42 38 376 75 89 13 58 717851 150 113 92 91 30 483 106 83 121 15 56 58
326 610575 S 19 41 20 21 3 130 8 29 8 16 4 148 28 21 115 609881 28 32 8 4 11
327 605361 Q 35 78 21 73 30 81 89 23 106 104 14 76 85 603521 508 118 61 35 29 60 214
328 503146 L 345 139 128 189 104 595 129 162 175 497988 101 141 375 221 665 402 258 484 157 127 261
329 545220 V 156 94 131 188 103 500 100 174 150 310 136 145 164 101 414 265 189 541492 101 131 176
330 541079 W 183 195 110 129 129 350 83 195 120 387 52 78 244 82 364 332 223 250 537134 126 313
331 516235 M 283 153 86 122 130 435 65 410 181 396 511539 113 306 110 415 367 337 310 108 152 217
332 533606 A 528481 145 137 176 124 502 104 182 107 361 73 162 321 86 474 474 595 636 121 148 197
333 561077 C 224 556038 133 125 167 561 69 164 159 372 38 132 311 117 650 505 256 225 160 417 254
334 572163 H 131 72 120 78 77 127 569256 112 65 304 37 274 162 152 257 146 129 209 49 245 161
335 539180 S 213 125 93 121 169 587 64 140 69 210 36 75 125 91 406 535914 136 247 114 106 139
336 501522 A 499212 43 91 74 25 371 41 31 44 102 14 15 306 41 216 123 417 258 30 17 51
337 481751 A 479229 73 74 155 29 503 60 54 57 102 15 49 181 68 266 181 278 240 33 24 80
338 491594 F 108 72 72 85 488988 421 75 101 75 278 27 81 138 55 242 226 140 169 62 68 111
339 480670 E 96 48 125 478560 63 415 44 88 83 163 18 29 133 55 184 130 93 137 38 55 113
340 447624 D 82 40 445955 72 31 245 79 63 23 127 19 57 118 32 159 115 89 170 26 67 55
341 471308 L 71 15 22 27 32 82 31 58 16 470343 3 8 225 54 135 48 50 67 0 12 9
342 456887 R 142 62 71 83 46 297 48 101 64 204 25 43 84 38 454911 221 116 141 50 67 73
343 416057 V 77 24 21 63 24 93 21 88 19 90 7 20 35 30 77 67 41 415195 16 21 28
344 406908 L 117 61 45 55 95 208 29 106 9 405416 17 37 78 22 148 171 42 117 34 15 86
345 370396 S 118 59 40 57 43 245 33 87 52 108 27 71 107 41 253 368666 124 119 24 51 71
346 325934 F 119 56 49 47 324440 161 14 41 35 198 12 16 82 14 136 154 66 119 55 72 48
347 396708 I 88 34 33 26 59 140 46 395279 43 86 17 64 71 46 157 109 129 166 36 38 41
348 384311 R 99 43 35 51 30 278 20 110 51 118 18 22 66 35 382889 153 69 93 21 19 91
349 373305 G 123 29 32 66 16 372160 21 32 23 103 12 25 75 34 194 68 47 126 66 16 37
350 464589 T 213 66 44 13 46 170 42 96 20 117 18 61 159 51 193 192 462797 124 39 80 48
351 473101 K 74 22 29 105 28 99 31 57 471746 116 20 135 61 73 199 67 57 80 26 16 60
352 497957 V 146 38 44 105 35 125 53 129 18 144 28 17 74 53 78 96 75 496553 21 49 76
353 506621 S 16 28 9 4 51 30 24 73 22 79 21 11 166 13 62 505849 54 36 15 37 21
354 477437 P 118 60 90 92 64 215 25 108 61 158 31 67 475288 113 176 225 126 184 58 65 113
355 465558 R 6 8 5 4 8 240 0 3 68 20 92 1 4 9 464974 50 11 12 33 3 7
356 416703 G 50 14 12 77 34 416140 7 27 8 58 11 5 15 7 84 35 17 57 24 8 13
357 415512 K 41 23 11 205 23 68 18 25 414562 45 7 97 32 26 106 46 25 58 14 24 56
358 422574 L 61 42 41 45 71 127 33 69 39 421346 20 18 120 29 150 76 64 110 33 27 53
359 398027 S 102 14 29 38 84 107 17 49 31 122 11 33 126 26 125 396840 82 84 1 59 47
360 460529 T 194 47 68 37 59 163 64 101 54 177 25 57 59 39 150 158 458746 155 31 57 88
361 436344 R 168 74 64 91 115 282 59 166 103 243 39 74 176 77 433775 238 126 191 48 76 159
362 413370 G 146 46 43 77 22 412032 33 30 17 80 16 17 99 48 187 92 65 157 59 15 89
363 482149 V 264 57 30 89 34 207 27 104 27 161 23 30 61 31 119 80 50 480608 23 49 75
364 480890 Q 125 59 74 84 34 180 85 69 137 283 44 67 118 478594 267 178 91 177 28 53 143
365 502429 I 130 72 50 47 64 208 50 500598 44 144 39 58 69 51 180 147 132 171 40 50 85
366 444106 A 442581 55 56 57 26 180 32 46 30 100 15 50 80 33 148 149 199 134 44 35 56
367 435772 S 122 83 68 47 71 211 34 57 37 174 19 23 117 32 214 433948 99 162 72 58 124
368 445974 N 108 43 111 48 54 149 53 85 60 128 23 444280 92 27 155 225 89 98 26 54 66
369 441923 E 89 37 55 440284 70 211 34 62 92 124 17 25 92 63 157 128 80 142 33 40 88
370 454168 N 9 62 88 29 51 95 50 93 57 104 27 452790 43 35 123 133 125 98 40 63 53
371 450085 M 70 50 34 29 14 128 39 184 70 174 448421 40 90 43 165 131 123 151 46 41 42
372 465683 D 131 55 464209 75 50 186 42 18 27 100 28 71 91 40 115 94 75 121 20 69 66
373 458602 A 456993 63 70 56 61 163 41 70 49 106 12 30 79 34 119 125 187 176 37 35 96
374 500714 M 168 46 65 46 16 282 35 200 69 160 498585 19 160 23 225 121 167 184 42 37 64
375 480972 E 148 15 71 479121 35 232 23 60 101 146 38 56 121 73 141 92 114 229 42 30 84
376 375933 S 109 91 53 41 37 267 33 56 43 164 35 44 128 25 218 374119 74 152 85 36 123
377 381659 S 132 113 55 68 53 352 51 82 45 135 30 74 113 52 285 379613 99 102 59 55 91
378 350795 T 175 58 46 48 24 206 26 95 46 71 19 51 95 30 223 128 349246 78 33 21 76
379 359290 L 75 59 39 45 53 178 68 62 28 357805 19 26 219 30 188 106 54 109 44 28 55
380 362861 E 103 39 61 361455 31 233 25 30 57 80 12 30 76 45 138 108 77 129 22 34 76
381 368572 L 76 61 26 75 20 111 44 28 28 367256 40 31 211 43 168 94 68 89 35 23 45
382 388493 R 86 59 65 107 64 387 50 135 96 218 52 93 154 38 386125 242 164 169 19 46 124
383 447878 S 238 162 95 143 95 485 94 155 90 246 48 150 173 96 319 444473 230 250 87 85 164
384 477441 R 253 132 103 111 84 880 82 151 170 317 130 61 68 88 473547 311 216 256 211 89 181
385 555112 Y 216 194 132 117 99 330 182 166 89 348 73 123 163 83 387 330 198 279 101 551261 241
386 543168 W 235 173 113 146 54 569 69 114 148 357 76 69 168 139 680 258 188 253 539020 81 258
387 503932 A 501250 36 155 92 0 386 62 104 43 131 35 79 263 65 317 210 292 282 24 35 71
388 554449 I 162 126 111 169 94 262 121 550112 152 511 351 106 218 169 420 325 283 280 88 107 282
389 526527 R 214 131 107 123 214 514 110 242 146 380 57 130 195 67 522659 252 195 384 20 154 233
390 540669 T 325 192 117 120 208 370 124 217 90 412 73 144 183 156 493 535 536075 351 118 152 214
391 556222 R 339 193 122 234 180 752 120 285 236 646 96 153 276 102 550560 509 362 426 103 148 380
392 534681 S 243 203 96 120 120 494 142 227 99 312 59 166 245 120 579 530584 215 236 84 139 198
393 546090 G 173 61 68 104 34 544332 31 86 49 136 32 40 67 29 231 128 116 172 34 56 111
394 515768 G 149 83 68 169 75 513701 35 61 32 174 22 22 123 49 363 120 94 196 45 44 143
395 522562 N 315 140 189 163 139 459 153 215 131 413 75 517958 231 111 458 432 221 331 96 143 189
396 523212 T 419 186 165 175 165 492 157 218 112 464 81 164 295 170 518 497 518042 372 140 147 233
397 588606 N 287 157 182 142 152 403 106 204 173 415 60 584215 180 106 474 436 196 298 98 163 159
398 593167 Q 287 245 118 177 122 567 207 213 145 223 15 160 396 588176 595 444 255 278 102 138 304
399 540513 Q 270 112 98 180 91 750 176 139 109 409 65 57 415 535617 668 265 238 363 127 116 248
400 488446 R 217 71 63 115 59 747 61 83 117 203 142 30 152 46 485440 248 133 191 178 51 99
401 468747 A 466487 73 82 81 34 355 35 56 31 167 32 22 165 34 247 193 163 344 53 37 56
402 472482 S 291 98 74 102 98 516 71 74 75 179 36 55 383 66 267 469495 167 185 51 100 99
403 475209 A 471461 159 48 115 98 531 99 104 75 259 44 74 255 77 265 359 311 593 72 90 120
404 492640 G 243 145 177 112 76 490020 19 82 51 209 39 45 125 11 202 316 123 365 83 65 132
405 490887 Q 111 7 59 99 47 56 162 126 122 278 47 74 360 488521 174 144 188 155 3 30 124
406 508763 I 56 17 17 25 87 57 30 507598 29 112 29 77 107 12 80 106 103 115 18 43 45
407 459866 S 27 53 22 15 20 268 19 37 6 59 5 40 34 15 120 458978 36 74 12 11 15
408 465875 V 159 20 9 81 5 88 5 14 7 78 92 5 24 12 62 33 16 465100 23 8 34
409 461834 Q 277 144 98 162 68 478 117 113 110 347 43 59 259 457346 482 298 195 315 116 74 733
410 430353 P 196 86 54 71 26 452 168 75 46 267 40 64 427451 91 288 379 144 224 65 66 100
411 457987 A 454746 140 70 125 48 453 64 67 54 129 40 53 151 57 288 220 647 399 51 66 119
412 464411 F 264 126 95 176 460951 710 24 123 73 233 59 44 125 40 328 303 122 285 139 59 132
413 409375 S 207 115 79 136 184 709 74 145 101 323 37 94 216 76 259 405720 165 282 110 142 201
414 425222 V 338 90 69 147 68 568 56 92 47 262 144 42 130 48 385 232 145 422064 104 53 138
415 437770 Q 275 97 65 106 55 427 76 72 90 281 40 29 148 434629 457 210 109 250 89 44 221
416 441705 R 227 113 54 107 121 494 46 83 130 270 10 69 144 67 438770 277 130 304 51 62 176
417 412216 N 151 75 113 73 49 217 36 86 90 154 18 410146 105 44 191 230 107 133 50 68 80
418 436149 L 160 112 53 69 143 349 87 103 35 433622 18 46 319 77 283 163 108 224 74 36 68
419 463526 P 296 140 132 166 74 513 83 130 121 327 62 91 459666 148 413 311 200 316 84 51 202
420 432862 F 285 131 113 96 428961 563 70 143 105 432 62 81 170 98 389 368 153 288 146 91 117
421 441798 D 192 106 438631 141 129 378 91 98 51 246 50 159 151 60 289 283 157 312 29 111 134
422 427821 K 158 72 64 205 98 513 48 136 424912 220 14 109 130 91 332 169 143 198 36 67 106
423 425091 P 212 124 89 142 82 707 108 128 63 392 62 80 421080 144 543 358 172 272 98 101 134
424 442654 T 397 164 117 120 117 690 88 229 61 387 82 110 297 93 542 374 437994 371 138 116 167
425 449045 I 239 103 95 113 131 398 97 445502 58 286 82 140 192 62 368 289 274 286 76 114 140
426 430836 M 213 115 65 96 85 356 104 238 86 328 427434 68 158 104 369 217 211 264 96 94 135
427 395166 A 392390 83 87 118 51 433 66 42 59 187 29 45 208 62 289 198 225 366 66 74 88
428 391463 A 388483 104 61 128 70 424 66 74 62 248 35 66 144 86 310 250 322 318 50 72 90
429 389222 F 201 133 76 115 385859 427 85 152 133 350 41 105 163 70 338 275 124 208 96 136 135
430 359687 T 188 54 48 68 41 201 42 147 43 155 36 74 61 32 166 249 357747 129 49 50 107
431 390531 G 174 113 92 153 82 387714 421 83 64 173 15 48 109 47 365 239 106 249 136 53 95
432 397434 N 286 145 182 136 112 486 137 209 108 311 63 393227 217 97 418 391 217 278 104 161 149
433 423601 T 251 91 55 86 75 280 58 291 96 275 31 59 161 86 318 275 420631 212 68 89 113
434 431660 E 315 81 161 427773 57 874 43 72 160 235 56 40 154 90 419 235 154 365 116 62 198
435 463500 G 278 124 86 301 58 460380 69 94 84 236 51 41 111 77 549 209 91 320 125 45 171
436 471244 R 333 89 128 193 129 1113 104 168 268 329 59 82 169 110 466522 340 201 435 132 109 231
437 480032 T 364 93 107 182 65 719 74 178 165 269 50 97 155 103 469 305 475868 305 144 73 247
438 502535 S 225 97 105 185 49 664 65 104 118 281 47 58 181 84 424 499098 179 277 62 68 164
439 490730 D 196 59 488378 148 39 542 48 70 46 133 17 78 68 50 223 166 85 182 54 61 87
440 473836 M 203 89 68 135 55 458 54 208 113 212 470619 51 159 71 315 186 253 289 93 78 127
441 457607 R 66 27 12 65 22 418 5 40 91 82 131 22 52 34 456120 141 58 88 82 17 34
442 462426 A 459861 74 69 132 56 396 45 67 74 155 21 41 125 61 257 211 237 339 76 44 85
443 471882 E 154 66 131 469644 50 451 39 36 147 135 43 48 60 82 171 126 73 212 61 29 124
444 472521 I 273 120 76 159 85 741 101 468549 95 259 74 102 99 87 555 250 161 329 120 112 174
445 522612 I 380 179 211 228 159 700 113 516822 207 415 333 134 193 162 612 378 291 439 132 202 322
446 470708 R 414 217 185 201 172 1271 156 243 237 664 277 116 375 161 463856 590 272 550 295 153 303
447 452512 M 258 180 108 132 106 731 94 278 102 321 447961 96 219 104 452 335 216 376 141 124 178
448 454754 M 140 81 88 118 34 283 27 283 86 226 452092 41 110 53 258 149 165 292 61 45 122
449 416717 E 91 42 102 414728 57 374 31 64 150 132 23 32 94 62 188 116 71 143 45 38 134
450 429992 G 116 118 107 39 47 428217 40 47 36 128 32 33 83 45 221 281 65 162 54 53 68
451 469504 A 465891 163 39 131 51 546 30 38 38 177 24 35 133 32 194 176 791 842 43 66 64
452 461381 K 139 71 44 101 21 209 39 105 459284 109 25 195 161 49 258 139 151 124 41 36 80
453 440437 P 91 46 21 47 27 170 51 31 31 110 18 28 439240 68 144 104 50 83 20 18 39
454 458183 E 102 47 76 456633 40 273 27 44 61 95 10 35 74 45 160 110 52 144 29 41 85
455 465991 E 296 179 176 461263 150 542 121 202 183 414 86 118 132 148 388 375 256 431 120 144 267
456 473858 M 175 135 68 109 87 283 89 262 158 396 470121 84 144 107 317 255 212 349 118 103 286
457 456187 S 305 207 148 122 208 297 96 210 120 486 56 123 330 120 364 451897 267 269 84 214 264
458 471556 F 239 175 142 217 466235 914 98 169 102 578 102 88 153 90 361 502 194 540 185 188 284
459 446881 Q 218 68 139 143 91 750 183 149 135 518 89 61 386 441672 1239 194 210 364 71 34 167
460 403978 G 274 161 48 211 101 400857 76 106 74 319 84 78 167 117 288 223 103 441 49 53 148
461 388382 R 590 113 51 84 76 685 100 83 57 404 50 29 325 310 384396 219 98 292 259 40 121
462 353774 G 438 153 85 384 98 349478 118 95 40 339 52 43 440 115 647 282 138 369 124 81 255
463 344832 V 303 124 90 75 155 364 92 271 60 373 85 60 292 78 307 289 159 341343 81 88 143
464 357696 F 365 337 204 202 351308 651 160 309 173 805 119 199 227 130 269 754 294 636 90 223 241
465 408354 E 307 227 153 402541 216 718 162 221 289 700 150 135 166 208 359 527 275 209 214 212 365
466 347742 L 218 161 106 136 266 433 139 179 114 343929 56 60 335 106 278 300 112 354 139 135 186
467 366491 S 47 132 27 81 115 217 101 172 93 516 80 99 140 92 303 363394 180 211 169 138 184
468 401370 D 203 126 398374 152 88 596 48 101 32 152 47 86 74 44 207 250 146 305 86 135 118
469 466633 E 290 199 237 460520 262 563 158 267 357 633 100 147 308 111 429 538 298 559 119 252 286
470 497724 R 314 207 127 210 165 1129 175 306 332 555 271 131 391 192 491350 514 377 443 122 191 222
471 486524 A 481156 131 106 196 90 876 149 132 59 439 64 126 652 101 397 327 448 688 103 105 179
472 496444 A 494352 22 38 81 60 111 27 53 28 90 21 34 195 9 27 261 323 623 17 36 36
473 529868 N 80 51 90 48 25 174 58 46 76 156 4 528205 188 64 174 155 68 63 28 68 47
474 521480 P 150 56 36 88 12 442 45 28 45 308 3 46 519014 151 366 174 106 150 115 36 109
475 499511 I 198 127 126 159 132 668 75 495655 147 262 95 134 80 68 441 247 152 323 91 107 224
476 454823 V 328 91 86 194 80 580 64 71 65 290 291 52 131 80 356 219 120 451385 100 80 160
477 444875 P 180 81 74 70 115 191 98 93 74 272 29 79 442348 98 226 298 182 195 36 51 85
478 424822 S 187 90 69 86 96 373 45 65 60 254 41 41 250 60 223 422262 122 214 83 87 114
479 461831 F 152 141 81 95 459231 301 33 74 79 480 48 34 105 37 176 189 106 186 71 95 117
480 462102 D 138 47 460275 100 19 397 55 20 33 96 13 82 75 34 161 80 172 155 30 70 50
481 401364 M 119 92 36 69 36 230 44 196 92 198 398856 59 109 50 250 175 213 275 78 80 107
482 489394 S 192 128 75 119 43 918 27 91 46 113 28 105 77 31 369 486476 80 261 99 39 77
483 541160 N 63 59 92 37 18 169 47 63 51 65 20 539853 41 13 137 146 42 95 46 62 41
484 487661 E 72 43 78 486336 20 239 22 19 81 99 5 28 74 49 116 71 35 115 36 17 106
485 444078 G 67 49 27 86 36 442790 13 19 33 137 10 20 46 58 185 78 34 150 47 41 152
486 450754 S 83 80 43 47 64 145 23 29 14 108 6 20 146 23 98 449591 64 68 35 39 28
487 452523 Y 46 83 27 33 63 153 185 55 25 87 17 44 37 17 76 67 36 66 52 451286 68
488 445257 F 49 40 43 46 443928 130 34 82 39 169 15 39 29 30 110 150 64 104 24 71 61
489 423888 F 55 25 24 31 422761 174 22 50 33 185 14 10 45 18 76 96 33 94 32 52 58
490 421264 G 108 23 30 85 43 419913 13 53 27 111 15 24 70 31 231 90 67 172 28 39 91
491 427046 D 77 45 425296 82 83 356 40 59 38 127 33 68 35 39 103 79 68 195 46 88 89
492 433062 N 36 56 125 24 34 133 39 123 86 81 37 431533 56 39 139 167 84 54 67 60 89
493 504957 A 502650 21 53 121 40 225 72 71 50 144 23 42 99 53 203 209 297 465 5 53 61
494 419700 E 192 68 119 417180 39 573 34 63 93 147 29 30 126 74 269 137 79 199 88 32 129
495 411862 E 180 74 63 409448 36 613 23 33 87 145 26 39 100 54 327 133 73 201 98 22 87
496 396427 Y 103 184 58 77 74 298 125 67 55 109 19 74 92 39 249 137 63 130 89 394261 124
497 368561 D 245 98 364855 149 80 769 83 111 72 252 67 169 127 61 411 207 133 314 107 111 140
498 284172 N 699 335 252 300 278 1262 216 353 243 791 125 274656 507 289 1088 687 428 803 260 218 382
