# amino-acid counts among definitively called codons
# POSITION TOTAL_COUNTS WT N_A N_C N_D N_E N_F N_G N_H N_I N_K N_L N_M N_N N_P N_Q N_R N_S N_T N_V N_W N_Y N_STOP
1 656745 M 0 1 0 0 0 0 2 158 57 62 656268 0 0 1 5 0 94 96 1 0 0
2 625708 A 625327 0 1 61 0 53 0 1 1 0 0 0 27 1 4 56 41 135 0 0 0
3 659140 S 14 23 0 1 78 0 0 0 0 1 0 0 123 0 0 658791 35 6 0 66 2
4 664637 Q 0 1 0 16 0 0 35 2 87 28 0 0 14 664254 126 2 0 0 0 0 72
5 608694 G 27 68 88 0 0 608307 0 2 0 0 0 0 0 0 14 140 0 47 0 1 0
6 542649 T 66 0 0 0 0 1 3 50 0 1 0 29 10 1 0 42 542446 0 0 0 0
7 542861 K 1 0 1 54 0 0 1 25 542637 1 0 53 1 11 60 0 1 0 0 0 15
8 472324 R 0 0 0 0 0 23 0 0 0 41 0 0 11 83 472057 1 3 1 104 0 0
9 489461 S 5 11 0 0 54 1 0 0 0 1 0 0 60 0 0 489249 22 2 0 56 0
10 543108 Y 2 82 5 1 22 0 168 8 1 9 7 6 0 1 0 3 0 0 4 542722 67
11 486775 E 4 0 32 486433 0 82 0 2 115 1 2 7 0 15 0 1 0 36 0 1 44
12 452621 Q 0 1 0 28 0 1 85 0 61 36 0 2 10 452263 63 0 3 0 0 1 67
13 544920 M 0 0 11 0 1 1 2 160 43 46 544490 0 0 0 6 1 58 90 3 0 8
14 533549 E 3 0 21 533228 0 127 0 0 56 2 0 2 0 22 2 1 4 28 0 0 53
15 497107 T 67 0 0 0 0 0 0 35 0 1 1 54 9 0 0 38 496869 0 0 33 0
16 556485 D 2 0 556088 68 0 115 23 0 0 0 2 58 0 0 16 0 1 43 0 60 9
17 549544 G 15 0 0 43 0 549274 0 0 5 1 0 0 0 0 68 0 0 71 67 0 0
18 540536 E 4 0 28 540152 0 131 0 0 132 1 0 1 0 26 0 0 0 26 0 0 35
19 545414 R 1 131 0 0 0 19 189 0 1 52 0 0 38 0 544937 44 2 0 0 0 0
20 557316 Q 2 0 0 24 1 0 83 0 66 818 0 0 757 555293 198 1 2 0 6 0 65
21 533863 N 0 0 68 2 2 0 6 38 43 1 5 533194 1 0 2 469 9 0 0 21 2
22 537570 A 536946 1 0 60 1 32 0 13 0 2 0 1 24 5 1 52 162 267 1 0 2
23 566029 T 100 1 1 0 0 2 0 33 0 2 0 69 5 1 24 49 565742 0 0 0 0
24 535426 E 14 2 59 534906 0 124 14 4 163 3 3 0 0 18 3 1 7 46 0 1 58
25 468826 I 0 0 2 2 38 1 1 468587 3 3 23 37 1 0 3 4 44 76 1 0 0
26 506223 R 0 1 1 3 1 143 2 46 111 4 3 0 0 1 505810 29 14 0 2 0 52
27 478617 A 478245 0 3 79 0 29 0 0 0 1 1 0 18 0 1 54 78 108 0 0 0
28 519065 S 8 15 0 5 33 4 1 6 2 0 0 1 93 2 4 518779 30 0 0 70 12
29 507353 V 70 0 98 1 36 2 0 184 1 13 0 0 0 1 2 1 0 506941 3 0 0
30 528000 G 19 0 0 97 0 527518 1 0 1 0 0 0 0 2 218 1 1 70 71 1 0
31 528561 K 1 0 0 102 0 0 0 6 528195 0 39 74 0 3 100 0 7 0 0 0 34
32 521626 M 0 0 0 0 0 2 0 154 41 44 521243 0 0 2 11 4 51 72 0 0 2
33 527956 I 0 1 7 2 33 3 1 527659 0 3 19 48 0 0 9 9 69 87 0 6 0
34 524001 D 10 1 523544 64 1 124 20 0 0 1 4 133 0 0 0 1 1 64 0 32 1
35 478579 G 7 1 0 66 1 478306 1 2 2 2 0 1 1 2 96 0 2 34 1 0 54
36 511448 I 0 0 0 1 17 0 0 511231 3 9 6 37 0 3 4 10 57 70 0 0 0
37 484704 G 23 1 6 52 0 484253 0 0 133 0 0 0 0 0 93 3 2 54 0 0 84
38 444846 R 1 0 29 2 0 23 2 0 0 60 0 2 21 115 444498 0 0 0 1 0 92
39 503340 F 0 6 0 1 502986 1 1 30 0 183 0 4 3 1 1 74 2 5 1 40 1
40 488772 Y 2 81 7 4 40 0 158 3 1 1 0 38 1 5 12 6 5 1 5 488290 112
41 444290 I 1 1 1 1 29 1 2 444050 1 12 8 39 1 1 2 23 75 42 0 0 0
42 438930 Q 1 0 0 15 1 1 15 0 61 26 1 1 14 438648 56 0 0 0 0 31 59
43 424908 M 0 2 0 0 0 1 1 140 16 31 424623 0 0 1 7 3 42 41 0 0 0
44 463994 C 0 463592 1 0 58 8 0 1 0 0 0 0 0 0 66 83 1 1 42 79 62
45 451631 T 73 0 1 0 0 0 0 42 1 0 2 44 6 1 2 49 451408 1 1 0 0
46 494486 E 29 2 293 493940 0 61 0 0 68 0 0 1 0 27 1 2 0 15 0 0 47
47 584658 L 1 0 0 0 50 172 20 41 0 584229 0 4 80 0 11 1 29 20 0 0 0
48 589823 K 1 0 2 71 0 0 0 16 589397 1 9 75 0 14 149 2 17 0 0 0 69
49 581998 L 2 1 0 1 45 0 17 32 0 581781 0 2 90 2 6 2 3 14 0 0 0
50 580835 S 0 35 0 0 0 160 0 47 1 2 0 57 3 3 88 580420 17 1 0 0 1
51 652846 D 3 0 652445 59 1 113 17 0 0 1 1 101 1 0 0 0 0 40 0 55 9
52 698424 Y 1 110 9 2 34 3 108 11 0 11 12 8 1 1 0 12 2 1 2 697989 107
53 664677 E 13 1 110 664078 1 180 1 2 134 9 9 0 1 15 7 0 1 49 1 0 65
54 591003 G 25 0 0 100 1 590612 1 0 0 3 0 0 5 1 145 0 0 47 63 0 0
55 560307 R 1 0 7 0 0 95 3 0 0 69 0 0 23 141 559817 0 1 0 0 0 150
56 554673 L 0 0 0 1 0 0 1 1 2 554442 67 2 92 36 8 0 0 16 0 2 3
57 588060 I 1 0 0 0 53 1 1 587735 1 9 25 34 2 2 34 7 98 57 0 0 0
58 568955 Q 0 2 1 29 0 26 80 0 83 32 0 0 13 568526 110 4 0 0 0 0 49
59 546468 N 1 0 69 2 0 1 6 45 82 2 0 546114 1 1 3 85 7 0 0 48 1
60 429009 S 0 10 0 0 0 51 1 60 0 6 0 53 2 1 69 428743 11 0 0 1 1
61 428057 L 0 2 1 0 49 0 0 109 7 427680 0 1 0 1 0 76 1 16 0 3 111
62 397740 T 47 2 5 7 3 2 2 47 44 0 5 17 12 81 18 32 397378 31 1 1 5
63 419603 I 0 0 0 0 2 1 3 419272 39 31 105 2 0 3 23 5 55 58 0 0 4
64 433590 E 2 0 63 433309 0 73 3 0 45 1 1 0 2 13 1 0 2 21 0 2 52
65 412835 R 0 0 0 2 0 103 0 43 63 1 0 3 0 0 412443 29 12 0 0 0 136
66 433621 M 0 0 2 2 0 5 0 127 34 20 433315 5 0 0 4 4 52 50 1 0 0
67 416241 V 64 0 0 50 0 6 0 3 1 48 74 1 0 0 0 0 0 415993 1 0 0
68 447371 L 0 4 0 0 41 0 26 58 0 447138 0 0 71 0 8 2 0 20 0 2 1
69 465789 S 4 17 0 0 35 0 1 0 1 3 0 0 89 0 0 465544 41 0 0 54 0
70 491794 A 491107 10 66 252 0 27 4 0 0 1 3 0 27 1 1 47 190 53 0 0 5
71 474432 F 1 8 0 0 473959 1 196 18 2 146 2 0 0 1 0 48 2 10 0 23 15
72 472586 D 2 0 472241 68 0 98 11 0 0 2 0 68 0 0 0 2 31 32 0 29 2
73 440341 E 1 0 15 439998 0 78 0 0 158 2 0 1 0 13 5 2 0 24 0 0 44
74 448930 R 0 0 0 4 0 124 0 56 106 0 0 0 0 0 448573 34 11 0 0 1 21
75 456825 R 1 0 0 1 1 83 0 0 69 1 35 0 1 0 456525 63 17 0 28 0 0
76 488836 N 0 0 74 13 0 2 9 45 63 1 0 488494 0 0 1 92 6 0 0 36 0
77 486641 K 1 0 0 108 0 0 0 25 486322 1 0 69 2 3 66 1 6 0 1 1 35
78 368684 Y 0 38 3 1 25 0 87 3 0 3 6 29 0 1 2 6 0 0 0 368455 25
79 360837 L 0 3 0 1 0 1 0 0 0 360665 45 0 73 28 6 2 1 10 1 0 1
80 333150 E 1 0 18 332961 0 62 0 1 52 2 0 1 1 14 0 0 0 20 0 1 16
81 311383 E 3 0 27 311173 1 50 0 1 50 0 0 5 0 18 1 0 0 20 0 0 34
82 352786 H 0 0 14 0 0 0 352568 3 0 14 0 61 4 33 30 0 6 0 0 53 0
83 473679 P 10 0 0 0 0 0 46 4 0 37 0 0 473446 5 17 61 51 0 0 2 0
84 472618 S 1 8 0 1 1 117 0 52 0 1 0 112 5 0 101 472213 6 0 0 0 0
85 501240 A 500648 1 0 60 0 49 0 0 1 0 0 0 22 3 37 54 285 79 0 0 1
86 554330 G 28 2 0 96 0 553956 0 0 1 1 0 0 0 0 95 1 1 75 73 1 0
87 580707 K 0 1 1 168 0 0 0 0 580138 0 29 154 2 4 158 1 9 1 0 1 40
88 592360 D 1 0 591970 68 3 58 14 19 1 4 0 126 1 2 0 0 0 46 0 47 0
89 540537 P 13 1 0 2 0 1 76 0 1 52 0 3 540210 0 24 82 72 0 0 0 0
90 543147 K 0 0 0 81 0 1 0 2 542899 2 17 42 0 4 85 2 2 0 0 1 9
91 502661 K 1 1 0 75 0 0 0 12 502446 1 0 19 0 2 83 1 3 0 0 0 17
92 460882 T 51 0 0 0 0 0 0 18 0 14 0 42 21 0 0 32 460704 0 0 0 0
93 457180 G 17 0 0 55 0 456892 0 0 1 1 0 0 0 0 79 0 0 36 2 0 97
94 431730 G 20 0 1 46 0 431509 0 0 0 0 0 0 0 1 50 0 1 51 0 0 51
95 462360 P 22 0 0 1 0 0 59 0 0 50 0 0 462100 13 17 53 45 0 0 0 0
96 515113 I 0 0 0 0 7 0 0 514794 37 75 57 2 2 2 6 0 70 59 0 2 0
97 546838 Y 0 77 7 1 42 1 115 12 0 0 0 35 2 13 0 4 2 0 0 546448 79
98 474972 K 0 0 0 102 0 0 0 1 474643 3 34 41 0 13 93 0 19 0 0 0 23
99 350999 R 0 0 0 0 0 61 0 25 44 2 0 0 1 0 350797 32 15 0 0 0 22
100 343024 V 38 0 0 41 0 9 0 69 0 32 0 0 0 1 4 0 1 342828 1 0 0
101 401649 D 5 0 401346 36 0 57 11 0 1 1 0 114 0 0 2 1 2 25 0 47 1
102 410700 R 0 0 0 0 0 61 0 40 74 0 0 0 1 1 410463 26 13 0 0 0 21
103 431122 K 0 0 0 51 0 0 0 0 430903 0 14 33 0 4 84 0 7 0 0 1 25
104 440818 W 0 49 1 0 0 5 0 0 1 43 0 1 2 0 80 16 1 2 440468 1 148
105 454637 M 0 0 0 0 0 2 0 140 33 29 454295 0 0 1 6 0 50 81 0 0 0
106 472277 R 0 0 0 2 0 96 0 2 88 0 62 0 0 0 471899 62 11 0 55 0 0
107 467136 E 4 0 28 466650 0 86 0 0 244 0 0 4 1 25 1 1 0 28 0 0 64
108 466422 L 0 0 0 1 54 0 46 52 2 466135 0 0 80 1 10 4 6 31 0 0 0
109 446846 V 77 0 43 2 30 2 1 114 0 21 0 0 1 0 5 2 0 446548 0 0 0
110 477644 L 1 0 0 1 43 0 18 68 0 477410 0 0 80 1 7 1 0 13 0 0 1
111 454361 Y 0 112 2 0 29 1 82 3 0 1 20 5 0 0 1 7 0 0 1 454042 55
112 399295 D 2 1 398739 63 0 84 9 0 2 0 0 301 0 0 0 3 1 46 0 40 4
113 366393 K 0 0 0 58 0 0 0 22 366199 1 0 14 0 23 58 0 3 0 0 0 15
114 430385 E 2 0 20 430115 1 65 0 0 98 0 0 0 0 17 8 0 0 20 0 0 39
115 478144 E 4 0 27 477880 1 70 1 0 86 0 0 1 0 12 13 0 1 20 0 0 28
116 499929 I 0 1 0 0 0 1 0 499599 35 29 104 19 0 0 4 1 68 65 0 0 3
117 470573 R 0 1 0 0 1 77 0 0 66 1 56 0 0 0 470289 35 18 1 28 0 0
118 452328 R 1 0 0 0 0 35 0 0 0 50 0 0 12 91 452055 0 0 0 0 0 84
119 481786 I 0 0 0 0 9 0 0 481614 1 8 3 26 0 0 0 2 65 58 0 0 0
120 452980 W 0 38 0 0 1 11 0 0 0 34 0 0 0 0 122 8 0 0 452621 1 144
121 465352 R 4 116 0 0 0 43 136 0 0 60 1 0 38 0 464893 60 0 0 0 0 1
122 441949 Q 0 0 0 18 2 0 37 1 46 18 0 1 10 441686 74 1 0 0 0 0 55
123 513728 A 513378 0 51 0 0 25 0 0 0 0 0 0 26 0 0 56 122 70 0 0 0
124 575035 N 2 0 92 0 0 0 12 51 71 1 0 574706 1 13 0 63 5 0 0 18 0
125 558466 N 1 0 88 0 0 0 5 35 45 0 4 558157 1 0 2 72 12 0 3 34 7
126 437328 G 11 65 69 1 0 437044 0 0 1 1 2 1 0 1 10 92 3 26 0 0 1
127 435125 D 3 1 434744 42 0 79 13 1 0 0 0 161 0 0 1 1 0 42 0 37 0
128 425084 D 12 0 424771 36 0 81 13 0 0 0 0 79 0 1 1 1 0 34 0 54 1
129 435215 A 434873 1 0 60 0 35 0 0 1 1 3 0 10 1 0 49 102 74 0 0 5
130 393250 T 51 0 0 0 0 0 0 31 51 1 0 0 1 6 17 28 393064 0 0 0 0
131 370592 A 370430 0 35 0 0 13 0 0 0 1 0 0 12 3 0 43 35 20 0 0 0
132 452710 G 14 44 52 0 0 452469 0 20 0 0 0 0 0 1 8 55 4 42 0 1 0
133 480360 L 0 0 0 0 0 0 0 59 0 480073 64 1 114 22 7 0 1 19 0 0 0
134 569188 T 79 0 4 1 0 0 1 51 0 0 1 48 14 0 0 84 568905 0 0 0 0
135 600810 H 0 1 23 0 0 1 600340 0 1 50 0 79 14 101 111 3 0 1 1 84 0
136 638330 M 0 0 4 0 0 0 6 289 44 107 637634 1 1 1 15 0 98 128 0 0 2
137 652510 M 0 0 1 0 0 0 2 222 50 55 651964 1 0 1 4 1 94 115 0 0 0
138 581905 I 0 0 1 0 34 0 0 581670 0 8 18 32 0 0 1 4 61 73 2 0 1
139 556928 W 1 97 0 0 2 30 0 0 0 50 0 0 0 0 193 23 0 0 556318 3 211
140 532753 H 0 0 42 0 0 0 532384 1 0 30 0 79 5 27 87 3 0 1 0 94 0
141 530739 S 4 9 0 0 61 1 0 0 0 0 0 0 93 0 0 530487 18 0 0 66 0
142 528424 N 0 1 73 0 0 1 7 23 34 1 0 528201 0 4 0 52 2 0 0 25 0
143 518214 L 0 0 0 1 85 0 0 0 0 517976 23 0 0 0 1 81 0 6 8 0 33
144 497737 N 0 0 86 1 0 0 1 20 53 0 1 497480 0 0 1 61 5 0 0 28 0
145 481516 D 4 1 481198 35 0 78 14 0 1 1 0 69 0 1 0 0 1 47 1 65 0
146 464342 T 139 0 1 0 0 0 0 66 53 2 1 2 3 1 23 37 464005 1 0 2 6
147 581121 T 112 1 0 0 0 1 9 56 75 0 0 3 10 6 20 36 580791 0 0 0 1
148 512325 Y 0 57 3 0 49 1 63 7 0 0 0 40 2 3 0 12 8 0 0 512005 75
149 503125 Q 0 0 2 19 1 1 66 0 64 35 0 2 17 502703 135 0 5 0 0 2 73
150 462821 R 0 0 1 2 0 93 1 0 74 1 35 0 0 0 462536 42 10 1 25 0 0
151 492866 T 93 1 1 2 0 5 1 55 35 0 0 0 4 0 26 61 492582 0 0 0 0
152 509424 R 2 0 1 0 0 88 0 57 113 2 0 0 0 9 509077 25 11 0 0 0 39
153 551417 A 551104 0 60 1 0 33 0 0 0 0 1 0 31 0 1 55 86 45 0 0 0
154 586940 L 0 0 0 0 35 0 42 64 0 586702 0 0 78 0 2 2 0 14 0 0 1
155 595228 V 79 1 50 0 37 15 0 93 0 14 0 0 0 0 0 0 0 594938 0 1 0
156 602660 R 0 151 0 0 2 29 235 0 0 45 0 0 24 0 602076 98 0 0 0 0 0
157 606485 T 114 0 0 1 1 0 1 106 4 1 0 45 11 0 0 98 606099 1 3 0 0
158 616451 G 30 62 163 0 1 615825 0 0 1 1 0 0 0 0 21 271 0 76 0 0 0
159 635965 M 2 0 0 0 0 0 3 270 38 78 635363 1 0 1 17 1 72 118 1 0 0
160 724820 D 4 0 724359 79 0 144 18 8 1 1 0 111 0 3 2 1 0 45 0 44 0
161 645756 P 23 0 3 0 0 1 94 3 1 69 0 0 645359 3 27 92 81 0 0 0 0
162 611127 R 1 0 3 2 1 158 0 1 101 1 67 0 2 1 610671 69 21 1 27 0 0
163 556215 M 1 1 0 0 0 7 0 223 24 51 555717 0 0 1 8 1 70 110 1 0 0
164 545093 C 2 544517 0 0 75 6 0 1 0 5 1 0 1 0 75 90 0 1 24 234 61
165 517992 S 28 20 0 1 45 1 1 0 0 3 1 0 88 1 0 517674 34 1 3 91 0
166 519062 L 2 1 5 0 0 0 1 2 0 518777 81 1 113 50 15 0 0 14 0 0 0
167 507618 M 0 0 0 1 0 0 0 210 36 36 507178 0 0 1 8 0 76 71 0 0 1
168 477478 Q 0 0 0 27 0 2 75 0 62 22 2 1 10 477056 126 0 1 0 0 0 94
169 439766 G 9 22 51 0 0 439601 1 1 0 0 0 0 0 0 7 40 0 34 0 0 0
170 469391 S 4 1 1 0 0 1 0 0 0 104 0 0 43 1 1 469141 29 0 17 0 48
171 460787 T 71 0 1 0 0 0 0 33 0 0 0 35 3 0 1 60 460574 8 1 0 0
172 495145 L 1 3 0 0 47 1 44 61 1 494843 0 0 126 0 1 4 0 13 0 0 0
173 634063 P 25 0 1 0 0 0 89 1 0 82 0 0 633690 3 24 70 76 2 0 0 0
174 631583 R 0 1 0 1 0 90 1 0 82 3 64 0 0 0 631223 68 15 1 25 1 8
175 485972 R 0 1 0 1 0 109 0 1 58 1 29 0 1 0 485692 50 7 0 22 0 0
176 523774 S 6 18 1 0 36 1 1 0 1 1 0 1 80 0 0 523511 42 5 1 69 0
177 544188 G 12 1 1 73 0 543866 0 0 2 1 0 0 0 1 124 1 0 35 0 0 71
178 525654 A 525359 0 75 1 0 18 0 0 0 1 0 1 16 2 0 63 67 51 0 0 0
179 544438 A 543870 1 1 74 1 44 2 1 0 3 0 0 24 1 0 68 242 104 1 1 0
180 559806 G 17 47 64 1 0 559532 0 0 4 0 1 0 0 0 13 76 1 49 0 0 1
181 561973 A 561583 0 66 0 1 12 0 0 0 4 0 0 26 0 1 60 180 39 0 1 0
182 581706 A 581030 0 1 67 0 33 0 0 1 1 0 0 17 1 1 73 237 244 0 0 0
183 650199 V 83 1 43 1 51 10 0 108 0 21 0 0 1 0 0 15 0 649864 0 1 0
184 666977 K 1 0 1 106 0 1 0 36 666527 1 1 102 0 52 88 3 16 0 0 0 42
185 572065 G 18 1 0 110 0 571722 0 1 0 1 0 0 1 2 117 1 0 33 0 0 58
186 573263 V 82 2 39 1 28 7 1 162 1 13 1 0 0 0 2 16 2 572906 0 0 0
187 569467 G 20 1 8 115 1 569055 0 0 0 2 0 1 1 1 129 0 0 49 84 0 0
188 473649 T 114 1 2 1 0 0 0 85 36 0 0 4 4 11 26 48 473316 1 0 0 0
189 406055 M 0 1 1 1 0 2 0 151 29 36 405712 3 0 0 5 2 42 66 4 0 0
190 393691 V 59 0 1 34 0 6 0 0 0 36 64 0 0 1 0 3 0 393486 0 0 1
191 381765 M 0 0 2 0 0 0 0 130 34 46 381441 2 0 0 8 0 40 59 3 0 0
192 353097 E 2 0 34 352870 0 89 0 0 40 0 0 0 1 11 1 0 0 20 1 0 28
193 436277 L 0 0 0 0 45 0 0 1 0 436069 40 0 0 2 0 69 0 22 1 1 27
194 530156 I 1 0 13 10 0 1 0 529770 20 60 102 1 0 2 6 1 86 76 0 0 7
195 499050 R 0 0 1 0 0 106 0 0 63 0 61 0 0 0 498739 47 7 0 26 0 0
196 516341 M 0 0 1 1 0 1 0 137 41 44 515973 0 0 0 7 0 54 81 0 0 1
197 555071 I 0 2 12 0 40 0 0 554697 1 3 34 64 0 0 0 3 96 119 0 0 0
198 524125 K 1 0 0 85 0 1 0 12 523858 0 0 47 0 25 70 2 9 0 0 0 15
199 493621 R 0 66 0 0 0 17 120 0 0 46 0 0 20 0 493286 63 3 0 0 0 0
200 487392 G 17 2 0 77 0 487033 0 0 0 0 0 0 0 0 135 1 0 75 52 0 0
201 483840 I 0 0 1 0 35 0 0 483550 0 4 14 14 0 0 0 7 94 121 0 0 0
202 494883 N 0 0 104 0 0 1 7 12 36 0 7 494635 0 3 0 51 1 0 0 26 0
203 464708 D 5 0 464474 42 0 50 10 1 0 0 0 49 0 0 0 1 0 43 0 32 1
204 481548 R 0 0 0 0 0 12 1 0 1 71 0 0 14 135 481213 0 0 0 100 0 1
205 499419 N 0 0 84 1 0 1 2 19 40 1 0 499161 0 0 0 95 7 0 0 8 0
206 614953 F 0 3 0 0 614625 0 0 32 0 201 0 0 2 0 0 57 2 8 0 23 0
207 633435 W 1 74 0 7 1 4 0 0 0 80 0 0 0 0 209 26 0 0 632756 0 277
208 464634 R 0 1 0 1 1 105 2 34 48 0 0 0 0 6 464342 54 15 0 0 0 25
209 492104 G 11 38 59 0 1 491885 0 0 0 0 0 0 0 0 13 60 0 36 0 1 0
210 524151 E 0 0 38 523800 0 87 0 0 96 0 0 1 0 17 0 0 0 46 0 0 66
211 507904 N 0 0 395 0 0 0 1 38 38 0 17 507317 0 0 0 74 7 0 0 17 0
212 472918 G 20 0 4 49 0 472611 0 0 1 4 0 0 0 1 133 0 0 29 0 0 66
213 464120 R 0 0 6 4 0 28 0 0 0 34 0 0 11 100 463822 0 3 0 1 0 111
214 456606 K 0 0 1 66 0 0 0 3 456413 0 0 27 0 32 49 1 3 0 0 0 11
215 454209 T 55 0 0 1 0 0 0 31 32 0 0 8 86 27 17 45 453906 1 0 0 0
216 430904 R 0 0 0 0 0 58 0 1 87 0 47 0 0 0 430630 50 7 0 24 0 0
217 393089 S 0 30 0 1 0 64 0 23 1 0 1 79 0 0 46 392836 7 1 0 0 0
218 407426 A 407134 2 48 0 0 16 0 0 1 1 0 1 26 0 0 50 115 32 0 0 0
219 399174 Y 0 83 5 0 19 0 59 0 1 3 0 8 0 1 0 8 8 0 0 398909 70
220 396326 E 5 0 65 396017 0 81 1 0 66 0 0 0 0 18 1 0 1 34 0 0 37
221 345289 R 1 0 0 3 0 84 0 31 59 5 0 1 0 0 345050 20 11 2 0 0 22
222 298606 M 0 0 0 2 0 0 0 113 29 33 298320 2 0 0 4 0 38 65 0 0 0
223 376784 C 1 376329 0 0 40 10 0 0 0 27 0 0 0 2 94 86 0 8 32 109 46
224 393053 N 0 0 79 0 0 1 36 27 38 1 0 392794 0 0 0 43 6 0 0 28 0
225 414872 I 0 0 0 0 28 0 1 414651 2 10 7 22 0 0 0 7 91 52 0 0 1
226 434341 L 0 1 0 0 32 0 39 41 0 434108 0 1 94 0 3 7 0 15 0 0 0
227 449081 K 2 0 0 60 0 0 0 32 448866 0 0 21 0 23 47 0 11 1 0 0 18
228 459092 G 19 0 1 83 0 458834 0 0 0 0 0 0 0 0 85 0 0 31 0 0 39
229 468428 K 0 0 0 71 0 0 0 6 468220 0 1 48 0 8 61 0 5 0 0 0 8
230 492447 F 0 5 1 0 492187 0 0 41 0 122 0 0 1 0 0 77 1 2 0 10 0
231 468855 Q 1 1 0 21 2 0 16 0 54 14 0 1 7 468533 145 12 2 0 0 0 46
232 448811 T 70 0 0 0 0 0 0 45 48 0 1 3 23 0 15 20 448585 0 0 0 1
233 449274 A 449019 0 55 0 0 17 0 0 0 0 0 0 14 1 0 37 93 38 0 0 0
234 398073 A 397694 0 1 55 0 36 3 0 0 0 0 0 21 0 1 53 163 46 0 0 0
235 392549 Q 0 0 0 13 0 0 39 0 52 15 0 0 7 392293 63 0 15 0 1 0 51
236 387124 R 0 0 0 1 0 155 0 5 121 0 36 0 0 0 386736 44 11 0 15 0 0
237 381347 A 380964 0 1 43 0 88 0 0 0 1 0 1 21 15 1 47 74 89 0 0 2
238 400735 M 3 0 0 0 0 0 0 144 25 32 400397 4 0 0 7 1 52 58 0 0 12
239 351811 M 1 0 2 0 0 0 1 160 35 46 351399 0 0 3 13 0 56 94 1 0 0
240 420394 D 3 0 420064 39 0 80 9 0 0 0 0 115 0 0 0 2 1 36 0 45 0
241 399036 Q 0 0 1 18 0 2 26 2 30 32 0 0 6 398788 85 1 0 0 0 0 45
242 454643 V 76 0 0 43 0 13 0 0 0 38 125 0 0 1 1 0 5 454341 0 0 0
243 451388 R 0 0 0 1 0 99 0 42 107 2 0 0 0 0 451027 49 8 1 0 0 52
244 440066 E 2 1 30 439808 0 89 0 1 67 0 0 1 0 11 4 1 1 22 0 0 28
245 460645 S 0 13 0 0 0 135 0 14 3 0 0 75 0 0 52 460335 14 4 0 0 0
246 446681 R 0 0 0 0 0 11 0 0 0 62 0 0 14 156 446340 3 0 0 95 0 0
247 449793 N 0 0 81 2 0 1 2 22 52 0 0 449519 1 0 1 78 13 0 1 20 0
248 450981 P 16 0 0 0 0 0 1 0 0 46 0 0 450756 81 16 26 39 0 0 0 0
249 453209 G 13 1 0 81 0 452919 0 0 3 2 0 0 0 1 114 0 0 33 1 0 41
250 423175 N 0 1 92 0 1 0 9 18 35 0 23 422912 0 1 4 67 2 0 0 10 0
251 444802 A 444396 1 100 0 0 29 0 0 0 17 0 0 16 1 0 64 105 73 0 0 0
252 419883 E 5 0 36 419584 0 95 0 0 70 2 0 0 0 15 0 0 0 37 0 0 39
253 442940 I 0 0 5 0 39 0 0 442659 0 3 33 23 0 0 1 6 55 116 0 0 0
254 426878 E 2 0 28 426520 1 57 0 0 160 1 0 0 0 29 2 0 1 24 0 0 53
255 434888 D 5 0 434658 33 0 61 12 1 0 0 0 41 0 0 0 1 0 30 0 46 0
256 416623 L 0 0 0 2 38 2 54 46 1 416352 0 0 120 0 5 0 0 3 0 0 0
257 421733 I 0 0 1 0 21 0 5 421516 0 7 9 33 0 0 0 35 55 51 0 0 0
258 389868 F 0 2 0 0 389675 0 0 20 0 102 0 0 0 1 0 50 0 5 0 13 0
259 388754 L 0 1 0 0 0 1 0 0 0 388598 44 0 54 39 5 0 1 11 0 0 0
260 397056 A 396737 0 0 64 0 33 1 0 0 0 0 0 24 0 0 41 64 92 0 0 0
261 353666 R 0 0 0 1 0 17 1 1 0 36 0 0 6 86 353433 0 0 0 85 0 0
262 446229 S 5 12 0 0 44 1 0 1 0 0 0 0 80 0 0 445999 38 0 0 49 0
263 440172 A 439695 0 1 66 0 35 1 0 0 1 0 0 36 0 1 68 170 98 0 0 0
264 395632 L 1 1 0 0 71 2 29 55 0 395371 0 0 84 2 3 1 3 9 0 0 0
265 419606 I 0 1 0 1 1 1 5 419286 22 44 78 1 1 0 2 5 71 83 0 2 2
266 434418 L 0 0 0 10 45 1 0 3 0 434221 26 0 0 1 1 59 0 7 6 3 35
267 407328 R 2 0 0 3 0 113 0 29 113 0 0 1 1 1 406997 28 12 0 0 0 28
268 443822 G 4 1 0 86 0 443512 0 0 1 0 0 0 0 0 93 0 0 74 51 0 0
269 460933 S 5 0 0 0 0 4 0 2 1 52 0 0 84 4 2 460662 38 4 0 0 75
270 469025 V 45 2 22 0 32 0 0 67 1 15 0 1 0 0 1 3 0 468836 0 0 0
271 451666 A 451375 0 50 0 0 22 0 0 0 1 0 0 27 2 0 40 89 60 0 0 0
272 451158 H 0 0 11 1 0 0 450819 1 0 53 0 57 4 82 66 7 0 0 0 57 0
273 453381 K 0 0 0 40 0 1 0 20 453168 1 0 60 0 16 52 1 1 0 0 0 21
274 431972 S 1 15 0 0 37 1 0 2 0 23 0 0 37 0 0 431784 19 1 0 50 2
275 394109 C 0 393866 0 0 20 1 0 0 0 3 0 0 1 0 60 17 2 7 9 50 73
276 314408 L 2 2 1 0 0 0 0 0 1 314276 57 0 19 37 4 0 0 9 0 0 0
277 259934 P 22 1 0 0 0 0 60 0 0 63 1 0 259556 0 18 143 68 1 0 0 1
278 237546 A 237264 0 52 0 0 8 0 0 0 0 0 0 28 0 0 59 96 39 0 0 0
279 210748 C 0 210421 0 1 33 18 0 0 0 0 1 0 2 1 164 8 0 3 10 46 40
280 195650 V 29 1 0 17 0 5 0 0 0 30 33 0 0 0 0 0 0 195535 0 0 0
281 132160 Y 0 29 1 0 5 0 32 0 0 1 0 5 0 0 0 2 1 0 6 132056 22
282 111611 G 5 0 3 50 0 111487 0 0 1 0 0 0 0 1 41 1 0 7 0 0 15
283 143856 P 13 0 0 0 0 2 21 1 0 27 0 0 143726 2 8 20 36 0 0 0 0
284 299282 A 298977 0 41 0 0 13 1 1 0 0 0 0 14 0 0 33 117 85 0 0 0
285 302442 V 51 0 0 17 0 4 0 91 0 47 0 0 2 0 5 1 0 302223 0 0 1
286 350069 A 349872 0 43 1 0 7 0 0 0 1 0 0 6 0 0 35 67 36 0 1 0
287 438101 S 0 51 0 0 0 59 0 25 0 1 0 142 3 11 113 437676 20 0 0 0 0
288 478477 G 22 40 41 0 0 478253 0 0 0 0 0 0 0 0 13 65 0 43 0 0 0
289 479835 Y 1 66 3 0 17 0 133 0 0 0 0 16 0 0 0 5 0 0 0 479533 61
290 520239 D 7 0 519875 55 0 74 14 0 0 1 0 151 1 0 0 0 0 33 0 28 0
291 516812 F 0 3 0 0 516503 0 0 11 0 180 0 0 0 0 0 85 0 6 0 23 1
292 522798 E 3 0 10 522455 0 104 1 0 141 0 0 0 0 7 19 7 1 12 0 1 37
293 517287 K 0 0 0 58 0 1 0 18 517094 0 0 26 0 6 76 0 1 0 0 0 7
294 508518 E 6 0 74 508067 0 135 0 0 122 0 0 0 0 15 14 0 0 45 0 0 40
295 487407 G 13 0 2 96 0 487074 0 2 1 1 0 0 0 0 101 1 0 64 0 1 51
296 424301 Y 0 77 5 0 35 0 46 3 0 1 0 28 5 0 2 6 0 0 0 424021 72
297 389179 S 1 10 0 0 20 0 1 0 4 8 0 0 65 0 0 388992 37 1 0 40 0
298 379706 L 0 1 0 0 30 0 0 8 0 379580 0 0 0 0 0 46 0 1 0 0 40
299 426764 V 42 0 1 38 0 8 0 0 0 46 82 0 0 0 0 8 4 426522 12 0 1
300 317965 G 13 0 0 89 2 317727 0 0 0 0 0 0 0 0 60 0 1 36 0 0 37
301 536297 I 0 0 0 5 0 0 1 535885 47 39 156 13 1 1 3 1 59 76 1 0 9
302 532570 D 7 0 532093 89 1 69 18 1 1 0 0 156 1 1 11 1 5 35 0 81 0
303 528072 P 22 0 0 1 0 0 59 0 0 56 0 0 527831 0 16 41 45 0 0 1 0
304 614431 F 0 4 0 0 613944 1 0 35 0 260 0 0 0 1 0 127 0 10 0 47 2
305 613018 K 0 0 0 104 0 0 0 28 612682 2 0 63 0 27 75 3 7 0 0 0 27
306 610314 L 0 0 0 0 1 2 0 0 0 610099 46 0 114 28 4 0 0 20 0 0 0
307 628206 L 15 0 0 0 40 2 15 55 0 627961 0 0 93 0 8 0 0 17 0 0 0
308 632216 Q 0 0 0 18 0 0 25 0 55 28 0 1 14 631906 101 22 0 1 0 0 45
309 627011 N 1 0 57 0 0 0 14 14 100 0 0 626630 0 0 0 88 91 0 0 16 0
310 612384 S 3 26 0 0 0 79 0 52 0 1 0 113 0 3 101 611979 27 0 0 0 0
311 659258 Q 1 1 1 36 2 0 40 0 60 37 1 0 19 658896 86 0 0 0 1 0 77
312 718507 V 91 0 1 49 0 6 0 141 2 90 0 0 1 0 0 1 0 718120 0 4 1
313 663542 Y 0 80 2 0 58 2 87 3 0 1 0 38 0 2 0 8 0 0 0 663159 102
314 656812 S 5 23 0 0 0 165 2 78 1 4 1 118 0 1 116 656249 46 2 0 0 1
315 640215 L 3 0 0 1 0 4 0 65 0 639893 0 0 193 34 7 2 0 9 0 0 4
316 694598 I 0 2 0 0 41 0 0 694292 0 20 35 50 0 0 1 7 73 77 0 0 0
317 620178 R 1 0 3 0 0 195 0 54 87 1 1 1 0 0 619764 28 22 0 0 0 21
318 609471 P 44 0 0 0 0 0 0 0 0 99 0 0 609123 79 14 58 52 1 0 0 1
319 620829 N 0 0 52 1 0 0 0 20 83 0 0 620523 0 0 2 110 12 0 0 26 0
320 641634 E 2 0 73 641228 0 106 0 0 94 0 0 0 0 16 5 0 1 51 0 0 58
321 665060 N 0 0 74 1 0 1 2 30 53 1 0 664800 0 0 2 64 4 0 0 28 0
322 675132 P 10 2 0 0 0 1 0 1 0 90 0 0 674824 76 27 51 50 0 0 0 0
323 684917 A 684458 0 4 75 1 38 1 0 0 1 0 0 25 0 2 91 100 121 0 0 0
324 730059 H 0 2 37 0 1 0 729524 0 0 102 0 73 19 113 90 0 10 0 0 88 0
325 731580 K 0 1 0 191 0 0 0 0 731028 0 48 71 0 17 174 0 19 0 0 0 31
326 595909 S 0 54 0 1 0 84 0 28 0 3 0 102 0 0 56 595559 20 2 0 0 0
327 584517 Q 1 1 0 37 0 0 72 0 84 24 2 0 5 584048 160 1 0 1 0 0 81
328 476458 L 3 0 0 0 0 0 0 1 0 476252 73 0 66 21 10 3 0 28 1 0 0
329 532348 V 52 2 1 35 2 8 1 0 0 39 62 0 1 1 1 0 0 532115 28 0 0
330 515503 W 0 78 21 0 0 17 0 0 1 64 1 0 0 0 104 28 0 3 514957 0 229
331 484596 M 1 0 1 0 1 0 0 161 38 62 484172 0 0 0 8 0 58 92 2 0 0
332 508877 A 508496 0 1 80 0 33 2 1 0 0 1 0 33 0 0 58 85 86 0 0 1
333 554694 C 0 554149 0 1 63 11 1 0 0 2 3 0 2 0 144 59 1 1 53 140 64
334 575028 N 0 0 88 0 1 0 7 27 30 0 0 574773 0 2 1 57 11 0 0 31 0
335 527146 S 5 15 0 0 30 1 0 1 0 3 0 0 56 0 0 526940 33 0 0 62 0
336 504773 A 504405 1 67 0 0 26 0 0 0 1 0 1 31 0 0 71 110 60 0 0 0
337 489971 A 489629 1 0 71 0 18 0 0 0 1 0 0 26 0 0 66 95 63 0 0 1
338 507965 F 0 5 0 0 507729 1 0 39 0 81 0 0 1 2 0 65 0 16 0 23 3
339 499780 E 7 0 53 499446 0 108 0 1 41 1 0 0 0 20 1 0 2 36 0 0 64
340 463228 D 2 0 462950 32 0 56 12 1 1 1 0 113 1 0 1 0 0 28 0 30 0
341 500817 L 0 0 0 0 0 0 1 65 1 500595 1 0 106 25 4 3 1 15 0 0 0
342 488807 R 0 0 0 4 0 55 2 36 103 0 0 0 0 5 488521 43 11 0 0 0 27
343 442175 V 69 0 0 28 1 4 0 77 0 53 0 0 1 0 0 0 0 441941 0 1 0
344 434724 L 0 0 0 0 40 1 1 26 0 434569 0 0 0 0 0 41 0 1 0 0 45
345 386341 S 0 11 0 0 0 44 0 33 0 0 0 43 0 0 63 386133 14 0 0 0 0
346 346607 F 0 3 0 0 346392 0 0 8 1 94 0 0 0 0 0 72 0 3 0 34 0
347 421519 I 0 0 0 0 26 0 3 421323 1 6 16 26 0 0 1 5 49 62 0 0 1
348 394951 R 0 0 0 1 0 88 0 46 63 0 1 0 0 0 394678 22 15 0 0 0 37
349 373690 G 11 0 0 47 0 373499 0 0 0 0 0 0 1 0 50 0 0 34 48 0 0
350 471661 T 86 0 18 0 1 1 0 43 1 0 0 53 14 0 0 66 471378 0 0 0 0
351 482953 K 0 0 0 72 0 0 0 32 482665 1 0 44 0 32 66 0 11 0 0 0 30
352 510139 V 63 0 0 43 0 7 0 62 0 47 0 0 0 0 1 15 0 509894 0 7 0
353 520056 S 6 11 0 0 52 0 0 31 0 0 0 0 504 0 0 519350 39 0 0 62 1
354 488559 P 12 1 0 0 0 0 0 0 2 55 0 0 488236 100 22 61 70 0 0 0 0
355 472022 R 0 0 0 0 0 125 0 0 133 16 53 0 0 0 471594 64 7 1 29 0 0
356 412321 G 8 0 0 33 0 412154 0 0 0 0 0 0 0 0 43 0 0 47 36 0 0
357 411940 K 0 0 0 94 0 0 0 19 411646 0 0 91 0 1 70 0 4 0 0 0 15
358 420426 L 0 0 0 0 41 0 8 33 0 420222 0 1 90 0 4 0 18 9 0 0 0
359 404794 S 3 14 0 0 58 0 1 1 1 0 0 0 129 1 0 404489 37 0 0 60 0
360 491683 T 83 2 0 0 0 0 2 43 0 1 0 61 3 0 0 61 491424 0 0 0 3
361 474624 R 0 0 1 0 0 53 0 36 116 5 0 0 0 1 474343 16 12 3 0 0 38
362 456088 G 16 0 0 41 1 455851 0 0 0 0 0 0 1 2 53 1 0 72 0 0 50
363 543337 V 117 1 0 50 14 10 0 124 0 138 0 0 0 0 0 2 2 542876 0 2 1
364 544898 Q 0 0 0 24 0 1 52 1 79 45 0 2 9 544523 76 0 16 0 0 1 69
365 565661 I 0 0 0 0 37 0 0 565366 0 52 14 57 0 0 1 5 81 46 0 0 2
366 491416 A 491162 1 42 1 1 25 1 0 0 1 0 0 23 0 0 46 78 35 0 0 0
367 486080 S 3 0 1 0 3 1 0 0 0 38 0 0 45 3 0 485858 50 0 0 0 78
368 496104 N 1 0 61 0 0 0 11 24 25 1 2 495904 0 0 0 48 8 0 0 19 0
369 490604 E 3 0 15 490328 0 66 0 0 79 0 0 0 0 16 1 2 1 26 0 0 67
370 503083 N 0 0 77 0 0 0 9 25 69 0 0 502744 0 0 0 61 93 0 0 5 0
371 505895 M 1 1 0 2 0 0 0 271 29 33 505439 0 0 0 16 0 52 51 0 0 0
372 521666 D 5 0 521202 93 0 132 25 0 0 1 0 112 0 0 0 1 3 28 0 64 0
373 513211 A 512819 1 69 0 1 30 0 1 0 1 0 0 49 0 0 68 127 45 0 0 0
374 568185 M 0 1 0 0 0 2 0 343 46 58 567562 0 1 0 5 0 78 79 0 3 7
375 539525 E 8 0 71 539116 0 105 0 1 96 0 1 3 0 24 0 1 0 49 0 1 49
376 409157 S 3 0 0 2 0 1 0 2 0 31 0 0 60 4 0 408971 17 2 2 0 62
377 414932 S 0 39 0 1 0 66 1 32 1 1 0 78 0 0 52 414636 22 2 1 0 0
378 377191 T 68 0 0 2 0 0 0 42 0 2 0 33 4 0 0 48 376991 1 0 0 0
379 386970 L 0 0 0 1 22 1 23 47 0 386786 1 1 66 1 4 8 0 9 0 0 0
380 391803 E 2 0 26 391584 0 49 0 0 62 0 0 0 1 16 0 1 0 32 0 1 29
381 394936 L 0 0 0 0 0 0 0 1 0 394788 35 0 82 13 4 1 0 12 0 0 0
382 414286 R 0 0 0 0 0 80 0 28 65 1 0 0 0 1 414047 34 4 0 0 0 26
383 478634 S 1 12 2 1 0 75 0 36 1 0 0 101 0 1 110 478275 18 1 0 0 0
384 508195 R 1 0 0 0 1 182 0 0 83 1 52 1 0 1 507758 50 9 1 50 4 1
385 608390 Y 0 87 9 0 40 3 104 0 0 0 0 77 7 0 0 9 2 17 0 607949 86
386 585117 W 1 101 0 3 0 10 0 1 0 94 1 2 0 1 158 19 3 0 584509 0 214
387 530960 A 530546 0 60 1 0 44 0 0 0 0 0 2 37 1 0 56 116 97 0 0 0
388 578206 I 0 4 0 1 0 0 2 577762 27 70 153 0 6 0 13 2 79 81 1 0 5
389 539147 R 1 0 0 4 1 97 0 36 112 2 0 0 1 1 538827 28 10 0 0 0 27
390 554424 T 62 0 4 0 0 1 0 36 0 0 0 124 5 1 1 62 554127 1 0 0 0
391 564814 R 0 0 1 5 0 129 0 30 83 0 0 0 1 0 564475 39 22 1 1 0 27
392 539881 S 3 28 0 0 0 71 1 25 0 1 0 83 1 0 49 539610 8 1 0 0 0
393 553120 G 14 2 0 49 0 552794 0 0 2 1 0 0 1 0 118 8 0 60 1 0 70
394 522135 G 21 1 0 60 0 521612 0 0 0 226 0 0 0 0 98 1 0 58 0 0 58
395 524130 N 1 0 92 0 0 1 6 26 97 3 0 523783 0 1 0 53 47 1 0 19 0
396 525264 T 84 0 0 0 0 1 7 54 1 2 0 56 8 3 4 69 524974 0 1 0 0
397 603550 N 0 1 83 1 0 2 5 45 73 1 0 603209 3 0 0 76 15 0 0 32 4
398 604645 Q 1 0 0 23 0 1 58 4 101 35 0 13 9 604219 113 7 1 0 0 1 59
399 540469 Q 1 1 0 23 0 1 66 1 78 40 0 1 21 540028 136 0 10 1 0 2 59
400 476623 R 1 1 0 9 0 169 0 0 96 4 74 1 0 1 476156 51 15 0 45 0 0
401 447461 A 447148 0 46 5 0 32 0 0 0 1 0 1 58 0 8 37 68 57 0 0 0
402 453068 S 11 14 0 5 45 0 0 0 0 2 0 3 88 0 1 452781 33 0 0 85 0
403 452441 A 451944 0 0 50 0 25 0 0 1 3 1 0 33 5 0 65 137 175 0 0 2
404 468676 G 14 59 53 7 0 468406 0 0 0 2 0 0 2 1 6 88 1 36 0 0 1
405 468731 Q 0 3 0 22 0 0 28 0 49 31 0 1 7 468390 118 11 1 0 0 0 70
406 485369 I 0 0 0 0 40 0 3 484985 0 149 13 26 0 0 0 19 75 59 0 0 0
407 437854 S 0 37 0 0 1 140 0 26 1 7 0 86 0 0 63 437483 8 2 0 0 0
408 440375 V 116 2 0 40 1 12 0 1 0 49 149 0 0 0 3 0 0 440002 0 0 0
409 435189 Q 6 0 1 36 0 1 43 1 52 32 0 9 5 434760 64 0 5 1 0 0 173
410 394249 P 15 1 0 0 1 1 69 0 1 36 0 0 393961 2 5 53 103 0 0 1 0
411 430557 A 430036 15 1 62 1 14 7 1 0 1 0 0 25 0 1 47 236 109 0 0 1
412 445671 F 0 7 0 0 445414 2 1 68 0 105 1 0 5 0 0 47 2 14 0 5 0
413 398163 S 4 16 0 1 42 0 0 0 0 5 7 1 53 4 0 397979 16 0 0 33 2
414 420671 V 78 4 0 40 1 8 0 2 1 62 122 0 2 4 0 0 1 420343 0 3 0
415 437068 Q 29 0 0 40 1 3 27 0 82 30 0 4 9 436693 78 1 2 1 0 0 68
416 443813 R 3 0 0 24 0 122 0 46 85 4 0 1 0 2 443459 30 22 2 0 0 13
417 409973 N 0 2 71 0 0 0 8 11 68 2 1 409629 0 3 1 64 91 1 0 21 0
418 436914 L 0 14 1 1 52 0 27 55 0 436633 0 0 99 3 4 8 0 16 1 0 0
419 474628 P 13 0 0 3 0 1 10 6 0 76 0 0 474310 70 14 51 70 0 0 0 4
420 450866 F 0 7 0 0 450575 1 3 50 0 115 0 2 0 2 1 71 1 16 0 20 2
421 464085 D 10 1 463552 71 0 113 15 1 2 1 1 185 0 0 2 2 11 46 0 56 16
422 447121 K 2 0 1 71 0 2 1 23 446748 2 2 137 0 41 60 0 6 1 1 0 23
423 453491 P 19 0 1 0 3 0 0 1 1 43 0 0 453237 47 19 49 67 0 3 0 1
424 475324 T 87 0 1 1 1 0 0 66 1 1 0 56 18 0 0 42 475044 1 0 5 0
425 487904 I 1 1 0 1 27 0 1 487633 0 11 18 48 1 0 1 12 89 60 0 0 0
426 469203 M 0 1 0 0 0 0 1 201 50 48 468703 1 0 1 16 0 93 84 4 0 0
427 428469 A 428035 2 2 52 1 36 0 2 1 2 1 0 24 4 1 69 131 105 0 0 1
428 424368 A 423965 0 2 48 0 25 2 23 1 3 0 0 21 3 0 58 144 70 0 0 3
429 422877 F 0 1 0 0 422609 2 0 40 0 132 0 0 0 0 0 51 0 8 0 34 0
430 394403 T 68 1 0 1 0 0 1 34 0 1 0 31 7 0 1 49 394209 0 0 0 0
431 428856 G 16 2 7 103 0 428412 0 1 1 3 0 0 44 13 129 0 8 44 71 1 1
432 443793 N 2 1 90 2 70 7 23 43 35 26 1 443359 1 2 1 67 14 3 1 45 0
433 477747 T 112 1 2 1 1 1 1 128 60 1 0 0 4 7 32 53 477330 0 0 5 8
434 496368 E 6 0 81 495837 0 172 3 1 124 3 5 0 0 28 8 4 0 32 0 1 63
435 536298 G 19 1 11 170 0 535830 4 4 3 3 0 1 6 0 124 0 1 66 0 0 55
436 545275 R 1 0 7 9 0 99 3 32 94 3 1 3 5 0 544933 33 14 0 1 0 37
437 549381 T 81 0 1 4 0 0 0 62 54 2 5 4 8 0 22 43 549069 0 1 0 25
438 574889 S 14 1 2 1 1 3 1 3 0 65 0 1 110 3 3 574534 46 1 0 0 100
439 562338 D 9 0 561955 86 0 78 18 3 0 10 1 77 0 2 0 0 2 45 0 45 7
440 541445 M 0 2 0 2 0 0 3 146 20 48 541077 0 0 2 15 0 58 70 0 1 1
441 521251 R 0 0 0 2 0 92 0 1 59 1 71 1 0 0 520896 81 13 1 33 0 0
442 523041 A 522555 0 0 81 0 62 0 0 0 0 0 19 29 3 0 71 135 86 0 0 0
443 531291 E 6 1 42 531002 0 71 0 12 65 0 0 3 1 14 1 0 0 24 0 0 49
444 529866 I 0 0 0 42 30 0 0 529581 7 23 7 40 0 4 0 8 59 62 1 2 0
445 593489 I 5 0 0 1 0 0 0 592940 38 130 144 0 0 12 8 0 72 116 0 6 17
446 533994 R 11 0 0 1 0 147 0 1 122 0 80 1 0 0 533515 65 16 1 34 0 0
447 504436 M 0 1 5 2 0 2 1 198 35 171 503823 0 1 5 11 0 75 104 1 1 0
448 502767 M 1 0 5 3 0 1 1 216 52 65 502209 0 0 1 13 0 63 133 2 2 0
449 448094 E 2 0 53 447736 0 134 0 0 73 0 0 0 1 15 5 1 1 21 0 0 52
450 456001 G 8 46 70 0 1 455718 0 0 0 3 0 0 0 0 11 96 0 48 0 0 0
451 505453 A 504628 55 6 130 0 32 0 1 0 0 0 2 31 7 0 59 268 230 0 0 4
452 496675 K 3 0 0 69 0 0 0 11 496319 1 0 173 0 18 58 0 10 0 0 0 13
453 461869 P 6 0 0 0 0 2 0 0 3 39 0 1 461658 67 12 41 38 1 0 0 1
454 470716 E 2 0 33 470433 1 73 0 0 107 0 0 0 0 15 1 1 0 9 0 0 41
455 470599 E 4 0 29 470370 0 78 0 0 41 0 0 0 0 13 4 0 1 27 0 0 32
456 473001 M 0 2 0 0 1 1 0 112 46 19 472689 4 1 0 15 1 52 57 0 1 0
457 448981 S 9 15 1 0 50 1 0 0 0 2 0 0 77 0 0 448748 43 6 0 29 0
458 455789 F 0 3 1 0 455465 1 0 21 0 163 0 0 0 1 0 97 1 4 0 32 0
459 430737 Q 0 0 0 48 2 2 68 2 97 42 1 0 45 429997 366 1 1 2 0 0 63
460 372337 G 17 2 1 54 1 372065 2 0 0 2 0 1 1 5 141 0 1 32 12 0 0
461 344395 R 85 0 1 1 0 93 1 3 0 74 0 0 30 149 343873 1 0 0 84 0 0
462 300419 G 17 0 1 140 0 300094 0 0 0 1 0 0 0 1 74 1 0 30 0 0 60
463 272936 V 25 1 17 1 20 4 0 67 0 11 0 0 1 0 1 2 1 272785 0 0 0
464 284016 F 1 1 1 0 283820 1 0 11 0 95 0 0 0 2 0 59 0 9 0 16 0
465 326327 E 2 0 36 326075 0 73 0 0 77 0 0 0 0 13 1 2 1 10 0 1 36
466 267998 L 0 0 0 0 28 0 12 29 0 267865 0 0 48 0 2 2 0 11 0 1 0
467 283667 S 1 1 0 0 0 5 0 0 0 69 1 0 27 2 0 283497 7 0 9 0 48
468 312792 D 4 1 312542 47 3 73 8 0 0 0 0 55 0 0 2 2 13 17 0 25 0
469 378477 E 5 0 29 378104 1 57 1 0 162 0 2 0 0 13 37 0 0 25 0 0 41
470 417261 R 0 0 0 0 0 93 0 2 82 0 62 0 0 1 416960 27 12 0 22 0 0
471 413672 A 413246 0 0 44 0 54 0 2 0 2 0 0 19 2 2 49 71 181 0 0 0
472 431887 A 431265 0 0 59 0 25 0 1 0 0 1 0 16 2 4 49 293 172 0 0 0
473 487900 N 2 0 60 5 0 0 4 30 65 1 0 487644 0 0 0 62 5 0 0 22 0
474 489633 P 13 0 2 0 0 1 0 0 0 86 0 0 489359 74 17 32 47 1 0 1 0
475 469150 I 0 0 0 0 22 0 0 468934 0 2 16 34 0 1 1 4 59 77 0 0 0
476 435641 V 53 0 0 32 0 6 0 0 0 60 149 0 0 0 3 0 0 435338 0 0 0
477 431296 P 27 1 0 0 0 0 43 0 0 31 0 0 431072 0 15 60 47 0 0 0 0
478 422846 S 1 11 0 0 35 1 0 2 0 17 0 0 74 0 0 422642 24 0 0 39 0
479 505060 F 0 7 0 0 504787 0 0 15 3 147 0 0 1 0 0 76 0 5 0 18 1
480 515937 D 9 0 515474 64 0 76 19 0 0 1 1 169 0 0 0 1 35 46 0 39 3
481 468603 M 0 0 0 0 0 0 0 165 25 43 468202 0 0 0 8 1 69 89 0 0 1
482 596682 S 0 46 0 7 0 131 0 56 1 0 0 135 0 0 69 596217 17 3 0 0 0
483 682989 N 1 0 68 0 1 0 4 43 73 0 7 682703 0 0 0 63 6 0 0 17 3
484 611848 E 4 0 40 611497 1 73 0 0 96 0 0 0 0 23 0 0 0 44 0 0 70
485 551121 G 16 1 0 50 0 550751 0 0 0 0 0 0 0 0 183 0 0 53 0 1 66
486 562238 S 3 10 0 0 31 0 0 5 0 0 0 2 69 0 0 562033 33 0 0 52 0
487 562532 Y 0 63 0 0 20 0 84 5 2 8 0 9 0 0 0 0 0 0 0 562309 32
488 551057 F 0 1 0 0 550830 0 0 28 0 117 0 0 0 0 0 49 0 1 0 31 0
489 530535 F 0 0 0 0 530290 0 0 17 0 148 0 0 0 0 0 52 0 2 0 26 0
490 529784 G 18 0 0 41 0 529490 0 0 0 0 0 0 0 0 108 0 0 44 0 0 83
491 540542 D 11 0 540120 71 1 149 24 0 0 1 1 54 0 0 1 0 0 74 0 35 0
492 551219 N 0 1 94 0 0 0 8 25 61 2 6 550932 1 1 3 63 3 0 0 19 0
493 666335 A 665198 0 0 96 1 60 1 4 0 7 3 0 40 8 1 92 626 194 0 0 4
494 550742 E 5 0 78 550368 0 118 0 0 92 1 0 0 0 19 2 1 0 22 0 0 36
495 525893 E 18 0 55 525481 0 123 1 0 98 2 0 1 5 15 1 1 0 27 0 0 65
496 503850 Y 0 147 9 0 53 1 67 0 0 0 0 36 1 0 0 20 2 1 0 503416 97
497 469828 D 3 0 469114 257 0 119 27 2 1 1 0 177 0 0 0 1 0 74 0 51 1
498 368502 N 1 2 40 0 0 1 5 278 46 5 0 368044 4 4 0 37 2 1 1 16 15
