# amino-acid counts among definitively called codons
# POSITION TOTAL_COUNTS WT N_A N_C N_D N_E N_F N_G N_H N_I N_K N_L N_M N_N N_P N_Q N_R N_S N_T N_V N_W N_Y N_STOP
1 464226 M 0 0 0 0 0 0 1 110 36 34 463861 0 0 1 4 0 57 122 0 0 0
2 445256 A 445021 0 0 33 0 31 0 0 0 0 0 0 10 1 0 33 22 105 0 0 0
3 466538 S 0 16 0 0 38 0 0 0 0 2 0 0 80 0 0 466339 27 7 0 29 0
4 467812 Q 0 0 0 7 7 0 37 0 56 35 0 2 7 467510 100 2 0 0 2 0 47
5 424391 G 12 31 50 0 0 424222 0 0 0 0 0 0 2 0 10 32 0 31 0 1 0
6 376562 T 58 0 0 0 0 0 1 28 0 0 0 10 7 0 0 35 376423 0 0 0 0
7 371818 K 0 0 1 44 0 5 0 21 371610 0 0 43 0 4 67 0 2 0 0 0 21
8 323957 R 0 0 0 0 0 3 0 0 0 23 0 0 3 55 323798 0 0 0 75 0 0
9 329969 S 7 9 0 0 20 0 0 0 0 6 0 5 36 0 0 329850 13 7 0 16 0
10 350137 Y 0 143 4 0 10 0 73 1 1 3 6 3 0 0 0 1 0 0 1 349852 39
11 315928 E 1 0 20 315730 0 67 0 0 40 0 0 4 0 15 0 0 1 17 0 0 33
12 297162 Q 0 0 0 6 0 0 27 0 18 21 0 0 2 296921 118 0 0 0 0 0 49
13 360982 M 0 0 9 0 0 0 0 91 26 29 360719 0 0 0 2 0 39 67 0 0 0
14 354327 E 1 0 15 354158 0 69 0 0 39 0 0 0 1 8 1 0 0 10 0 0 25
15 337929 T 64 0 0 0 0 0 0 23 0 2 0 15 13 0 0 23 337789 0 0 0 0
16 378184 D 1 0 377978 31 0 65 8 0 0 0 2 37 0 0 1 0 0 23 1 30 7
17 375076 G 10 0 0 31 0 374892 0 0 0 0 0 0 0 0 39 0 0 43 61 0 0
18 371695 E 5 0 15 371494 0 80 0 0 58 0 0 1 0 7 0 0 1 16 0 0 18
19 372741 R 1 58 0 0 0 10 117 0 0 30 0 0 20 0 372490 13 1 1 0 0 0
20 380202 Q 0 0 0 10 0 0 59 0 25 17 0 0 5 379862 173 0 0 0 0 0 51
21 358874 N 0 0 38 0 0 7 2 16 18 2 0 358679 6 0 0 85 1 0 0 19 1
22 370453 A 370197 3 1 24 0 18 0 2 0 2 0 0 14 1 0 31 50 109 0 0 1
23 384143 T 109 0 0 0 0 0 1 20 0 2 0 11 1 0 2 34 383963 0 0 0 0
24 367555 E 4 1 32 367337 0 76 0 0 39 1 0 0 0 7 2 0 0 17 0 0 39
25 315957 I 0 0 0 0 24 0 0 315837 0 0 8 17 0 1 0 3 28 39 0 0 0
26 350125 R 0 0 0 1 0 190 0 28 23 1 1 0 0 1 349808 27 10 0 0 0 35
27 339072 A 338883 0 0 30 0 10 0 1 0 0 0 0 14 0 0 26 28 80 0 0 0
28 367890 S 2 7 0 0 18 0 0 1 0 0 0 0 52 0 0 367754 27 2 0 27 0
29 352441 V 41 0 26 0 15 2 0 72 0 5 0 0 0 0 2 0 0 352278 0 0 0
30 368930 G 10 0 0 44 0 368696 0 0 0 0 0 0 0 0 99 0 0 39 42 0 0
31 363763 K 0 0 0 46 0 2 0 0 363510 0 37 29 0 0 113 0 3 0 0 0 23
32 356308 M 0 0 0 0 0 0 0 55 16 18 356150 0 0 0 2 0 36 31 0 0 0
33 363242 I 0 0 1 0 27 0 0 363082 0 2 4 25 0 0 0 0 49 52 0 0 0
34 361950 D 3 0 361763 28 0 55 5 0 0 0 1 37 0 0 0 0 2 30 0 26 0
35 329623 G 14 0 0 26 0 329461 0 0 0 0 0 0 0 0 53 0 0 42 0 0 27
36 343106 I 0 0 0 0 11 0 0 342948 0 5 4 15 1 1 0 2 38 81 0 0 0
37 316040 G 5 0 5 15 0 315909 0 1 0 0 0 1 0 0 53 0 0 22 1 0 28
38 291476 R 0 0 1 0 0 6 1 0 0 19 0 0 9 54 291324 0 0 0 0 0 62
39 312325 F 0 1 0 0 312193 0 0 12 0 72 0 0 0 0 0 30 1 1 0 15 0
40 300714 Y 0 98 5 0 39 0 92 0 0 0 0 18 0 1 0 4 2 0 0 300429 26
41 264056 I 0 0 0 0 12 0 2 263948 0 1 7 24 0 0 1 2 32 27 0 0 0
42 259032 Q 0 0 0 7 1 0 10 0 33 11 0 0 6 258903 43 1 0 0 0 0 17
43 251737 M 0 1 0 0 0 0 0 51 6 13 251593 1 0 0 2 0 29 41 0 0 0
44 291582 C 0 291410 0 0 19 2 0 0 0 0 0 0 0 0 35 27 0 1 20 44 24
45 281633 T 43 0 0 0 0 0 0 15 0 0 0 14 1 0 1 41 281518 0 0 0 0
46 310208 E 0 0 18 310081 0 27 0 0 34 1 0 1 0 11 0 0 0 8 0 0 27
47 362046 L 0 0 0 0 34 0 10 9 0 361923 0 2 55 0 4 0 7 2 0 0 0
48 365638 K 0 0 0 85 0 17 0 9 365387 1 0 26 0 1 76 0 2 0 0 0 34
49 362786 L 0 0 0 0 28 0 7 9 0 362685 0 0 48 1 1 2 1 4 0 0 0
50 361415 S 0 19 0 0 0 177 0 5 1 3 0 23 0 0 55 361124 8 0 0 0 0
51 395652 D 3 0 395478 30 0 48 9 1 0 0 0 33 0 0 0 0 0 16 0 28 6
52 424440 Y 4 219 1 0 24 0 56 0 0 1 5 4 0 1 1 2 0 0 0 424083 39
53 409626 E 6 0 83 409268 0 150 0 0 40 0 0 0 0 7 1 0 0 28 1 0 42
54 370167 G 8 1 0 39 0 370033 0 0 1 0 0 0 0 0 31 0 0 20 34 0 0
55 343291 R 0 0 0 0 0 18 1 0 0 26 0 0 5 60 343078 0 0 0 0 0 103
56 339509 L 0 0 0 0 0 0 0 0 0 339395 8 0 71 21 6 0 0 7 0 0 1
57 359419 I 0 0 0 0 25 0 0 359280 0 0 8 23 0 0 0 1 51 31 0 0 0
58 346560 Q 0 0 0 16 1 0 24 0 24 19 0 0 7 346357 71 0 0 0 0 1 40
59 330323 N 0 0 38 2 0 1 2 27 27 0 1 330103 0 0 0 97 0 0 0 25 0
60 258802 S 0 2 0 0 0 47 0 18 0 1 1 18 0 1 31 258678 5 0 0 0 0
61 259807 L 0 0 0 0 28 0 0 11 0 259699 0 0 9 0 0 38 0 4 0 0 18
62 238072 T 65 0 0 0 0 0 0 23 14 0 0 2 1 1 5 19 237942 0 0 0 0
63 253078 I 0 0 0 2 0 0 0 252728 20 27 169 0 1 0 1 0 28 102 0 0 0
64 262240 E 2 0 13 262121 0 36 0 0 20 0 0 0 0 1 0 0 0 13 0 0 34
65 255635 R 0 0 0 2 0 61 0 16 21 0 0 0 0 0 255498 16 4 0 0 0 17
66 263715 M 0 0 0 3 0 0 0 49 17 8 263521 0 0 0 4 0 33 80 0 0 0
67 252810 V 37 1 0 25 0 3 0 1 0 16 31 0 0 0 0 0 0 252695 1 0 0
68 274250 L 0 3 0 0 19 0 11 28 0 274138 0 1 40 0 5 0 0 5 0 0 0
69 286094 S 1 12 0 0 20 0 0 0 0 1 0 0 38 0 0 285999 9 0 0 14 0
70 308377 A 308230 4 23 0 0 4 0 0 0 9 0 0 13 0 0 31 45 18 0 0 0
71 297707 F 1 2 0 0 297532 0 0 14 0 91 0 0 1 0 0 31 0 3 0 12 20
72 298417 D 3 0 298256 18 0 62 3 0 0 0 1 36 0 0 1 0 8 14 0 14 1
73 272721 E 0 1 7 272582 0 36 0 0 49 0 0 0 0 15 1 0 1 11 0 0 18
74 279775 R 0 0 0 0 0 123 0 16 21 0 0 0 0 0 279574 18 8 0 0 0 15
75 287492 R 0 0 0 0 0 84 0 0 23 0 27 0 0 1 287291 40 9 0 17 0 0
76 305297 N 0 0 32 9 0 1 1 22 21 0 0 305132 0 0 0 62 2 0 0 15 0
77 306949 K 0 0 0 156 0 23 1 19 306634 0 1 29 1 0 57 0 4 0 0 0 24
78 247559 Y 0 106 2 1 11 0 28 3 0 0 0 10 0 0 0 1 0 0 0 247376 21
79 242222 L 0 0 0 0 0 0 0 0 0 242126 19 0 50 17 4 0 0 6 0 0 0
80 223044 E 1 0 9 222939 0 47 1 0 21 1 0 0 0 3 0 1 0 7 0 0 14
81 210149 E 1 0 17 210052 0 21 1 0 17 1 0 2 0 4 2 0 0 18 0 0 13
82 247469 H 0 0 5 0 5 0 247376 0 0 10 0 7 1 12 22 0 5 0 0 26 0
83 339342 P 11 0 0 0 0 0 21 3 0 23 0 0 339201 3 20 41 19 0 0 0 0
84 341836 S 1 7 0 0 0 80 0 23 0 0 0 22 3 1 51 341642 6 0 0 0 0
85 360444 A 360243 0 0 15 0 9 0 1 0 1 0 0 13 3 16 45 48 50 0 0 0
86 392250 G 21 0 0 49 0 392040 0 0 0 0 0 0 2 0 34 1 0 57 45 0 1
87 408425 K 1 0 1 133 0 4 0 0 408002 0 32 94 0 3 126 0 7 0 0 0 22
88 417629 D 3 0 417444 37 0 51 9 10 0 0 0 22 0 0 0 0 0 22 0 30 1
89 385824 P 5 0 1 0 0 0 41 1 1 28 0 0 385682 0 14 22 29 0 0 0 0
90 386144 K 1 0 0 65 0 65 0 0 385727 3 11 20 0 1 238 0 5 0 0 0 8
91 359271 K 0 0 0 38 0 2 0 12 359085 1 0 7 1 1 106 0 3 0 0 0 15
92 323081 T 126 0 0 0 0 0 0 12 0 0 0 11 10 0 0 19 322903 0 0 0 0
93 320227 G 3 0 0 28 0 320083 0 0 0 0 0 0 0 0 52 0 1 26 1 0 33
94 297462 G 3 0 1 23 0 297341 0 0 0 0 0 0 0 0 37 0 0 19 0 0 38
95 308706 P 8 0 1 0 0 0 18 1 0 25 0 0 308590 1 9 34 19 0 0 0 0
96 333624 I 0 0 0 0 0 0 1 333437 22 27 39 0 5 0 2 0 49 34 0 8 0
97 349147 Y 0 60 2 0 43 0 43 3 0 1 0 17 0 9 0 5 0 0 0 348944 20
98 299473 K 0 0 0 73 0 2 0 0 299172 0 21 18 0 4 155 0 10 0 0 0 18
99 221974 R 0 0 0 0 0 42 0 22 14 1 0 0 0 0 221865 18 4 0 0 0 8
100 219410 V 35 0 0 21 0 0 0 22 0 21 0 0 0 1 1 0 0 219308 0 0 1
101 260321 D 4 0 260213 19 0 27 4 0 0 0 0 16 1 0 1 0 0 23 0 12 1
102 269338 R 0 0 0 0 0 168 0 16 25 2 0 0 0 0 269091 13 12 0 0 0 11
103 280307 K 0 0 0 81 0 46 0 0 280068 0 6 17 0 0 74 2 1 1 0 0 11
104 287417 W 0 18 0 0 0 3 0 1 1 18 0 0 0 0 62 8 0 4 287259 0 43
105 294716 M 0 0 2 0 0 0 0 57 17 23 294530 0 0 1 4 0 35 45 2 0 0
106 310647 R 0 0 0 3 0 124 0 0 29 0 38 0 0 1 310373 43 7 0 29 0 0
107 308358 E 1 0 17 308103 0 37 0 0 147 0 0 1 0 14 0 0 0 10 0 0 28
108 308066 L 0 0 0 0 12 0 17 17 0 307970 0 0 39 0 2 0 0 8 0 0 1
109 297673 V 46 0 15 0 11 1 0 54 0 12 0 0 0 0 0 4 1 297529 0 0 0
110 326431 L 0 0 0 1 20 0 9 19 0 326327 0 0 46 1 0 1 0 7 0 0 0
111 315315 Y 0 93 0 0 28 0 49 0 0 2 13 3 0 1 0 1 0 0 0 315093 32
112 275910 D 5 0 275723 33 1 51 6 0 0 0 1 37 0 0 0 1 0 27 0 24 1
113 255808 K 0 0 0 28 0 13 0 14 255649 1 0 7 0 7 72 0 6 0 0 0 11
114 296546 E 0 0 9 296436 0 40 0 1 20 0 0 0 0 8 7 0 0 7 0 0 18
115 338491 E 1 0 14 338330 0 41 0 0 59 0 0 3 0 5 8 0 0 16 0 0 14
116 366488 I 0 0 0 1 1 0 0 366043 15 15 238 15 1 0 0 0 59 82 0 16 2
117 355138 R 0 0 0 0 0 265 0 0 25 1 32 0 0 0 354776 19 3 0 16 0 1
118 349614 R 2 0 0 0 0 15 0 0 0 30 0 0 10 51 349445 0 0 0 0 0 61
119 379119 I 0 0 0 0 6 0 0 378975 0 1 5 28 0 0 0 3 32 69 0 0 0
120 354041 W 0 29 0 0 0 8 0 0 0 26 0 0 0 0 64 3 0 0 353854 0 57
121 366298 R 0 94 0 0 0 24 94 0 0 24 0 0 18 0 366010 34 0 0 0 0 0
122 345629 Q 0 0 0 8 0 0 21 0 19 14 0 0 4 345452 58 0 0 1 0 0 52
123 397128 A 396941 0 20 0 0 6 0 0 0 0 0 0 13 0 1 30 57 60 0 0 0
124 434146 N 0 0 57 0 0 1 9 36 46 1 0 433893 1 12 0 75 2 0 0 13 0
125 423367 N 0 0 199 0 0 63 1 24 22 0 5 422931 0 0 1 85 4 0 3 23 6
126 338664 G 3 37 28 0 0 338545 0 0 0 1 0 1 0 1 4 26 0 14 2 0 2
127 336490 D 0 1 336318 40 0 41 6 0 0 0 1 28 0 0 0 0 0 31 0 24 0
128 328491 D 3 1 328302 33 0 56 5 0 0 0 0 37 0 0 0 1 0 33 0 20 0
129 335828 A 335617 0 0 28 0 17 0 0 0 2 0 0 14 1 0 21 72 55 0 0 1
130 292383 T 79 0 0 0 0 1 0 20 19 0 0 0 1 0 7 25 292231 0 0 0 0
131 264976 A 264910 0 11 0 0 4 0 0 0 0 0 0 4 0 0 13 15 19 0 0 0
132 333215 G 5 14 21 0 0 333096 0 0 0 0 0 0 0 0 8 41 0 30 0 0 0
133 349889 L 0 0 1 0 0 1 0 2 0 349754 26 0 88 7 7 0 0 3 0 0 0
134 416445 T 62 0 2 0 0 0 0 36 0 0 0 9 7 1 0 48 416279 0 0 0 1
135 430442 H 0 0 6 0 0 0 430191 0 0 45 0 42 7 18 84 1 0 1 0 47 0
136 451725 M 0 0 0 0 0 0 1 74 36 25 451399 0 0 2 5 0 90 92 0 0 1
137 461759 M 0 0 0 0 0 0 1 75 40 33 461440 0 0 0 3 0 80 87 0 0 0
138 418184 I 0 0 0 0 33 0 1 418024 0 1 11 23 0 0 0 0 38 52 1 0 0
139 396715 W 0 63 0 0 0 6 0 0 0 31 0 0 0 0 125 11 0 0 396388 0 91
140 382582 H 0 0 21 0 0 0 382342 1 0 26 0 28 4 8 67 0 0 0 0 85 0
141 379837 S 1 11 0 0 27 0 0 0 0 0 0 0 49 0 0 379697 13 0 0 39 0
142 374838 N 0 1 46 0 0 5 4 28 23 0 0 374650 0 1 0 69 1 0 0 10 0
143 367344 L 0 0 0 0 43 0 0 0 0 367218 8 0 2 0 1 56 0 0 3 0 13
144 344568 N 0 0 80 0 0 4 2 10 29 0 0 344347 0 1 0 68 3 0 0 24 0
145 328469 D 1 0 328333 20 0 40 3 2 0 0 1 28 0 0 0 0 0 26 0 14 1
146 321118 T 165 0 0 1 0 0 1 41 8 0 0 2 2 0 3 23 320870 0 0 1 1
147 428378 T 132 0 0 0 0 0 2 43 19 0 0 5 4 3 9 29 428131 0 0 1 0
148 394427 Y 0 115 1 0 31 0 55 8 0 1 0 11 1 0 0 2 1 0 0 394178 23
149 399993 Q 0 0 0 11 0 0 55 0 26 37 0 0 8 399675 131 0 1 0 0 0 49
150 388134 R 0 0 2 0 0 72 0 0 43 1 18 0 0 0 387946 30 8 0 14 0 0
151 430791 T 56 0 0 0 0 0 0 47 15 0 0 0 3 0 3 55 430612 0 0 0 0
152 456322 R 0 0 0 0 0 360 0 29 39 0 0 0 0 0 455831 22 5 0 0 0 36
153 503477 A 503317 0 28 0 0 13 0 0 0 0 0 0 9 0 0 38 46 26 0 0 0
154 534448 L 0 1 0 0 37 0 34 21 0 534237 0 0 98 0 4 4 0 12 0 0 0
155 541452 V 64 2 53 0 18 4 0 46 0 7 0 0 0 0 0 1 0 541257 0 0 0
156 554296 R 0 92 0 1 2 19 178 0 0 71 0 0 27 0 553856 49 0 0 0 1 0
157 557265 T 104 0 0 0 0 0 2 71 1 2 0 16 5 0 1 46 557016 0 1 0 0
158 566707 G 25 26 137 0 0 566311 1 0 1 0 0 0 1 0 17 148 0 40 0 0 0
159 591161 M 0 0 0 0 0 0 1 180 26 45 590730 0 0 2 7 0 60 110 0 0 0
160 679669 D 4 0 679298 51 0 99 8 3 0 0 0 59 0 0 0 0 0 27 0 120 0
161 593487 P 16 0 0 0 0 0 54 2 0 48 0 0 593260 1 5 75 26 0 0 0 0
162 557062 R 0 0 1 0 0 289 0 0 42 0 58 0 1 3 556593 44 14 0 17 0 0
163 506956 M 0 0 3 1 0 2 1 100 25 24 506653 0 0 0 3 1 57 85 0 0 1
164 497927 C 0 497610 1 0 31 3 0 0 0 1 0 0 0 1 82 59 0 3 14 105 17
165 477428 S 8 14 0 0 45 0 0 0 0 1 0 0 76 1 0 477225 28 0 0 30 0
166 465872 L 0 0 2 0 0 0 0 0 0 465665 33 0 115 41 5 2 0 9 0 0 0
167 456842 M 0 1 2 0 0 0 0 158 21 31 456517 0 0 0 4 0 48 60 0 0 0
168 432095 Q 1 0 0 20 0 0 51 0 28 20 0 0 7 431705 170 1 0 0 0 0 92
169 398082 G 5 21 35 0 0 397969 0 0 0 0 0 0 0 0 3 27 0 22 0 0 0
170 425830 S 0 0 0 0 1 0 0 0 0 81 0 0 48 0 1 425637 30 1 10 0 21
171 418583 T 66 0 3 0 0 0 0 29 0 2 0 20 6 0 2 42 418413 0 0 0 0
172 446990 L 0 0 0 0 24 0 41 25 0 446802 0 0 89 0 1 2 0 5 0 0 1
173 576541 P 14 0 1 0 0 1 54 0 0 62 0 0 576307 1 15 45 40 0 0 0 1
174 577349 R 0 0 2 0 0 461 0 1 39 3 36 0 2 0 576693 61 12 0 33 0 6
175 463865 R 0 0 0 1 0 115 0 0 38 0 22 0 0 0 463633 29 5 0 21 0 1
176 500116 S 2 11 0 0 26 1 0 0 0 0 0 0 72 0 0 499958 20 1 0 25 0
177 524333 G 14 0 0 36 0 524132 0 0 0 0 0 0 0 0 63 1 0 36 0 0 51
178 507976 A 507807 1 28 0 0 9 0 0 0 0 0 0 10 1 0 32 45 43 0 0 0
179 527424 A 527004 0 0 44 0 20 0 0 0 0 0 1 16 1 0 40 215 83 0 0 0
180 543822 G 9 49 34 0 0 543659 0 0 0 0 0 1 0 0 7 35 1 27 0 0 0
181 540753 A 540509 0 33 0 0 8 0 0 0 1 0 0 11 0 0 41 121 29 0 0 0
182 552615 A 552088 0 0 60 0 17 0 1 0 0 0 0 13 2 1 40 218 175 0 0 0
183 586020 V 84 1 40 0 18 1 0 35 0 7 0 0 0 1 0 6 0 585827 0 0 0
184 594574 K 0 0 1 118 0 67 0 32 593984 0 0 85 0 22 224 1 2 0 0 0 38
185 507942 G 11 0 0 43 0 507791 0 0 0 0 0 0 0 0 38 0 0 27 0 0 32
186 497281 V 77 0 38 2 19 2 0 32 0 16 0 0 0 0 0 4 0 497091 0 0 0
187 489611 G 21 0 1 47 0 489395 0 0 0 1 0 0 1 0 73 0 0 25 47 0 0
188 381335 T 82 0 1 2 0 1 0 52 10 1 0 0 1 10 11 34 381130 0 0 0 0
189 291774 M 0 0 0 0 0 0 0 48 12 13 291594 2 0 0 1 0 26 74 4 0 0
190 283247 V 55 0 0 27 0 2 0 0 0 14 24 0 0 0 0 0 0 283125 0 0 0
191 268850 M 0 1 0 0 0 0 0 39 19 20 268704 0 0 0 3 0 27 37 0 0 0
192 238499 E 2 0 13 238370 0 51 0 0 10 0 0 1 0 3 0 2 0 27 0 0 20
193 304157 L 1 0 0 0 31 0 0 0 0 304027 17 0 0 0 0 62 0 5 2 0 12
194 362340 I 0 0 7 1 0 0 0 361980 16 32 196 0 0 1 0 0 63 41 0 0 3
195 343578 R 0 0 0 0 0 273 0 0 23 1 39 0 0 0 343174 39 7 0 22 0 0
196 357570 M 0 0 0 0 0 0 0 74 23 20 357361 0 0 0 4 0 47 41 0 0 0
197 378549 I 0 0 2 0 26 0 0 378352 0 2 10 41 1 0 0 5 44 66 0 0 0
198 359949 K 0 0 0 66 0 9 0 4 359776 0 0 31 0 5 53 0 1 0 0 0 4
199 337662 R 0 50 0 0 0 6 48 0 0 20 0 0 9 0 337511 10 4 4 0 0 0
200 333403 G 7 0 0 27 0 333246 0 0 0 0 0 0 0 0 40 0 0 40 43 0 0
201 330818 I 0 0 0 0 31 0 0 330656 0 1 8 14 0 0 0 1 51 56 0 0 0
202 337866 N 0 0 87 0 0 9 2 9 27 0 1 337663 0 1 0 45 1 0 0 21 0
203 312401 D 2 0 312269 24 0 29 4 0 0 0 0 35 0 0 0 0 0 23 0 15 0
204 326476 R 0 0 1 0 0 9 0 0 0 35 0 0 9 48 326320 0 0 0 53 0 1
205 339311 N 0 0 42 3 0 0 0 10 12 1 0 339175 0 0 0 57 1 0 0 10 0
206 402405 F 0 0 0 0 402204 0 0 21 0 118 0 0 2 0 0 37 1 3 0 19 0
207 414156 W 1 30 0 3 0 9 0 1 0 42 0 0 0 0 123 13 0 0 413843 0 91
208 306254 R 0 0 0 4 0 79 0 29 13 0 2 0 0 0 306053 44 10 1 0 0 19
209 327290 G 7 27 34 2 0 327170 0 0 0 0 0 0 0 0 4 29 0 16 0 0 1
210 347252 E 3 0 13 347039 0 46 0 0 58 0 0 0 0 13 0 0 0 28 0 0 52
211 339283 N 0 0 60 0 1 11 4 28 15 0 16 339094 0 0 0 45 2 0 0 7 0
212 321720 G 6 0 3 28 0 321567 0 0 0 3 0 0 0 0 53 0 0 26 0 0 34
213 314731 R 0 0 0 2 0 12 0 0 0 20 0 0 4 59 314572 1 1 0 0 0 60
214 305613 K 0 0 0 52 0 6 0 5 305486 0 0 6 0 0 54 0 1 0 0 0 3
215 302840 T 50 0 0 0 0 0 0 23 12 0 0 4 13 14 7 17 302700 0 0 0 0
216 282184 R 0 1 0 0 0 134 0 0 18 0 24 0 0 0 281956 32 5 0 14 0 0
217 262964 S 0 20 0 0 0 31 0 6 0 0 0 13 0 1 31 262859 3 0 0 0 0
218 273435 A 273354 2 23 0 0 4 0 0 0 0 0 0 8 0 0 13 18 13 0 0 0
219 273161 Y 0 100 2 0 10 0 57 0 0 1 0 4 0 0 1 0 7 0 0 272945 34
220 281435 E 2 0 18 281280 0 38 0 0 43 0 0 0 0 5 1 0 1 20 0 0 27
221 252133 R 0 0 0 2 0 53 0 14 30 1 0 1 0 0 252003 13 2 0 0 0 14
222 216578 M 0 0 0 0 0 0 0 51 11 9 216434 0 0 0 3 0 25 45 0 0 0
223 277053 C 1 276841 0 0 26 6 0 0 0 3 0 0 0 1 69 35 1 2 9 43 16
224 289781 N 0 0 39 0 0 2 6 26 10 0 0 289620 0 0 0 65 1 0 0 12 0
225 304910 I 0 0 0 0 17 1 0 304799 0 1 0 9 0 0 0 0 48 35 0 0 0
226 316600 L 0 0 0 0 26 0 27 12 0 316460 0 0 60 0 2 4 0 9 0 0 0
227 328454 K 0 0 0 55 0 7 0 15 328265 0 0 24 1 8 70 1 3 0 0 0 5
228 334406 G 11 0 0 35 0 334295 0 0 0 0 0 0 0 0 24 0 0 21 0 0 20
229 344808 K 0 0 0 48 0 4 0 9 344629 0 0 32 0 0 77 0 0 0 0 0 9
230 355410 F 0 0 0 0 355249 0 0 32 0 70 0 0 4 0 0 44 0 0 0 11 0
231 336904 Q 0 0 0 13 0 0 4 0 25 11 0 0 2 336693 125 4 0 0 0 0 27
232 321723 T 62 0 0 0 0 0 0 21 18 0 0 0 12 1 9 8 321592 0 0 0 0
233 307873 A 307747 0 20 0 0 5 0 0 0 0 0 0 7 0 0 35 27 32 0 0 0
234 260367 A 260198 0 0 18 0 4 0 0 0 0 0 0 5 0 0 14 101 27 0 0 0
235 254991 Q 1 0 0 6 0 0 12 0 22 6 0 0 3 254856 44 0 12 0 0 0 29
236 251161 R 0 0 0 0 0 126 0 0 20 0 26 0 0 0 250957 21 2 0 9 0 0
237 251517 A 251363 0 0 11 0 17 0 0 0 1 0 1 14 5 0 28 20 57 0 0 0
238 261907 M 0 0 2 0 0 0 0 53 22 14 261724 3 0 0 6 0 29 49 1 0 4
239 231102 M 0 0 0 1 0 0 0 74 18 17 230915 0 0 1 3 0 33 39 1 0 0
240 278523 D 2 0 278393 20 0 35 7 0 0 0 0 23 0 0 0 0 0 21 0 22 0
241 266506 Q 0 0 0 6 0 1 12 0 16 15 0 0 3 266359 70 1 0 0 0 0 23
242 311270 V 52 0 0 23 0 6 0 0 0 10 21 0 0 0 0 0 1 311156 1 0 0
243 312328 R 0 0 0 0 0 76 0 16 20 0 0 0 0 0 312160 27 5 0 0 0 24
244 305509 E 1 0 15 305376 0 53 0 0 26 0 0 0 0 3 0 0 1 13 0 0 21
245 330870 S 0 9 1 0 1 158 0 9 0 1 0 29 0 0 33 330622 7 0 0 0 0
246 323140 R 0 0 0 0 0 7 0 0 0 24 0 0 6 56 322992 1 0 0 54 0 0
247 327817 N 0 1 35 1 0 3 2 20 23 0 0 327635 0 0 0 84 8 0 0 5 0
248 363252 P 5 0 0 0 0 0 0 0 0 37 0 0 363128 35 8 18 21 0 0 0 0
249 379269 G 6 1 0 27 0 379124 0 0 0 0 0 0 1 1 50 0 1 31 0 0 27
250 364636 N 0 3 55 1 0 5 1 15 22 0 7 364457 0 1 0 51 1 0 0 17 0
251 389474 A 389244 0 66 0 0 11 0 0 0 3 1 1 10 0 0 41 48 49 0 0 0
252 383652 E 3 0 25 383426 0 100 0 0 42 0 0 0 0 7 0 1 0 35 0 0 13
253 395398 I 0 0 4 0 23 1 0 395237 0 1 5 17 0 0 0 1 50 59 0 0 0
254 380661 E 0 0 23 380405 0 57 0 0 88 1 0 0 0 18 2 0 0 26 0 0 41
255 384068 D 1 0 383907 22 0 64 3 0 0 0 0 22 0 0 0 0 0 21 0 28 0
256 365835 L 0 0 0 0 20 0 30 18 0 365692 0 0 68 0 1 0 0 6 0 0 0
257 367347 I 0 0 0 0 14 0 0 367162 0 3 7 23 0 0 0 6 46 86 0 0 0
258 329371 F 0 3 0 0 329197 0 0 18 0 82 0 0 7 0 0 56 0 1 1 6 0
259 319787 L 0 0 0 0 0 1 0 0 0 319667 16 0 57 30 1 3 0 9 3 0 0
260 325201 A 324973 0 0 27 0 19 2 0 0 0 0 0 10 0 0 33 61 76 0 0 0
261 271450 R 0 0 0 0 0 6 0 0 0 24 0 0 2 41 271321 0 0 0 56 0 0
262 335971 S 3 11 0 0 39 0 0 0 0 0 0 0 37 0 0 335848 19 0 0 14 0
263 323696 A 323477 0 0 26 0 15 2 0 0 0 0 0 11 0 0 27 78 60 0 0 0
264 262899 L 0 0 0 0 19 0 14 11 0 262799 0 0 45 0 1 1 4 5 0 0 0
265 278442 I 0 0 0 0 0 0 4 278234 13 21 75 1 0 1 2 6 44 38 0 3 0
266 304181 L 0 0 0 4 27 0 0 3 0 304058 19 0 0 0 1 42 0 4 4 1 18
267 335200 R 0 0 0 0 0 85 0 28 27 0 0 0 0 0 334994 18 13 0 0 0 35
268 379036 G 9 0 0 19 0 378866 0 0 0 0 0 0 0 0 67 1 1 29 44 0 0
269 394987 S 4 0 0 0 0 0 0 0 0 54 0 0 51 0 0 394809 35 3 0 0 31
270 398981 V 48 0 30 0 18 2 0 28 0 7 0 0 0 0 0 3 0 398845 0 0 0
271 388345 A 388175 0 20 0 0 9 1 0 0 2 0 0 13 0 0 23 55 47 0 0 0
272 388420 H 0 0 9 0 0 0 388206 0 0 34 0 35 1 32 59 1 0 0 0 43 0
273 387534 K 0 0 0 49 0 30 0 19 387260 0 0 17 0 4 140 0 2 0 0 0 13
274 371759 S 1 3 0 0 23 0 0 0 0 2 0 0 40 0 0 371664 15 0 0 11 0
275 343824 C 0 343658 0 0 15 5 0 0 0 1 0 0 0 0 41 15 0 2 5 36 46
276 294038 L 0 1 0 0 0 1 1 0 0 293979 21 0 7 22 2 1 0 3 0 0 0
277 212849 P 9 0 0 0 0 0 27 0 0 33 0 0 212669 0 12 73 26 0 0 0 0
278 181443 A 181268 0 23 0 0 6 0 0 0 0 0 0 16 0 1 30 75 24 0 0 0
279 158361 C 0 158176 0 0 13 9 0 0 0 2 0 0 1 0 112 3 0 0 1 24 20
280 141618 V 18 0 0 13 0 4 0 0 0 9 11 0 0 0 0 0 0 141563 0 0 0
281 88326 Y 0 64 1 0 3 0 20 0 0 0 1 9 0 1 0 0 0 1 3 88215 8
282 46407 G 2 0 1 10 0 46373 0 0 0 0 0 0 0 0 14 0 1 3 1 0 2
283 107010 P 3 0 0 0 0 0 17 0 0 12 0 0 106937 0 6 26 9 0 0 0 0
284 240461 A 240220 1 16 0 0 6 0 0 0 1 0 0 24 0 0 35 93 65 0 0 0
285 244870 V 51 0 0 23 0 1 0 47 0 16 0 0 0 0 2 1 0 244728 1 0 0
286 282486 A 282382 0 13 0 0 5 0 0 0 0 0 0 8 0 0 32 22 24 0 0 0
287 367539 S 0 21 0 0 0 60 0 14 0 0 0 24 0 3 38 367367 11 0 0 1 0
288 403175 G 10 27 25 0 0 403021 0 0 0 0 0 1 0 0 9 50 0 32 0 0 0
289 408268 Y 0 160 3 0 24 0 118 0 0 0 0 11 0 0 0 1 0 0 0 407923 28
290 448593 D 3 0 448428 23 0 42 1 0 0 0 0 65 0 0 0 0 0 14 0 17 0
291 452258 F 0 2 0 0 452040 0 0 14 0 125 0 0 2 0 0 62 0 3 0 10 0
292 455800 E 2 0 4 455594 1 69 0 0 68 0 0 0 0 7 6 2 0 24 0 0 23
293 452650 K 0 0 0 89 0 43 0 16 452403 0 0 24 0 0 64 0 3 0 0 0 8
294 441602 E 4 0 45 441342 0 94 0 0 28 0 0 0 0 22 5 0 0 22 0 0 40
295 416513 G 14 0 4 58 0 416312 0 3 7 0 0 0 0 0 41 0 0 41 0 0 33
296 352681 Y 0 90 0 0 20 0 61 0 0 1 0 32 0 0 0 3 1 0 0 352446 27
297 303878 S 2 5 0 0 12 0 0 0 0 4 0 0 55 0 0 303760 23 0 0 17 0
298 285339 L 0 2 0 0 20 1 0 8 0 285252 0 0 2 0 1 30 0 1 0 0 22
299 313564 V 50 0 0 27 0 6 0 0 1 18 15 0 0 1 0 5 1 313428 11 0 1
300 215349 G 9 0 0 39 0 215214 0 1 0 4 0 0 0 0 30 0 0 22 0 0 30
301 368379 I 0 0 0 0 3 0 0 368028 22 26 146 5 0 0 1 0 62 74 0 0 12
302 366196 D 2 0 366021 29 1 45 11 0 0 0 0 28 0 0 3 1 11 20 0 24 0
303 355095 P 4 0 0 1 0 0 49 0 0 22 0 0 354973 0 6 17 23 0 0 0 0
304 400874 F 0 3 0 0 400660 0 0 27 0 102 0 0 4 0 0 60 0 1 0 17 0
305 400769 K 0 0 0 66 0 12 0 19 400543 0 0 38 0 15 68 0 1 0 0 0 7
306 401209 L 0 1 0 0 0 0 0 0 0 401104 11 0 71 12 4 0 2 4 0 0 0
307 412624 L 3 0 0 0 25 0 11 16 0 412473 0 0 88 0 3 0 0 5 0 0 0
308 416867 Q 0 0 0 10 0 4 11 0 27 21 0 0 3 416665 84 5 0 0 0 0 37
309 414259 N 0 0 81 0 0 28 5 13 23 0 0 414004 0 0 1 75 15 0 0 14 0
310 406026 S 1 17 0 0 0 51 0 40 0 0 0 52 1 0 51 405795 18 0 0 0 0
311 430022 Q 0 0 0 15 0 0 13 0 37 22 0 0 2 429818 66 0 0 0 1 0 48
312 461493 V 68 0 0 25 0 1 0 44 1 23 0 0 0 0 1 0 0 461329 0 1 0
313 432152 Y 0 176 0 0 48 0 60 4 0 0 0 23 0 1 0 2 1 0 0 431779 58
314 429359 S 0 12 0 0 0 117 0 45 0 2 0 33 0 2 43 429087 18 0 0 0 0
315 421464 L 0 0 0 0 0 0 0 24 2 421243 0 0 167 20 1 0 0 4 1 0 2
316 494864 I 1 0 0 0 29 0 0 494546 0 7 5 28 0 0 0 4 56 188 0 0 0
317 460364 R 0 1 1 0 0 190 0 25 34 0 1 0 0 0 460065 25 12 0 0 0 10
318 456231 P 10 0 0 0 0 0 0 0 0 70 0 0 456050 41 8 34 17 1 0 0 0
319 469105 N 0 0 33 1 0 5 0 25 35 0 0 468781 0 0 2 203 3 0 0 17 0
320 492098 E 2 0 46 491820 0 88 1 0 56 0 0 0 0 10 3 0 0 41 0 0 31
321 518385 N 0 0 48 1 0 8 0 24 29 1 0 518157 0 0 0 108 1 0 0 8 0
322 527128 P 8 0 0 1 0 0 0 1 0 61 0 0 526907 44 25 43 37 1 0 0 0
323 532470 A 532214 2 1 38 0 6 1 0 0 0 0 0 21 1 0 44 71 71 0 0 0
324 563049 H 0 0 13 0 0 0 562750 0 0 68 0 37 5 26 90 2 1 0 0 57 0
325 565604 K 1 1 0 129 0 34 0 0 565080 0 27 23 0 8 272 0 8 0 0 0 21
326 485135 S 0 24 0 0 0 74 1 13 0 0 0 37 0 0 36 484940 7 3 0 0 0
327 477818 Q 0 0 0 8 0 0 38 0 21 15 0 0 6 477468 206 3 0 0 0 0 53
328 387131 L 1 0 0 1 0 0 1 0 0 387035 22 0 42 13 4 1 0 11 0 0 0
329 426222 V 57 4 0 26 0 4 0 0 0 14 18 0 0 0 0 0 0 426098 1 0 0
330 389352 W 0 38 0 0 0 5 0 0 0 37 0 0 0 0 62 15 0 4 389123 0 68
331 363989 M 0 0 0 0 0 0 0 85 30 31 363751 0 0 0 3 0 39 50 0 0 0
332 377989 A 377751 0 0 30 0 11 0 0 0 0 0 0 16 0 0 42 77 62 0 0 0
333 408143 C 1 407870 0 0 33 4 0 0 0 1 1 0 0 0 83 36 0 0 13 70 31
334 420798 N 0 0 66 0 0 11 4 18 16 0 0 420536 0 0 0 120 2 0 0 25 0
335 384194 S 1 14 0 0 14 0 0 1 0 5 0 0 46 0 0 384041 26 0 0 46 0
336 367386 A 367173 0 30 0 0 10 0 0 0 2 0 0 9 0 0 49 76 37 0 0 0
337 351739 A 351579 0 0 29 0 6 1 0 0 0 0 0 9 0 0 29 50 36 0 0 0
338 364477 F 0 2 0 0 364356 0 0 14 0 59 0 0 1 0 0 31 0 0 0 14 0
339 355039 E 2 0 31 354837 0 69 0 0 32 0 0 0 0 8 0 0 0 34 0 0 26
340 324532 D 2 0 324416 15 0 29 5 1 0 0 0 26 0 0 0 0 0 22 0 16 0
341 337547 L 0 0 0 0 0 0 0 23 1 337420 0 0 73 21 2 3 0 4 0 0 0
342 325084 R 1 0 0 6 0 148 0 20 27 0 0 0 0 1 324839 27 1 0 0 0 14
343 288207 V 38 0 0 21 0 0 0 19 0 14 0 0 0 0 1 1 0 288111 0 2 0
344 280056 L 0 0 0 1 26 0 0 20 1 279941 0 0 3 0 0 42 0 1 0 0 21
345 238340 S 0 4 0 0 0 65 0 24 1 0 0 11 0 0 16 238214 5 0 0 0 0
346 217480 F 0 3 0 0 217348 0 0 0 0 85 0 0 1 0 0 25 0 1 0 17 0
347 278550 I 0 0 0 0 19 0 1 278436 0 3 4 19 0 0 0 2 27 38 0 1 0
348 265082 R 0 0 0 1 0 73 0 30 22 0 0 0 0 2 264912 19 7 0 0 0 16
349 254949 G 6 0 0 24 0 254842 0 0 0 0 0 0 0 0 37 0 0 12 28 0 0
350 328956 T 52 0 13 0 0 1 0 32 0 0 0 14 5 0 0 32 328807 0 0 0 0
351 336916 K 0 0 0 48 0 7 0 18 336706 0 0 13 0 17 91 1 1 0 0 0 14
352 355498 V 44 0 0 28 0 1 0 26 0 18 0 0 0 0 0 7 0 355367 0 7 0
353 358507 S 3 13 0 0 18 0 0 13 0 0 0 0 66 0 0 358351 17 0 0 26 0
354 337727 P 2 0 0 0 0 0 0 0 0 21 0 0 337592 55 4 26 27 0 0 0 0
355 329904 R 0 0 0 0 0 178 0 0 48 4 55 0 0 0 329568 28 8 0 15 0 0
356 293634 G 11 0 0 32 0 293510 0 0 0 1 0 0 0 0 24 0 0 27 29 0 0
357 293110 K 0 0 0 41 0 0 0 10 292943 0 0 35 0 1 66 0 1 1 0 0 12
358 297074 L 0 0 0 0 12 0 4 10 0 296966 0 0 71 0 3 0 3 5 0 0 0
359 281705 S 3 5 0 0 22 1 2 0 0 0 0 0 41 1 0 281596 15 0 0 19 0
360 330477 T 44 1 0 0 0 0 1 24 0 1 0 11 1 0 0 28 330364 0 0 0 2
361 310731 R 0 0 0 1 0 93 0 23 16 3 0 0 0 0 310553 14 8 0 0 1 19
362 284953 G 8 0 0 23 0 284853 0 0 0 0 0 0 0 2 34 1 0 15 0 0 17
363 331893 V 53 0 1 19 0 1 0 27 0 34 0 0 0 0 1 1 1 331754 0 1 0
364 329207 Q 0 0 0 4 0 1 18 0 23 16 0 0 4 329037 52 0 8 0 1 0 43
365 352943 I 0 0 0 0 22 0 0 352779 1 6 3 18 0 2 0 0 36 76 0 0 0
366 308457 A 308365 0 13 0 0 5 0 0 0 0 0 0 10 0 0 20 22 22 0 0 0
367 303471 S 4 0 0 0 0 0 0 0 0 23 0 0 29 0 0 303357 25 0 0 0 33
368 309058 N 0 0 64 0 0 16 3 11 10 0 2 308875 0 0 0 67 0 0 0 10 0
369 304674 E 3 1 10 304555 0 42 0 0 31 0 0 0 0 4 0 0 0 8 0 0 20
370 314008 N 0 0 46 0 0 9 1 27 13 0 0 313803 0 0 0 61 41 0 0 7 0
371 311718 M 0 0 0 0 0 0 0 84 11 21 311546 0 0 0 2 0 18 36 0 0 0
372 324914 D 0 0 324763 34 0 49 7 0 0 0 1 16 0 0 0 0 1 19 0 24 0
373 324485 A 324351 1 33 0 0 7 0 1 0 1 0 0 8 0 0 26 38 19 0 0 0
374 362234 M 0 1 0 0 0 0 0 80 24 31 361978 0 0 0 4 0 47 62 2 5 0
375 346686 E 2 0 22 346500 0 55 0 0 30 0 0 6 0 9 0 0 0 34 0 1 27
376 266299 S 1 0 0 0 0 0 0 5 0 24 0 0 24 0 0 266213 10 0 0 0 22
377 270475 S 0 20 0 0 0 161 0 9 1 0 0 17 0 0 19 270245 2 1 0 0 0
378 250370 T 93 0 0 0 0 0 0 11 0 0 0 11 2 0 0 22 250231 0 0 0 0
379 253726 L 0 0 0 0 17 0 22 20 0 253603 0 0 54 0 4 1 1 4 0 0 0
380 256443 E 2 0 11 256323 0 33 0 0 37 0 0 1 0 4 0 0 0 18 0 0 14
381 262721 L 0 0 0 0 0 0 0 0 0 262656 7 0 48 5 3 0 0 2 0 0 0
382 276207 R 0 0 0 0 0 62 0 13 27 0 0 0 1 0 276078 8 5 0 0 0 13
383 318426 S 0 3 0 0 0 89 0 14 0 1 0 24 0 0 35 318249 11 0 0 0 0
384 343631 R 0 0 0 0 0 147 0 0 24 1 27 0 0 0 343385 21 4 0 22 0 0
385 405806 Y 0 173 5 0 33 3 82 0 0 9 0 36 0 0 0 2 1 8 2 405438 14
386 397407 W 1 35 0 0 0 17 0 0 0 51 0 0 0 0 78 11 0 0 397133 0 81
387 363935 A 363713 0 32 0 0 23 0 0 0 0 0 0 20 0 0 29 59 59 0 0 0
388 412866 I 0 1 0 0 0 0 5 412334 20 45 331 0 2 0 3 0 65 56 0 0 4
389 394389 R 0 0 0 2 0 318 0 31 35 0 0 0 0 0 393953 25 5 0 0 0 20
390 404722 T 70 1 0 0 0 0 0 32 0 0 0 27 1 0 0 31 404560 0 0 0 0
391 418574 R 0 0 0 2 0 108 0 16 27 0 0 0 0 1 418376 17 6 0 0 0 21
392 405719 S 0 11 0 0 0 112 0 15 2 0 0 18 0 0 33 405524 4 0 0 0 0
393 415918 G 8 0 0 30 0 415750 0 0 0 0 0 1 0 0 57 0 0 40 3 0 29
394 391097 G 22 0 1 39 0 390909 0 0 0 0 0 0 0 0 64 0 0 31 0 0 31
395 397552 N 0 0 120 0 0 19 1 26 24 0 0 397266 0 0 0 57 24 0 0 15 0
396 399086 T 76 0 0 0 0 0 1 28 1 0 0 24 3 2 0 28 398922 0 0 0 1
397 448729 N 0 1 171 0 0 34 2 15 29 0 0 448349 0 0 0 96 1 1 0 28 2
398 454247 Q 0 1 0 9 0 0 31 3 22 26 0 1 3 454008 97 2 0 0 0 0 44
399 405833 Q 0 0 0 6 0 1 40 0 19 19 0 2 2 405472 206 0 6 0 0 0 60
400 365042 R 0 0 0 6 0 122 0 1 37 1 52 0 0 0 364759 32 7 0 25 0 0
401 340083 A 339909 0 22 0 0 18 0 0 0 1 0 0 15 0 0 35 30 53 0 0 0
402 344301 S 6 4 0 0 20 0 0 0 1 4 0 0 78 0 0 344116 16 0 0 56 0
403 345067 A 344821 0 0 21 0 12 0 0 1 1 0 0 11 0 1 29 52 118 0 0 0
404 356195 G 5 26 45 0 2 356072 0 0 0 0 0 0 0 0 4 27 0 13 0 0 1
405 355431 Q 0 0 0 4 0 0 16 0 22 19 0 0 4 355242 72 4 0 0 0 0 48
406 370046 I 0 0 0 0 23 0 0 369870 1 2 7 18 0 0 0 0 42 83 0 0 0
407 337209 S 0 7 0 0 0 104 0 14 0 3 0 26 0 1 37 337012 5 0 0 0 0
408 339681 V 56 1 0 26 0 1 1 0 0 19 45 0 0 0 0 0 0 339532 0 0 0
409 337121 Q 1 1 0 12 0 0 26 0 24 15 0 1 1 336856 56 0 1 0 0 0 127
410 312546 P 7 0 0 0 0 0 29 0 0 16 0 0 312450 0 4 28 12 0 0 0 0
411 330478 A 330246 3 0 34 0 12 2 0 0 0 0 0 10 0 0 32 100 39 0 0 0
412 342576 F 0 4 0 0 342429 0 0 39 0 55 0 0 1 0 0 39 0 1 0 8 0
413 302389 S 2 7 0 0 43 0 0 0 0 2 0 0 36 0 0 302275 15 0 0 9 0
414 314153 V 55 3 0 30 0 4 0 0 0 31 50 0 0 0 0 0 0 313979 0 0 1
415 322066 Q 13 0 0 7 0 1 12 0 26 21 0 0 4 321880 46 0 1 0 0 0 55
416 324789 R 0 0 0 12 0 153 0 17 24 0 0 1 0 2 324540 18 6 0 0 1 15
417 298666 N 0 0 84 0 0 28 3 13 26 1 0 298439 0 0 0 59 4 0 0 9 0
418 320091 L 0 0 0 0 21 0 19 20 0 319946 0 0 71 1 3 1 0 9 0 0 0
419 346905 P 14 0 0 0 0 0 3 0 0 42 0 0 346749 33 7 26 31 0 0 0 0
420 323024 F 0 1 0 0 322881 0 0 31 0 58 0 0 6 0 0 37 0 1 0 9 0
421 329148 D 0 0 328944 20 0 73 10 0 0 0 0 49 0 0 0 2 1 30 0 16 3
422 316014 K 0 0 0 53 0 28 0 12 315679 0 1 27 0 7 197 0 1 1 0 0 8
423 307352 P 6 0 0 1 0 0 0 0 2 18 0 0 307261 23 6 25 9 1 0 0 0
424 320632 T 57 0 0 0 0 0 0 24 0 0 0 21 4 0 0 17 320509 0 0 0 0
425 327221 I 0 0 0 0 19 0 0 327081 0 1 11 21 0 0 0 2 45 41 0 0 0
426 315327 M 0 0 0 0 0 1 2 55 16 20 315149 0 0 0 3 0 33 48 0 0 0
427 288652 A 288456 0 0 29 0 16 0 0 0 0 0 0 19 0 0 23 43 64 0 0 2
428 284810 A 284697 1 0 18 0 8 0 0 0 0 0 0 6 0 0 16 36 28 0 0 0
429 283596 F 0 0 1 0 283482 0 0 5 0 52 0 0 1 0 0 36 1 0 0 18 0
430 260013 T 63 0 0 0 0 0 1 15 0 1 0 12 3 1 1 21 259895 0 0 0 0
431 276668 G 9 0 0 26 0 276530 0 0 1 0 0 0 0 0 37 0 0 31 34 0 0
432 281421 N 0 0 37 0 0 1 0 22 8 0 0 281222 0 0 0 113 0 0 0 18 0
433 302847 T 345 0 0 0 0 0 0 72 22 0 0 0 1 4 8 27 302368 0 0 0 0
434 322598 E 2 0 32 322328 0 150 0 0 25 0 0 0 1 3 4 1 0 22 0 0 30
435 345044 G 7 1 0 40 0 344881 0 0 1 1 0 0 0 0 35 0 1 43 0 0 34
436 351969 R 0 0 0 4 0 348 0 33 41 0 1 0 1 0 351496 15 9 0 0 0 21
437 361835 T 155 0 0 1 0 0 1 30 19 0 0 0 2 1 7 24 361588 0 0 1 6
438 377418 S 3 0 0 0 0 0 2 1 0 34 0 0 39 0 0 377278 24 0 0 0 37
439 368614 D 2 0 368437 28 0 37 12 0 0 6 0 20 0 2 0 0 0 41 0 29 0
440 356316 M 0 0 0 0 0 0 0 76 16 16 356090 0 1 0 2 0 61 54 0 0 0
441 342098 R 0 0 0 1 0 86 0 0 37 0 45 0 0 0 341870 29 4 0 26 0 0
442 344354 A 344161 0 0 31 0 10 0 0 0 1 0 2 16 0 0 25 54 54 0 0 0
443 348875 E 1 0 15 348736 0 47 0 0 30 0 0 0 0 12 1 0 0 9 0 0 24
444 347141 I 0 0 0 0 11 0 0 346950 1 4 1 12 0 1 0 1 54 106 0 0 0
445 388002 I 0 0 0 0 0 1 0 386974 19 32 238 0 0 0 1 0 70 644 0 13 10
446 351137 R 2 0 6 0 0 419 0 1 26 0 38 0 0 0 350586 31 4 0 23 0 1
447 341995 M 0 0 2 0 0 1 0 66 17 16 341821 0 0 0 6 0 34 28 0 0 4
448 337118 M 0 0 4 1 0 0 0 68 24 38 336888 0 0 0 2 0 37 55 1 0 0
449 308378 E 4 0 25 308207 0 76 0 0 24 0 0 1 0 6 0 0 0 16 0 0 19
450 336489 G 9 26 32 0 0 336351 0 0 0 0 0 0 0 0 8 49 0 14 0 0 0
451 375486 A 375055 19 0 26 0 17 0 0 0 0 0 0 11 2 1 38 178 138 0 0 1
452 369951 K 1 0 0 82 0 24 0 11 369614 0 0 50 0 1 161 0 2 0 0 0 5
453 358450 P 1 0 0 0 0 1 0 0 0 42 0 0 358349 26 5 13 13 0 0 0 0
454 366226 E 0 1 16 365965 0 180 0 0 28 0 0 0 0 6 2 0 0 7 0 0 21
455 372802 E 2 0 28 372635 0 81 0 0 21 0 0 0 0 7 2 0 0 12 0 0 14
456 381177 M 0 0 0 0 0 1 0 86 20 17 380223 0 1 0 3 0 32 794 0 0 0
457 369577 S 4 13 2 0 28 0 0 0 0 0 0 0 49 0 0 369413 35 3 0 30 0
458 381282 F 0 2 0 0 381015 0 0 20 0 126 0 0 2 0 1 76 0 3 0 37 0
459 364131 Q 0 0 0 14 0 1 38 0 31 29 0 0 44 363587 348 1 0 0 0 0 38
460 327325 G 14 0 0 40 0 327212 0 0 0 0 0 0 1 3 20 0 1 26 8 0 0
461 310074 R 82 0 0 1 0 37 0 0 0 61 0 0 28 87 309699 0 0 0 79 0 0
462 269295 G 6 0 0 94 0 269092 0 0 0 1 0 0 0 1 50 1 0 14 0 0 36
463 254505 V 26 1 8 0 7 1 0 38 0 3 0 0 0 0 0 2 0 254419 0 0 0
464 268140 F 0 1 0 0 267956 0 0 11 0 104 0 0 2 0 0 40 0 8 0 18 0
465 331076 E 1 0 31 330866 0 64 0 0 65 0 0 0 0 8 0 4 0 8 0 0 29
466 281496 L 2 0 0 0 19 0 3 13 0 281385 0 0 62 0 4 4 0 4 0 0 0
467 300013 S 1 0 0 0 0 0 0 0 0 82 0 0 59 0 1 299816 16 1 10 0 27
468 329196 D 2 0 329049 27 0 50 5 1 0 0 0 25 0 0 0 1 6 11 0 19 0
469 402945 E 1 0 16 402587 0 126 0 2 100 1 1 0 0 17 36 0 3 26 0 0 29
470 431907 R 0 0 0 0 0 923 0 0 41 0 60 0 0 0 430824 33 9 0 17 0 0
471 425860 A 425514 0 0 31 0 26 0 0 0 1 0 0 8 4 0 33 49 194 0 0 0
472 435493 A 435135 0 0 47 1 13 0 1 0 0 0 0 13 1 4 70 47 161 0 0 0
473 467418 N 0 0 66 1 1 15 2 21 19 0 0 466985 0 0 0 273 4 1 0 30 0
474 457439 P 10 0 0 0 0 2 0 0 0 65 0 0 457245 48 15 26 28 0 0 0 0
475 437790 I 0 0 0 0 30 0 1 437493 0 3 5 37 0 0 0 3 49 169 0 0 0
476 394335 V 61 1 1 15 0 1 0 0 0 22 103 0 0 0 1 0 0 394130 0 0 0
477 387935 P 23 0 0 0 0 0 17 0 0 31 0 0 387804 0 8 25 27 0 0 0 0
478 372003 S 3 2 0 0 25 0 0 0 0 13 0 0 59 0 0 371872 16 0 0 13 0
479 382131 F 0 2 0 0 381910 0 0 9 0 146 0 0 1 0 0 45 0 3 1 11 3
480 374634 D 2 0 374376 24 1 79 10 0 0 0 0 45 0 0 1 0 35 39 0 21 1
481 326606 M 0 0 0 0 1 1 1 87 15 20 326355 0 0 0 3 0 37 86 0 0 0
482 397224 S 0 28 0 4 1 179 0 18 0 1 0 41 0 0 42 396899 8 3 0 0 0
483 440262 N 0 0 389 0 1 68 3 32 35 0 5 439524 0 0 0 187 2 0 0 16 0
484 380725 E 1 0 28 380480 0 109 0 0 42 0 0 1 0 11 0 0 0 33 0 0 20
485 337797 G 8 0 2 21 0 337693 0 1 0 0 0 0 0 0 26 0 0 26 0 0 20
486 340010 S 2 8 0 1 26 1 0 2 0 0 0 1 33 1 0 339899 13 0 0 23 0
487 339889 Y 0 1042 1 0 15 0 75 3 1 4 0 2 0 0 0 0 0 0 0 338720 26
488 334597 F 0 2 0 0 334459 0 0 14 0 55 0 0 0 0 0 44 0 1 0 22 0
489 316181 F 0 2 0 0 316028 0 0 12 0 93 0 0 3 0 1 26 2 1 0 13 0
490 315520 G 6 0 0 29 0 315363 0 0 0 0 0 0 0 1 69 2 0 22 1 0 27
491 320248 D 1 0 320098 25 0 45 10 0 0 0 0 40 0 0 0 0 3 17 1 8 0
492 326160 N 0 0 45 0 0 2 4 22 31 0 2 325983 2 0 0 56 0 0 0 13 0
493 396010 A 395720 3 0 46 0 19 1 0 1 13 1 0 7 2 0 27 72 98 0 0 0
494 331879 E 4 0 29 331738 0 56 0 0 12 0 0 0 0 5 3 0 0 10 0 0 22
495 336444 E 3 0 17 336297 0 53 0 0 16 0 0 0 0 7 2 1 0 17 0 0 31
496 325627 Y 0 397 3 2 22 0 59 0 0 0 0 25 0 0 0 0 0 0 0 325080 39
497 303607 D 0 0 303433 20 0 45 11 0 0 0 0 50 0 0 1 1 0 31 0 15 0
498 238148 N 0 0 34 0 0 16 3 14 12 2 0 237947 0 2 2 104 1 0 0 10 1
