# nucleotide counts
# upper case indicates nucleotide called by both reads
# lower case indicates nucleotide called by one read with other ambiguous
# N indicates disagreement between reads, or both ambiguous
# POSITION WT COUNTS A T C G a t c g N
1 A 466154 465806 30 6 122 138 0 0 0 52
2 T 467991 39 467756 58 4 0 57 0 0 77
3 G 468135 67 42 8 467895 0 0 0 27 96
4 G 466534 22 34 13 466388 1 0 0 48 28
5 C 448856 34 107 448547 31 0 0 43 0 94
6 G 458115 121 13 10 457885 1 0 0 28 57
7 T 469244 27 469009 82 7 0 25 0 0 94
8 C 472084 31 52 471819 17 0 0 65 0 100
9 C 472976 35 48 472790 11 0 0 57 0 35
10 C 471810 60 70 471511 7 0 0 106 0 56
11 A 469931 469610 42 9 103 103 0 0 0 64
12 A 470466 470111 40 8 207 76 0 0 0 24
13 G 472328 35 40 13 472106 0 0 0 80 54
14 G 480180 54 36 25 479978 0 0 0 37 50
15 C 446008 40 48 445806 14 0 0 51 0 49
16 A 408384 407891 29 15 62 45 0 0 0 342
17 C 395082 15 28 394947 9 0 0 44 0 39
18 C 385636 47 30 385398 12 0 0 103 0 46
19 A 383626 383412 23 4 51 83 0 0 0 53
20 A 380998 380772 21 4 74 30 0 0 0 97
21 A 379800 379597 24 21 65 31 0 0 0 62
22 C 379176 14 89 378977 6 0 0 30 0 60
23 G 352094 60 25 8 351963 0 0 0 24 14
24 G 349238 43 21 5 349076 0 0 0 61 32
25 T 351559 19 351209 44 14 0 42 0 0 231
26 C 363447 22 36 363276 11 0 0 49 0 53
27 T 391844 16 391609 94 4 0 21 0 0 100
28 T 358693 14 358521 77 5 0 26 0 0 50
29 A 360976 360688 23 1 150 84 0 0 0 30
30 T 355455 37 355205 50 13 0 96 0 0 54
31 G 365525 53 34 18 365334 0 0 0 46 40
32 A 380027 379780 24 2 82 55 0 0 0 84
33 A 352998 352778 19 13 56 4 0 0 0 128
34 C 337960 26 55 337810 7 0 0 42 0 20
35 A 303491 303289 21 3 120 34 0 0 0 24
36 G 346027 21 27 6 345871 0 0 0 72 30
37 A 363286 363050 26 3 76 39 0 0 0 92
38 T 364982 35 364793 41 2 0 14 0 0 97
39 G 367808 52 37 16 367637 0 0 0 38 28
40 G 358075 40 27 9 357878 0 0 0 73 48
41 A 359728 359516 12 3 71 94 0 0 0 32
42 A 368922 368687 15 1 96 78 0 0 0 45
43 A 370865 370618 21 18 76 12 0 0 0 120
44 C 397124 19 30 397014 5 0 0 37 0 19
45 T 373308 16 373161 61 9 0 25 0 0 36
46 G 382237 41 39 8 382006 0 0 0 114 29
47 A 379986 379675 26 1 78 141 0 0 0 65
48 T 382016 36 381769 46 10 0 58 0 0 97
49 G 381578 34 63 6 381421 0 0 0 19 35
50 G 388104 34 45 10 387949 0 0 0 29 37
51 G 385875 60 37 15 385661 0 0 0 39 63
52 G 389358 64 18 7 389172 0 0 0 56 41
53 A 376079 375912 16 6 83 20 0 0 0 42
54 A 377853 377631 18 4 90 15 0 0 0 95
55 C 384242 16 63 384119 16 0 0 12 0 16
56 G 382112 121 32 24 381817 0 0 0 23 95
57 C 386917 24 25 386748 10 0 0 90 0 20
58 C 384371 27 52 384154 10 0 0 68 0 60
59 A 382523 382175 17 6 175 99 0 0 0 51
60 G 390224 27 47 14 390036 0 0 0 91 9
61 A 388861 388688 23 10 50 24 0 0 0 66
62 A 397078 396837 20 7 113 27 0 0 0 74
63 T 373979 23 373778 45 9 0 21 0 0 103
64 G 389540 56 40 15 389332 0 0 0 48 49
65 C 396027 29 118 395797 23 0 0 49 0 11
66 A 379791 379600 19 12 88 23 0 0 0 49
67 A 402212 401926 34 7 113 30 0 0 0 102
68 C 398076 12 23 397933 6 0 0 29 0 73
69 T 394020 19 393735 91 11 0 87 0 0 77
70 G 396859 42 44 10 396602 1 0 0 129 31
71 A 372445 372256 18 5 87 46 0 0 0 33
72 G 396872 40 31 11 396723 0 0 0 22 45
73 A 364243 364005 28 3 47 32 0 0 0 128
74 T 404015 22 403802 35 7 0 25 0 0 124
75 C 377025 34 44 376879 11 0 0 45 0 12
76 A 357065 356757 47 8 196 31 0 0 0 26
77 G 369211 27 34 23 369035 0 0 0 61 31
78 A 367451 367143 16 1 71 130 0 0 0 90
79 G 387494 36 30 17 387235 0 0 0 107 69
80 C 378189 31 87 378005 10 0 0 39 0 17
81 A 365162 365018 28 2 40 16 0 0 0 58
82 T 373547 28 373411 54 4 0 10 0 0 40
83 C 374435 27 22 374289 8 0 0 35 0 54
84 C 379229 29 67 378982 9 0 0 26 0 116
85 G 366456 77 16 7 366322 0 0 0 16 18
86 T 372388 30 372186 44 7 0 18 0 0 103
87 C 371628 22 71 371483 13 0 0 17 0 22
88 G 373391 80 43 21 373107 0 0 0 109 31
89 G 374846 44 40 13 374603 0 0 0 111 35
90 G 381646 39 34 15 381476 0 0 0 61 21
91 A 380814 380622 25 0 50 44 0 0 0 73
92 A 379614 379384 37 3 124 8 0 0 0 58
93 G 370030 29 20 10 369889 0 0 0 63 19
94 A 364321 364154 20 1 33 63 0 0 0 50
95 T 358900 17 358704 37 3 0 94 0 0 45
96 G 363036 25 26 4 362816 0 0 0 100 65
97 A 379799 379614 29 2 55 17 0 0 0 82
98 T 379617 27 379430 53 0 0 44 0 0 63
99 T 372181 17 372025 71 5 0 43 0 0 20
100 G 373282 43 27 6 373027 0 0 0 83 96
101 A 371031 370806 32 6 56 81 0 0 0 50
102 T 365407 26 365287 38 6 0 8 0 0 42
103 G 361673 53 29 4 361525 0 0 0 23 39
104 G 367973 30 45 14 367836 0 0 0 35 13
105 A 358858 358565 28 4 62 85 0 0 0 114
106 A 348173 347927 16 2 86 73 0 0 0 69
107 T 350011 18 349929 39 2 0 10 0 0 13
108 T 346421 16 346279 43 11 0 28 0 0 44
109 G 348377 44 35 14 348248 0 0 0 24 12
110 G 344070 26 24 5 343880 0 0 0 51 84
111 A 330860 330499 33 6 109 94 0 0 0 119
112 C 338892 14 66 338716 9 0 0 61 0 26
113 G 301484 60 19 11 301351 0 0 0 21 22
114 A 337562 337440 28 3 28 36 0 0 0 27
115 T 342635 13 342439 52 2 0 28 0 0 101
116 T 314545 15 314380 34 1 0 22 0 0 93
117 C 315548 21 16 315468 6 0 0 18 0 19
118 T 310630 21 310433 97 5 0 45 1 0 28
119 A 320267 319995 41 6 98 39 0 0 0 88
120 C 318578 27 40 318424 8 0 0 21 0 58
121 A 286752 286580 18 5 28 21 0 0 0 100
122 T 292418 30 292232 40 1 0 37 0 0 78
123 C 271895 28 21 271763 9 0 0 56 0 18
124 C 275522 35 24 275380 8 0 0 56 0 19
125 A 274380 274213 13 9 45 74 0 0 0 26
126 A 264000 263766 11 1 43 109 0 0 0 70
127 A 263873 263733 15 2 46 45 0 0 0 32
128 T 253755 7 253644 29 3 0 25 0 0 47
129 G 313724 28 29 4 313612 0 0 0 33 18
130 T 300367 25 300145 35 8 0 18 0 0 136
131 G 301845 44 21 4 301724 0 0 0 11 41
132 C 301438 26 97 301254 21 0 0 15 0 25
133 A 297689 297401 32 3 46 21 0 0 0 186
134 C 295552 14 16 295473 13 0 0 16 0 20
135 T 285772 10 285639 72 5 0 12 0 0 34
136 G 315859 35 27 14 315743 0 0 0 20 20
137 A 331773 331652 10 1 36 56 0 0 0 18
138 A 344555 344291 17 6 72 71 0 0 0 98
139 C 367215 19 37 367111 2 0 0 27 0 19
140 T 367718 12 367564 71 4 0 12 0 0 55
141 T 366933 40 366757 89 3 0 6 0 0 38
142 A 370341 370149 36 1 104 16 0 0 0 35
143 A 370252 369916 10 2 94 164 0 0 0 66
144 A 392189 391813 13 16 68 158 0 0 0 121
145 C 390440 10 33 390293 6 0 0 27 0 71
146 T 365992 8 365851 56 1 0 18 0 0 58
147 C 373910 29 36 373685 11 0 0 94 0 55
148 A 364990 364609 21 12 180 83 0 0 0 85
149 G 389717 25 8 12 389616 0 0 0 34 22
150 T 387612 44 387295 56 17 0 9 0 0 191
151 G 421834 36 38 10 421610 0 1 0 38 101
152 A 433939 433699 20 5 63 63 0 1 0 88
153 T 411453 42 411216 59 1 0 84 0 0 51
154 T 429688 11 429485 57 5 0 91 0 0 39
155 A 431092 430706 32 6 231 79 0 0 0 38
156 T 436715 41 436474 70 13 0 48 0 0 69
157 G 437754 50 45 9 437563 0 0 0 50 37
158 A 415447 415095 28 6 164 82 0 0 0 72
159 G 417404 62 72 12 417114 0 0 0 113 31
160 G 385452 30 35 5 385302 0 0 0 41 39
161 G 375566 42 20 9 375437 0 0 0 20 38
162 G 375108 25 26 10 374993 0 0 0 23 31
163 C 347889 34 107 347633 18 0 0 26 0 71
164 G 351634 62 26 5 351455 0 0 0 37 49
165 A 351527 351194 31 4 43 28 0 0 0 227
166 C 352494 8 34 352387 7 0 0 27 0 31
167 T 350420 22 350287 74 7 0 6 0 0 24
168 G 345419 45 27 8 345294 0 0 0 36 9
169 A 381893 381683 25 1 35 118 0 0 0 31
170 T 367309 27 366952 52 1 0 107 0 1 169
171 C 360611 25 26 360393 8 0 0 87 0 72
172 C 360359 33 43 360194 16 1 0 64 0 8
173 A 347743 347543 21 7 72 48 0 0 0 52
174 G 350129 47 19 8 350025 0 0 0 11 19
175 A 332533 332358 25 3 43 25 0 0 0 79
176 A 332949 332709 29 9 100 29 0 0 0 73
177 C 334334 15 39 334180 15 0 0 52 0 33
178 A 263598 263453 2 8 49 50 0 0 0 36
179 G 269217 20 22 5 269129 0 0 0 27 14
180 C 266454 25 20 266337 8 0 0 26 0 38
181 T 265854 11 265686 46 4 0 32 0 0 75
182 T 268432 17 268280 49 1 0 71 1 0 13
183 A 264791 264541 29 3 84 85 0 0 0 49
184 A 281118 280906 20 4 78 67 0 0 0 43
185 C 292666 20 28 292486 6 0 0 77 0 49
186 A 276586 276397 21 4 53 27 0 0 0 84
187 A 283742 283535 30 2 120 33 0 0 0 22
188 T 258967 24 258858 31 2 0 26 0 0 26
189 A 268305 268005 24 2 222 13 0 0 0 39
190 G 272074 23 34 1 271945 0 0 0 21 50
191 A 278201 278053 15 3 40 29 0 0 0 61
192 G 280958 19 11 2 280852 0 0 0 38 36
193 A 260915 260774 18 2 65 14 0 0 0 42
194 G 272769 24 17 6 272672 0 0 0 22 28
195 A 274891 274735 17 1 45 26 0 0 0 67
196 A 281383 281199 10 1 93 19 0 0 0 61
197 T 283299 25 283126 35 4 0 21 0 0 88
198 G 275287 23 23 8 275150 0 0 0 43 40
199 G 278417 33 16 3 278197 0 0 0 122 46
200 T 260372 27 259853 38 5 0 114 0 0 335
201 G 282370 35 18 11 282229 0 0 0 31 46
202 C 281900 31 23 281671 6 0 0 132 0 37
203 T 282787 13 282541 41 11 0 96 0 0 85
204 C 288397 14 17 288326 8 0 0 6 0 26
205 T 288580 10 288440 40 2 0 18 0 0 70
206 C 315117 14 23 314998 14 0 0 17 0 51
207 T 313325 18 313149 63 5 0 30 0 0 60
208 G 317775 47 37 21 317606 0 0 0 37 27
209 C 317925 23 27 317821 16 0 0 12 0 26
210 T 310094 5 309883 130 14 0 16 0 0 46
211 T 318756 16 318617 68 5 0 24 0 0 26
212 T 312770 12 312637 37 23 0 52 0 0 9
213 T 301521 30 301344 52 21 0 37 0 0 37
214 G 304122 55 16 22 304008 0 0 0 6 15
215 A 300156 299947 15 12 74 43 0 0 0 65
216 C 308491 17 130 308251 13 0 0 43 0 37
217 G 299034 59 21 17 298877 0 0 0 40 20
218 A 279651 279509 11 2 41 54 0 0 0 34
219 A 280411 280278 6 2 76 29 0 0 0 20
220 A 281629 281363 15 3 124 70 0 0 0 54
221 G 283948 22 16 8 283763 0 0 0 64 75
222 A 288956 288831 15 5 34 38 0 0 0 33
223 A 288941 288754 17 5 84 42 0 0 0 39
224 G 300195 25 30 9 300062 0 0 0 43 26
225 G 332536 30 33 10 332371 0 0 0 54 38
226 A 326598 326421 17 2 44 27 0 0 0 87
227 A 338751 338512 25 2 83 47 0 0 0 82
228 T 322193 37 321990 61 0 0 48 0 0 57
229 A 320249 319960 25 2 189 44 0 0 0 29
230 A 321103 320917 22 6 86 45 0 0 0 27
231 A 316205 316022 30 1 46 60 0 0 0 46
232 T 318356 27 318142 46 4 0 55 0 1 81
233 A 289143 288907 23 5 133 44 0 0 0 31
234 T 256560 21 256427 33 2 0 22 0 0 55
235 C 262320 22 11 262233 9 0 0 33 0 12
236 T 245792 18 245648 54 6 0 44 0 0 22
237 G 247301 37 22 7 247111 0 0 0 72 52
238 G 239656 22 17 5 239530 0 0 0 37 45
239 A 236162 236060 9 2 50 12 0 0 0 29
240 A 224364 224175 10 2 130 9 0 0 0 38
241 G 233678 27 14 9 233578 0 0 0 37 13
242 A 228341 228197 19 1 28 37 0 0 0 59
243 A 262281 262097 20 5 91 12 0 0 0 56
244 C 264267 13 35 264174 5 0 0 13 0 27
245 A 251823 251719 15 7 23 16 0 0 0 43
246 T 350078 27 349912 52 2 0 30 0 0 55
247 C 344680 23 42 344517 11 0 0 19 0 68
248 C 363041 28 33 362848 20 0 0 11 0 101
249 C 363746 31 51 363584 16 0 0 32 0 32
250 A 348899 348702 8 11 84 38 0 0 0 56
251 G 376653 26 26 12 376537 0 0 0 29 23
252 C 372978 41 83 372748 28 0 0 19 0 59
253 G 368923 51 47 33 368711 0 0 0 9 72
254 C 373158 20 55 373013 29 0 0 24 0 17
255 G 373205 73 54 34 372992 0 0 0 27 25
256 G 402449 29 47 8 402324 0 0 0 24 17
257 G 397329 50 57 24 397045 0 0 0 99 54
258 G 411414 43 31 16 411076 0 0 0 162 86
259 A 412735 412434 22 3 139 67 0 0 0 70
260 A 410231 409867 33 8 130 150 0 0 1 42
261 G 419389 58 91 8 419058 0 0 0 150 24
262 G 424627 38 33 9 424471 0 0 0 52 24
263 A 423453 423193 39 4 53 33 0 0 0 131
264 T 422616 43 422399 70 2 0 28 0 0 74
265 C 405871 34 28 405721 7 0 0 37 0 44
266 C 400511 44 32 400348 16 0 0 49 0 22
267 T 390421 19 390188 133 2 0 38 0 0 41
268 A 390456 390153 10 4 133 20 0 0 0 136
269 A 390559 390148 15 7 313 31 0 0 0 45
270 G 390105 38 12 8 389969 0 0 0 41 37
271 A 376618 376475 15 3 44 40 0 0 0 41
272 A 369950 369724 13 4 115 42 0 0 0 52
273 A 362091 361943 6 1 87 10 0 0 0 44
274 A 338458 338158 16 17 132 78 0 0 0 57
275 C 341283 12 15 341106 4 0 0 93 0 53
276 T 328226 9 328089 55 4 0 44 0 0 25
277 G 326299 41 35 13 326143 0 0 0 36 31
278 G 324679 28 26 4 324588 0 0 0 22 11
279 A 321335 321026 26 7 96 82 0 0 0 98
280 G 315887 36 38 5 315713 0 0 0 78 17
281 G 312283 26 21 3 312205 0 0 0 6 22
282 A 301202 300853 27 3 42 10 0 0 0 267
283 C 321894 20 36 321789 11 0 0 30 0 8
284 C 314908 21 26 314742 9 0 0 55 0 55
285 C 313675 44 33 313494 14 0 0 53 0 37
286 A 344961 344830 30 13 35 32 0 0 0 21
287 T 336286 33 336036 54 2 0 21 0 0 140
288 A 399356 399145 37 2 51 30 0 0 0 91
289 T 397974 31 397722 60 2 0 47 0 0 112
290 A 352805 352484 49 8 63 78 0 0 0 123
291 C 358488 25 43 358343 7 0 0 57 0 13
292 A 309715 309513 18 5 85 28 0 0 0 66
293 A 310432 310141 24 10 167 9 0 0 0 81
294 G 305869 23 15 3 305726 0 0 0 73 29
295 A 237184 237011 8 1 48 54 0 0 0 62
296 G 240432 16 25 4 240315 0 0 0 46 26
297 A 226809 226690 18 3 38 23 0 0 0 37
298 G 231215 23 15 8 231113 0 0 0 21 35
299 T 236875 25 236320 38 1 0 32 0 0 459
300 A 247755 247519 24 0 154 14 0 0 0 44
301 G 265119 17 15 5 265027 0 0 0 30 25
302 A 263317 263136 23 6 29 76 0 0 0 47
303 T 281244 22 281029 56 6 0 88 0 0 43
304 A 278960 278719 11 3 188 11 0 0 0 28
305 G 282211 31 19 13 282103 0 0 0 22 23
306 A 281746 281654 14 0 45 18 0 0 0 15
307 A 281510 281323 11 0 131 13 0 0 0 32
308 A 281029 280852 7 2 123 13 0 0 0 32
309 G 289876 29 19 2 289779 0 0 0 28 19
310 T 291625 27 291282 40 7 0 12 0 0 257
311 G 296545 30 26 6 296450 0 0 0 14 19
312 G 296929 17 21 2 296839 0 0 0 5 45
313 A 296933 296787 27 1 48 15 0 0 0 55
314 T 299776 20 299615 36 7 0 53 0 0 45
315 G 310403 29 28 8 310261 0 0 0 50 27
316 A 312943 312661 29 7 127 70 0 0 0 49
317 G 313965 33 38 7 313747 0 0 0 95 45
318 G 312349 33 25 18 312188 0 0 0 42 43
319 G 313274 149 30 14 312924 0 0 0 112 45
320 A 315136 314929 10 1 39 109 0 0 0 48
321 A 316456 316132 15 4 73 39 0 0 0 193
322 C 317596 18 13 317492 8 0 0 38 0 27
323 T 315350 19 315204 40 2 0 10 0 0 75
324 C 310288 29 38 310103 8 0 0 51 0 59
325 G 304195 55 18 13 304011 0 0 0 39 59
326 T 315259 16 315083 55 1 0 11 0 0 93
327 C 338278 23 36 338139 15 0 0 20 0 45
328 C 353950 19 27 353816 9 0 0 43 0 36
329 T 367634 11 367427 60 0 0 45 0 0 91
330 T 367086 23 366914 54 3 0 43 0 0 49
331 T 357422 22 357292 53 0 0 15 0 0 40
332 A 330928 330712 49 1 98 24 0 0 0 44
333 T 327736 32 327591 41 18 0 10 0 0 44
334 G 329853 54 29 8 329673 0 0 0 46 43
335 A 286690 286445 29 13 56 49 0 0 0 98
336 C 291449 23 39 291295 15 0 0 26 0 51
337 A 257371 257271 11 9 41 10 0 0 0 29
338 A 260917 260765 16 8 95 20 0 0 0 13
339 A 265274 265025 8 0 183 25 0 0 0 33
340 G 301454 30 18 8 301263 0 0 0 78 57
341 A 313986 313747 10 1 57 114 1 0 0 56
342 A 310352 310123 11 1 101 79 0 0 0 37
343 G 349869 77 14 5 349587 0 0 0 127 59
344 A 373566 373315 18 4 62 121 0 0 0 46
345 A 374780 374574 20 4 88 41 0 0 1 52
346 A 375664 375453 35 2 87 27 0 0 0 60
347 T 371726 51 371420 61 0 0 35 0 0 159
348 A 368251 367863 21 19 265 43 0 0 0 40
349 A 369188 368741 19 22 284 45 0 0 0 77
350 G 368388 27 36 3 368237 0 0 0 42 43
351 G 368430 29 17 2 368263 0 0 0 39 80
352 C 357307 34 62 357044 19 0 0 33 0 115
353 G 355400 51 31 13 355202 0 0 0 35 68
354 A 368681 368555 14 0 32 26 0 0 0 54
355 A 382764 382591 9 1 70 35 0 0 0 58
356 T 381247 29 381026 33 2 0 32 0 0 125
357 C 381280 33 16 381142 5 0 0 23 0 61
358 T 372555 9 372340 65 8 0 72 0 0 61
359 G 379952 37 28 3 379794 0 0 1 62 27
360 G 368065 23 32 0 367965 0 0 0 22 23
361 C 373578 34 95 373267 25 0 0 95 0 62
362 G 373620 95 24 18 373306 0 0 1 80 96
363 C 370886 21 30 370759 5 0 0 44 0 27
364 C 360100 19 52 359707 9 0 0 45 0 268
365 A 359822 359643 17 6 60 14 0 0 0 82
366 A 374425 374239 22 5 67 20 0 0 0 72
367 G 419133 67 27 13 418935 0 0 0 26 65
368 C 417127 23 60 416919 23 0 0 55 0 47
369 C 440933 40 46 440692 15 0 0 94 0 46
370 A 442113 441903 13 23 58 38 0 0 0 78
371 A 448606 448406 39 4 79 24 0 0 0 54
372 T 457208 67 456994 81 2 0 23 0 0 41
373 A 451549 450994 34 2 278 138 0 0 0 103
374 A 454124 453693 33 4 166 137 0 0 0 91
375 T 434895 26 434679 41 13 0 55 0 0 81
376 G 412101 33 52 10 411845 0 0 0 95 66
377 G 372562 32 18 3 372367 0 0 0 99 43
378 T 344954 33 344491 54 12 0 49 0 0 315
379 G 346939 33 26 9 346756 0 0 0 73 42
380 A 344493 344279 32 0 44 77 0 0 0 61
381 T 344061 36 343852 46 5 0 29 0 0 93
382 G 340664 40 21 8 340540 0 0 0 17 38
383 A 342591 342389 35 4 68 46 0 0 0 49
384 T 349201 35 349031 55 4 0 41 0 0 35
385 G 345247 73 22 18 345013 0 0 0 31 90
386 C 340965 29 57 340799 18 0 0 30 0 32
387 A 337330 337149 14 4 87 29 0 0 0 47
388 A 332670 332460 24 2 92 53 0 0 0 39
389 C 314406 19 21 314293 10 0 0 50 0 13
390 A 306480 306247 12 6 122 20 0 0 0 73
391 G 307674 16 19 4 307589 0 0 0 18 28
392 C 295505 15 22 295416 4 0 0 16 0 32
393 T 284281 10 284157 39 6 0 14 0 0 55
394 G 334977 41 16 8 334858 0 0 0 32 22
395 G 343218 23 30 5 343044 0 0 0 23 93
396 T 343733 27 343472 44 2 0 3 0 0 185
397 C 372003 28 25 371900 7 0 0 14 0 29
398 T 360826 8 360664 90 8 0 25 0 0 31
399 G 416383 61 31 21 416169 0 0 0 67 34
400 A 417731 417364 40 9 65 107 0 0 0 146
401 C 441821 13 38 441506 10 0 0 92 0 162
402 T 451267 28 450981 87 8 0 73 0 0 90
403 C 449091 44 47 448842 8 0 0 111 0 39
404 A 445767 445484 48 10 87 38 0 0 0 100
405 C 477748 14 54 477609 8 0 0 28 0 35
406 A 477637 477289 26 6 94 62 0 0 0 160
407 T 490275 42 489945 93 6 0 83 1 0 105
408 G 466240 38 32 8 466025 0 0 0 111 26
409 A 482889 482571 34 3 90 135 0 0 0 56
410 T 467858 41 467604 80 4 0 19 0 0 110
411 G 471639 42 29 9 471406 0 0 0 89 64
412 A 461346 461061 45 3 59 71 0 0 1 106
413 T 457856 26 457638 41 2 0 90 0 0 59
414 C 419260 19 36 419094 13 0 0 77 0 21
415 T 413904 30 413670 109 9 0 31 0 0 55
416 G 400109 50 31 11 399880 0 0 0 59 78
417 G 402828 43 44 19 402589 0 0 0 99 34
418 C 394813 32 87 394514 22 0 0 74 0 84
419 A 392767 392577 31 4 69 37 0 0 0 49
420 T 387288 8 387184 46 0 0 6 0 0 44
421 T 384268 13 384111 51 2 0 21 0 0 70
422 C 384850 40 28 384684 11 0 0 77 0 10
423 C 383390 30 56 383186 6 0 0 88 0 24
424 A 382750 382613 11 5 52 43 0 0 0 26
425 A 379940 379762 28 1 77 16 0 0 0 56
426 T 375860 20 375742 39 5 0 20 0 0 34
427 T 375394 9 375232 44 0 0 87 0 0 22
428 T 371647 10 371433 60 8 0 93 0 0 43
429 G 373235 39 28 16 373095 0 0 0 32 25
430 A 362256 362040 24 3 87 13 0 0 0 89
431 A 361857 361678 11 3 76 27 0 0 0 62
432 T 364409 27 364238 39 6 0 80 0 0 19
433 G 337089 32 15 3 336884 0 0 0 77 78
434 A 366946 366770 31 1 47 67 0 0 0 30
435 T 364663 24 364432 36 4 0 37 0 0 130
436 A 364935 364568 27 5 187 57 0 0 0 91
437 C 393248 25 55 393071 5 0 0 71 0 21
438 A 379333 379049 11 20 81 86 0 0 0 86
439 A 453535 453176 32 10 137 75 0 0 0 105
440 C 460755 35 47 460540 10 0 0 25 0 98
441 A 468335 468057 17 17 42 35 0 0 0 167
442 T 480570 22 480375 70 1 0 70 0 0 32
443 A 408366 407936 43 7 121 60 0 0 0 199
444 C 420896 30 51 420662 7 0 0 37 0 109
445 C 423632 33 49 423438 13 0 0 34 0 65
446 A 429111 428708 39 9 154 58 0 0 0 143
447 G 442458 23 52 10 442245 0 0 0 119 9
448 A 400997 400786 15 4 82 60 0 0 0 50
449 G 440877 52 20 11 440725 0 0 0 21 48
450 G 436069 28 17 18 435945 0 0 0 20 41
451 A 444533 444228 56 6 60 18 0 0 0 165
452 C 449472 18 48 449285 4 0 0 96 0 21
453 A 443984 443592 26 4 164 149 0 0 0 49
454 A 460865 460275 37 4 366 87 0 0 0 96
455 G 473481 42 29 8 473300 0 0 0 63 39
456 A 496113 495845 20 3 82 53 0 0 0 110
457 G 510842 48 37 9 510687 0 0 0 28 33
458 C 532039 34 30 531840 19 0 0 52 0 64
459 T 531889 16 531661 69 3 0 47 0 0 93
460 C 536596 21 43 536392 12 0 0 57 0 71
461 T 535445 34 535159 104 5 0 52 0 0 91
462 T 541686 26 541505 61 7 0 29 0 0 58
463 G 545372 46 22 9 545178 0 0 0 57 60
464 T 554608 54 554333 66 7 0 36 0 0 112
465 T 553679 35 553424 50 3 0 85 0 0 82
466 C 558956 48 97 558658 20 0 0 96 0 37
467 G 556889 180 73 28 556459 0 0 0 105 44
468 C 568065 31 74 567738 11 0 0 152 0 59
469 A 563534 562969 39 10 105 58 0 0 0 353
470 C 565868 19 73 565571 11 0 0 119 0 75
471 C 563240 49 114 562916 18 0 0 123 0 20
472 G 573103 153 28 20 572752 0 0 0 119 31
473 G 576765 139 41 26 576335 0 0 0 116 108
474 C 607706 43 94 607416 16 0 0 34 0 103
475 A 611697 611315 43 8 113 55 0 0 0 163
476 T 656224 35 655974 68 7 0 62 0 0 78
477 G 658904 99 92 20 658572 0 0 0 53 68
478 G 687919 62 122 9 687585 0 0 0 74 67
479 A 721194 720790 31 4 109 50 0 0 0 210
480 T 734859 61 734350 97 2 0 81 0 0 268
481 C 680858 38 87 680571 21 0 0 93 0 48
482 C 651074 62 57 650821 7 0 0 73 0 54
483 C 598627 81 56 598342 19 0 0 85 0 44
484 A 608369 607860 21 13 318 40 0 0 0 117
485 G 641091 55 65 18 640792 0 0 0 50 111
486 G 610449 34 48 8 610217 0 0 0 66 76
487 A 586097 585811 28 4 103 23 0 0 0 128
488 T 514278 32 513988 60 7 0 116 0 0 75
489 G 523445 60 46 7 523179 0 1 0 126 26
490 T 509053 43 508542 85 7 0 172 0 0 204
491 G 508414 111 35 17 507958 0 1 0 241 51
492 C 512867 18 34 512644 16 0 0 76 0 79
493 T 497739 30 497485 82 8 0 40 0 0 94
494 C 510155 35 47 509971 16 0 0 45 0 41
495 T 493177 22 493000 66 3 0 19 0 0 67
496 C 496283 36 23 496107 12 0 0 37 0 68
497 T 495418 44 495149 122 5 0 23 0 0 75
498 G 470040 43 39 15 469817 0 0 0 15 111
499 A 471260 471012 33 2 64 77 0 0 0 72
500 T 465083 23 464851 53 6 0 86 0 0 64
501 G 459623 91 59 15 459391 0 0 0 46 21
502 C 461704 33 96 461457 21 0 0 54 0 43
503 A 440842 440554 21 9 177 20 0 0 0 61
504 G 442829 29 46 9 442691 0 0 0 32 22
505 G 425732 29 22 4 425539 0 0 0 88 50
506 G 443514 36 23 7 443275 0 0 0 128 45
507 T 429880 20 429161 67 3 0 45 0 0 584
508 T 433395 30 433246 51 1 0 18 0 0 49
509 C 432452 17 83 432304 16 0 0 13 0 19
510 G 432619 93 23 16 432386 0 0 0 21 80
511 A 435465 434770 36 11 73 76 0 0 0 499
512 C 431399 25 33 431130 10 0 0 116 0 85
513 T 423143 23 422873 68 7 0 87 0 0 85
514 C 465029 25 28 464873 6 0 0 83 0 14
515 T 481961 43 481611 113 5 0 49 0 0 140
516 C 598394 39 114 598074 19 0 0 70 0 78
517 C 585061 40 47 584855 16 0 0 19 0 84
518 C 584237 57 65 583926 16 0 0 72 0 101
519 T 580295 68 579989 114 6 0 73 0 0 45
520 A 644143 643306 42 8 531 166 0 0 0 90
521 G 604856 49 44 15 604514 0 0 0 114 120
522 G 583774 62 47 19 583456 0 0 0 97 93
523 A 540223 539727 29 0 158 72 0 0 0 237
524 G 542971 46 30 8 542789 0 0 0 82 16
525 G 523174 40 23 13 523008 0 0 0 57 33
526 T 520433 22 519840 77 5 0 24 0 1 464
527 C 513704 25 28 513544 12 0 0 63 0 32
528 T 531131 14 530610 199 8 0 77 0 0 223
529 G 531905 46 53 18 531595 0 0 0 154 39
530 G 533011 37 37 14 532731 0 0 0 158 34
531 A 532235 531960 19 3 112 29 0 0 0 112
532 G 541407 46 34 13 541246 0 0 0 22 46
533 C 537230 30 45 537099 12 0 0 14 0 30
534 T 529533 7 529249 130 4 0 99 0 0 44
535 G 530233 219 41 17 529822 0 0 0 106 28
536 C 534892 47 84 534689 21 0 1 14 0 36
537 A 536880 536277 44 18 365 55 0 0 0 121
538 G 553204 37 49 7 553006 0 0 0 54 51
539 G 561890 37 31 11 561702 0 1 0 76 32
540 C 558429 36 92 558061 24 0 0 93 0 123
541 G 553489 126 42 13 553238 0 0 0 35 35
542 C 557470 34 33 557156 8 0 0 45 0 194
543 T 547691 6 547372 173 10 0 53 0 0 77
544 G 564394 223 41 15 564031 0 0 0 31 53
545 C 554318 62 176 553975 22 0 0 24 0 59
546 A 581622 581348 21 11 173 22 0 0 0 47
547 G 594381 41 19 10 594022 0 0 1 143 145
548 T 600046 44 599565 86 20 0 176 0 0 155
549 C 606774 51 82 606269 13 0 0 308 0 51
550 A 603349 602747 40 22 189 281 0 0 0 70
551 A 599330 598786 32 3 296 51 0 0 0 162
552 A 599459 598657 51 37 575 81 0 0 0 58
553 G 576960 35 35 7 576761 0 0 0 80 42
554 G 591678 57 31 13 591478 0 0 0 64 35
555 A 533079 532804 45 5 102 26 0 0 0 97
556 G 524809 41 31 11 524464 0 0 0 20 242
557 T 513849 44 513477 77 9 1 40 0 0 201
558 T 499682 34 499360 73 19 0 122 0 0 74
559 G 506567 60 53 16 506300 0 0 0 102 36
560 G 505337 55 27 25 505153 0 0 0 18 59
561 G 507498 72 24 20 507195 0 0 0 15 172
562 A 497049 496653 43 32 112 41 0 0 0 168
563 C 434048 24 60 433832 14 0 0 80 0 38
564 A 384587 384394 19 6 73 42 0 0 0 53
565 A 294797 294654 18 1 74 28 0 0 0 22
566 T 296214 14 296068 27 5 0 30 0 0 70
567 G 304474 24 23 5 304371 0 0 0 17 34
568 G 308740 25 21 6 308631 0 0 0 42 15
569 T 285174 27 284708 56 3 0 20 0 0 360
570 G 285097 30 18 7 284978 0 0 0 12 52
571 A 281807 281717 22 1 39 11 0 0 0 17
572 T 282566 20 282402 29 6 0 30 0 0 79
573 G 275961 21 16 4 275864 0 0 0 40 16
574 G 246092 14 22 3 245967 0 0 0 38 48
575 A 302966 302736 30 3 70 30 0 0 0 97
576 G 316962 42 20 4 316827 0 0 0 41 28
577 T 310847 18 310660 25 7 0 23 0 0 114
578 T 353039 13 352866 73 8 0 42 0 0 37
579 G 374086 34 35 10 373863 0 0 0 69 75
580 A 376465 376172 35 5 51 89 0 0 0 113
581 T 365966 27 365749 63 2 0 70 0 0 55
582 A 363441 363127 14 1 211 56 0 0 0 32
583 A 356125 355756 22 9 285 21 0 0 0 32
584 G 374794 26 45 9 374643 0 0 0 22 49
585 G 399826 31 36 13 399660 0 0 0 20 66
586 A 401771 401538 27 0 46 27 0 0 0 133
587 T 370306 24 370154 47 6 0 42 0 0 33
588 G 380633 46 26 7 380459 0 0 0 74 21
589 A 382892 382539 28 3 68 177 0 0 0 77
590 T 383962 45 383586 47 4 0 171 0 0 109
591 C 381441 28 45 381248 10 0 0 8 0 102
592 A 379143 379003 5 5 79 25 0 0 0 26
593 A 367130 366971 5 2 66 63 0 0 0 23
594 A 368317 368024 12 21 156 43 0 0 0 61
595 C 358793 15 53 358636 12 0 0 9 0 68
596 G 352031 50 25 14 351893 0 0 0 15 34
597 T 340929 11 340657 45 10 0 20 0 0 186
598 G 336438 32 43 8 336292 0 0 0 46 17
599 G 339573 27 41 8 339384 0 0 0 93 20
600 G 350599 58 21 5 350378 0 0 0 84 53
601 A 351840 351660 35 1 57 38 0 0 0 49
602 T 353487 16 353349 58 1 0 33 0 0 30
603 C 345854 18 46 345740 9 0 0 23 0 18
604 A 341955 341782 21 3 98 10 0 0 0 41
605 A 341731 341623 10 1 56 4 0 0 0 37
606 T 340881 23 340774 31 6 0 9 0 0 38
607 G 346743 41 17 4 346585 0 0 0 57 39
608 A 341238 341090 25 2 34 48 0 0 0 39
609 T 317594 24 317468 35 1 0 40 0 0 26
610 C 331192 29 56 331023 10 0 0 37 0 37
611 G 330219 51 36 10 329935 0 0 0 48 139
612 G 362750 26 27 23 362550 0 0 0 101 23
613 A 363322 363175 11 1 46 58 0 0 0 31
614 A 351666 351440 11 1 65 31 0 0 0 118
615 C 430248 23 15 430095 5 0 0 86 0 24
616 T 420903 24 420577 96 4 0 47 0 0 155
617 T 411297 20 411072 43 1 0 74 0 0 87
618 C 418012 22 30 417875 10 0 0 57 0 18
619 T 419797 33 419529 100 16 0 49 0 0 70
620 G 421526 56 45 14 421367 0 0 0 17 27
621 G 426640 43 23 14 426429 0 0 0 43 88
622 A 420478 420088 30 4 131 56 0 0 0 169
623 G 402894 26 39 11 402737 0 0 0 73 8
624 A 327523 327222 31 20 94 79 0 0 0 77
625 G 349105 31 34 6 348925 0 0 0 85 24
626 G 372377 39 19 11 372093 0 0 0 138 77
627 T 352917 32 351393 69 38 0 139 0 0 1246
628 G 349157 58 53 13 348988 0 0 0 32 13
629 A 348365 348212 28 3 71 39 0 0 0 12
630 A 352387 352225 12 2 94 21 0 0 0 33
631 A 355932 355776 10 4 75 27 0 0 0 40
632 A 353355 353133 51 2 59 35 0 0 0 75
633 T 341992 14 341836 49 18 0 46 0 0 29
634 G 325735 38 34 18 325570 0 0 0 28 47
635 G 325241 32 29 6 325138 0 0 0 32 4
636 A 325536 325356 22 3 73 32 0 0 1 49
637 C 317942 28 64 317750 14 0 0 20 0 66
638 G 316257 61 21 6 316093 0 0 0 36 40
639 A 316477 316367 11 0 49 39 0 0 0 11
640 A 318959 318815 4 0 62 62 0 0 0 16
641 A 319752 319518 6 1 71 63 0 0 0 93
642 A 312908 312784 7 0 85 13 0 0 0 19
643 A 310981 310819 17 30 53 8 0 0 0 54
644 C 305026 30 23 304927 7 0 0 14 0 25
645 A 304110 303966 13 9 69 31 0 0 0 22
646 A 302144 301858 19 5 160 37 0 0 0 65
647 G 308761 21 29 7 308678 0 0 0 12 14
648 G 292024 29 28 6 291697 0 0 0 177 87
649 A 279974 279706 21 4 40 157 0 0 1 45
650 G 283617 17 6 3 283536 0 0 0 25 30
651 T 270964 28 270400 46 1 0 17 0 0 472
652 G 281915 19 15 8 281816 0 0 0 18 39
653 C 279004 23 13 278914 7 0 0 7 0 40
654 T 274820 12 274689 41 2 0 13 0 0 63
655 T 296465 12 296362 61 2 0 4 0 0 24
656 A 281637 281434 11 7 109 32 0 0 0 44
657 C 314527 31 57 314350 14 0 0 20 0 55
658 G 314223 52 29 9 314018 0 0 0 65 50
659 A 284333 284141 21 4 46 49 0 0 0 72
660 G 316801 24 17 4 316675 0 0 1 47 33
661 A 260335 260205 14 2 61 28 0 0 0 25
662 G 267892 34 17 4 267736 0 0 0 39 62
663 A 262472 262375 15 1 36 16 0 0 0 29
664 A 222447 222324 8 1 46 10 0 0 0 58
665 T 225012 15 224927 25 3 0 9 0 0 33
666 G 233109 41 10 4 233013 0 0 0 10 31
667 T 280493 25 280246 72 9 0 9 0 0 132
668 G 295467 47 37 17 295318 0 0 0 13 35
669 C 297283 22 66 297093 17 0 0 30 0 55
670 A 293947 293816 13 7 42 34 0 0 0 35
671 A 299559 299337 27 1 74 61 0 0 0 59
672 C 324168 9 17 324041 3 0 0 65 0 33
673 A 321850 321702 18 1 39 24 0 0 0 66
674 T 313046 9 312887 52 1 0 64 0 0 33
675 T 312946 18 312784 40 0 0 78 0 0 26
676 C 318110 12 32 317962 9 0 0 32 0 63
677 T 317744 27 317589 67 3 0 16 0 0 42
678 C 331914 34 38 331733 3 0 0 9 0 97
679 A 330563 330432 6 9 62 14 0 0 0 40
680 A 331337 331201 15 5 77 11 0 0 0 28
681 A 331045 330737 23 3 184 85 0 0 0 13
682 G 338851 20 20 4 338657 0 0 0 114 36
683 G 348899 37 21 11 348720 0 0 0 66 44
684 A 346759 346609 24 3 57 44 0 0 0 22
685 A 345882 345706 9 0 54 92 0 0 0 21
686 A 346093 345857 9 0 85 133 0 0 0 9
687 A 363764 363552 33 1 87 69 0 0 0 22
688 T 364276 33 364116 46 0 0 18 0 0 63
689 T 358013 11 357897 48 0 0 11 0 0 46
690 T 357353 28 357211 52 1 0 23 1 0 37
691 C 341766 27 31 341639 13 0 0 30 0 26
692 A 340645 340441 11 7 128 32 0 0 0 26
693 A 340376 340183 4 3 84 32 0 0 0 70
694 A 340663 340468 9 21 64 28 0 0 0 73
695 C 352243 21 26 352137 9 0 0 43 0 7
696 A 333879 333706 7 4 56 20 0 0 0 86
697 G 342699 30 37 7 342517 0 0 0 72 36
698 C 346444 26 38 346276 6 0 0 64 0 34
699 T 312367 16 312137 67 2 0 60 0 0 85
700 G 330628 123 18 10 330395 0 0 0 55 27
701 C 271491 19 27 271366 13 0 0 26 0 40
702 A 272782 272569 28 10 61 21 0 0 0 93
703 C 267594 34 30 267446 9 0 0 16 0 59
704 A 267771 267615 7 21 47 29 0 0 0 52
705 A 266262 266117 13 0 82 24 0 0 0 26
706 A 259489 259287 11 6 132 23 0 0 0 30
707 G 283582 37 33 2 283422 1 0 0 54 33
708 G 283288 31 13 12 283087 0 0 0 59 86
709 G 271236 27 29 24 271066 1 0 0 24 65
710 C 269014 20 63 268870 19 0 0 17 0 25
711 A 265352 265264 7 9 44 12 0 0 0 16
712 A 284542 284404 19 2 58 26 0 0 0 33
713 T 267448 27 267278 31 11 0 19 0 0 82
714 G 268746 34 28 4 268582 0 0 0 20 78
715 A 248514 248374 19 1 45 47 0 0 0 28
716 T 264667 25 264544 36 5 0 37 0 0 20
717 G 263546 36 42 14 263424 0 0 0 15 15
718 G 287084 24 22 7 286949 0 0 0 43 39
719 A 287211 286989 22 2 39 32 0 0 0 127
720 T 281754 21 281573 25 1 0 82 0 0 52
721 C 271817 17 25 271650 8 0 0 88 0 29
722 A 272758 272632 16 5 72 10 0 0 0 23
723 A 311398 311227 14 3 71 28 0 0 0 55
724 G 314789 22 10 2 314646 0 0 0 41 68
725 T 315591 23 315349 54 8 0 37 0 0 120
726 G 319167 31 36 7 319042 0 0 0 19 32
727 A 313782 313645 25 2 77 14 0 0 0 19
728 G 324253 20 16 7 324143 0 0 0 34 33
729 A 323142 322909 25 3 96 40 0 0 0 69
730 G 325481 31 23 3 325244 0 0 0 120 60
731 A 320040 319821 14 2 57 117 0 0 0 29
732 A 312175 311999 14 1 109 31 0 0 0 21
733 A 332577 332322 10 2 162 54 0 0 0 27
734 G 337279 32 11 7 337124 0 0 0 49 56
735 T 337478 27 337241 37 6 0 11 0 0 156
736 C 328505 24 56 328378 7 0 0 14 0 26
737 G 327549 57 24 7 327377 0 0 0 46 38
738 G 330176 25 100 8 329950 0 0 0 59 34
739 A 328813 328701 7 2 40 23 0 0 0 40
740 A 331267 330883 20 9 89 75 0 0 0 191
741 C 335542 21 40 335373 4 0 0 86 0 18
742 C 384604 21 20 384472 6 0 0 33 0 52
743 C 396705 36 42 396582 10 0 0 19 0 16
744 A 394187 394003 14 21 93 17 0 0 0 39
745 G 408270 40 31 15 408029 0 0 0 68 87
746 G 403121 30 34 9 402930 0 0 0 74 44
747 A 401422 401184 25 5 68 46 0 0 0 94
748 A 405436 405222 20 2 75 50 0 0 0 67
749 A 381741 381593 24 2 68 15 0 0 0 39
750 T 402448 24 402260 60 11 0 27 0 0 66
751 G 405630 52 49 18 405406 0 0 0 61 44
752 C 438205 75 57 437912 17 0 0 55 0 89
753 T 428871 12 428647 94 11 0 8 0 0 99
754 G 433659 50 18 8 433518 0 0 0 21 44
755 A 411489 411271 37 7 107 13 0 0 0 54
756 G 413740 41 21 6 413458 0 0 0 181 33
757 A 410526 410128 24 1 67 202 0 0 1 103
758 T 412779 22 412559 54 3 0 62 0 0 79
759 C 404427 27 90 404210 6 0 0 36 0 58
760 G 403288 94 44 23 403060 0 0 0 34 33
761 A 386882 386728 28 0 59 36 0 0 0 31
762 A 384799 384505 19 6 184 42 0 0 0 43
763 G 406128 24 28 4 406015 0 0 0 21 36
764 A 405378 405045 24 1 64 63 0 0 0 181
765 T 389519 21 389312 49 2 0 58 0 0 77
766 C 387507 19 20 387304 7 0 0 127 0 30
767 T 366847 30 366542 68 1 0 167 0 0 39
768 C 373334 29 54 373148 2 0 0 57 0 44
769 A 372077 371890 16 2 86 19 0 0 0 64
770 T 372567 23 372421 48 5 0 10 0 0 60
771 C 369378 19 23 369250 8 0 0 54 0 24
772 T 335658 20 335457 86 1 0 43 0 0 51
773 T 337473 7 337336 64 4 0 34 0 0 28
774 T 338968 6 338808 37 1 0 77 0 0 39
775 C 335134 16 29 334990 10 0 0 54 0 35
776 T 333266 33 333101 66 6 0 28 0 0 32
777 G 323765 55 22 13 323621 0 0 0 40 14
778 G 328824 62 33 13 328585 0 0 0 55 76
779 C 326741 30 77 326516 19 0 0 62 0 37
780 A 326109 325855 20 9 101 44 0 0 0 80
781 C 322918 10 74 322796 6 0 0 13 0 19
782 G 337675 49 30 6 337525 0 0 0 46 19
783 G 339751 34 13 8 339522 0 0 0 37 137
784 T 338782 20 338519 37 3 0 37 0 0 166
785 C 340116 14 40 339995 12 0 0 14 0 41
786 T 348889 9 348672 112 1 0 32 0 0 63
787 G 340005 84 28 14 339845 0 0 0 20 14
788 C 349184 31 67 348948 19 0 0 34 0 85
789 A 333831 333365 32 8 71 61 0 0 0 294
790 C 321723 18 23 321552 6 0 0 74 0 50
791 T 281244 14 281090 63 4 0 39 0 0 34
792 C 296104 29 34 295907 9 0 0 90 0 35
793 A 304261 304034 29 10 41 76 0 0 0 71
794 T 295867 26 295645 54 2 0 21 0 0 119
795 A 287337 286997 28 3 77 11 0 0 0 221
796 T 311721 24 311571 29 10 0 53 0 0 34
797 T 318865 24 318656 44 11 0 46 0 0 84
798 G 367847 35 30 11 367707 0 0 0 25 39
799 A 369809 369403 39 2 97 9 0 0 0 259
800 G 403560 35 32 14 403399 0 0 0 47 33
801 A 378995 373240 15 5 112 43 0 0 0 5580
802 G 385345 61 48 7 385168 0 0 0 22 39
803 G 404846 19 29 11 404749 0 0 0 21 17
804 G 405784 39 36 7 405590 0 0 0 6 106
805 T 399401 36 399014 52 8 0 6 0 0 285
806 C 400741 27 57 400545 7 0 0 36 0 69
807 A 397678 397390 31 12 88 39 0 0 0 118
808 G 403136 31 18 7 402836 0 0 0 17 227
809 T 402163 30 401989 48 6 0 6 0 0 84
810 T 399513 21 399355 47 3 0 25 0 0 62
811 G 401554 55 23 19 401278 0 0 0 35 144
812 C 391327 21 49 391176 9 0 0 29 0 43
813 T 391296 13 390626 63 4 0 37 0 0 553
814 C 393383 36 44 393203 11 0 0 27 0 62
815 A 392098 391686 35 2 59 157 0 1 0 158
816 C 392623 31 34 389184 7 1 0 198 0 3168
817 A 388479 388298 13 4 79 50 0 0 0 35
818 A 388731 388453 19 2 173 13 0 0 0 71
819 A 388252 387963 15 3 95 5 0 0 0 171
820 T 386152 16 385959 42 2 0 17 0 0 116
821 C 382539 12 26 381817 3 0 0 18 0 663
822 T 372833 18 372667 58 4 0 23 0 0 63
823 T 359773 8 359644 45 8 0 46 0 0 22
824 G 359336 39 18 11 359133 0 0 0 50 85
825 T 344130 46 343907 45 5 0 83 0 0 44
826 C 341790 24 36 341585 4 0 0 106 0 35
827 T 296104 23 295964 10 4 0 25 0 0 78
828 G 294532 17 16 7 294205 0 0 0 14 273
829 C 291164 37 96 290981 14 0 0 4 0 32
830 C 288956 32 45 288831 16 0 0 10 0 22
831 C 213585 33 66 213451 13 0 0 10 0 12
832 G 185085 75 30 18 184908 0 0 0 9 45
833 C 185744 23 24 185660 8 0 0 12 0 17
834 C 183658 23 28 183532 6 0 0 18 0 51
835 T 174910 3 174721 128 11 0 14 0 0 33
836 G 171047 29 16 2 170914 0 0 0 49 37
837 T 162963 20 162800 30 3 0 31 0 0 79
838 G 170368 15 9 1 170290 0 0 0 9 44
839 T 143436 13 143327 18 4 0 4 0 0 70
840 G 159594 35 15 6 159337 0 1 0 13 187
841 T 106954 13 106861 24 3 0 10 0 0 43
842 A 106871 106570 6 0 72 11 0 0 1 211
843 T 104616 8 103272 10 10 0 5 0 1 1310
844 G 102850 19 10 5 102792 0 0 0 19 5
845 G 120706 16 13 7 120333 0 0 3 20 314
846 A 117389 48203 18 4 20 26 0 1 0 69117
847 C 127835 10 27 127763 3 0 0 15 0 17
848 C 130968 19 14 130910 7 0 0 16 0 2
849 T 130962 12 130896 31 5 0 8 0 0 10
850 G 240989 98 38 27 240759 0 0 0 46 21
851 C 243479 19 70 243351 13 0 0 10 0 16
852 C 244695 12 49 244568 4 0 0 2 0 60
853 G 245153 48 13 7 245067 0 0 0 6 12
854 T 265015 25 264876 54 7 0 40 0 0 13
855 A 271438 271229 9 2 150 31 0 0 0 17
856 G 282760 24 30 10 282619 0 0 0 29 48
857 C 283547 13 24 283326 8 0 0 30 0 146
858 C 296389 21 46 296301 3 0 0 8 0 10
859 A 367778 367636 22 5 60 43 0 0 0 12
860 G 372769 29 14 11 372671 0 0 0 36 8
861 T 373051 30 372840 51 9 0 66 0 0 55
862 G 403653 51 27 9 403379 0 0 0 103 84
863 G 404196 26 32 10 404065 0 0 0 49 14
864 C 409205 22 33 408979 7 0 0 110 0 54
865 T 409105 11 408869 119 3 0 76 0 0 27
866 A 412414 412148 24 1 161 30 0 0 0 50
867 C 412165 20 87 411987 9 0 0 18 0 44
868 G 449174 65 17 1 449043 0 0 0 23 25
869 A 450901 450640 14 3 42 62 0 0 0 140
870 C 454189 17 30 454063 6 0 0 44 0 29
871 T 453324 14 453099 91 3 0 87 0 0 30
872 T 455101 10 454875 64 2 0 102 0 0 48
873 C 455159 26 63 454867 11 0 0 175 0 17
874 G 457566 68 26 13 457260 0 0 0 166 33
875 A 457722 457599 25 4 79 8 0 0 0 7
876 A 458033 457844 2 3 81 3 0 0 0 100
877 A 457389 457232 9 0 134 2 0 0 0 12
878 A 458099 457904 17 3 107 50 0 0 0 18
879 A 457537 457157 22 3 289 50 0 0 0 16
880 G 459038 36 40 22 458893 0 0 0 16 31
881 A 452984 452712 23 4 103 17 0 0 0 125
882 G 445021 55 35 11 444840 0 0 0 60 20
883 G 443206 41 36 13 442826 0 0 0 227 63
884 G 439696 74 47 14 439335 0 0 0 180 46
885 A 420055 419777 30 3 67 12 0 0 0 166
886 T 416854 40 416619 73 0 0 10 0 0 112
887 A 362338 361621 21 6 92 9 0 0 0 589
888 C 359545 19 16 359424 11 0 0 29 0 46
889 T 314238 23 314046 66 2 0 44 0 0 57
890 C 318872 20 18 318772 5 0 0 32 0 25
891 T 332684 12 332510 80 4 0 16 0 0 62
892 T 327977 12 327875 36 2 0 16 0 0 36
893 T 328911 27 328778 38 10 0 36 0 0 22
894 A 330915 330589 29 2 205 39 0 0 0 51
895 G 339979 24 32 6 339749 0 0 0 64 104
896 T 326033 31 325561 56 31 0 69 0 0 285
897 G 319244 42 31 8 319124 0 0 0 14 25
898 G 321108 33 45 18 320970 0 0 0 31 11
899 G 286619 44 32 13 286459 0 0 0 37 34
900 A 366290 366085 25 3 69 12 0 0 0 96
901 A 375217 375010 41 3 75 9 0 0 0 79
902 T 375563 39 375383 64 1 0 13 0 0 63
903 A 370755 370488 22 1 167 61 0 0 0 16
904 G 376325 44 26 11 376161 0 0 0 37 46
905 A 381414 380467 23 13 51 54 0 0 0 806
906 C 389273 23 28 388936 12 0 0 65 0 209
907 C 383832 24 20 383734 6 0 0 26 0 22
908 C 414631 54 25 414364 6 0 0 164 0 18
909 T 415003 19 414642 151 7 0 140 0 0 44
910 T 421509 27 421333 75 1 0 40 0 0 33
911 T 401479 17 401222 64 3 0 17 0 0 156
912 C 402764 28 48 402646 10 0 0 13 0 19
913 A 401703 401517 7 15 78 20 0 0 0 66
914 A 404849 404538 19 1 81 164 0 0 0 46
915 A 411694 411210 26 13 103 198 1 0 0 143
916 C 412123 15 22 411986 4 0 0 62 0 34
917 T 406752 13 406601 77 5 0 19 0 0 37
918 G 410833 51 28 15 410680 0 0 0 36 23
919 C 413722 16 26 413599 8 0 0 64 0 9
920 T 414627 11 414360 91 4 0 72 0 0 89
921 T 413959 23 413791 62 1 0 52 0 0 30
922 C 419637 28 42 419501 14 0 0 22 0 30
923 A 418311 418131 21 8 89 47 0 0 0 15
924 A 418345 418183 13 2 76 47 0 0 0 24
925 A 418619 418381 15 6 109 12 0 0 0 96
926 A 417737 417530 13 22 106 8 0 0 0 58
927 C 420551 21 45 420410 9 0 0 41 0 25
928 A 411814 411669 18 7 53 49 0 0 0 18
929 G 422998 59 40 21 422830 0 0 0 33 15
930 C 425808 30 47 425626 20 0 0 22 0 63
931 C 439034 40 50 438829 15 0 0 63 0 37
932 A 434166 433795 22 3 69 177 0 0 0 100
933 A 435650 435374 11 7 73 143 0 0 0 42
934 G 487346 48 19 5 487203 0 0 0 42 29
935 T 500975 32 500594 72 3 0 21 0 0 253
936 A 484967 484546 25 2 169 32 0 0 0 193
937 T 475044 30 474810 65 1 0 52 0 0 86
938 A 462118 461724 56 6 189 37 0 0 0 106
939 C 448344 45 157 448050 21 0 0 46 0 25
940 A 433654 433423 14 13 120 21 0 0 0 63
941 G 498051 44 58 19 497542 1 0 0 153 234
942 C 507120 33 45 506819 20 0 0 134 0 69
943 C 439476 28 35 439277 4 0 0 68 0 64
944 T 526961 32 526568 216 4 0 109 0 0 32
945 A 553977 553692 20 4 156 62 0 0 0 43
946 A 563572 563119 43 6 214 23 0 0 0 167
947 T 562645 34 562356 76 3 0 16 0 0 160
948 C 503877 36 56 503504 6 0 0 70 0 205
949 A 466991 466669 11 9 196 70 0 0 0 36
950 G 468803 37 26 13 468658 0 0 0 47 22
951 A 470060 469714 26 5 82 48 0 0 0 185
952 C 473250 19 36 473076 11 0 0 61 0 47
953 C 467426 43 72 467116 9 0 0 51 0 135
954 G 475962 87 33 16 475767 0 0 0 39 20
955 A 484755 484643 19 0 41 24 0 0 0 28
956 A 501533 501184 27 3 227 33 0 0 1 58
957 C 494923 27 135 494611 20 0 0 30 0 100
958 G 494530 57 31 14 494248 0 0 0 136 44
959 A 507838 507484 41 2 95 170 0 0 0 46
960 G 510594 37 30 18 510413 0 0 0 45 51
961 A 520188 520049 8 1 57 27 0 0 0 46
962 A 535943 535690 25 2 122 51 0 0 0 53
963 T 534815 33 534525 77 3 0 53 0 0 124
964 C 533028 38 44 532818 10 0 0 73 0 45
965 C 535231 45 63 534991 26 0 0 65 0 41
966 A 530767 530435 12 9 144 24 0 0 0 143
967 G 542105 71 46 23 541766 0 0 0 134 65
968 C 535711 41 71 535386 9 0 0 153 0 51
969 A 559140 558769 45 11 104 78 0 0 0 133
970 C 578885 40 59 578651 13 0 0 66 0 56
971 A 566176 565782 68 7 93 48 0 0 0 178
972 C 574387 19 57 574251 11 0 0 11 0 38
973 A 571934 571592 23 8 166 93 0 0 0 52
974 A 576023 575365 27 9 314 227 0 0 0 81
975 G 581037 41 20 8 580622 0 0 0 187 159
976 A 547976 547657 29 5 96 47 0 0 0 142
977 G 552490 46 23 13 552300 0 0 0 41 67
978 T 493206 31 492663 74 3 0 63 0 0 372
979 C 522404 25 60 522181 10 0 0 56 0 72
980 A 488891 488507 16 7 215 11 0 0 0 135
981 G 489323 40 36 9 489145 0 0 0 20 73
982 C 489372 35 129 489097 17 0 0 27 0 67
983 T 401456 15 401290 44 9 0 39 0 0 59
984 G 429136 23 32 17 428967 0 0 0 73 24
985 G 433940 20 16 7 433731 0 0 0 48 118
986 T 430506 26 429987 59 13 0 18 0 0 403
987 G 491299 53 45 9 491133 0 0 0 16 43
988 T 478810 24 478515 56 13 0 50 0 0 152
989 G 474202 60 48 16 474019 0 0 0 31 28
990 G 398236 23 32 8 398086 0 0 0 28 59
991 A 395533 395304 33 1 54 27 0 0 0 114
992 T 395304 33 395092 40 4 0 44 0 0 91
993 G 382314 57 22 7 382068 0 0 0 127 33
994 G 382779 77 43 17 382485 0 0 0 130 27
995 C 385955 30 64 385728 13 0 0 39 0 81
996 A 396798 396526 33 3 98 28 0 0 0 110
997 T 414659 23 414425 84 5 0 9 0 0 113
998 G 421214 74 39 15 421009 0 0 0 30 47
999 C 426316 34 72 426144 14 0 0 19 0 33
1000 A 425217 424973 26 4 79 46 0 0 0 89
1001 A 430540 430134 19 3 133 135 0 0 1 115
1002 T 431508 18 431193 65 0 0 161 0 0 71
1003 T 414776 28 414548 52 2 0 94 0 0 52
1004 C 407886 46 23 407736 15 0 0 47 0 19
1005 T 385940 26 385744 87 11 0 18 0 0 54
1006 G 390326 80 52 15 390124 0 0 0 14 41
1007 C 402851 30 46 402685 11 0 0 54 0 25
1008 T 381102 21 380878 74 7 0 63 0 0 59
1009 G 385222 54 30 11 385042 0 0 0 46 39
1010 C 363707 30 37 363544 8 0 0 30 0 58
1011 A 358516 358351 18 1 49 35 0 0 0 62
1012 T 371086 14 370928 44 1 0 71 0 0 28
1013 T 370141 14 370002 34 2 0 52 0 0 37
1014 T 370212 11 370060 90 6 0 27 0 0 18
1015 G 369678 33 28 9 369490 0 0 0 19 99
1016 A 359253 359092 36 2 71 21 0 0 0 31
1017 A 359640 359365 26 6 120 105 0 0 0 18
1018 G 346725 28 17 6 346522 0 0 0 133 19
1019 A 357782 357618 26 3 32 58 0 0 0 45
1020 T 359680 17 359454 36 2 0 37 0 0 134
1021 C 351902 25 24 351752 4 0 0 54 0 43
1022 T 353304 24 353124 81 2 0 37 0 0 36
1023 A 340212 340029 9 2 76 20 0 0 0 76
1024 A 338673 338455 15 1 164 11 0 0 0 27
1025 G 340356 36 20 2 340247 0 0 0 18 33
1026 A 331583 331379 25 4 44 58 0 0 0 73
1027 G 352775 24 14 10 352579 0 0 0 120 28
1028 T 295960 24 295306 38 4 0 46 0 0 542
1029 A 291828 291592 15 1 105 28 0 0 0 87
1030 T 285857 22 285729 34 2 0 52 0 0 18
1031 T 283523 24 283354 46 1 0 44 0 0 54
1032 A 292962 292639 25 4 238 43 0 0 0 13
1033 A 254330 254168 4 1 68 46 0 0 0 43
1034 G 247370 13 24 7 247210 0 0 0 36 80
1035 C 247410 15 11 247316 4 0 0 41 0 23
1036 T 222778 1 222695 58 1 0 4 0 0 19
1037 T 267186 20 267074 32 5 0 23 0 0 32
1038 C 270252 26 27 270136 8 0 0 38 0 17
1039 A 279706 279533 25 4 39 29 0 0 0 76
1040 T 280021 22 279903 32 0 0 9 0 0 55
1041 C 279934 22 30 279835 4 0 0 25 0 18
1042 A 281495 281350 19 5 81 14 0 0 0 26
1043 G 269460 25 30 8 269350 0 0 0 20 27
1044 A 272234 272078 15 3 72 15 0 0 0 51
1045 G 265286 31 28 6 265169 0 0 0 22 30
1046 G 282057 26 13 7 281920 0 0 0 58 33
1047 G 338822 83 33 10 338597 0 0 0 54 45
1048 A 340370 340054 25 7 68 27 0 0 0 189
1049 C 344941 30 32 344785 11 0 0 24 0 59
1050 C 334616 43 18 334503 8 0 0 15 0 29
1051 A 340255 340047 17 17 55 101 0 0 0 18
1052 A 362957 362646 21 2 111 130 0 0 0 47
1053 A 364073 363619 10 5 228 78 0 0 1 132
1054 G 369324 35 27 3 369137 0 0 0 34 88
1055 T 364189 38 363899 45 10 0 10 0 0 187
1056 A 365261 365078 34 0 76 43 0 0 0 30
1057 T 368665 30 368470 68 3 0 32 0 0 62
1058 C 368995 28 36 368808 13 0 0 39 0 71
1059 C 366167 29 35 365916 10 0 0 43 0 134
1060 C 362074 29 27 361867 2 0 0 99 0 50
1061 C 344798 59 22 344532 4 0 0 147 0 34
1062 A 344905 344714 10 18 53 93 0 0 0 17
1063 A 340238 339967 18 1 190 23 0 0 0 39
1064 G 344292 51 62 8 344120 0 0 0 15 36
1065 G 336913 33 23 5 336799 0 0 0 11 42
1066 G 334729 20 32 6 334609 0 0 0 32 30
1067 G 316753 37 31 12 316619 0 0 0 27 27
1068 G 298244 72 20 12 298075 0 0 0 24 41
1069 A 295670 295568 12 1 45 10 0 0 0 34
1070 A 307271 307094 11 2 72 59 0 0 0 33
1071 A 308095 307800 11 28 93 87 0 0 0 76
1072 C 314244 22 14 314132 5 0 0 41 0 30
1073 T 302363 5 302199 87 3 0 5 0 0 64
1074 T 302311 9 302216 53 5 0 11 0 0 17
1075 T 310969 17 310849 50 5 0 5 0 0 43
1076 C 285865 22 24 285766 7 0 0 21 0 25
1077 C 302519 16 29 302423 10 0 0 21 0 20
1078 A 334304 334067 27 6 44 5 0 0 0 155
1079 C 342829 15 27 342670 6 0 0 61 0 50
1080 T 343805 23 343597 51 7 0 85 0 0 42
1081 A 333262 333040 21 7 101 65 0 0 1 27
1082 G 335534 20 26 8 335433 0 0 0 23 24
1083 A 338885 338701 16 2 43 22 0 0 0 101
1084 G 340920 34 23 6 340765 0 0 0 39 53
1085 G 357361 29 21 10 357177 0 0 0 85 39
1086 A 307501 307306 25 1 52 41 0 0 0 76
1087 G 342240 31 26 13 342101 0 0 0 39 30
1088 T 338727 21 338074 56 10 0 17 0 0 549
1089 A 339742 339349 42 4 136 45 0 0 0 166
1090 C 344650 32 44 344485 5 0 0 52 0 32
1091 A 331431 331268 16 15 54 36 0 0 0 42
1092 A 331144 330885 16 2 112 93 0 0 0 36
1093 A 381043 380777 37 5 85 83 0 0 0 56
1094 T 373564 22 373380 38 0 0 24 0 0 100
1095 T 358156 17 358035 47 9 0 29 0 0 19
1096 G 317992 24 22 16 317882 0 0 0 23 25
1097 C 313653 13 23 313512 5 0 0 60 0 40
1098 T 314028 5 313882 51 0 0 54 0 0 36
1099 T 313625 26 313461 29 4 0 31 0 0 74
1100 C 312556 23 24 312450 11 0 0 31 0 17
1101 A 307317 307184 18 3 73 18 0 0 0 21
1102 A 311562 311439 10 3 81 18 0 0 0 11
1103 A 314508 314343 13 0 86 5 0 0 0 61
1104 T 315807 13 315700 45 4 0 16 0 0 29
1105 G 312956 32 21 4 312836 0 0 0 35 28
1106 A 310723 310607 9 3 47 24 0 0 0 33
1107 A 314719 314547 7 4 40 99 0 0 0 22
1108 A 315809 315619 7 1 55 91 0 0 0 36
1109 A 317358 317143 27 43 71 27 0 0 0 47
1110 C 330360 14 25 330178 2 0 0 114 0 27
1111 A 328740 328538 21 2 39 81 0 0 0 59
1112 T 344797 11 344701 20 4 0 34 0 0 27
1113 G 331745 41 42 11 331589 0 0 0 35 27
1114 G 329618 18 24 7 329495 0 0 0 9 65
1115 A 340234 340031 23 2 51 56 0 0 0 71
1116 T 337467 34 337267 39 7 0 43 0 0 77
1117 G 341709 41 32 13 341537 0 0 0 35 51
1118 C 390435 35 23 390261 12 0 0 84 0 20
1119 T 379318 7 379107 86 4 0 30 0 0 84
1120 A 379777 379519 36 3 62 97 0 0 0 60
1121 T 365057 29 364801 47 7 0 115 0 0 58
1122 G 372285 44 29 14 372110 0 0 0 56 32
1123 G 372805 41 31 11 372659 0 0 0 28 35
1124 A 354690 354498 36 2 56 19 0 0 0 79
1125 A 354601 354347 30 0 115 8 0 0 0 101
1126 T 312261 17 312078 26 2 0 84 0 0 54
1127 C 295610 22 35 295427 1 0 0 85 0 40
1128 A 288921 288731 18 3 130 9 0 0 0 30
1129 A 286835 286532 23 3 174 15 0 0 0 88
1130 G 289187 19 11 5 289099 0 0 0 17 36
1131 T 273597 18 273426 38 3 0 22 0 0 90
1132 A 271188 270451 20 4 103 37 0 0 0 573
1133 C 292152 13 13 292056 9 0 0 40 0 21
1134 T 279701 18 279508 37 3 0 12 0 0 123
1135 C 289396 25 22 289272 4 0 0 26 0 47
1136 T 254832 22 254694 56 4 0 31 0 0 25
1137 T 256900 13 256801 36 3 0 27 0 0 20
1138 G 258942 39 14 4 258858 0 0 0 15 12
1139 A 270483 270371 20 3 34 8 0 0 0 47
1140 A 272366 272224 9 4 33 9 0 0 0 87
1141 C 273001 9 16 272893 2 0 0 64 0 17
1142 T 264891 6 264744 49 4 0 63 0 0 25
1143 G 273066 24 20 7 272925 0 0 0 59 31
1144 A 279860 279677 13 1 65 47 0 0 0 57
1145 G 284554 27 13 6 284458 0 0 0 14 36
1146 A 283346 283256 7 2 38 24 0 0 0 19
1147 A 319839 319670 3 4 90 43 0 0 0 29
1148 G 325318 27 16 11 325119 0 0 0 27 118
1149 C 358081 21 56 357902 16 0 0 32 0 54
1150 A 356349 356088 26 8 153 21 0 0 0 53
1151 G 356491 25 28 4 356305 0 0 0 110 19
1152 G 413143 49 19 7 412929 0 0 0 124 15
1153 T 412277 38 411475 84 16 0 51 0 0 613
1154 A 418767 418310 52 5 184 51 0 0 0 165
1155 C 431488 21 41 431326 16 0 0 26 0 58
1156 T 406670 17 406488 74 20 0 47 0 0 24
1157 G 416783 45 54 12 416607 0 0 0 28 37
1158 G 422757 43 26 21 422530 0 0 0 59 78
1159 G 411511 66 30 33 411217 0 0 0 64 101
1160 C 446915 36 67 446688 29 0 0 38 0 57
1161 C 403734 24 45 403534 7 0 0 93 0 31
1162 A 419952 419732 50 10 56 82 0 0 0 22
1163 T 420477 32 420228 69 5 0 77 0 0 66
1164 A 415489 414932 14 3 345 75 0 0 0 120
1165 A 434402 433963 21 5 364 11 0 0 0 38
1166 G 427168 40 32 5 426939 0 0 0 130 22
1167 A 411129 410913 23 3 45 114 0 0 0 31
1168 A 409286 408964 28 4 70 34 0 0 0 186
1169 C 408231 29 33 408021 5 0 0 55 0 88
1170 C 434276 39 28 434135 15 0 0 27 0 32
1171 A 424729 424510 21 4 114 20 0 0 0 60
1172 G 433123 33 16 6 433032 0 0 0 19 17
1173 A 433545 433378 14 3 69 6 0 0 0 75
1174 A 428910 428643 12 2 119 63 0 0 0 71
1175 G 440860 23 18 5 440690 0 0 0 81 43
1176 T 419488 28 418888 42 7 0 64 0 0 459
1177 G 422104 44 32 16 421922 0 0 0 52 38
1178 G 429596 31 40 8 429465 0 0 0 18 34
1179 A 429985 429656 32 0 155 59 0 0 0 83
1180 G 438726 59 35 12 438431 0 0 0 126 63
1181 G 442672 48 34 26 442416 0 0 0 102 46
1182 A 410556 410357 27 1 69 32 0 0 0 70
1183 A 410129 409893 15 1 144 19 0 0 0 57
1184 A 409650 409344 28 24 78 86 0 0 0 90
1185 C 417869 20 33 417512 9 0 0 222 0 73
1186 A 418296 417820 24 10 82 157 0 0 0 203
1187 C 438371 30 31 438217 8 0 0 37 0 48
1188 T 428031 36 427764 109 5 0 21 0 0 96
1189 A 457357 457033 31 3 207 44 0 0 0 39
1190 A 481056 480724 20 2 144 52 0 0 0 114
1191 T 478723 32 478451 59 4 0 69 0 0 108
1192 C 481945 33 49 481741 9 0 0 56 0 57
1193 A 466701 466433 29 9 101 44 0 0 0 85
1194 A 469415 469123 30 10 127 36 0 0 0 89
1195 C 477744 31 64 477475 12 0 0 98 0 64
1196 A 414193 413717 20 9 210 95 0 0 0 142
1197 G 408475 31 34 9 408348 0 0 0 34 19
1198 A 374306 374072 27 6 134 16 0 0 0 51
1199 G 378989 47 56 8 378829 0 0 0 26 23
1200 G 399659 25 21 18 399497 0 0 0 74 24
1201 G 345198 30 35 18 344963 0 0 0 59 93
1202 C 351176 23 55 351005 20 0 0 30 0 43
1203 C 357259 26 29 357143 11 0 0 27 0 23
1204 T 356310 17 356089 84 6 0 68 0 0 46
1205 C 373887 62 29 373678 7 0 0 92 0 19
1206 T 362756 24 362456 119 4 0 55 0 0 98
1207 G 364193 56 29 15 364027 0 0 0 26 40
1208 C 360169 22 119 359949 13 0 0 35 0 31
1209 A 347607 347333 22 9 154 46 0 0 0 43
1210 G 368098 27 31 4 367969 0 0 0 36 31
1211 G 367330 46 15 7 367142 0 0 1 36 83
1212 T 370380 24 369866 80 8 0 28 0 0 374
1213 C 370937 26 52 370795 4 0 0 18 0 42
1214 A 360178 359978 20 9 72 65 0 0 0 34
1215 A 384796 384562 14 3 103 60 0 0 0 54
1216 A 373705 373515 29 2 86 21 0 0 0 52
1217 T 376072 20 375810 50 0 0 56 0 0 136
1218 C 374552 27 38 374362 7 0 0 86 0 32
1219 A 351076 350875 10 7 116 38 0 0 0 30
1220 G 372740 32 21 8 372587 0 0 0 67 25
1221 T 360010 37 359749 39 8 0 65 0 0 112
1222 G 362323 46 21 4 362025 0 0 0 112 115
1223 T 357612 29 357296 63 3 0 91 1 0 129
1224 G 344874 70 30 11 344704 0 0 0 24 35
1225 C 356220 28 139 355947 14 0 0 61 0 31
1226 A 354576 354360 15 5 58 51 0 0 0 87
1227 A 362056 361690 25 9 148 35 0 0 0 149
1228 C 361394 20 29 361259 7 0 0 50 0 29
1229 C 357292 31 17 357120 8 0 0 81 0 35
1230 T 329232 17 328992 125 14 0 61 0 0 23
1231 G 338713 101 36 12 338465 0 0 0 17 82
1232 C 367722 41 47 367506 23 0 0 26 0 79
1233 A 360674 360456 18 11 67 61 0 0 0 61
1234 T 369173 40 368990 43 2 0 65 0 0 33
1235 T 366942 10 366829 43 4 0 26 0 0 30
1236 T 347995 13 347798 69 2 0 21 0 0 92
1237 T 352648 19 352510 44 3 0 15 0 0 57
1238 C 327926 13 48 327730 9 0 0 70 0 56
1239 T 307822 16 307630 85 5 0 61 0 0 25
1240 G 327007 53 25 13 326837 0 0 0 52 27
1241 T 318463 32 318210 56 20 0 53 0 0 92
1242 G 326669 67 41 17 326461 0 0 0 41 42
1243 C 330275 27 56 330052 23 0 0 71 0 46
1244 A 325368 325159 21 23 50 75 0 0 0 40
1245 A 332214 331967 13 1 154 40 0 0 0 39
1246 A 330892 330570 16 6 174 64 0 0 0 62
1247 G 341015 43 18 7 340838 0 0 0 53 56
1248 A 337248 337080 19 1 45 57 0 0 0 46
1249 A 306675 306454 9 6 117 48 0 0 0 41
1250 A 320167 319546 15 8 94 16 0 0 0 488
1251 C 320071 27 22 319936 6 0 0 48 0 32
1252 C 340829 22 24 340675 10 0 0 30 0 68
1253 T 343374 20 343139 81 5 0 66 0 0 63
1254 C 336189 34 32 335999 9 0 0 73 0 42
1255 C 356746 32 29 356597 14 0 0 31 0 43
1256 C 350201 36 43 350042 7 0 0 36 0 37
1257 A 354584 354388 26 21 41 32 0 0 0 76
1258 T 355605 36 355467 33 3 0 33 0 0 33
1259 T 332564 9 332447 45 2 0 33 0 0 28
1260 T 336861 20 336698 84 12 0 22 0 0 25
1261 G 334609 57 19 10 334438 0 0 0 20 65
1262 A 341242 341000 31 5 80 50 0 0 0 76
1263 C 338253 24 48 338104 2 0 0 42 0 33
1264 A 321739 321543 8 12 85 77 0 0 0 14
1265 A 332519 332147 14 2 251 80 0 0 0 25
1266 A 335325 334876 20 12 240 61 0 0 0 116
1267 C 350356 13 26 350175 9 0 0 80 0 53
1268 C 347325 29 21 347197 6 0 0 31 0 41
1269 A 315089 314952 13 7 46 34 0 0 0 37
1270 A 329042 328851 16 4 57 22 0 0 0 92
1271 C 325127 21 24 325008 4 0 0 22 0 48
1272 C 346496 26 23 346357 4 0 0 18 0 68
1273 A 344292 344075 26 1 42 58 0 0 0 90
1274 T 347980 24 347710 52 0 0 80 0 0 114
1275 C 348675 24 31 348554 11 0 0 30 0 25
1276 A 335877 335677 20 7 57 64 0 0 0 52
1277 T 343203 20 343031 40 5 0 53 0 0 54
1278 G 329507 34 15 10 329355 0 0 0 30 63
1279 G 327645 49 31 24 327469 0 0 0 27 45
1280 C 304371 32 66 304172 20 0 0 46 0 35
1281 A 290499 290307 10 6 83 44 0 0 0 49
1282 G 298965 38 18 6 298860 0 0 0 27 16
1283 C 293829 18 28 293719 12 0 0 21 0 31
1284 A 289391 289159 26 3 89 49 0 0 0 65
1285 T 290725 6 290599 40 1 0 46 0 0 33
1286 T 284588 19 284432 38 2 0 26 0 0 71
1287 C 288364 11 20 288267 7 0 0 38 0 21
1288 A 285610 285322 19 6 72 58 0 0 0 133
1289 C 269827 14 16 269681 5 0 0 72 0 39
1290 T 272053 9 271930 50 9 0 32 0 0 23
1291 G 292131 35 34 5 291975 0 0 0 26 56
1292 G 299386 33 35 9 299259 0 0 0 18 32
1293 G 307042 50 22 12 306851 0 0 0 23 84
1294 A 299415 299260 21 0 42 21 0 0 0 71
1295 A 308093 307905 24 2 122 8 0 0 0 32
1296 T 291550 15 291389 65 1 0 35 0 0 45
1297 A 318564 318063 28 8 348 38 0 0 0 79
1298 C 357594 35 79 357324 8 0 0 37 0 111
1299 A 351075 350685 25 11 207 50 0 0 0 97
1300 G 354543 29 34 5 354386 0 0 0 65 24
1301 A 346546 346210 24 5 179 52 0 0 0 76
1302 G 367355 66 36 8 367183 0 0 0 41 21
1303 G 362042 31 38 10 361864 0 0 0 34 65
1304 G 360495 44 44 8 360289 0 0 0 59 51
1305 A 359913 359610 24 4 96 113 0 0 0 66
1306 A 355353 354838 22 3 356 95 0 0 1 38
1307 G 362625 49 34 11 362369 0 0 0 37 125
1308 A 361092 360928 13 1 59 33 0 0 0 58
1309 A 376583 376271 33 9 168 10 0 0 0 92
1310 C 401270 34 33 401148 9 0 0 22 0 24
1311 A 387925 387653 32 11 110 52 0 0 0 67
1312 T 394325 28 394060 43 3 0 123 0 0 68
1313 C 385605 33 37 385394 11 0 0 92 0 38
1314 A 380858 380566 14 7 169 28 0 0 0 74
1315 G 385725 21 31 23 385564 0 0 0 62 24
1316 A 375695 375455 47 2 40 61 0 0 0 90
1317 C 379457 21 36 379316 11 0 0 11 0 62
1318 A 372980 372811 18 5 54 24 0 0 0 68
1319 T 358559 16 358378 63 2 0 18 0 0 82
1320 G 364633 39 31 10 364506 0 0 0 16 31
1321 A 350512 350308 27 2 93 22 0 0 0 60
1322 G 354864 38 47 4 354720 0 0 0 36 19
1323 G 357049 50 21 8 356842 0 1 0 69 58
1324 G 351636 58 25 18 351377 0 0 0 118 40
1325 C 351991 33 58 351740 11 0 0 123 0 26
1326 A 346390 346139 20 8 93 85 0 0 0 45
1327 G 352951 33 24 12 352788 0 0 0 33 61
1328 A 353505 353373 9 1 57 30 0 0 0 35
1329 A 358227 357886 13 2 259 34 0 0 0 33
1330 A 368394 368190 17 1 116 46 0 0 0 24
1331 T 369404 20 369231 54 2 0 46 0 0 51
1332 T 391351 17 391212 39 4 0 16 0 0 63
1333 A 393636 392810 56 0 654 33 0 0 0 83
1334 T 389721 42 389481 70 2 0 48 0 0 78
1335 A 389451 388935 18 3 396 72 0 0 0 27
1336 A 376809 376223 25 11 476 49 0 0 0 25
1337 G 397117 47 43 9 396911 0 0 0 61 46
1338 G 407786 43 29 15 407551 0 0 0 70 78
1339 A 427436 427214 21 3 38 18 0 0 0 142
1340 T 373550 22 373387 38 10 0 26 0 0 67
1341 G 363178 38 30 8 363033 0 0 0 50 19
1342 A 351185 350974 42 1 62 36 0 0 0 70
1343 T 354882 31 354684 38 5 0 39 0 0 85
1344 G 344391 43 30 4 344229 0 0 0 38 47
1345 G 350709 38 24 6 350522 0 0 0 48 71
1346 A 330456 330214 18 4 84 94 0 0 0 42
1347 A 351760 351381 26 2 237 82 0 0 0 32
1348 G 356650 51 26 8 356490 0 0 0 47 28
1349 G 401859 38 18 12 401702 0 0 0 56 33
1350 T 391500 27 390848 66 30 0 21 0 0 508
1351 G 382961 182 59 15 382610 0 0 0 32 63
1352 C 382859 30 141 382586 37 0 0 29 0 36
1353 A 376372 376168 11 23 74 68 0 0 1 27
1354 A 376373 376144 5 1 108 55 0 0 0 60
1355 A 382038 381767 13 3 201 17 0 0 0 37
1356 A 390483 389934 16 38 328 24 0 0 0 143
1357 C 395011 17 13 394918 2 0 0 28 0 33
1358 C 380181 30 43 380069 7 0 0 21 0 11
1359 A 364686 364454 21 9 152 18 0 0 0 32
1360 G 371553 30 24 6 371450 0 0 0 35 8
1361 A 367660 367309 7 0 187 82 0 0 0 75
1362 A 381960 380946 19 1 858 112 0 0 0 24
1363 G 388582 28 14 9 388432 0 0 0 66 33
1364 A 384760 384490 13 2 91 95 0 0 0 69
1365 A 381517 380519 28 0 879 66 0 0 0 25
1366 A 383376 382529 16 3 803 3 0 0 0 22
1367 T 384159 20 384037 33 5 0 10 0 0 54
1368 G 386597 56 23 10 386407 0 0 0 11 90
1369 T 379859 35 379651 51 10 0 17 0 0 95
1370 C 383691 32 33 383503 14 0 0 68 0 41
1371 C 377069 15 34 376865 3 0 0 127 0 25
1372 T 383007 21 382754 90 3 0 90 1 0 48
1373 T 384867 37 384602 78 3 0 21 1 0 125
1374 C 386743 30 55 386564 13 0 0 41 0 40
1375 C 384572 47 40 384358 19 0 0 44 0 64
1376 A 380724 380203 33 52 367 50 0 0 0 19
1377 G 380618 83 42 3 380428 0 0 0 42 20
1378 G 378201 18 12 10 378097 0 0 0 30 34
1379 G 378269 48 28 17 378105 0 0 0 29 42
1380 G 352055 32 43 22 351849 0 0 0 54 55
1381 C 315743 30 79 315436 126 0 0 29 0 43
1382 G 312927 89 62 114 312578 0 0 0 52 32
1383 G 323559 46 64 5 323294 0 0 0 75 75
1384 G 323020 47 39 14 322846 0 0 0 22 52
1385 G 328199 107 17 9 327991 0 0 0 18 57
1386 A 300913 277539 13 2 119 14 0 0 1 23225
1387 G 291788 41 13 4 291674 0 0 0 39 17
1388 T 277531 8 263264 31 3 0 18 0 0 14207
1389 C 283951 21 22 283779 2 0 0 15 0 112
1390 T 272577 13 272390 76 8 0 43 0 0 47
1391 T 273004 19 272827 46 1 0 62 0 0 49
1392 C 274964 26 62 274416 12 0 0 40 0 408
1393 G 336663 70 31 9 336229 0 0 0 44 280
1394 A 332737 332030 8 3 69 5 0 0 0 622
1395 G 341361 31 22 13 341244 0 0 0 24 27
1396 C 318300 17 21 318112 9 0 0 24 0 117
1397 T 314349 4 314021 78 8 0 42 0 0 196
1398 C 301710 17 29 301579 3 0 0 47 0 35
1399 T 300530 16 300371 62 2 0 5 0 0 74
1400 C 303813 27 83 303648 11 0 0 12 0 32
1401 G 305525 45 16 11 305420 0 0 1 11 21
1402 G 333981 34 19 5 333862 0 0 0 25 36
1403 A 369765 369304 12 9 78 12 0 0 0 350
1404 C 383116 41 87 382894 23 0 0 16 0 55
1405 G 410676 107 31 55 410415 0 0 0 11 57
1406 A 439835 439532 32 4 187 46 0 0 0 34
1407 A 437382 436495 14 5 669 161 0 0 1 37
1408 A 441163 439941 18 17 973 151 1 0 0 62
1409 G 451641 49 62 10 450894 0 0 0 25 601
1410 G 453967 53 28 7 453793 0 0 0 43 43
1411 G 442761 50 35 17 442596 0 0 0 32 31
1412 C 444751 36 202 444297 30 0 0 85 0 101
1413 A 441035 440515 15 19 294 71 0 0 0 121
1414 G 448110 51 72 18 447896 0 0 0 18 55
1415 C 441314 48 167 440992 20 0 0 21 0 66
1416 G 474712 84 34 11 474508 0 0 0 23 52
1417 A 477875 477592 32 2 87 106 0 0 0 56
1418 A 480527 479880 23 4 296 119 0 0 0 205
1419 C 480581 13 56 480328 9 0 0 100 0 75
1420 C 477529 28 27 477252 13 0 0 190 0 19
1421 C 462388 48 66 462093 18 0 0 103 0 60
1422 G 460708 92 33 8 460502 0 0 0 39 34
1423 A 461118 460794 31 4 172 36 0 0 1 80
1424 T 461569 39 461349 52 2 0 32 0 0 95
1425 C 445374 34 79 445210 7 0 0 10 0 34
1426 G 434863 114 21 13 434677 0 0 0 18 20
1427 T 420441 16 420190 65 8 0 20 0 0 142
1428 G 395861 105 44 18 395609 0 0 0 16 69
1429 C 395402 28 25 395231 26 0 0 30 0 62
1430 C 395880 17 33 395731 11 0 0 36 0 52
1431 C 394141 37 47 393990 8 0 0 39 0 20
1432 T 380735 16 380561 77 4 0 27 0 0 50
1433 C 405448 17 42 405353 4 0 0 14 0 18
1434 T 398527 13 398146 203 9 0 13 0 0 143
1435 T 449804 11 449534 115 4 0 71 0 0 69
1436 T 390529 12 390372 51 5 0 77 0 0 12
1437 T 392235 16 392025 64 54 0 57 0 0 19
1438 G 382367 90 25 12 382159 0 0 0 42 39
1439 A 376876 376518 41 44 83 60 0 0 0 130
1440 C 387736 52 64 387432 12 1 0 58 0 117
1441 A 384143 383900 23 8 97 41 0 0 0 74
1442 T 333679 17 333530 43 6 0 29 0 0 54
1443 G 413045 49 57 11 412847 0 0 0 57 24
1444 A 407232 406840 30 4 197 43 0 0 0 118
1445 G 460194 53 25 9 459956 0 0 0 63 88
1446 T 461239 41 460754 86 18 0 34 0 0 306
1447 A 445629 445008 18 4 462 64 0 0 0 73
1448 A 450662 450313 38 2 261 36 0 0 0 12
1449 T 447843 32 447461 56 8 0 200 0 0 86
1450 G 447806 58 21 13 447475 0 0 0 182 57
1451 A 419887 419578 36 1 120 82 0 0 0 70
1452 A 387140 386524 25 5 412 68 0 0 0 106
1453 G 383927 20 20 11 383826 0 0 0 33 17
1454 G 349465 25 29 9 349353 0 0 0 28 21
1455 A 345156 344925 17 3 60 35 0 0 0 116
1456 T 350008 16 349854 36 5 0 39 0 0 58
1457 C 347397 26 31 347135 9 0 0 111 0 85
1458 T 341293 20 341095 68 5 0 84 0 0 21
1459 T 344188 6 344004 75 1 0 32 0 0 70
1460 A 344682 343527 23 0 1072 30 0 0 1 29
1461 T 344005 30 343903 35 2 0 8 0 0 27
1462 T 342504 15 342395 44 1 0 10 0 0 39
1463 T 339648 22 339550 45 3 0 10 0 0 18
1464 C 338620 11 25 338544 4 0 0 20 0 16
1465 T 324201 17 324054 74 1 0 10 0 0 45
1466 T 321897 13 321682 32 5 0 131 0 0 34
1467 C 319813 27 45 319586 2 0 0 129 0 24
1468 G 317936 57 30 13 317796 0 0 0 23 17
1469 G 320328 31 22 8 320203 0 0 0 25 39
1470 A 321633 321485 25 2 81 4 0 0 0 36
1471 G 328888 46 9 12 328677 0 0 0 15 129
1472 A 328483 328348 17 5 49 21 0 0 0 43
1473 C 336718 20 37 336602 11 0 0 32 0 16
1474 A 329390 329267 13 6 47 29 0 0 0 28
1475 A 366682 366506 25 10 75 43 0 0 0 23
1476 T 380193 39 379828 61 7 0 98 0 0 160
1477 G 409646 77 30 26 409317 0 0 0 108 88
1478 C 423003 52 119 422677 27 0 0 88 0 40
1479 A 411200 410786 28 13 166 104 0 0 0 103
1480 G 415133 26 23 6 415027 0 0 0 30 21
1481 A 437938 437677 18 5 90 43 0 0 0 105
1482 G 376942 32 32 7 376757 0 0 0 42 72
1483 G 399398 33 35 7 399258 0 0 0 42 23
1484 A 336880 336660 17 5 57 13 0 0 0 128
1485 G 343677 34 19 6 343518 0 0 0 54 46
1486 T 330873 26 330209 62 8 0 98 0 0 470
1487 A 326767 326146 23 1 397 73 0 0 0 127
1488 C 327233 29 79 327063 13 0 0 29 0 20
1489 G 314154 52 17 13 314001 0 0 0 27 44
1490 A 313829 313626 31 2 49 46 0 0 0 75
1491 C 304853 16 37 304687 7 0 0 96 0 10
1492 A 253795 253617 12 11 54 79 0 0 0 22
1493 A 254078 253861 20 1 136 41 0 0 0 19
1494 T 239265 22 239168 22 3 0 14 0 0 36