# amino-acid counts among definitively called codons
# POSITION TOTAL_COUNTS WT N_A N_C N_D N_E N_F N_G N_H N_I N_K N_L N_M N_N N_P N_Q N_R N_S N_T N_V N_W N_Y N_STOP
1 672658 M 0 0 0 0 0 0 3 165 56 55 672180 0 0 0 3 0 87 108 1 0 0
2 644923 A 644532 0 1 57 0 46 0 0 2 0 0 0 14 0 4 60 38 167 1 1 0
3 672704 S 6 20 1 0 64 1 0 2 0 0 0 0 135 0 1 672391 23 7 0 53 0
4 675170 Q 0 0 0 27 1 0 69 1 86 45 0 0 29 674703 125 0 1 0 0 0 83
5 618452 G 31 65 79 0 0 618103 0 0 0 1 0 0 0 0 14 122 1 36 0 0 0
6 554085 T 99 0 0 0 0 0 5 47 1 2 0 26 12 0 0 48 553845 0 0 0 0
7 552120 K 1 0 1 66 0 0 0 22 551876 1 0 59 1 9 58 0 5 0 1 0 20
8 482452 R 0 1 0 0 0 20 0 0 0 34 0 0 9 61 482215 0 3 1 108 0 0
9 493983 S 16 9 0 0 49 0 0 0 0 4 0 0 61 0 0 493770 31 1 0 42 0
10 530823 Y 0 71 1 0 18 1 116 0 0 7 10 4 0 0 0 4 0 0 0 530529 62
11 473361 E 4 0 44 473027 0 95 0 0 95 0 0 5 0 26 1 0 0 34 0 0 30
12 437569 Q 0 1 0 22 0 0 48 0 45 28 0 0 8 437263 84 0 0 0 0 0 70
13 538829 M 0 0 11 0 0 0 0 156 44 48 538424 1 0 1 7 0 62 74 1 0 0
14 528126 E 4 0 14 527837 0 107 0 0 60 0 0 0 0 26 2 0 1 22 0 0 53
15 497347 T 55 0 0 0 0 0 0 30 0 6 0 40 10 1 0 40 497165 0 0 0 0
16 557938 D 4 0 557609 75 0 80 12 2 0 0 4 52 1 0 1 0 0 39 0 46 13
17 553113 G 20 0 0 57 0 552802 0 1 3 1 1 0 0 1 101 0 1 48 77 0 0
18 548376 E 5 0 27 548013 0 140 0 1 112 0 0 2 0 21 1 0 0 27 0 0 27
19 555786 R 2 104 0 0 0 18 175 0 0 52 0 0 47 1 555346 37 4 0 0 0 0
20 567591 Q 0 0 0 18 0 0 76 0 45 46 0 0 604 566560 163 1 0 2 0 0 76
21 543159 N 1 0 66 3 0 0 4 32 36 1 1 542908 0 0 0 68 9 1 0 29 0
22 557856 A 557457 1 1 40 0 15 1 0 0 2 0 0 24 5 1 56 126 124 0 0 3
23 583024 T 67 0 1 0 0 0 3 44 0 1 0 48 6 0 1 44 582809 0 0 0 0
24 554344 E 13 1 64 553962 0 111 0 0 93 1 0 0 0 17 3 0 0 27 1 0 51
25 485584 I 0 0 0 0 33 0 0 485370 0 1 14 39 0 0 0 2 58 67 0 0 0
26 523756 R 0 0 0 1 0 146 0 44 86 3 0 0 0 3 523400 21 14 0 0 0 38
27 499292 A 498922 0 2 87 0 31 0 0 0 1 0 0 13 0 0 51 78 107 0 0 0
28 538805 S 7 26 0 0 39 0 1 0 0 0 0 1 100 0 0 538534 43 0 0 54 0
29 516039 V 64 0 41 0 28 1 1 114 0 15 0 0 0 1 0 3 0 515771 0 0 0
30 538030 G 20 0 0 80 0 537611 0 0 0 0 0 0 1 0 201 1 0 56 60 0 0
31 533462 K 0 0 1 88 0 1 0 0 533158 0 34 50 0 1 88 0 4 0 0 0 37
32 524680 M 0 0 1 0 0 0 0 144 28 39 524338 1 0 0 9 1 49 69 0 0 1
33 530527 I 1 0 4 0 38 1 0 530296 0 3 9 31 0 0 0 6 55 83 0 0 0
34 527385 D 6 1 526929 141 0 108 14 0 0 0 2 93 0 0 0 0 3 48 0 40 0
35 480454 G 21 0 0 76 0 480140 0 0 0 2 0 0 0 0 103 2 0 46 0 0 64
36 506345 I 0 1 0 0 18 0 0 506146 0 9 6 20 0 2 0 7 49 87 0 0 0
37 476537 G 23 0 6 66 0 476238 0 0 0 0 0 0 0 1 87 0 0 51 0 0 65
38 435766 R 1 0 0 0 0 20 3 1 0 47 0 0 20 109 435464 0 0 0 0 0 101
39 474102 F 0 2 1 0 473802 0 0 28 0 161 0 0 1 0 1 64 0 7 0 35 0
40 457834 Y 0 75 11 0 45 0 192 0 0 5 0 35 0 0 1 2 1 0 0 457405 62
41 407114 I 0 0 1 0 29 0 2 406893 0 7 10 37 1 1 0 19 70 44 0 0 0
42 399729 Q 0 0 0 15 0 1 10 0 52 23 0 0 15 399527 54 0 0 0 0 0 32
43 387821 M 0 2 0 0 0 0 0 114 25 24 387582 0 0 1 3 0 36 34 0 0 0
44 431962 C 0 431647 0 0 39 17 0 1 0 3 0 0 0 0 61 55 0 0 24 58 57
45 417992 T 66 0 0 0 0 0 1 43 0 0 0 27 7 2 0 50 417796 0 0 0 0
46 458555 E 5 0 35 458309 0 66 0 0 59 0 0 1 0 18 1 0 0 15 0 0 46
47 542904 L 0 0 0 0 42 1 19 39 0 542705 0 0 68 0 5 1 17 7 0 0 0
48 550098 K 0 0 0 77 0 0 1 17 549794 1 0 76 0 5 52 0 7 0 0 0 68
49 551728 L 1 0 0 0 42 0 12 35 0 551519 1 0 93 1 1 6 5 10 0 2 0
50 552173 S 0 32 0 0 0 142 0 43 0 1 0 50 5 4 87 551795 13 0 1 0 0
51 623503 D 6 0 623136 40 0 118 15 1 1 0 0 80 0 0 0 0 1 37 0 65 3
52 667513 Y 1 110 3 0 31 0 125 6 0 8 11 5 0 1 0 3 11 1 0 667123 74
53 640528 E 6 2 118 639992 0 157 0 0 110 1 7 1 0 16 2 1 0 49 3 1 62
54 585156 G 19 0 0 69 0 584863 0 0 0 0 0 0 0 0 113 0 0 40 52 0 0
55 555304 R 0 0 7 1 0 86 0 0 0 65 0 0 24 129 554852 0 1 0 0 1 138
56 549856 L 0 0 0 0 1 1 2 0 0 549597 71 0 119 46 3 0 0 16 0 0 0
57 574813 I 1 0 1 0 45 0 0 574521 0 3 15 39 0 7 1 5 94 81 0 0 0
58 554055 Q 0 0 0 24 0 0 47 0 57 48 1 1 4 553700 107 4 0 0 0 0 62
59 531717 N 1 0 66 0 0 0 1 31 66 1 0 531429 0 0 0 74 6 0 0 42 0
60 423515 S 0 4 0 0 0 50 0 35 0 7 1 65 0 2 65 423273 13 0 0 0 0
61 422005 L 1 0 0 0 29 0 0 21 0 421737 0 0 2 1 0 146 0 27 0 0 41
62 386960 T 54 0 0 0 0 1 0 51 35 0 0 1 2 3 16 27 386763 0 1 4 2
63 403308 I 0 0 0 0 0 0 0 403011 26 31 103 0 0 4 5 1 76 48 0 0 3
64 414649 E 4 0 31 414386 0 74 0 1 45 0 0 0 0 12 0 0 1 25 0 0 70
65 394445 R 0 0 0 1 0 79 0 35 56 0 0 1 0 1 394204 20 13 0 0 0 35
66 405749 M 0 0 1 3 0 0 0 116 26 26 405475 2 0 0 2 0 50 47 1 0 0
67 388437 V 68 1 0 59 0 13 0 4 0 50 72 0 0 1 1 0 0 388166 2 0 0
68 419629 L 0 2 0 0 32 0 24 38 0 419425 1 0 73 0 7 1 0 24 0 2 0
69 435392 S 5 18 0 1 26 1 0 0 0 2 1 0 75 1 0 435197 21 0 0 44 0
70 460840 A 460488 8 49 0 5 18 0 0 2 2 0 1 16 0 0 43 158 50 0 0 0
71 446494 F 5 4 1 1 446274 1 0 12 1 115 0 0 0 0 0 51 0 8 0 18 3
72 445942 D 4 3 445634 64 0 86 17 0 1 0 0 56 0 0 0 0 13 27 0 37 0
73 414684 E 0 0 14 414381 0 67 0 0 146 0 0 0 0 14 3 0 1 19 0 0 39
74 423398 R 0 0 0 2 0 86 1 32 51 0 0 0 0 0 423146 39 18 0 0 0 23
75 433015 R 0 0 0 0 0 84 0 0 64 0 31 0 0 0 432735 68 13 0 20 0 0
76 465589 N 0 0 79 16 0 0 3 38 60 0 0 465280 0 1 1 71 9 0 1 30 0
77 465880 K 1 0 0 72 1 0 0 25 465613 0 0 65 0 5 48 1 5 0 0 1 43
78 363312 Y 0 32 3 0 19 0 62 3 0 0 0 20 0 1 0 3 0 0 0 363142 27
79 358674 L 0 0 0 0 0 1 0 1 0 358499 38 0 85 40 2 0 0 7 0 0 1
80 334732 E 1 0 21 334544 0 68 0 0 46 0 0 0 0 9 0 0 0 22 0 0 21
81 316625 E 0 0 21 316438 0 51 0 0 53 0 0 3 0 9 0 0 0 23 0 0 27
82 364802 H 0 0 15 0 0 1 364619 0 0 8 0 45 5 22 37 1 9 0 0 40 0
83 489835 P 15 1 0 1 0 0 50 6 1 46 0 0 489570 1 26 61 55 1 0 1 0
84 493952 S 6 8 0 0 0 116 0 53 0 2 0 90 6 2 85 493571 13 0 0 0 0
85 525883 A 525371 1 0 59 0 33 0 0 0 0 0 0 25 9 36 47 227 74 0 0 1
86 578135 G 21 0 0 89 0 577800 1 0 0 1 0 0 1 0 101 0 1 57 63 0 0
87 603632 K 0 0 0 201 0 0 0 1 603093 0 31 123 0 5 132 2 12 0 0 0 32
88 615928 D 4 0 615553 54 0 98 15 16 0 2 0 84 0 0 0 0 0 47 0 55 0
89 561593 P 17 0 1 0 1 0 76 0 1 58 0 0 561285 0 22 67 65 0 0 0 0
90 562737 K 0 1 0 75 0 0 0 2 562516 0 8 32 0 5 83 1 7 0 0 0 7
91 519429 K 0 0 0 96 0 0 0 16 519180 1 2 19 1 2 89 0 5 1 0 0 17
92 473414 T 60 1 0 1 0 1 0 25 0 7 0 53 24 0 0 33 473209 0 0 0 0
93 469017 G 13 0 0 39 0 468783 0 1 0 0 0 0 1 0 95 0 0 37 0 0 48
94 439414 G 10 0 2 42 0 439217 0 0 0 0 0 0 0 2 56 0 0 34 0 0 51
95 463102 P 21 0 2 0 0 0 51 0 0 41 0 0 462902 1 12 35 37 0 0 0 0
96 503986 I 0 0 0 0 0 0 2 503687 44 51 54 0 7 2 0 0 77 53 0 9 0
97 520775 Y 0 85 3 0 48 0 93 10 0 0 0 29 0 13 0 4 0 0 1 520439 50
98 446973 K 0 0 0 83 0 0 0 0 446676 5 22 46 0 8 95 0 11 0 0 1 26
99 327064 R 0 0 0 0 0 58 0 25 37 1 0 0 0 0 326891 23 10 0 0 0 19
100 321332 V 38 0 0 26 0 8 0 58 0 34 0 0 0 3 0 0 0 321165 0 0 0
101 379006 D 2 0 378788 41 0 46 17 1 0 0 0 50 0 0 0 0 0 29 0 32 0
102 388887 R 0 0 0 0 0 69 0 23 65 1 0 0 0 1 388668 20 21 0 0 0 19
103 406430 K 0 0 0 71 0 0 0 0 406209 0 13 29 0 4 82 0 9 0 0 0 13
104 415934 W 1 38 0 0 0 6 0 0 0 28 0 0 0 0 78 16 1 4 415648 0 114
105 428842 M 1 0 5 0 0 0 0 129 39 48 428474 0 1 0 8 0 56 80 1 0 0
106 449293 R 1 0 0 4 0 94 1 0 52 0 56 0 1 0 448953 77 16 0 38 0 0
107 446072 E 6 0 35 445620 0 79 0 0 228 0 0 2 0 20 0 0 0 18 0 0 64
108 445856 L 0 0 0 0 22 0 28 37 0 445666 0 0 74 0 6 3 1 19 0 0 0
109 428802 V 91 0 26 0 27 4 0 117 0 17 0 0 1 1 1 1 0 428516 0 0 0
110 460993 L 0 0 0 0 43 0 16 47 0 460774 0 0 95 0 7 1 0 10 0 0 0
111 445593 Y 0 82 5 0 39 0 89 0 1 4 11 12 0 0 1 7 0 0 0 445284 58
112 395322 D 6 0 394866 59 0 84 15 0 0 1 0 206 0 0 0 0 4 49 0 29 3
113 363600 K 0 0 1 53 0 1 0 15 363420 0 0 21 0 25 47 0 4 0 0 0 13
114 432258 E 0 0 25 432012 0 64 0 0 84 0 0 1 0 16 3 0 0 26 0 0 27
115 487679 E 5 0 38 487407 0 87 0 0 57 0 0 1 0 11 12 0 0 35 0 0 26
116 516597 I 0 0 0 1 0 0 0 516248 40 42 103 15 0 0 4 1 66 73 0 0 4
117 496920 R 0 0 0 0 0 102 0 2 59 2 40 0 0 0 496648 44 7 0 15 0 1
118 487344 R 0 0 0 2 0 40 0 0 0 42 0 1 26 95 487068 0 0 0 0 0 70
119 522240 I 1 0 0 0 12 0 0 522030 0 13 7 30 0 0 0 32 48 67 0 0 0
120 491380 W 0 37 0 0 0 7 0 0 6 33 0 0 0 0 132 14 0 0 491034 0 117
121 506210 R 0 136 0 0 0 40 147 0 0 34 0 0 23 0 505773 57 0 0 0 0 0
122 479231 Q 0 0 0 11 0 1 36 0 41 22 0 0 7 478965 78 0 0 0 0 0 70
123 551474 A 551122 0 62 1 1 18 0 0 0 0 0 0 24 0 0 47 140 59 0 0 0
124 609241 N 3 0 92 0 0 0 11 55 71 1 0 608886 2 13 0 78 11 0 0 18 0
125 593524 N 0 1 104 0 0 0 4 36 44 0 3 593216 0 0 0 73 7 0 0 31 5
126 473636 G 13 56 83 0 0 473351 0 0 0 7 0 3 0 0 12 83 1 26 1 0 0
127 471250 D 3 2 470958 43 0 77 11 0 0 1 1 91 0 0 0 0 0 32 0 31 0
128 459883 D 7 0 459588 59 0 56 9 0 0 0 2 80 0 0 0 0 1 32 0 48 1
129 467441 A 467086 3 0 47 0 23 0 0 0 0 0 0 33 0 0 35 132 80 0 0 2
130 413180 T 50 0 0 0 0 0 0 24 48 0 0 1 5 1 11 21 413019 0 0 0 0
131 381078 A 380931 0 32 0 0 13 0 0 0 1 0 0 12 0 0 31 30 28 0 0 0
132 463077 G 19 41 54 0 0 462833 0 6 0 2 1 0 0 0 17 65 0 39 0 0 0
133 486976 L 0 0 1 0 1 0 0 11 0 486725 42 0 148 23 5 1 0 19 0 0 0
134 571670 T 83 0 1 0 1 0 0 55 0 1 0 48 1 1 0 73 571405 1 0 0 0
135 593106 H 0 0 24 0 0 0 592753 0 0 53 0 55 9 78 79 2 0 0 0 53 0
136 627246 M 0 0 1 0 0 0 3 193 38 52 626714 0 0 0 8 0 129 106 1 0 1
137 641320 M 0 1 0 0 1 1 0 217 46 59 640752 0 0 0 6 0 90 147 0 0 0
138 573487 I 0 0 0 0 44 1 0 573196 0 4 18 36 0 0 0 10 83 93 1 0 1
139 544354 W 1 102 0 0 0 32 0 0 0 44 1 0 0 1 165 24 0 0 543829 0 155
140 518291 H 0 0 35 0 0 0 517933 1 0 49 0 76 7 18 83 0 0 0 0 89 0
141 514535 S 4 20 0 0 51 0 1 0 0 0 0 0 99 0 0 514277 23 1 0 59 0
142 509624 N 0 0 63 0 0 0 8 23 22 0 0 509434 0 0 0 51 5 0 0 18 0
143 500008 L 0 0 0 0 70 0 0 0 0 499797 24 0 0 1 0 83 1 1 5 0 26
144 478110 N 0 0 92 0 0 0 3 16 61 0 1 477828 0 0 1 73 8 1 0 26 0
145 464006 D 2 0 463742 28 0 63 19 1 0 0 0 63 0 0 0 0 1 38 0 46 3
146 448500 T 125 0 0 0 0 0 0 51 37 0 0 10 4 3 19 30 448218 0 0 0 3
147 586943 T 116 0 0 0 0 1 6 74 59 2 0 4 7 3 24 49 586596 0 0 2 0
148 534240 Y 0 50 2 0 32 0 86 6 0 1 1 33 0 0 0 12 6 0 0 533939 72
149 537907 Q 0 0 0 25 0 0 73 0 48 45 0 0 13 537509 126 1 3 3 0 0 61
150 515629 R 0 0 0 5 0 121 0 0 74 0 43 1 0 0 515298 38 20 0 29 0 0
151 564409 T 107 0 2 3 0 3 0 79 31 0 0 0 10 1 24 75 564074 0 0 0 0
152 594199 R 0 0 0 0 0 111 0 33 127 1 0 0 0 10 593843 14 22 0 0 0 38
153 655027 A 654752 0 58 0 0 23 0 0 0 0 0 0 26 1 0 54 70 43 0 0 0
154 699098 L 0 0 0 0 47 0 46 66 0 698829 0 0 87 0 4 2 0 17 0 0 0
155 710589 V 84 2 93 0 39 16 0 82 0 21 0 0 1 0 1 0 0 710249 0 0 1
156 726880 R 1 185 0 0 2 28 229 0 0 64 0 0 33 0 726235 102 0 0 0 1 0
157 731204 T 107 0 0 0 0 0 2 119 1 0 0 45 15 0 0 69 730845 0 1 0 0
158 747998 G 34 56 182 0 0 747283 1 0 0 2 0 0 0 0 30 333 0 77 0 0 0
159 774565 M 1 0 1 0 0 1 2 285 31 79 773910 0 0 0 13 0 93 148 1 0 0
160 873382 D 7 1 872843 85 0 168 28 10 0 1 0 120 1 1 0 0 0 44 0 73 0
161 778515 P 23 0 3 0 1 0 105 2 0 82 0 0 778087 4 27 116 64 0 0 0 1
162 732721 R 1 1 1 3 1 205 0 1 107 0 64 0 1 4 732226 52 20 0 32 1 1
163 670520 M 1 1 0 1 1 7 0 286 31 60 669891 0 1 0 6 0 64 165 4 0 1
164 657846 C 0 657276 0 0 57 5 2 0 0 4 0 0 0 0 107 99 1 0 25 213 57
165 621109 S 23 13 0 0 35 0 0 0 0 2 0 0 103 0 1 620844 35 0 0 53 0
166 612881 L 0 3 5 0 0 0 0 0 0 612564 90 0 135 59 9 1 0 14 1 0 0
167 599194 M 0 2 0 0 0 0 0 225 43 66 598656 0 0 0 4 0 93 105 0 0 0
168 560657 Q 0 0 0 32 0 1 86 0 66 29 0 0 16 560192 137 0 0 1 0 0 97
169 520215 G 16 29 55 0 0 520011 0 0 0 1 0 1 0 0 11 64 0 27 0 0 0
170 565530 S 5 1 0 0 0 0 0 0 0 141 0 0 71 1 2 565187 45 0 28 0 49
171 555255 T 86 0 1 0 0 0 0 55 0 0 0 36 7 1 0 81 554983 5 0 0 0
172 596055 L 0 2 0 0 32 0 42 54 0 595744 0 0 150 1 8 4 1 17 0 0 0
173 768780 P 16 0 0 0 0 0 86 0 0 89 0 0 768396 5 22 91 74 0 0 0 1
174 780448 R 0 0 0 3 0 144 0 0 86 0 72 0 1 0 779970 79 31 1 52 0 9
175 631233 R 1 0 0 2 0 141 0 1 62 4 33 0 0 0 630892 45 8 0 44 0 0
176 683109 S 9 23 0 0 49 6 0 1 0 3 1 0 117 0 0 682787 44 4 2 63 0
177 711287 G 17 0 0 89 0 710941 0 0 1 0 0 0 0 0 121 1 0 45 0 0 72
178 685013 A 684750 0 59 1 0 13 0 1 0 1 0 1 22 0 1 55 58 51 0 0 0
179 705132 A 704558 1 0 68 0 32 0 0 1 1 0 0 26 0 0 70 238 136 0 0 1
180 720999 G 20 64 56 0 0 720720 1 0 0 3 0 0 0 1 14 74 0 43 2 0 1
181 714829 A 714385 0 60 0 0 8 0 0 0 0 0 0 35 0 1 80 210 49 0 0 1
182 729780 A 729006 0 0 86 0 42 1 0 0 0 0 0 31 3 0 96 251 262 0 0 2
183 779143 V 103 1 69 0 38 4 0 121 0 20 0 2 1 1 0 11 1 778771 0 0 0
184 791920 K 1 0 1 111 1 0 2 40 791434 0 0 109 0 42 121 0 8 0 0 2 48
185 667535 G 14 0 0 119 1 667242 0 0 0 0 0 0 0 1 80 0 0 31 0 0 47
186 655998 V 78 2 32 0 34 6 6 109 0 24 0 1 0 0 0 7 2 655697 0 0 0
187 648304 G 24 0 5 99 0 647939 0 0 1 0 0 0 3 0 99 1 0 63 70 0 0
188 510204 T 113 0 2 1 0 0 0 76 38 0 0 3 4 12 27 67 509860 1 0 0 0
189 417207 M 0 1 0 1 0 0 0 126 32 31 416888 2 0 0 7 0 51 61 7 0 0
190 396997 V 53 0 2 37 0 7 0 0 0 29 61 0 0 0 0 1 0 396807 0 0 0
191 381122 M 0 0 1 0 0 0 0 121 32 42 380800 0 0 0 4 0 62 59 1 0 0
192 343440 E 4 0 35 343206 0 91 0 0 35 1 1 0 0 12 1 0 0 29 0 0 25
193 427287 L 0 0 0 1 35 1 0 0 0 427119 20 1 0 2 1 79 0 8 4 0 16
194 509821 I 1 0 7 5 0 0 1 509442 19 57 97 0 1 1 2 0 77 101 0 0 10
195 483431 R 0 0 1 0 0 104 0 0 52 2 51 0 1 0 483124 56 12 0 28 0 0
196 507710 M 0 0 0 0 0 0 0 157 40 46 507298 0 0 0 9 0 76 84 0 0 0
197 543496 I 0 0 7 0 50 1 0 543153 1 2 25 54 0 0 0 5 80 117 0 0 1
198 515258 K 1 0 0 82 0 0 0 6 514993 0 1 64 0 18 80 0 7 0 0 0 6
199 481957 R 0 64 0 0 0 14 102 0 0 36 0 0 12 0 481674 49 3 3 0 0 0
200 476665 G 10 1 2 67 0 476364 0 0 0 0 0 0 0 0 115 0 0 52 54 0 0
201 474582 I 1 0 1 0 43 0 0 474287 0 7 8 23 0 1 0 3 70 138 0 0 0
202 486063 N 0 0 92 0 0 0 12 21 49 1 3 485782 0 2 0 77 2 0 0 22 0
203 453777 D 2 0 453553 36 0 62 11 0 0 0 0 41 0 0 0 0 1 40 0 31 0
204 471231 R 0 0 0 0 0 17 0 0 0 61 0 0 25 105 470937 1 0 1 84 0 0
205 488280 N 0 0 79 1 0 1 1 23 41 0 0 487979 0 0 1 134 4 0 0 16 0
206 583800 F 0 4 0 0 583495 0 0 18 0 175 0 1 1 0 0 73 1 11 0 21 0
207 601445 W 0 64 0 5 1 12 0 0 0 89 0 0 0 0 169 36 0 0 600869 0 200
208 445067 R 0 0 0 1 0 123 0 31 44 0 1 0 0 2 444764 52 11 0 0 0 38
209 477709 G 11 37 65 0 0 477500 0 1 0 0 0 0 0 1 16 54 0 24 0 0 0
210 509761 E 3 0 72 509400 0 91 0 0 72 1 0 0 0 16 0 0 0 31 0 0 75
211 495000 N 3 0 83 0 0 0 18 46 38 8 9 494694 0 0 0 71 6 0 0 24 0
212 463003 G 17 0 3 56 0 462740 0 0 0 5 0 0 0 0 95 0 0 36 1 0 50
213 453511 R 0 0 3 2 0 27 0 1 0 34 0 0 17 97 453216 0 4 0 0 0 110
214 446726 K 0 0 0 63 0 0 0 9 446553 0 0 25 0 6 56 0 6 0 0 0 8
215 444829 T 55 0 0 0 0 0 0 30 35 0 0 9 84 18 7 48 444543 0 0 0 0
216 417462 R 0 0 0 1 0 70 0 0 62 0 40 0 0 1 417204 56 10 0 18 0 0
217 385574 S 1 29 0 3 0 68 0 13 0 0 0 68 0 1 47 385332 11 1 0 0 0
218 403702 A 403442 0 48 0 0 24 0 0 0 3 0 0 12 0 0 47 87 39 0 0 0
219 400391 Y 0 70 1 0 19 0 66 0 0 1 0 7 0 0 0 7 12 0 0 400142 66
220 404328 E 4 0 54 404029 0 75 0 0 85 0 0 0 0 10 4 0 1 29 0 0 37
221 356011 R 0 0 1 7 0 86 0 18 58 7 1 0 0 1 355771 20 16 0 0 0 25
222 309995 M 0 1 0 1 0 0 0 89 32 25 309762 3 0 0 3 0 37 42 0 0 0
223 386886 C 1 386515 0 0 44 7 1 0 0 8 1 0 0 1 83 75 1 5 23 86 35
224 400304 N 0 0 82 1 0 0 16 41 51 0 0 400035 0 0 0 50 5 1 0 22 0
225 416364 I 0 0 0 0 15 0 0 416177 0 12 0 16 0 0 0 5 95 44 0 0 0
226 434166 L 0 0 0 1 33 0 35 38 0 433952 0 0 91 0 3 4 0 9 0 0 0
227 448773 K 0 0 0 64 0 0 0 23 448577 0 0 17 0 16 52 0 5 0 0 0 19
228 457502 G 17 0 0 49 0 457315 0 0 0 1 0 0 0 0 70 0 0 25 0 0 25
229 466868 K 0 0 0 84 0 0 0 4 466638 0 0 54 0 2 60 0 3 0 0 0 23
230 488192 F 1 7 0 0 487943 0 1 36 0 109 0 0 0 0 0 70 0 3 0 22 0
231 464378 Q 1 0 0 22 1 0 18 0 54 16 0 0 5 464046 130 11 2 0 0 0 72
232 441148 T 65 0 0 0 0 0 0 44 36 0 0 2 29 1 20 18 440933 0 0 0 0
233 438118 A 437906 0 54 0 0 16 0 0 0 1 0 0 17 1 0 36 54 33 0 0 0
234 388026 A 387712 1 0 47 0 16 1 0 0 1 0 0 25 0 0 50 122 50 0 0 1
235 382014 Q 1 2 0 7 0 0 32 0 47 13 0 0 5 381805 45 0 17 0 0 0 40
236 378641 R 0 0 0 0 0 149 0 1 90 2 37 1 0 1 378301 37 10 0 12 0 0
237 380395 A 380063 0 0 23 0 85 0 0 0 0 0 0 24 14 0 41 76 69 0 0 0
238 397848 M 2 0 0 0 0 0 1 131 33 22 397542 8 0 0 5 0 50 48 0 0 6
239 351168 M 0 0 1 2 0 0 1 163 26 25 350818 0 0 3 5 0 44 79 0 0 1
240 421992 D 2 0 421732 48 0 71 7 1 0 0 0 52 0 0 0 0 0 28 0 51 0
241 402262 Q 0 0 0 24 0 0 28 0 34 32 0 0 2 402031 74 0 0 0 0 0 37
242 464186 V 60 0 0 39 1 1 0 0 0 35 92 0 0 0 0 0 3 463954 0 0 1
243 464101 R 0 0 0 2 0 112 0 33 74 2 0 0 0 0 463775 40 11 0 0 0 52
244 456137 E 6 0 32 455896 1 91 0 0 46 0 0 0 0 16 3 0 2 17 0 0 27
245 484686 S 0 7 0 0 0 140 0 15 0 0 0 83 0 0 63 484355 20 2 0 0 1
246 473505 R 0 0 0 0 0 17 0 0 0 51 0 0 20 149 473188 3 0 0 77 0 0
247 478455 N 0 0 68 1 0 0 1 22 76 1 0 478177 0 0 0 80 10 0 0 19 0
248 496051 P 13 0 0 0 0 1 0 0 0 59 0 0 495825 57 16 39 41 0 0 0 0
249 516829 G 22 0 0 81 0 516524 0 0 2 1 0 0 0 0 109 0 0 26 0 0 64
250 497729 N 0 1 91 0 0 0 10 20 50 0 16 497443 0 1 0 65 14 0 0 18 0
251 531740 A 531352 5 73 0 0 28 1 1 0 11 0 0 20 0 0 57 119 73 0 0 0
252 516838 E 5 1 55 516490 1 111 0 0 70 0 2 0 0 15 7 0 0 38 0 0 43
253 542257 I 0 0 7 0 37 0 1 541956 0 2 28 40 0 0 0 8 89 88 0 1 0
254 526486 E 1 0 49 526063 1 82 0 0 156 0 0 0 0 30 3 1 0 43 0 0 57
255 536499 D 1 0 536259 40 0 71 13 2 1 0 1 42 0 1 0 1 0 35 0 32 0
256 513386 L 0 2 1 0 37 0 64 58 0 513086 0 0 113 0 9 3 0 13 0 0 0
257 517681 I 0 0 0 0 20 0 2 517461 0 9 9 27 0 0 0 27 61 65 0 0 0
258 478301 F 0 2 0 0 478091 0 0 20 0 104 0 0 0 0 0 69 0 5 1 9 0
259 470441 L 0 0 0 0 0 4 1 1 0 470261 38 0 77 40 5 0 0 14 0 0 0
260 479594 A 479220 1 2 64 0 36 1 0 0 0 0 0 30 0 0 37 96 107 0 0 0
261 414129 R 0 0 0 0 0 17 0 0 0 23 0 0 12 82 413903 0 0 0 92 0 0
262 503666 S 5 15 0 0 55 2 0 0 1 0 0 0 83 0 0 503433 30 2 0 40 0
263 494135 A 493617 1 1 84 0 26 0 0 0 1 0 0 31 1 0 55 183 133 0 1 1
264 424468 L 0 0 1 4 78 0 38 28 0 424211 0 0 82 3 2 5 0 16 0 0 0
265 452514 I 1 1 0 0 0 0 10 452122 28 52 143 3 0 1 3 6 83 60 0 1 0
266 479542 L 0 0 1 17 53 0 0 4 0 479291 42 0 1 0 1 75 0 19 10 1 27
267 475453 R 1 0 0 1 0 120 0 25 78 0 0 0 1 0 475139 34 22 0 0 0 32
268 540682 G 13 1 0 78 0 540370 0 0 0 0 0 0 0 1 125 0 0 48 46 0 0
269 569346 S 8 0 0 0 0 1 0 2 0 75 0 0 78 0 0 569030 45 8 0 0 99
270 580177 V 80 1 49 0 37 1 0 66 0 17 0 0 0 0 0 7 0 579919 0 0 0
271 562889 A 562556 0 63 0 0 21 0 0 0 0 0 0 21 0 0 63 90 75 0 0 0
272 565812 H 0 0 24 0 0 0 565451 1 0 50 0 64 3 87 68 9 1 0 0 54 0
273 570437 K 0 0 0 62 0 0 1 26 570199 0 0 59 0 12 65 0 2 0 0 0 11
274 547698 S 1 11 0 0 29 0 0 0 0 19 0 0 59 0 0 547515 25 0 0 39 0
275 513278 C 0 513000 0 0 22 3 0 0 0 5 0 0 0 0 86 18 1 5 2 61 75
276 435000 L 1 4 0 0 1 0 0 0 1 434846 47 0 29 49 9 0 0 13 0 0 0
277 367762 P 26 1 0 0 0 0 73 0 0 72 0 0 367388 1 25 117 58 1 0 0 0
278 337787 A 337409 0 49 0 0 21 0 0 0 2 0 0 37 0 2 64 155 48 0 0 0
279 302878 C 0 302490 0 0 38 21 0 0 0 1 0 0 1 0 162 26 0 0 16 83 40
280 275127 V 43 0 0 31 0 5 0 0 0 23 39 0 0 0 0 2 0 274983 1 0 0
281 182332 Y 0 33 2 0 15 0 41 0 0 0 0 4 0 0 1 3 1 2 6 182211 13
282 136367 G 0 0 3 53 0 136232 0 0 0 0 0 0 0 0 51 0 0 7 0 0 21
283 195161 P 17 0 0 0 0 1 50 0 0 33 0 0 194965 8 6 46 35 0 0 0 0
284 387971 A 387585 3 29 0 0 21 0 0 0 0 0 0 37 0 0 45 130 121 0 0 0
285 390327 V 72 0 0 33 0 4 0 109 0 51 0 0 0 2 6 0 0 390050 0 0 0
286 439897 A 439684 0 33 0 0 11 0 0 0 2 0 0 16 0 0 55 52 44 0 0 0
287 546245 S 0 44 0 0 0 71 0 43 0 0 0 147 1 8 174 545722 35 0 0 0 0
288 598410 G 15 52 50 0 0 598132 0 0 0 0 0 0 0 0 13 92 0 55 0 1 0
289 600395 Y 0 99 4 0 46 1 141 0 0 1 0 22 0 0 0 4 0 0 0 600010 67
290 643244 D 2 0 642903 40 0 91 12 0 0 1 0 127 0 0 1 0 0 33 1 33 0
291 631876 F 0 1 0 0 631529 0 3 15 0 198 0 1 0 0 0 91 0 8 0 30 0
292 636556 E 3 0 18 636113 0 168 0 0 143 0 0 0 2 18 12 5 0 30 0 0 44
293 629648 K 0 0 0 84 0 2 0 22 629420 0 0 35 0 6 71 0 2 0 0 0 6
294 614885 E 7 0 62 614428 0 158 0 1 102 0 0 0 0 15 53 0 0 27 0 0 32
295 584596 G 22 0 25 86 0 584251 0 2 0 0 0 0 0 0 70 0 0 81 0 0 59
296 500880 Y 0 78 5 0 29 0 58 1 0 1 0 34 0 0 0 3 1 1 0 500607 62
297 441821 S 3 11 0 0 25 0 1 0 0 6 0 0 64 0 0 441629 39 0 0 43 0
298 418560 L 0 1 0 0 35 0 0 11 0 418407 0 1 1 0 0 62 0 4 0 0 38
299 466324 V 44 0 0 40 0 4 0 0 0 39 57 0 1 1 0 4 5 466110 18 1 0
300 332617 G 8 0 0 78 0 332392 0 0 0 0 0 0 1 0 56 0 0 39 0 0 43
301 545638 I 0 0 0 8 1 0 0 545179 58 49 147 5 0 1 15 0 86 82 0 0 7
302 541545 D 8 0 541065 83 2 69 17 0 0 0 0 174 1 0 4 1 9 32 0 80 0
303 526367 P 19 1 0 0 0 0 75 0 0 41 0 0 526114 0 12 46 58 0 0 0 1
304 598610 F 0 2 0 0 598233 0 0 45 0 136 0 0 1 0 0 124 0 11 0 58 0
305 598443 K 0 0 0 89 1 0 0 31 598131 0 0 82 0 19 63 1 4 0 0 0 22
306 596471 L 0 0 0 0 0 0 0 0 0 596258 41 0 99 27 26 0 0 20 0 0 0
307 615089 L 10 0 0 0 45 1 29 38 0 614832 0 0 100 0 7 0 0 27 0 0 0
308 620491 Q 0 0 0 23 0 0 18 1 41 29 0 0 6 620172 121 14 0 0 0 0 66
309 616092 N 0 0 51 0 0 0 13 30 72 1 1 615718 0 1 1 90 104 0 0 10 0
310 601505 S 5 29 0 0 1 87 0 39 1 0 0 118 1 1 106 601077 40 0 0 0 0
311 650495 Q 1 0 0 26 0 0 25 0 60 50 0 0 15 650147 95 0 0 1 0 0 75
312 712473 V 67 0 0 51 0 12 0 126 2 72 0 0 0 0 0 0 0 712139 0 4 0
313 659005 Y 0 86 6 0 44 0 126 0 0 0 0 34 0 0 0 5 1 1 1 658598 103
314 655941 S 4 23 0 0 1 144 0 66 1 1 0 102 1 1 111 655453 33 0 0 0 0
315 637934 L 0 0 0 0 1 1 0 65 0 637646 1 0 153 44 5 0 0 17 0 0 1
316 688430 I 0 0 1 0 35 0 0 688146 0 11 29 56 0 0 0 4 86 62 0 0 0
317 643818 R 0 0 3 0 0 195 0 39 94 6 0 0 0 1 643413 31 18 0 0 0 18
318 643135 P 38 0 2 0 0 1 1 0 0 117 0 0 642775 76 20 66 38 0 0 0 1
319 652413 N 0 0 64 1 0 0 5 19 78 0 0 652096 2 0 6 106 11 1 0 24 0
320 674335 E 0 0 73 673956 0 82 0 0 105 1 0 0 0 15 5 0 0 56 0 1 41
321 713120 N 0 0 88 5 0 0 7 31 56 2 0 712806 0 0 0 94 7 1 0 23 0
322 728602 P 15 0 0 0 0 0 0 2 0 106 0 0 728245 92 32 63 47 0 0 0 0
323 739377 A 738914 2 3 81 0 31 2 0 0 0 0 0 26 7 4 82 91 134 0 0 0
324 785711 H 1 0 39 0 0 0 785152 0 0 110 0 68 15 104 129 2 4 0 0 86 1
325 790563 K 1 0 0 199 0 0 0 0 789975 0 48 71 1 19 199 1 22 1 0 0 26
326 660892 S 0 42 1 0 0 134 0 33 0 3 0 130 0 0 69 660453 26 1 0 0 0
327 653697 Q 0 1 0 34 0 0 79 12 100 20 0 0 12 653178 168 0 0 0 0 0 93
328 532619 L 4 0 0 1 0 0 0 0 0 532439 62 0 55 28 5 2 2 21 0 0 0
329 584139 V 64 1 0 39 1 7 0 0 0 68 75 0 0 13 0 1 1 583842 27 0 0
330 578458 W 0 73 24 0 1 6 0 0 0 61 0 0 0 0 118 22 0 8 577917 1 227
331 551078 M 0 0 4 1 0 2 0 176 44 48 550617 0 0 0 10 0 68 107 1 0 0
332 569062 A 568625 2 0 57 0 30 1 0 1 0 0 0 31 0 1 60 133 121 0 0 0
333 599392 C 2 598893 0 0 50 8 2 1 0 2 2 0 0 0 103 83 0 0 32 142 72
334 612553 H 1 0 19 0 0 0 612191 9 0 31 0 65 16 39 84 0 0 0 0 97 1
335 577347 S 4 28 0 0 68 1 0 1 0 7 0 0 48 0 0 577089 41 0 0 60 0
336 535253 A 534900 1 54 0 1 18 4 0 0 1 0 0 25 0 0 53 140 56 0 0 0
337 511021 A 510672 2 0 50 0 29 0 0 0 0 0 0 20 0 0 60 110 78 0 0 0
338 519510 F 2 5 0 0 519248 0 0 24 1 116 0 0 0 0 0 87 1 12 0 13 1
339 508008 E 0 0 49 507654 0 121 0 0 67 0 1 0 0 20 0 0 0 38 0 0 58
340 468070 D 4 0 467777 32 0 88 13 0 0 2 0 84 0 0 0 0 0 44 0 26 0
341 494946 L 0 0 0 1 1 0 0 67 1 494718 1 0 102 28 3 5 0 17 0 0 2
342 478341 R 0 0 0 7 0 79 1 46 73 0 0 0 0 4 478070 31 12 0 0 0 18
343 429282 V 51 0 0 60 0 2 0 54 1 31 0 0 0 0 1 0 0 429081 0 0 1
344 420492 L 0 0 0 0 39 0 0 33 0 420314 0 0 1 0 0 59 0 7 0 0 39
345 377286 S 1 14 0 0 0 35 0 27 0 0 0 42 0 0 52 377099 15 0 0 0 1
346 332227 F 0 5 0 0 332020 0 0 7 0 92 0 0 0 0 2 75 0 6 0 20 0
347 408762 I 1 0 0 0 25 0 0 408561 1 6 16 31 0 0 0 6 55 60 0 0 0
348 397623 R 0 0 0 0 0 80 0 35 49 0 0 0 0 0 397384 28 9 0 0 0 38
349 384085 G 13 0 0 56 0 383913 0 0 0 0 0 0 0 0 50 0 0 21 32 0 0
350 488334 T 101 0 20 0 0 0 0 46 0 0 1 45 10 0 0 72 488039 0 0 0 0
351 495396 K 0 0 0 53 0 0 0 26 495126 0 0 41 0 34 74 0 7 1 0 0 34
352 523878 V 81 0 1 31 0 4 0 68 1 53 0 0 0 0 1 12 0 523621 0 5 0
353 531320 S 2 10 0 0 325 0 0 24 0 0 0 0 584 0 0 530281 42 0 0 52 0
354 499953 P 10 0 0 0 0 0 0 0 8 50 0 0 499685 74 31 48 47 0 0 0 0
355 485541 R 0 1 0 0 0 101 0 0 108 11 55 0 0 0 485174 57 7 0 27 0 0
356 432336 G 15 0 0 44 0 432155 0 0 0 0 0 0 0 0 50 0 0 25 47 0 0
357 431657 K 0 0 0 124 0 0 0 16 431317 0 0 101 0 2 70 0 4 0 0 0 23
358 435617 L 0 0 0 0 50 0 11 36 0 435394 0 0 96 0 2 0 13 15 0 0 0
359 411342 S 5 18 0 0 52 0 0 0 0 2 0 0 105 0 0 411092 28 0 1 38 1
360 482250 T 77 2 0 0 0 0 1 46 0 3 0 25 8 0 1 58 482029 0 0 0 0
361 455806 R 1 0 0 0 0 66 0 26 60 11 0 1 0 0 455564 28 14 0 0 0 35
362 426159 G 19 0 0 31 0 425955 0 0 1 1 0 0 1 4 52 5 0 51 0 0 39
363 499872 V 100 0 0 32 3 10 0 69 0 42 0 0 0 0 1 0 1 499614 0 0 0
364 495937 Q 0 0 0 24 0 0 40 0 55 26 0 0 17 495621 76 0 8 0 0 2 68
365 512327 I 0 0 0 0 29 0 0 512093 0 26 11 43 0 0 0 1 66 56 0 0 2
366 444748 A 444556 1 25 0 0 19 0 0 0 0 1 0 20 0 0 41 62 23 0 0 0
367 439049 S 5 0 0 0 1 1 0 0 0 30 0 0 51 1 0 438869 34 0 0 0 57
368 447637 N 0 0 54 0 0 0 4 15 23 0 2 447457 0 1 1 52 7 0 0 21 0
369 441816 E 5 0 12 441569 0 77 0 0 70 0 2 0 0 13 0 0 0 32 0 0 36
370 453838 N 1 0 68 0 0 0 8 32 38 0 0 453555 0 0 0 52 76 0 0 8 0
371 452740 M 0 0 0 0 1 0 0 190 37 36 452375 0 0 0 5 1 51 43 1 0 0
372 470363 D 8 0 470065 52 0 86 12 1 0 0 0 64 0 0 1 0 0 35 0 39 0
373 465215 A 464908 0 59 0 0 28 0 0 0 1 0 0 21 2 0 42 101 53 0 0 0
374 517547 M 1 0 0 0 0 2 0 278 48 42 516988 0 0 2 2 1 72 105 0 6 0
375 498192 E 4 0 27 497904 0 88 0 0 59 0 0 10 0 13 1 0 0 40 0 0 46
376 387251 S 1 0 0 0 0 0 1 3 0 24 0 0 55 3 0 387078 31 1 0 0 54
377 393266 S 0 32 0 0 0 59 0 13 0 1 0 53 1 0 40 393060 6 1 0 0 0
378 361356 T 55 0 0 0 0 0 0 28 0 2 0 22 2 1 0 27 361219 0 0 0 0
379 370952 L 0 1 0 0 17 1 20 40 0 370790 1 0 62 0 8 3 0 8 0 1 0
380 375932 E 2 0 22 375735 0 48 0 0 61 0 0 1 0 12 1 0 0 32 0 0 18
381 383827 L 0 0 0 0 1 1 1 0 0 383690 24 1 84 10 7 0 0 8 0 0 0
382 404490 R 0 0 0 1 0 80 0 26 44 1 1 1 0 1 404268 24 15 0 0 1 27
383 470872 S 0 13 1 4 0 70 0 20 1 1 0 93 0 2 91 470563 13 0 0 0 0
384 505456 R 0 0 0 1 0 167 0 0 65 0 41 0 0 1 505077 48 11 4 40 1 0
385 598303 Y 0 62 15 1 35 1 119 0 0 0 2 64 0 1 1 8 1 13 0 597904 76
386 585517 W 0 85 0 0 0 15 0 0 0 93 0 0 0 1 127 22 4 0 585007 0 163
387 538763 A 538343 0 59 0 4 50 1 0 0 0 0 0 44 0 1 34 116 111 0 0 0
388 591799 I 1 1 0 0 0 0 2 591380 28 63 129 1 3 4 8 0 93 81 0 0 5
389 556440 R 0 0 0 3 0 96 0 30 79 0 0 1 0 0 556170 32 7 0 0 0 22
390 571064 T 74 1 0 2 1 0 0 44 0 1 2 65 5 0 2 53 570813 0 0 0 1
391 583445 R 0 0 0 1 0 119 0 39 53 2 0 0 1 3 583149 32 11 1 0 0 34
392 560710 S 0 8 0 0 0 81 0 28 7 0 0 62 0 0 61 560452 10 0 1 0 0
393 576157 G 18 1 0 63 0 575846 0 0 1 1 0 1 0 2 104 1 0 65 2 0 52
394 543489 G 21 0 2 70 0 543212 0 0 0 0 0 0 0 0 82 0 1 51 0 0 50
395 549537 N 0 0 92 0 0 0 8 41 84 0 0 549155 1 0 1 76 57 2 0 20 0
396 551636 T 79 0 1 1 0 0 4 122 0 2 0 42 7 6 1 64 551304 0 0 0 3
397 631085 N 0 2 77 0 1 2 6 32 52 1 0 630788 0 0 1 84 11 1 0 25 2
398 638855 Q 0 0 1 16 0 1 61 2 65 35 0 16 19 638451 111 5 0 2 0 1 69
399 575059 Q 0 1 1 16 0 0 74 0 60 37 1 1 20 574662 110 0 11 0 0 0 65
400 515621 R 0 0 0 11 0 178 0 0 93 4 63 3 0 1 515179 43 10 0 36 0 0
401 491187 A 490873 0 48 2 0 35 0 0 0 1 0 1 41 1 0 52 66 67 0 0 0
402 494854 S 12 14 0 3 33 1 0 0 1 8 0 0 92 0 1 494587 31 0 0 71 0
403 497121 A 496713 1 0 54 0 28 0 0 0 0 0 0 22 6 1 55 99 141 0 0 1
404 517328 G 23 60 53 0 0 517102 0 0 0 0 0 0 0 0 7 46 1 35 0 0 1
405 517196 Q 0 3 0 15 0 0 33 9 48 37 0 0 20 516888 73 19 0 0 0 0 51
406 535671 I 0 0 0 1 33 0 0 535393 1 5 11 52 0 0 0 14 86 75 0 0 0
407 482901 S 0 24 0 0 0 121 1 36 0 7 0 93 0 1 70 482537 10 1 0 0 0
408 486004 V 96 3 0 50 0 8 0 0 0 42 160 0 1 0 0 0 0 485643 1 0 0
409 478352 Q 0 1 0 39 0 0 93 0 38 22 0 9 5 477872 68 0 11 2 0 0 192
410 435256 P 4 0 0 0 0 0 59 0 0 33 0 1 435011 2 7 68 71 0 0 0 0
411 464732 A 464274 7 0 55 0 17 3 0 0 1 0 0 20 0 0 92 194 68 0 0 1
412 471725 F 0 8 0 0 471499 0 1 59 0 91 0 0 0 0 0 45 0 11 0 10 1
413 412515 S 1 10 0 1 35 0 0 0 0 4 0 0 40 0 0 412363 19 1 0 40 1
414 431001 V 97 3 0 45 0 4 0 0 1 56 120 0 0 0 1 0 0 430674 0 0 0
415 442877 Q 15 0 0 42 0 3 21 1 55 29 0 0 6 442552 80 0 2 0 0 0 71
416 447223 R 0 0 0 21 0 156 0 29 47 2 0 0 0 0 446915 19 17 0 0 0 17
417 411809 N 0 0 86 1 0 0 10 17 68 5 0 411475 0 0 0 52 85 0 0 10 0
418 438959 L 0 0 0 0 29 0 32 52 0 438721 0 0 111 0 0 3 1 10 0 0 0
419 471848 P 24 0 0 0 0 0 15 0 0 55 0 0 471582 48 19 47 58 0 0 0 0
420 442498 F 1 5 0 1 442193 0 2 46 0 119 0 0 0 1 0 101 1 5 0 21 2
421 453514 D 6 0 453075 66 0 102 23 1 1 0 0 114 0 1 0 0 3 50 0 61 11
422 437139 K 0 1 0 85 0 1 0 19 436805 1 0 89 1 30 73 1 13 2 0 0 18
423 436113 P 23 0 0 0 0 3 0 0 2 37 0 0 435901 48 13 39 46 1 0 0 0
424 454358 T 68 0 0 1 0 0 0 59 0 3 0 60 12 1 0 32 454121 1 0 0 0
425 464321 I 0 0 0 2 26 1 4 464038 0 22 18 61 2 0 0 4 86 56 0 0 1
426 445952 M 0 2 1 0 0 0 2 184 37 57 445553 0 0 2 7 1 50 56 0 0 0
427 408759 A 408444 0 0 65 0 33 0 0 0 1 0 0 21 2 1 38 75 79 0 0 0
428 404756 A 404484 0 2 49 0 19 0 4 0 2 0 0 25 0 0 46 76 49 0 0 0
429 402586 F 0 3 0 0 402323 2 0 25 0 125 1 0 1 0 1 60 0 7 0 38 0
430 371248 T 73 0 0 0 0 1 1 44 0 2 0 23 10 2 1 39 371051 1 0 0 0
431 402921 G 16 0 0 51 0 402682 0 0 0 1 0 0 0 0 94 0 0 35 42 0 0
432 410841 N 1 0 80 2 0 3 5 38 39 0 0 410552 0 0 0 81 7 1 0 32 0
433 439395 T 80 1 1 0 0 0 0 89 59 1 0 1 4 5 31 54 439065 1 0 2 1
434 452070 E 4 0 66 451688 0 129 0 0 78 0 1 0 0 20 9 1 1 27 0 0 46
435 487512 G 21 0 2 122 0 487200 0 1 0 0 0 0 1 0 70 0 0 36 0 0 59
436 496546 R 1 0 3 8 0 83 0 31 92 1 0 2 0 0 496233 27 23 1 0 0 41
437 502718 T 93 2 0 0 0 0 0 56 57 1 0 1 3 0 13 45 502427 0 0 0 20
438 526206 S 10 1 1 0 1 2 0 2 0 56 0 1 69 1 2 525943 31 1 0 0 85
439 512919 D 9 0 512639 67 0 59 14 2 1 11 0 45 0 0 2 0 0 42 0 28 0
440 494360 M 0 1 0 0 0 1 1 130 22 39 494018 2 0 0 7 1 60 78 0 0 0
441 475885 R 0 0 0 1 0 83 0 0 51 0 72 0 0 0 475584 56 15 1 22 0 0
442 479383 A 479012 0 0 56 0 51 0 0 1 0 0 6 32 5 0 60 98 62 0 0 0
443 486139 E 2 0 25 485915 0 61 0 0 51 1 0 0 0 13 2 0 0 25 0 0 44
444 485494 I 1 0 0 0 24 2 0 485283 1 11 4 31 0 0 0 2 71 62 0 0 2
445 539431 I 0 1 0 0 0 0 0 539076 27 53 123 0 0 0 5 0 66 60 0 8 12
446 483145 R 4 1 3 0 0 108 0 0 82 1 70 0 0 0 482797 39 9 0 31 0 0
447 465552 M 1 0 1 0 1 0 0 165 44 45 465133 3 1 0 5 0 66 87 0 0 0
448 467730 M 0 0 3 1 0 1 0 142 61 58 467286 1 0 0 5 1 71 99 1 0 0
449 422794 E 2 0 29 422508 0 126 0 0 49 0 0 0 0 15 1 0 1 18 0 0 45
450 440508 G 13 47 66 0 0 440270 0 0 0 0 0 0 0 0 10 76 0 26 0 0 0
451 489128 A 488406 55 1 127 2 38 0 0 0 0 0 0 18 2 0 47 240 189 0 0 3
452 480632 K 0 0 0 67 0 0 0 10 480318 0 0 152 0 10 55 0 11 0 0 0 9
453 456006 P 10 0 0 0 0 1 0 0 0 34 0 0 455837 47 6 40 31 0 0 0 0
454 471625 E 2 1 25 471393 0 60 0 0 78 0 0 0 0 11 1 1 0 21 0 0 32
455 482205 E 1 0 28 481979 0 85 0 0 35 1 0 0 0 14 2 0 1 31 0 0 28
456 489443 M 0 4 0 0 0 3 0 134 53 33 489080 4 0 0 9 1 57 64 1 0 0
457 472823 S 11 16 0 0 41 0 1 0 0 1 0 0 75 0 1 472581 52 3 0 41 0
458 495542 F 1 3 0 0 495152 0 0 21 1 192 0 0 0 0 0 110 0 6 0 56 0
459 473006 Q 0 0 0 31 0 8 70 0 45 38 0 0 46 472384 316 0 0 0 0 1 67
460 428478 G 14 0 0 53 1 428263 0 0 1 1 0 0 1 1 98 1 1 30 12 0 1
461 415707 R 121 0 0 2 0 87 0 0 0 66 0 0 23 167 415132 0 1 1 107 0 0
462 361642 G 22 0 0 156 0 361291 0 0 0 0 0 0 0 2 73 3 0 25 0 0 70
463 350841 V 37 1 23 0 18 4 0 45 0 16 0 0 0 0 0 3 0 350694 0 0 0
464 374325 F 0 2 1 1 374053 0 0 20 0 151 0 0 0 0 0 64 0 8 0 24 1
465 437342 E 1 0 39 437059 0 88 0 0 83 2 0 0 0 18 1 1 0 10 0 0 40
466 373547 L 0 0 0 0 37 0 5 28 0 373397 1 0 63 2 0 0 0 8 0 6 0
467 395489 S 3 0 0 0 0 2 0 0 0 98 1 0 60 1 0 395254 20 0 5 0 45
468 435299 D 1 0 434994 39 0 97 13 0 0 0 0 80 0 1 0 3 15 24 0 32 0
469 509507 E 5 0 23 509071 0 114 0 0 170 0 0 1 0 19 37 0 1 24 0 0 42
470 547482 R 0 1 0 0 0 122 0 0 75 0 57 0 1 0 547141 50 9 0 26 0 0
471 534748 A 534325 0 0 57 0 54 0 0 0 0 0 0 25 4 0 46 81 156 0 0 0
472 545868 A 545286 1 1 64 0 32 0 0 0 1 1 1 23 0 3 74 213 168 0 0 0
473 585744 N 0 0 71 1 0 0 3 31 51 0 1 585464 0 0 0 86 14 0 0 22 0
474 574056 P 7 0 0 0 0 0 0 0 0 79 0 0 573791 68 21 46 44 0 0 0 0
475 544447 I 0 0 1 0 29 1 0 544179 0 9 10 56 2 0 1 14 77 68 0 0 0
476 493526 V 102 0 0 33 0 2 0 0 0 45 130 0 0 0 1 0 0 493213 0 0 0
477 485373 P 33 0 0 0 0 0 38 0 0 46 0 0 485137 0 17 59 42 0 0 0 1
478 464239 S 5 10 0 0 31 0 0 0 0 8 0 0 77 0 0 464054 17 0 0 37 0
479 504775 F 0 14 0 0 504469 1 0 16 0 184 0 0 0 0 0 60 1 5 0 20 5
480 506589 D 7 0 506113 66 0 65 16 0 0 1 0 161 0 0 0 0 70 53 0 37 0
481 437893 M 0 0 0 0 0 0 1 128 19 48 437548 0 0 0 8 0 68 73 0 0 0
482 544831 S 0 50 0 5 0 114 0 30 0 0 1 81 0 1 66 544463 16 4 0 0 0
483 607782 N 0 0 76 0 0 0 16 26 65 1 12 607492 0 0 0 58 4 0 0 31 1
484 532826 E 7 0 37 532509 0 62 0 0 79 0 0 0 0 23 0 0 1 55 0 0 53
485 477271 G 10 0 0 41 0 477030 0 0 0 0 0 0 0 0 95 0 0 57 0 0 38
486 483976 S 1 12 0 0 19 1 0 2 0 0 0 0 63 0 0 483829 15 0 0 34 0
487 484653 Y 0 50 1 0 16 0 85 1 0 1 0 5 0 0 0 0 0 0 0 484472 22
488 476035 F 0 0 0 0 475805 0 0 23 0 110 0 0 0 0 0 76 0 3 0 18 0
489 457645 F 0 0 0 0 457440 0 0 14 0 108 0 0 0 0 1 51 0 1 0 30 0
490 457427 G 15 0 0 24 0 457189 0 0 0 0 0 0 0 0 99 1 0 49 0 0 50
491 465070 D 4 0 464705 56 0 148 22 0 0 0 0 48 0 0 1 1 1 55 0 29 0
492 472789 N 0 0 65 0 0 0 3 27 47 0 3 472533 0 0 0 90 4 0 0 17 0
493 557302 A 556589 2 0 77 0 44 0 1 2 1 9 1 30 5 0 62 332 147 0 0 0
494 455200 E 7 1 53 454897 0 91 0 0 57 0 2 0 0 21 2 0 0 27 0 0 42
495 435399 E 11 0 49 434819 0 371 0 0 73 1 0 0 0 12 0 1 0 29 0 0 33
496 416286 Y 0 99 5 0 36 1 61 0 0 1 0 33 0 0 0 18 4 2 0 415971 55
497 385200 D 2 0 384672 186 0 101 12 0 1 2 0 139 0 0 0 1 2 47 0 35 0
498 292562 N 0 0 27 0 0 1 1 221 21 4 0 292228 2 0 3 39 2 1 0 12 0
