# nucleotide counts
# upper case indicates nucleotide called by both reads
# lower case indicates nucleotide called by one read with other ambiguous
# N indicates disagreement between reads, or both ambiguous
# POSITION WT COUNTS A T C G a t c g N
1 A 558509 558124 40 4 104 165 0 0 0 72
2 T 560087 50 559782 76 5 0 91 0 0 83
3 G 560247 74 41 8 559937 0 0 0 33 154
4 G 554008 40 30 9 553841 0 0 0 70 18
5 C 536665 42 329 536096 46 0 0 51 0 101
6 G 561739 149 20 27 561416 0 0 0 50 77
7 T 580302 144 579533 317 120 0 37 0 0 151
8 C 585506 169 198 584789 100 0 0 110 0 140
9 C 587451 212 168 586735 161 0 0 101 0 74
10 C 585970 8359 64739 510958 1733 0 20 94 0 67
11 A 583778 513809 50328 6809 12652 102 13 1 1 63
12 A 585054 549027 21329 1900 12631 112 3 0 3 49
13 G 586141 390 271 2887 582418 0 0 1 107 67
14 G 592054 292 34 3127 588472 0 0 0 64 65
15 C 529640 42 73 529362 29 0 0 75 0 59
16 A 452431 451904 27 27 70 43 0 0 0 360
17 C 440771 14 50 440617 11 0 0 47 0 32
18 C 425696 55 34 425436 10 0 0 95 0 66
19 A 422595 422376 19 8 42 91 0 0 0 59
20 A 422674 422485 11 5 42 43 0 0 0 88
21 A 422862 422661 18 18 71 50 0 0 0 44
22 C 427973 32 85 427756 14 0 0 25 0 61
23 G 403195 65 32 21 403022 0 0 0 28 27
24 G 404849 45 16 13 404653 0 0 0 77 45
25 T 409159 9215 399427 123 45 1 53 0 0 295
26 C 427481 8996 2923 415427 36 2 0 41 0 56
27 T 459285 83 445916 9938 3223 0 26 3 0 96
28 T 426802 833 425413 324 142 0 29 0 0 61
29 A 429706 428913 263 190 217 91 0 0 0 32
30 T 422208 162 421019 150 696 0 103 0 1 77
31 G 436013 131 203 34 435537 0 0 0 64 44
32 A 459081 458489 78 109 211 63 0 0 0 131
33 A 435698 435309 43 94 93 18 0 0 0 141
34 C 423613 1615 1079 420729 94 0 0 63 0 33
35 A 392153 386823 587 361 4293 45 0 0 1 43
36 G 444464 911 5304 2533 435583 0 1 0 96 36
37 A 465000 464639 67 25 88 74 0 0 0 107
38 T 467133 53 466819 85 17 0 21 0 0 138
39 G 470498 107 60 62 470157 0 0 0 82 30
40 G 461652 151 104 73 461148 0 0 0 131 45
41 A 462139 461639 83 55 218 115 0 0 0 29
42 A 473020 472555 68 123 102 101 0 0 0 71
43 A 475413 475074 26 30 120 25 0 0 0 138
44 C 505035 47 68 504814 25 0 0 50 0 31
45 T 473285 69 473026 92 25 0 26 0 0 47
46 G 484742 88 60 64 484335 0 0 0 144 51
47 A 482064 481522 44 62 197 175 0 0 0 64
48 T 484379 107 483904 78 109 0 61 0 0 120
49 G 483219 192 1141 68 481734 0 0 0 36 48
50 G 489300 144 61 106 488896 1 0 0 40 52
51 G 485823 134 184 1125 484247 0 1 0 59 73
52 G 489875 244 41 303 489179 0 0 0 71 37
53 A 469906 469161 197 278 158 18 0 0 0 94
54 A 471828 471159 167 197 165 23 0 0 0 117
55 C 468672 48 110 468465 15 0 0 20 0 14
56 G 461866 184 33 38 461443 0 0 0 33 135
57 C 465849 40 28 465615 20 0 0 112 0 34
58 C 461781 68 182 461354 22 0 0 96 0 59
59 A 460313 458952 48 883 247 135 0 1 0 47
60 G 470001 58 58 140 469596 0 0 0 135 14
61 A 468974 460427 134 8189 104 29 0 1 0 90
62 A 480447 471855 184 8109 165 36 0 1 0 97
63 T 459381 131 448558 334 10215 0 31 0 0 112
64 G 478345 530 92 381 477205 0 0 0 66 71
65 C 486585 397 187 485530 376 0 0 80 0 15
66 A 467687 466841 70 112 564 37 0 0 0 63
67 A 495156 493023 259 1259 444 62 0 0 0 109
68 C 491029 1240 108 489077 468 0 0 47 0 89
69 T 483833 127 481360 1960 180 0 106 0 1 99
70 G 487141 134 78 134 486627 0 0 0 141 27
71 A 454955 454469 194 36 154 56 0 0 0 46
72 G 487416 270 86 80 486892 0 0 0 26 62
73 A 448989 445598 53 3062 85 36 0 1 0 154
74 T 493480 3381 489773 99 27 0 30 0 0 170
75 C 462670 2990 88 459470 44 0 0 49 0 29
76 A 438250 429976 7850 195 160 34 0 0 0 35
77 G 452193 77 38 7625 444336 0 0 0 77 40
78 A 449358 448731 20 196 153 137 0 0 0 121
79 G 472555 405 168 126 471620 0 0 0 124 112
80 C 458129 247 137 457439 231 0 0 54 0 21
81 A 440565 440028 226 104 120 16 0 0 0 71
82 T 449678 82 448993 470 66 0 11 0 0 56
83 C 450722 462 64 450022 76 0 0 44 0 54
84 C 456406 482 101 455557 102 0 0 33 0 131
85 G 441978 285 39 50 441547 0 0 0 31 26
86 T 450006 35 449526 125 153 0 28 0 0 139
87 C 449344 68 224 448959 29 0 0 29 0 35
88 G 451570 282 165 95 450843 0 0 0 145 40
89 G 453460 94 33 202 452941 0 0 0 148 42
90 G 461021 250 188 178 460329 0 0 0 50 26
91 A 460339 459035 48 1025 100 36 0 0 0 95
92 A 458899 457185 83 107 1454 13 0 0 0 57
93 G 447577 430 176 920 445953 0 0 0 74 24
94 A 440953 440557 62 45 141 74 0 0 0 74
95 T 433829 78 433245 242 122 0 94 0 0 48
96 G 438649 193 95 92 438092 0 0 0 101 76
97 A 458287 457815 64 15 257 21 0 0 0 115
98 T 457669 82 457386 57 37 0 47 0 0 60
99 T 448284 80 447983 105 46 0 40 0 0 30
100 G 449473 748 175 42 448320 0 0 0 105 83
101 A 447220 445569 704 401 384 106 0 0 0 56
102 T 440870 700 439434 428 229 0 18 0 0 61
103 G 437104 130 107 40 436744 0 0 0 32 51
104 G 445205 80 50 90 444898 0 0 0 74 13
105 A 434421 433904 69 28 144 109 0 0 0 167
106 A 421417 412133 8978 30 91 100 1 0 0 84
107 T 423325 35 423151 61 29 0 14 0 0 35
108 T 418508 48 418285 52 42 0 36 0 0 45
109 G 422320 70 136 32 422028 0 0 0 33 21
110 G 416485 70 520 101 415627 0 0 0 41 126
111 A 402453 401454 35 97 598 96 0 0 0 173
112 C 413266 107 120 412850 56 0 0 106 0 27
113 G 365468 354 35 62 364959 0 0 0 36 22
114 A 406099 405825 62 72 60 45 0 0 0 35
115 T 412201 223 411443 331 52 0 20 0 0 132
116 T 381294 170 380658 177 149 0 21 0 0 119
117 C 382578 91 100 382198 135 0 0 24 0 30
118 T 375543 49 374828 476 108 0 54 0 0 28
119 A 383310 382874 62 104 135 46 0 0 0 89
120 C 381707 52 144 381364 56 0 0 25 0 66
121 A 340325 339938 141 44 69 22 0 0 0 111
122 T 346660 66 345843 155 474 0 38 0 1 83
123 C 323574 115 56 323216 79 0 0 82 0 26
124 C 326585 71 51 326306 69 0 0 75 0 13
125 A 325169 324923 22 36 68 88 0 0 0 32
126 A 313809 313546 9 30 41 121 0 0 0 62
127 A 313784 313515 36 44 85 47 0 0 0 57
128 T 301949 38 301642 155 30 0 33 0 0 51
129 G 363307 78 213 111 362816 0 0 0 57 32
130 T 348629 536 347670 149 94 0 33 0 0 147
131 G 349920 141 451 134 349139 0 0 0 11 44
132 C 349505 111 547 348716 69 0 0 22 0 40
133 A 344998 344552 121 26 63 24 0 0 0 212
134 C 341792 79 36 341578 45 0 0 21 0 33
135 T 330034 362 329408 152 57 0 12 0 0 43
136 G 359731 57 175 38 359417 0 0 0 19 25
137 A 375074 374685 94 15 170 79 0 0 0 31
138 A 388784 388316 47 105 83 92 0 1 0 140
139 C 410139 86 477 409348 161 0 0 40 0 27
140 T 411822 195 408601 2886 47 0 20 1 0 72
141 T 410952 121 410031 678 64 0 22 0 0 36
142 A 413694 413387 59 101 92 27 0 0 0 28
143 A 413632 413187 100 15 88 165 0 0 0 77
144 A 436473 435953 102 47 93 154 0 0 0 124
145 C 434168 406 1143 432087 402 0 0 33 0 97
146 T 405497 110 403910 1181 204 0 25 0 0 67
147 C 414223 207 1838 411476 543 0 0 109 0 50
148 A 404025 400968 233 1246 1359 100 0 0 0 119
149 G 430419 551 227 480 429102 0 0 0 41 18
150 T 426962 861 424497 516 823 0 11 0 0 254
151 G 462034 287 380 54 461142 0 0 0 43 128
152 A 473341 471171 1121 322 567 65 0 0 0 95
153 T 444439 1037 442590 188 489 0 79 0 0 56
154 T 462777 292 456421 105 5821 1 96 0 0 41
155 A 464347 457863 326 5694 314 83 1 2 0 64
156 T 470202 5284 463227 177 1403 2 33 0 0 76
157 G 471196 123 173 59 470769 0 0 0 39 33
158 A 445798 445071 85 213 300 72 0 0 0 57
159 G 447480 157 150 97 446923 0 0 0 109 44
160 G 414838 103 41 132 414470 0 0 0 46 46
161 G 402435 90 48 139 402082 0 0 0 21 55
162 G 401913 136 133 63 401515 0 0 0 32 34
163 C 373016 101 145 372568 82 0 0 28 0 92
164 G 376967 162 55 417 376264 0 0 0 24 45
165 A 377003 373071 2884 454 341 24 1 0 0 228
166 C 377924 212 158 377172 319 0 0 25 0 38
167 T 375623 272 374658 315 352 0 7 0 0 19
168 G 370496 378 226 166 369673 0 0 0 35 18
169 A 404539 403547 207 140 508 117 0 0 1 19
170 T 388853 150 388001 288 139 0 114 0 0 161
171 C 381686 235 238 380840 241 0 0 75 0 57
172 C 381299 165 133 380804 107 0 0 79 0 11
173 A 367662 367174 91 90 198 62 0 0 0 47
174 G 372695 102 99 84 372381 0 0 0 10 19
175 A 355795 355009 84 173 405 23 0 0 0 101
176 A 356194 355607 100 198 166 25 0 0 0 98
177 C 357933 172 531 357031 133 0 0 35 0 31
178 A 286273 285930 51 122 70 39 0 0 0 61
179 G 293805 52 74 88 293540 0 0 0 31 20
180 C 290531 92 69 290214 85 0 0 26 0 45
181 T 289278 95 283702 212 5161 0 26 0 0 82
182 T 292550 93 292272 70 36 0 63 0 0 16
183 A 288579 283177 5094 47 157 71 0 0 0 33
184 A 306358 305746 119 145 270 54 0 0 0 24
185 C 314724 145 62 314232 154 0 0 76 0 55
186 A 297285 296715 71 290 100 34 0 0 0 75
187 A 301866 300594 253 837 131 23 0 0 0 28
188 T 276082 108 274900 838 163 0 35 0 0 38
189 A 283351 281721 204 142 1228 29 0 0 0 27
190 G 286229 77 70 97 285923 0 0 0 13 49
191 A 290331 289855 38 73 284 15 0 0 0 66
192 G 292608 137 144 145 292114 0 0 0 37 31
193 A 270222 269911 33 149 66 19 0 0 0 44
194 G 280413 100 26 99 280134 0 0 0 21 33
195 A 282239 281632 87 28 396 20 0 0 0 76
196 A 286681 286537 27 3 34 17 0 0 0 63
197 T 288366 32 288111 32 87 0 25 0 0 79
198 G 278668 29 65 18 278457 0 0 0 57 42
199 G 281968 492 24 15 281289 0 0 0 114 34
200 T 263593 362 262738 49 44 0 90 0 0 310
201 G 301001 134 263 37 300507 0 0 1 26 33
202 C 300580 83 75 300259 23 0 0 102 1 37
203 T 301210 43 300849 149 12 0 81 0 0 76
204 C 308375 27 70 308197 39 0 0 11 0 31
205 T 307675 36 307316 189 47 0 29 0 0 58
206 C 332637 48 59 332402 48 0 0 25 0 55
207 T 330660 60 330367 103 51 0 28 0 0 51
208 G 335484 144 40 69 335170 0 0 0 26 35
209 C 335532 115 39 335184 148 0 0 8 0 38
210 T 327657 57 327258 109 147 0 21 0 0 65
211 T 335722 43 335518 52 46 0 28 0 0 35
212 T 329914 41 329710 72 28 0 53 0 0 10
213 T 319232 34 318924 122 64 0 44 0 0 44
214 G 323423 85 38 18 323252 0 0 0 14 16
215 A 319981 319674 40 40 82 62 0 0 0 83
216 C 329145 25 182 328802 25 0 0 65 0 46
217 G 319595 7683 101 66 311664 3 0 0 48 30
218 A 298474 291859 74 6376 81 56 0 2 0 26
219 A 299161 292778 100 30 6217 17 0 0 0 19
220 A 300276 299979 20 69 73 65 0 0 0 70
221 G 302572 91 23 15 302331 0 0 0 58 54
222 A 307873 307454 60 12 288 30 0 0 0 29
223 A 305715 305491 18 15 111 29 0 0 0 51
224 G 314589 250 74 25 314178 0 0 0 38 24
225 G 343737 263 33 32 343291 0 0 0 60 58
226 A 337428 336960 160 112 74 16 0 0 0 106
227 A 349036 348377 311 14 208 55 0 0 0 71
228 T 333483 265 332970 127 9 0 62 0 0 50
229 A 331432 330707 86 357 198 47 0 0 0 37
230 A 331974 331106 213 427 147 59 0 0 0 22
231 A 326935 326084 151 258 330 64 0 0 1 47
232 T 328032 40 327657 75 126 0 53 0 0 81
233 A 299452 299203 46 73 50 49 0 0 0 31
234 T 269915 51 269667 60 48 0 29 0 0 60
235 C 274991 74 301 274537 26 0 0 34 0 19
236 T 257664 60 257383 97 47 0 34 0 0 43
237 G 259350 348 38 112 258745 0 0 0 57 50
238 G 251498 114 136 65 251123 0 0 0 26 34
239 A 247827 247577 102 40 64 9 0 0 0 35
240 A 236219 235862 123 70 104 11 0 0 0 49
241 G 251176 120 132 63 250803 0 0 0 43 15
242 A 246411 246021 81 82 119 36 0 0 0 72
243 A 281069 280636 135 138 104 7 0 0 0 49
244 C 283076 112 14810 267482 636 0 1 9 0 26
245 A 268155 254476 13211 246 173 16 2 0 0 31
246 T 369403 166 366765 932 1465 0 26 0 1 48
247 C 363654 207 361 362904 66 0 1 27 0 88
248 C 383595 306 249 382535 346 0 0 18 0 141
249 C 384219 266 176 383236 471 0 0 33 0 37
250 A 365053 363728 59 49 1144 24 0 0 0 49
251 G 392666 119 76 1133 391281 0 0 0 24 33
252 C 389187 163 1124 387707 105 0 0 18 0 70
253 G 385495 304 297 89 384720 0 0 0 7 78
254 C 389164 104 158 388536 318 0 0 15 0 33
255 G 390142 322 111 496 389162 0 0 0 28 23
256 G 416583 160 100 681 415598 0 0 0 24 20
257 G 412140 163 91 268 411459 0 0 0 108 51
258 G 426373 168 108 306 425553 0 0 0 164 74
259 A 427938 427521 87 14 179 57 1 0 0 79
260 A 424895 424482 47 31 129 160 0 0 0 46
261 G 434189 162 111 42 433683 0 0 0 165 26
262 G 439607 601 114 111 438687 0 0 0 72 22
263 A 435166 434631 131 94 130 61 0 0 0 119
264 T 434013 125 432907 761 110 0 32 0 0 78
265 C 419754 196 732 417928 792 0 0 52 0 54
266 C 414993 247 349 413759 566 0 0 52 0 20
267 T 405564 458 404034 684 310 0 25 0 0 53
268 A 405773 405043 95 234 229 20 0 0 0 152
269 A 405969 404243 216 407 1030 29 0 0 0 44
270 G 405656 553 666 71 404289 0 0 0 41 36
271 A 392514 391932 369 54 81 42 0 0 0 36
272 A 386376 385655 14 58 566 28 0 0 1 54
273 A 379304 378354 46 29 835 11 0 0 0 29
274 A 357831 357536 36 56 55 103 0 0 0 45
275 C 360677 38 32 360390 45 0 0 118 0 54
276 T 346977 44 346715 85 64 0 45 0 0 24
277 G 344812 74 32 20 344613 0 0 0 33 40
278 G 343204 68 40 17 343043 0 0 0 19 17
279 A 339271 338883 38 44 118 80 0 0 0 108
280 G 335172 65 70 14 334927 0 0 0 76 20
281 G 331284 54 34 21 331145 0 0 0 16 14
282 A 321729 321224 34 12 160 17 0 0 0 282
283 C 342359 26 84 342174 27 0 0 32 0 16
284 C 334523 39 53 334287 49 0 0 34 0 61
285 C 333191 183 64 332838 30 0 0 41 0 35
286 A 362663 362348 163 31 68 33 0 0 0 20
287 T 354616 77 354278 76 34 0 27 0 0 124
288 A 412976 412600 76 51 121 31 0 0 0 97
289 T 410239 39 409674 280 78 0 51 1 0 116
290 A 339744 339322 150 24 70 64 0 0 0 114
291 C 344433 78 49 344170 55 0 0 70 0 11
292 A 299411 298723 75 407 99 49 0 0 0 58
293 A 299956 299358 58 60 378 15 0 0 0 87
294 G 295837 79 54 128 295461 0 0 1 66 48
295 A 233433 233139 62 52 55 54 0 0 0 71
296 G 236713 50 23 29 236552 0 0 0 41 18
297 A 223267 223042 57 38 63 30 0 0 0 37
298 G 227837 265 53 655 226803 0 1 0 27 33
299 T 233486 219 231258 1396 92 0 29 0 0 492
300 A 243602 242461 154 463 467 18 0 0 0 39
301 G 259713 315 36 281 259034 0 0 0 33 14
302 A 257711 257046 40 434 61 87 0 0 0 43
303 T 275200 256 274425 338 60 0 93 0 0 28
304 A 272333 272031 26 162 77 16 0 0 0 21
305 G 275598 99 108 33 275319 0 0 0 25 14
306 A 274974 274727 62 25 126 13 0 0 0 21
307 A 274468 274319 20 3 73 6 0 0 0 47
308 A 273866 273675 34 36 63 15 0 0 0 43
309 G 282255 328 159 13 281707 0 0 0 28 20
310 T 283260 56 282882 70 27 0 12 0 0 213
311 G 287474 172 215 69 286990 0 0 0 14 14
312 G 287626 106 227 96 287146 0 0 0 9 42
313 A 287613 287397 35 38 72 30 0 0 0 41
314 T 289900 81 289656 46 16 0 61 0 0 40
315 G 299542 89 86 17 299275 0 0 0 52 23
316 A 301832 301593 29 21 71 69 0 0 0 49
317 G 302853 47 49 30 302587 0 0 0 109 31
318 G 301495 47 23 32 301277 0 0 0 58 58
319 G 302657 149 21 17 302305 0 0 0 102 63
320 A 305535 305317 19 13 55 94 0 0 0 37
321 A 309645 308036 38 1284 77 33 0 0 0 177
322 C 311252 40 50 311046 34 0 0 37 0 45
323 T 309173 29 308927 92 33 0 17 0 0 75
324 C 304758 53 96 304518 16 0 0 34 0 41
325 G 298804 129 347 66 298190 0 0 0 32 40
326 T 308644 42 308018 106 372 0 18 0 0 88
327 C 329672 78 407 329064 67 0 0 13 0 43
328 C 345304 78 38 345065 29 0 0 57 0 37
329 T 356217 69 355518 473 22 0 50 0 0 85
330 T 355404 54 354743 87 425 0 47 1 0 47
331 T 346691 487 345911 131 95 0 31 0 0 36
332 A 321014 320326 131 384 100 36 0 0 0 37
333 T 318273 129 317588 379 126 0 17 0 0 34
334 G 320043 160 58 95 319641 0 0 0 50 39
335 A 280330 279880 155 51 84 52 0 0 0 108
336 C 284614 55 136 284304 29 0 0 38 0 52
337 A 252177 252032 29 41 40 13 0 0 0 22
338 A 256628 256482 30 20 60 16 0 0 0 20
339 A 260376 260141 16 24 140 25 0 0 0 30
340 G 292490 62 115 18 292160 0 0 0 82 53
341 A 303829 303544 48 17 67 102 0 0 0 51
342 A 300390 300068 54 80 75 76 0 0 0 37
343 G 336239 60 13 14 335980 0 0 0 115 57
344 A 355897 355620 22 10 74 119 0 0 0 52
345 A 356951 356788 20 11 55 42 0 0 0 35
346 A 357681 357368 56 27 127 36 0 0 0 67
347 T 353721 92 353353 76 24 0 32 0 0 144
348 A 350379 350047 65 47 139 45 0 0 0 36
349 A 351149 350726 185 29 110 46 0 0 0 53
350 G 350379 113 102 134 349948 0 0 1 46 35
351 G 350323 184 82 58 349898 0 0 1 31 69
352 C 339563 65 95 339247 26 0 0 27 0 103
353 G 337671 86 87 59 337330 0 0 0 45 64
354 A 348743 348487 49 72 58 40 0 0 0 37
355 A 361451 361247 22 12 68 41 0 0 0 61
356 T 359483 35 359219 53 28 0 35 0 0 113
357 C 359675 43 50 359485 23 0 0 36 0 38
358 T 350885 35 350536 167 32 0 72 0 0 43
359 G 358349 72 40 46 358116 0 0 0 57 18
360 G 348490 52 23 21 348349 0 0 0 33 12
361 C 354245 884 139 352960 82 0 0 98 0 82
362 G 354896 223 37 112 354363 0 0 0 74 87
363 C 352969 60 72 351944 836 0 0 29 0 28
364 C 342826 94 71 333556 8853 0 0 32 0 220
365 A 343502 333746 9528 56 93 15 0 0 0 64
366 A 355302 345380 9531 106 164 31 0 0 0 90
367 G 393627 131 33 40 393328 0 0 0 27 68
368 C 390632 43 78 389911 512 0 0 44 0 44
369 C 408018 210 51 407586 52 0 0 74 1 44
370 A 406890 406395 239 50 103 30 0 0 0 73
371 A 411556 411072 97 99 198 19 0 0 0 71
372 T 419778 97 419261 321 40 0 24 0 0 35
373 A 414211 413446 268 123 134 151 0 0 0 89
374 A 416440 415823 227 72 131 123 0 0 0 64
375 T 399054 261 398446 190 46 0 48 0 0 63
376 G 378891 498 53 519 377676 0 0 0 85 60
377 G 343194 82 400 75 342486 0 0 0 103 48
378 T 319331 233 318092 281 349 0 59 0 0 317
379 G 321856 281 264 156 321039 0 0 0 78 38
380 A 319889 318951 328 297 176 75 0 0 0 62
381 T 319655 320 318755 407 64 0 33 0 0 76
382 G 316479 569 349 1419 314087 0 0 0 27 28
383 A 318361 316790 106 1135 249 51 0 0 0 30
384 T 324310 176 322706 1150 170 0 55 0 0 53
385 G 320657 463 103 48 319894 0 0 0 44 105
386 C 316581 281 115 315901 218 0 0 28 0 38
387 A 311940 311302 63 101 409 16 0 0 0 49
388 A 307763 307514 40 42 82 42 0 0 0 43
389 C 293489 66 76 293251 36 0 0 45 0 15
390 A 286018 285771 36 52 71 18 0 0 0 70
391 G 287329 43 82 92 287056 0 0 0 11 45
392 C 277493 35 37 277357 24 0 0 23 0 17
393 T 267060 22 266715 146 106 0 26 0 0 45
394 G 314525 192 47 35 314198 0 0 0 42 11
395 G 322358 62 215 46 321915 0 0 0 29 91
396 T 322803 236 322276 64 41 0 6 0 0 180
397 C 349104 341 80 348543 95 0 0 9 0 36
398 T 338410 24 338114 189 23 0 27 0 0 33
399 G 389616 685 34 586 388210 0 0 0 71 30
400 A 390735 390121 139 126 115 90 0 0 0 144
401 C 412892 43 81 412515 75 0 0 71 0 107
402 T 421519 354 420590 319 126 0 51 0 0 79
403 C 418339 98 77 417989 58 0 0 89 0 28
404 A 415012 414639 63 72 107 44 0 0 0 87
405 C 443746 98 157 443354 46 0 0 38 0 53
406 A 443285 442613 129 89 240 72 0 0 0 142
407 T 455321 141 454729 152 109 0 95 0 0 95
408 G 432859 110 79 151 432387 0 0 0 89 43
409 A 446285 445848 111 60 97 117 0 0 0 52
410 T 433171 150 432769 113 26 0 23 0 0 90
411 G 436063 195 41 29 435659 0 0 0 86 53
412 A 427716 427412 36 39 45 82 0 0 0 102
413 T 424345 30 424079 81 15 0 84 0 0 56
414 C 391156 558 58 390397 34 0 0 81 0 28
415 T 386941 79 386621 102 34 0 39 0 1 65
416 G 374592 72 30 73 374319 0 0 0 41 57
417 G 377489 52 40 25 377262 0 0 0 76 34
418 C 370266 68 64 369940 46 0 0 69 0 79
419 A 367895 367676 34 36 65 33 0 0 0 51
420 T 362461 34 362289 73 16 0 5 0 0 44
421 T 359626 36 359386 101 17 0 17 0 0 69
422 C 360114 37 58 359931 26 0 0 54 0 8
423 C 358829 52 75 358564 43 0 0 66 0 29
424 A 357831 357680 11 21 61 40 0 0 0 18
425 A 355033 354886 36 6 44 12 0 0 0 49
426 T 351001 20 350878 51 19 0 9 0 0 24
427 T 350140 49 349841 116 18 0 86 0 0 30
428 T 346004 35 345532 268 26 0 104 0 0 39
429 G 347800 275 40 51 347384 0 0 0 30 20
430 A 337281 337043 18 8 123 7 0 0 0 82
431 A 336753 336557 25 70 46 12 0 0 0 43
432 T 339518 43 339243 114 7 0 83 0 0 28
433 G 315801 85 18 22 315509 0 0 0 73 94
434 A 344183 343946 57 21 78 47 0 0 0 34
435 T 341815 50 341538 76 27 0 27 0 0 97
436 A 342095 340007 80 9 1847 44 0 0 1 107
437 C 368928 48 45 368747 12 0 0 52 0 24
438 A 355466 353685 116 86 1447 60 0 0 1 71
439 A 424118 423784 71 24 92 58 0 0 0 89
440 C 430392 46 79 430113 50 0 0 17 0 87
441 A 436700 436342 25 81 76 35 0 0 0 141
442 T 448254 48 448017 77 28 0 60 0 0 24
443 A 381064 380692 23 35 62 47 0 0 0 205
444 C 393461 40 49 393198 31 0 0 33 0 110
445 C 395891 61 53 395609 52 0 0 37 0 79
446 A 398208 397797 55 43 129 56 0 0 0 128
447 G 410904 92 73 29 410578 0 0 0 119 13
448 A 373304 372864 23 226 100 48 0 1 0 42
449 G 410315 77 33 86 410056 0 0 0 24 39
450 G 406072 142 75 19 405782 0 0 0 14 40
451 A 413248 412884 51 16 121 20 0 0 0 156
452 C 418644 56 55 418397 21 0 1 87 0 27
453 A 413684 413368 32 23 87 138 0 0 0 36
454 A 426762 426372 59 86 96 84 0 0 0 65
455 G 440014 73 61 51 439724 0 0 0 57 48
456 A 458991 458633 29 75 102 41 0 0 0 111
457 G 473784 120 85 58 473464 0 0 0 33 24
458 C 494325 102 70 494028 42 0 0 44 0 39
459 T 493958 78 493503 91 171 0 36 0 0 79
460 C 498918 295 279 498187 33 0 0 61 0 63
461 T 497794 58 497452 94 41 0 57 0 0 92
462 T 504144 322 503521 75 152 0 21 0 0 53
463 G 507959 105 47 17 507706 0 0 0 41 43
464 T 515925 62 515520 93 93 0 32 0 0 125
465 T 515043 150 514553 131 40 0 77 0 0 92
466 C 519725 116 160 519258 81 0 0 78 0 32
467 G 517741 212 67 68 517241 0 0 0 108 45
468 C 528793 82 234 528157 115 0 0 153 0 52
469 A 524184 523305 190 86 200 62 0 0 0 341
470 C 526603 112 142 526029 133 0 0 135 0 52
471 C 524012 232 331 522946 370 0 0 116 0 17
472 G 533682 241 104 84 533106 0 0 0 122 25
473 G 537151 158 77 102 536623 0 0 0 104 87
474 C 565546 121 142 565087 59 0 0 22 0 115
475 A 569369 568459 383 197 152 44 0 0 0 134
476 T 609781 126 609203 197 129 0 57 0 0 69
477 G 611247 434 146 276 610296 0 0 0 47 48
478 G 639250 140 138 57 638750 0 0 0 87 78
479 A 669703 669012 202 51 218 62 0 0 0 158
480 T 682268 192 681409 309 51 0 82 0 0 225
481 C 633557 138 215 631917 1155 0 0 79 0 53
482 C 605414 139 202 604644 322 0 1 56 0 50
483 C 559029 466 275 557616 555 0 0 79 0 38
484 A 567919 566830 297 327 311 30 0 0 0 124
485 G 597884 264 204 107 597125 0 0 0 59 125
486 G 571736 209 73 268 571060 0 0 0 64 62
487 A 548741 548071 199 63 263 29 1 0 0 115
488 T 484005 148 483447 147 93 0 116 0 0 54
489 G 493340 210 139 161 492648 1 0 0 142 39
490 T 479736 117 478366 193 710 0 172 0 0 178
491 G 480104 161 197 647 478817 0 0 0 227 55
492 C 484276 383 398 482927 416 0 0 69 0 83
493 T 470171 407 469228 233 168 0 38 0 0 97
494 C 482494 367 97 481734 212 0 0 41 0 43
495 T 466030 163 465625 126 31 0 22 0 0 63
496 C 470266 141 164 469780 60 0 0 49 0 72
497 T 469147 128 468695 168 45 0 34 0 0 77
498 G 446541 138 246 55 445962 0 0 0 30 110
499 A 447945 447586 109 39 90 69 0 0 0 52
500 T 441699 54 441421 83 37 0 52 0 0 52
501 G 436755 187 58 65 436367 0 0 0 48 30
502 C 438661 83 422 438003 62 1 0 56 0 34
503 A 417938 417343 51 297 174 20 0 0 0 53
504 G 420553 185 104 248 419956 0 0 0 39 21
505 G 403670 36 33 32 403448 0 0 0 72 49
506 G 419799 51 74 31 419475 0 0 0 130 38
507 T 406381 30 405540 200 62 0 70 0 0 479
508 T 409326 64 409094 98 8 0 25 0 0 37
509 C 408584 29 142 408320 63 0 0 11 0 19
510 G 408752 170 71 34 408345 0 0 0 27 105
511 A 411937 411125 52 46 115 72 0 1 0 526
512 C 408236 25 102 407850 71 0 0 116 0 72
513 T 400460 39 400065 129 58 0 83 0 0 86
514 C 440340 87 90 440024 45 0 0 84 0 10
515 T 453289 74 452796 165 73 0 45 0 0 136
516 C 561904 168 219 561239 115 0 0 88 0 75
517 C 550009 166 163 549394 186 0 0 24 0 76
518 C 549126 158 113 548653 46 0 0 48 0 108
519 T 545377 183 544696 309 90 1 57 0 0 41
520 A 599997 599368 70 138 198 128 0 0 0 95
521 G 564973 75 70 167 564462 0 0 0 107 92
522 G 546606 331 43 14 546029 0 0 0 107 82
523 A 504655 504139 44 12 148 78 0 0 0 234
524 G 507515 67 38 38 507262 0 0 0 90 20
525 G 487328 79 51 16 487103 0 0 0 59 20
526 T 483476 60 482676 74 209 0 28 0 0 429
527 C 477282 65 70 477030 43 0 0 44 0 30
528 T 491537 61 490833 311 55 0 50 0 0 227
529 G 492518 74 101 27 492167 0 0 0 118 31
530 G 493698 67 54 43 493363 0 0 0 132 39
531 A 492725 492359 36 47 156 30 0 0 0 97
532 G 501975 170 63 63 501634 0 0 0 13 32
533 C 498184 88 98 497829 106 0 0 27 0 36
534 T 489647 98 489113 245 56 0 94 0 0 41
535 G 490426 257 73 26 489926 0 0 0 104 40
536 C 494781 92 116 494476 30 0 0 10 0 57
537 A 496455 494025 103 87 2073 49 0 0 0 118
538 G 512024 69 40 12 511807 0 0 0 51 45
539 G 520340 45 23 21 520165 0 0 0 64 22
540 C 517346 37 173 516920 33 0 0 79 0 104
541 G 512149 224 122 205 511552 0 0 0 25 21
542 C 516169 264 57 515585 28 0 0 53 0 182
543 T 507305 141 506634 225 186 0 59 0 0 60
544 G 523608 205 41 20 523255 0 0 0 40 47
545 C 514385 57 273 513947 31 1 0 38 0 38
546 A 538541 537807 33 40 563 26 0 0 0 72
547 G 551054 142 61 56 550558 0 0 0 122 115
548 T 556089 84 555467 171 82 0 148 0 0 137
549 C 562839 142 132 562222 35 0 0 263 0 45
550 A 559006 558436 43 68 110 250 0 0 1 98
551 A 554775 554376 44 75 85 46 0 0 0 149
552 A 554843 554081 71 67 480 80 0 0 1 63
553 G 534537 86 37 73 534214 0 0 0 80 47
554 G 547952 86 41 34 547691 0 0 0 51 49
555 A 494500 494065 119 20 194 15 0 0 0 87
556 G 486746 1076 91 90 485261 0 0 0 22 206
557 T 476916 135 476247 138 170 0 43 0 1 182
558 T 463349 142 462669 158 194 0 121 0 0 65
559 G 470236 79 73 55 469898 0 0 0 94 37
560 G 468947 84 85 43 468657 0 0 0 23 55
561 G 471090 177 81 65 470576 0 0 0 17 174
562 A 460175 459697 62 52 180 36 0 0 0 148
563 C 406464 50 69 406160 80 0 0 76 0 29
564 A 361523 361166 84 16 183 37 0 0 0 37
565 A 284639 284360 68 45 105 40 0 0 0 21
566 T 286139 39 285896 60 54 0 39 0 0 51
567 G 294148 99 81 51 293855 0 0 0 24 38
568 G 298407 60 108 18 298155 0 0 0 51 15
569 T 275035 33 274353 100 139 0 21 0 0 389
570 G 275081 117 145 75 274678 0 0 0 14 52
571 A 272091 271917 46 23 56 16 0 0 0 33
572 T 272579 46 272352 58 15 0 33 0 0 75
573 G 266379 52 39 29 266192 0 0 0 47 20
574 G 239542 27 20 20 239380 0 0 0 38 57
575 A 292878 292631 28 12 101 29 0 0 0 77
576 G 306082 120 13 13 305887 0 0 0 28 21
577 T 299856 203 299328 112 59 0 24 0 0 130
578 T 337632 29 337214 96 205 0 53 0 0 35
579 G 357433 63 238 95 356902 0 0 0 67 68
580 A 359678 359281 40 41 112 87 0 0 0 117
581 T 349223 35 348984 62 18 0 53 0 0 71
582 A 346427 346179 29 52 96 49 0 0 0 22
583 A 339618 339373 23 77 94 21 0 0 0 30
584 G 357226 53 63 62 356978 0 0 0 20 50
585 G 381549 63 42 36 381316 0 0 0 16 76
586 A 383949 383606 39 68 78 44 0 0 0 114
587 T 353989 52 353729 79 43 0 61 0 0 25
588 G 363838 70 23 42 363613 0 0 0 68 22
589 A 366900 366418 43 15 149 209 0 0 0 66
590 T 368020 67 367364 237 27 0 205 0 0 120
591 C 365405 44 111 365122 30 0 0 11 0 87
592 A 362925 362765 23 23 63 34 0 0 0 17
593 A 352196 352022 22 22 43 59 0 0 0 28
594 A 353506 353280 12 37 70 45 0 0 0 62
595 C 345028 33 58 344830 29 0 0 7 0 71
596 G 338955 73 33 14 338796 0 0 0 15 24
597 T 328504 22 328132 100 43 0 14 0 0 193
598 G 324226 52 57 12 324065 0 0 0 28 12
599 G 328042 66 33 27 327818 0 0 0 79 19
600 G 339229 103 26 54 338917 0 0 0 71 58
601 A 340534 340290 42 19 95 38 0 0 0 50
602 T 341824 32 341532 184 5 0 34 0 0 37
603 C 334820 41 54 334650 20 0 0 24 0 31
604 A 331016 330586 27 242 110 14 0 0 0 37
605 A 330938 330776 46 28 44 9 0 0 0 35
606 T 330077 59 329859 71 50 0 8 0 0 30
607 G 336068 49 69 7 335872 0 0 0 35 36
608 A 331131 330941 30 34 52 26 0 0 0 48
609 T 308136 73 307916 37 34 0 38 0 0 38
610 C 321330 849 61 320327 31 0 0 37 0 25
611 G 320326 127 34 27 319918 0 0 0 75 145
612 G 351998 105 38 35 351703 0 0 0 107 10
613 A 352482 352255 43 14 85 46 0 0 0 39
614 A 341961 341677 26 34 76 34 0 0 0 114
615 C 416192 34 79 415942 38 0 0 73 0 26
616 T 407004 19 406718 73 17 0 36 1 0 140
617 T 397935 23 397688 88 13 0 64 1 0 58
618 C 404440 40 50 404267 15 0 0 43 1 24
619 T 406216 46 405656 150 234 0 47 0 0 83
620 G 407910 144 230 64 407434 0 0 0 16 22
621 G 413151 79 270 65 412604 0 0 0 38 95
622 A 407491 406911 58 132 154 50 0 0 0 186
623 G 391102 42 47 36 390910 0 0 0 61 6
624 A 322601 322199 103 55 126 67 0 0 0 51
625 G 344717 48 35 16 344522 0 0 0 77 19
626 G 367300 52 24 18 366987 0 0 0 137 82
627 T 348497 82 346843 87 33 0 135 0 0 1317
628 G 344852 53 66 34 344655 0 0 0 21 23
629 A 344087 343909 45 10 78 36 0 0 0 9
630 A 348404 348242 34 26 69 10 0 0 0 23
631 A 351667 351058 19 440 86 22 0 0 0 42
632 A 348907 346946 1583 154 108 49 0 0 0 67
633 T 337122 273 335360 149 1250 0 57 0 0 33
634 G 321430 65 49 25 321227 0 0 0 24 40
635 G 320901 53 39 23 320751 0 0 0 25 10
636 A 320955 320672 29 27 136 33 0 0 0 58
637 C 313101 38 86 312875 23 0 0 11 0 68
638 G 311156 76 20 16 310978 0 0 0 32 34
639 A 311273 309958 15 10 1241 36 0 0 0 13
640 A 313748 313553 13 51 52 60 0 0 0 19
641 A 314573 314301 6 5 106 60 0 0 0 95
642 A 307615 307417 20 91 57 10 0 0 0 20
643 A 305613 305222 146 108 73 11 0 0 0 53
644 C 299449 33 31 299331 12 0 0 20 0 22
645 A 298306 298034 31 115 74 32 0 0 0 20
646 A 296388 296099 27 70 108 31 0 0 0 53
647 G 302275 58 29 18 302144 0 0 0 14 12
648 G 286438 53 27 25 286078 0 0 0 164 91
649 A 273759 273446 38 20 74 147 0 0 0 34
650 G 277142 59 63 19 276952 0 0 0 22 27
651 T 264805 32 264261 39 34 0 20 0 0 419
652 G 274636 71 27 65 274397 0 0 0 22 54
653 C 271801 26 77 271617 38 0 0 12 0 31
654 T 267672 11 267516 50 11 0 27 0 0 57
655 T 288862 19 288749 48 5 0 13 0 0 28
656 A 274315 274157 12 14 51 37 0 0 0 44
657 C 304466 27 96 304253 20 0 0 28 0 42
658 G 304285 67 33 4 304061 0 0 0 73 47
659 A 275870 275670 29 5 54 55 0 0 0 57
660 G 306029 31 29 18 305859 0 0 0 51 41
661 A 252209 252047 14 24 55 46 0 0 0 23
662 G 260182 50 20 23 259984 0 0 0 46 59
663 A 254977 254830 31 13 57 11 0 0 0 35
664 A 216510 216372 17 4 44 18 0 0 0 55
665 T 219424 105 219214 31 25 0 9 0 0 40
666 G 227352 55 18 83 227154 0 0 0 17 25
667 T 272352 44 268393 50 3726 0 1 0 0 138
668 G 287465 50 34 3958 283366 0 0 0 18 39
669 C 289344 3997 79 285144 29 1 0 47 0 47
670 A 286000 285736 12 114 52 52 0 0 1 33
671 A 291549 291372 20 5 33 63 0 0 0 56
672 C 315112 19 29 314850 118 0 0 60 0 36
673 A 312939 312539 65 219 44 25 0 0 0 47
674 T 303892 11 303731 38 2 0 76 0 0 34
675 T 303287 62 302853 249 2 0 90 0 0 31
676 C 308779 24 29 308618 10 0 0 30 0 68
677 T 308134 37 307955 75 2 0 22 0 0 43
678 C 322631 15 42 322459 7 0 0 8 0 100
679 A 321172 321034 15 12 58 9 0 0 0 44
680 A 322114 322007 28 7 39 10 0 0 0 23
681 A 321795 321574 14 6 105 76 0 0 0 20
682 G 329760 68 34 23 329492 0 0 0 98 45
683 G 339719 83 20 15 339470 0 0 0 86 45
684 A 337841 337634 29 22 75 57 0 0 0 24
685 A 337096 336891 14 3 74 89 0 0 0 25
686 A 337322 337112 24 10 38 126 0 0 0 12
687 A 354199 354021 38 7 43 62 0 0 0 28
688 T 354946 20 354796 49 19 0 20 0 0 42
689 T 349138 11 348980 53 14 0 24 0 0 56
690 T 348545 19 348383 63 8 0 31 0 0 41
691 C 334137 86 69 333912 11 0 0 31 0 28
692 A 332931 332354 96 53 370 39 0 0 0 19
693 A 332888 332335 288 103 66 38 0 0 0 58
694 A 333424 332754 32 512 38 31 0 0 0 57
695 C 345977 62 54 345319 491 0 0 41 0 10
696 A 329039 328321 26 499 79 28 0 0 0 86
697 G 338025 160 31 981 336703 0 0 0 109 41
698 C 341706 71 58 341433 29 0 0 86 0 29
699 T 308182 637 307019 314 90 0 58 1 0 63
700 G 326105 134 66 111 325722 0 0 0 42 30
701 C 271610 30 46 271446 31 0 0 30 0 27
702 A 272974 272687 38 34 75 34 0 0 0 106
703 C 268391 41 44 268240 11 0 0 21 0 34
704 A 268337 268132 32 20 66 35 0 0 0 52
705 A 267300 267148 36 10 39 41 0 0 0 26
706 A 260925 260253 14 480 138 17 0 0 0 23
707 G 284250 69 37 88 283989 0 0 0 38 29
708 G 284679 48 27 91 284382 0 0 0 53 78
709 G 272535 97 76 53 272214 0 0 0 39 56
710 C 270503 50 81 270266 73 0 0 14 0 19
711 A 265871 265483 37 75 248 19 0 0 0 9
712 A 284667 284400 51 65 72 36 0 0 1 42
713 T 267181 90 266867 62 66 0 23 0 0 73
714 G 267834 78 34 70 267566 0 0 0 15 71
715 A 248511 247841 50 16 525 59 0 0 0 20
716 T 263730 58 263025 517 45 0 61 0 0 24
717 G 262901 90 492 19 262271 0 0 0 5 24
718 G 286385 59 27 13 286209 0 0 0 44 33
719 A 286567 286317 29 16 54 33 0 0 0 118
720 T 281095 35 280852 57 23 0 82 0 0 46
721 C 270923 41 194 270532 47 0 0 78 0 31
722 A 271801 271447 188 28 105 10 0 0 0 23
723 A 308901 308459 230 27 94 31 0 0 0 60
724 G 312341 60 21 31 312130 0 0 0 37 62
725 T 313596 51 313270 95 20 0 31 0 0 129
726 G 317260 96 41 33 317036 0 0 0 18 36
727 A 313417 313168 56 81 73 17 0 0 0 22
728 G 323832 117 54 26 323560 0 0 0 35 40
729 A 322764 322363 106 24 167 43 0 0 0 61
730 G 325560 59 38 13 325295 0 0 0 113 42
731 A 320069 319580 208 32 92 122 0 0 0 35
732 A 312577 312221 37 211 57 26 0 0 0 25
733 A 332561 330953 22 1380 102 56 0 0 0 48
734 G 337427 44 26 1366 335891 0 0 0 48 52
735 T 337670 1207 336049 77 176 0 15 0 0 146
736 C 328474 24 93 328291 23 0 0 16 0 27
737 G 327735 90 49 37 327480 0 0 0 41 38
738 G 330297 67 24 62 330049 0 0 0 55 40
739 A 327960 327490 58 294 70 17 0 0 0 31
740 A 330308 329896 26 38 98 77 0 0 0 173
741 C 334483 44 88 334173 51 0 0 104 0 23
742 C 380425 55 47 380235 10 0 0 39 0 39
743 C 391740 72 87 391516 20 0 0 26 0 19
744 A 387679 386877 35 215 503 17 0 0 0 32
745 G 401284 71 59 23 400960 0 0 0 82 89
746 G 396650 90 38 17 396374 0 0 0 89 42
747 A 395237 394883 51 43 98 59 0 0 0 103
748 A 400154 399905 25 29 94 42 0 0 0 59
749 A 377645 377428 55 28 70 20 0 0 0 44
750 T 397254 68 396407 666 23 0 32 0 1 57
751 G 400354 79 46 90 400019 0 0 1 57 62
752 C 431355 37 235 430909 23 0 1 53 0 97
753 T 421454 23 421126 183 29 0 7 0 0 86
754 G 426347 60 51 32 426154 0 0 0 23 27
755 A 404664 404411 47 15 119 16 0 0 0 56
756 G 407838 65 28 14 407543 0 0 0 155 33
757 A 404573 404137 49 23 74 176 0 0 0 114
758 T 406769 38 406527 44 16 0 60 0 0 84
759 C 398493 76 82 398207 33 0 0 33 0 62
760 G 397493 119 26 11 397264 0 0 0 39 34
761 A 381081 380929 21 3 52 39 0 0 0 37
762 A 378802 378585 27 5 91 41 0 0 0 53
763 G 399741 35 19 37 399593 0 0 0 32 25
764 A 399119 398764 41 10 60 61 0 0 0 183
765 T 383936 28 383714 52 24 0 52 0 0 66
766 C 382789 94 88 382417 47 0 0 109 0 34
767 T 362143 43 361710 127 72 0 146 0 0 45
768 C 369740 75 145 369370 51 0 0 54 0 45
769 A 368417 366087 831 1341 84 19 0 0 0 55
770 T 369022 50 368699 77 128 0 12 0 0 56
771 C 366066 840 20 364034 1114 0 0 32 0 26
772 T 333729 37 333510 79 31 0 31 0 0 41
773 T 335739 42 335547 68 29 0 28 0 0 25
774 T 336903 35 336628 67 42 0 57 0 0 74
775 C 333236 141 48 332913 25 0 0 54 0 55
776 T 331040 69 330785 60 62 0 33 0 0 31
777 G 321793 85 39 64 321539 0 0 0 51 15
778 G 326857 74 47 27 326556 0 0 0 54 99
779 C 323573 56 78 323268 60 0 0 62 0 49
780 A 322823 322410 42 163 74 43 0 0 0 91
781 C 319665 31 72 319514 21 0 0 12 0 15
782 G 333861 77 21 22 333692 0 0 0 31 18
783 G 336063 43 16 12 335848 0 0 0 40 104
784 T 334883 46 334592 50 14 0 26 0 0 155
785 C 336134 57 31 335967 35 0 0 13 0 31
786 T 344601 278 343583 612 47 0 30 0 0 51
787 G 336886 141 123 21 336566 0 0 0 22 13
788 C 347537 33 84 347118 178 0 0 39 0 85
789 A 332615 331927 109 157 83 66 0 0 0 273
790 C 323026 84 55 322683 44 0 0 103 0 57
791 T 283886 99 283570 93 30 0 50 0 0 44
792 C 298121 142 58 296701 1088 0 0 89 0 43
793 A 305798 303976 1444 80 149 61 0 0 0 88
794 T 298076 34 297749 149 28 0 11 0 0 105
795 A 289784 288125 74 75 1315 10 0 0 0 185
796 T 311864 79 311448 178 69 0 51 0 0 39
797 T 317406 41 317110 68 51 0 48 0 0 88
798 G 359970 200 102 44 359550 0 0 0 31 43
799 A 356427 355941 51 38 117 17 0 0 0 263
800 G 385994 255 39 44 385552 0 0 0 54 50
801 A 361270 355877 28 55 245 42 0 0 0 5023
802 G 367582 135 28 58 367291 0 0 0 29 41
803 G 386232 85 60 32 386002 0 0 0 28 25
804 G 388022 86 90 51 387705 0 0 0 5 85
805 T 382507 31 382119 71 15 0 7 0 0 264
806 C 384440 43 71 384189 16 0 0 35 0 86
807 A 381284 380966 25 9 120 44 0 0 0 120
808 G 387249 47 30 21 386912 0 0 0 20 219
809 T 386215 49 385969 67 13 0 8 0 0 109
810 T 383285 50 382903 73 169 0 17 0 0 73
811 G 385430 70 40 20 385135 0 0 0 24 141
812 C 374894 40 53 374718 26 0 0 29 0 28
813 T 374892 42 373903 251 22 0 23 0 0 651
814 C 377310 32 72 377097 29 0 0 14 0 66
815 A 375576 375151 59 27 63 129 0 0 0 147
816 C 376451 185 56 373118 28 1 0 157 0 2906
817 A 371938 371722 26 60 49 43 0 0 0 38
818 A 372739 372505 47 12 82 9 0 0 0 84
819 A 372222 371906 98 20 45 3 0 0 0 150
820 T 370026 153 369654 54 33 0 14 0 0 118
821 C 366467 130 72 365578 26 0 0 20 0 641
822 T 357081 107 356724 132 26 0 22 0 0 70
823 T 344442 138 343940 121 181 0 38 0 0 24
824 G 343955 101 148 81 343476 0 0 0 46 103
825 T 329178 152 328625 169 118 0 62 0 0 52
826 C 326844 131 194 326331 69 0 0 89 0 30
827 T 282286 50 281961 43 98 0 16 0 0 118
828 G 280795 156 81 34 280169 0 0 0 12 343
829 C 277273 63 158 276776 229 0 0 9 0 38
830 C 275021 48 254 274614 72 0 0 8 0 25
831 C 208167 88 208 207733 115 0 0 5 0 18
832 G 182600 649 59 58 181776 1 0 0 9 48
833 C 183062 49 624 182162 207 0 0 5 0 15
834 C 181177 259 37 180751 53 0 0 19 0 58
835 T 171896 19 171660 141 38 0 16 0 0 22
836 G 170226 60 40 23 170016 0 0 0 52 35
837 T 161461 32 161188 95 32 0 44 0 0 70
838 G 171232 196 74 64 170833 0 0 0 9 56
839 T 145651 26 145421 53 68 0 3 0 0 80
840 G 161923 112 258 196 161152 0 0 0 13 192
841 T 114175 29 113994 48 47 0 16 0 0 41
842 A 114317 113979 27 13 49 15 0 0 0 234
843 T 111985 61 110482 29 37 0 3 0 0 1373
844 G 111216 61 58 31 111043 0 0 0 17 6
845 G 129531 106 66 38 129010 0 0 1 17 293
846 A 126189 55118 89 57 178 16 0 1 0 70730
847 C 133280 877 762 127300 4266 0 0 13 1 61
848 C 135562 209 1117 131802 2406 0 0 19 0 9
849 T 133960 872 129576 1290 2196 0 13 0 0 13
850 G 230712 1065 29 32 229520 0 0 0 41 25
851 C 232810 546 145 231894 191 0 0 16 0 18
852 C 232938 655 145 231890 181 0 0 12 0 55
853 G 232858 83 45 241 232482 0 0 0 2 5
854 T 250908 257 250478 106 8 0 48 0 0 11
855 A 256290 255851 13 316 64 31 0 0 0 15
856 G 266549 31 50 20 266383 0 0 0 30 35
857 C 267159 27 31 266906 28 0 0 31 0 136
858 C 279137 17 40 279034 29 0 0 10 0 7
859 A 344292 344105 32 53 47 41 0 0 0 14
860 G 350137 65 16 48 349961 0 0 0 42 5
861 T 350747 303 350273 64 16 0 53 0 0 38
862 G 381622 77 16 8 381357 0 0 0 94 70
863 G 382210 31 33 7 382078 0 0 0 52 9
864 C 386990 29 33 386769 16 0 0 93 0 50
865 T 386825 87 380500 6072 68 0 79 1 0 18
866 A 390071 389532 60 14 394 25 0 0 0 46
867 C 389618 367 158 388956 86 0 0 14 0 37
868 G 422457 120 19 21 422221 0 0 0 34 42
869 A 424074 423781 43 16 54 64 0 0 0 116
870 C 427000 21 53 426832 25 0 0 39 0 30
871 T 425968 11 425713 70 57 0 75 0 0 42
872 T 427418 67 427133 64 29 0 90 0 0 35
873 C 427528 54 86 427150 30 0 0 182 0 26
874 G 429660 269 56 115 429030 0 0 0 163 27
875 A 430765 429998 201 97 452 6 0 0 0 11
876 A 432274 431818 36 213 103 7 0 0 0 97
877 A 431925 431632 11 197 66 10 0 0 0 9
878 A 432951 432606 28 40 196 58 0 0 0 23
879 A 436055 435300 43 225 425 48 0 0 0 14
880 G 438128 426 461 16589 420607 0 0 1 15 29
881 A 432298 430045 477 425 1231 12 0 0 0 108
882 G 427354 147 309 86 426729 0 0 0 56 27
883 G 426309 50 32 10 425945 0 0 0 215 57
884 G 422502 61 39 16 422191 0 0 0 160 35
885 A 401933 401592 33 6 127 9 0 0 0 166
886 T 397765 56 397512 77 8 0 5 0 0 107
887 A 355229 354458 42 24 75 12 0 0 0 618
888 C 354317 38 42 354127 20 0 0 29 0 61
889 T 316893 80 316643 62 14 0 33 0 0 61
890 C 323357 60 38 323140 41 0 0 27 0 51
891 T 334064 37 333790 146 17 0 17 0 0 57
892 T 328137 28 327856 130 69 0 22 0 0 32
893 T 326165 39 325891 48 132 0 38 0 0 17
894 A 324546 324190 45 35 184 37 0 0 0 55
895 G 332681 39 50 31 332359 0 1 0 89 112
896 T 319576 65 319092 37 47 0 77 0 1 257
897 G 313625 71 418 24 313066 0 0 0 20 26
898 G 315494 48 47 50 315309 0 0 0 32 8
899 G 287955 91 40 30 287744 0 0 0 30 20
900 A 356883 356569 34 30 128 6 0 0 0 116
901 A 364431 364110 75 87 83 10 0 0 0 66
902 T 364557 82 364274 80 61 0 17 0 0 43
903 A 359707 359176 277 81 121 41 0 0 0 11
904 G 364981 693 69 268 363876 0 0 0 24 51
905 A 369727 367814 66 303 708 66 0 0 0 770
906 C 377162 53 675 375855 316 0 0 78 1 184
907 C 371516 30 45 371339 49 0 0 32 0 21
908 C 393782 61 44 393489 20 0 0 148 0 20
909 T 393429 57 392887 208 110 0 125 0 0 42
910 T 399410 46 398867 259 150 0 49 0 0 39
911 T 378686 46 378302 92 90 0 20 0 0 136
912 C 380098 72 104 379772 116 0 0 15 0 19
913 A 379008 378695 36 98 93 22 0 0 0 64
914 A 381956 381533 30 31 163 148 0 0 0 51
915 A 387954 387491 33 40 137 158 0 0 0 95
916 C 388399 129 107 388022 56 0 0 41 0 44
917 T 381324 47 381109 81 44 0 12 0 0 31
918 G 389348 82 54 34 389117 0 0 0 36 25
919 C 392682 32 59 392428 91 0 0 60 0 12
920 T 393765 37 393381 123 52 0 70 0 0 102
921 T 393322 39 392998 110 77 0 60 0 0 38
922 C 400483 73 633 393093 6630 0 0 27 1 26
923 A 399282 391904 246 119 6952 38 0 0 3 20
924 A 398324 389869 7669 192 513 41 2 0 0 38
925 A 397430 392563 211 1773 2781 12 0 0 1 89
926 A 395405 389654 400 1459 3810 6 0 0 0 76
927 C 399988 344 786 395681 3112 0 0 38 0 27
928 A 386753 384599 1037 123 928 43 0 0 0 23
929 G 403284 221 59 877 402070 0 0 0 35 22
930 C 406835 864 293 405423 173 0 0 21 0 61
931 C 416621 1226 641 414418 235 0 0 62 0 39
932 A 411310 402275 51 992 7737 174 0 0 2 79
933 A 412568 404363 186 4826 3009 142 0 0 1 41
934 G 459904 143 146 38 459514 0 0 0 36 27
935 T 473061 59 472457 74 177 0 22 0 0 272
936 A 459291 458547 81 321 112 33 0 0 0 197
937 T 450863 45 450512 134 62 0 48 0 0 62
938 A 435749 435290 107 119 118 26 0 0 0 89
939 C 425083 56 686 424133 150 0 0 32 0 26
940 A 412455 412066 56 86 160 18 0 0 0 69
941 G 473839 81 61 66 473289 0 0 0 156 186
942 C 481648 61 99 481194 77 0 0 158 0 59
943 C 421254 304 128 420596 99 0 0 71 0 56
944 T 499169 145 498501 263 114 0 97 0 0 49
945 A 524940 524137 334 111 258 58 0 0 0 42
946 A 533496 533024 54 129 125 20 0 0 0 144
947 T 533346 134 532860 136 43 0 11 0 0 162
948 C 482280 63 136 481742 86 0 0 74 0 179
949 A 451353 450943 36 54 207 90 0 0 1 22
950 G 454779 78 37 19 454564 0 0 0 57 24
951 A 456272 455900 36 35 84 56 0 0 0 161
952 C 459667 70 126 458749 597 0 0 68 0 57
953 C 453951 159 90 452921 622 0 0 45 0 114
954 G 461950 141 129 46 461573 0 0 0 41 20
955 A 470877 470259 109 169 285 27 0 0 0 28
956 A 485864 484910 255 78 501 38 0 0 0 82
957 C 480666 279 198 479582 491 0 0 31 0 85
958 G 480238 120 274 39 479625 0 1 0 136 43
959 A 493037 492307 94 21 391 172 0 0 1 51
960 G 495893 495 97 23 495194 0 0 0 51 33
961 A 504897 504610 46 40 115 31 0 0 0 55
962 A 520473 520140 58 54 116 55 0 0 0 50
963 T 518629 52 513793 119 4507 0 52 0 0 106
964 C 515142 67 93 514797 88 0 0 56 0 41
965 C 517355 89 91 516994 88 0 0 56 0 37
966 A 511023 510352 66 94 366 24 0 0 0 121
967 G 515725 213 77 189 515034 0 0 0 143 69
968 C 508503 115 253 507749 185 0 0 151 0 50
969 A 530435 529665 219 89 237 68 0 0 0 157
970 C 548348 47 90 548009 65 0 0 85 0 52
971 A 535071 534552 95 51 114 70 0 0 1 188
972 C 542796 140 151 542411 52 0 0 14 0 28
973 A 540085 539773 19 14 141 85 0 0 0 53
974 A 544036 543553 45 20 138 200 0 0 0 80
975 G 548780 73 35 6 548320 0 0 0 194 152
976 A 516890 516579 32 6 86 52 0 0 0 135
977 G 521774 76 26 10 521569 0 0 0 45 48
978 T 461924 31 461351 80 17 0 67 1 0 377
979 C 489595 53 57 489350 17 0 0 57 0 61
980 A 462125 461810 18 15 127 16 0 0 0 139
981 G 462796 72 38 15 462582 0 0 0 14 75
982 C 463129 250 222 462450 129 0 0 22 0 56
983 T 387486 118 387034 94 128 0 49 0 1 62
984 G 415804 176 104 63 415354 0 0 0 82 25
985 G 421019 214 61 34 420556 0 0 0 47 107
986 T 417789 76 417143 100 67 0 19 0 0 384
987 G 475039 340 229 60 474318 0 0 0 44 48
988 T 462916 32 462441 91 110 0 66 0 0 176
989 G 459834 117 58 52 459543 0 0 0 38 26
990 G 393048 79 51 43 392783 0 0 0 26 66
991 A 390196 389661 100 177 103 30 0 0 0 125
992 T 389961 78 389656 66 50 0 32 0 0 79
993 G 376850 82 73 41 376506 0 0 0 113 35
994 G 377384 135 52 161 376904 0 0 0 109 23
995 C 380267 125 96 379859 84 0 0 41 0 62
996 A 390318 389725 143 189 116 37 0 0 0 108
997 T 407548 253 406984 145 79 0 12 0 0 75
998 G 414199 161 90 158 413725 0 0 1 28 36
999 C 418772 84 279 418161 200 0 0 21 0 27
1000 A 417591 417030 171 131 118 54 0 0 0 87
1001 A 422471 421987 54 42 159 118 0 0 1 110
1002 T 423465 31 422882 275 57 0 143 0 0 77
1003 T 406474 57 406144 57 89 0 72 0 1 54
1004 C 399988 43 65 399788 49 0 0 30 0 13
1005 T 377425 106 377057 111 55 0 29 0 0 67
1006 G 382099 124 59 696 381142 0 0 0 19 59
1007 C 394562 70 837 393456 95 0 0 73 0 31
1008 T 373148 126 371954 856 52 0 91 0 0 69
1009 G 377114 84 99 59 376743 0 0 0 71 58
1010 C 355974 52 74 355627 129 0 0 22 0 70
1011 A 351273 350981 72 45 78 40 0 0 0 57
1012 T 363583 31 363366 54 42 0 67 0 0 23
1013 T 362266 20 362045 63 58 0 40 0 0 40
1014 T 362396 29 362144 124 58 0 22 0 0 19
1015 G 361962 37 30 9 361747 0 0 0 19 120
1016 A 352430 352261 18 9 93 13 0 0 0 36
1017 A 352810 352527 34 23 125 85 0 0 0 16
1018 G 341538 55 44 59 341260 0 0 0 98 22
1019 A 352645 352406 39 37 84 42 0 0 0 37
1020 T 354469 44 354131 123 28 0 43 0 0 100
1021 C 346759 69 24 346550 8 0 0 66 0 42
1022 T 348164 24 347927 133 2 0 44 0 0 34
1023 A 335912 335696 54 6 53 26 0 0 0 77
1024 A 335059 334837 52 26 112 9 0 0 0 23
1025 G 337168 55 22 24 337002 0 0 0 21 44
1026 A 328180 327908 32 8 121 50 0 0 0 61
1027 G 348897 295 18 18 348415 0 0 0 130 21
1028 T 293468 51 292705 37 9 0 67 0 0 599
1029 A 289498 289104 19 157 95 36 0 0 0 87
1030 T 283381 41 283171 68 42 0 36 0 0 23
1031 T 280765 28 280552 44 62 0 28 0 0 51
1032 A 290215 289924 74 26 134 33 0 0 0 24
1033 A 252992 252727 24 28 132 32 0 0 0 49
1034 G 246617 36 39 41 246407 0 0 0 35 59
1035 C 246703 37 58 246458 90 0 0 39 0 21
1036 T 222678 32 222545 45 25 0 6 0 0 25
1037 T 266087 23 265939 62 21 0 25 0 0 17
1038 C 269179 57 41 268983 41 0 0 45 0 12
1039 A 278427 278226 26 18 53 35 0 0 0 69
1040 T 278710 29 278554 41 34 0 10 0 0 42
1041 C 278606 26 33 278487 32 0 0 11 0 17
1042 A 280674 280466 22 41 84 19 0 0 0 42
1043 G 268930 35 20 37 268787 0 0 0 19 32
1044 A 271728 271551 18 13 86 15 0 0 0 45
1045 G 265052 38 31 22 264923 0 0 0 19 19
1046 G 281987 35 18 8 281863 0 0 0 40 23
1047 G 336227 86 22 21 336018 0 0 0 46 34
1048 A 336804 336313 61 50 189 19 0 0 0 172
1049 C 341425 39 64 341066 166 0 0 19 0 71
1050 C 331012 52 67 330753 95 0 0 11 0 34
1051 A 336587 336343 26 43 48 105 0 0 0 22
1052 A 358949 358659 13 13 60 157 0 0 0 47
1053 A 359824 359450 19 33 109 83 0 0 0 130
1054 G 365402 49 34 23 365162 0 0 0 46 88
1055 T 360222 49 359897 48 28 0 19 0 0 181
1056 A 360966 360715 51 46 65 57 0 0 0 32
1057 T 364469 303 363759 274 6 0 50 0 0 77
1058 C 364510 32 341 364016 10 0 0 36 0 75
1059 C 361773 54 38 361257 261 0 0 31 0 132
1060 C 357692 46 53 357391 63 0 0 105 0 34
1061 C 340276 76 57 339934 34 0 0 142 0 33
1062 A 340219 339945 26 66 67 98 0 0 0 17
1063 A 335705 335501 17 27 95 27 0 0 0 38
1064 G 339808 52 43 4 339653 0 0 0 15 41
1065 G 332730 23 47 8 332596 0 0 0 8 48
1066 G 330609 59 42 14 330401 0 0 0 41 52
1067 G 313458 40 25 15 313313 0 0 0 43 22
1068 G 295161 80 20 12 294993 0 0 0 20 36
1069 A 292432 292273 21 2 82 16 0 0 0 38
1070 A 304463 304306 15 6 52 44 0 0 0 40
1071 A 305407 305160 21 46 61 61 0 0 0 58
1072 C 311554 43 123 311312 18 0 0 33 0 25
1073 T 299757 101 299453 91 12 0 5 0 0 95
1074 T 299687 22 299492 50 100 0 7 0 0 16
1075 T 308084 42 307652 317 29 0 5 0 0 39
1076 C 283524 69 38 283202 169 0 0 25 0 21
1077 C 299099 51 91 298727 181 0 0 29 0 20
1078 A 329118 328784 80 41 45 16 0 0 0 152
1079 C 337393 51 49 337162 23 0 0 59 0 49
1080 T 338417 82 338093 63 29 0 98 0 0 52
1081 A 327558 327126 33 235 62 64 0 0 0 38
1082 G 329681 70 36 15 329516 0 0 0 15 29
1083 A 332390 331921 256 10 85 14 0 0 0 104
1084 G 334214 33 34 13 333986 0 0 0 67 81
1085 G 350198 27 16 32 349989 0 0 0 106 28
1086 A 302227 301936 51 16 104 37 0 0 0 83
1087 G 335414 62 169 13 335105 0 0 0 32 33
1088 T 331848 25 331086 79 37 0 24 0 0 597
1089 A 332853 332402 54 21 198 42 0 0 0 136
1090 C 337655 85 105 337364 15 0 0 55 0 31
1091 A 324343 324018 148 21 78 43 0 0 0 35
1092 A 324168 323811 67 28 96 114 0 0 0 52
1093 A 371520 371105 179 29 61 85 0 0 0 61
1094 T 363834 32 363593 68 12 0 20 0 0 109
1095 T 348520 35 348229 48 169 0 25 0 0 14
1096 G 310426 57 38 25 310273 0 0 0 18 15
1097 C 306583 32 37 306410 21 0 0 49 0 34
1098 T 306831 29 306622 65 22 0 41 0 0 52
1099 T 306434 51 306118 82 61 0 33 0 0 89
1100 C 305230 63 96 304958 62 0 0 27 0 24
1101 A 299571 299354 56 38 82 20 0 0 0 21
1102 A 303314 303178 22 17 59 25 0 0 0 13
1103 A 305843 305667 47 15 61 9 0 0 0 44
1104 T 307276 38 307084 51 39 0 18 0 0 46
1105 G 304360 54 45 22 304166 0 1 0 34 38
1106 A 302044 301883 29 24 66 19 0 0 0 23
1107 A 305665 305456 38 30 56 68 1 0 0 16
1108 A 306544 306277 29 84 39 77 0 0 0 38
1109 A 308048 307801 38 49 72 24 0 0 0 64
1110 C 320532 47 61 320259 43 0 0 102 0 20
1111 A 318816 318252 42 13 358 78 0 0 0 73
1112 T 334508 40 334312 60 30 0 32 0 0 34
1113 G 321591 413 87 71 320961 1 0 0 33 25
1114 G 319589 71 26 38 319375 0 0 0 18 61
1115 A 329717 329485 22 19 82 39 0 0 0 70
1116 T 326916 43 326713 39 22 0 30 0 0 69
1117 G 331148 187 270 61 330550 0 0 0 31 49
1118 C 376939 115 342 376343 45 0 0 76 0 18
1119 T 365954 96 365267 381 73 0 37 0 0 100
1120 A 366132 365430 239 122 185 87 0 0 0 69
1121 T 351032 55 350497 124 215 0 94 0 0 47
1122 G 357901 357 100 142 357209 0 0 0 57 36
1123 G 358214 59 44 19 358032 0 0 0 28 32
1124 A 341066 340813 41 31 95 19 0 0 0 67
1125 A 340961 340623 45 121 82 19 0 0 0 71
1126 T 301602 53 301341 45 39 0 80 0 0 44
1127 C 286809 37 33 286589 54 0 0 64 0 32
1128 A 280184 279946 46 44 114 5 0 0 0 29
1129 A 278115 277806 71 39 85 16 0 0 0 98
1130 G 280559 59 62 63 280323 0 0 0 18 34
1131 T 265378 54 265038 88 63 0 38 0 0 97
1132 A 262880 262113 69 28 72 44 0 0 1 553
1133 C 284115 55 33 283934 44 0 0 41 0 8
1134 T 272355 31 272091 80 36 0 15 0 0 102
1135 C 282041 93 59 281819 19 0 0 19 0 32
1136 T 248928 34 248767 65 10 0 23 0 0 29
1137 T 251088 36 250813 104 82 0 26 1 0 26
1138 G 253246 50 22 64 253089 0 0 0 13 8
1139 A 264254 264095 22 3 65 16 0 0 0 53
1140 A 266298 266086 28 15 55 11 0 0 0 103
1141 C 267143 18 33 266971 68 0 0 37 0 16
1142 T 259420 42 259217 87 18 0 38 0 0 18
1143 G 267753 60 38 67 267498 0 0 0 62 28
1144 A 274735 274456 87 26 74 52 0 0 0 40
1145 G 279415 28 22 25 279307 0 0 0 6 27
1146 A 278192 277966 111 7 61 30 0 0 0 17
1147 A 313498 313195 42 15 174 42 0 0 0 30
1148 G 319665 84 54 100 319288 0 0 0 34 105
1149 C 351538 106 233 350976 128 0 0 46 0 49
1150 A 349761 348817 80 576 212 25 0 0 0 51
1151 G 350901 87 34 55 350613 0 0 0 95 17
1152 G 406285 608 49 100 405412 0 0 0 90 26
1153 T 405478 84 404525 235 60 0 46 0 0 528
1154 A 411751 411177 70 191 86 48 0 0 0 179
1155 C 423675 77 336 423132 50 0 0 28 0 52
1156 T 399331 45 399059 106 41 0 54 0 0 26
1157 G 409338 78 86 32 409067 0 0 0 38 37
1158 G 414986 85 44 23 414715 0 0 0 59 60
1159 G 404298 90 61 65 403913 0 1 0 60 108
1160 C 438097 43 93 437529 342 0 0 48 0 42
1161 C 397600 65 303 397007 108 0 0 78 0 39
1162 A 412675 412395 72 38 77 71 0 0 0 22
1163 T 413227 53 412901 105 22 0 82 0 0 64
1164 A 408501 408000 106 16 191 77 0 0 0 111
1165 A 427638 427414 58 9 105 13 0 0 0 39
1166 G 420547 82 25 23 420227 1 0 0 144 45
1167 A 405292 405004 29 18 89 129 0 0 1 22
1168 A 403590 403176 123 53 76 40 0 0 0 122
1169 C 402745 53 79 402401 81 0 0 58 1 72
1170 C 427133 134 188 426695 47 0 0 32 0 37
1171 A 417545 417036 56 153 186 27 0 0 0 87
1172 G 425260 65 21 22 425115 0 0 0 23 14
1173 A 425765 425367 51 41 227 6 0 0 0 73
1174 A 421458 421165 52 16 89 69 0 0 0 67
1175 G 433223 61 41 34 432972 0 0 0 85 30
1176 T 412050 50 411322 55 56 0 61 0 0 506
1177 G 414669 47 911 20 413612 0 0 0 55 24
1178 G 421047 40 27 885 420033 0 0 0 24 38
1179 A 421182 419577 41 16 1390 68 0 0 0 90
1180 G 429911 59 262 16 429409 0 0 0 116 49
1181 G 433391 310 68 29 432873 1 0 0 74 36
1182 A 401473 400939 55 13 369 25 0 0 0 72
1183 A 401299 400892 52 96 189 22 0 0 0 48
1184 A 401208 400725 47 147 139 63 0 0 0 87
1185 C 409639 110 121 409109 80 0 0 158 0 61
1186 A 409890 407510 363 1360 317 104 0 0 0 236
1187 C 429791 890 572 427418 824 0 0 37 0 50
1188 T 419657 349 417700 1151 359 0 13 0 0 85
1189 A 449335 448186 313 504 236 55 0 0 0 41
1190 A 470456 469160 179 155 802 49 0 0 0 111
1191 T 468076 274 466884 392 365 0 62 0 0 99
1192 C 470173 990 174 468812 92 0 0 49 0 56
1193 A 454211 451173 45 148 2717 46 1 0 0 81
1194 A 456554 453345 603 531 1936 51 0 0 0 88
1195 C 464132 259 175 463226 304 0 0 122 1 45
1196 A 403712 402589 247 195 455 96 0 0 0 130
1197 G 397470 164 271 52 396933 0 0 0 27 23
1198 A 363756 362541 36 953 171 8 0 0 0 47
1199 G 368599 88 57 34 368368 0 0 0 18 34
1200 G 390024 66 47 25 389803 0 0 0 61 22
1201 G 341648 75 30 250 341145 0 0 0 46 102
1202 C 347980 65 53 347517 270 0 0 41 0 34
1203 C 353905 71 217 353488 47 0 0 38 0 44
1204 T 353168 389 351363 582 727 0 67 0 0 40
1205 C 372556 517 113 371399 417 0 0 86 0 24
1206 T 361648 110 360009 265 1112 0 40 0 1 111
1207 G 363325 197 267 83 362725 0 0 0 18 35
1208 C 359669 121 246 359165 69 1 0 36 0 31
1209 A 347476 346313 136 80 866 40 0 0 1 40
1210 G 369307 100 47 19 369072 0 0 0 44 25
1211 G 368254 64 73 130 367858 0 0 0 44 85
1212 T 371353 39 370579 154 185 0 29 0 0 367
1213 C 371872 61 45 371673 20 0 0 31 0 42
1214 A 361038 360785 56 24 59 67 0 0 0 47
1215 A 383338 383094 31 8 91 67 0 0 0 47
1216 A 373249 373013 41 48 65 18 0 0 0 64
1217 T 375271 71 374944 67 5 0 36 0 0 148
1218 C 373898 64 85 373641 15 0 0 66 0 27
1219 A 352874 352493 14 227 90 28 0 0 0 22
1220 G 375484 74 24 10 375284 0 0 0 75 17
1221 T 363134 73 362794 53 14 0 69 0 0 131
1222 G 366091 89 16 20 365721 1 0 0 105 139
1223 T 362316 52 361944 80 12 0 89 0 0 139
1224 G 355356 158 79 22 355039 0 0 0 18 40
1225 C 367071 698 583 364552 1159 0 0 49 0 30
1226 A 365054 362611 90 1804 409 48 0 0 0 92
1227 A 373046 371058 1498 25 254 37 0 0 0 174
1228 C 373215 36 64 372882 157 0 0 46 0 30
1229 C 368740 75 34 368443 84 0 0 74 0 30
1230 T 341654 58 341231 167 122 0 51 0 0 25
1231 G 351198 246 333 88 350406 0 0 0 22 103
1232 C 376338 46 104 375987 105 0 0 32 0 64
1233 A 369250 368852 79 91 95 74 0 0 0 59
1234 T 375822 69 375524 65 28 0 92 0 0 44
1235 T 373470 13 373313 40 19 0 58 0 0 27
1236 T 355441 21 355162 88 64 0 25 0 0 81
1237 T 360650 146 360330 62 48 0 12 0 0 52
1238 C 336791 54 58 336442 111 0 0 72 0 54
1239 T 318341 489 317580 94 74 2 78 0 0 24
1240 G 340872 118 50 53 340563 0 0 0 59 29
1241 T 333245 58 332917 91 41 0 42 0 0 96
1242 G 340828 153 106 58 340420 0 0 0 32 59
1243 C 342890 996 390 333513 7883 0 0 58 1 49
1244 A 337599 326192 2003 7642 1646 80 0 2 1 33
1245 A 345236 336739 6658 209 1566 39 2 0 0 23
1246 A 343884 343514 17 116 111 69 0 0 0 57
1247 G 354053 84 22 21 353814 0 0 0 69 43
1248 A 349343 349024 115 29 63 69 0 0 0 43
1249 A 316473 315864 231 144 135 59 0 0 0 40
1250 A 326482 325245 235 126 343 15 0 0 0 518
1251 C 325479 106 301 324545 453 0 0 39 0 35
1252 C 345288 143 47 344972 29 0 0 30 0 67
1253 T 347298 61 346974 100 29 0 81 0 0 53
1254 C 338991 62 55 338652 97 0 0 81 0 44
1255 C 358517 95 57 358263 43 0 0 20 0 39
1256 C 352262 79 123 351932 70 0 0 22 0 36
1257 A 356739 356294 66 174 127 20 0 0 0 58
1258 T 359785 112 358722 155 740 0 23 0 0 33
1259 T 336571 129 336047 183 132 0 38 0 0 42
1260 T 342758 69 341510 535 577 0 34 0 0 33
1261 G 341255 1750 308 227 338879 0 0 0 30 61
1262 A 348759 345788 476 712 1657 48 0 1 1 76
1263 C 348497 205 1626 346359 223 0 1 39 1 43
1264 A 333062 326545 96 5846 476 70 0 2 0 27
1265 A 345989 339004 248 40 6566 79 0 0 1 51
1266 A 348184 341241 600 424 5715 75 0 0 2 127
1267 C 363012 6179 730 355647 311 2 1 85 1 56
1268 C 358776 3245 216 350186 5061 2 0 28 1 37
1269 A 325436 316916 875 1071 6514 22 0 0 4 34
1270 A 339350 338120 148 418 519 26 0 0 0 119
1271 C 333922 157 507 333036 149 0 0 32 0 41
1272 C 352994 223 352 351703 609 0 0 31 0 76
1273 A 347661 346955 36 13 487 70 0 0 0 100
1274 T 350420 40 350025 146 28 0 78 0 0 103
1275 C 351492 52 134 351186 68 0 0 21 0 31
1276 A 339463 337518 80 165 1597 66 1 0 1 35
1277 T 347172 91 346616 289 53 0 58 0 0 65
1278 G 335924 145 151 134 335392 0 0 0 34 68
1279 G 334396 366 156 149 333654 0 0 0 27 44
1280 C 313854 274 274 311198 2036 0 0 41 0 31
1281 A 300289 297790 1873 307 229 50 0 0 0 40
1282 G 309829 194 37 104 309441 0 0 0 31 22
1283 C 304901 130 108 304475 129 0 0 27 0 32
1284 A 300325 299932 102 114 61 72 0 0 0 44
1285 T 301894 92 301624 69 36 0 56 0 0 17
1286 T 294384 610 293290 92 306 0 26 0 0 60
1287 C 297892 34 319 297431 47 0 0 41 0 20
1288 A 295240 293942 399 381 348 46 0 0 0 124
1289 C 274981 35 129 274089 641 0 0 49 0 38
1290 T 277179 85 275631 420 992 0 24 0 0 27
1291 G 297075 247 159 402 296166 0 0 0 39 62
1292 G 305004 455 256 73 304150 0 0 0 39 31
1293 G 313770 105 118 607 312809 0 0 0 35 96
1294 A 308266 307234 493 151 279 31 0 0 0 78
1295 A 317489 316151 369 356 566 18 0 0 0 29
1296 T 302161 269 301462 101 246 0 39 0 0 44
1297 A 328349 327609 199 148 276 50 0 0 0 67
1298 C 361371 72 1103 359892 154 0 0 49 0 101
1299 A 354033 352386 911 116 495 43 0 0 0 82
1300 G 358144 113 161 92 357697 0 0 0 55 26
1301 A 345262 344590 131 158 267 48 0 0 0 68
1302 G 363604 115 219 32 363174 0 0 0 42 22
1303 G 358530 88 99 203 358048 0 0 0 42 50
1304 G 356793 161 56 62 356402 0 0 0 58 54
1305 A 356157 355164 106 66 668 87 0 0 0 66
1306 A 350847 350490 50 53 130 69 0 0 0 55
1307 G 356772 103 67 19 356452 0 0 0 22 109
1308 A 355058 354629 67 48 228 24 0 0 0 62
1309 A 368395 367694 428 44 120 19 0 0 0 90
1310 C 391103 89 50 390671 225 0 0 38 0 30
1311 A 377064 376379 96 31 408 71 0 0 0 79
1312 T 381499 43 380886 87 296 0 132 0 0 55
1313 C 372668 39 137 372110 251 0 0 94 0 37
1314 A 367431 366553 177 34 583 29 0 0 0 55
1315 G 371998 367 22 31 371502 0 0 0 52 24
1316 A 363432 362810 390 12 90 57 0 0 0 73
1317 C 370581 58 431 369982 30 0 0 14 0 66
1318 A 367707 367029 377 81 148 15 0 0 0 57
1319 T 354105 365 353410 155 91 0 17 0 0 67
1320 G 360328 74 127 344 359723 0 0 0 15 45
1321 A 346890 346689 26 14 99 8 0 0 0 54
1322 G 352772 57 55 8 352600 0 0 0 25 27
1323 G 355446 48 119 16 355137 0 0 0 58 68
1324 G 349710 2545 128 187 346710 1 0 0 103 36
1325 C 349881 348 1969 346319 1083 0 2 113 2 45
1326 A 343345 341009 857 986 354 94 0 0 1 44
1327 G 349958 38 21 20 349780 0 0 0 37 62
1328 A 350535 350346 22 6 104 22 0 0 0 35
1329 A 355101 354832 24 26 142 28 0 0 0 49
1330 A 364200 363664 121 45 297 37 0 0 0 36
1331 T 363568 72 363182 56 151 0 50 0 0 57
1332 T 384366 65 383549 342 308 0 28 0 0 74
1333 A 390451 389966 154 96 114 40 0 0 0 81
1334 T 385924 115 385458 97 122 0 52 0 0 80
1335 A 385745 385271 71 127 147 85 0 0 0 44
1336 A 374147 362803 146 255 10856 52 0 0 0 35
1337 G 393716 6938 290 326 386052 1 0 0 71 38
1338 G 400362 348 546 6349 392972 0 0 1 68 78
1339 A 418128 415120 1823 685 346 22 0 0 0 132
1340 T 368624 651 367441 139 294 0 23 0 0 76
1341 G 359412 182 1864 176 357119 0 0 0 40 31
1342 A 346813 346217 68 234 172 45 0 0 0 77
1343 T 348967 99 348238 136 337 0 58 0 0 99
1344 G 340280 2113 79 31 337944 0 0 0 65 48
1345 G 346237 771 32 13 345311 0 0 0 46 64
1346 A 327155 326794 44 24 157 88 0 0 0 48
1347 A 346308 344882 1088 33 190 86 0 0 0 29
1348 G 351836 657 1304 204 349603 0 1 0 44 23
1349 G 393351 236 54 1151 391837 0 0 0 47 26
1350 T 384608 43 382255 426 1321 0 17 0 0 546
1351 G 375793 436 226 621 374436 0 0 0 31 43
1352 C 376085 107 977 371128 3832 0 1 15 0 25
1353 A 369269 364421 680 845 3221 57 1 0 3 41
1354 A 370772 370496 28 88 53 62 0 0 0 45
1355 A 376771 376548 21 18 102 36 0 0 0 46
1356 A 385012 384515 66 117 112 34 0 0 0 168
1357 C 396005 132 453 395050 308 0 0 29 0 33
1358 C 382446 402 108 381321 582 0 0 15 0 18
1359 A 366757 365912 224 29 536 13 0 0 0 43
1360 G 373916 56 859 274 372688 0 0 0 29 10
1361 A 369399 354575 9977 544 4156 83 4 0 1 59
1362 A 384082 379095 272 149 4416 107 0 0 2 41
1363 G 390589 367 205 425 389479 0 0 0 67 46
1364 A 386053 384724 242 382 532 79 0 0 0 94
1365 A 382628 381270 467 464 343 57 0 0 0 27
1366 A 382738 381166 316 435 792 14 0 0 0 15
1367 T 382241 346 380697 667 473 1 11 0 0 46
1368 G 384817 185 148 346 384036 0 0 0 14 88
1369 T 378264 56 377822 124 139 0 17 0 0 106
1370 C 381625 122 79 381233 82 0 0 66 0 43
1371 C 375069 96 509 374199 103 0 0 141 0 21
1372 T 380536 48 380128 191 33 0 98 0 0 38
1373 T 382943 242 382337 159 76 0 27 0 0 102
1374 C 384874 76 165 384390 166 0 0 30 1 46
1375 C 383018 617 165 381555 573 0 0 34 0 74
1376 A 380411 375603 222 348 4174 48 0 0 0 16
1377 G 381564 917 453 521 379595 0 0 0 55 23
1378 G 379845 101 126 53 379498 0 0 0 34 33
1379 G 382269 107 88 317 381685 0 0 0 36 36
1380 G 358871 97 87 139 358450 0 0 0 48 50
1381 C 323314 119 94 322756 267 0 0 37 0 41
1382 G 317767 153 55 299 317183 0 0 0 59 18
1383 G 328626 88 157 27 328205 0 0 0 76 73
1384 G 328550 112 110 425 327812 0 0 0 21 70
1385 G 334162 406 280 181 333216 0 0 0 14 65
1386 A 308504 288522 288 292 941 26 1 0 3 18431
1387 G 310017 111 272 94 309460 0 0 0 52 28
1388 T 297403 488 282115 101 327 1 15 0 0 14356
1389 C 303485 554 245 302302 225 1 0 20 0 138
1390 T 293482 98 291700 1571 19 0 44 0 0 50
1391 T 293920 26 292074 1617 90 0 64 0 0 49
1392 C 294676 50 135 292384 1633 0 0 36 1 437
1393 G 349683 58 41 20 349078 0 0 0 35 451
1394 A 347145 346463 30 11 118 13 0 0 0 510
1395 G 357351 81 39 17 357143 0 0 0 27 44
1396 C 332955 271 4132 327009 1265 0 0 25 0 253
1397 T 327854 1307 322299 618 3136 0 44 0 1 449
1398 C 316034 308 310 309559 5770 0 0 46 2 39
1399 T 314460 232 313643 414 20 0 15 0 0 136
1400 C 317911 168 119 316754 814 0 0 24 0 32
1401 G 319501 118 409 510 318413 0 0 0 20 31
1402 G 347931 186 99 6 347563 0 0 0 38 39
1403 A 380911 380014 69 197 188 18 0 1 0 424
1404 C 393544 202 106 393116 52 1 0 18 0 49
1405 G 420785 313 105 220 420066 0 0 0 15 66
1406 A 445189 444420 229 150 313 41 0 0 0 36
1407 A 442673 441718 152 333 272 161 0 1 0 36
1408 A 446979 446460 141 21 114 162 0 0 1 80
1409 G 460631 145 235 6 459656 0 0 0 31 558
1410 G 463421 170 32 12 463109 0 0 0 37 61
1411 G 452910 71 141 28 452612 0 0 0 20 38
1412 C 456940 36 161 456418 172 0 0 75 0 78
1413 A 453178 452529 41 33 377 71 0 0 0 127
1414 G 461109 153 158 29 460688 0 0 0 18 63
1415 C 454159 67 280 453708 20 0 0 16 0 68
1416 G 488233 145 26 173 487799 0 0 0 38 52
1417 A 491890 491233 285 142 79 90 0 0 0 61
1418 A 494759 493885 412 52 113 92 0 0 0 205
1419 C 495934 63 72 495459 181 0 0 98 0 61
1420 C 492275 47 80 491896 40 0 0 187 0 25
1421 C 477846 70 77 477470 53 0 0 116 0 60
1422 G 475627 160 30 21 475319 0 0 0 58 39
1423 A 475744 475444 41 12 135 55 0 0 0 57
1424 T 476260 30 476020 54 12 0 28 0 0 116
1425 C 459519 35 85 459250 83 0 0 13 0 53
1426 G 448955 149 28 23 448698 0 0 0 17 40
1427 T 434016 49 433527 110 146 0 17 0 0 167
1428 G 412580 133 44 22 412302 0 0 0 20 59
1429 C 411813 221 47 411432 9 0 0 37 0 67
1430 C 412824 29 186 412496 6 0 0 54 0 53
1431 C 410934 37 2300 408489 10 0 0 68 0 30
1432 T 395782 46 395166 433 64 0 29 0 0 44
1433 C 422701 314 161 422122 61 0 0 26 0 17
1434 T 415359 95 414364 453 288 0 20 0 0 139
1435 T 466831 48 466469 68 98 0 69 0 0 79
1436 T 411352 18 410980 113 152 0 62 0 0 27
1437 T 413659 217 413178 110 88 0 44 0 0 22
1438 G 406494 144 54 76 406140 0 0 0 40 40
1439 A 401152 400353 349 95 153 67 0 0 0 135
1440 C 411993 130 103 411274 305 0 0 65 0 116
1441 A 407826 407407 122 25 137 29 1 0 0 105
1442 T 354126 67 353757 100 114 0 33 0 0 55
1443 G 431601 63 60 14 431381 0 0 0 59 24
1444 A 424602 424288 47 4 116 35 0 0 0 112
1445 G 478380 58 50 108 478007 0 0 0 72 85
1446 T 481797 41 481210 182 18 0 38 0 0 308
1447 A 467022 466651 37 3 202 43 0 0 0 86
1448 A 472927 472774 48 1 48 29 0 0 0 27
1449 T 474682 46 474248 79 12 0 200 0 0 97
1450 G 475537 60 34 270 474931 0 0 1 195 46
1451 A 452032 451360 194 270 62 69 0 0 0 77
1452 A 418403 417964 35 35 201 48 0 0 0 120
1453 G 416337 112 58 54 416058 0 0 0 38 17
1454 G 380219 34 248 15 379867 0 0 0 34 21
1455 A 376635 376351 30 38 91 34 0 0 0 91
1456 T 383206 94 382965 48 3 0 47 0 0 49
1457 C 380431 35 25 380119 10 0 0 114 0 128
1458 T 373729 93 373480 51 5 0 81 0 0 19
1459 T 377200 18 376986 71 2 0 47 0 0 76
1460 A 377794 377648 25 2 35 56 0 0 0 28
1461 T 377366 19 377251 37 3 0 18 0 0 38
1462 T 375866 27 375734 53 0 0 12 0 0 40
1463 T 372884 24 372762 42 0 0 24 0 0 32
1464 C 372113 16 37 372003 16 0 0 31 0 10
1465 T 357156 51 357000 42 1 0 23 0 0 39
1466 T 354455 23 354219 35 2 0 132 0 0 44
1467 C 351931 37 45 351584 124 0 0 121 0 20
1468 G 349843 52 42 111 349600 0 0 0 13 25
1469 G 352214 15 25 15 352096 0 0 0 22 41
1470 A 353119 352828 152 12 84 12 0 0 0 31
1471 G 360089 50 207 9 359649 0 0 0 19 155
1472 A 359114 358894 52 12 104 17 0 0 0 35
1473 C 367446 32 43 367256 52 0 0 28 0 35
1474 A 359120 358964 20 15 63 24 0 0 0 34
1475 A 392918 392723 46 16 79 28 0 0 0 26
1476 T 405335 54 404919 61 23 0 107 0 0 171
1477 G 431396 1805 49 40 429299 0 0 0 99 104
1478 C 443942 61 178 441797 1780 0 0 94 0 32
1479 A 429970 429499 67 11 178 106 0 0 0 109
1480 G 433396 77 41 29 433214 0 0 0 15 20
1481 A 454236 453890 40 17 118 43 0 0 0 128
1482 G 390575 603 76 30 389769 0 0 0 39 58
1483 G 412226 190 37 262 411646 0 0 0 56 35
1484 A 349107 348295 47 23 641 9 0 0 0 92
1485 G 357001 111 32 21 356727 0 0 0 54 56
1486 T 344165 64 343075 58 345 0 84 0 0 539
1487 A 339321 338540 44 71 464 55 0 0 0 147
1488 C 340976 131 120 340594 84 0 0 22 0 25
1489 G 326858 703 269 137 325691 0 0 0 27 31
1490 A 327518 323414 1286 1057 1629 46 0 0 0 86
1491 C 318214 482 871 315403 1345 0 0 94 1 18
1492 A 263940 259846 602 684 2715 67 0 0 0 26
1493 A 264230 255852 2304 408 5598 35 0 0 1 32
1494 T 244951 7951 234024 642 2282 1 10 0 1 40