# nucleotide counts
# upper case indicates nucleotide called by both reads
# lower case indicates nucleotide called by one read with other ambiguous
# N indicates disagreement between reads, or both ambiguous
# POSITION WT COUNTS A T C G a t c g N
1 A 359748 359605 24 5 34 7 0 0 0 73
2 T 361023 25 360685 49 4 0 2 0 0 258
3 G 361613 63 117 12 361329 0 0 0 0 92
4 A 363179 362885 25 5 60 1 0 0 0 203
5 A 366709 366539 15 9 61 1 0 0 0 84
6 G 376149 56 122 10 375751 0 0 0 3 207
7 G 377138 54 98 22 376404 0 0 0 0 560
8 C 387277 73 49 386939 42 0 0 2 0 172
9 A 387067 386807 28 16 59 6 0 0 0 151
10 A 393579 393445 12 6 40 0 0 0 0 76
11 A 395984 395886 11 7 30 2 0 0 0 48
12 A 401180 400498 20 21 56 4 0 0 0 581
13 C 412364 27 18 412178 4 0 0 5 0 132
14 T 425750 20 425453 91 3 0 8 0 0 175
15 A 426112 425247 41 10 59 4 0 0 0 751
16 C 451200 48 51 451003 9 0 0 6 0 83
17 T 467508 36 467231 90 6 0 3 0 0 142
18 G 479603 69 243 26 479121 0 0 0 2 142
19 G 534481 74 147 22 534088 0 0 0 13 137
20 T 606008 58 604045 118 18 0 38 0 0 1731
21 C 613418 64 70 613141 22 0 0 12 0 109
22 C 660639 82 79 660320 18 0 0 8 0 132
23 T 657664 39 657097 283 50 0 13 0 0 182
24 G 847744 243 336 45 846935 0 0 0 27 158
25 T 834732 55 833934 162 35 0 70 0 0 476
26 T 849890 46 849347 141 109 0 54 0 0 193
27 A 857252 856523 195 12 164 19 0 0 0 339
28 T 759626 68 759251 183 12 0 8 0 0 104
29 A 770113 768895 76 10 745 5 0 0 0 382
30 T 757546 77 757073 214 21 0 18 0 0 143
31 G 760263 268 395 37 759264 0 0 0 25 274
32 C 772448 96 153 771921 31 0 0 15 0 232
33 A 689435 689111 35 21 88 14 0 0 0 166
34 T 678829 56 678529 110 14 0 7 0 0 113
35 T 675670 32 675381 149 12 0 3 0 0 93
36 T 677877 42 677585 100 6 0 5 0 0 139
37 G 678466 86 230 14 677979 0 0 0 6 151
38 T 679666 72 678850 177 6 0 3 0 0 558
39 A 679628 679280 21 5 145 7 0 0 0 170
40 G 680429 58 205 23 680042 0 0 0 6 95
41 C 681052 96 45 680636 24 0 0 3 0 248
42 T 675197 24 674760 137 7 0 4 0 0 265
43 A 681735 681039 66 9 97 5 0 0 0 519
44 C 671945 48 85 671685 31 0 0 2 0 94
45 A 669345 668778 58 11 160 4 0 0 0 334
46 G 677331 84 173 14 676892 0 0 0 7 161
47 A 683251 682724 45 2 81 7 0 0 0 392
48 T 685833 40 685459 110 9 0 8 0 0 207
49 G 683246 156 218 25 682538 0 0 0 7 302
50 C 678805 75 111 678415 44 0 0 5 0 155
51 A 677544 676896 64 13 237 4 0 0 0 330
52 G 688734 78 258 22 688218 0 0 0 5 153
53 A 686076 685560 48 5 95 9 0 0 0 359
54 C 692485 56 107 692128 35 0 0 6 0 153
55 A 677544 676584 65 14 92 16 0 0 0 773
56 C 800045 123 92 799622 25 0 0 18 0 165
57 A 793943 793510 75 52 166 42 0 0 0 98
58 A 809584 809191 57 39 99 11 0 0 0 187
59 T 797659 87 797217 124 16 0 22 0 0 193
60 A 872128 871602 66 13 219 14 0 0 0 214
61 T 892393 80 891831 132 19 0 41 0 0 290
62 G 913064 269 421 32 912100 0 0 0 23 219
63 T 890476 104 888623 267 19 0 55 0 0 1408
64 A 922562 922003 70 14 208 27 0 0 0 240
65 T 863124 97 862248 180 36 0 20 0 0 543
66 A 857594 856999 73 18 224 9 0 0 0 271
67 G 851340 114 298 41 850665 0 0 0 52 170
68 G 771115 118 241 30 770524 0 0 0 24 178
69 C 740686 157 87 740002 30 0 0 41 0 369
70 T 732957 34 732402 213 6 0 11 0 0 291
71 A 684527 680657 66 14 117 14 0 0 0 3659
72 C 688408 63 88 688142 20 0 0 6 0 89
73 C 665484 98 81 665023 20 0 0 6 0 256
74 A 668581 668253 43 23 94 4 0 0 0 164
75 T 664808 45 664218 110 8 0 3 0 0 424
76 G 666976 139 164 6 666476 0 0 0 1 190
77 C 702734 86 122 702173 40 0 0 5 0 308
78 G 708112 179 203 41 707347 0 0 0 1 341
79 A 723756 723231 57 13 91 4 0 0 0 360
80 A 720813 720055 53 11 92 1 0 0 0 601
81 C 729507 45 85 728918 16 0 0 5 0 438
82 A 725250 725013 28 11 72 8 0 0 0 118
83 A 738225 736020 55 7 79 6 0 0 0 2058
84 C 741064 47 48 740798 12 0 0 7 0 152
85 T 742493 71 741198 172 10 0 1 0 0 1041
86 C 748267 69 49 747887 25 0 0 3 0 234
87 A 756196 755837 20 21 105 6 0 0 0 207
88 A 758765 756972 30 16 116 8 0 0 0 1623
89 C 779164 83 109 778833 24 0 0 8 0 107
90 C 765385 107 134 765016 23 0 0 4 0 101
91 G 768106 291 303 27 767306 0 0 0 5 174
92 A 757920 757311 52 12 116 9 0 0 0 420
93 C 760415 58 81 760060 45 0 0 9 0 162
94 A 761196 760088 83 24 112 15 0 0 0 874
95 C 782397 61 83 781944 18 0 0 14 0 277
96 T 754961 55 754556 144 14 0 24 0 0 168
97 G 941092 270 274 36 940345 0 0 0 16 151
98 T 934724 102 933966 181 29 0 26 0 0 420
99 T 937580 81 936878 237 67 0 23 0 0 294
100 G 937351 228 476 46 936401 0 0 0 13 187
101 A 926805 925751 127 102 255 19 0 0 0 551
102 C 945655 86 230 945034 64 0 0 27 0 214
103 A 908588 907380 138 44 139 62 0 0 0 825
104 C 896018 85 100 895553 32 0 0 30 0 218
105 A 690674 690312 50 56 144 15 0 0 0 97
106 A 691120 690565 47 22 93 9 0 0 0 384
107 T 699299 83 698914 148 13 0 7 0 0 134
108 A 714285 712137 57 12 87 15 0 0 0 1977
109 C 668631 47 77 668369 27 0 0 7 0 104
110 T 650309 55 649956 102 20 0 16 0 0 160
111 C 605290 94 121 604957 15 0 0 4 0 99
112 G 613551 158 218 30 613009 0 0 0 11 125
113 A 604540 604232 42 7 106 8 0 0 0 145
114 G 611318 104 207 23 610674 0 0 0 9 301
115 A 596744 596504 35 6 86 1 0 0 0 112
116 A 595639 595337 25 12 107 5 0 0 0 153
117 G 603724 92 192 6 603290 0 0 0 2 142
118 A 598321 597908 40 10 85 7 0 0 0 271
119 A 604418 604206 22 13 77 3 0 0 0 97
120 T 595752 39 595346 74 10 0 5 0 0 278
121 G 592614 106 177 11 592217 0 0 0 3 100
122 T 589786 79 588629 80 21 0 2 0 0 975
123 G 590999 117 134 21 590609 0 0 0 0 118
124 G 624933 91 154 20 624571 0 0 0 10 87
125 C 628949 107 179 628426 45 0 0 6 0 186
126 A 608605 608027 41 17 100 9 0 0 0 411
127 G 607185 109 106 36 606836 0 0 0 6 92
128 T 596611 62 594879 79 11 0 9 0 0 1571
129 G 628531 121 132 22 628074 0 0 0 2 180
130 A 606924 606271 67 38 80 15 0 0 0 453
131 C 613861 34 84 613534 25 0 0 3 0 181
132 A 596707 595185 62 18 98 6 0 0 0 1338
133 C 599720 49 70 599382 13 0 0 5 0 201
134 A 608913 608437 45 25 79 12 0 0 0 315
135 T 596469 43 596053 216 12 0 8 0 0 137
136 T 570552 30 570106 78 22 0 18 0 0 298
137 C 653433 68 59 653070 24 0 0 16 0 196
138 T 615015 58 614459 191 17 0 58 0 0 232
139 G 616653 171 184 20 616075 0 0 0 19 184
140 T 628137 70 627584 106 23 0 9 0 0 345
141 T 607429 71 606821 358 7 0 9 0 0 163
142 A 598086 597783 36 9 125 6 0 0 0 127
143 A 600462 598336 48 36 71 4 0 0 0 1967
144 C 495152 28 49 494929 16 0 0 42 0 88
145 C 492422 84 61 492127 16 0 0 22 0 112
146 T 369333 27 369003 67 11 0 1 0 0 224
147 G 410014 146 129 13 409528 0 0 0 4 194
148 C 496300 60 46 495910 25 0 0 15 0 244
149 T 498170 33 497367 80 3 0 14 0 1 672
150 C 489092 77 94 488665 20 0 0 3 0 233
151 G 484618 126 181 19 484121 0 0 0 1 170
152 A 491263 490956 45 9 69 3 0 0 0 181
153 A 491290 490869 24 13 104 6 0 0 0 274
154 G 536040 116 196 16 535399 0 0 0 4 309
155 A 522018 520887 28 6 86 3 0 0 0 1008
156 C 535405 39 93 534863 31 0 0 5 0 374
157 A 542753 542335 18 17 159 6 0 0 0 218
158 G 540501 120 185 25 540023 0 0 0 1 147
159 C 561444 80 116 561081 28 0 0 11 0 128
160 C 556153 62 66 555602 29 0 0 3 0 391
161 A 553883 553199 57 24 65 3 0 0 0 535
162 C 567074 45 52 566845 18 0 0 6 0 108
163 A 564670 564372 22 20 111 6 0 0 0 139
164 A 600556 600173 29 13 83 11 0 0 0 247
165 C 599131 52 136 598788 24 0 0 15 0 116
166 G 577475 133 258 27 576884 0 0 0 9 164
167 G 576678 101 128 15 576357 0 0 0 4 73
168 G 571475 145 135 23 570997 0 0 0 1 174
169 A 572977 572678 25 4 136 7 0 0 0 127
170 A 572577 572298 32 10 92 7 0 0 0 138
171 A 568259 567661 39 31 83 38 0 0 0 407
172 C 572146 49 48 571885 15 0 0 13 0 136
173 T 548847 31 548544 116 9 0 8 0 0 139
174 A 555715 555477 36 4 92 4 0 0 0 102
175 T 543995 54 543736 78 11 0 7 0 0 109
176 G 542165 118 246 17 541592 0 0 0 14 178
177 T 541578 68 540638 226 17 0 4 0 0 625
178 A 496739 496376 18 14 125 7 0 0 0 199
179 A 502966 502709 40 12 69 12 0 0 0 124
180 A 500123 499845 39 15 66 7 0 0 0 151
181 T 496258 66 495958 54 19 0 18 0 0 143
182 T 488369 49 488138 73 6 0 10 0 0 93
183 A 466531 466185 111 6 81 4 0 0 0 144
184 A 467494 467337 21 3 69 3 0 0 0 61
185 A 467823 467637 16 10 76 1 0 0 0 83
186 A 348751 348289 12 17 330 2 0 0 0 101
187 G 360896 75 170 5 360539 0 0 0 11 96
188 G 384610 89 112 11 384215 0 0 0 10 173
189 A 379625 379431 20 2 76 10 0 0 0 86
190 A 379262 379075 34 3 52 3 0 0 0 95
191 T 423823 56 423540 58 0 0 3 0 0 166
192 A 442733 442511 23 10 121 5 0 0 0 63
193 G 452327 112 179 33 451814 0 0 0 4 185
194 C 472641 62 37 472418 49 0 0 12 1 62
195 C 470681 55 67 470386 23 0 0 22 0 128
196 C 429682 188 42 429355 33 0 0 9 0 55
197 C 440412 116 50 440100 15 0 0 12 0 119
198 A 442480 441262 48 38 66 10 0 0 0 1056
199 C 471494 37 56 471286 19 0 0 6 0 90
200 T 470314 38 469944 158 6 0 12 0 0 156
201 A 467785 466907 61 26 87 5 0 0 0 699
202 C 489566 82 58 489305 16 0 0 6 0 99
203 A 488501 488188 38 31 75 14 0 0 0 155
204 A 498823 498558 56 13 54 8 0 0 0 134
205 T 480480 57 480159 51 9 0 9 0 0 195
206 T 461035 16 460759 57 32 0 15 0 0 156
207 G 466559 79 202 15 466124 0 0 0 6 133
208 G 445224 45 277 21 444788 0 0 0 5 88
209 G 457387 81 107 21 457072 0 0 0 4 102
210 G 455033 90 89 20 454725 0 0 0 5 104
211 A 446628 446151 22 3 152 2 0 0 0 298
212 A 449036 448842 23 3 74 4 0 0 0 90
213 A 440747 440511 62 4 57 2 0 0 0 111
214 T 458564 32 458344 66 18 0 5 0 0 99
215 G 453925 79 174 7 453575 0 0 0 2 88
216 T 460214 40 459224 113 8 0 4 0 0 825
217 A 465676 465473 10 9 94 3 0 0 0 87
218 A 466753 466377 26 12 64 2 0 0 0 272
219 C 472275 45 44 472051 15 0 0 5 0 115
220 A 470352 469997 32 12 43 8 0 0 0 260
221 T 485078 37 484721 83 9 0 13 0 0 215
222 C 487768 59 66 487471 17 0 0 11 0 144
223 A 473643 472002 44 22 76 0 0 0 0 1499
224 C 481186 31 82 480965 26 0 0 7 0 75
225 C 478877 84 100 478595 18 0 0 8 0 72
226 G 496184 184 149 16 495718 0 0 0 3 114
227 G 497690 93 110 15 497331 0 0 0 5 136
228 A 492720 492351 36 7 104 6 0 0 0 216
229 T 482712 37 482335 54 12 0 6 0 0 268
230 G 467913 90 90 6 467602 0 0 0 3 122
231 G 500159 115 95 15 499793 0 0 0 11 130
232 C 524557 108 62 524105 39 0 0 15 0 228
233 T 527302 32 526862 103 5 0 25 0 0 275
234 C 537874 74 88 537587 8 0 0 4 0 113
235 T 516248 25 515926 184 11 0 2 0 0 100
236 T 496154 22 495801 132 18 0 2 0 0 179
237 G 466865 112 288 17 466375 0 0 0 6 67
238 G 467364 73 120 19 466976 0 0 0 29 147
239 G 634226 138 157 24 633793 0 0 0 20 94
240 A 573661 573184 34 10 163 10 0 0 0 260
241 A 549139 548916 25 8 90 6 0 0 0 94
242 A 566368 566109 52 12 59 3 0 0 0 133
243 T 564624 44 564087 148 5 0 12 0 0 328
244 C 609864 63 53 609575 13 0 0 13 0 147
245 C 606036 76 98 605713 22 0 0 10 0 117
246 A 585466 584890 45 30 197 6 0 0 0 298
247 G 612446 118 187 15 611979 0 0 0 3 144
248 A 590646 590249 22 7 77 13 0 0 0 278
249 A 616531 616247 32 19 105 8 0 0 0 120
250 T 628722 37 628222 90 10 0 10 0 0 353
251 G 623684 99 172 23 623178 0 0 0 6 206
252 C 619273 75 221 618801 25 0 0 8 0 143
253 G 617639 183 235 28 617043 0 0 0 7 143
254 A 626257 624804 70 9 97 11 0 0 0 1266
255 C 632330 37 73 632031 13 0 0 10 0 166
256 T 622920 55 622520 117 3 0 5 0 0 220
257 C 634305 86 88 633991 24 0 0 8 0 108
258 A 622256 621094 66 7 93 4 0 0 0 992
259 C 623730 35 67 623546 11 0 0 1 0 70
260 T 616451 54 616061 116 15 0 5 0 0 200
261 G 616096 156 135 10 615672 0 0 0 10 113
262 C 588948 72 66 588602 17 0 0 5 0 186
263 T 581575 10 581266 119 9 0 4 0 0 167
264 T 581567 53 581057 105 9 0 4 0 0 339
265 C 573798 98 55 573517 14 0 0 6 0 108
266 C 573858 57 116 573537 28 0 0 1 0 119
267 A 566949 566659 36 18 125 4 0 0 0 107
268 G 561662 70 208 23 561014 0 0 0 9 338
269 C 567159 75 165 566783 25 0 0 14 0 97
270 G 512566 118 148 13 512057 0 0 0 7 223
271 A 494772 494458 27 7 91 0 0 0 0 189
272 G 498773 58 122 9 498426 0 0 0 6 152
273 A 495882 495496 41 10 81 4 0 0 0 250
274 T 503295 34 502982 70 7 0 4 0 0 198
275 C 468246 67 54 467975 22 0 0 6 0 122
276 A 465978 465714 49 10 90 1 0 0 0 114
277 T 470977 46 470723 100 5 0 3 0 0 100
278 G 508555 112 209 18 508117 0 0 0 11 88
279 G 627920 112 138 20 627509 0 0 0 23 118
280 T 505704 55 504562 103 16 0 37 0 0 931
281 C 488650 53 46 488411 16 0 0 6 0 118
282 C 487853 83 54 487579 14 0 0 6 0 117
283 T 565486 32 565122 181 7 0 6 0 0 138
284 A 605504 604763 62 9 118 11 0 0 0 541
285 C 608907 74 75 608562 23 0 0 21 0 152
286 A 616969 616655 36 20 82 29 0 0 0 147
287 T 627066 43 626755 79 5 0 19 0 0 165
288 T 561035 26 560739 105 18 0 5 0 0 142
289 G 580910 116 209 13 580507 0 0 0 5 60
290 T 581853 59 581278 115 22 0 9 0 0 370
291 A 580789 580503 45 4 125 12 0 0 0 100
292 G 582285 118 202 17 581749 0 0 0 5 194
293 A 557565 557324 30 15 97 4 0 0 0 95
294 A 599331 599127 28 8 89 2 0 0 0 77
295 A 600671 600250 20 53 77 5 0 0 0 266
296 C 608865 57 72 608563 19 0 0 3 0 151
297 A 612546 610267 57 33 79 8 0 0 0 2102
298 C 606762 48 76 606271 12 0 0 4 0 351
299 C 600262 112 54 599994 23 0 0 2 0 77
300 A 602678 602428 22 27 94 2 0 0 0 105
301 A 622476 622277 11 9 59 0 0 0 0 120
302 A 631751 630529 27 55 61 4 0 0 0 1075
303 C 634493 36 56 634103 22 0 0 8 0 268
304 T 651650 19 651038 107 5 0 6 0 0 475
305 C 653436 63 45 653213 14 0 0 6 0 95
306 T 646953 29 646538 190 20 0 7 0 0 169
307 G 652040 143 190 24 651455 0 0 0 4 224
308 A 653309 652796 56 11 181 7 0 0 0 258
309 G 685834 138 176 23 685323 0 0 0 8 166
310 A 679319 678967 31 6 116 6 0 0 0 193
311 A 662534 662259 27 21 75 10 0 0 0 142
312 T 662135 51 661695 103 15 0 4 0 0 267
313 G 676257 124 252 26 675725 0 0 0 4 126
314 G 685967 103 187 21 685517 0 0 0 14 125
315 A 677377 676769 34 9 160 8 0 0 0 397
316 G 678854 123 181 28 678348 0 0 0 19 155
317 C 675250 117 120 674839 31 0 0 9 0 134
318 A 696264 695689 55 41 112 8 0 0 0 359
319 T 697439 60 697094 89 11 0 17 0 0 168
320 G 688701 180 239 21 688054 0 0 0 19 188
321 T 695795 79 695225 119 25 0 11 0 0 336
322 T 658759 33 658365 143 14 0 7 0 0 197
323 A 702993 702564 66 10 116 11 0 0 0 226
324 T 701160 65 700689 179 9 0 21 0 0 197
325 C 694562 84 68 694188 12 0 0 45 0 165
326 C 685778 83 134 685340 39 0 0 16 0 166
327 A 591220 590789 43 35 166 6 0 0 0 181
328 G 475525 62 128 16 475164 0 0 0 9 146
329 G 475295 68 91 19 475016 0 0 0 5 96
330 A 458982 458583 47 7 97 13 0 0 0 235
331 G 502239 86 141 11 501885 0 0 0 2 114
332 A 486146 485752 32 8 73 6 0 0 0 275
333 T 525210 25 524734 79 7 0 8 0 0 357
334 C 560083 62 44 559834 20 0 0 9 0 114
335 T 557296 65 556841 139 8 0 20 0 0 223
336 C 562888 68 61 562633 9 0 0 1 0 116
337 A 564216 563791 44 14 75 12 0 0 0 280
338 T 549269 58 548861 100 5 0 3 0 0 242
339 C 573328 62 122 572999 21 0 0 3 0 121
340 G 584971 266 224 23 584198 0 0 0 10 250
341 A 623928 622956 54 8 90 12 0 0 0 808
342 C 634745 49 57 634370 16 0 0 17 0 236
343 T 619232 19 618962 118 7 0 8 0 0 118
344 A 648449 648157 37 7 87 7 0 0 0 154
345 T 633315 68 632986 101 10 0 15 0 0 135
346 G 633590 109 196 16 633043 0 0 0 1 225
347 A 631068 630678 44 11 159 6 0 0 0 170
348 G 633232 105 215 19 632678 0 0 0 17 198
349 G 641623 107 137 16 641220 0 0 0 7 136
350 A 627184 626791 53 4 98 5 0 0 0 233
351 A 616894 616361 31 6 114 14 0 0 0 368
352 C 606131 40 33 605890 14 0 0 5 0 149
353 T 583066 24 582739 126 4 0 6 0 0 167
354 G 577956 100 119 18 577638 0 0 0 3 78
355 A 575861 575562 39 5 118 5 0 0 0 132
356 G 573061 81 218 12 572594 0 0 0 8 148
357 G 574906 96 147 16 574430 0 0 0 4 213
358 G 546216 175 75 18 545718 0 0 0 2 228
359 A 540296 539537 28 7 159 12 0 0 0 553
360 G 538344 100 77 19 537851 0 0 0 2 295
361 C 538051 80 199 537581 24 0 0 8 0 159
362 A 519550 519191 33 6 86 4 0 0 0 230
363 A 514847 514604 44 5 82 6 0 0 0 106
364 T 513314 28 512952 70 3 0 10 0 0 251
365 T 505723 25 505466 71 19 0 12 0 0 130
366 G 506899 147 170 23 506352 0 0 0 8 199
367 A 420110 419796 20 11 93 5 0 0 0 185
368 G 447686 44 83 23 447359 0 0 0 8 169
369 C 442453 79 39 442181 15 0 0 12 0 127
370 T 405003 25 404707 74 10 0 11 0 0 176
371 C 419695 56 66 419466 17 0 0 9 0 81
372 A 334175 333945 28 11 84 13 0 0 0 94
373 G 435925 91 81 13 435617 0 0 0 11 112
374 T 453389 33 452636 72 10 0 24 0 0 614
375 A 441908 441623 33 7 68 6 0 0 0 171
376 T 441065 47 440876 64 4 0 3 0 0 71
377 C 422306 42 36 422091 13 0 0 3 0 121
378 A 435370 435048 39 9 83 16 0 0 0 175
379 T 465319 45 465045 65 5 0 6 0 0 153
380 C 472251 43 71 471919 10 0 0 47 0 161
381 A 479842 479621 30 22 58 10 0 0 0 101
382 T 429597 41 429319 75 13 0 10 0 0 139
383 T 437137 12 436951 81 8 0 7 0 0 78
384 A 435255 435057 50 4 92 2 0 0 0 50
385 G 470686 129 219 24 470183 0 0 0 3 128
386 A 472127 471871 22 4 86 18 0 0 0 126
387 A 488236 488020 10 10 62 9 0 0 0 125
388 A 457860 457616 20 10 77 3 0 0 0 134
389 G 457414 81 155 13 457049 0 0 0 3 113
390 A 471723 471341 22 4 60 3 0 0 0 293
391 T 474115 20 473881 64 2 0 4 0 0 144
392 T 496938 35 496650 49 5 0 2 0 0 197
393 C 488995 66 78 488755 22 0 0 2 0 72
394 G 489284 138 172 23 488754 0 0 0 1 196
395 A 494589 494403 33 6 64 4 0 0 0 79
396 A 494714 494447 33 4 69 5 0 0 0 156
397 A 500558 500324 36 9 54 10 0 0 0 125
398 T 492346 23 492016 61 1 0 6 0 0 239
399 A 489576 489274 29 6 60 1 0 0 0 206
400 T 510397 42 510179 81 6 0 2 0 0 87
401 T 509721 23 509492 96 5 0 0 0 0 105
402 T 513385 37 512815 102 7 0 2 0 0 422
403 C 519034 56 82 518770 24 0 0 3 0 99
404 C 514862 72 59 514550 19 0 0 5 0 157
405 C 521976 198 62 521562 17 0 0 2 0 135
406 A 520759 520516 46 26 72 5 0 0 0 94
407 A 505973 505694 19 12 100 1 0 0 0 147
408 G 557870 93 349 18 557307 0 0 0 5 98
409 G 558889 88 167 23 558375 0 0 0 15 221
410 A 548105 547658 69 14 133 6 0 0 0 225
411 A 548536 548283 28 17 111 6 0 0 0 91
412 A 511788 511267 11 8 204 5 0 0 0 293
413 G 569678 126 227 9 569184 0 0 0 15 117
414 T 580916 44 579765 102 25 0 27 0 0 953
415 T 574871 37 574610 98 7 0 15 0 0 104
416 C 577195 59 77 576877 17 0 0 14 0 151
417 A 510790 510408 33 35 124 6 0 0 0 184
418 T 536722 74 536345 90 9 0 5 0 0 199
419 G 542539 162 163 7 542089 0 0 0 3 115
420 G 494505 97 121 27 494026 0 0 0 19 215
421 C 498299 82 91 497931 61 0 0 15 0 119
422 C 382505 45 53 382274 23 0 0 11 0 99
423 C 385365 96 86 385092 10 0 0 2 0 79
424 A 380153 379981 29 19 53 8 0 0 0 63
425 A 397099 396517 18 11 53 2 0 0 0 498
426 C 405188 40 49 405029 10 0 0 5 0 55
427 C 404482 37 65 404249 9 0 0 8 0 114
428 A 368193 367458 34 11 41 6 0 0 0 643
429 C 356041 28 41 355898 7 0 0 2 0 65
430 A 351013 350311 29 13 58 4 0 0 0 598
431 C 352951 25 41 352745 12 0 0 2 0 126
432 A 353656 353425 21 9 42 9 0 0 0 150
433 T 353598 16 353436 41 6 0 6 0 0 93
434 T 346159 27 346002 55 3 0 2 0 0 70
435 C 349139 25 35 348975 12 0 0 3 0 89
436 A 346073 345884 18 4 62 1 0 0 0 104
437 A 348623 348425 17 4 47 2 0 0 0 128
438 C 337013 23 96 336815 4 0 0 5 0 70
439 G 324666 100 85 12 324379 0 0 0 4 86
440 G 334047 43 78 10 333864 0 0 0 2 50
441 A 326426 326202 22 0 67 3 0 0 0 132
442 G 329441 65 45 4 329253 0 0 0 2 72
443 T 331117 15 329500 58 11 0 3 0 0 1530
444 A 320872 320699 12 7 65 1 0 0 0 88
445 A 338763 338571 23 7 42 3 0 0 0 117
446 C 328242 35 49 328061 14 0 0 5 0 78
447 A 350940 350666 20 10 81 16 0 0 0 147
448 G 364114 78 101 11 363858 0 0 0 5 61
449 T 328637 39 327901 76 7 0 10 0 0 604
450 A 339023 338840 26 6 60 10 0 0 0 81
451 T 365611 42 365362 56 2 0 13 0 0 136
452 C 358337 52 62 358078 6 0 0 10 0 129
453 A 359126 358918 25 13 106 6 0 0 0 58
454 T 346104 38 345839 63 7 0 8 0 0 149
455 G 338054 121 72 19 337755 0 0 0 16 71
456 C 340538 49 43 340324 13 0 0 3 0 106
457 T 324971 17 324572 145 11 0 4 0 0 222
458 C 347385 55 67 347173 16 0 0 2 0 72
459 C 337192 51 37 336968 16 0 0 10 0 110
460 C 339301 161 46 338974 16 0 0 4 0 100
461 A 359057 358759 81 66 44 3 0 0 0 104
462 T 336478 136 336128 73 4 0 3 0 0 134
463 A 334246 333905 81 5 167 3 0 0 0 85
464 G 356129 153 223 10 355635 0 0 0 2 106
465 G 361631 64 275 19 361193 0 0 0 19 61
466 G 367918 47 75 20 367648 0 0 0 4 124
467 G 364437 240 65 9 364042 0 0 0 5 76
468 A 363552 363136 23 3 236 1 0 0 0 153
469 A 361764 361559 21 6 88 3 0 0 0 87
470 A 379491 379352 16 4 55 0 0 0 0 64
471 A 384481 384254 14 8 79 4 0 0 0 122
472 A 383911 383474 10 17 298 4 0 0 0 108
473 G 383654 157 94 95 383206 0 0 0 6 96
474 C 391171 65 66 390887 67 0 0 1 0 85
475 A 390177 389927 21 66 80 1 0 0 0 82
476 G 436371 87 105 12 436009 0 0 0 6 152
477 T 435658 23 435032 49 120 0 3 0 0 431
478 T 435802 27 435633 73 4 0 4 0 0 61
479 T 433607 16 433403 54 8 0 3 0 0 123
480 T 429309 22 429139 74 5 0 3 0 0 66
481 T 449833 46 449512 84 2 0 5 0 0 184
482 A 448986 448499 68 37 55 5 0 0 0 322
483 C 449710 62 87 449390 25 0 0 4 0 142
484 A 441428 441111 24 22 165 4 0 0 0 102
485 G 455057 85 147 4 454682 0 0 0 6 133
486 A 452842 452550 28 3 91 4 0 0 0 166
487 A 469531 469313 15 9 82 8 0 0 0 104
488 A 470734 470498 36 8 74 8 0 0 0 110
489 T 425908 33 425629 48 6 0 2 0 0 190
490 T 426792 21 426592 77 9 0 3 0 0 90
491 T 431112 24 430876 87 23 0 6 0 0 96
492 G 431249 96 163 38 430834 0 0 0 11 107
493 C 430710 38 79 430417 14 0 0 8 0 154
494 T 397688 11 397523 66 6 0 8 0 0 74
495 A 381592 381354 31 4 65 2 0 0 0 136
496 T 393476 31 393288 66 9 0 0 0 0 82
497 G 377680 363 96 17 377113 0 0 0 3 88
498 G 380827 63 86 8 380585 0 0 0 14 71
499 C 357819 67 64 357489 15 0 0 3 0 181
500 T 342762 21 342566 69 5 0 7 0 0 94
501 G 358166 177 151 11 357665 0 0 0 5 157
502 A 358930 358611 27 8 79 10 0 0 0 195
503 C 350211 49 105 349908 23 0 0 8 0 118
504 G 359714 95 143 10 359384 0 0 0 14 68
505 A 354689 354312 22 10 74 6 0 0 0 265
506 A 352130 351897 20 15 76 3 0 0 0 119
507 G 299021 106 141 10 298671 0 0 0 4 89
508 A 297254 297049 22 2 82 10 0 0 0 89
509 A 310057 309902 15 11 80 0 0 0 0 49
510 G 321570 150 176 12 321077 0 0 0 5 150
511 G 323126 56 152 11 322827 0 0 0 11 69
512 G 322272 49 223 15 321934 0 0 0 3 48
513 G 304985 49 117 16 304731 0 0 0 5 67
514 G 307427 137 61 5 307138 0 0 0 3 83
515 A 296589 295965 32 2 75 6 0 0 0 509
516 T 311962 24 311712 65 11 0 6 0 0 144
517 T 321336 26 321174 56 0 0 5 0 0 75
518 C 321508 44 54 321314 17 0 0 2 0 77
519 A 324513 324329 26 10 76 0 0 0 0 72
520 T 322194 20 321984 76 4 0 2 0 0 108
521 A 337946 336813 36 2 51 8 0 0 0 1036
522 C 342007 55 42 341806 13 0 0 11 0 80
523 C 335529 70 39 335356 10 0 0 6 0 48
524 C 333042 110 37 332788 16 1 0 6 0 84
525 A 308491 308308 13 22 42 0 0 0 0 106
526 A 399109 398892 15 6 47 5 0 0 0 144
527 A 400855 400600 11 18 160 4 0 0 0 62
528 G 411827 46 103 22 411518 0 0 0 8 130
529 C 412656 39 35 412483 12 0 0 3 0 84
530 T 388797 9 388566 61 10 0 2 0 0 149
531 G 479741 130 309 19 479103 0 0 0 5 175
532 A 485481 484457 46 6 98 13 0 0 0 861
533 C 547618 44 99 547256 32 0 0 13 0 174
534 C 542916 93 73 542545 18 0 0 4 0 183
535 A 536036 535652 30 23 71 6 0 0 0 254
536 A 601726 601415 34 18 85 21 0 0 0 153
537 T 605941 48 605613 121 9 0 22 0 0 128
538 T 616872 55 616266 146 5 0 12 0 0 388
539 C 621652 60 75 621330 17 0 0 4 0 166
540 C 600221 66 52 599811 22 0 0 5 0 265
541 T 604028 27 603709 184 5 0 4 0 0 99
542 A 604308 604003 37 10 74 9 0 0 0 175
543 T 620663 54 620308 94 15 0 29 0 0 163
544 G 652937 167 138 20 652474 0 0 0 9 129
545 T 609079 71 608287 108 15 0 3 0 0 595
546 G 609775 125 166 25 609309 0 0 0 4 146
547 A 607437 607129 39 13 116 3 0 0 0 137
548 A 605759 605312 43 9 92 4 0 0 0 299
549 C 626862 42 88 626545 19 0 0 4 0 164
550 A 612510 612237 30 27 70 11 0 0 0 135
551 A 617620 617280 48 8 92 2 0 0 0 190
552 T 618924 86 618611 95 9 0 4 0 0 119
553 A 607523 607210 49 3 103 6 0 0 0 152
554 A 662423 662158 46 9 108 7 0 0 0 95
555 A 658233 657633 33 17 215 3 0 0 0 332
556 G 651451 157 443 15 650675 0 0 0 7 154
557 G 665647 108 182 30 665210 0 0 0 8 109
558 G 649588 132 168 21 649053 0 0 0 10 204
559 A 638241 637701 40 10 187 7 0 0 0 296
560 A 636320 635930 30 9 105 4 0 0 0 242
561 A 634430 634033 27 11 199 7 0 0 0 153
562 G 641925 134 171 12 641351 0 0 0 16 241
563 A 623741 623391 36 12 96 6 0 0 0 200
564 A 605101 604785 31 12 115 7 0 0 0 151
565 G 556548 122 121 16 556101 0 0 0 5 183
566 T 587801 59 585553 105 11 0 18 0 0 2055
567 C 609773 56 51 609443 23 0 0 32 0 168
568 C 608977 86 45 608690 10 0 0 3 0 143
569 T 610413 42 610058 142 13 0 9 0 0 149
570 T 534199 30 533944 80 12 0 3 0 0 130
571 G 563209 137 164 13 562793 0 0 0 4 98
572 T 571297 47 570555 94 6 0 23 0 0 572
573 A 599630 598749 46 18 98 15 0 0 0 704
574 C 601091 41 70 600807 15 0 0 17 0 141
575 T 547674 24 547351 96 6 0 8 0 0 189
576 A 575633 575277 54 8 105 1 0 0 0 188
577 T 567945 44 567581 96 26 0 3 0 0 195
578 G 590081 105 259 18 589586 0 0 0 17 96
579 G 717138 76 357 30 716405 0 0 0 18 252
580 G 642403 93 137 26 642041 0 0 0 25 81
581 G 689569 90 101 19 689241 0 0 0 20 98
582 T 649537 39 646204 84 46 0 5 0 0 3159
583 G 714670 161 115 24 714092 0 0 0 12 266
584 T 740260 36 739744 148 15 0 26 0 0 291
585 T 677772 57 677247 192 15 0 5 0 0 256
586 C 688212 82 125 687786 28 0 0 5 0 186
587 A 689214 688837 51 12 123 4 0 0 0 187
588 T 685780 59 685118 155 3 0 9 0 0 436
589 C 686314 67 93 685938 24 0 0 5 0 187
590 A 678385 673553 38 23 93 6 0 0 0 4672
591 C 686679 55 86 686412 28 0 0 12 0 86
592 C 676708 125 86 676298 15 0 0 7 0 177
593 C 654244 223 104 653805 20 0 0 4 0 88
594 G 682258 190 143 27 681745 0 0 0 7 146
595 T 676666 47 676174 92 9 0 19 0 0 325
596 C 679268 69 61 678843 20 0 0 8 0 267
597 T 729831 30 729482 168 7 0 5 0 0 139
598 A 701341 701004 46 7 128 4 0 0 0 152
599 G 705748 119 209 30 705288 0 0 0 5 97
600 C 699601 96 126 699188 49 0 0 5 0 137
601 A 697488 697115 40 14 152 25 0 0 0 142
602 G 727591 94 111 15 727207 0 0 0 11 153
603 T 666245 58 665135 107 15 0 2 0 0 928
604 G 723197 149 142 25 722488 0 0 0 3 390
605 A 724585 724168 57 3 128 7 0 0 0 222
606 T 721020 72 720566 125 17 0 7 0 0 233
607 G 772854 145 223 24 772288 0 0 0 4 170
608 A 761068 760486 48 11 138 10 0 0 0 375
609 G 777033 186 172 29 776402 0 0 0 15 229
610 C 779692 99 136 779084 32 0 0 18 0 323
611 A 753597 753190 68 17 106 4 0 0 0 212
612 A 761664 761023 65 23 129 14 0 0 0 410
613 C 760476 77 90 760010 32 0 0 2 0 265
614 A 736873 736332 75 23 190 17 0 0 0 236
615 G 679648 93 160 18 679237 0 0 0 6 134
616 A 649697 649125 61 6 131 14 0 0 0 360
617 G 644277 75 132 22 643860 0 0 0 11 177
618 T 622246 47 619884 112 12 0 7 0 0 2184
619 C 633908 74 48 633587 32 0 0 6 0 161
620 T 547104 32 546814 73 12 0 3 0 0 170
621 C 589026 98 53 588735 18 0 1 10 0 111
622 T 529008 43 528634 102 6 0 9 0 0 214
623 A 533533 533256 41 16 66 14 0 0 0 140
624 T 539322 37 539007 97 31 0 10 0 0 140
625 A 518492 518223 29 11 85 8 0 0 0 136
626 G 531313 127 119 24 530842 0 0 0 32 169
627 T 508659 46 507694 87 3 0 12 0 0 817
628 A 445661 445437 11 9 80 15 0 0 0 109
629 A 455981 455754 39 11 56 4 0 0 0 117
630 T 437892 37 437629 67 11 0 5 0 0 143
631 G 439932 96 120 19 439587 0 0 0 5 105
632 G 428178 73 109 19 427838 0 0 0 1 138
633 A 425176 424747 30 6 111 2 0 0 0 280
634 A 437825 437663 24 5 73 6 0 0 0 54
635 A 432643 432404 24 5 41 6 0 0 0 163
636 T 431491 39 431227 65 12 0 3 0 0 145
637 G 450338 107 146 14 449953 0 0 0 14 104
638 C 449729 44 45 449430 17 0 0 9 0 184
639 T 446683 17 446514 84 5 0 5 0 0 58
640 T 451453 20 451208 119 8 0 5 0 0 93
641 A 450372 450137 34 9 59 1 0 0 0 132
642 T 455718 51 455463 62 8 0 2 0 0 132
643 G 359427 74 46 12 359216 0 0 0 4 75
644 T 405972 23 405613 57 4 0 9 0 0 266
645 C 408725 28 48 408497 18 0 0 7 0 127
646 T 390967 27 390671 67 4 0 6 0 0 192
647 C 404285 61 30 404103 14 0 0 2 0 75
648 T 396347 40 396090 99 8 0 6 0 0 104
649 G 417620 103 98 24 417258 0 0 0 5 132
650 T 418479 45 418049 67 12 0 5 0 0 301
651 A 394708 394372 16 8 167 8 0 0 0 137
652 G 405219 55 102 6 404979 0 0 0 10 67
653 C 364814 49 88 364545 27 0 0 7 0 98
654 G 370714 93 73 12 370442 0 0 0 5 89
655 T 362651 21 362193 50 4 0 5 0 0 378
656 C 340521 32 43 340313 5 0 0 2 0 126
657 T 340428 23 340207 86 23 0 2 0 0 87
658 T 344828 20 344591 89 6 0 0 0 0 122
659 C 394442 48 84 394202 10 0 0 3 0 95
660 A 394034 393788 26 11 68 3 0 0 0 138
661 A 407723 407495 26 11 60 9 0 0 0 122
662 A 417889 417694 34 10 45 12 0 0 0 94
663 T 416937 31 416688 81 5 0 6 0 0 126
664 T 433786 21 433576 83 5 0 5 0 0 96
665 A 429774 429528 42 7 81 4 0 0 0 112
666 T 437575 47 437296 96 3 0 2 0 0 131
667 A 436642 436436 17 19 81 9 0 0 0 80
668 A 393022 392717 38 15 53 8 0 0 0 191
669 C 405337 42 78 405077 22 0 0 8 0 110
670 A 375946 375740 27 12 80 9 0 0 0 78
671 G 388685 62 126 13 388382 0 0 0 2 100
672 G 401467 69 75 9 401265 0 0 0 4 45
673 A 404019 403641 30 5 124 3 0 0 0 216
674 G 412514 89 88 7 412235 0 0 0 8 87
675 A 423344 422971 32 3 77 5 0 0 0 256
676 T 422702 32 422399 72 9 0 6 0 0 184
677 T 465612 51 465305 93 7 0 3 0 0 153
678 C 463687 51 109 463364 22 0 0 2 0 139
679 A 459558 454125 17 27 103 4 0 0 0 5282
680 C 478078 45 82 477793 17 0 0 5 0 136
681 C 470774 80 71 470500 19 0 0 11 0 93
682 C 468765 265 70 468346 20 0 0 5 0 59
683 C 459310 163 108 458811 93 0 0 3 0 132
684 G 477724 186 298 23 476993 0 0 0 3 221
685 G 483585 104 141 18 483220 0 0 0 11 91
686 A 459553 459212 39 8 114 4 0 0 0 176
687 A 458591 458364 20 14 97 5 0 0 0 91
688 A 456394 456069 42 10 76 7 0 0 0 190
689 T 447468 65 447157 81 18 0 3 0 0 144
690 A 474493 474238 23 16 123 8 0 0 0 85
691 G 459249 134 155 34 458795 0 0 0 13 118
692 C 474255 63 52 474005 25 0 0 8 0 102
693 T 407034 33 406761 98 9 0 0 0 0 133
694 G 404190 132 87 34 403849 0 0 0 2 86
695 C 435639 47 52 435418 27 0 0 4 0 91
696 A 406445 406244 18 18 105 1 0 0 0 59
697 A 407145 406886 26 12 89 2 0 0 0 130
698 G 412810 60 87 11 412588 0 0 0 2 62
699 G 463971 82 70 17 463592 0 0 0 17 193
700 C 463046 78 65 462642 86 0 0 13 0 162
701 C 464714 47 72 464477 13 0 0 4 0 101
702 C 475853 119 73 475444 25 0 0 2 0 190
703 A 474037 473719 16 60 118 6 0 0 0 118
704 A 497806 497519 34 8 60 6 0 0 0 179
705 A 495799 495526 11 11 148 17 0 0 0 86
706 G 534242 143 155 21 533739 0 0 0 17 167
707 T 539048 33 538128 94 19 0 10 0 0 764
708 A 508826 508592 31 9 96 4 0 0 0 94
709 A 508259 508087 39 12 79 0 0 0 0 42
710 G 483180 127 317 10 482622 0 0 0 3 101
711 A 477775 477498 26 4 100 7 0 0 0 140
712 G 486799 58 125 18 486427 0 0 0 12 159
713 A 466825 466432 37 7 71 16 0 0 0 262
714 T 472070 46 471379 98 8 0 5 0 0 534
715 C 469494 44 50 469248 19 0 0 3 0 130
716 A 467861 467660 13 16 99 4 0 0 0 69
717 A 487628 487238 38 7 77 6 0 0 0 262
718 C 475008 45 33 474727 12 0 0 18 0 173
719 A 469756 469451 47 25 68 8 0 0 0 157
720 T 453481 44 453155 76 18 0 5 0 0 183
721 G 440656 81 184 18 440210 0 0 0 5 158
722 G 443967 72 100 21 443683 0 0 0 3 88
723 G 429707 84 126 17 429340 0 0 0 4 136
724 A 465842 465362 37 6 129 7 0 0 0 301
725 G 472974 105 133 13 472626 0 0 0 8 89
726 G 464400 76 123 26 464071 0 0 0 7 97
727 A 464778 464259 34 7 80 6 0 0 0 392
728 T 462139 34 461877 66 7 0 4 0 0 151
729 G 444236 98 135 22 443858 0 0 0 2 121
730 A 485033 484735 39 5 96 5 0 0 0 153
731 A 497857 497062 37 16 96 16 0 0 0 630
732 C 518160 55 57 517907 13 0 0 12 0 116
733 T 487605 24 487171 99 8 0 11 0 0 292
734 A 491954 491723 37 1 68 5 0 0 0 120
735 T 542364 77 542032 79 16 0 16 0 0 144
736 T 546503 18 546203 97 7 0 31 0 0 147
737 A 552241 551543 58 11 90 11 0 0 0 528
738 C 530986 41 60 530696 9 0 0 8 0 172
739 T 505609 43 505271 142 10 0 7 0 0 136
740 G 500984 106 88 18 500630 0 0 0 7 135
741 G 485610 63 74 18 485351 0 0 0 5 99
742 A 523951 522497 40 8 112 17 0 0 0 1277
743 C 532617 28 97 532295 21 0 0 13 0 163
744 C 476769 72 80 476550 9 0 0 6 0 52
745 T 473681 35 473430 81 7 0 3 0 0 125
746 T 490346 27 490163 90 7 0 5 0 0 54
747 G 491455 103 57 20 491139 0 0 0 12 124
748 C 483118 69 72 482851 26 0 0 4 0 96
749 T 513664 35 513251 95 9 0 4 0 0 270
750 A 510315 510089 29 10 109 3 0 0 0 75
751 G 535117 137 137 5 534643 0 0 0 2 193
752 A 543371 543126 15 13 75 9 0 0 0 133
753 A 525756 523991 22 29 97 18 0 0 0 1599
754 C 538538 46 73 538172 15 0 0 14 0 218
755 C 506367 69 57 506071 16 0 0 5 0 149
756 C 518869 202 122 518379 17 0 0 2 0 147
757 G 519206 213 124 26 518737 0 0 0 3 103
758 G 523158 70 111 10 522761 0 0 0 3 203
759 A 525646 525112 42 4 173 6 0 0 0 309
760 G 524850 78 100 26 524451 0 0 0 1 194
761 A 540458 539987 46 19 92 14 0 0 0 300
762 C 561804 59 78 561531 40 0 0 7 0 89
763 A 551678 550918 60 19 107 8 0 0 0 566
764 C 606288 77 75 606024 13 0 0 7 0 92
765 A 605068 604706 69 20 98 26 0 0 0 149
766 A 581776 581435 66 25 80 10 0 0 0 160
767 T 581643 86 581294 99 7 0 4 0 0 153
768 A 579752 579433 76 12 92 7 0 0 0 132
769 A 626860 626473 126 12 78 3 0 0 0 168
770 T 630592 62 630227 110 13 0 13 0 0 167
771 A 625077 624631 62 7 111 27 0 0 0 239
772 T 621142 60 620836 103 21 0 22 0 0 100
773 T 547287 46 546940 95 8 0 12 0 0 186
774 T 548184 43 547828 97 28 0 3 0 0 185
775 G 523778 124 146 15 523376 0 0 0 3 114
776 A 521540 521090 64 7 139 2 0 0 0 238
777 G 522978 86 103 14 522632 0 0 0 9 134
778 G 519546 96 95 22 519122 0 0 0 7 204
779 C 571425 101 80 571052 45 0 0 5 0 142
780 A 580572 580279 31 19 101 4 0 0 0 138
781 A 576333 575833 51 12 67 4 0 0 0 366
782 C 626515 57 65 626247 11 0 0 11 0 124
783 T 618760 65 618287 114 17 0 19 0 0 258
784 G 576310 121 172 27 575855 0 0 0 10 125
785 G 573572 111 120 14 573150 0 0 0 6 171
786 T 580404 53 577390 142 27 0 4 0 0 2788
787 A 583413 583047 23 4 96 2 0 0 0 241
788 A 604332 603947 36 12 93 6 0 0 0 238
789 T 632785 47 632405 100 12 0 17 0 0 204
790 C 634043 75 68 633742 22 0 0 24 0 112
791 T 629237 64 628885 164 8 0 5 0 0 111
792 A 624711 624475 28 12 105 13 0 0 0 78
793 A 624714 624451 46 18 60 6 0 0 0 133
794 T 627677 64 627319 124 10 0 3 0 0 157
795 A 587421 587135 30 6 124 7 0 0 0 119
796 G 581603 95 162 16 581181 0 0 0 12 137
797 C 576982 71 81 576694 30 0 0 8 0 98
798 A 579415 576874 68 19 95 9 0 0 0 2350
799 C 584799 31 58 584598 17 0 0 5 0 90
800 C 569692 84 60 569456 18 0 0 6 0 68
801 A 571738 571476 25 5 77 3 0 0 0 152
802 T 578574 42 578350 77 12 0 3 0 0 90
803 G 560378 102 144 16 559919 0 0 0 10 187
804 G 564609 100 92 16 564163 0 0 0 6 232
805 T 542566 54 540090 91 10 0 3 0 0 2318
806 A 545055 544840 31 6 92 5 0 0 0 81
807 T 540693 21 540363 79 9 0 8 0 0 213
808 G 569550 125 131 22 568991 0 0 0 20 261
809 C 595916 59 60 595569 31 0 0 26 0 171
810 T 544412 13 544136 101 14 0 13 0 0 135
811 T 515601 40 515358 79 3 0 5 0 0 116
812 T 515879 36 515625 103 13 0 7 0 0 95
813 C 417277 41 124 416956 27 0 0 2 0 127
814 G 424323 112 96 21 424037 0 0 0 3 54
815 C 402816 44 44 402586 19 0 0 0 0 123
816 A 401959 401461 34 14 58 5 0 0 0 387
817 C 415859 39 53 415668 9 0 0 4 0 86
818 T 402975 8 402765 123 16 0 1 0 0 62
819 G 481649 118 115 21 481307 0 0 0 10 78
820 A 484701 484392 34 2 75 27 0 0 0 171
821 G 493702 99 88 16 493399 0 0 0 9 91
822 T 595037 57 593516 93 14 0 10 0 0 1347
823 A 591701 591367 40 9 108 2 0 0 0 175
824 G 621330 117 146 18 620956 0 0 0 6 87
825 A 639094 638588 37 9 182 11 0 0 0 267
826 G 651321 106 333 22 650691 0 0 0 44 125
827 G 659665 104 130 12 659204 0 0 0 33 182
828 G 575670 110 115 24 575255 0 0 0 14 152
829 T 555094 30 553414 82 43 0 7 0 0 1518
830 T 719433 29 719145 142 24 0 3 0 0 90
831 T 706477 30 705997 220 13 0 2 0 0 215
832 G 719392 149 191 11 718892 0 0 0 4 145
833 A 717401 716938 33 12 184 9 0 0 0 225
834 G 747197 158 105 15 746737 0 0 0 13 169
835 T 730475 61 729301 164 14 0 9 0 0 926
836 C 730713 76 103 730359 28 0 0 7 0 140
837 C 720641 107 249 720027 32 0 0 2 0 224
838 G 727158 383 161 29 726319 0 0 0 6 260
839 G 727014 196 136 40 726309 0 0 0 6 327
840 C 723971 155 133 723433 36 0 0 7 0 207
841 A 722711 722333 74 23 118 6 0 0 0 157
842 T 748422 26 747860 125 14 0 7 0 0 390
843 C 744827 63 119 744316 22 0 0 5 0 302
844 A 755003 754590 64 9 123 3 0 0 0 214
845 T 743575 60 743131 141 4 0 9 0 0 230
846 C 747308 88 110 746958 17 0 0 4 0 131
847 A 735280 731733 47 20 112 7 0 0 0 3361
848 C 765751 48 95 765464 11 0 0 7 0 126
849 C 765186 120 93 764803 18 0 0 19 0 133
850 T 744449 58 743855 219 8 0 5 0 0 304
851 C 740480 119 92 740069 27 0 0 1 0 172
852 A 768327 768046 31 41 134 5 0 0 0 70
853 A 763133 762834 19 12 111 10 0 0 0 147
854 A 768011 767475 12 100 106 6 0 0 0 312
855 C 764063 62 212 763541 45 0 1 20 0 182
856 G 764068 198 189 44 763509 0 0 0 8 120
857 C 699025 71 121 698617 25 0 0 5 0 186
858 G 672102 254 166 24 671437 0 0 0 5 216
859 T 688920 37 688117 147 18 0 7 0 0 594
860 C 688947 58 89 688367 33 0 0 1 0 399
861 A 714867 714461 29 18 124 3 0 0 0 232
862 A 762900 762559 50 17 83 8 0 0 0 183
863 T 746107 59 745744 123 20 0 27 0 0 134
864 G 761606 305 144 32 760982 0 0 0 22 121
865 C 763627 113 137 763160 50 0 0 11 0 156
866 A 734546 734161 54 18 138 8 0 0 0 167
867 T 733871 77 733374 116 19 0 9 0 0 276
868 G 468385 93 121 13 467989 0 0 0 4 165
869 A 469368 469079 28 9 83 8 0 0 0 161
870 G 520806 84 100 8 520421 0 0 0 12 181
871 T 510292 54 509258 70 17 0 37 0 0 856
872 G 520064 140 123 9 519717 0 0 0 7 68
873 T 509663 40 509107 125 12 0 8 0 0 371
874 A 511730 511521 21 19 126 2 0 0 0 41
875 A 485520 485257 19 11 74 7 0 0 0 152
876 C 477023 32 49 476839 17 0 0 5 0 81
877 A 476309 475777 27 17 80 18 0 0 0 390
878 C 475101 27 79 474909 11 0 0 6 0 69
879 G 442340 129 141 31 441952 0 0 0 5 82
880 A 443238 443018 35 3 70 1 0 0 0 111
881 A 439841 439531 25 11 65 6 0 0 0 203
882 G 464543 55 77 4 464327 0 0 0 4 76
883 T 452365 25 451009 56 8 0 8 0 0 1259
884 G 467008 79 78 11 466682 0 0 0 6 152
885 T 464733 48 464140 109 14 0 3 0 0 419
886 C 474873 52 61 474624 16 0 0 1 0 119
887 A 462959 462676 25 15 145 1 0 0 0 97
888 A 480649 480424 20 12 80 4 0 0 0 109
889 A 541391 540801 24 73 79 10 0 0 0 404
890 C 546231 60 70 545976 27 0 0 7 0 91
891 A 515011 511279 23 58 64 11 0 0 0 3576
892 C 581944 57 61 581709 19 0 0 15 0 83
893 C 570335 81 60 569828 25 0 0 28 0 313
894 C 580289 281 56 579830 18 0 0 8 0 96
895 C 572353 232 96 571876 36 0 0 3 0 110
896 A 576926 576500 30 40 185 2 0 0 0 169
897 G 522604 93 235 18 522133 0 0 0 5 120
898 G 525118 60 330 30 524494 0 0 0 6 198
899 G 563265 155 76 179 562704 0 0 0 18 133
900 A 563777 563239 35 17 155 16 0 0 0 315
901 G 571972 86 102 113 571460 0 0 0 9 202
902 C 592352 128 101 591980 28 0 0 13 0 102
903 T 587325 49 586894 149 30 0 6 0 0 197
904 A 838992 838503 138 67 166 7 0 0 0 111
905 T 836575 160 836007 174 22 0 14 0 0 198
906 A 880157 879779 67 41 130 19 0 0 0 121
907 A 879386 878943 104 62 127 24 0 0 0 126
908 A 843393 842727 65 128 126 32 0 0 0 315
909 C 855981 108 194 855261 52 0 0 15 0 351
910 A 789053 788687 42 55 154 10 0 0 0 105
911 G 790978 239 239 38 789936 0 0 0 10 516
912 C 792088 120 143 791669 32 0 0 8 0 116
913 A 768424 767753 73 17 127 5 0 0 0 449
914 A 767077 766600 57 9 99 3 0 0 0 309
915 T 760218 48 759439 153 6 0 1 0 0 571
916 C 772679 83 127 772320 15 0 0 7 0 127
917 T 771102 54 770342 233 15 0 5 0 0 453
918 C 765050 89 85 764627 21 0 0 1 0 227
919 C 687920 105 63 687618 23 0 0 6 0 105
920 C 684233 243 61 683664 14 0 0 2 0 249
921 T 682449 35 682113 113 19 0 5 0 0 164
922 T 687786 46 687516 106 7 0 4 0 0 107
923 T 681120 42 680647 163 11 0 1 0 0 256
924 C 685893 82 89 685514 29 0 0 3 0 176
925 C 682380 80 95 682044 28 0 0 4 0 129
926 A 678468 678111 42 13 229 5 0 0 0 68
927 G 687145 116 213 16 686652 0 0 0 2 146
928 A 685896 685570 28 2 171 8 0 0 0 117
929 A 723002 722393 125 63 111 11 0 0 0 299
930 T 726391 146 725841 181 10 0 17 0 0 196
931 A 677450 677001 70 3 105 6 0 0 0 265
932 T 680785 296 680196 138 5 0 6 0 0 144
933 A 655242 653685 32 165 114 5 0 0 0 1241
934 C 678855 242 162 678338 29 0 0 7 0 77
935 A 664312 659864 66 531 83 16 0 0 0 3752
936 C 668209 59 80 667946 39 0 0 24 0 61
937 C 646896 115 54 646579 21 0 0 24 0 103
938 C 578460 194 98 577957 30 0 0 3 0 178
939 A 575971 575689 33 23 111 2 0 0 0 113
940 G 577423 76 106 16 577102 0 0 0 2 121
941 T 461616 49 461084 83 6 0 4 0 0 390
942 C 468814 61 76 468467 32 0 0 3 0 175
943 A 453684 453031 49 14 118 9 0 0 0 463
944 C 534538 54 55 534253 17 0 0 20 0 139
945 A 526939 526625 35 13 111 34 0 0 0 121
946 A 543751 543467 44 22 68 14 0 0 0 136
947 T 552871 62 552474 94 40 0 10 0 0 191
948 A 480265 479923 44 3 134 2 0 0 0 159
949 G 515509 108 119 10 515155 0 0 0 6 111
950 G 528042 81 100 14 527723 0 0 0 5 119
951 A 534208 533796 35 3 140 12 0 0 0 222
952 G 634852 93 122 16 634457 0 0 0 15 149
953 A 570297 569990 43 9 98 8 0 0 0 149
954 G 574087 91 144 10 573690 0 0 0 5 147
955 T 563848 64 561633 87 24 0 3 0 0 2037
956 G 589113 203 125 31 588584 0 0 0 4 166
957 C 648841 94 114 648338 102 0 0 11 0 182
958 C 661072 74 82 660729 26 0 0 4 0 157
959 C 671655 157 104 671113 33 0 0 2 0 246
960 A 695171 694868 24 109 84 3 0 0 0 83
961 A 710044 709556 48 19 80 4 0 0 0 337
962 A 718100 717850 22 18 87 11 0 0 0 112
963 A 720078 719495 68 13 97 7 0 0 0 398
964 T 742139 38 741853 89 14 0 4 0 0 141
965 A 734482 734070 49 3 131 4 0 0 0 225
966 T 740622 54 740274 136 15 0 4 0 0 139
967 G 738722 477 56 35 737822 0 0 0 7 325
968 T 745899 124 745067 128 13 0 9 0 0 558
969 C 751120 91 212 750551 38 0 0 7 0 221
970 A 732241 731815 48 19 201 1 0 0 0 157
971 G 730018 110 115 13 729700 0 0 0 4 76
972 G 731699 118 113 20 731352 0 0 0 3 93
973 A 721151 720742 50 3 150 10 0 0 0 196
974 G 730836 101 49 25 730533 0 0 0 9 119
975 T 716811 41 712432 160 4 0 11 0 0 4163
976 A 715176 712619 66 17 118 7 0 0 0 2349
977 C 712816 52 110 712426 26 0 0 6 0 196
978 C 710585 153 90 710189 26 0 0 2 0 125
979 A 713687 713284 32 27 118 6 0 0 0 220
980 A 717901 717696 28 20 64 6 0 0 0 87
981 A 727582 727173 53 12 107 20 0 0 0 217
982 T 727462 53 727095 120 9 0 17 0 0 168
983 T 709869 26 709232 101 21 0 11 0 0 478
984 G 713534 174 107 20 713146 0 0 0 4 83
985 A 692436 691762 39 9 172 9 0 0 0 445
986 G 694906 119 128 15 694466 0 0 0 17 161
987 G 694965 114 70 20 694487 0 0 0 14 260
988 A 655687 655127 55 8 123 11 0 0 0 363
989 T 651937 41 651497 63 9 0 6 0 0 321
990 G 722503 134 104 27 721968 0 0 0 21 249
991 G 716855 124 66 14 716387 0 0 0 25 239
992 T 755970 72 754843 101 28 0 19 0 1 906
993 T 493136 21 492878 86 11 0 19 0 0 121
994 A 495826 495374 70 21 85 6 0 0 0 270
995 C 474482 60 150 474078 32 0 0 2 0 160
996 A 474758 474420 43 29 197 5 0 0 0 64
997 G 508378 78 160 14 507922 0 0 0 12 192
998 G 503629 151 103 16 503259 0 0 0 15 85
999 A 492265 491408 42 15 112 15 0 0 0 673
1000 C 501477 33 53 501247 18 0 0 11 0 115
1001 T 483277 24 483052 121 5 0 0 0 0 75
1002 A 487248 487009 25 6 72 5 0 0 0 131
1003 A 487653 487431 26 14 69 6 0 0 0 107
1004 G 497078 119 108 17 496674 0 0 0 10 150
1005 A 482717 482467 22 7 78 7 0 0 0 136
1006 A 480581 480389 24 9 74 5 0 0 0 80
1007 A 478069 477524 33 24 54 6 0 0 0 428
1008 C 481323 23 70 481088 11 0 0 7 0 124
1009 A 475607 475299 42 11 63 2 0 0 0 190
1010 T 464800 41 464415 114 4 0 7 0 0 219
1011 C 462739 54 50 462506 21 0 0 5 0 103
1012 C 488450 79 55 488125 27 0 0 3 0 161
1013 C 475011 121 72 474610 12 0 0 4 0 192
1014 A 472286 472010 41 16 59 5 0 0 0 155
1015 T 463046 36 462570 84 13 0 7 0 0 336
1016 C 467024 49 35 466838 9 0 0 2 0 91
1017 C 466748 64 68 466487 24 0 0 3 0 102
1018 A 516966 516727 47 12 63 8 0 0 0 109
1019 T 519898 46 519522 81 9 0 28 0 0 212
1020 T 519684 28 519340 118 4 0 6 0 0 188
1021 C 526142 49 62 525851 34 0 0 8 0 138
1022 A 525070 524859 19 11 110 5 0 0 0 66
1023 A 530767 530590 30 9 48 8 0 0 0 82
1024 T 531165 38 530867 81 6 0 16 0 0 157
1025 A 570032 569362 71 9 95 18 0 0 0 477
1026 C 582793 50 96 582540 35 0 0 9 0 63
1027 A 552899 552624 44 19 110 5 0 0 0 97
1028 G 546729 92 125 25 546390 0 0 0 3 94
1029 A 537611 537121 44 4 136 3 0 0 0 303
1030 G 629104 87 144 17 628678 0 0 0 21 157
1031 G 657286 91 95 31 656852 0 0 0 31 186
1032 T 622097 45 618167 87 17 0 8 0 0 3773
1033 C 627300 62 79 626912 25 0 0 6 0 216
1034 T 632389 23 632072 154 10 0 7 0 0 123
1035 A 669578 669161 66 6 95 7 0 0 0 243
1036 T 704243 66 703873 107 17 0 18 0 0 162
1037 T 702184 40 701716 91 9 0 31 0 0 297
1038 T 689571 63 689220 109 40 0 20 0 0 119
1039 G 590972 106 162 33 590503 0 0 0 5 163
1040 G 600163 75 144 20 599801 0 0 0 3 120
1041 A 587274 586555 32 4 176 5 0 0 0 502
1042 G 593744 87 110 29 593357 0 0 0 14 147
1043 C 594346 73 107 593958 27 0 0 6 0 175
1044 C 576281 50 91 575988 10 0 0 2 0 140
1045 A 579445 579038 38 13 79 6 0 0 0 271
1046 T 572236 50 571952 75 6 0 3 0 0 150
1047 T 577335 45 577056 86 8 0 3 0 0 137
1048 G 575804 150 113 19 575430 0 0 0 0 92
1049 C 594421 68 60 593995 25 0 0 1 0 272
1050 T 596670 18 596408 105 11 0 1 0 0 127
1051 G 601088 80 101 15 600808 0 0 0 5 79
1052 G 679365 68 124 14 679049 0 0 0 23 87
1053 T 667459 38 665946 96 144 0 11 0 0 1224
1054 T 667131 24 666777 91 12 0 5 0 0 222
1055 T 665445 25 665217 90 6 0 5 0 0 102
1056 T 678036 153 677646 114 5 0 5 0 0 113
1057 A 691029 690355 263 5 99 4 0 0 0 303
1058 T 687299 189 686824 93 6 0 15 0 0 172
1059 T 684116 33 683489 103 189 0 27 0 0 275
1060 G 695229 348 333 19 694404 0 0 0 17 108
1061 A 630412 629268 42 16 580 10 0 0 0 496
1062 G 627051 397 260 13 626269 0 0 0 7 105
1063 G 628450 123 248 23 627969 0 0 0 6 81
1064 G 627113 109 223 24 626624 0 0 0 10 123
1065 G 635344 126 464 22 634550 0 0 0 7 175
1066 G 616773 143 105 22 616329 0 0 0 7 167
1067 G 532095 326 99 15 531510 0 0 0 7 138
1068 A 526481 524577 247 2 1020 3 0 0 0 632
1069 T 521961 299 520993 76 226 0 2 0 0 365
1070 G 515593 174 326 22 514885 0 0 0 10 176
1071 G 522630 221 80 43 522081 0 0 0 8 197
1072 A 463593 462789 55 98 216 18 0 0 0 417
1073 C 464205 97 70 463883 16 0 0 4 0 135
1074 T 443454 31 443023 196 14 0 2 0 0 188
1075 G 440600 150 93 25 440249 0 0 0 3 80
1076 G 451885 117 82 19 451550 0 0 0 5 112
1077 A 446308 445980 27 6 100 11 0 0 0 184
1078 A 448316 448064 29 11 78 7 0 0 0 127
1079 T 354223 22 354050 47 3 0 2 0 0 99
1080 G 414947 111 122 15 414607 0 0 0 3 89
1081 A 426198 425872 48 5 93 6 0 0 0 174
1082 T 424883 36 424657 73 12 0 7 0 0 98
1083 A 422445 422164 32 6 134 1 0 0 0 108
1084 G 381974 67 97 11 381730 0 0 0 6 63
1085 A 458438 458142 32 24 73 7 0 0 0 160
1086 T 459736 49 459465 67 7 0 4 0 0 144
1087 G 491315 92 108 14 490961 0 0 0 6 134
1088 G 508273 79 103 9 507976 0 0 0 6 100
1089 A 531548 530946 35 11 111 16 0 0 0 429
1090 T 556584 48 556238 72 8 0 15 0 0 203
1091 G 555497 138 139 14 555132 0 0 0 8 66
1092 G 636083 110 106 19 635610 0 0 0 13 225
1093 T 630084 58 627634 108 34 0 27 0 0 2223
1094 A 627070 626576 58 2 111 5 0 0 0 318
1095 T 617991 62 617693 80 7 0 9 0 0 140
1096 G 631610 97 185 19 631184 0 0 0 11 114
1097 G 641104 98 109 24 640734 0 0 0 10 129
1098 T 646349 59 645303 85 20 0 11 0 0 871
1099 T 642606 20 642316 95 11 0 22 0 0 142
1100 A 636426 636140 58 6 93 6 0 0 0 123
1101 T 576699 54 576417 81 5 0 5 0 0 137
1102 C 577508 34 99 577270 8 0 0 4 0 93
1103 A 579713 579406 43 10 90 8 0 0 0 156
1104 T 577841 65 577469 88 5 0 11 0 0 203
1105 C 569113 48 51 568863 21 0 0 5 0 125
1106 A 550287 550018 34 11 78 0 0 0 0 146
1107 T 551655 36 551392 85 7 0 7 0 0 128
1108 C 556259 62 72 555988 9 0 0 1 0 127
1109 A 549082 548675 39 11 120 3 1 0 0 233
1110 G 555937 93 93 13 555470 0 0 0 6 262
1111 A 553670 553359 25 5 61 7 0 0 0 213
1112 A 552338 552096 17 10 70 7 0 0 0 138
1113 T 557514 31 557253 83 6 0 3 0 0 138
1114 G 538680 117 110 7 538190 0 0 0 2 254
1115 A 532209 531854 41 5 89 9 0 0 0 211
1116 A 533330 532861 47 8 110 5 0 0 0 299
1117 C 534656 41 128 534340 25 0 0 4 0 118
1118 A 528808 528525 38 16 117 8 0 0 0 104
1119 G 488505 69 180 15 488068 0 0 0 4 169
1120 G 500572 68 128 15 500216 0 0 0 5 140
1121 G 506301 93 71 12 505975 0 0 0 17 133
1122 A 512430 512016 51 6 124 16 0 0 0 217
1123 T 501035 52 500514 77 7 0 5 0 0 380
1124 C 485589 59 104 485316 15 0 0 5 0 90
1125 A 480192 479858 32 23 183 8 0 0 0 88
1126 G 504221 126 111 10 503840 0 0 0 20 114
1127 G 511144 85 68 23 510802 0 0 0 31 135
1128 C 507561 107 51 507190 27 0 0 11 0 175
1129 T 511324 19 511020 96 12 0 9 0 0 168
1130 A 511031 510780 51 7 88 6 0 0 0 99
1131 T 576557 50 576141 125 14 0 13 0 0 214
1132 G 583129 213 157 24 582615 0 0 0 43 77
1133 C 571763 67 211 571222 42 0 0 17 0 204
1134 A 465419 465072 30 21 143 15 0 0 0 138
1135 G 503807 66 67 18 503581 0 0 0 10 65
1136 C 470403 74 177 469933 36 0 0 1 0 182
1137 G 466704 156 154 33 466259 0 0 0 10 92
1138 G 479121 281 68 16 478555 0 0 0 6 195
1139 A 452762 451928 243 8 244 7 0 0 0 332
1140 T 473611 245 472792 331 6 0 3 0 0 234
1141 C 461044 303 290 460365 12 0 0 2 0 72
1142 A 513757 513122 26 358 94 5 0 0 0 152
1143 A 518876 518625 20 11 102 2 0 0 0 116
1144 A 519561 519315 9 15 67 3 0 0 0 152
1145 A 529323 529055 16 9 76 5 0 0 0 162
1146 A 521045 520820 34 6 87 3 0 0 0 95
1147 A 518023 517609 9 15 271 3 0 0 0 116
1148 G 536449 193 93 80 535899 0 0 0 2 182
1149 C 533264 106 111 532727 71 0 0 3 0 246
1150 A 543080 542356 66 91 66 4 0 0 0 497
1151 C 550828 76 49 550540 17 0 0 5 0 141
1152 A 554406 553359 38 67 95 5 0 0 0 842
1153 C 568647 73 66 568354 20 1 0 5 0 128
1154 A 564805 564540 21 22 79 11 0 0 0 132
1155 A 569242 569027 34 6 80 2 0 0 0 93
1156 A 567844 567600 33 10 80 4 0 0 0 117
1157 A 564370 564047 76 5 92 4 0 0 0 146
1158 T 562696 28 562312 80 30 0 6 0 0 240
1159 G 551159 109 173 42 550618 0 0 0 3 214
1160 C 547483 71 118 547116 29 0 0 14 0 135
1161 C 544987 52 87 544642 21 0 0 10 0 175
1162 A 521873 521575 37 17 112 8 0 0 0 124
1163 T 502183 46 501990 58 4 0 4 0 0 81
1164 T 494436 40 494101 86 12 0 2 0 0 195
1165 A 491319 491113 28 0 61 3 0 0 0 114
1166 A 486213 485813 38 11 62 9 0 0 0 280
1167 C 486693 52 151 486261 21 0 0 8 0 200
1168 G 459741 119 197 19 459314 0 0 0 12 80
1169 G 395737 66 133 12 395396 0 0 0 7 123
1170 G 394385 75 62 10 394120 0 0 0 7 111
1171 A 390860 390473 26 6 92 7 0 0 0 256
1172 T 410693 31 410497 50 5 0 12 0 0 98
1173 T 408573 30 408377 68 7 0 2 0 0 89
1174 A 349569 349189 44 17 101 4 0 0 0 214
1175 C 381813 98 55 381585 12 0 0 7 0 56
1176 A 362206 362049 21 39 43 7 0 0 0 47
1177 A 373556 373370 17 15 43 5 0 0 0 106
1178 A 363390 363107 25 65 38 14 0 0 0 141
1179 C 348624 43 26 348421 16 0 0 3 0 115
1180 A 346792 346576 34 22 59 8 0 0 0 93
1181 A 351427 351249 23 5 60 2 0 0 0 88
1182 G 429409 69 121 10 429059 0 0 0 12 138
1183 G 431078 82 76 12 430831 0 0 0 13 64
1184 T 422840 38 420744 63 19 0 4 0 0 1972
1185 G 436068 124 108 22 435725 0 0 0 5 84
1186 A 451302 451052 36 5 78 5 0 0 0 126
1187 A 458187 457307 39 9 59 4 0 0 0 769
1188 C 484023 32 50 483779 15 0 0 6 0 141
1189 T 486210 21 485788 77 4 0 15 0 0 305
1190 C 506914 56 27 506679 18 0 0 6 0 128
1191 T 498328 38 498005 125 15 0 10 0 0 135
1192 G 503253 110 90 17 502887 0 0 0 4 145
1193 T 502716 58 502394 49 6 0 6 0 0 203
1194 T 517364 9 517081 83 4 0 5 0 0 182
1195 A 517863 517643 25 9 67 4 0 0 0 115
1196 T 516834 56 516557 57 5 0 5 0 0 154
1197 C 508873 49 129 508604 19 0 0 5 0 67
1198 G 510162 158 98 23 509766 0 0 0 5 112
1199 A 499216 498925 42 9 97 12 0 0 0 131
1200 G 497014 100 70 15 496642 0 0 0 1 186
1201 A 491656 491367 34 7 89 3 0 0 0 156
1202 A 483805 483605 34 10 69 2 0 0 0 85
1203 A 488166 488003 19 8 56 1 0 0 0 79
1204 A 496559 496240 51 10 53 5 0 0 0 200
1205 T 497617 45 497349 52 15 0 5 0 0 151
1206 G 495027 125 138 17 494608 0 0 0 4 135
1207 A 493408 493141 36 4 78 1 0 0 0 148
1208 A 485799 485419 34 19 68 2 0 0 0 257
1209 C 476779 39 75 476534 15 0 0 3 0 113
1210 A 477987 476427 50 11 56 3 0 0 0 1440
1211 C 478979 27 39 478740 8 0 0 3 0 162
1212 T 470998 31 470567 121 14 0 9 0 0 256
1213 C 468658 38 62 468416 20 0 0 2 0 120
1214 A 464302 464114 17 5 73 5 0 0 0 88
1215 A 487667 487444 26 12 81 7 0 0 0 97
1216 T 489083 33 488810 59 11 0 14 0 0 156
1217 T 493150 28 492849 88 3 0 11 0 0 171
1218 C 438152 55 51 437902 28 0 0 5 0 111
1219 A 425241 424660 34 12 64 3 0 0 0 468
1220 C 373728 36 87 373527 15 0 0 4 0 59
1221 A 359174 358956 11 20 94 1 0 0 0 92
1222 G 362685 86 100 22 362364 0 0 0 31 82
1223 C 360110 65 33 359870 14 0 0 16 0 112
1224 T 278384 7 278269 32 11 0 5 0 0 60
1225 G 281358 55 58 10 281169 0 0 0 3 63
1226 T 263053 22 262700 34 25 0 1 0 0 271
1227 G 265897 51 126 11 265660 0 0 0 3 46
1228 G 255451 29 71 9 255305 0 0 0 2 35
1229 G 251851 51 61 15 251626 0 0 0 18 80
1230 T 246157 30 245337 39 14 0 6 0 0 731
1231 A 190171 190076 8 5 33 1 0 0 0 48
1232 A 199809 199733 15 2 25 0 0 0 0 34
1233 A 199670 199485 16 6 93 3 0 0 0 67
1234 G 197700 47 34 6 197503 0 0 0 13 97
1235 A 188461 188355 12 3 34 1 0 0 0 56
1236 A 172647 172560 18 3 28 1 0 0 0 37
1237 T 165371 23 165276 24 1 0 1 0 0 46
1238 T 168411 12 168274 18 1 0 3 0 0 103
1239 C 168801 16 24 168720 7 0 0 0 0 34
1240 A 169474 169390 8 4 32 0 0 0 0 40
1241 A 164108 163941 8 1 42 1 0 0 0 115
1242 C 183108 7 19 183024 9 0 0 1 0 48
1243 A 180209 180146 8 9 26 3 0 0 0 17
1244 A 190766 190449 17 24 32 3 0 0 0 241
1245 C 191407 13 45 191277 7 0 0 10 0 55
1246 T 194748 11 194603 37 3 0 2 0 0 92
1247 T 194304 33 194192 33 4 0 2 0 0 40
1248 A 195435 195256 24 2 112 0 0 0 0 41
1249 G 212007 137 53 2 211738 0 0 0 1 76
1250 A 216276 216143 4 0 59 4 0 0 0 66
1251 A 245394 245241 8 8 56 15 0 0 0 66
1252 A 243163 243072 7 5 41 4 0 0 0 34
1253 A 231077 230960 9 8 46 1 0 0 0 53
1254 A 231626 231495 7 3 54 3 0 0 0 64
1255 A 231006 230674 10 8 249 3 0 0 0 62
1256 G 238708 255 39 6 238336 0 0 0 10 62
1257 G 237304 68 42 9 237131 0 0 0 3 51
1258 A 217203 216823 31 1 191 1 0 0 0 156
1259 T 233569 63 233400 29 12 0 0 0 0 65
1260 G 229006 68 89 6 228769 0 0 0 1 73
1261 G 235341 62 34 15 235157 0 0 0 2 71
1262 A 232392 232246 10 3 85 1 0 0 0 47
1263 A 238229 238099 8 2 52 6 0 0 0 62
1264 A 217202 217144 5 2 22 2 0 0 0 27
1265 A 224632 224515 27 1 35 1 0 0 0 53
1266 T 219853 16 219712 17 4 0 1 0 0 103
1267 T 219802 10 219684 25 1 0 1 0 0 81
1268 T 242971 22 242791 44 2 0 0 0 0 112
1269 A 240415 240308 26 3 43 0 0 0 0 35
1270 A 242105 242008 7 7 28 2 0 0 0 53
1271 A 230948 230844 32 2 23 1 0 0 0 46
1272 T 236687 105 236445 32 2 0 1 0 0 102
1273 A 242321 242100 109 2 34 7 0 0 0 69
1274 A 241188 241087 26 6 26 1 0 0 0 42
1275 A 242680 242536 5 5 34 2 0 0 0 98
1276 A 225468 225361 4 6 39 0 0 0 0 58
1277 A 225982 225850 7 3 38 3 0 0 0 81
1278 A 228571 228252 6 6 232 3 0 0 0 72
1279 G 239731 50 36 6 239579 0 0 0 1 59
1280 T 240812 17 240313 32 8 0 8 0 0 434
1281 T 239497 16 239396 39 10 0 3 0 0 33
1282 G 257042 70 62 4 256833 0 0 0 1 72
1283 A 229120 228985 23 0 41 2 0 0 0 69
1284 T 231156 30 230995 31 9 0 1 0 0 90
1285 G 227352 52 45 4 227176 0 0 0 3 72
1286 A 221964 221792 22 3 53 1 0 0 0 93
1287 T 225418 24 225256 35 6 0 4 0 0 93
1288 G 221543 53 97 9 221305 0 0 0 1 78
1289 G 225277 38 37 1 225142 0 0 0 3 56
1290 G 236381 64 36 11 236154 0 0 0 4 112
1291 T 237492 21 236646 38 25 0 3 0 0 759
1292 T 239581 13 239476 28 7 0 5 0 0 52
1293 T 211458 6 211328 45 7 0 0 0 0 72
1294 C 210405 22 33 210293 9 0 0 0 0 48
1295 T 210741 11 210593 44 15 0 1 0 0 77
1296 G 212074 62 77 11 211876 0 0 0 3 45
1297 G 209025 41 40 9 208830 0 0 0 2 103
1298 A 175343 175080 10 6 46 5 0 0 0 196
1299 C 182983 14 32 182845 11 0 0 4 0 77
1300 A 177478 177393 5 3 22 3 0 0 0 52
1301 T 191798 8 191700 22 5 0 1 0 0 62
1302 T 190006 10 189896 29 6 0 0 0 0 65
1303 T 190416 16 190319 28 6 0 3 0 0 44
1304 G 189252 36 44 7 189132 0 0 0 1 32
1305 G 180192 33 23 5 180074 0 0 0 2 55
1306 A 183531 183258 17 14 48 3 0 0 0 191
1307 C 212962 16 32 212855 9 0 0 2 0 48
1308 A 236895 236760 25 6 35 6 0 0 0 63
1309 T 249816 25 249663 44 3 0 9 0 0 72
1310 A 250761 250600 21 4 48 4 0 0 0 84
1311 T 255424 34 255269 48 1 0 5 0 0 67
1312 A 253361 253249 26 4 26 3 0 0 0 53
1313 A 276211 276091 31 4 34 9 0 0 0 42
1314 T 270937 16 270725 63 4 0 10 0 0 119
1315 G 275115 56 67 12 274915 0 0 0 9 56
1316 C 275242 31 58 275033 17 0 0 3 0 100
1317 A 266021 265864 21 10 54 2 0 0 0 70
1318 G 293199 34 53 9 293011 0 0 0 5 87
1319 A 292328 292190 13 2 39 4 0 0 0 80
1320 A 294621 294500 13 2 43 5 0 0 0 58
1321 T 292366 13 292241 36 1 0 4 0 0 71
1322 T 289851 10 289710 38 4 0 3 0 0 86
1323 G 291525 40 52 10 291361 0 0 0 1 61
1324 T 400438 40 400094 52 13 0 4 0 0 235
1325 T 404266 23 404088 62 1 0 4 0 0 88
1326 A 401914 401673 17 5 99 7 0 0 0 113
1327 G 407100 80 102 25 406766 0 0 0 6 121
1328 T 402205 31 401679 93 5 0 14 0 0 383
1329 T 411928 37 411700 62 2 0 2 0 0 125
1330 C 426405 47 38 426132 10 0 0 8 0 170
1331 T 416929 33 416625 72 4 0 10 0 0 185
1332 A 421721 421214 35 2 56 3 0 0 0 411
1333 C 433050 38 46 432800 10 0 0 4 0 152
1334 T 431735 25 431459 136 8 0 5 0 0 102
1335 G 436847 123 131 11 436523 0 0 0 3 56
1336 G 431528 64 87 15 431184 0 0 0 7 171
1337 A 438479 438244 26 4 94 5 0 0 0 106
1338 A 439360 439119 22 9 75 2 0 0 0 133
1339 A 441260 441147 10 7 35 3 0 0 0 58
1340 A 432860 432693 30 4 49 2 0 0 0 82
1341 T 459447 37 459178 74 12 0 8 0 0 138
1342 G 458657 133 102 16 458293 0 0 0 7 106
1343 A 472689 472459 43 2 94 4 0 0 0 87
1344 A 470223 469986 32 9 69 1 0 0 0 126
1345 A 466774 466504 24 24 141 4 0 0 0 77
1346 G 472713 129 115 7 472271 0 0 0 5 186
1347 G 491392 110 57 22 491045 0 0 0 4 154
1348 A 470063 468711 40 19 97 21 0 0 0 1175
1349 C 473792 43 58 473423 22 0 0 11 0 235
1350 T 453967 12 453695 95 6 0 4 0 0 155
1351 T 454418 14 454236 70 3 0 4 0 0 91
1352 T 450273 27 450025 77 30 0 3 0 0 111
1353 G 464032 106 147 11 463533 0 0 0 8 227
1354 G 445292 75 90 10 445000 0 0 0 17 100
1355 A 438505 438140 25 2 93 5 0 0 0 240
1356 T 406701 32 406480 59 4 0 10 0 0 116
1357 T 352789 6 352633 65 4 0 1 0 0 80
1358 T 341468 28 341168 77 8 0 1 0 0 186
1359 C 334932 39 39 334767 8 0 0 3 0 76
1360 C 336431 45 54 336255 11 0 0 1 0 65
1361 A 336137 335923 24 9 59 3 0 0 0 119
1362 T 307187 22 307006 46 5 0 3 0 0 105
1363 G 308015 79 55 6 307821 0 0 0 3 51
1364 A 319383 318948 27 5 60 5 0 0 0 338
1365 C 344894 35 38 344751 5 0 0 13 0 52
1366 T 340575 21 340311 73 9 0 7 0 0 154
1367 T 313755 31 313581 66 5 0 3 0 0 69
1368 A 313536 313322 36 3 69 2 0 0 0 104
1369 A 304286 304147 22 1 32 4 0 0 0 80
1370 A 333743 333545 30 5 38 6 1 0 0 118
1371 T 323758 14 323551 53 13 0 15 0 0 112
1372 G 323210 90 53 9 322936 0 0 0 11 111
1373 T 288858 27 288349 53 7 0 5 0 0 417
1374 G 286188 77 69 9 285933 0 0 0 3 97
1375 A 302239 302097 16 2 63 2 0 0 0 59
1376 A 292961 292802 24 8 73 2 0 0 0 52
1377 G 303047 70 60 8 302792 0 0 0 4 113
1378 A 299458 299312 17 3 39 7 0 0 0 80
1379 A 287095 286916 12 9 50 3 0 0 0 105
1380 T 286586 11 286388 41 4 0 10 0 0 132
1381 C 285835 25 10 285705 7 0 0 3 0 85
1382 T 281575 18 281390 59 5 0 3 0 0 100
1383 G 298387 88 56 12 298161 0 0 0 1 69
1384 T 290166 17 289839 52 9 0 2 0 0 247
1385 A 298618 298314 11 4 60 3 0 0 0 226
1386 C 295733 30 77 295528 13 0 0 5 0 80
1387 G 294991 69 48 6 294766 0 0 0 5 97
1388 A 286631 286441 12 4 48 9 0 0 0 117
1389 G 293694 54 49 11 293493 0 0 0 4 83
1390 A 276425 276253 15 3 50 7 0 0 0 97
1391 A 278981 278879 17 1 28 4 0 0 0 52
1392 A 267051 266885 6 3 92 1 0 0 0 64
1393 G 275002 60 33 5 274862 0 0 0 5 37
1394 T 282607 24 281803 46 23 0 3 0 0 708
1395 A 277964 277807 20 1 50 0 0 0 0 86
1396 A 273828 273722 19 1 31 3 0 0 0 52
1397 A 268836 268768 9 1 23 0 0 0 0 35
1398 A 268246 268083 13 2 75 3 0 0 0 70
1399 A 295750 295514 5 20 117 4 0 0 0 90
1400 G 299734 58 87 68 299385 0 0 0 9 127
1401 C 303234 35 37 303061 20 0 0 6 0 75
1402 C 293664 35 30 293518 9 0 0 1 0 71
1403 A 291069 290915 22 9 43 4 0 0 0 76
1404 A 303048 302886 18 10 41 2 0 0 0 91
1405 T 316803 34 316570 51 10 0 9 0 0 129
1406 T 325439 36 325186 59 4 0 9 0 0 145
1407 A 323030 322835 57 11 54 4 0 0 0 69
1408 A 322675 322530 18 11 29 2 0 0 0 85
1409 A 319559 319403 18 11 100 4 0 0 0 23
1410 G 383974 110 95 17 383648 0 0 0 12 92
1411 A 383579 383357 22 9 76 19 0 0 0 96
1412 A 409676 409432 35 24 71 13 0 0 0 101
1413 T 351258 33 351051 66 4 0 3 0 0 101
1414 A 339067 338926 11 5 61 3 0 0 0 61
1415 A 361639 361448 25 10 67 1 0 0 0 88
1416 T 376456 30 376140 64 11 0 16 0 0 195
1417 G 381628 120 102 17 381249 0 0 0 10 130
1418 C 393641 46 36 393457 28 0 0 11 0 63
1419 C 380220 55 67 379976 17 0 0 4 0 101
1420 A 386954 386762 24 29 71 0 0 0 0 68
1421 A 380433 380258 13 7 48 3 0 0 0 104
1422 A 386478 386249 9 32 110 8 0 0 0 70
1423 G 394702 64 55 9 394446 0 0 0 4 124
1424 A 400576 400295 17 5 84 6 0 0 0 169
1425 A 404824 404642 10 4 54 6 0 0 0 108
1426 A 397049 396878 17 17 48 4 0 0 0 85
1427 T 396513 36 396087 70 4 0 1 0 0 315
1428 C 390099 49 96 389814 15 0 0 3 0 122
1429 G 396223 127 49 19 395903 0 0 0 8 117
1430 G 382588 57 69 13 382369 0 0 0 4 76
1431 A 394360 394104 26 4 96 8 0 0 0 122
1432 A 365173 365043 13 5 39 5 0 0 0 68
1433 A 378193 378005 27 7 38 1 1 0 0 114
1434 T 380582 44 380343 46 4 0 1 0 0 144
1435 G 382060 95 121 14 381691 0 0 0 5 134
1436 G 386787 55 86 11 386574 0 0 0 3 58
1437 G 383015 68 54 15 382783 0 0 0 7 88
1438 T 378328 42 374561 47 39 0 9 0 0 3630
1439 G 389228 65 72 14 388983 0 0 0 3 91
1440 T 389961 16 389534 58 55 0 14 0 0 284
1441 T 436261 24 436039 66 12 0 4 0 0 116
1442 T 394428 29 394261 65 4 0 3 0 0 66
1443 T 392594 27 392375 70 31 0 6 0 0 85
1444 G 402999 157 101 17 402630 0 0 0 6 88
1445 A 397939 397639 34 5 103 5 0 0 0 153
1446 G 413024 79 78 9 412741 0 0 0 15 102
1447 T 413471 32 412960 75 10 0 10 0 0 384
1448 T 405881 21 405628 63 4 0 7 0 0 158
1449 C 410902 49 50 410601 26 0 0 4 0 172
1450 T 416486 41 416165 137 8 0 9 0 0 126
1451 A 417879 416978 42 3 77 16 0 0 0 763
1452 C 427789 51 55 427604 7 0 0 10 0 62
1453 C 418505 77 45 418265 9 0 0 12 0 97
1454 A 416439 415870 42 31 68 11 0 0 0 417
1455 C 451093 37 53 450896 27 0 0 6 0 74
1456 A 454246 454010 29 24 57 5 0 0 0 121
1457 A 454823 454580 30 26 85 12 0 0 0 90
1458 G 479101 106 112 13 478709 0 0 0 7 154
1459 T 417554 61 416605 51 11 0 22 0 0 804
1460 G 433947 86 78 12 433663 0 0 0 6 102
1461 T 423397 50 422560 69 9 0 11 0 0 698
1462 G 428487 132 81 33 428071 0 0 0 2 168
1463 A 429151 428763 35 7 124 9 0 0 0 213
1464 C 423058 23 57 422843 23 0 0 10 0 102
1465 A 432337 432159 17 13 64 6 0 0 0 78
1466 A 430021 429780 33 4 46 8 0 0 0 150
1467 T 426070 35 425880 53 9 0 1 0 0 92
1468 G 427435 92 73 19 427164 0 0 0 0 87
1469 A 432305 432086 26 2 63 4 0 0 0 124
1470 A 434151 433857 25 9 70 3 0 0 0 187
1471 T 439120 42 438840 63 6 0 3 0 0 166
1472 G 439008 90 59 16 438718 0 0 0 5 120
1473 C 440903 56 66 440652 15 0 0 6 0 108
1474 A 450120 449858 40 12 74 5 0 0 0 131
1475 T 448376 51 448124 63 12 0 3 0 0 123
1476 G 445413 174 127 19 445047 0 0 0 2 44
1477 G 445413 128 68 19 445069 0 0 0 5 124
1478 A 434857 434606 29 5 88 8 0 0 0 121
1479 A 427443 427198 25 14 70 1 0 0 0 135
1480 A 417261 417019 10 7 93 11 0 0 0 121
1481 G 443806 90 50 14 443534 0 0 0 8 110
1482 T 436035 37 434462 62 14 0 13 0 0 1447
1483 G 459942 97 78 13 459625 0 0 0 1 128
1484 T 453927 49 453236 74 13 0 3 0 0 552
1485 A 444822 444604 13 17 86 4 0 0 0 98
1486 A 439512 439332 12 11 83 0 0 0 0 74
1487 G 440881 105 55 5 440642 0 0 0 2 72
1488 A 455041 454754 28 8 82 23 0 0 0 146
1489 A 452163 451941 30 9 63 11 0 0 0 109
1490 A 408459 408209 25 12 57 2 0 0 0 154
1491 T 406241 31 405996 58 7 0 5 0 0 144
1492 G 404776 95 221 12 404340 0 0 0 3 105
1493 G 407769 66 85 13 407515 0 0 0 3 87
1494 G 416812 97 48 22 416521 0 0 0 4 120
1495 A 413147 411991 40 9 102 10 0 0 0 995
1496 C 409003 42 47 408789 20 0 0 14 0 91
1497 T 386971 27 386727 57 5 0 5 0 0 150
1498 T 392609 13 392425 88 4 0 4 0 0 75
1499 A 446822 446594 28 4 81 2 0 0 0 113
1500 T 440264 40 439965 62 10 0 3 0 0 184
1501 G 424416 89 85 10 424150 0 0 0 15 67
1502 A 419006 418777 43 6 47 19 0 0 0 114
1503 T 422308 29 422094 65 5 0 6 0 0 109
1504 T 408236 3 407998 63 2 0 1 0 0 169
1505 A 461194 460944 27 5 71 5 0 0 0 142
1506 T 463219 72 462820 105 6 0 6 0 0 210
1507 C 456589 56 65 456351 13 0 0 2 0 102
1508 C 456613 56 64 456346 16 0 0 0 0 131
1509 A 459688 459465 31 49 96 5 0 0 0 42
1510 A 461710 461528 26 13 41 7 0 0 0 95
1511 A 459002 458831 12 13 57 3 0 0 0 86
1512 A 470956 470614 58 10 71 8 0 0 0 195
1513 T 471773 47 471478 61 3 0 9 0 0 175
1514 A 476297 475971 48 5 73 6 0 0 0 194
1515 T 478875 29 478690 82 0 0 7 0 0 67
1516 T 476294 47 476060 81 9 0 2 0 0 95
1517 C 474120 54 67 473831 31 0 0 3 0 134
1518 A 470258 469945 48 10 139 1 0 0 0 115
1519 G 470309 76 86 7 470027 0 0 0 5 108
1520 A 456466 456237 21 4 55 6 0 0 0 143
1521 A 444492 444326 35 6 67 8 0 0 0 50
1522 G 428308 65 94 9 427961 0 0 0 6 173
1523 A 421504 421330 30 4 54 6 0 0 0 80
1524 A 425225 424937 26 12 65 4 0 0 0 181
1525 T 425887 31 425704 47 6 0 3 0 0 96
1526 C 428621 43 54 428421 10 0 0 2 0 91
1527 A 427848 427635 18 14 79 4 0 0 0 98
1528 A 481424 481160 10 5 70 4 0 0 0 175
1529 A 481338 480989 22 19 157 16 0 0 0 135
1530 G 406823 108 63 9 406489 0 0 0 7 147
1531 T 404876 29 404380 57 15 0 6 0 0 389
1532 T 394329 15 394155 47 7 0 2 0 0 103
1533 G 404625 152 128 24 404172 0 0 0 1 148
1534 A 421422 421134 34 5 86 4 0 0 0 159
1535 A 422413 421919 41 16 97 12 0 0 0 328
1536 C 422042 40 92 421762 24 0 0 5 0 119
1537 A 372403 372072 40 31 112 3 0 0 0 145
1538 G 486968 91 310 19 486449 0 0 0 13 86
1539 G 492543 116 124 19 492179 0 0 0 16 89
1540 G 512948 154 70 26 512570 0 0 0 14 114
1541 A 512633 512049 44 8 332 6 0 0 0 194
1542 A 494640 494389 25 16 110 2 0 0 0 98
1543 A 490989 490665 19 13 135 5 0 0 0 152
1544 A 485511 485027 31 9 342 18 0 0 0 84
1545 G 519939 199 86 11 519380 0 0 0 17 246
1546 A 520397 519896 87 10 183 27 0 0 0 194
1547 T 516907 44 516545 84 11 0 2 0 0 221
1548 A 507565 507312 26 10 123 1 0 0 0 93
1549 G 496918 103 105 12 496580 0 0 0 1 117
1550 A 496712 496393 31 6 80 5 0 0 0 197
1551 T 498271 38 497927 59 3 0 7 0 0 237
1552 G 487781 122 91 11 487499 0 0 0 6 52
1553 G 495618 143 75 18 495163 0 0 0 6 213
1554 A 466432 466060 23 4 139 4 0 0 0 202
1555 G 467626 66 40 10 467337 0 0 0 5 168
1556 T 514060 42 511620 71 13 0 2 0 0 2312
1557 G 514495 133 83 16 513904 0 0 0 1 358
1558 A 536974 536784 28 6 88 1 0 0 0 67
1559 A 538780 538535 32 12 88 2 0 0 0 111
1560 A 544337 544122 35 10 70 5 0 0 0 95
1561 T 535689 23 535240 87 1 0 3 0 0 335
1562 T 529484 33 529196 79 10 0 2 0 0 164
1563 G 531813 102 177 22 531192 0 0 0 4 316
1564 G 541240 95 100 21 540898 0 0 0 2 124
1565 A 543137 542806 35 7 109 8 0 0 0 172
1566 A 555262 555015 23 17 82 4 0 0 0 121
1567 T 549882 50 549329 106 8 0 10 0 0 379
1568 C 604631 58 77 604316 13 0 0 16 0 151
1569 A 602340 601964 47 52 109 19 0 0 0 149
1570 A 618060 617792 39 17 91 7 0 0 0 114
1571 T 608246 86 607904 101 23 0 12 0 0 120
1572 G 575320 182 382 13 574605 0 0 0 0 138
1573 G 596829 97 381 18 596202 0 0 0 5 126
1574 G 613067 99 341 33 612470 0 0 0 11 113
1575 G 617524 110 176 23 617070 0 0 0 18 127
1576 G 634165 105 139 29 633757 0 0 0 6 129
1577 T 549509 33 545444 60 61 0 5 0 0 3906
1578 G 589164 182 111 30 588728 0 0 0 14 99
1579 T 574056 56 573265 162 15 0 15 0 0 543
1580 A 585018 584689 61 11 116 12 0 0 0 129
1581 T 589435 61 589001 129 10 0 18 0 0 216
1582 C 584011 81 74 583686 28 0 0 7 0 135
1583 A 566110 565663 44 22 198 11 0 0 0 172
1584 G 600010 120 106 10 599642 0 0 0 8 124
1585 A 582469 582000 41 6 74 35 0 0 0 313
1586 T 583980 33 583712 70 9 0 22 0 0 134
1587 T 457152 18 456857 53 3 0 9 0 0 212
1588 C 454777 59 53 454574 11 0 0 3 0 77
1589 T 440526 30 440267 104 13 0 0 0 0 112
1590 G 448332 88 71 14 448077 0 0 0 5 77
1591 G 447506 39 45 9 447260 0 0 0 4 149
1592 C 431266 75 114 430852 29 0 0 1 0 195
1593 G 418526 69 52 14 418247 0 0 0 4 140
1594 A 489895 489543 45 5 61 8 0 0 0 233
1595 T 493799 20 493508 74 14 0 3 0 0 180
1596 C 591931 64 47 591703 11 0 0 19 0 87
1597 T 589686 44 589189 174 18 0 43 0 0 218
1598 A 648510 647111 67 14 92 10 0 0 0 1216
1599 C 655749 47 91 655346 19 0 0 29 0 217
1600 T 655434 65 655016 155 12 0 6 0 0 180
1601 C 667788 80 91 667350 26 0 0 4 0 237
1602 A 643855 643570 26 19 109 7 0 0 0 124
1603 A 676970 676018 52 20 135 21 0 0 0 724
1604 C 669168 43 81 668928 17 0 0 24 0 75
1605 T 641556 39 641196 155 20 0 15 0 0 131
1606 G 646286 150 188 20 645814 0 0 0 10 104
1607 T 618014 76 617173 103 14 0 6 0 0 642
1608 C 619992 58 110 619675 18 0 0 3 0 128
1609 G 665214 180 116 33 664684 0 0 0 8 193
1610 C 667062 98 65 666779 20 0 0 9 0 91
1611 C 689385 66 151 688918 30 0 0 10 0 210
1612 A 655511 655127 32 15 126 5 0 0 0 206
1613 G 672764 139 62 17 672366 0 0 0 12 168
1614 T 671286 54 670684 128 15 0 14 0 0 391
1615 T 658767 42 658275 119 6 0 11 0 0 314
1616 C 672921 72 83 672563 26 0 0 12 0 165
1617 A 621207 620031 58 16 113 7 0 0 0 982
1618 C 624970 39 73 624720 11 0 0 8 0 119
1619 T 615180 34 614545 107 8 0 8 0 0 478
1620 G 617975 109 115 26 617617 0 0 0 11 97
1621 G 678075 89 87 9 677746 0 0 0 9 135
1622 T 648268 62 645042 105 87 0 7 0 0 2965
1623 G 648725 166 174 28 647948 0 0 0 8 401
1624 C 666701 73 159 666112 176 0 0 12 0 169
1625 T 653123 16 652554 376 20 0 11 0 0 146
1626 T 656704 20 656425 96 8 0 6 0 0 149
1627 T 589939 20 589363 453 15 0 4 0 0 84
1628 T 589044 46 588630 94 172 0 5 0 0 97
1629 G 575975 116 198 20 575524 0 0 0 3 114
1630 G 601351 154 147 21 600823 0 0 0 4 202
1631 T 597687 48 596630 150 25 0 11 0 0 823
1632 C 604123 66 120 603693 27 0 0 7 0 210
1633 T 572529 26 571844 367 11 0 5 0 0 276
1634 C 677053 83 117 676657 18 0 0 20 0 158
1635 C 723421 82 82 722887 70 0 0 52 0 248
1636 C 722593 300 168 721958 32 0 0 9 0 126
1637 T 716902 67 715948 421 136 0 4 0 0 326
1638 G 714848 197 423 35 714038 0 0 0 3 152
1639 G 704243 81 343 34 703572 0 0 0 5 208
1640 G 754291 81 400 34 753581 0 0 0 13 182
1641 G 754756 76 73 27 754361 0 0 0 70 149
1642 G 751147 216 135 291 750283 0 0 0 26 196
1643 C 595750 103 143 595194 152 0 0 5 0 153
1644 A 591053 590672 56 14 91 6 0 0 0 214
1645 A 621939 621579 62 9 83 5 0 0 0 201
1646 T 623047 59 622596 157 4 0 7 0 0 224
1647 C 621313 82 82 620910 21 0 0 3 0 215
1648 A 617711 617371 31 12 123 6 0 0 0 168
1649 G 675989 107 119 9 675548 0 0 0 12 194
1650 T 667713 60 666906 112 14 0 28 0 0 593
1651 T 686474 43 686153 104 16 0 8 0 0 150
1652 T 670280 51 669917 88 4 0 13 0 0 207
1653 C 673860 57 96 673326 23 0 0 5 0 353
1654 T 672946 35 672481 152 59 0 3 0 0 216
1655 G 665559 153 128 30 665056 0 0 0 4 188
1656 G 668286 91 112 18 667943 0 0 0 15 107
1657 A 659837 659082 58 8 138 8 0 0 0 543
1658 T 631613 43 631354 90 19 0 3 0 0 104
1659 G 636946 122 79 10 636534 0 0 0 7 194
1660 T 622848 50 621543 71 24 0 8 0 0 1152
1661 G 675668 140 114 12 675251 0 0 0 11 140
1662 T 648481 57 647792 126 19 0 22 0 0 465
1663 T 649590 31 649356 79 3 0 10 0 0 111
1664 C 653536 57 72 653192 41 0 0 6 0 168
1665 T 643508 31 643197 128 11 0 0 0 0 141
1666 A 643909 643620 18 6 113 3 0 0 0 149
1667 A 637919 637630 54 13 76 17 0 0 0 129
1668 T 632512 43 632138 82 70 0 18 0 0 161
1669 G 628266 95 227 14 627783 0 0 0 8 139
1670 G 581787 68 105 24 581423 0 0 0 9 158
1671 G 581153 91 56 23 580842 0 0 0 12 129
1672 T 573784 50 571710 90 24 0 10 0 0 1900
1673 C 548842 49 84 548365 14 0 0 1 0 329
1674 T 540231 19 539869 142 19 0 8 0 0 174
1675 T 569797 33 569441 98 9 0 8 0 0 208
1676 T 571575 31 571232 105 67 0 9 0 0 131
1677 G 572111 147 150 85 571522 0 0 0 27 180
1678 C 565773 113 215 565225 77 0 0 12 0 131
1679 A 508947 508641 30 11 154 3 0 0 0 108
1680 G 549309 102 73 9 548970 0 0 0 17 138
1681 T 519977 41 519027 70 15 0 15 0 0 809
1682 G 583841 226 98 18 583313 0 0 0 32 154
1683 C 422419 47 72 422149 22 0 0 13 0 116
1684 A 422921 422590 32 10 107 5 0 0 0 177
1685 G 491568 86 91 26 491268 0 0 0 9 88
1686 A 491172 490928 37 4 81 30 0 0 0 92
1687 A 525014 524759 31 3 92 16 0 0 0 113
1688 T 524747 49 524443 57 3 0 17 0 0 178
1689 A 510081 509760 47 7 101 8 0 0 0 158
1690 T 515871 50 515521 124 8 0 6 0 0 162
1691 G 508179 149 126 15 507727 0 0 0 3 159
1692 C 512433 62 117 512058 22 0 0 17 0 157
1693 A 510730 510402 31 19 71 7 0 0 0 200
1694 T 467657 40 467335 56 3 0 10 0 0 213
1695 C 466705 40 25 466505 18 0 0 6 0 111