# amino-acid counts among definitively called codons
# POSITION TOTAL_COUNTS WT N_A N_C N_D N_E N_F N_G N_H N_I N_K N_L N_M N_N N_P N_Q N_R N_S N_T N_V N_W N_Y N_STOP
1 239351 M 0 0 0 0 0 0 0 120 11 9 239154 7 0 0 0 0 27 23 0 0 0
2 242139 K 67 38 30 83 37 84 38 50 240718 73 32 205 96 37 203 105 90 33 12 36 72
3 252625 A 251657 19 20 140 25 73 29 28 15 58 7 7 84 16 71 131 96 82 7 28 32
4 266015 K 45 24 16 56 21 41 28 56 265168 62 10 60 49 32 91 63 54 55 11 14 59
5 278744 L 41 25 18 34 16 37 33 51 47 277821 11 38 111 63 90 80 69 67 11 35 46
6 300069 L 54 31 26 29 25 51 36 38 30 299104 68 22 120 56 93 80 57 63 16 28 42
7 353143 V 153 31 92 37 94 116 35 100 34 146 17 41 76 41 126 121 79 351676 21 37 70
8 430270 L 206 154 121 121 113 293 114 191 115 425613 754 119 581 157 453 324 234 234 96 105 172
9 538108 L 132 72 58 55 151 92 94 153 69 535694 42 87 194 68 202 293 176 159 34 125 158
10 491505 Y 81 143 77 56 127 113 121 143 89 242 65 143 173 64 197 241 180 120 35 488951 144
11 441114 A 438453 81 60 237 60 128 60 108 58 174 23 42 164 75 226 428 247 301 26 57 106
12 458574 F 40 28 47 56 456983 96 58 111 72 197 31 64 63 55 176 201 61 110 22 47 56
13 460356 V 95 19 23 70 31 29 38 104 45 155 10 51 92 58 141 111 92 459080 11 33 68
14 456833 A 456129 4 210 10 3 38 4 9 4 20 2 5 31 10 35 208 48 47 3 7 6
15 460224 T 72 7 23 14 17 27 25 74 80 61 9 10 79 19 71 127 459423 19 12 27 28
16 462805 D 53 14 461993 53 9 121 17 3 1 46 2 136 49 10 47 41 17 58 9 102 24
17 466446 A 465150 9 11 190 23 62 26 30 29 56 5 29 76 15 61 184 244 188 2 34 22
18 469169 D 30 46 467497 104 37 160 77 70 26 131 19 73 26 47 126 71 34 142 25 370 58
19 451078 T 215 41 65 86 55 145 60 142 104 201 19 95 198 74 255 223 448759 131 52 64 94
20 539927 I 168 74 87 90 65 207 96 536725 133 397 123 114 185 138 330 187 252 225 45 87 199
21 562036 C 205 558042 108 85 211 288 130 176 65 396 53 72 329 111 357 400 234 217 67 251 239
22 575308 I 159 77 94 124 102 202 100 571519 176 302 316 160 259 125 325 306 326 222 61 131 222
23 492139 G 169 423 135 45 60 489415 92 71 53 217 18 71 214 52 224 237 132 368 23 59 61
24 468502 Y 135 108 72 63 110 160 177 71 47 194 23 67 217 71 229 200 133 143 44 466090 148
25 469152 H 119 55 73 42 74 138 466434 84 59 256 35 435 238 88 309 187 136 119 41 137 93
26 468495 A 466194 61 52 204 35 156 44 79 60 136 22 38 179 59 159 383 208 279 42 40 65
27 499659 N 143 66 108 64 62 117 86 124 98 183 36 497323 201 61 209 266 186 102 35 96 93
28 506425 N 107 66 95 67 57 139 65 162 154 186 45 504179 129 78 170 248 170 100 31 85 92
29 515184 S 135 77 102 97 82 189 97 137 107 277 49 86 324 95 233 511743 232 191 57 92 782
30 519636 T 258 67 77 73 74 187 65 227 113 227 39 171 254 82 284 266 516811 149 30 64 118
31 518836 D 150 80 515429 178 72 277 110 122 79 213 46 389 179 90 232 182 176 231 46 440 115
32 482518 T 182 51 94 63 44 159 75 188 79 184 21 121 111 58 162 240 480369 127 39 77 74
33 624953 V 289 145 212 152 182 302 130 401 135 332 49 139 268 116 313 371 292 620753 73 95 204
34 604924 D 233 80 601100 205 98 342 111 142 142 216 38 224 156 85 242 242 234 221 33 613 167
35 468205 T 246 70 53 55 60 171 46 188 127 193 29 78 126 86 218 264 465802 151 39 73 130
36 461798 I 139 57 74 112 41 163 88 459069 139 237 79 116 205 119 280 214 216 146 41 86 177
37 431277 L 61 35 45 35 78 75 103 104 49 429861 21 54 159 52 131 108 112 79 21 39 55
38 435405 E 88 31 286 433125 41 174 36 62 207 101 22 22 102 79 98 111 71 124 22 37 566
39 427167 K 50 15 21 60 23 52 35 37 426066 99 37 211 54 36 120 52 68 29 22 22 58
40 427858 N 67 25 77 19 34 51 34 64 50 119 19 426697 101 32 77 143 91 56 16 48 38
41 422757 V 73 11 14 77 23 34 14 22 28 90 82 29 45 30 51 55 41 421978 11 14 35
42 426149 A 423421 1 11 824 2 72 11 8 14 16 4 8 25 8 17 1353 97 250 1 2 4
43 426433 V 59 4 9 46 7 16 5 6 2 1313 84 6 1 3 10 20 3 424827 2 5 5
44 412951 T 115 47 38 26 70 86 35 175 102 113 33 67 1286 36 161 153 410226 74 11 56 41
45 410159 H 107 42 57 43 40 57 408585 93 54 191 20 81 73 38 153 170 110 73 23 89 60
46 365068 S 55 32 19 14 69 31 18 24 10 89 12 12 93 20 65 364039 55 35 17 328 31
47 425311 V 192 113 141 63 171 247 81 292 80 298 32 80 171 56 224 225 136 422468 38 95 108
48 361174 N 121 73 161 53 62 110 81 92 120 156 21 359407 49 25 132 113 129 114 5 115 35
49 267051 L 70 27 28 20 36 88 30 40 43 265672 271 32 181 60 103 103 72 73 24 27 51
50 341912 L 90 43 79 57 93 126 99 277 66 339864 30 55 199 74 194 141 130 136 11 56 92
51 335844 E 163 74 104 333420 50 218 82 79 168 181 45 75 141 66 219 176 123 112 38 48 262
52 361203 D 133 63 358623 111 77 197 149 117 99 205 28 92 157 48 198 193 133 132 25 314 109
53 376173 S 130 136 64 31 66 355 49 1309 69 146 29 195 123 58 426 372500 148 129 40 77 93
54 387614 H 89 64 62 38 71 108 385251 105 58 251 23 467 140 99 194 156 116 108 19 121 74
55 397237 N 104 49 179 56 41 120 57 99 115 142 20 395344 93 39 162 210 125 109 28 76 69
56 402028 G 89 38 49 181 34 398816 30 64 54 116 19 41 50 44 253 123 89 588 1248 43 59
57 401539 K 82 20 41 132 39 132 30 103 399913 94 27 108 70 44 181 146 84 124 6 41 122
58 354297 L 101 47 46 66 56 101 72 131 72 352481 32 59 183 82 184 146 106 140 31 54 107
59 372396 C 133 369794 57 55 110 175 65 133 82 254 63 92 139 71 227 247 129 184 69 143 174
60 342529 K 236 56 137 199 99 225 97 173 338987 298 51 115 210 134 354 291 236 251 49 119 212
61 324256 L 211 132 112 109 153 216 124 215 119 320796 59 136 224 117 312 360 240 224 72 130 195
62 256505 K 89 33 50 53 37 70 67 84 255068 133 23 81 114 63 157 109 106 57 15 34 62
63 262310 G 67 31 25 90 28 260158 39 55 50 99 17 39 69 44 151 68 64 249 14 36 917
64 276183 I 84 43 31 36 34 71 46 274725 51 130 150 55 132 47 115 103 102 97 12 38 81
65 323208 A 320941 60 186 40 29 117 63 54 46 125 28 51 176 47 159 654 166 139 17 55 55
66 282881 P 81 24 26 32 27 58 43 46 36 162 9 33 280034 935 139 130 891 72 20 34 49
67 325722 L 77 46 39 30 23 93 72 56 26 324398 5 24 258 72 135 113 70 78 10 45 52
68 332764 Q 103 50 53 52 58 100 73 117 117 215 23 83 129 330737 197 146 132 126 20 65 168
69 313203 L 97 78 60 32 963 80 71 136 61 310458 44 71 169 75 164 214 141 47 37 68 137
70 310061 G 209 99 89 341 87 305032 98 147 91 273 31 135 251 118 365 248 250 843 1124 104 126
71 289841 K 29 12 7 48 19 29 23 28 289281 44 1 41 36 18 82 48 15 27 7 13 33
72 321870 C 123 319614 63 47 104 116 86 108 53 187 33 75 182 72 206 227 154 116 36 135 133
73 329013 N 98 58 188 59 52 79 78 119 94 194 17 326858 169 77 155 250 158 108 20 77 105
74 315950 I 145 83 64 63 121 129 101 313403 69 236 52 106 168 89 254 250 201 171 41 90 114
75 342544 T 268 110 82 108 105 192 121 206 110 316 54 133 160 78 285 321 339376 219 54 103 143
76 355137 G 121 66 60 113 68 352147 53 77 62 182 33 52 143 51 490 154 108 303 31 67 756
77 339903 W 90 274 42 44 38 97 63 73 64 619 49 55 126 56 142 155 108 123 337334 56 295
78 381793 L 121 61 55 44 112 133 67 1088 37 378979 12 58 205 56 173 152 138 142 43 41 76
79 337676 L 166 94 84 114 1102 195 105 171 134 333786 75 89 183 95 225 324 175 192 62 108 197
80 313450 G 150 58 97 320 80 309843 95 137 93 259 56 105 140 72 312 182 157 319 47 107 821
81 392745 N 211 168 136 80 179 255 136 289 135 518 69 388367 381 109 320 384 305 266 71 167 199
82 422152 P 258 127 127 117 142 241 189 181 121 545 61 174 416949 981 385 407 498 229 62 154 204
83 431356 E 315 150 148 426118 198 288 142 259 155 571 72 142 384 171 351 437 260 365 70 193 567
84 440158 C 158 436942 87 73 354 144 102 142 63 316 36 91 204 64 252 294 178 153 70 127 308
85 449481 D 198 108 445688 157 119 184 151 150 78 318 62 354 273 73 242 271 231 235 39 414 136
86 443687 S 133 62 43 54 63 129 83 60 71 304 21 64 257 77 168 440893 177 95 28 62 843
87 445742 L 129 41 66 67 54 133 91 111 90 443508 77 101 279 124 179 203 173 136 38 67 75
88 418657 L 156 64 56 66 155 124 125 311 103 415952 42 107 301 121 245 197 190 156 33 63 90
89 404849 P 192 81 93 71 80 169 124 168 130 421 36 134 400422 1066 272 304 597 175 43 107 164
90 362433 A 359249 50 86 244 80 151 97 125 74 233 20 79 219 89 203 567 175 423 42 86 141
91 340339 R 101 39 44 50 38 163 43 108 117 128 32 42 107 54 338748 131 134 86 26 44 104
92 333610 S 86 37 50 27 50 82 51 80 48 197 18 39 159 36 110 332138 111 107 19 53 112
93 336493 W 92 78 21 30 39 62 37 62 43 520 27 49 113 49 207 124 114 50 334580 34 162
94 331341 S 101 47 31 30 92 98 87 76 54 216 23 46 251 86 178 329221 184 99 25 295 101
95 409969 Y 139 164 105 76 108 179 320 144 88 294 45 171 223 81 262 303 199 173 58 406655 182
96 382370 I 130 79 57 70 74 133 92 380019 92 229 56 104 166 84 215 198 186 145 49 73 119
97 406526 V 220 48 60 100 54 99 88 156 70 265 31 89 195 64 189 180 202 404239 15 54 108
98 398900 E 76 31 61 396922 48 132 85 102 136 147 20 67 114 108 148 134 120 112 20 71 246
99 419323 T 139 43 31 56 41 102 56 132 100 163 24 66 27 49 171 148 417719 91 35 51 79
100 425855 P 107 26 39 51 42 88 83 74 46 190 23 63 423895 423 180 152 168 85 29 38 53
101 437187 N 49 6 67 31 18 67 25 66 69 79 3 436267 41 15 74 105 101 41 7 25 31
102 450053 S 70 59 36 39 64 69 60 78 60 127 9 47 136 54 142 448289 99 82 20 461 52
103 461966 E 124 42 313 459369 46 331 41 75 129 140 27 60 87 66 135 130 100 147 31 47 526
104 466422 N 119 66 150 80 52 134 90 173 143 178 42 463979 126 77 218 219 161 116 20 134 145
105 472518 G 199 82 79 132 71 468201 85 128 114 165 51 103 158 91 332 206 199 831 38 61 1192
106 464135 A 461545 42 58 312 39 142 75 81 68 160 23 74 185 87 168 406 269 218 33 53 97
107 473311 C 119 470885 85 46 101 139 81 108 68 228 42 66 164 87 258 232 137 137 38 153 137
108 449935 Y 142 117 95 113 81 203 128 156 75 213 40 105 163 87 241 195 158 167 33 447264 159
109 410391 P 187 57 65 83 59 137 95 95 128 374 46 98 406328 1199 283 273 534 132 33 71 114
110 326328 G 115 23 47 69 23 323916 55 51 47 129 6 44 168 59 209 116 91 417 8 44 691
111 319450 D 123 46 317557 70 31 200 95 59 55 143 15 102 169 70 155 126 124 125 31 86 68
112 372301 L 114 49 37 49 98 111 75 104 36 370559 23 21 295 65 153 148 123 96 27 57 61
113 376352 I 105 38 52 57 97 65 76 374722 37 133 29 82 173 46 104 113 172 130 12 46 63
114 396128 D 153 85 393148 157 81 206 104 138 96 204 27 249 181 91 200 169 233 175 25 280 126
115 409598 Y 214 110 75 115 124 228 152 176 112 298 48 113 259 114 297 282 224 203 60 406199 195
116 440987 E 191 42 871 436999 62 408 86 85 125 197 39 68 237 119 144 223 175 181 36 51 648
117 421485 E 54 48 71 420122 40 144 47 7 123 100 2 39 45 51 77 43 41 93 10 34 294
118 397415 L 113 44 42 57 45 107 74 97 65 395456 67 76 299 95 182 175 170 86 22 65 78
119 387960 R 96 34 45 54 38 242 47 55 140 124 843 30 116 44 385073 690 67 80 42 43 57
120 365948 E 43 19 138 364532 11 150 19 40 186 41 6 17 84 41 58 39 53 54 5 12 400
121 344271 Q 63 34 38 36 16 59 78 33 160 135 12 28 116 342688 158 75 83 58 13 21 367
122 343778 L 42 45 31 35 432 102 42 62 40 342288 46 38 77 31 91 111 64 60 32 34 75
123 290773 S 53 40 33 27 31 184 24 165 45 99 7 90 21 25 335 289383 68 51 16 26 50
124 234742 S 75 28 32 30 35 77 42 31 39 148 17 37 107 30 71 233315 105 58 23 36 406
125 295214 V 113 39 45 48 24 102 38 81 44 137 12 51 106 35 96 99 91 293925 26 51 51
126 299184 S 82 45 35 36 47 64 51 71 54 194 24 45 142 47 115 297589 119 82 25 62 255
127 292845 S 65 15 19 30 24 38 23 46 22 129 11 29 118 11 54 291918 72 44 14 22 141
128 292059 L 45 46 34 29 63 63 42 78 40 290945 17 36 61 33 97 137 82 58 17 54 82
129 330673 E 69 34 59 329151 42 155 34 74 103 110 13 44 84 51 110 88 101 77 19 28 227
130 314160 R 28 18 13 20 23 81 18 132 59 72 6 27 35 26 313346 88 52 40 11 19 46
131 335637 F 33 33 12 9 334691 22 20 52 20 339 11 21 56 15 41 88 52 36 2 49 35
132 350468 E 65 28 39 349360 18 104 24 41 161 56 6 25 52 28 53 62 33 63 7 23 220
133 351266 I 30 4 11 21 18 16 10 350654 42 55 55 19 27 13 52 55 69 65 3 22 25
134 364021 F 47 31 17 28 363020 53 26 61 26 127 12 31 88 24 78 135 69 37 14 58 39
135 367285 P 175 57 67 58 57 99 1003 114 88 261 21 81 363810 109 242 310 450 117 27 71 68
136 361909 K 219 84 84 154 101 173 95 174 357808 314 59 858 297 91 388 301 226 176 48 91 168
137 386198 E 241 135 176 381672 145 296 154 213 171 372 50 137 296 143 321 392 307 308 59 186 424
138 365490 S 244 163 145 148 188 341 185 222 150 428 66 262 375 149 415 360939 342 281 54 171 222
139 363621 S 218 111 91 72 133 140 109 174 109 394 49 123 253 111 237 360218 271 169 30 172 437
140 338932 W 205 569 89 97 70 245 83 111 97 632 81 91 216 108 431 257 207 165 334881 71 226
141 281958 P 189 57 56 47 71 129 536 104 57 293 16 65 278609 81 259 279 771 134 29 68 108
142 282030 N 137 73 112 73 80 158 122 147 109 253 40 279458 150 84 213 243 164 151 31 106 126
143 264223 H 103 49 61 43 35 82 262263 93 66 195 19 246 162 89 160 166 128 96 3 114 50
144 257982 T 189 32 44 46 43 91 74 141 108 171 34 65 140 58 124 137 256231 89 27 70 68
145 259488 F 115 57 44 41 257458 129 55 126 51 383 33 45 109 58 146 207 105 126 28 79 93
146 252932 N 138 43 152 78 51 169 76 91 112 155 11 250792 163 67 186 231 148 75 35 76 83
147 237271 G 107 34 34 67 43 235182 39 50 54 129 19 38 99 35 209 104 74 407 16 45 486
148 241575 V 126 36 40 55 46 136 44 117 38 184 16 33 116 43 142 127 90 240065 22 42 57
149 245071 T 102 17 33 32 46 49 44 145 71 114 12 47 54 54 94 101 243884 63 8 41 60
150 238573 V 113 37 59 53 30 80 46 108 40 120 13 46 95 37 110 104 74 237265 22 52 69
151 253428 S 87 21 32 36 37 83 30 56 42 141 18 24 105 45 81 252184 83 93 15 43 172
152 237105 C 64 235649 29 25 103 96 36 60 44 90 28 40 62 37 116 123 72 65 40 102 224
153 222675 S 106 81 45 43 211 135 44 86 44 203 33 53 142 54 156 220390 102 128 36 515 68
154 230486 H 62 37 51 34 49 74 228054 80 50 152 6 1092 132 69 122 113 87 60 19 81 62
155 239336 R 48 23 28 20 35 221 23 50 51 87 679 36 49 24 236865 787 78 50 44 37 101
156 247452 G 76 16 24 93 32 245788 30 37 34 80 7 36 73 23 172 62 45 192 9 22 601
157 263969 K 26 33 19 71 38 19 22 62 262978 98 12 63 61 18 111 106 73 45 9 28 77
158 276809 S 68 38 24 13 26 178 28 125 28 79 9 68 79 17 227 275640 70 43 10 14 25
159 286753 S 92 57 32 12 39 186 52 77 6 154 13 26 140 38 153 285425 70 84 18 44 35
160 309967 F 134 48 38 40 308079 117 80 92 37 213 18 46 197 57 150 205 131 136 31 54 64
161 323733 Y 126 129 69 77 112 169 117 129 94 221 36 108 158 66 141 226 210 160 25 321209 151
162 313270 R 111 25 32 44 59 283 71 214 71 190 19 43 198 32 311297 166 141 101 20 59 94
163 312466 N 105 61 74 57 77 160 52 119 84 256 30 310134 218 65 206 227 168 159 30 86 98
164 300962 L 151 80 53 81 210 171 81 101 67 298667 41 82 170 56 195 243 145 128 45 71 124
165 285703 L 89 25 34 29 33 74 65 166 47 284083 20 57 293 68 147 145 132 91 15 41 49
166 268687 W 92 223 36 27 43 80 87 94 50 503 45 79 175 68 199 199 156 69 266189 92 181
167 255754 L 127 50 47 32 71 67 119 60 38 252799 1069 61 352 98 166 181 152 106 22 66 71
168 258443 T 152 45 63 39 47 109 63 66 71 172 171 51 178 55 162 172 256591 103 20 51 62
169 212464 K 98 58 28 105 63 88 69 69 210435 190 37 219 122 58 221 172 147 103 20 81 81
170 220669 K 97 65 44 105 28 122 94 85 217922 157 42 840 186 58 260 155 139 79 34 68 89
171 233434 G 179 61 56 145 76 229603 70 71 60 214 18 65 260 80 288 193 135 999 717 64 80
172 223801 D 179 36 221345 66 62 230 119 95 53 190 31 151 233 65 212 168 105 135 36 214 76
173 245607 S 132 44 41 29 67 74 63 85 47 232 22 77 208 52 115 243656 178 100 24 71 290
174 249910 Y 56 126 28 17 64 56 91 74 42 112 16 72 126 33 100 98 86 42 18 248562 91
175 241013 P 107 34 26 30 43 65 59 49 34 175 10 40 238734 783 113 135 404 71 15 46 40
176 298792 K 129 63 51 109 86 136 118 104 296276 232 41 231 174 73 237 235 162 113 26 80 116
177 290494 L 94 36 32 28 42 84 77 63 32 288727 244 40 231 59 149 151 127 104 41 43 90
178 339902 T 155 32 45 37 33 78 72 105 28 121 4 76 128 40 127 181 338461 75 18 37 49
179 369448 N 80 47 98 58 50 112 93 107 61 165 25 367491 176 66 171 234 132 88 29 91 74
180 419299 S 173 80 65 76 141 117 77 120 79 246 35 72 263 71 223 416504 200 173 41 406 137
181 430501 Y 113 132 58 49 71 120 314 95 45 151 29 94 200 58 125 224 141 118 33 428213 118
182 419276 V 169 60 73 126 80 161 75 104 83 249 115 69 108 66 150 169 138 417067 28 83 103
183 424544 N 84 52 114 48 38 114 47 121 101 147 16 422834 105 45 117 174 112 82 22 94 77
184 426114 N 78 52 118 47 45 104 56 115 83 142 28 424413 108 68 128 161 73 112 20 84 79
185 411906 K 87 45 27 167 42 75 40 114 410209 138 21 117 88 37 183 134 87 96 29 53 117
186 430167 G 107 33 42 141 36 426664 34 50 35 103 14 35 65 37 184 99 60 970 1370 37 51
187 430294 K 87 38 39 148 31 108 47 108 428674 131 19 112 92 38 183 121 72 85 25 42 94
188 411140 E 104 68 89 408700 71 165 55 105 157 203 41 81 135 104 180 195 143 154 25 96 269
189 387224 V 138 52 69 49 68 135 50 160 56 164 28 66 99 57 128 110 98 385497 23 77 100
190 374086 L 76 43 42 56 80 102 94 586 52 371909 23 44 251 50 156 147 92 96 23 63 101
191 407285 V 155 62 72 110 38 178 53 150 88 251 26 66 76 69 170 122 89 405309 36 51 114
192 400296 L 119 49 50 59 53 95 67 153 65 398460 31 62 217 78 168 125 122 129 27 67 100
193 410564 W 77 1236 47 67 71 151 59 100 75 1389 45 56 88 32 229 185 98 93 406212 67 187
194 422054 G 149 735 116 49 115 418715 68 123 68 238 36 71 208 55 198 536 158 191 41 93 91
195 451321 V 304 80 76 48 165 108 107 375 76 326 31 81 275 79 252 262 192 448202 48 102 132
196 468487 H 97 62 93 44 68 130 465736 133 65 287 38 369 204 118 290 226 145 122 23 169 68
197 461872 H 169 79 81 67 110 121 459034 156 80 253 40 281 161 106 215 236 186 148 24 206 119
198 448231 P 34 3 10 12 14 20 16 20 19 216 10 11 445618 1599 59 100 424 26 2 2 16
199 471372 S 14 24 8 7 51 17 4 25 6 21 2 11 73 3 5 470654 47 32 1 351 16
200 482526 S 13 35 11 7 10 90 8 258 4 27 1 60 5 13 190 481732 22 9 2 10 19
201 430544 S 22 47 25 19 44 134 30 86 74 136 28 83 71 49 84 429418 57 25 13 43 56
202 476601 D 201 88 472958 137 133 291 125 196 98 325 55 215 209 76 216 276 189 307 62 304 140
203 514529 E 175 123 281 509959 111 448 87 173 198 322 76 111 241 125 324 355 224 261 80 114 741
204 508320 Q 167 74 58 88 71 110 179 138 265 308 36 87 220 505494 258 212 124 122 25 70 214
205 465405 Q 64 8 9 59 9 61 533 15 117 158 30 17 76 463472 369 81 63 40 47 8 169
206 429849 S 109 66 49 55 70 207 43 113 54 163 31 100 114 51 165 428022 99 116 46 82 94
207 399824 L 125 49 50 42 123 125 102 331 75 397548 25 52 256 84 205 166 165 138 29 51 83
208 393093 Y 87 178 53 46 101 99 162 75 40 167 13 77 161 42 131 152 102 87 25 391202 93
209 372550 S 79 62 46 23 58 147 50 127 49 164 17 102 111 42 173 371004 95 75 20 46 60
210 316181 N 58 44 72 40 47 52 45 83 55 140 25 314875 110 29 96 132 95 72 9 43 59
211 308387 G 91 31 17 58 35 306587 42 67 33 92 17 40 86 40 163 89 92 231 24 32 520
212 319428 N 104 54 58 25 61 83 47 100 62 145 32 317764 143 52 149 200 110 82 21 67 69
213 332977 A 331601 45 194 31 40 98 30 63 45 84 6 43 99 23 71 217 107 101 11 35 33
214 335343 Y 43 56 32 28 38 38 116 5 19 40 13 38 8 15 30 43 12 34 26 334629 80
215 278434 V 92 41 38 15 56 76 24 90 27 104 13 34 74 33 77 99 85 277361 18 23 54
216 297732 S 67 58 41 44 49 77 17 57 52 115 24 55 189 19 104 296102 108 78 12 409 55
217 301758 V 95 31 29 69 22 78 28 117 30 128 11 24 67 20 80 99 61 300661 12 33 63
218 275839 A 274284 18 22 167 28 87 42 27 18 83 10 23 102 36 95 456 78 193 15 23 32
219 255194 S 62 52 42 30 75 95 60 51 32 116 16 34 150 38 124 253893 79 76 17 102 50
220 258491 S 112 49 47 55 53 96 50 90 37 162 21 65 227 54 144 256705 125 80 24 65 230
221 294137 N 132 40 81 49 48 100 92 98 79 181 33 292221 161 71 146 187 130 135 24 69 60
222 305029 Y 266 118 133 122 150 240 116 238 169 390 87 188 241 156 329 349 385 236 62 300850 204
223 289578 N 253 102 163 97 163 167 143 246 166 389 71 285467 300 158 344 423 344 211 38 149 184
224 280292 R 157 57 64 69 54 198 84 119 98 201 501 98 197 102 277190 581 171 126 57 81 87
225 299514 R 77 26 33 32 19 145 50 206 104 115 10 69 124 50 298007 158 114 48 7 31 89
226 314886 F 177 70 69 55 311824 125 125 196 95 576 36 84 290 71 214 279 187 166 27 116 104
227 335700 T 262 65 53 52 78 103 111 146 71 141 20 117 195 55 167 224 333539 100 36 84 81
228 344506 P 260 114 67 89 91 216 163 165 99 625 42 121 337718 1745 570 406 1491 198 57 115 154
229 345009 E 301 112 195 340209 143 384 158 204 205 427 60 124 239 128 422 398 304 324 78 145 449
230 335745 I 241 117 93 106 140 259 130 331851 124 378 187 142 310 129 320 349 258 235 17 128 231
231 313066 A 309268 112 223 90 106 240 140 164 104 308 44 138 322 108 298 563 288 247 38 125 140
232 293714 A 289989 114 104 227 112 253 113 177 104 297 36 115 184 105 330 371 487 245 51 128 172
233 326166 R 219 161 126 154 166 579 148 254 198 515 491 198 280 126 320655 719 296 320 119 183 259
234 366543 P 182 75 66 45 84 127 407 125 64 256 30 75 363517 77 230 325 517 134 23 81 103
235 371851 K 156 57 93 181 82 163 57 128 369097 273 11 90 218 127 252 227 204 151 44 107 133
236 395761 V 269 120 113 86 159 230 190 314 104 453 53 160 413 146 353 384 290 391507 45 186 186
237 377124 R 188 67 90 99 128 230 114 558 174 292 34 120 247 131 373614 301 288 132 21 110 186
238 370197 D 134 61 368055 74 46 148 101 110 58 186 23 99 217 72 148 178 164 133 16 102 72
239 372196 Q 237 107 107 114 142 188 144 264 188 399 55 150 288 367993 521 388 249 225 52 101 284
240 372641 H 76 32 32 26 20 56 371402 48 33 123 16 70 115 71 164 89 97 57 16 62 36
241 347344 G 66 14 19 73 20 344771 14 29 20 61 13 21 48 22 139 65 46 668 1180 22 33
242 344459 R 102 50 32 55 40 280 34 68 172 126 613 60 115 58 341968 312 118 103 54 37 62
243 342325 M 124 60 56 50 75 128 88 369 101 259 339707 82 193 86 193 185 201 183 42 51 92
244 369489 N 145 71 127 51 88 147 89 164 145 209 39 366891 188 54 212 258 193 153 29 125 111
245 362385 Y 148 129 75 70 110 165 141 172 93 311 59 112 179 93 212 200 183 185 38 359560 150
246 397447 Y 230 153 115 89 128 256 174 206 122 311 62 133 211 107 352 296 255 213 70 393703 261
247 360273 W 266 452 137 166 155 313 142 315 185 886 77 208 341 182 616 441 341 294 354191 161 404
248 337787 T 226 72 68 80 72 120 77 198 117 200 42 172 199 101 206 284 335124 112 36 116 165
249 343904 L 191 119 79 96 217 182 128 138 65 340885 74 77 278 84 237 356 209 189 49 78 173
250 354874 L 147 37 47 54 81 102 98 299 78 352555 39 81 269 97 211 190 116 173 14 88 98
251 378975 E 111 71 95 376535 71 129 86 98 124 181 44 83 158 89 160 201 140 137 18 98 346
252 367462 P 113 69 42 40 25 95 430 39 33 220 31 22 365332 61 209 246 218 93 35 34 75
253 378223 G 200 38 66 148 61 374816 55 120 51 229 38 72 175 54 454 161 155 552 43 32 703
254 370858 D 191 27 368018 161 53 131 127 71 46 241 35 97 362 93 169 186 159 195 21 425 50
255 395234 T 173 28 28 25 23 73 79 141 84 123 8 75 162 88 216 208 393564 36 4 59 37
256 431447 I 309 104 113 138 126 337 195 426369 119 550 141 199 405 183 485 416 398 349 109 129 273
257 448982 I 366 157 197 189 146 374 248 442918 220 576 113 233 495 209 627 551 411 333 91 236 292
258 399265 F 164 92 99 59 396150 131 92 188 120 396 50 113 222 78 252 352 213 175 46 144 129
259 382418 E 89 38 209 380220 27 263 43 39 96 136 34 30 149 57 163 91 84 98 37 43 472
260 347807 A 346634 16 9 260 22 59 21 15 9 77 1 9 118 43 81 141 122 113 7 18 32
261 396369 T 222 107 91 98 77 177 138 166 118 173 50 164 414 125 341 379 393060 118 63 101 187
262 398021 G 282 427 155 81 116 394430 152 94 70 308 35 104 288 95 296 335 219 309 51 89 85
263 407683 N 90 129 167 82 146 175 224 239 132 503 71 403270 236 146 458 500 340 195 67 243 270
264 425998 L 305 33 152 149 22 206 171 297 134 422293 42 137 529 173 317 245 278 223 47 92 153
265 417827 I 99 77 75 77 124 208 87 414710 127 313 173 117 215 104 266 245 211 237 65 124 173
266 409676 A 407653 47 36 202 37 137 51 49 25 134 35 51 178 19 139 415 210 150 25 26 57
267 396438 P 120 60 51 44 27 140 109 27 22 112 1 52 394428 524 197 180 154 43 20 68 59
268 394675 W 103 127 45 45 61 149 63 83 53 600 41 54 164 77 269 209 135 94 392020 71 212
269 384215 Y 143 107 64 88 120 113 185 160 102 307 58 143 211 81 163 241 191 176 46 381361 155
270 374143 A 369934 125 244 102 160 234 119 178 174 368 66 105 338 162 353 499 295 307 49 111 220
271 330534 F 140 73 77 46 327960 94 134 56 34 509 13 47 369 76 236 309 117 100 26 58 60
272 321692 A 319590 49 70 192 67 122 46 83 24 175 16 45 177 58 144 277 265 161 18 36 77
273 316857 L 103 43 46 41 59 86 93 77 60 314912 45 49 448 97 183 162 90 108 18 55 82
274 402830 S 224 110 95 76 153 234 159 269 115 392 43 210 431 90 304 399171 246 207 29 130 142
275 465649 R 197 144 127 154 217 283 170 901 230 475 53 193 495 144 459985 516 399 290 84 209 383
276 426747 G 240 98 138 172 117 421015 153 203 140 368 54 132 444 144 396 372 330 775 1192 122 142
277 414670 F 275 98 138 126 409243 296 255 264 180 616 70 174 502 201 387 576 299 391 95 208 276
278 520904 E 307 139 225 513785 204 668 173 423 370 513 97 288 381 211 444 511 453 466 78 232 936
279 520816 S 40 69 14 11 121 9 94 72 53 171 8 69 357 99 130 518758 164 34 18 434 91
280 531801 G 253 676 283 84 148 526236 220 202 119 428 29 157 450 129 415 875 287 431 47 156 176
281 527026 I 228 119 98 112 234 268 134 522992 158 406 77 174 268 119 317 289 284 308 45 146 250
282 552370 I 71 94 77 66 161 157 105 549827 77 242 51 173 87 54 182 198 199 244 36 112 157
283 545412 T 281 190 63 121 255 266 143 443 214 675 88 219 373 229 426 522 540035 304 100 144 321
284 546705 S 329 212 272 221 464 225 293 580 284 1017 96 333 637 232 384 537822 553 720 59 371 1601
285 566118 N 323 66 290 220 272 388 203 497 377 575 102 559520 369 189 500 621 476 486 52 270 322
286 485651 A 481770 55 113 556 98 82 93 264 154 284 42 137 145 94 177 742 279 288 28 121 129
287 495642 S 116 84 121 78 118 64 110 156 93 307 9 130 291 105 200 492681 219 96 22 154 488
288 533156 M 148 127 113 99 148 241 92 697 167 339 528735 153 257 117 333 367 316 294 60 162 191
289 523812 H 221 115 131 59 87 181 519738 201 114 336 46 438 347 154 418 304 248 179 42 286 167
290 351139 E 175 50 97 348236 84 200 82 121 127 178 24 67 213 75 168 220 171 147 27 78 599
291 391527 C 132 388234 61 57 146 207 58 170 73 296 41 127 186 88 269 371 184 269 52 312 194
292 373635 N 118 47 162 37 72 66 100 135 131 139 5 371396 215 65 154 324 174 109 2 102 82
293 337249 T 180 71 73 69 122 131 106 154 134 313 106 99 219 96 229 283 334435 149 21 111 148
294 337214 K 141 73 63 131 169 68 89 211 334399 313 78 142 165 82 230 213 233 146 31 94 143
295 344475 C 128 341652 64 54 172 135 114 122 77 284 31 92 214 79 231 303 138 192 48 187 158
296 349675 Q 23 38 6 50 25 59 44 47 315 166 32 24 97 348040 290 133 77 27 31 23 128
297 369203 T 156 46 46 49 67 99 59 179 85 162 28 68 179 55 137 185 367300 126 26 72 79
298 425215 P 73 42 39 20 54 44 594 63 35 231 18 29 423267 41 109 187 185 72 9 54 49
299 389291 Q 129 79 69 91 58 128 1225 94 1428 241 45 64 267 383992 522 213 157 133 37 80 239
300 392002 G 226 92 78 253 82 388079 88 25 87 316 13 56 283 89 331 295 186 727 53 94 549
301 438328 A 432603 202 329 47 231 181 209 264 162 553 84 190 433 155 524 753 462 426 90 171 259
302 592403 I 88 10 130 104 108 229 138 588626 260 417 122 171 361 166 338 191 372 287 11 105 169
303 597869 N 190 103 172 106 142 341 98 206 215 319 57 593862 253 73 312 391 297 218 92 199 223
304 550301 S 124 80 31 50 34 322 29 276 51 101 26 282 57 45 448 548068 79 105 9 24 60
305 539601 N 95 56 87 22 50 170 30 97 45 80 10 538233 45 17 134 162 58 113 11 43 43
306 542593 L 125 72 46 67 197 233 101 315 66 539844 24 60 382 66 273 196 127 170 56 67 106
307 490158 P 196 60 54 79 88 161 1805 115 87 364 17 76 484899 85 265 284 1179 143 27 66 108
308 491071 F 116 89 54 49 488467 107 58 139 70 657 26 59 117 53 191 338 111 138 33 84 115
309 483710 Q 149 59 78 121 65 174 307 129 1000 337 49 82 181 479432 556 229 169 183 72 77 261
310 490258 N 134 41 115 84 72 128 78 184 104 194 33 487959 150 78 187 249 133 106 23 86 120
311 466054 I 132 79 72 96 56 289 61 463411 120 236 156 90 119 56 257 207 207 163 52 88 107
312 463913 H 166 101 105 86 84 281 460405 147 102 318 52 148 204 169 386 250 154 220 61 336 138
313 383408 P 149 64 34 64 26 193 61 57 81 284 37 52 379239 1700 293 176 626 118 48 32 74
314 318391 V 275 122 113 73 181 304 116 214 96 295 54 125 307 99 332 346 210 314843 44 102 140
315 311745 T 259 125 93 115 125 213 164 233 192 432 34 108 252 150 364 292 308011 232 54 96 201
316 338580 I 178 79 66 71 103 144 134 335373 128 287 222 144 221 106 227 314 222 220 50 110 181
317 306150 G 232 98 121 120 86 302139 90 233 118 303 50 130 148 97 337 302 127 558 10 137 714
318 414527 E 274 174 127 409194 182 262 154 252 245 434 85 144 331 166 346 485 290 291 74 206 811
319 411886 C 159 408875 44 37 409 164 59 99 30 194 42 59 141 61 231 274 124 135 60 380 309
320 466415 P 167 81 81 69 118 153 96 128 74 384 14 88 462374 1105 262 329 513 112 39 107 121
321 499641 K 189 38 91 132 170 162 95 250 496367 301 25 181 200 93 263 351 185 226 11 111 200
322 513148 Y 256 111 140 103 143 227 146 220 151 429 65 118 293 129 332 360 297 256 43 509099 230
323 519483 V 242 136 121 76 212 163 130 288 142 372 25 174 272 130 307 400 314 515603 46 165 165
324 513464 R 245 199 118 125 222 603 160 247 240 551 1061 163 383 206 506586 1193 293 310 132 159 268
325 499195 S 335 285 179 145 235 523 222 291 181 573 70 340 372 151 599 493409 317 395 121 199 253
326 478470 T 205 47 41 32 56 156 35 157 60 194 37 108 186 37 125 242 476472 128 24 57 71
327 494105 K 160 110 74 167 104 248 73 138 490854 296 39 132 267 115 311 263 208 187 67 110 182
328 478175 L 314 180 134 141 862 381 138 255 161 472464 65 169 377 185 473 520 360 299 149 218 330
329 476506 R 230 136 99 123 86 599 71 97 225 228 889 73 198 117 472031 511 193 182 124 109 185
330 424417 M 164 84 76 75 65 247 112 593 62 274 421226 58 157 76 242 182 149 288 70 69 148
331 342577 V 187 74 91 51 96 218 59 172 41 179 27 48 151 48 182 153 115 340456 42 48 139
332 325017 T 151 54 63 68 38 101 43 214 149 85 15 92 131 57 123 145 323196 87 27 59 119
333 351304 G 141 46 54 93 60 348716 39 86 63 170 17 52 106 50 224 143 130 312 35 62 705
334 349064 L 144 53 73 62 88 184 112 184 81 346719 32 70 219 121 258 194 105 140 8 90 127
335 341813 R 42 29 26 49 33 134 29 184 79 65 19 41 42 17 340703 88 86 41 19 28 59
336 346182 N 97 59 78 36 55 151 53 122 95 136 33 344466 89 46 150 145 121 96 25 43 86
337 339707 I 56 38 34 26 41 109 34 338511 36 100 33 49 47 20 126 103 112 125 29 24 54
338 339176 P 104 38 39 40 36 144 48 74 44 192 31 50 335775 1312 146 158 679 91 24 52 99
339 331715 S 82 55 47 46 80 117 44 97 41 161 17 54 105 41 129 330041 123 77 40 202 116
340 370135 I 46 50 34 29 91 78 34 368855 40 106 22 61 63 32 90 105 117 115 21 48 98
341 364794 Q 105 46 31 54 48 109 60 78 271 174 32 55 120 362790 242 148 100 99 26 44 162
342 388162 Y 110 156 59 56 134 119 98 131 83 259 33 89 101 70 197 206 151 136 24 385684 266
343 393226 R 213 104 99 130 142 317 126 551 188 368 1 157 273 149 388945 485 273 207 56 112 330
344 437725 G 158 538 127 87 92 434533 95 158 86 233 33 76 190 86 254 286 138 280 14 82 179
345 458774 L 206 93 107 106 82 126 136 502 149 455080 50 162 271 147 303 248 302 218 48 167 271
346 500005 F 125 68 65 82 497148 103 84 227 122 400 40 105 178 88 205 272 165 173 43 123 189
347 431282 G 139 62 69 104 59 428308 43 70 62 160 30 67 110 58 254 151 118 577 34 52 755
348 432352 A 429283 38 301 43 40 142 52 57 32 126 12 42 111 54 100 1346 149 286 26 49 63
349 432246 I 166 92 75 93 124 164 73 429420 107 216 61 134 181 81 287 197 241 233 46 86 169
350 435849 A 430867 151 331 85 156 211 150 203 104 497 37 112 693 115 367 625 462 333 54 107 189
351 449549 G 375 446 161 82 40 446132 97 77 49 207 36 64 200 95 348 364 240 304 53 75 104
352 495486 F 542 230 287 243 487217 622 368 317 246 866 106 288 624 277 721 603 571 552 103 273 430
353 509748 I 370 161 198 205 225 404 259 502458 298 829 135 333 627 261 658 637 568 379 89 335 319
354 465119 E 293 145 1498 457763 147 553 149 191 258 392 71 181 147 147 632 386 313 291 105 170 1287
355 461986 G 469 182 178 323 110 453292 205 267 108 504 93 157 539 159 608 480 409 1909 1577 136 281
356 407508 G 360 122 536 315 144 400786 111 219 165 358 60 110 505 145 743 429 354 511 79 87 1369
357 382267 W 318 386 107 119 120 611 176 167 126 873 316 140 544 145 638 431 331 260 375828 108 523
358 333783 T 431 124 205 114 101 295 177 233 182 407 80 236 487 181 492 491 328844 276 78 131 218
359 340356 G 259 31 102 194 24 336898 106 72 57 213 21 42 262 91 341 142 104 452 23 24 898
360 276328 M 165 83 67 174 165 203 94 403 164 397 272406 148 165 137 423 264 202 286 61 96 225
361 328620 I 308 140 146 193 160 273 119 323406 248 424 238 208 393 149 532 527 376 287 94 125 274
362 301594 D 90 64 299552 51 72 141 94 67 28 204 21 78 137 84 190 163 45 145 31 212 125
363 366362 G 213 136 107 94 64 363498 115 62 38 56 7 88 151 23 272 217 150 323 16 118 614
364 413708 W 213 181 80 96 151 200 134 152 98 930 76 88 280 124 371 379 208 248 409066 119 514
365 462247 Y 171 140 95 56 133 101 269 156 75 323 48 141 288 72 268 279 198 171 23 459110 130
366 463351 G 140 384 62 66 53 461203 26 38 39 171 40 15 80 78 238 193 76 236 69 45 99
367 434948 Y 188 117 47 53 83 209 146 30 47 186 7 35 135 71 229 159 86 93 64 432795 168
368 439255 H 105 85 54 56 109 136 436715 110 95 274 27 216 141 132 292 162 84 87 52 161 162
369 420470 H 144 65 68 54 83 147 418064 120 59 244 24 147 170 110 256 158 118 119 36 137 147
370 414835 Q 126 59 42 85 97 154 247 116 210 299 35 50 135 411989 343 211 120 146 46 56 269
371 414162 N 159 61 93 99 63 239 31 119 114 162 34 411854 51 45 180 306 110 163 57 70 152
372 401293 E 138 52 96 398847 50 205 57 112 129 155 45 77 133 85 168 200 158 163 37 72 314
373 367383 Q 100 51 43 58 63 114 1151 77 109 197 21 70 177 364234 293 134 127 81 31 54 198
374 380537 G 131 83 100 144 79 377564 101 132 106 248 36 102 155 85 306 268 159 250 31 81 376
375 350386 S 121 59 69 90 71 179 97 129 100 381 47 111 273 122 236 347523 210 136 46 111 275
376 382967 G 160 499 192 101 74 379212 92 162 117 322 54 73 242 114 336 313 180 356 89 94 185
377 376861 Y 234 148 138 108 120 267 218 226 156 412 67 137 365 138 381 349 298 228 57 372580 234
378 355203 A 348979 208 150 330 90 391 146 263 206 485 69 224 358 171 497 750 516 736 94 172 368
379 345136 A 339181 195 118 385 153 337 177 259 234 458 92 174 223 193 529 955 321 577 82 159 334
380 343664 D 202 107 340650 98 81 302 95 131 68 257 45 134 191 80 223 228 132 240 78 169 153
381 352641 Q 170 140 108 108 160 271 90 217 197 352 46 135 174 348177 392 896 224 255 55 178 296
382 378582 K 256 116 92 112 130 210 81 156 375015 354 53 127 252 187 308 289 217 212 50 130 235
383 383472 S 258 93 72 67 50 375 65 265 66 197 24 181 160 62 398 380623 140 145 51 60 120
384 399715 T 355 145 105 128 97 240 137 224 161 451 66 97 386 151 437 371 395463 279 86 99 237
385 417998 Q 374 212 137 181 150 390 196 195 178 480 66 118 414 412718 635 463 266 326 76 103 320
386 412513 N 148 60 107 87 82 175 53 195 122 255 86 409883 87 62 186 268 130 202 49 87 189
387 394839 A 391777 81 289 53 45 215 30 98 73 147 26 84 202 33 187 811 191 293 39 66 99
388 359764 I 246 134 117 126 113 309 121 356196 86 292 62 103 215 92 378 302 184 279 68 141 200
389 359209 N 253 92 158 106 170 166 90 260 175 399 32 355352 242 102 225 401 230 303 26 178 249
390 284546 G 121 58 56 80 43 281122 49 100 42 175 29 48 84 47 235 127 72 660 1223 56 119
391 289671 I 144 92 51 27 127 100 68 287573 43 216 37 68 134 58 166 192 106 237 25 88 119
392 212488 T 230 98 72 67 105 139 86 209 106 301 36 94 165 82 224 186 209813 169 55 84 167
393 256194 N 152 101 83 28 97 129 67 130 129 225 23 253859 112 55 209 243 124 161 53 103 111
394 259733 K 109 84 70 104 91 158 81 113 256875 230 43 490 150 92 281 228 116 150 50 88 130
395 312660 V 316 178 129 138 181 359 109 236 179 574 64 156 249 136 414 406 220 308056 98 150 312
396 312719 N 101 62 82 27 50 62 68 100 64 138 7 311194 102 40 124 161 76 85 23 70 83
397 341552 S 59 60 27 11 69 59 36 43 10 71 2 25 148 21 88 340165 78 39 19 447 75
398 358074 V 116 75 66 47 94 161 55 134 27 145 4 29 89 57 152 96 77 356460 34 32 124
399 357685 I 138 70 41 57 80 141 49 355493 54 222 23 79 160 57 240 192 142 200 54 52 141
400 352623 E 112 67 171 350594 13 250 38 7 155 51 3 32 128 59 141 166 79 72 45 36 404
401 348213 K 81 15 44 93 31 115 42 75 346866 114 26 47 63 41 129 112 83 92 12 34 98
402 353150 M 100 52 39 83 57 233 43 356 87 212 350716 49 120 59 184 164 132 173 47 71 173
403 337262 N 146 75 111 57 61 167 55 107 118 171 31 335247 128 42 154 161 108 140 37 56 90
404 327350 T 125 45 47 49 70 154 61 121 49 204 20 83 120 47 183 218 325364 134 42 62 152
405 326719 Q 98 65 70 110 77 179 81 96 432 232 36 67 121 323911 338 159 88 169 50 75 265
406 305702 F 69 69 59 40 303747 178 44 112 44 432 22 43 57 34 143 131 57 131 48 83 159
407 250104 T 91 3 16 16 12 34 24 124 49 37 9 20 73 31 122 80 249282 17 7 16 41
408 194288 A 192993 31 212 34 30 154 15 33 23 78 17 23 60 23 105 207 70 71 22 20 67
409 185190 V 97 26 36 38 39 159 33 37 27 105 50 35 94 35 143 96 56 183950 38 18 78
410 168681 G 62 184 100 39 18 167642 21 22 27 44 12 6 47 27 118 78 38 110 21 15 50
411 134324 K 49 6 34 43 15 77 18 36 133466 87 21 33 73 29 83 47 51 63 19 16 58
412 121443 E 40 19 24 120675 12 116 12 25 25 50 15 13 39 12 78 49 22 69 21 7 120
413 108625 F 34 37 27 34 107611 108 28 45 31 174 20 29 37 21 81 92 31 62 17 36 70
414 118251 N 37 36 74 20 39 85 16 41 33 73 13 117324 42 30 81 97 37 56 20 36 61
415 125506 N 50 29 38 26 33 61 23 49 34 93 13 124608 27 24 83 90 43 62 13 33 74
416 135600 L 46 26 9 18 34 29 12 36 12 135008 7 10 30 10 60 73 32 48 11 28 61
417 148790 E 25 24 20 148116 21 29 15 21 82 51 12 23 21 15 80 33 19 42 12 17 112
418 160533 K 33 29 24 43 23 50 6 43 159848 47 12 28 36 17 69 61 32 46 9 21 56
419 161458 R 13 12 11 8 6 416 9 7 161 20 344 4 10 7 160241 97 21 18 21 5 27
420 148673 M 19 9 35 6 7 26 11 329 15 40 147931 10 18 12 35 22 30 50 28 12 28
421 166774 E 23 14 20 166136 13 97 13 12 53 27 4 15 29 14 43 37 20 47 11 16 130
422 152362 N 16 12 23 9 10 41 22 32 31 33 2 151918 18 16 43 38 13 29 7 18 31
423 156089 L 5 7 4 6 44 15 18 24 19 155682 1 20 15 17 37 55 23 12 5 19 61
424 161826 N 33 3 23 8 13 18 16 39 37 53 3 161336 58 11 39 41 22 23 2 20 28
425 168867 K 51 34 31 22 63 41 52 118 167384 146 9 70 130 36 130 159 127 38 21 61 144
426 156671 K 86 28 33 38 31 50 37 38 155609 79 4 40 74 42 100 102 85 58 18 29 90
427 168743 V 55 14 32 23 32 38 22 55 39 77 18 25 34 21 62 78 44 167972 6 23 73
428 162012 D 76 31 160678 45 51 121 51 57 40 127 16 68 75 23 92 115 95 91 12 102 46
429 156509 D 55 22 155619 39 19 74 33 33 25 55 7 36 60 25 54 65 70 53 15 74 76
430 157746 G 45 31 12 58 26 155798 32 42 43 81 11 53 61 30 136 87 70 233 779 32 86
431 147147 F 50 26 14 15 146426 19 29 30 25 72 10 19 59 25 44 82 56 46 12 22 66
432 147567 L 57 17 14 27 25 72 32 29 30 146643 68 30 149 26 76 69 59 42 24 13 65
433 126883 D 45 12 126127 30 21 75 29 21 16 57 4 36 46 17 45 54 53 41 5 111 38
434 127712 I 25 17 19 25 27 50 29 127037 19 53 3 21 43 23 72 63 59 57 11 17 42
435 126760 W 44 115 22 17 21 65 20 22 30 224 4 17 61 21 96 65 38 27 125713 37 101
436 128700 T 77 7 12 17 13 31 10 58 38 37 5 19 46 12 50 48 128150 30 5 6 29
437 172824 Y 39 47 7 9 56 30 40 37 20 73 6 20 29 11 46 52 35 34 12 172150 71
438 169529 N 65 33 47 20 32 48 36 64 29 74 21 168570 51 21 79 97 57 49 10 40 86
439 174582 A 173780 21 11 102 29 39 15 28 19 39 5 26 38 19 59 112 79 85 12 15 49
440 195610 E 57 17 37 194590 27 61 32 38 58 67 14 29 34 24 75 62 57 58 7 48 218
441 191326 L 30 31 24 22 59 49 15 42 31 190588 25 24 28 13 51 86 37 45 14 38 74
442 260831 L 36 21 21 15 42 42 18 69 41 260065 9 37 27 23 63 107 43 42 15 28 67
443 260597 V 70 18 28 25 49 52 17 42 22 72 14 22 38 17 54 60 31 259874 11 25 56
444 269436 L 81 47 41 64 37 95 46 178 55 267878 21 51 134 68 152 140 82 62 22 48 134
445 283247 L 34 26 16 17 23 43 26 23 16 282424 48 13 189 50 68 59 40 47 17 13 55
446 281450 E 57 21 35 280334 24 142 20 32 40 76 14 23 49 23 66 60 36 69 17 13 299
447 284294 N 56 29 53 15 36 43 25 52 33 82 23 283343 46 20 83 90 45 65 28 39 88
448 302484 E 37 24 47 301586 19 110 10 39 89 31 12 36 11 22 33 43 26 61 5 23 220
449 310202 R 63 43 21 22 40 248 25 47 119 115 338 24 64 28 308448 210 52 73 73 40 109
450 298746 T 123 53 49 40 51 63 47 95 36 119 15 68 76 49 103 116 297350 74 26 63 130
451 299651 L 79 44 33 44 496 97 31 47 32 297996 29 22 54 29 122 144 51 96 61 37 107
452 276726 D 59 26 275764 45 21 138 18 33 13 59 16 42 24 26 72 56 20 65 17 143 69
453 228300 F 43 19 7 11 227541 47 13 38 16 239 0 14 26 19 40 85 29 40 15 20 38
454 212686 H 56 19 38 5 13 29 211549 17 2 79 3 383 50 37 142 71 29 53 9 59 43
455 209278 D 67 33 208257 68 35 114 20 34 23 72 5 48 20 14 73 76 38 90 27 102 62
456 214785 L 70 27 27 18 45 68 24 50 18 213948 5 25 52 15 71 101 36 44 20 29 92
457 197770 N 61 23 35 14 37 62 16 36 30 80 23 196897 50 20 73 95 40 54 23 29 72
458 191281 V 70 40 23 50 26 90 10 30 38 86 46 23 26 17 70 50 33 190430 16 25 82
459 192379 K 65 42 23 70 29 87 18 41 191186 79 35 145 32 30 148 79 67 59 32 19 93
460 189653 N 31 18 28 13 19 42 24 38 40 62 8 189038 28 8 52 52 34 32 2 33 51
461 189706 L 19 11 12 20 7 30 6 27 30 189179 70 20 49 27 42 27 34 41 6 12 37
462 193205 Y 34 83 28 16 57 53 41 53 30 70 5 49 43 23 58 66 51 50 17 192243 135
463 190726 E 36 20 101 189694 30 78 18 27 72 49 2 19 24 30 54 51 49 61 12 18 281
464 178758 K 18 19 7 37 16 26 7 37 178315 44 2 20 11 7 53 35 18 29 5 10 42
465 186040 V 46 14 23 35 15 45 12 56 21 68 0 17 26 15 42 47 22 185464 9 17 46
466 181577 K 23 11 13 29 18 33 7 30 181080 44 2 20 21 5 50 39 25 33 5 29 60
467 200532 S 93 25 25 26 15 107 22 508 24 73 1 44 31 18 243 199073 55 48 11 29 61
468 199257 Q 74 43 26 36 31 57 46 47 366 100 4 39 64 197821 125 78 60 82 14 34 110
469 208956 L 31 16 23 21 50 26 20 52 23 208284 6 18 33 22 46 68 24 40 18 33 102
470 219424 K 44 29 13 67 34 84 18 52 218313 77 14 150 30 21 145 73 50 62 31 36 81
471 228557 N 62 40 64 31 49 92 34 68 46 117 11 227348 38 15 84 114 39 89 23 66 127
472 234928 N 76 46 85 23 45 106 39 75 52 107 20 233424 58 34 132 189 76 111 20 50 160
473 250355 A 247926 70 172 44 97 119 43 110 67 175 16 68 86 46 127 579 199 199 18 78 116
474 263427 K 107 68 30 72 94 66 34 117 261469 203 40 59 94 72 147 167 107 128 34 77 242
475 264735 E 83 44 47 263150 68 121 31 82 103 141 20 42 38 33 84 119 59 147 20 61 242
476 268919 I 58 57 36 29 68 57 27 267701 39 133 26 77 27 27 74 127 79 78 20 55 124
477 262700 G 94 54 41 79 53 260440 54 78 41 157 16 32 44 33 280 125 52 277 30 42 678
478 252906 N 52 46 40 19 71 30 46 95 61 172 27 251554 91 32 106 123 51 73 14 54 149
479 261507 G 80 35 31 54 27 259595 36 56 46 99 29 20 41 25 134 88 44 330 617 37 83
480 257893 C 66 256482 31 45 73 82 26 64 30 126 12 32 60 44 113 122 48 112 34 159 132
481 269656 F 83 31 37 36 267957 12 63 84 37 291 14 52 114 71 151 168 117 88 22 77 151
482 274561 E 98 61 58 272205 47 401 32 80 105 134 14 40 59 46 162 141 97 141 52 45 543
483 258761 F 78 56 26 31 257265 100 31 80 36 291 7 33 53 42 85 151 60 93 51 50 142
484 277852 Y 90 134 66 57 98 272 173 82 39 274 40 62 141 54 238 184 73 173 60 275313 229
485 263639 H 82 58 62 47 50 226 261557 49 26 190 24 362 78 84 181 104 61 148 45 89 116
486 310291 K 99 42 42 110 59 163 35 70 308467 156 39 74 75 51 206 109 101 150 31 43 169
487 281186 C 65 279714 54 35 89 75 40 69 37 138 33 38 63 24 133 150 68 99 33 106 123
488 284288 D 88 43 282499 92 50 263 52 69 48 130 25 117 51 26 94 107 56 157 34 197 90
489 290706 N 70 39 64 44 47 91 33 74 60 131 18 289306 75 44 134 134 62 105 35 50 90
490 292322 E 76 45 77 290657 49 240 20 57 94 105 31 37 57 43 106 100 48 143 31 43 263
491 291296 C 44 290368 12 21 118 80 16 25 10 47 13 16 20 12 64 88 28 44 32 92 146
492 306185 M 82 46 31 18 39 64 30 577 58 127 304370 23 54 33 112 101 96 160 34 27 103
493 292924 E 91 51 57 291204 49 150 47 65 61 140 23 34 96 60 85 132 74 133 26 50 296
494 275435 S 74 59 35 27 35 146 24 66 16 80 22 47 40 12 109 274359 56 83 33 34 78
495 305849 V 96 51 34 55 50 105 15 164 33 157 23 46 9 18 63 81 39 304672 12 38 88
496 279634 R 67 37 36 39 32 190 24 154 60 97 23 28 39 19 278419 90 51 78 20 32 99
497 273456 N 76 57 49 36 73 97 40 81 77 165 27 271840 91 44 115 155 95 125 19 66 128
498 273033 G 55 29 16 52 25 270999 22 30 35 69 10 18 43 27 150 88 39 484 742 25 75
499 262711 T 66 19 17 21 38 36 24 51 19 61 5 52 27 18 43 65 262002 51 19 20 57
500 250793 Y 57 63 22 35 40 108 87 28 24 100 23 24 51 24 72 66 43 81 36 249708 101
501 265559 D 53 36 264660 36 23 119 19 40 13 65 7 32 20 13 75 48 32 61 15 137 55
502 263984 Y 41 58 35 16 46 95 52 38 14 82 8 26 28 18 54 72 41 58 16 263099 87
503 289800 P 78 42 19 43 55 116 27 47 29 157 9 41 287985 505 136 141 158 63 34 42 73
504 299184 K 94 47 37 79 30 175 21 58 297753 114 30 82 50 27 155 99 51 102 37 41 102
505 298989 Y 37 43 19 17 36 63 30 31 10 52 7 26 23 10 38 47 21 63 11 298347 58
506 304314 S 33 31 11 16 40 66 16 28 18 133 17 30 67 19 79 303247 44 34 27 27 331
507 287804 E 37 15 44 286952 22 123 23 18 50 47 9 14 22 27 72 39 22 62 12 19 175
508 268468 E 82 45 47 267186 39 115 25 52 45 103 18 23 64 26 102 90 44 109 25 39 189
509 276510 S 55 49 35 36 77 80 28 65 23 174 8 39 66 19 70 275270 64 97 26 53 176
510 261539 K 41 31 13 47 31 72 16 33 260643 104 19 38 48 23 110 75 40 59 20 31 45
511 263931 L 38 23 24 15 231 60 10 20 15 263039 30 10 35 15 52 94 29 82 29 21 59
512 275145 N 71 45 82 24 75 89 48 89 67 130 6 273788 57 21 64 224 62 105 3 63 32
513 247573 R 107 73 55 16 85 198 33 107 61 200 932 40 73 46 244302 763 95 131 55 82 119
514 332209 E 123 85 68 329486 126 666 50 80 149 236 20 37 100 57 111 135 46 185 36 60 353
515 307818 K 78 69 44 103 57 127 27 83 305679 167 43 163 76 50 525 147 87 123 30 46 94
516 348756 I 91 80 63 41 90 106 33 346734 57 223 220 39 115 46 135 163 121 174 54 51 120
517 352646 D 130 46 350399 75 103 194 77 98 46 232 15 93 111 47 147 219 113 149 29 233 90
518 318970 G 78 58 21 66 57 316360 26 95 41 162 11 36 80 39 224 116 75 591 26 35 773
519 332829 V 124 34 30 43 32 110 31 58 26 150 63 30 84 13 73 84 72 331683 16 20 53
520 376257 K 127 52 50 94 52 135 55 101 374261 156 22 116 128 77 220 160 142 101 27 66 115
521 362347 L 59 32 23 34 677 72 25 57 25 360678 38 30 99 36 83 124 59 69 23 25 79
522 380414 E 75 35 58 378706 39 140 34 61 105 100 16 39 107 45 92 120 74 101 22 44 401
523 379757 S 84 25 29 27 41 57 24 70 25 135 7 39 113 40 79 378531 93 60 13 46 219
524 419346 M 145 72 57 58 81 179 61 1553 130 264 415281 147 126 82 215 232 199 187 48 67 162
525 430212 G 147 52 54 310 48 424781 51 73 70 124 21 41 92 61 232 119 113 1961 1718 32 112
526 405050 V 236 109 84 115 100 228 68 103 80 350 176 78 130 66 180 187 125 402303 43 79 210
527 426414 Y 146 152 87 72 132 221 292 196 83 245 34 111 163 86 192 257 160 189 36 423289 271
528 410123 Q 73 39 35 58 55 67 223 55 281 176 19 54 152 407850 418 116 101 82 19 64 186
529 347387 I 57 25 36 28 63 79 32 346218 39 82 29 56 89 31 89 112 132 84 9 38 59
530 336093 L 161 54 37 42 52 129 77 63 50 333725 252 51 455 79 159 221 190 103 47 45 101
531 312399 A 307981 92 86 933 161 266 129 135 74 308 36 83 324 91 218 489 224 388 57 115 209
532 373301 I 8 20 5 3 66 22 21 372824 2 50 10 33 27 4 22 47 42 58 1 14 22
533 437952 Y 24 60 42 8 70 18 233 23 12 71 5 62 56 14 29 74 59 25 11 436985 71
534 474068 S 37 11 8 3 20 27 11 11 11 94 17 9 148 9 22 472645 85 29 6 6 859
535 477051 T 93 16 12 17 25 49 20 119 22 71 5 69 48 13 35 122 476206 38 7 27 37
536 461327 V 321 142 137 137 230 298 99 272 100 482 81 103 235 146 311 325 218 457122 81 142 345
537 487993 A 482370 108 587 104 154 264 81 130 84 300 56 115 230 91 230 1850 521 300 46 121 251
538 475617 S 118 128 72 71 94 273 89 179 92 219 42 174 126 73 273 472911 182 136 49 101 215
539 443593 S 146 61 61 68 74 184 69 113 47 344 35 62 215 61 200 440976 185 155 24 80 433
540 444309 L 179 80 73 71 97 217 91 114 75 441451 101 80 288 109 287 286 179 156 75 87 213
541 456305 V 256 135 97 160 145 305 135 175 132 471 130 82 375 114 389 341 304 452035 74 163 287
542 467123 L 668 141 135 136 324 355 200 465 159 461432 67 111 648 222 409 416 332 313 64 203 323
543 418652 L 100 20 18 55 400 89 20 40 53 416634 61 19 84 61 106 160 84 99 341 26 182
544 431864 V 228 89 102 45 154 194 65 113 68 259 29 63 158 64 186 221 179 429344 44 100 159
545 416654 S 119 84 47 56 191 95 83 96 36 244 16 64 329 80 191 413896 161 100 26 628 112
546 528844 L 241 125 124 115 192 300 122 239 117 522030 2236 121 1028 129 399 356 235 319 136 110 170
547 521952 G 171 68 50 314 69 516605 45 78 28 165 35 52 111 48 306 215 125 1563 1700 75 129
548 439999 A 435767 137 59 434 152 309 39 220 75 351 58 86 210 106 271 453 490 418 58 100 206
549 454783 I 115 73 50 41 124 116 71 452461 64 241 54 111 121 51 185 182 269 200 36 95 123
550 462004 S 68 76 44 31 54 197 53 134 70 159 24 120 95 41 182 460208 122 100 17 100 109
551 495039 F 151 119 64 54 491631 159 95 227 119 629 45 108 174 99 271 360 191 183 52 151 157
552 496531 W 262 388 98 108 130 269 126 150 86 1231 51 101 246 110 465 353 242 227 491407 98 383
553 470610 M 207 95 63 72 109 186 97 297 147 315 467043 99 186 124 301 294 304 325 66 99 181
554 449985 C 89 448230 43 33 123 114 48 80 33 150 26 33 79 32 207 149 91 103 31 185 106
555 476054 S 105 43 45 69 107 138 53 87 58 138 18 58 164 35 200 474140 107 85 36 308 60
556 475131 N 41 45 88 58 43 96 36 88 124 58 40 473529 83 48 165 200 112 65 12 84 116
557 409940 G 108 30 40 114 37 406740 40 53 71 82 15 61 101 70 322 160 99 469 1167 46 115
558 389327 S 115 43 50 58 68 100 41 48 70 84 15 47 149 52 134 387579 146 87 24 300 117
559 406778 L 95 70 96 89 291 210 47 99 108 404305 46 72 90 62 245 279 131 205 46 63 129
560 364383 Q 49 17 19 76 26 87 84 33 179 77 15 45 50 362577 242 84 54 58 24 21 566
561 251385 C 51 250200 25 13 108 41 18 28 22 67 8 26 39 16 98 134 38 41 23 218 171
562 294780 R 55 17 49 53 34 168 26 214 81 78 15 38 33 35 293403 108 66 135 20 41 111
563 341474 I 42 22 34 36 42 104 21 340068 77 135 63 51 52 49 136 108 126 144 29 55 80
564 343879 C 74 342373 34 31 162 117 30 40 36 74 11 19 44 23 175 136 50 61 49 149 191
565 314591 I 82 28 34 38 46 143 26 313285 47 98 38 58 59 38 163 97 61 137 35 31 47
