# amino-acid counts among definitively called codons
# POSITION TOTAL_COUNTS WT N_A N_C N_D N_E N_F N_G N_H N_I N_K N_L N_M N_N N_P N_Q N_R N_S N_T N_V N_W N_Y N_STOP
1 716303 M 1 0 0 0 0 0 4 141 80 54 715784 0 0 0 5 0 106 127 1 0 0
2 680296 A 679949 0 0 39 0 33 1 0 0 0 0 0 9 0 4 24 50 187 0 0 0
3 712986 S 14 12 0 0 70 0 0 0 0 1 0 0 135 0 0 712670 34 7 0 43 0
4 716864 Q 0 0 0 18 0 0 55 0 70 39 0 0 23 716421 138 1 1 0 2 1 95
5 653604 G 18 45 104 0 0 653285 0 0 0 1 0 0 0 1 11 117 0 22 0 0 0
6 581054 T 107 0 0 0 0 0 8 52 0 2 0 15 8 1 0 49 580812 0 0 0 0
7 580165 K 0 0 0 67 0 0 0 19 579911 0 0 65 0 23 55 0 8 0 0 0 17
8 509682 R 0 0 0 0 0 14 0 0 0 24 0 0 15 75 509430 1 3 0 120 0 0
9 526761 S 17 10 0 0 39 0 0 0 1 1 0 0 71 1 0 526552 28 2 0 38 1
10 572051 Y 0 91 6 0 18 0 136 0 0 11 11 3 0 0 2 6 1 0 0 571672 94
11 513733 E 1 2 45 513394 0 88 0 0 106 0 5 5 0 19 0 1 1 44 0 0 22
12 479742 Q 0 0 0 13 0 0 26 0 44 40 0 1 16 479434 90 0 2 0 1 0 75
13 591121 M 0 0 11 1 0 0 0 170 51 47 590694 1 0 2 5 0 74 63 2 0 0
14 581904 E 3 0 18 581598 0 114 0 0 79 0 0 0 0 25 0 0 6 28 0 0 33
15 548360 T 71 0 0 0 0 0 0 31 0 14 0 40 13 2 0 43 548146 0 0 0 0
16 619087 D 5 1 618726 79 0 96 20 0 0 0 4 66 1 0 2 0 2 41 0 29 15
17 612333 G 15 0 0 64 0 612063 0 0 0 2 0 0 1 0 79 0 0 44 65 0 0
18 603623 E 9 0 30 603229 0 153 0 0 132 1 0 5 0 18 0 0 0 34 0 0 12
19 612274 R 1 135 0 0 0 11 214 0 0 40 0 0 29 0 611810 32 1 1 0 0 0
20 624178 Q 0 1 0 16 0 0 38 0 23 33 0 0 765 623008 220 0 0 1 0 1 72
21 595195 N 0 0 85 2 0 0 3 45 35 0 4 594885 0 0 0 88 16 1 0 31 0
22 604927 A 604520 2 0 41 0 19 0 0 0 0 0 0 14 4 0 36 166 122 0 0 3
23 633564 T 102 0 1 0 0 1 0 26 0 2 0 45 5 2 0 57 633321 1 0 0 1
24 603359 E 13 0 42 602958 2 128 0 0 115 3 0 0 0 16 6 0 2 49 1 0 24
25 538629 I 0 0 1 0 36 1 0 538374 0 5 18 43 0 1 1 6 75 68 0 0 0
26 578474 R 0 0 0 3 0 156 1 23 109 3 0 0 0 0 578081 32 8 0 0 0 58
27 551571 A 551256 0 1 35 0 19 0 1 0 0 0 0 11 0 0 36 96 116 0 0 0
28 596973 S 9 13 0 0 36 0 0 1 0 0 0 0 94 0 1 596719 53 0 0 46 1
29 577102 V 81 1 50 0 17 2 0 163 1 6 0 0 1 0 3 1 1 576774 1 0 0
30 606271 G 19 0 1 102 0 605824 0 0 0 0 0 0 0 2 228 2 0 42 51 0 0
31 606745 K 0 0 0 106 0 2 0 0 606365 0 38 51 0 0 117 0 21 0 0 0 45
32 597051 M 0 0 3 0 0 0 0 141 59 49 596632 3 0 0 5 1 82 75 0 1 0
33 604235 I 0 1 5 2 39 1 0 603943 0 2 10 41 0 0 0 7 87 94 0 1 2
34 601506 D 3 1 601104 51 0 117 12 0 0 0 7 127 0 1 0 0 0 59 0 24 0
35 547217 G 16 0 0 75 0 546938 1 1 2 2 0 1 1 0 115 0 0 32 0 0 33
36 580694 I 0 0 0 1 21 0 0 580448 0 13 13 45 1 1 0 7 58 86 0 0 0
37 549090 G 29 0 9 44 0 548831 0 0 0 0 0 0 0 0 97 0 0 34 0 0 46
38 504985 R 0 0 0 2 0 9 0 0 0 23 0 0 13 127 504718 0 1 0 0 0 92
39 554944 F 1 16 0 0 554629 0 0 33 0 142 0 1 2 0 0 73 0 7 0 40 0
40 537653 Y 0 95 7 0 43 0 184 0 0 0 0 46 0 0 0 10 7 0 0 537213 48
41 486273 I 0 0 0 1 38 0 2 486028 0 11 12 34 0 1 0 10 72 64 0 0 0
42 479915 Q 0 0 0 17 0 0 16 0 48 26 0 0 9 479667 83 0 0 0 0 0 49
43 465336 M 0 1 0 0 0 0 1 114 18 31 465071 0 0 1 2 0 43 54 0 0 0
44 509781 C 0 509421 0 0 25 10 0 1 0 0 0 0 0 0 98 73 0 0 19 90 44
45 491855 T 71 0 0 0 0 0 0 37 0 0 0 27 6 1 0 56 491656 1 0 0 0
46 537503 E 7 0 54 537253 0 72 0 1 59 1 0 1 0 17 4 0 0 17 0 0 17
47 631079 L 0 0 0 0 44 0 21 34 0 630808 0 0 121 1 9 1 28 11 1 0 0
48 636778 K 0 0 0 84 0 0 0 22 636426 0 1 79 0 5 75 0 7 0 0 0 79
49 628213 L 0 0 1 0 49 1 29 20 1 628012 0 0 78 1 3 3 6 9 0 0 0
50 625587 S 0 38 0 0 0 136 0 30 0 1 0 36 1 3 77 625260 5 0 0 0 0
51 699630 D 3 0 699215 66 0 130 14 0 0 0 0 88 0 0 0 0 0 73 0 37 4
52 749137 Y 0 119 5 0 35 0 136 3 0 7 11 16 0 0 0 4 0 0 0 748718 83
53 715470 E 12 0 115 714958 0 173 0 0 116 0 2 0 0 4 6 0 0 44 1 0 39
54 646370 G 16 2 0 115 0 646024 0 0 0 1 0 0 0 0 139 1 0 26 46 0 0
55 608333 R 0 0 23 0 0 146 0 0 0 45 0 0 17 186 607760 0 1 1 0 0 154
56 603831 L 0 0 0 0 0 0 0 0 0 603600 22 0 133 43 11 0 0 21 0 0 1
57 640260 I 0 2 0 0 41 1 0 639977 0 5 11 49 0 0 0 4 94 76 0 0 0
58 616577 Q 0 0 0 14 0 1 31 0 35 44 0 1 15 616244 122 1 0 0 0 0 69
59 591194 N 0 0 64 0 0 0 4 37 45 0 0 590889 0 0 2 100 5 0 0 47 1
60 468922 S 0 11 0 0 0 57 0 25 0 6 1 42 0 0 41 468731 8 0 0 0 0
61 468934 L 0 1 0 1 42 0 0 29 0 468686 0 0 4 0 0 113 0 9 0 0 49
62 434355 T 63 1 1 0 1 0 0 50 28 0 1 6 8 7 9 40 434139 0 1 0 0
63 459650 I 1 1 0 2 0 0 0 459307 27 25 103 0 6 4 20 1 77 74 0 0 2
64 474604 E 3 0 38 474364 0 84 1 0 40 1 0 0 0 12 1 4 0 18 1 0 37
65 457686 R 0 0 0 6 0 100 0 14 61 2 0 2 1 1 457421 27 7 1 0 0 43
66 479530 M 0 0 1 1 0 0 0 91 41 33 479212 6 0 0 5 0 73 67 0 0 0
67 464176 V 84 0 0 55 0 14 0 3 0 27 93 0 0 0 1 0 0 463899 0 0 0
68 506358 L 0 2 0 1 51 0 36 40 0 506101 0 0 96 0 8 1 1 20 0 1 0
69 528305 S 8 20 0 0 35 0 0 0 0 1 0 0 92 1 1 528064 42 0 0 39 2
70 563088 A 562687 3 36 0 1 11 0 1 0 3 0 2 8 0 1 36 222 77 0 0 0
71 545507 F 0 6 0 0 545245 0 0 26 0 138 0 0 0 0 0 48 1 10 0 28 5
72 545333 D 5 1 545022 36 0 106 11 0 0 0 0 71 0 0 1 0 18 42 1 17 2
73 502559 E 1 0 14 502249 0 85 0 0 145 0 0 0 0 13 1 1 0 31 0 0 19
74 513506 R 1 0 0 6 0 136 0 25 88 0 0 0 0 0 513154 53 10 0 0 0 33
75 525342 R 0 0 0 2 0 89 0 0 90 0 28 0 0 0 525044 46 10 0 32 0 1
76 559581 N 0 1 103 19 1 0 2 29 51 0 0 559224 0 1 0 106 10 0 0 34 0
77 556477 K 0 0 0 90 0 0 0 34 556163 1 0 62 0 1 84 1 5 0 0 0 36
78 432228 Y 0 44 3 0 19 0 74 8 0 1 0 29 0 2 0 7 0 0 0 432009 32
79 420790 L 0 2 0 1 0 0 0 1 0 420611 21 0 95 41 6 2 0 9 1 0 0
80 388656 E 1 0 31 388423 0 78 0 0 64 0 0 0 0 11 1 0 0 28 0 0 19
81 364682 E 5 1 32 364484 0 61 1 0 53 1 0 0 0 9 2 0 0 20 0 0 13
82 420738 H 0 0 15 0 0 0 420531 0 0 18 0 23 7 32 56 0 6 1 0 49 0
83 547924 P 10 0 0 0 0 0 46 5 0 60 0 1 547683 3 20 51 41 0 4 0 0
84 544077 S 3 8 0 0 0 135 0 38 0 1 0 97 12 4 76 543696 6 1 0 0 0
85 577851 A 577338 0 2 32 0 34 0 0 0 0 1 0 19 5 36 42 264 78 0 0 0
86 640689 G 19 0 0 108 0 640302 0 0 0 1 0 0 0 0 130 0 1 45 83 0 0
87 671901 K 0 0 0 212 1 0 0 0 671308 0 43 106 0 6 159 0 13 0 0 0 53
88 687297 D 2 0 686927 77 0 86 11 23 0 0 0 85 0 0 0 0 0 50 0 36 0
89 626931 P 8 0 2 0 2 1 53 0 0 76 0 1 626688 0 12 63 25 0 0 0 0
90 629627 K 0 3 0 112 0 1 0 2 629337 0 24 23 2 1 99 0 8 0 0 0 15
91 582947 K 1 0 0 106 0 0 0 15 582693 0 0 15 0 2 72 0 4 0 0 1 38
92 524213 T 70 0 0 0 0 0 0 21 0 2 0 30 26 0 0 30 524033 0 1 0 0
93 519667 G 7 1 0 56 0 519461 0 0 0 0 0 0 0 0 90 0 0 25 0 0 27
94 487451 G 10 0 0 52 0 487272 0 0 0 0 0 0 0 5 59 0 0 15 0 0 38
95 518820 P 11 0 0 0 0 0 37 0 0 55 0 1 518611 1 4 70 30 0 0 0 0
96 575183 I 0 0 0 0 0 1 1 574864 43 52 62 0 4 1 5 0 68 71 0 10 1
97 605514 Y 0 80 17 0 60 0 98 6 0 0 13 38 0 10 0 7 0 0 0 605135 50
98 525777 K 0 0 0 113 0 0 0 0 525444 3 35 28 0 11 93 2 22 0 0 0 26
99 389407 R 0 0 0 0 1 69 0 10 63 3 0 0 0 0 389187 40 9 1 0 0 24
100 383674 V 59 0 0 44 0 7 0 57 0 23 0 0 0 1 5 1 0 383477 0 0 0
101 458714 D 2 1 458463 50 0 71 9 0 0 0 0 68 0 1 0 0 0 32 0 17 0
102 474957 R 0 0 0 0 0 104 0 24 76 0 0 0 0 2 474694 18 12 0 0 0 27
103 495819 K 0 0 0 91 0 0 0 0 495562 0 7 31 0 9 92 1 6 0 0 0 20
104 506850 W 0 26 0 0 0 16 0 2 1 27 0 0 0 0 109 12 0 1 506519 0 137
105 522361 M 0 0 4 4 0 0 0 122 45 64 521928 0 0 0 7 0 72 115 0 0 0
106 547333 R 0 0 0 3 0 109 0 1 57 1 43 1 0 1 547017 47 8 0 45 0 0
107 542358 E 3 0 35 541894 0 87 0 0 256 1 0 2 0 19 1 0 0 19 0 0 41
108 542133 L 0 0 0 0 51 0 35 42 0 541869 0 0 120 0 0 1 3 12 0 0 0
109 520603 V 75 1 39 1 27 8 0 140 0 12 1 0 0 0 1 1 0 520297 0 0 0
110 551981 L 0 0 1 0 51 0 18 64 0 551701 1 0 120 0 12 0 0 13 0 0 0
111 526531 Y 0 98 4 0 43 0 109 0 0 1 26 13 0 0 0 6 0 0 1 526166 64
112 460247 D 5 0 459700 44 0 103 17 1 0 0 0 276 0 0 1 0 1 72 0 24 3
113 420155 K 0 0 0 47 0 0 0 25 419940 2 1 21 0 32 58 2 2 0 0 1 24
114 497102 E 3 1 43 496842 0 69 0 0 95 0 0 0 0 7 5 1 0 19 0 0 17
115 557667 E 2 0 33 557325 0 97 0 0 138 0 0 0 0 8 17 0 0 25 0 0 22
116 588279 I 0 1 0 1 0 0 0 587729 37 39 123 16 0 1 2 0 110 212 0 0 8
117 562302 R 0 0 0 0 0 112 0 0 66 4 47 0 0 0 562001 30 4 0 37 0 1
118 548241 R 2 0 0 0 0 29 0 0 0 36 0 0 20 108 547949 0 0 0 0 0 97
119 586465 I 0 0 0 0 18 0 0 586229 2 8 17 49 0 0 0 3 75 63 1 0 0
120 545110 W 0 20 0 1 0 11 0 0 0 29 0 0 0 0 166 9 0 0 544700 0 174
121 560386 R 0 135 0 0 0 20 158 0 0 32 0 0 30 1 559976 33 0 0 0 1 0
122 527465 Q 0 0 1 21 0 0 23 0 36 36 0 0 12 527211 78 0 0 0 0 0 47
123 606408 A 606077 0 22 0 0 18 1 0 0 0 0 0 21 0 0 38 177 54 0 0 0
124 667269 N 1 0 120 0 0 0 11 66 80 0 0 666866 2 14 0 87 7 0 0 15 0
125 647348 N 1 0 100 0 0 0 4 38 56 2 3 646999 0 2 0 79 10 0 1 43 10
126 510792 G 5 36 92 0 0 510531 1 0 0 3 0 0 0 0 12 91 0 17 4 0 0
127 508156 D 3 2 507790 66 1 101 11 1 0 0 1 117 0 0 0 0 1 41 0 21 0
128 496224 D 2 0 495918 51 0 78 3 0 1 1 0 75 0 0 0 2 1 70 0 22 0
129 506386 A 506088 2 0 35 0 28 0 0 0 0 0 0 12 0 0 18 121 82 0 0 0
130 449797 T 51 0 0 0 0 1 0 24 23 0 0 2 4 1 9 32 449650 0 0 0 0
131 416664 A 416557 0 18 0 0 6 0 0 0 0 0 0 8 2 0 15 38 19 0 1 0
132 507611 G 9 27 53 0 0 507413 0 2 0 0 0 0 0 0 11 76 0 20 0 0 0
133 537107 L 0 0 0 0 0 0 1 7 0 536874 27 0 149 28 7 3 0 11 0 0 0
134 637503 T 114 0 1 0 0 0 0 50 0 0 0 32 7 2 0 96 637201 0 0 0 0
135 666489 H 0 1 19 0 0 0 666081 2 0 75 0 43 18 77 102 5 0 0 0 66 0
136 711855 M 0 0 1 0 0 0 6 191 50 69 711301 1 0 0 15 0 93 125 0 0 3
137 732337 M 1 0 3 0 0 0 0 191 45 51 731781 1 1 0 7 0 95 161 0 0 0
138 663160 I 0 0 2 0 42 0 0 662837 0 4 24 56 0 0 0 7 76 110 0 0 2
139 634206 W 1 49 0 1 0 31 0 0 0 38 0 0 0 0 259 18 0 0 633602 0 207
140 609124 H 1 0 29 0 0 0 608790 0 0 42 0 34 7 28 96 2 0 0 0 95 0
141 605550 S 4 21 0 0 50 0 0 0 0 0 0 0 122 1 0 605296 27 0 0 29 0
142 600099 N 0 0 80 0 0 0 8 30 23 1 0 599881 0 1 0 47 12 0 0 16 0
143 588785 L 0 0 0 1 48 0 0 0 0 588568 30 0 0 1 1 99 0 5 4 0 28
144 560914 N 0 0 97 0 0 0 5 16 44 0 0 560615 0 0 0 90 8 0 0 39 0
145 542025 D 3 0 541712 41 0 84 15 0 0 1 0 79 0 0 0 0 1 46 0 42 1
146 522858 T 130 0 1 0 0 0 0 70 23 0 0 2 7 2 14 59 522547 1 0 1 1
147 651072 T 133 2 1 2 0 1 8 63 32 0 0 6 16 4 18 57 650726 1 0 2 0
148 577886 Y 0 63 2 0 47 0 97 8 0 0 0 26 1 1 0 17 6 0 0 577564 54
149 574338 Q 0 0 0 16 0 0 42 0 36 46 0 0 18 573974 140 1 2 2 0 0 61
150 535078 R 0 0 0 2 0 134 0 0 92 8 25 0 0 0 534761 24 14 0 18 0 0
151 583069 T 152 0 2 3 1 8 0 64 20 1 0 0 5 3 19 62 582729 0 0 0 0
152 613973 R 0 0 0 0 0 114 0 26 120 0 0 0 0 11 613619 30 16 0 0 0 37
153 678569 A 678339 0 27 1 0 24 0 0 0 0 0 0 13 3 0 29 95 38 0 0 0
154 723988 L 0 2 1 0 47 0 35 41 0 723734 0 0 102 0 7 3 0 16 0 0 0
155 735690 V 95 1 87 0 18 17 0 105 0 12 0 0 0 0 1 0 1 735352 0 0 1
156 749999 R 2 183 0 0 2 33 272 1 0 34 0 0 30 0 749377 64 0 1 0 0 0
157 753477 T 106 0 0 0 0 0 0 145 0 0 0 28 11 1 1 81 753102 0 2 0 0
158 771006 G 30 46 196 0 0 770332 0 1 1 0 0 0 0 0 20 328 0 52 0 0 0
159 795037 M 0 1 0 0 0 0 3 278 48 69 794338 0 0 1 17 0 110 170 2 0 0
160 892234 D 12 2 891732 92 1 157 15 4 0 0 1 137 0 2 1 0 0 44 0 34 0
161 796572 P 10 0 1 0 0 0 65 0 0 79 0 2 796238 4 19 96 58 0 0 0 0
162 749257 R 0 0 1 0 1 239 0 1 112 2 54 0 0 4 748764 35 17 0 27 0 0
163 683497 M 1 0 5 0 1 6 0 207 36 53 682984 0 1 3 7 0 82 110 1 0 0
164 671384 C 6 670839 0 0 33 17 0 0 0 3 0 0 0 0 117 93 1 1 17 221 36
165 635111 S 22 16 0 0 47 1 0 0 0 0 0 0 146 3 1 634791 41 0 0 43 0
166 632699 L 0 0 5 0 1 0 0 2 0 632452 42 0 127 59 5 0 0 6 0 0 0
167 620950 M 0 2 1 0 0 0 0 218 49 57 620447 0 0 0 6 0 90 79 1 0 0
168 581030 Q 0 0 1 23 0 2 44 0 47 39 0 0 14 580623 143 0 1 0 0 0 93
169 534642 G 11 19 44 0 0 534491 0 0 0 0 0 0 0 0 6 41 1 29 0 0 0
170 576373 S 3 1 0 0 1 0 0 0 0 153 0 0 54 4 2 576047 49 0 21 0 38
171 563847 T 98 0 2 0 0 0 1 57 0 0 0 28 7 6 0 78 563566 4 0 0 0
172 601083 L 0 0 0 0 40 0 47 40 0 600785 0 0 149 0 7 5 0 10 0 0 0
173 771126 P 19 0 0 0 0 1 48 0 0 91 0 0 770820 0 13 92 38 1 0 1 2
174 780526 R 0 0 1 1 0 147 0 1 108 2 47 0 3 0 780116 40 15 0 38 0 7
175 622876 R 0 0 0 1 0 118 0 0 61 3 24 0 0 1 622581 36 11 0 39 0 1
176 673841 S 9 10 0 0 72 2 0 0 0 0 0 0 90 0 0 673542 45 7 3 61 0
177 702998 G 13 0 0 110 0 702620 0 0 0 1 0 0 0 0 154 2 0 29 4 0 65
178 674088 A 673826 0 53 2 1 23 0 0 0 0 0 0 8 1 0 28 92 54 0 0 0
179 698861 A 698382 6 1 37 0 23 0 0 0 0 0 0 19 0 1 41 240 108 0 1 2
180 713405 G 10 48 67 2 0 713132 0 0 0 0 1 0 1 0 23 88 2 29 2 0 0
181 707638 A 707262 0 36 0 0 3 0 0 1 0 0 0 10 1 0 44 219 62 0 0 0
182 726555 A 725860 1 1 50 0 20 0 0 1 0 1 0 22 1 2 42 270 284 0 0 0
183 787905 V 141 0 68 0 23 7 1 85 0 8 0 0 0 1 0 12 0 787559 0 0 0
184 802294 K 0 0 1 150 0 0 0 45 801716 2 0 113 0 70 121 0 16 0 0 0 60
185 680227 G 10 0 1 124 0 679887 0 0 1 0 0 0 0 0 134 0 0 28 0 0 42
186 675899 V 79 1 39 0 17 15 0 137 0 15 0 0 0 1 1 9 0 675585 0 0 0
187 669484 G 28 0 7 115 0 669084 0 0 1 2 0 0 2 0 145 0 0 39 61 0 0
188 544147 T 120 0 4 1 0 1 0 88 23 1 0 0 4 8 25 74 543797 1 0 0 0
189 454483 M 0 0 0 0 0 0 0 103 36 38 454193 3 0 0 6 0 46 55 3 0 0
190 437829 V 75 0 3 52 0 12 0 1 0 15 74 0 0 2 0 0 0 437593 1 0 1
191 422744 M 0 0 2 0 0 1 0 82 35 42 422449 0 0 2 5 0 54 70 1 1 0
192 387053 E 5 0 9 386844 0 98 0 0 46 0 0 0 0 14 0 0 0 24 0 0 13
193 480326 L 0 0 1 0 24 0 0 0 0 480146 37 0 0 0 2 71 1 13 7 0 24
194 574594 I 0 0 12 5 0 0 0 574209 32 60 90 0 1 0 4 0 88 83 0 0 10
195 542600 R 0 1 2 0 0 105 0 0 65 0 54 0 0 0 542298 33 5 0 37 0 0
196 566603 M 0 0 1 0 0 0 0 139 49 46 566180 0 0 0 13 0 86 89 0 0 0
197 608898 I 0 0 18 0 42 0 0 608515 1 5 21 60 0 0 0 4 108 124 0 0 0
198 577528 K 0 0 0 63 0 0 0 11 577272 0 0 66 0 26 73 1 2 0 0 0 14
199 541865 R 0 74 0 0 0 17 153 0 0 30 0 1 6 0 541545 32 3 4 0 0 0
200 535745 G 16 0 1 99 0 535387 0 0 1 1 0 0 0 0 155 0 0 48 37 0 0
201 534350 I 0 0 0 0 55 0 0 534061 0 1 12 27 0 0 0 5 72 117 0 0 0
202 547102 N 0 0 128 1 0 0 5 28 41 0 0 546794 0 4 0 72 5 0 0 24 0
203 509147 D 1 0 508902 36 0 63 9 0 0 0 0 75 0 0 0 1 0 34 0 25 1
204 529892 R 0 0 0 0 0 15 1 0 0 38 0 0 13 159 529547 2 1 0 115 0 1
205 553985 N 0 0 92 1 0 0 4 25 38 1 0 553684 1 0 1 106 8 0 0 24 0
206 669261 F 1 6 0 1 668884 0 0 21 0 206 0 0 2 1 0 82 6 27 0 23 1
207 688925 W 0 41 1 1 1 12 0 0 0 49 1 0 0 1 258 21 0 3 688262 0 274
208 513285 R 0 0 0 3 0 122 0 19 73 1 0 1 1 4 512946 56 8 0 0 0 51
209 554362 G 13 43 95 0 0 554109 0 0 0 0 0 1 0 0 11 69 0 21 0 0 0
210 592719 E 3 1 37 592335 0 98 0 0 121 0 0 0 0 15 0 0 2 41 0 0 66
211 576491 N 0 0 87 0 0 0 12 38 44 0 21 576200 1 1 0 63 8 0 0 16 0
212 540062 G 12 0 6 70 0 539813 0 0 0 6 0 0 0 1 94 0 0 31 1 0 28
213 528985 R 0 0 4 4 0 20 0 0 1 18 0 0 9 140 528637 0 11 0 0 0 141
214 518463 K 0 0 0 81 0 0 0 7 518268 0 0 36 0 3 53 0 5 0 0 0 10
215 516562 T 59 0 0 0 0 1 0 47 29 0 0 7 109 46 10 36 516218 0 0 0 0
216 485905 R 0 0 0 1 0 86 0 1 79 0 47 0 0 0 485630 37 10 0 14 0 0
217 446778 S 0 29 0 3 0 73 0 11 0 2 0 92 0 3 47 446515 3 0 0 0 0
218 470590 A 470386 6 37 0 0 13 0 0 0 0 0 0 9 0 0 20 82 37 0 0 0
219 468559 Y 0 69 2 0 25 1 75 0 0 1 0 17 0 0 0 10 13 0 0 468285 61
220 475782 E 4 0 27 475504 0 96 1 0 81 1 0 0 0 5 3 0 1 36 0 0 23
221 423692 R 0 0 1 6 0 90 0 19 57 8 0 0 0 0 423428 36 7 1 0 0 39
222 376673 M 0 1 0 5 0 1 0 109 40 23 376385 2 0 0 6 0 45 56 0 0 0
223 477324 C 1 476901 0 0 29 13 0 0 0 6 0 1 0 2 106 75 1 6 29 128 26
224 496753 N 0 0 85 2 0 0 14 44 37 0 0 496460 0 1 0 76 7 0 0 27 0
225 516330 I 0 0 0 0 38 0 0 516111 0 9 5 18 0 0 0 7 84 58 0 0 0
226 537523 L 0 0 0 0 38 0 56 14 0 537277 0 0 117 1 4 5 0 11 0 0 0
227 554831 K 0 0 0 77 0 0 0 28 554596 2 0 23 0 11 67 2 4 1 0 0 20
228 565360 G 12 0 0 82 0 565125 0 0 1 2 0 0 0 0 96 0 0 29 0 0 13
229 577502 K 0 0 0 88 0 0 0 14 577261 0 0 58 0 7 54 0 3 0 0 0 17
230 598027 F 0 5 0 0 597720 0 0 47 0 142 0 0 1 0 0 87 0 7 0 18 0
231 564063 Q 0 0 0 20 1 1 26 0 49 24 0 0 8 563724 142 9 2 1 0 0 56
232 533180 T 61 0 0 0 0 0 0 39 21 0 0 0 20 1 8 14 533016 0 0 0 0
233 520710 A 520535 0 33 0 0 8 0 1 0 0 0 0 9 1 0 20 62 41 0 0 0
234 452656 A 452340 1 2 28 0 29 5 0 1 3 0 0 15 0 0 27 149 56 0 0 0
235 441379 Q 0 0 0 10 0 0 35 0 23 15 0 0 6 441132 92 0 12 0 0 0 54
236 431087 R 0 1 0 0 0 208 0 1 122 0 34 1 0 1 430652 35 11 0 21 0 0
237 426035 A 425674 0 2 22 0 107 0 0 0 2 2 0 17 19 1 19 83 87 0 0 0
238 443940 M 3 0 1 0 0 0 0 114 27 26 443631 3 0 1 4 2 52 67 0 0 9
239 390326 M 0 0 1 0 0 1 0 164 42 42 389942 0 0 3 3 0 56 71 1 0 0
240 469499 D 1 1 469178 44 0 117 9 0 0 0 0 89 0 1 0 1 0 33 0 24 1
241 445447 Q 0 0 0 13 0 0 23 0 24 24 0 0 6 445230 76 4 0 0 0 0 47
242 513922 V 63 0 0 41 0 4 0 0 1 38 113 0 0 0 1 1 3 513657 0 0 0
243 513786 R 0 0 0 0 0 134 0 26 72 1 0 0 0 0 513428 61 18 0 0 0 46
244 504697 E 2 0 24 504401 0 128 0 0 89 0 0 0 0 8 2 0 3 18 0 0 22
245 538406 S 0 12 1 0 0 135 0 10 0 0 0 73 0 0 69 538095 10 1 0 0 0
246 525579 R 0 0 1 2 0 12 2 1 0 38 0 0 14 182 525224 0 0 0 103 0 0
247 532201 N 0 0 92 2 0 0 1 23 46 1 1 531899 0 0 0 90 18 0 0 28 0
248 557063 P 13 0 0 0 0 0 0 0 0 64 0 0 556858 40 12 46 30 0 0 0 0
249 580431 G 7 0 0 101 0 580120 0 0 1 1 0 0 0 0 148 1 1 15 0 0 36
250 559251 N 0 0 83 0 0 0 8 22 46 0 28 558943 0 1 0 86 10 0 0 24 0
251 596491 A 596079 4 88 0 0 15 0 0 0 17 0 0 12 0 0 39 167 70 0 0 0
252 579520 E 12 0 31 579171 1 126 0 0 88 2 1 0 0 12 4 0 0 42 0 0 30
253 604762 I 0 0 4 0 46 0 0 604455 0 12 26 44 0 0 0 6 75 94 0 0 0
254 588342 E 3 0 48 587883 1 85 0 0 205 0 0 0 0 29 1 1 1 53 0 0 32
255 597889 D 3 1 597625 41 0 81 11 1 0 1 0 57 0 0 0 0 0 43 0 25 0
256 573078 L 0 0 0 2 41 0 58 29 0 572795 0 0 135 1 12 2 0 3 0 0 0
257 578087 I 1 0 0 0 20 0 1 577794 0 14 11 56 0 0 1 26 84 78 1 0 0
258 527930 F 0 5 1 0 527660 0 0 34 0 127 0 0 0 0 0 85 0 3 0 15 0
259 516946 L 1 0 0 0 0 4 0 0 0 516788 23 0 67 34 12 1 0 14 2 0 0
260 525064 A 524716 0 0 42 0 34 3 0 1 0 0 0 14 1 0 23 114 116 0 0 0
261 445578 R 0 1 0 0 0 18 0 0 0 30 0 0 2 108 445288 0 1 0 130 0 0
262 544590 S 7 11 0 0 64 0 2 0 0 2 0 0 72 1 0 544355 34 2 0 38 2
263 534168 A 533706 1 0 39 0 25 2 0 0 1 0 0 25 2 0 30 197 140 0 0 0
264 452795 L 0 0 1 0 62 0 44 25 0 452543 0 0 105 0 5 2 1 7 0 0 0
265 485796 I 1 0 0 0 0 0 5 485470 18 49 71 1 0 4 1 8 104 63 0 1 0
266 511364 L 0 1 0 9 25 0 0 2 0 511158 38 0 0 0 1 85 0 8 4 2 31
267 507551 R 0 1 0 1 0 131 0 19 96 1 0 0 0 1 507212 45 5 0 0 0 39
268 578174 G 10 0 0 83 0 577841 0 1 0 0 0 0 0 0 115 2 1 60 61 0 0
269 613004 S 10 0 0 0 0 0 0 0 0 81 0 0 86 0 0 612700 74 3 0 0 50
270 626637 V 99 0 54 0 27 3 0 74 2 7 0 1 0 0 0 3 1 626366 0 0 0
271 609159 A 608868 0 40 0 0 17 0 0 0 1 0 0 9 1 0 35 112 75 0 1 0
272 617192 H 0 0 18 0 0 0 616826 0 0 71 0 51 9 68 70 7 0 0 0 70 2
273 620741 K 0 0 0 73 0 0 0 31 620439 0 0 89 0 14 63 0 6 0 0 0 26
274 596469 S 3 7 0 0 47 0 0 2 0 22 0 0 66 0 0 596266 27 0 0 29 0
275 559507 C 1 559193 0 0 16 10 0 2 1 1 0 0 0 0 82 26 0 6 4 86 79
276 471536 L 3 2 0 0 0 0 0 1 0 471386 32 0 38 57 5 0 0 12 0 0 0
277 385697 P 29 1 0 0 0 0 70 0 0 55 0 0 385308 0 21 147 66 0 0 0 0
278 350393 A 350090 0 30 0 0 11 0 0 0 2 0 0 28 1 0 34 152 45 0 0 0
279 316084 C 0 315696 0 0 21 21 0 0 0 0 0 0 2 0 176 24 0 2 8 97 37
280 294212 V 48 0 0 39 0 11 0 0 1 21 53 0 1 0 0 1 0 294037 0 0 0
281 207674 Y 0 46 3 0 13 0 35 1 0 1 0 13 0 0 0 1 1 1 3 207535 21
282 167197 G 4 1 2 66 0 167030 0 0 0 0 0 0 0 0 66 0 1 10 1 0 16
283 211909 P 12 0 0 0 0 1 28 0 0 36 0 0 211753 6 4 49 20 0 0 0 0
284 411269 A 410926 3 23 0 1 11 2 0 0 0 0 0 14 0 0 42 150 97 0 0 0
285 411070 V 87 0 0 33 0 5 0 108 0 39 0 0 0 1 10 0 0 410786 0 0 1
286 468361 A 468181 0 17 0 1 6 0 0 0 1 0 0 14 0 0 40 52 49 0 0 0
287 585433 S 0 57 0 0 0 106 0 41 0 0 0 140 0 7 123 584937 22 0 0 0 0
288 648300 G 9 17 66 0 0 648079 0 0 0 1 0 0 0 0 9 93 0 26 0 0 0
289 650957 Y 0 90 4 0 47 1 208 0 0 0 0 15 0 0 0 5 0 0 0 650552 35
290 705976 D 4 0 705650 31 0 84 11 0 0 1 0 136 0 0 0 0 1 37 0 21 0
291 690879 F 0 3 1 0 690472 0 0 18 0 235 0 0 0 0 0 105 0 9 0 35 1
292 696533 E 7 1 18 696106 0 127 0 0 157 0 0 0 0 17 21 11 1 30 0 0 37
293 688181 K 0 0 0 86 0 0 0 26 687911 0 0 40 0 6 95 0 7 0 0 0 10
294 672585 E 37 0 53 672134 0 199 0 0 72 1 0 0 0 12 23 0 0 35 1 0 18
295 641948 G 10 0 7 118 0 641626 0 3 0 0 0 0 0 0 106 0 0 50 0 0 28
296 556350 Y 0 92 3 0 46 0 85 2 0 2 0 39 0 1 0 5 3 0 0 556016 56
297 489634 S 3 6 0 0 31 1 0 1 0 11 0 0 69 0 0 489437 42 0 0 33 0
298 466129 L 0 3 0 0 36 0 0 18 0 465976 0 1 0 2 0 49 0 2 0 0 42
299 515756 V 60 0 0 45 0 11 0 0 0 34 135 1 1 0 2 4 3 515445 14 0 1
300 372697 G 10 1 1 106 0 372482 0 0 0 3 0 0 0 0 48 1 1 20 0 0 24
301 613788 I 0 0 0 4 0 1 0 613211 60 75 189 11 0 3 12 2 102 108 0 0 10
302 609712 D 8 0 609169 66 9 102 19 0 0 0 0 222 2 0 10 0 9 51 0 45 0
303 590474 P 16 0 0 1 1 0 57 0 0 42 0 0 590274 0 8 45 30 0 0 0 0
304 673402 F 0 5 0 0 672979 0 0 49 0 177 0 0 1 0 0 141 0 7 0 43 0
305 672698 K 0 0 0 106 0 0 0 46 672344 0 0 77 0 26 68 0 10 0 0 0 21
306 668442 L 0 0 0 0 0 0 0 0 0 668252 32 0 109 31 12 0 0 6 0 0 0
307 689666 L 18 0 0 0 50 0 22 26 0 689439 0 0 93 0 8 0 0 10 0 0 0
308 694910 Q 0 0 0 12 3 0 37 0 32 28 0 0 10 694582 119 27 0 0 0 0 60
309 688817 N 1 0 78 0 0 0 13 34 51 0 1 687593 0 0 0 931 105 0 0 10 0
310 671735 S 1 34 1 0 1 94 0 35 0 2 0 138 0 3 61 671351 14 0 0 0 0
311 715517 Q 0 0 0 15 0 0 34 0 35 47 0 0 16 715156 89 0 0 0 0 0 125
312 775300 V 115 0 0 53 0 5 0 104 0 50 0 0 0 0 0 0 0 774972 0 1 0
313 714306 Y 0 99 4 0 61 0 111 1 0 0 0 42 1 1 1 10 0 1 1 713898 75
314 703675 S 1 42 0 0 0 185 0 35 0 1 0 109 1 1 71 703198 28 2 0 0 1
315 677966 L 0 0 0 0 0 1 0 51 0 677654 1 0 179 42 9 0 0 26 0 1 2
316 720917 I 0 0 0 0 36 0 0 720627 0 9 23 47 0 0 1 9 98 67 0 0 0
317 667094 R 0 0 3 0 0 205 0 22 103 1 0 1 0 1 666661 56 18 1 0 0 22
318 667793 P 32 0 0 0 0 1 0 0 0 112 0 0 667493 49 11 58 36 1 0 0 0
319 677896 N 1 1 60 0 0 0 8 35 45 0 0 677588 0 0 2 110 12 0 0 34 0
320 702165 E 0 0 40 701819 0 113 0 0 85 0 0 0 0 10 5 0 0 61 0 0 32
321 745353 N 1 0 106 3 0 0 4 38 67 0 0 745021 0 0 0 80 11 0 0 22 0
322 759645 P 14 0 1 0 0 0 0 0 0 103 0 0 759352 40 16 81 38 0 0 0 0
323 771712 A 771347 1 0 53 0 34 1 0 0 2 0 0 21 2 2 41 111 97 0 0 0
324 818916 H 1 0 21 1 0 0 818406 0 0 123 0 39 18 95 118 4 4 1 0 85 0
325 823634 K 0 0 0 202 0 1 0 0 823079 0 53 36 0 15 201 1 18 1 0 0 27
326 688672 S 0 49 0 1 0 96 0 34 0 5 0 174 0 0 80 688214 17 2 0 0 0
327 678204 Q 0 1 0 24 1 0 56 0 48 31 0 1 22 677762 174 1 0 0 0 0 83
328 555556 L 3 0 1 0 0 1 0 0 1 555404 32 0 65 24 9 3 0 13 0 0 0
329 610801 V 63 5 1 44 0 18 0 0 1 34 75 0 1 1 1 1 0 610526 30 0 0
330 611382 W 0 38 29 0 0 14 0 0 0 44 0 0 0 0 107 19 1 8 610826 0 296
331 582241 M 0 0 1 0 0 1 1 144 43 40 581766 0 0 2 7 0 109 125 2 0 0
332 605294 A 604885 0 0 29 0 34 0 0 0 0 0 0 18 0 1 26 159 142 0 0 0
333 643033 C 0 642576 0 0 36 15 0 0 0 0 1 0 0 0 117 77 0 0 20 152 39
334 660835 H 1 0 13 0 0 0 660476 2 0 53 0 39 26 36 79 0 0 0 0 110 0
335 625059 S 3 25 0 0 58 0 1 0 0 16 0 0 80 0 0 624793 44 2 0 37 0
336 582997 A 582695 1 44 0 0 15 2 0 0 3 0 0 17 0 0 25 133 62 0 0 0
337 559387 A 559096 1 0 40 0 15 0 1 0 0 0 0 14 0 0 23 116 81 0 0 0
338 573359 F 0 8 0 0 573083 0 0 34 0 115 0 0 1 1 0 75 0 12 0 28 2
339 563068 E 4 0 58 562739 0 123 0 0 66 1 0 0 0 12 0 1 1 34 0 0 29
340 522710 D 4 0 522426 25 0 79 7 0 1 0 0 105 0 0 0 1 0 41 0 21 0
341 556659 L 1 0 0 0 0 0 0 29 0 556461 0 0 116 30 4 9 0 9 0 0 0
342 541394 R 0 0 0 9 0 72 0 21 80 0 0 0 0 7 541126 36 11 0 0 0 32
343 493972 V 76 0 0 30 0 3 0 52 0 22 0 0 0 0 0 1 0 493787 0 1 0
344 484049 L 0 0 0 0 48 1 0 38 1 483851 0 0 0 0 0 61 0 3 0 0 46
345 439079 S 0 12 0 0 0 32 0 18 0 0 0 66 0 0 37 438906 7 1 0 0 0
346 386201 F 0 2 0 0 386008 0 0 6 0 88 0 0 0 0 0 54 0 8 0 35 0
347 472553 I 1 0 0 0 42 0 0 472313 0 7 5 40 0 0 1 1 67 76 0 0 0
348 457295 R 0 0 0 1 0 80 0 30 58 0 1 0 0 1 457034 25 8 0 0 0 57
349 440531 G 11 1 0 45 0 440360 0 0 0 0 0 0 0 0 57 0 0 26 31 0 0
350 558062 T 119 0 21 0 0 0 0 52 0 0 0 30 8 1 0 72 557759 0 0 0 0
351 566650 K 0 0 0 63 0 0 0 32 566378 1 0 40 1 28 72 0 6 0 0 0 29
352 600396 V 73 0 1 56 0 9 0 70 1 40 0 0 0 0 2 10 0 600127 0 7 0
353 610299 S 5 15 0 0 45 0 0 18 0 0 0 0 695 0 1 609443 40 0 0 37 0
354 573457 P 12 0 0 0 0 0 0 0 0 56 0 0 573211 69 28 47 34 0 0 0 0
355 557097 R 0 0 0 0 0 129 0 0 130 14 57 0 0 1 556677 49 8 0 31 0 1
356 494828 G 12 0 0 46 0 494653 0 1 0 0 0 0 0 0 56 0 0 22 38 0 0
357 494575 K 0 0 0 131 1 5 0 17 494196 0 0 99 0 1 79 0 16 0 0 0 30
358 502787 L 0 0 0 0 51 0 18 22 0 502558 0 4 107 0 5 0 12 10 0 0 0
359 478053 S 4 15 0 0 53 0 0 0 0 0 0 0 130 2 0 477791 35 0 0 23 0
360 563947 T 93 1 0 0 0 0 3 46 0 1 0 27 7 0 0 49 563720 0 0 0 0
361 536289 R 0 0 0 5 0 68 0 24 103 3 0 1 0 1 536005 27 10 0 0 0 42
362 507645 G 9 0 0 42 0 507465 0 0 0 1 0 0 0 3 70 0 0 25 0 0 30
363 600880 V 120 1 1 58 1 9 0 98 0 36 0 0 0 0 1 2 0 600551 0 2 0
364 597213 Q 0 0 0 18 0 0 37 0 46 41 0 2 14 596887 87 0 14 0 0 0 67
365 624387 I 0 0 0 0 36 0 0 624055 0 72 14 53 0 0 0 7 76 74 0 0 0
366 546906 A 546683 0 32 0 1 13 0 0 0 4 1 0 13 0 0 23 96 40 0 0 0
367 538530 S 6 0 0 0 3 0 0 0 0 66 0 0 72 2 0 538306 45 0 0 0 30
368 549607 N 0 0 54 0 0 0 4 22 32 0 4 549399 0 0 0 57 11 1 0 23 0
369 543516 E 5 0 26 543239 1 75 0 0 109 0 1 0 0 11 1 0 0 20 0 0 28
370 556572 N 0 0 82 0 0 0 11 45 34 1 0 556223 0 0 1 62 105 0 0 8 0
371 552358 M 0 0 1 0 0 0 2 258 27 68 551820 0 0 1 16 0 84 81 0 0 0
372 568597 D 5 0 568252 70 0 103 7 0 0 0 1 95 0 0 0 0 0 25 0 39 0
373 559629 A 559343 0 36 0 1 21 1 0 0 0 1 0 15 0 0 28 117 66 0 0 0
374 617552 M 0 1 0 0 0 0 0 274 47 61 616974 0 0 1 6 0 82 103 0 3 0
375 588007 E 7 0 40 587658 0 116 0 0 84 0 0 8 0 19 0 0 0 50 0 0 25
376 446933 S 4 0 0 0 0 2 0 3 0 37 0 0 80 3 0 446741 27 0 0 0 36
377 450509 S 0 31 0 0 0 72 0 26 0 1 0 81 1 0 50 450240 5 2 0 0 0
378 410850 T 66 0 0 0 0 0 0 30 0 3 0 25 5 0 1 38 410682 0 0 0 0
379 416789 L 0 1 0 0 26 0 23 34 0 416622 0 0 80 0 1 0 0 2 0 0 0
380 421668 E 1 0 33 421457 0 67 0 0 66 0 0 0 0 6 0 1 0 30 0 0 7
381 425567 L 0 0 0 0 0 0 0 0 0 425420 18 0 103 9 6 0 0 11 0 0 0
382 447989 R 0 0 0 2 0 95 0 17 56 0 0 0 1 1 447734 40 10 0 0 0 33
383 519487 S 0 21 0 4 0 86 0 21 0 0 0 99 0 0 77 519167 11 0 0 1 0
384 555173 R 2 1 0 0 0 193 0 1 68 1 33 0 0 1 554769 40 11 0 48 4 1
385 657492 Y 1 91 11 0 41 1 119 0 0 1 0 61 1 0 0 10 0 14 0 657092 49
386 638424 W 0 59 0 0 0 15 1 0 0 77 0 0 0 1 162 15 2 1 637866 0 225
387 587485 A 587164 1 28 0 0 34 0 0 0 1 0 0 32 1 0 20 121 83 0 0 0
388 648452 I 0 1 1 0 0 0 8 648017 29 61 156 0 4 0 7 0 88 74 0 0 6
389 610672 R 0 0 0 1 0 97 0 15 120 0 0 2 1 0 610353 51 8 0 0 0 24
390 627939 T 81 0 0 0 0 0 0 41 0 1 0 75 7 1 0 60 627673 0 0 0 0
391 644920 R 0 0 0 0 0 148 0 19 90 0 0 0 0 2 644581 35 9 1 0 0 35
392 621545 S 0 24 0 0 0 93 0 20 3 0 0 79 0 0 69 621249 8 0 0 0 0
393 638050 G 9 2 0 57 0 637803 1 0 0 0 0 1 0 0 104 1 0 36 1 0 35
394 602856 G 20 2 0 69 0 602585 0 1 2 0 0 0 1 0 104 0 0 36 0 0 36
395 607511 N 0 0 121 1 0 1 3 28 58 0 0 607150 0 0 0 59 55 1 0 34 0
396 608044 T 89 0 1 0 0 1 8 47 0 3 0 34 18 6 0 79 607757 0 0 0 1
397 691521 N 2 2 73 1 0 0 5 53 83 1 0 691173 0 1 0 78 15 0 0 28 6
398 693235 Q 0 1 0 20 0 2 71 5 56 34 2 18 10 692828 117 8 0 1 0 0 62
399 621003 Q 3 0 0 10 0 5 47 0 45 26 0 1 21 620648 125 0 11 2 0 0 59
400 555584 R 0 0 0 13 0 199 0 0 78 5 44 0 0 1 555168 28 14 0 34 0 0
401 526364 A 526091 0 26 2 0 35 0 0 0 0 0 0 35 0 2 22 70 80 1 0 0
402 530689 S 7 11 0 3 35 0 0 0 0 7 0 1 118 0 0 530428 31 0 0 48 0
403 532495 A 532118 0 0 29 0 15 0 1 0 0 0 0 24 2 0 33 107 166 0 0 0
404 554610 G 10 45 64 0 1 554405 0 0 0 0 0 0 0 1 9 58 1 15 1 0 0
405 554465 Q 0 0 0 10 0 1 47 0 39 31 0 0 10 554152 97 22 0 0 0 0 56
406 577393 I 7 0 0 0 35 0 1 577148 2 9 10 29 0 0 0 16 75 61 0 0 0
407 519472 S 1 30 0 1 0 130 0 15 0 3 0 105 0 0 67 519110 8 1 0 0 1
408 525600 V 137 2 0 58 1 12 0 0 0 44 117 0 0 0 0 1 0 525228 0 0 0
409 519749 Q 1 1 0 33 0 0 50 0 36 28 0 6 10 519309 80 0 7 2 0 0 186
410 479132 P 9 0 0 0 0 0 55 0 0 28 0 0 478904 2 5 81 48 0 0 0 0
411 515365 A 514933 14 0 39 0 17 1 1 0 3 1 0 18 0 0 32 224 82 0 0 0
412 529110 F 1 6 0 0 528853 0 1 79 0 97 0 0 0 0 0 57 0 6 1 9 0
413 466807 S 1 13 0 0 49 2 1 0 0 5 0 0 56 2 0 466650 18 0 0 10 0
414 491155 V 92 4 0 50 0 7 0 0 0 23 121 0 0 0 0 0 1 490857 0 0 0
415 506253 Q 16 0 0 19 0 0 39 0 46 24 0 0 10 505939 74 0 1 1 0 0 84
416 512145 R 0 0 1 27 0 147 0 24 70 1 0 0 0 1 511831 15 8 0 0 0 20
417 474149 N 0 0 76 1 0 2 8 25 61 3 1 473819 0 0 0 69 69 0 0 15 0
418 502025 L 0 0 0 0 38 0 38 35 0 501769 0 0 126 0 4 5 1 9 0 0 0
419 535806 P 20 0 0 0 0 1 10 2 0 68 0 0 535550 34 17 55 47 0 0 0 2
420 499966 F 0 8 0 0 499679 0 1 55 0 100 0 1 0 1 1 83 0 9 0 26 2
421 510963 D 4 0 510548 51 0 101 19 0 0 2 0 120 0 0 7 0 2 61 1 37 10
422 488584 K 1 0 0 68 0 0 0 17 488264 1 0 118 0 29 73 0 3 0 0 0 10
423 484484 P 12 0 0 1 0 0 0 0 1 50 0 1 484267 41 10 48 52 1 0 0 0
424 504843 T 59 0 0 1 1 0 0 39 0 0 0 42 21 2 0 39 504639 0 0 0 0
425 515617 I 0 0 0 1 41 1 2 515324 0 8 26 41 2 0 0 1 90 79 1 0 0
426 494868 M 2 0 0 1 0 5 5 156 44 45 494418 0 0 1 15 1 88 85 2 0 0
427 450097 A 449806 0 0 23 0 30 1 0 0 1 1 0 12 3 0 36 89 95 0 0 0
428 444029 A 443748 0 0 24 0 13 0 11 0 0 0 0 15 0 0 26 120 70 0 0 2
429 441128 F 0 5 0 0 440885 1 0 25 0 109 0 0 0 0 0 68 0 5 0 30 0
430 406896 T 66 0 0 0 0 1 1 38 0 0 0 15 3 0 0 39 406733 0 0 0 0
431 442253 G 9 0 0 64 0 441950 1 0 1 0 0 0 0 0 144 0 0 31 53 0 0
432 453005 N 2 0 83 1 0 3 2 40 27 0 0 452716 1 0 1 90 14 0 0 25 0
433 485399 T 96 0 0 0 0 2 0 143 33 0 1 0 4 6 14 47 485052 0 0 0 1
434 499736 E 9 1 36 499351 0 138 1 0 95 0 0 1 1 11 8 0 0 47 1 0 36
435 541157 G 13 0 2 162 0 540841 0 1 0 0 0 0 0 0 83 1 0 31 1 0 22
436 552700 R 1 0 1 10 0 109 0 20 113 2 0 0 0 0 552342 40 22 0 0 0 40
437 564813 T 82 0 0 3 0 0 1 60 33 0 0 4 5 0 10 39 564564 0 0 0 12
438 595223 S 5 0 1 1 0 5 1 3 0 46 0 0 100 1 1 594952 47 6 0 0 54
439 583219 D 5 0 582886 53 0 85 6 10 1 16 1 83 0 1 0 0 2 53 0 17 0
440 562191 M 0 0 0 0 0 1 1 138 26 38 561802 0 0 0 18 1 83 82 1 0 0
441 539517 R 0 0 0 2 0 106 0 0 69 1 48 0 1 0 539187 47 14 0 42 0 0
442 544206 A 543843 0 1 39 0 40 0 0 0 0 0 10 25 4 0 36 119 89 0 0 0
443 552434 E 2 0 31 552206 0 74 0 0 58 0 0 0 0 12 1 0 0 27 0 0 23
444 553182 I 0 0 1 1 29 0 0 552926 0 19 8 41 0 0 1 10 78 66 0 0 2
445 614908 I 0 0 0 1 0 1 0 614471 33 43 137 0 0 0 7 0 99 87 0 12 17
446 553692 R 10 1 1 0 0 117 0 3 82 1 58 0 0 1 553345 31 10 3 27 0 2
447 533213 M 0 0 4 1 1 0 0 155 34 45 532795 1 0 2 12 0 72 90 0 0 1
448 537238 M 1 0 10 1 0 0 0 163 45 71 536708 1 0 0 17 0 82 137 1 1 0
449 484470 E 11 0 40 484138 1 130 0 0 76 0 0 0 0 12 1 0 1 36 0 0 24
450 498912 G 12 34 77 0 0 498697 0 0 0 0 0 0 0 0 2 76 1 13 0 0 0
451 551215 A 550439 59 0 98 0 26 0 0 0 0 0 0 29 3 0 31 308 218 1 0 3
452 541626 K 1 0 0 58 0 0 0 12 541271 0 0 190 0 11 53 0 13 0 0 0 17
453 516245 P 5 0 0 0 0 0 0 0 0 41 0 0 516094 36 6 41 22 0 0 0 0
454 535938 E 1 0 34 535706 0 64 0 0 81 0 0 0 0 9 1 0 0 16 0 0 26
455 543728 E 5 1 41 543456 0 115 0 0 45 0 0 0 1 11 3 0 0 35 0 0 15
456 551064 M 0 4 0 0 0 0 0 93 55 17 550766 4 0 2 6 0 59 58 0 0 0
457 529913 S 16 14 4 0 53 0 0 0 0 2 1 0 100 1 0 529635 56 4 0 27 0
458 550739 F 0 5 0 0 550354 0 0 34 0 170 0 0 0 0 0 110 0 4 1 61 0
459 524269 Q 0 0 0 46 0 1 43 0 44 62 1 0 54 523583 356 1 0 0 0 0 78
460 468139 G 15 0 0 44 0 467921 0 0 0 0 0 0 0 0 131 0 0 22 6 0 0
461 444989 R 128 0 0 1 0 79 0 0 0 59 0 0 19 186 444428 1 1 0 87 0 0
462 398158 G 14 0 0 155 0 397848 0 0 0 0 0 0 2 2 80 0 0 23 0 0 34
463 381718 V 45 0 21 0 13 0 0 38 0 8 0 0 0 0 0 2 0 381591 0 0 0
464 399787 F 0 4 0 0 399517 0 0 22 0 126 1 0 0 0 0 73 0 11 0 33 0
465 457996 E 2 0 26 457767 0 81 0 0 83 1 0 0 0 3 0 1 0 13 0 0 19
466 381799 L 0 0 0 0 33 0 13 16 0 381656 0 0 60 0 2 2 0 17 0 0 0
467 403306 S 1 0 0 0 0 1 0 0 0 92 0 1 65 3 1 403075 17 0 14 0 36
468 444445 D 1 0 444166 29 0 113 9 0 0 1 0 77 0 0 0 3 20 16 0 10 0
469 520307 E 4 0 36 519895 0 93 0 0 166 1 1 0 1 16 32 0 1 34 0 0 27
470 560850 R 0 0 0 0 0 128 0 0 81 0 53 0 0 0 560515 38 6 0 29 0 0
471 548257 A 547860 0 0 30 0 47 0 0 0 2 0 0 14 5 0 35 92 171 0 1 0
472 560794 A 560251 0 0 34 1 20 0 0 0 0 0 0 15 0 2 31 255 185 0 0 0
473 607994 N 0 0 78 1 0 0 3 24 40 0 0 607724 1 0 0 94 8 0 0 21 0
474 600937 P 10 0 0 0 0 0 0 0 0 100 0 0 600676 71 16 42 22 0 0 0 0
475 571998 I 0 1 0 0 32 0 0 571726 0 6 12 46 0 0 1 7 62 105 0 0 0
476 519660 V 102 1 1 31 0 7 0 0 0 25 148 0 0 0 2 1 0 519342 0 0 0
477 512127 P 19 0 0 0 0 0 25 0 0 46 0 0 511930 0 13 64 30 0 0 0 0
478 492813 S 3 12 0 1 23 0 0 0 0 9 0 0 87 0 0 492621 30 0 0 27 0
479 548327 F 1 6 0 0 548014 0 0 19 0 180 0 0 0 1 0 81 0 2 0 20 3
480 554006 D 5 0 553579 39 0 93 16 3 0 0 0 124 0 0 1 2 55 56 0 32 1
481 482275 M 0 0 0 0 0 0 1 103 24 41 481913 1 0 0 13 0 67 112 0 0 0
482 606612 S 0 49 0 7 0 126 1 28 0 0 0 126 0 0 59 606204 10 2 0 0 0
483 684975 N 0 1 85 0 0 0 3 37 70 1 11 684661 0 0 1 70 8 1 0 25 1
484 610965 E 4 0 40 610617 0 77 0 0 122 0 0 0 0 16 1 0 1 58 0 0 29
485 551780 G 8 0 0 49 0 551588 0 0 1 1 0 0 0 1 89 0 0 21 0 0 22
486 561214 S 2 9 0 0 30 2 0 3 0 1 0 0 78 0 0 561032 38 0 0 19 0
487 563190 Y 0 63 1 0 21 0 107 3 0 3 0 8 0 0 0 1 0 0 0 562935 48
488 554238 F 0 4 0 0 554013 0 0 27 0 92 0 0 0 0 0 61 0 2 0 39 0
489 528444 F 0 1 0 0 528218 0 0 20 0 121 0 0 0 0 1 51 0 1 0 31 0
490 527714 G 13 0 0 40 0 527481 0 0 1 0 0 0 0 0 115 1 0 18 0 0 45
491 538567 D 6 0 538231 37 1 158 8 0 0 0 0 49 0 0 2 0 0 61 0 14 0
492 549290 N 0 0 80 1 0 0 9 35 54 0 3 549022 1 2 2 57 4 0 0 20 0
493 659379 A 658412 4 0 50 0 28 1 0 0 6 5 0 30 6 1 47 585 203 0 0 1
494 549979 E 3 0 49 549652 0 115 0 0 69 0 0 0 0 15 5 0 0 32 0 0 39
495 533432 E 11 0 22 533094 0 118 0 0 112 0 0 0 0 10 0 3 0 32 0 0 30
496 513584 Y 0 147 10 0 33 0 75 0 1 1 0 32 0 0 0 18 1 2 1 513207 56
497 477926 D 4 0 477345 201 0 111 15 0 3 0 0 155 0 0 1 0 1 62 0 28 0
498 370864 N 0 0 40 0 0 1 5 225 26 2 0 370471 0 1 1 59 7 0 0 26 0
