# nucleotide counts
# upper case indicates nucleotide called by both reads
# lower case indicates nucleotide called by one read with other ambiguous
# N indicates disagreement between reads, or both ambiguous
# POSITION WT COUNTS A T C G a t c g N
1 A 711566 711273 59 13 114 11 0 0 0 96
2 T 715280 60 714981 102 9 0 7 0 0 121
3 G 715622 93 71 25 715352 0 0 0 5 76
4 G 714632 36 48 25 714413 0 0 0 20 90
5 C 683672 67 175 683249 58 0 0 14 0 109
6 G 697902 149 27 32 697586 0 0 0 22 86
7 T 713774 38 712884 144 6 0 19 0 0 683
8 C 718026 56 70 717781 24 0 0 8 0 87
9 C 720414 76 118 720068 26 0 0 17 0 109
10 C 718678 96 96 718376 21 0 0 14 0 75
11 A 715370 715082 35 26 156 17 0 0 0 54
12 A 716453 716098 57 17 181 23 0 0 0 77
13 G 718722 180 82 29 718336 0 0 0 23 72
14 G 732415 103 47 70 731996 0 0 0 35 164
15 C 685355 63 83 685045 46 0 0 29 0 89
16 A 627580 625454 38 20 113 16 0 0 0 1939
17 C 616652 40 44 616488 14 0 0 16 0 50
18 C 598802 77 41 598576 31 0 0 21 0 56
19 A 597258 597106 45 11 63 16 0 0 0 17
20 A 594787 594654 18 6 53 5 0 0 0 51
21 A 593282 592856 27 40 71 8 0 0 0 280
22 C 591527 53 139 591219 42 0 0 25 0 49
23 G 546353 97 38 17 546114 0 0 0 26 61
24 G 557644 73 28 19 557441 0 0 0 28 55
25 T 559042 29 557506 92 18 0 32 0 0 1365
26 C 586221 60 70 585974 9 0 0 43 0 65
27 T 627899 23 627626 163 12 0 23 0 0 52
28 T 579848 18 579655 111 6 0 26 0 0 32
29 A 582539 582343 35 6 96 29 0 0 0 30
30 T 574040 72 573768 95 24 0 31 0 0 50
31 G 589183 119 58 29 588879 0 0 0 28 70
32 A 607448 607175 48 9 109 43 0 0 0 64
33 A 561459 561111 44 25 99 14 0 0 0 166
34 C 542178 66 88 541891 26 0 0 44 0 63
35 A 482866 482612 45 13 87 25 0 0 0 84
36 G 560521 148 57 10 560227 0 0 0 36 43
37 A 585077 584771 43 9 100 10 0 0 0 144
38 T 588112 53 587888 80 10 0 5 0 0 76
39 G 592139 133 70 19 591845 0 0 0 20 52
40 G 577535 80 44 20 577301 0 0 0 19 71
41 A 580851 580575 30 6 104 10 0 0 0 126
42 A 593271 593100 12 14 86 11 0 0 0 48
43 A 594367 593899 39 27 94 12 0 0 0 296
44 C 639568 69 57 639266 17 0 0 51 0 108
45 T 595503 21 595258 107 15 0 20 0 0 82
46 G 609562 77 82 17 609327 0 0 0 13 46
47 A 606129 605680 53 4 119 12 0 0 0 261
48 T 608386 65 608142 75 22 0 12 0 0 70
49 G 607523 72 78 20 607302 0 0 0 13 38
50 G 615847 67 60 16 615637 0 0 0 8 59
51 G 612491 163 76 29 612172 0 0 0 4 47
52 G 617704 132 37 19 617408 0 0 0 15 93
53 A 596020 595681 29 13 131 8 0 0 0 158
54 A 599196 598620 26 19 127 20 0 0 0 384
55 C 612445 60 150 612106 37 0 0 31 0 61
56 G 611347 235 74 50 610703 0 0 0 5 280
57 C 621223 67 37 621005 33 0 0 11 0 70
58 C 617053 64 70 616820 30 0 0 7 0 62
59 A 613008 611863 53 811 189 12 0 0 0 80
60 G 626778 52 69 17 626574 0 0 0 13 53
61 A 623026 622813 32 6 85 14 0 0 0 76
62 A 643139 642921 31 7 91 22 0 0 0 67
63 T 610898 47 610612 95 9 0 13 0 0 122
64 G 631075 194 82 30 630668 0 0 0 15 86
65 C 642413 88 153 642006 57 0 0 24 0 85
66 A 613273 613007 36 9 107 24 0 0 0 90
67 A 655206 654665 50 23 105 39 0 0 0 324
68 C 649979 74 34 649786 17 0 0 23 0 45
69 T 640364 62 639970 158 23 0 12 0 0 139
70 G 645634 162 64 21 645260 0 0 0 43 84
71 A 601254 600899 37 14 139 36 0 0 0 129
72 G 644862 162 64 16 644500 0 0 0 32 88
73 A 596977 596684 33 4 98 12 0 0 0 146
74 T 647301 60 646848 95 5 0 10 0 0 283
75 C 607971 85 63 607696 15 0 0 43 0 69
76 A 571747 571373 48 23 204 36 0 0 0 63
77 G 593947 114 72 23 593659 0 0 0 14 65
78 A 590961 590616 28 9 145 5 0 0 0 158
79 G 619532 154 57 28 619199 0 0 0 16 78
80 C 605476 116 133 605055 40 0 0 36 0 96
81 A 574192 573873 27 22 98 23 0 0 0 149
82 T 587322 39 586985 87 12 0 14 0 0 185
83 C 590001 73 54 589778 34 0 0 13 0 49
84 C 595908 85 120 595608 17 0 0 8 0 70
85 G 580275 172 46 12 579951 0 0 0 21 73
86 T 583564 28 583014 69 16 0 14 0 0 423
87 C 582368 63 149 582031 20 0 0 8 0 97
88 G 585517 255 65 36 585100 1 0 0 11 49
89 G 588368 80 75 21 588144 0 0 0 10 38
90 G 602251 119 53 20 601997 0 0 0 9 53
91 A 600184 599830 39 8 123 11 0 0 0 173
92 A 598802 598557 36 8 112 10 0 0 0 79
93 G 586893 90 63 15 586630 0 0 0 21 74
94 A 577653 577350 44 3 89 12 0 0 0 155
95 T 570973 53 570728 62 12 0 7 0 0 111
96 G 577854 109 67 16 577606 0 0 0 10 46
97 A 601645 601334 43 1 107 6 0 0 0 154
98 T 600942 59 600698 80 13 0 25 0 0 67
99 T 587511 52 587222 162 15 0 13 0 0 47
100 G 589219 127 55 17 588964 0 0 0 7 49
101 A 586090 585694 56 14 144 11 0 0 0 171
102 T 576235 151 575904 67 15 0 9 0 0 89
103 G 570066 155 57 17 569789 0 0 0 21 27
104 G 591118 62 54 24 590874 0 0 0 39 65
105 A 574868 574572 44 5 130 6 0 0 0 111
106 A 559795 559606 26 4 102 7 0 0 0 50
107 T 563463 32 563289 59 9 0 13 0 0 61
108 T 556964 36 556773 68 17 0 24 0 0 46
109 G 568488 93 48 22 568192 0 0 0 27 106
110 G 559884 78 51 23 559662 0 0 0 2 68
111 A 544624 543868 34 17 207 2 0 0 0 496
112 C 557164 66 130 556806 29 0 0 36 0 97
113 G 491820 144 48 16 491507 0 0 0 28 77
114 A 556808 556526 30 8 79 50 0 0 0 115
115 T 566005 44 565745 111 17 0 13 0 0 75
116 T 527146 33 526945 72 7 0 7 0 0 82
117 C 529016 78 55 528799 22 0 0 16 0 46
118 T 519354 48 518997 236 13 0 18 0 0 42
119 A 538084 537486 61 16 92 21 0 0 0 408
120 C 536333 74 82 536099 26 0 0 15 0 37
121 A 490228 490018 33 14 66 15 0 0 0 82
122 T 499824 49 499367 75 122 0 29 0 0 182
123 C 464884 39 67 464701 14 0 0 22 0 41
124 C 470170 87 51 469887 52 0 0 20 0 73
125 A 468110 467808 22 14 91 19 0 0 0 156
126 A 452554 452263 8 7 55 17 0 0 0 204
127 A 452375 452157 45 9 59 10 0 0 0 95
128 T 434517 33 434370 40 18 0 7 0 0 49
129 G 515449 125 49 15 515178 0 0 0 24 58
130 T 492654 43 491693 89 12 0 14 0 0 803
131 G 497999 99 50 35 497738 0 0 0 10 67
132 C 498238 75 119 497932 37 0 0 7 0 68
133 A 491521 490871 61 12 78 5 0 0 0 494
134 C 489283 48 56 489074 10 0 0 18 0 77
135 T 472086 39 471835 107 7 0 8 0 0 90
136 G 518533 82 37 29 518296 0 0 0 21 68
137 A 545576 545321 31 4 94 23 0 0 0 103
138 A 570376 569809 39 8 90 17 0 0 0 413
139 C 611706 74 57 611461 19 0 0 26 0 69
140 T 611305 22 611087 117 7 0 15 0 0 57
141 T 610191 74 609902 147 12 0 19 0 0 37
142 A 617757 617504 79 7 93 29 0 0 0 45
143 A 617620 617456 25 17 71 14 0 0 0 37
144 A 660853 660165 40 58 79 13 0 0 0 498
145 C 658520 54 58 658293 13 0 0 30 0 72
146 T 614418 30 614060 128 3 0 13 0 0 184
147 C 631333 95 90 630996 22 0 0 22 0 108
148 A 614746 614420 43 18 163 16 0 0 0 86
149 G 667969 62 72 17 667738 0 0 0 24 56
150 T 664680 76 663102 109 25 0 18 0 0 1350
151 G 729519 124 64 11 729207 0 0 0 33 80
152 A 750180 749782 54 7 180 27 0 0 0 130
153 T 709699 65 709453 89 14 0 20 0 0 58
154 T 741151 30 740909 156 9 0 30 0 0 17
155 A 743984 743687 62 13 126 32 0 0 0 64
156 T 750844 74 750519 136 25 0 16 0 0 74
157 G 752741 153 87 21 752370 0 0 0 26 84
158 A 711256 710811 71 14 216 10 0 0 0 134
159 G 714441 141 115 19 714048 0 0 0 36 82
160 G 661415 139 75 18 661065 0 0 0 33 85
161 G 646816 116 40 25 646445 0 0 0 10 180
162 G 645915 152 48 42 645466 0 0 0 8 199
163 C 612015 75 176 611438 149 0 0 6 0 171
164 G 618208 199 71 28 617725 0 0 0 7 178
165 A 618506 617518 60 22 88 5 0 0 0 813
166 C 619547 98 96 619256 21 0 0 3 0 73
167 T 615636 47 615349 149 10 0 3 0 0 78
168 G 607392 108 57 32 607076 0 0 0 27 92
169 A 662203 661859 49 16 93 38 0 0 0 148
170 T 639649 69 639274 112 10 0 3 0 0 181
171 C 630380 83 65 630145 22 0 0 8 0 57
172 C 629895 76 63 629639 29 0 0 29 0 59
173 A 608448 608143 42 29 119 36 0 0 0 79
174 G 612275 132 59 17 611947 0 0 0 26 94
175 A 585529 585318 37 9 80 4 0 0 0 81
176 A 585905 585504 42 17 87 4 0 0 0 251
177 C 588065 55 75 587794 23 0 0 56 0 62
178 A 470123 469938 12 23 74 21 0 0 0 55
179 G 479446 66 57 16 479219 0 0 0 12 76
180 C 473573 48 39 473411 23 0 0 9 0 43
181 T 471735 27 471567 48 26 0 11 0 0 56
182 T 476378 58 476066 185 6 0 16 0 0 47
183 A 468059 467855 46 15 91 22 0 0 0 30
184 A 498713 498383 56 19 71 29 0 0 0 155
185 C 517076 83 57 516853 19 0 0 20 0 44
186 A 486878 486698 36 28 79 8 0 0 0 29
187 A 497514 497326 49 11 61 39 0 0 0 28
188 T 449633 40 449435 66 11 0 16 0 0 65
189 A 466388 466155 41 12 125 18 0 0 0 37
190 G 472827 64 51 17 472610 0 0 0 28 57
191 A 481305 481036 24 6 114 25 0 0 0 100
192 G 487323 64 34 13 487100 0 0 0 37 75
193 A 440977 440693 21 4 101 18 0 0 0 140
194 G 465081 68 44 9 464806 0 0 0 15 139
195 A 467762 467523 24 6 100 17 0 0 0 92
196 A 477271 477097 30 6 77 23 0 0 0 38
197 T 479937 48 479643 51 15 0 12 0 0 168
198 G 461428 66 46 13 461188 0 0 0 14 101
199 G 466657 110 61 19 466359 0 0 0 21 87
200 T 435975 55 433852 70 12 0 7 0 0 1979
201 G 471679 187 66 19 471303 0 0 0 5 99
202 C 471080 44 51 470840 20 0 0 9 0 116
203 T 471508 22 471182 83 19 0 13 0 0 189
204 C 481678 52 43 481449 20 0 0 17 0 97
205 T 480576 31 480336 95 6 0 12 0 0 96
206 C 516049 68 39 515832 26 0 0 8 0 76
207 T 513086 47 512840 119 11 0 6 0 0 63
208 G 520650 271 81 24 520206 0 0 0 7 61
209 C 521102 58 62 520855 42 0 0 11 0 74
210 T 508017 17 507791 123 27 0 4 0 0 55
211 T 518394 19 518230 74 21 0 9 0 0 41
212 T 509713 26 509543 86 14 0 9 0 0 35
213 T 492659 28 492456 76 55 0 6 0 0 38
214 G 496013 112 34 25 495758 0 0 0 3 81
215 A 490118 489707 45 38 90 2 0 0 0 236
216 C 500959 34 202 500600 53 0 0 12 0 58
217 G 484520 235 46 21 484133 0 0 0 6 79
218 A 462340 462129 25 3 89 7 0 0 0 87
219 A 463691 463542 15 3 81 4 0 0 0 46
220 A 465895 465715 15 5 118 4 0 0 0 38
221 G 470173 87 34 19 469986 0 0 0 5 42
222 A 476551 476363 23 6 86 3 0 0 0 70
223 A 475819 475641 30 10 84 12 0 0 0 42
224 G 494956 90 47 19 494724 0 0 0 24 52
225 G 550217 96 53 18 549945 0 0 0 36 69
226 A 539129 538922 38 2 112 10 0 0 0 45
227 A 558018 557794 40 15 110 19 0 0 0 40
228 T 532459 82 532175 87 6 0 28 0 0 81
229 A 529046 528829 45 6 107 30 0 0 0 29
230 A 529162 528992 45 4 72 25 0 0 0 24
231 A 521207 520991 62 31 66 12 0 0 0 45
232 T 523281 73 523001 116 4 0 18 0 0 69
233 A 469891 469692 42 9 55 30 0 0 0 63
234 T 412005 39 411797 80 5 0 8 0 0 76
235 C 420022 46 47 419861 17 0 0 19 0 32
236 T 395131 33 394907 107 15 0 16 0 0 53
237 G 397608 138 55 20 397333 0 0 0 10 52
238 G 389517 67 35 24 389335 0 0 0 13 43
239 A 384416 384207 35 7 77 12 0 0 0 78
240 A 364813 364649 27 9 82 10 0 0 0 36
241 G 380558 74 29 15 380311 0 0 0 20 109
242 A 370387 370254 31 0 61 4 0 0 0 37
243 A 412666 412322 35 17 86 7 0 0 0 199
244 C 415927 70 63 415743 13 0 0 8 0 30
245 A 398226 398045 19 15 49 9 0 0 0 89
246 T 537603 73 537085 108 11 0 38 0 0 288
247 C 528842 63 81 528634 22 0 0 7 0 35
248 C 555821 72 69 555600 30 0 0 4 0 46
249 C 557065 91 73 556812 26 0 0 29 0 34
250 A 533158 532842 9 44 138 27 0 0 0 98
251 G 579789 157 75 29 579434 0 0 0 17 77
252 C 574825 84 134 574430 94 0 0 7 0 76
253 G 571043 292 62 81 570538 0 0 0 6 64
254 C 577991 82 81 577553 112 0 0 25 0 138
255 G 577090 220 94 75 576643 0 0 0 22 36
256 G 628276 89 83 22 628023 0 0 0 26 33
257 G 621289 109 69 18 621030 0 0 0 10 53
258 G 646554 142 78 10 646232 0 0 0 14 78
259 A 648437 648018 29 5 220 15 0 0 0 150
260 A 644428 644138 39 12 162 21 0 0 0 56
261 G 657173 153 121 24 656743 0 0 0 26 106
262 G 667405 131 58 10 667116 0 0 0 21 69
263 A 666238 665778 74 2 122 8 0 0 0 254
264 T 664595 77 664065 117 12 0 28 0 0 296
265 C 635060 68 90 634806 22 0 0 19 0 55
266 C 626166 98 92 625888 17 0 0 22 0 49
267 T 606412 36 606093 209 3 0 19 0 0 52
268 A 606698 606546 25 10 78 3 0 0 0 36
269 A 606656 606477 27 11 102 3 0 0 0 36
270 G 606751 95 40 13 606513 0 0 0 18 72
271 A 581830 581644 23 8 98 6 0 0 0 51
272 A 570205 570045 9 5 103 10 0 0 0 33
273 A 560419 560291 10 2 81 6 0 0 0 29
274 A 530408 530006 34 43 54 2 0 0 0 269
275 C 535544 62 38 535238 9 0 0 6 0 191
276 T 516812 29 516549 112 18 0 11 0 0 93
277 G 514256 74 63 19 514041 0 0 0 9 50
278 G 512653 59 52 17 512466 0 0 0 2 57
279 A 506232 505878 22 5 147 0 0 0 0 180
280 G 500841 71 47 19 500633 0 0 0 5 66
281 G 495295 54 16 14 495083 0 0 0 6 122
282 A 481426 479824 46 5 105 9 0 0 0 1437
283 C 521186 54 66 520940 25 0 0 39 0 62
284 C 512335 65 39 512165 16 0 0 3 0 47
285 C 510990 80 78 510744 17 0 0 30 0 41
286 A 566258 565931 44 29 92 58 0 0 0 104
287 T 555802 63 555550 86 7 0 27 0 0 69
288 A 653163 652920 64 15 84 37 0 0 0 43
289 T 651282 71 650974 129 10 0 22 0 0 76
290 A 581670 581047 80 13 85 33 0 0 0 412
291 C 591649 85 84 591353 25 0 0 54 0 48
292 A 512256 512050 31 20 105 20 0 0 0 30
293 A 514179 513947 31 23 121 9 0 0 0 48
294 G 507020 134 48 15 506610 0 0 0 71 142
295 A 394928 394672 26 9 99 31 0 0 1 90
296 G 399743 73 33 16 399550 0 0 0 22 49
297 A 374490 374275 36 3 71 10 0 0 0 95
298 G 381474 81 34 11 381303 0 0 0 5 40
299 T 389229 39 387068 58 7 0 8 0 0 2049
300 A 402443 402219 57 4 106 8 0 0 0 49
301 G 431420 96 49 18 431211 0 0 0 14 32
302 A 427693 427501 49 3 55 1 0 0 0 84
303 T 454725 50 454536 67 11 0 8 0 0 53
304 A 448960 448812 22 6 82 9 0 0 0 29
305 G 455185 96 43 14 454989 0 0 0 10 33
306 A 453715 453544 20 2 84 7 0 0 0 58
307 A 453823 453702 30 0 61 3 0 0 0 27
308 A 452759 452635 18 4 75 4 0 0 0 23
309 G 468224 127 20 12 468017 0 0 0 22 26
310 T 469419 50 467800 60 9 0 10 0 0 1490
311 G 478638 78 58 13 478433 0 0 0 8 48
312 G 479378 64 63 10 479203 0 0 0 6 32
313 A 479436 479123 36 5 112 8 0 0 0 152
314 T 483616 42 483394 63 9 0 13 0 0 95
315 G 498839 115 61 20 498571 0 0 0 14 58
316 A 502595 502326 54 9 99 9 0 0 0 98
317 G 504300 94 79 17 504065 0 0 0 4 41
318 G 501234 73 63 22 500985 0 0 0 5 86
319 G 503216 249 65 20 502681 0 0 0 18 183
320 A 505838 505563 26 7 95 19 0 0 0 128
321 A 507808 506926 33 17 83 9 0 0 0 740
322 C 509919 67 62 509693 21 0 0 8 0 68
323 T 506349 36 505938 106 4 0 6 0 0 259
324 C 498495 79 98 498217 17 0 0 21 0 63
325 G 487004 161 31 29 486717 0 0 0 16 50
326 T 499888 44 499269 100 15 0 13 0 0 447
327 C 531192 63 64 530947 20 0 0 29 0 69
328 C 554832 65 47 554557 12 0 0 47 0 104
329 T 565659 18 565441 141 15 0 7 0 0 37
330 T 565932 23 565776 70 27 0 13 0 0 23
331 T 548657 48 548436 120 5 0 18 0 0 30
332 A 509067 508750 83 14 139 28 0 0 0 53
333 T 502527 64 502241 97 40 0 15 0 0 70
334 G 504633 426 44 19 504037 0 0 0 13 94
335 A 445066 444546 63 20 101 9 0 0 0 327
336 C 451236 75 73 450901 28 0 0 33 0 126
337 A 394886 394737 15 31 56 13 0 0 0 34
338 A 400448 400332 18 7 61 5 0 0 0 25
339 A 407290 407001 17 10 207 11 0 0 0 44
340 G 470757 93 45 12 470438 0 0 0 33 136
341 A 485245 485063 25 4 88 2 0 0 0 63
342 A 479306 479100 27 5 115 13 0 0 0 46
343 G 538116 136 31 16 537620 0 0 0 46 267
344 A 561576 561327 31 7 131 29 0 0 0 51
345 A 563309 563140 23 6 91 11 0 0 0 38
346 A 564096 563874 51 9 103 10 0 0 0 49
347 T 557794 66 557363 90 7 0 19 0 0 249
348 A 551897 551689 23 6 136 26 0 0 0 17
349 A 549367 549098 38 13 129 22 0 0 0 67
350 G 549321 63 69 15 549128 0 0 0 12 34
351 G 549131 61 36 15 548878 0 0 0 16 125
352 C 528884 78 86 528489 42 0 0 14 0 175
353 G 525497 108 71 20 525036 0 0 0 9 253
354 A 539116 538914 35 9 69 10 0 0 0 79
355 A 558805 558514 17 16 81 15 0 0 0 162
356 T 556988 53 556500 62 35 0 1 0 0 337
357 C 556841 69 47 556611 16 0 0 1 0 97
358 T 544360 55 543903 135 23 0 6 0 0 238
359 G 550133 116 50 13 549882 0 0 0 7 65
360 G 536565 89 40 11 536322 0 0 0 7 96
361 C 544475 73 134 543973 32 0 0 7 0 256
362 G 544485 155 51 42 544067 0 0 0 0 170
363 C 540418 52 44 540218 18 0 0 8 0 78
364 C 524432 40 61 523472 22 0 0 8 0 829
365 A 523500 523296 32 10 102 13 0 0 0 47
366 A 547407 547173 30 21 72 22 0 0 0 89
367 G 615548 215 40 41 615147 0 0 0 31 74
368 C 612634 70 85 612341 44 0 0 19 0 75
369 C 653132 73 58 652843 22 0 0 45 0 91
370 A 654597 654337 20 30 106 29 0 0 0 75
371 A 663914 663668 60 11 79 37 0 0 0 59
372 T 677506 89 677170 140 8 0 34 0 0 65
373 A 670111 669854 43 7 137 24 0 0 0 46
374 A 674690 674460 48 17 84 33 0 0 0 48
375 T 644405 64 644105 65 24 0 40 0 0 107
376 G 607155 148 71 24 606834 0 0 0 27 51
377 G 561157 103 41 21 560911 0 0 0 28 53
378 T 512536 49 510237 88 21 0 13 0 0 2128
379 G 515766 130 53 13 515494 0 0 0 14 62
380 A 511016 510755 38 5 101 13 0 0 0 104
381 T 510080 44 509863 79 10 0 17 0 0 67
382 G 505038 118 55 17 504778 0 0 0 13 57
383 A 507241 506984 38 14 104 27 0 0 0 74
384 T 515955 60 515672 107 6 0 19 0 0 91
385 G 510107 134 46 33 509822 0 0 0 10 62
386 C 502960 63 102 502675 40 0 0 5 0 75
387 A 497982 497780 14 9 124 7 0 0 0 48
388 A 492296 491956 41 8 73 14 0 0 0 204
389 C 477157 49 39 476980 25 0 0 24 0 40
390 A 464199 464013 23 16 91 5 0 0 0 51
391 G 466096 69 46 21 465888 0 0 0 9 63
392 C 447520 36 29 447377 14 0 0 13 0 51
393 T 431350 33 431182 67 9 0 14 0 0 45
394 G 501000 83 43 14 500782 0 0 0 21 57
395 G 514303 59 57 25 514113 0 0 0 7 42
396 T 514947 56 513987 79 7 0 3 0 0 815
397 C 554991 93 69 554691 15 0 0 29 0 94
398 T 537912 36 537614 161 13 0 25 0 0 63
399 G 618501 221 73 90 618000 0 0 0 30 87
400 A 620285 619292 85 10 123 9 0 0 0 766
401 C 656749 57 62 656477 39 0 0 17 0 97
402 T 669143 71 668702 185 10 0 33 0 0 142
403 C 669366 87 87 668995 31 0 0 46 0 120
404 A 667311 666419 73 27 115 35 0 0 0 642
405 C 722098 90 97 721769 35 0 0 28 0 79
406 A 721971 721682 42 25 141 9 0 0 0 72
407 T 741038 65 740708 122 18 0 35 0 0 90
408 G 702355 186 81 33 701989 0 0 0 28 38
409 A 729096 728697 57 5 167 27 0 0 0 143
410 T 706292 71 706003 94 15 0 23 0 0 86
411 G 713445 191 59 19 713067 0 0 0 23 86
412 A 697369 697000 52 9 112 12 0 0 0 184
413 T 691394 49 690969 98 8 0 46 0 0 224
414 C 628304 79 55 628046 30 0 0 23 0 71
415 T 621172 70 620798 173 46 0 13 0 0 72
416 G 601543 110 60 29 601272 0 0 0 7 65
417 G 604988 91 73 27 604706 0 0 0 6 85
418 C 589563 77 94 589138 55 0 0 2 0 197
419 A 585995 585690 62 14 81 13 0 0 0 135
420 T 575947 23 575779 89 12 0 10 0 0 34
421 T 571677 32 571442 112 2 0 2 0 0 87
422 C 572402 58 62 572193 16 0 0 6 0 67
423 C 570496 75 95 570240 23 0 0 9 0 54
424 A 570142 569995 30 4 76 5 0 0 0 32
425 A 567425 567253 30 2 78 2 0 0 0 60
426 T 562235 26 562097 60 5 0 0 0 0 47
427 T 561655 28 561509 66 7 0 4 0 0 41
428 T 555659 34 555454 95 18 0 9 0 0 49
429 G 559249 139 66 26 558905 0 0 0 12 101
430 A 546694 546473 40 6 110 3 0 0 0 62
431 A 546348 546178 23 8 89 10 0 0 0 40
432 T 552942 36 552727 78 7 0 15 0 0 79
433 G 522116 80 55 18 521888 0 0 0 19 56
434 A 565110 564893 46 1 81 27 0 0 0 62
435 T 561596 53 561364 99 4 0 4 0 0 72
436 A 562064 561521 50 6 154 23 0 0 0 310
437 C 605369 90 87 605047 37 0 0 37 0 71
438 A 575841 575566 19 20 149 32 0 0 0 55
439 A 674170 673658 67 27 127 55 0 0 0 236
440 C 680307 108 72 679993 28 0 0 38 0 68
441 A 684889 684609 50 39 91 45 0 0 0 55
442 T 704656 77 704288 109 5 0 79 0 0 98
443 A 595764 594133 69 31 84 35 0 0 0 1412
444 C 615091 86 73 614841 22 0 0 23 0 46
445 C 617733 86 66 617436 36 0 0 47 0 62
446 A 610008 609660 58 26 184 25 0 0 0 55
447 G 630632 128 64 26 630305 0 0 0 44 65
448 A 565531 565236 29 10 132 20 0 0 0 104
449 G 621924 128 70 31 621583 0 0 0 27 85
450 G 614730 138 36 26 614405 0 0 0 22 103
451 A 618743 618022 79 13 171 6 0 0 0 452
452 C 628805 32 80 628547 44 0 0 17 0 85
453 A 617689 617441 45 17 113 13 0 0 0 60
454 A 631141 630840 52 35 137 6 0 0 0 71
455 G 653761 158 40 12 653470 0 0 0 19 62
456 A 675284 674940 21 10 96 7 0 0 0 210
457 G 698290 117 57 33 697966 0 0 0 24 93
458 C 727030 64 58 726759 33 0 0 24 0 92
459 T 726252 20 725897 137 5 0 7 0 0 186
460 C 733626 74 53 733380 16 0 0 10 0 93
461 T 731576 44 731341 106 11 0 11 0 0 63
462 T 742309 48 742069 111 9 0 10 0 0 62
463 G 748739 90 45 13 748525 0 0 0 8 58
464 T 759637 76 759159 94 24 0 8 0 0 276
465 T 758726 47 758479 104 5 0 13 0 0 78
466 C 764628 128 180 764147 44 0 0 19 0 110
467 G 761339 298 63 42 760795 0 0 0 13 128
468 C 780395 82 117 780052 40 0 0 12 0 92
469 A 773244 770771 58 12 134 2 0 0 0 2267
470 C 777259 60 160 776910 24 0 0 8 0 97
471 C 771165 114 185 770724 54 0 0 16 0 72
472 G 786927 359 63 19 786346 0 0 0 34 106
473 G 796006 210 86 37 795550 0 0 0 22 101
474 C 831897 116 145 831460 64 0 0 2 0 110
475 A 835992 835647 58 25 164 5 0 0 0 93
476 T 879592 44 879236 131 35 0 39 0 0 107
477 G 876623 254 135 31 876069 0 0 0 50 84
478 G 921018 164 55 30 920650 0 0 0 53 66
479 A 965592 964992 59 16 198 40 0 0 0 287
480 T 982730 115 981903 198 21 0 55 0 0 438
481 C 917464 97 179 917009 31 0 0 56 0 92
482 C 872295 132 92 871937 34 0 0 31 0 69
483 C 819764 195 115 819298 43 0 0 36 0 77
484 A 832228 831722 31 43 292 36 0 0 0 104
485 G 874639 173 95 39 874201 0 0 0 35 96
486 G 842949 167 66 26 842533 0 0 0 48 109
487 A 801775 801175 78 13 211 46 0 0 0 252
488 T 712212 39 711905 104 20 0 25 0 0 119
489 G 725906 268 74 20 725347 0 0 0 32 165
490 T 702876 95 701719 124 19 0 16 0 0 903
491 G 704739 268 89 39 704258 0 0 0 9 76
492 C 708937 87 107 708559 40 0 0 10 0 134
493 T 685241 35 684826 122 34 0 18 0 0 206
494 C 707203 102 58 706811 32 0 0 44 0 156
495 T 678229 36 677919 148 11 0 12 0 0 103
496 C 689161 100 75 688869 31 0 0 23 0 63
497 T 687095 71 686758 154 16 0 21 0 0 75
498 G 650531 105 70 13 650269 0 0 0 15 59
499 A 651919 651623 61 7 121 14 0 0 0 93
500 T 641899 46 641667 94 6 0 13 0 0 73
501 G 633942 179 66 30 633607 0 0 0 4 56
502 C 636046 87 112 635677 40 0 0 18 0 112
503 A 602511 602156 25 15 170 12 0 0 0 133
504 G 607223 97 72 18 606980 0 0 0 26 30
505 G 581228 77 33 21 581062 0 0 0 10 25
506 G 610552 74 54 19 610358 0 0 0 12 35
507 T 595248 21 592377 87 9 0 5 0 0 2749
508 T 599859 29 599679 69 3 0 9 0 0 70
509 C 602100 61 174 601746 33 0 0 5 0 81
510 G 602276 239 70 24 601862 0 0 0 9 72
511 A 608053 605289 54 13 129 10 0 0 0 2558
512 C 603888 59 53 603656 30 0 0 7 0 83
513 T 588130 22 587771 119 7 0 19 1 0 191
514 C 649762 64 62 649473 27 0 0 48 0 88
515 T 661592 69 660982 208 15 0 34 0 0 284
516 C 818282 84 165 817833 30 0 0 85 0 85
517 C 805766 93 90 805465 21 0 0 22 0 75
518 C 803049 96 122 802718 24 0 0 31 0 58
519 T 798776 98 798350 171 11 0 40 0 0 106
520 A 873609 873157 51 22 210 40 0 0 0 129
521 G 831800 132 96 31 831425 0 0 0 23 93
522 G 807735 192 68 21 807281 0 0 0 52 121
523 A 740168 739608 53 15 192 19 0 0 0 281
524 G 748192 82 46 18 747882 0 1 0 76 87
525 G 719441 111 51 18 719137 0 0 0 62 62
526 T 711224 46 708915 96 13 0 3 0 0 2151
527 C 703987 75 63 703695 35 0 0 6 0 113
528 T 722457 47 721904 343 30 0 17 0 0 116
529 G 723148 134 80 30 722822 0 0 0 22 60
530 G 726501 82 49 17 726197 0 0 0 23 133
531 A 724277 723752 35 8 171 11 0 0 0 300
532 G 740896 100 69 25 740590 0 0 0 13 99
533 C 732424 102 75 732069 22 0 0 26 0 130
534 T 707414 25 707010 169 15 0 8 0 0 187
535 G 709291 304 82 39 708780 0 0 0 7 79
536 C 713287 79 137 712920 47 0 0 5 0 99
537 A 715616 715033 92 42 342 1 0 0 0 106
538 G 733563 105 81 22 733269 0 0 0 5 81
539 G 744463 94 50 21 744214 0 0 0 10 74
540 C 740824 85 177 740333 67 0 0 10 0 152
541 G 732652 249 89 27 732143 0 0 0 12 132
542 C 738457 74 72 738177 28 0 0 12 0 94
543 T 725699 26 725294 215 26 0 9 0 0 129
544 G 748421 284 91 36 747902 0 0 0 11 97
545 C 736531 89 330 735943 46 0 0 25 0 98
546 A 778374 777900 55 24 190 41 0 0 0 164
547 G 801615 175 46 37 801286 0 0 0 28 43
548 T 811412 66 810544 163 62 0 18 0 0 559
549 C 822148 104 156 821673 42 0 0 28 0 145
550 A 816856 816483 58 59 154 33 0 0 0 69
551 A 810679 810401 55 23 108 27 0 0 0 65
552 A 810747 809921 69 66 583 21 0 0 0 87
553 G 781098 125 71 14 780818 0 0 0 12 58
554 G 804976 184 52 18 804582 0 0 0 62 78
555 A 721822 721098 50 14 252 39 0 0 0 369
556 G 710492 205 70 36 710064 0 0 0 17 100
557 T 694667 51 693560 106 23 0 21 0 0 906
558 T 675719 35 675483 87 30 0 12 0 0 72
559 G 686724 136 85 30 686345 0 0 0 36 92
560 G 692707 158 68 33 692325 0 0 0 48 75
561 G 695459 239 56 33 695053 0 0 0 11 67
562 A 678896 678086 74 45 177 12 0 0 0 502
563 C 603441 74 87 603115 37 0 0 36 0 92
564 A 537646 537432 44 12 98 26 0 0 0 34
565 A 447616 447442 39 7 76 13 0 0 0 39
566 T 450902 51 450707 60 21 0 5 0 0 58
567 G 464292 116 52 16 464069 0 0 0 9 30
568 G 472726 93 27 19 472527 0 0 0 36 24
569 T 429876 48 426998 65 10 0 15 0 0 2740
570 G 429963 100 47 17 429750 0 0 0 11 38
571 A 426019 425786 39 3 77 8 0 0 0 106
572 T 426275 50 426086 57 13 0 7 0 0 62
573 G 419431 86 59 12 419214 0 0 0 20 40
574 G 384952 41 30 7 384821 0 0 0 15 38
575 A 462552 462243 29 8 144 11 0 0 0 117
576 G 484217 104 22 11 484023 0 0 0 21 36
577 T 472808 26 472045 63 21 0 16 0 0 637
578 T 535790 44 535559 86 14 0 38 0 0 49
579 G 568993 157 63 15 568693 0 0 0 26 39
580 A 572676 572330 55 5 147 7 0 0 0 132
581 T 559156 40 558935 101 4 0 11 0 0 65
582 A 555600 555388 22 6 117 23 0 0 0 44
583 A 543829 543597 36 23 118 22 0 0 0 33
584 G 577503 83 80 13 577265 0 0 0 30 32
585 G 612980 304 35 17 612569 0 0 0 10 45
586 A 615445 615137 54 3 105 23 0 0 0 123
587 T 568029 46 567761 71 7 0 34 0 0 110
588 G 589530 133 56 23 589224 0 0 0 44 50
589 A 593618 593328 42 7 129 11 0 0 0 101
590 T 595565 84 595207 116 9 0 3 0 0 146
591 C 592231 91 76 591962 27 0 0 14 0 61
592 A 587973 587783 16 22 93 25 0 0 0 34
593 A 569878 569701 10 10 85 20 0 0 0 52
594 A 571744 571376 26 65 81 8 0 0 0 188
595 C 558126 70 89 557848 37 0 0 7 0 75
596 G 547095 133 50 19 546823 0 0 0 14 56
597 T 527596 29 526422 66 32 0 11 0 0 1036
598 G 520736 128 62 25 520462 0 0 0 11 48
599 G 527088 108 72 23 526831 0 0 0 11 43
600 G 544184 120 53 14 543939 0 0 0 4 54
601 A 546215 545814 44 4 211 8 0 0 0 134
602 T 547384 40 547113 99 4 0 6 0 0 122
603 C 536477 59 61 536238 22 0 0 12 0 85
604 A 530058 529842 15 17 126 9 0 0 0 49
605 A 531551 531380 15 5 100 6 0 0 0 45
606 T 530048 44 529857 70 13 0 8 0 0 56
607 G 541433 70 41 11 541245 0 0 0 17 49
608 A 530091 529834 41 13 72 9 0 0 0 122
609 T 498489 43 498250 40 4 0 5 0 0 147
610 C 515899 73 104 515646 11 0 0 3 0 62
611 G 514463 147 71 19 514177 0 0 0 9 40
612 G 560143 152 38 43 559856 0 0 0 22 32
613 A 561684 561447 19 8 89 7 0 0 0 114
614 A 546314 545583 24 8 187 31 0 0 0 481
615 C 676241 49 52 675921 33 0 0 93 0 93
616 T 660157 41 659871 141 29 0 13 0 0 62
617 T 646446 37 646228 92 11 0 9 0 0 69
618 C 657634 108 86 657312 24 0 0 32 0 72
619 T 660383 59 659963 206 23 0 44 0 0 88
620 G 663424 201 98 28 662969 0 0 0 42 86
621 G 670279 157 50 20 669976 0 0 0 15 61
622 A 660083 659481 67 8 207 2 0 0 0 318
623 G 632905 76 58 16 632647 0 0 0 66 42
624 A 511398 510914 27 27 170 41 0 0 0 219
625 G 550889 87 58 21 550652 0 0 0 37 34
626 G 586384 105 27 25 586165 0 0 0 11 51
627 T 557927 45 551948 115 63 0 4 0 0 5752
628 G 552934 115 86 19 552617 0 0 0 13 84
629 A 551230 550960 49 6 142 12 0 0 0 61
630 A 556476 556272 21 39 82 8 0 0 0 54
631 A 560120 559930 30 18 119 1 0 0 0 22
632 A 555276 555016 107 13 96 4 0 0 0 40
633 T 537304 33 537078 65 26 0 22 0 0 80
634 G 507688 109 48 22 507453 0 0 0 20 36
635 G 505864 73 38 18 505692 0 0 0 3 40
636 A 506265 505804 32 8 142 7 0 0 0 272
637 C 494995 60 118 494704 38 0 0 4 0 71
638 G 492528 122 38 17 492282 0 0 0 3 66
639 A 492649 492482 30 7 86 7 0 0 0 37
640 A 497074 496956 15 12 71 4 0 0 0 16
641 A 498572 498449 7 8 72 10 0 0 0 26
642 A 495281 495159 16 22 57 9 0 0 0 18
643 A 493114 492744 42 145 63 4 0 0 0 116
644 C 485582 76 35 485431 16 0 0 6 0 18
645 A 483927 483728 19 20 97 8 0 0 0 55
646 A 481432 481256 25 2 107 10 0 0 0 32
647 G 492610 96 65 16 492389 0 0 0 9 35
648 G 468518 123 51 14 468270 0 0 0 10 50
649 A 447745 447514 30 4 90 14 0 0 0 93
650 G 455415 91 24 9 455178 0 0 0 31 82
651 T 432686 50 430140 53 7 0 19 0 0 2417
652 G 451453 101 54 27 451170 0 0 0 29 72
653 C 445938 50 36 445746 35 0 0 12 0 59
654 T 439962 22 439820 68 8 0 13 0 0 31
655 T 471179 29 471001 95 9 0 19 0 0 26
656 A 449389 449060 23 22 68 26 0 0 0 190
657 C 492783 64 321 492272 51 0 0 22 0 53
658 G 492253 115 56 19 491984 0 0 0 24 55
659 A 444981 444751 32 13 98 11 0 0 0 76
660 G 493181 47 39 13 492938 0 0 0 60 84
661 A 400951 400708 27 17 90 29 0 0 0 80
662 G 411688 75 28 18 411468 0 0 0 11 88
663 A 401909 401726 20 8 94 10 0 0 0 51
664 A 348358 348235 14 10 51 13 0 0 0 35
665 T 350442 33 350292 46 10 0 7 0 0 54
666 G 365390 84 27 13 365185 0 0 0 23 58
667 T 426821 63 426018 108 12 0 10 0 0 610
668 G 445682 129 59 34 445357 0 0 0 12 91
669 C 447901 43 96 447607 42 0 0 13 0 100
670 A 441806 441628 20 15 88 9 0 0 0 46
671 A 452427 452083 57 18 63 11 0 0 0 195
672 C 484706 49 57 484525 12 0 0 12 0 51
673 A 479997 479811 32 19 69 11 0 0 0 55
674 T 465947 14 465737 116 5 0 14 1 0 60
675 T 466150 33 465952 82 3 0 11 0 0 69
676 C 474449 29 44 474261 14 0 0 3 0 98
677 T 473673 44 473399 108 7 0 5 0 0 110
678 C 493079 68 75 492787 10 0 0 5 0 134
679 A 490605 490424 19 26 74 7 0 0 0 55
680 A 492023 491850 36 6 74 9 0 0 0 48
681 A 491535 491324 18 7 149 4 0 0 0 33
682 G 503606 71 47 11 503411 0 0 0 9 57
683 G 513143 94 32 28 512903 0 0 0 3 83
684 A 509169 508918 37 10 174 4 0 0 0 26
685 A 507875 507752 15 6 75 2 0 0 0 25
686 A 508272 508161 12 7 64 6 0 0 0 22
687 A 538439 538228 80 5 52 17 0 0 1 56
688 T 540358 42 540167 66 5 0 2 0 0 76
689 T 531958 18 531815 83 13 0 2 0 0 27
690 T 531520 50 531294 102 10 0 13 0 0 51
691 C 509500 71 78 509252 25 0 0 17 0 57
692 A 507846 507601 24 28 142 9 0 0 0 42
693 A 508064 507936 13 9 77 1 0 0 0 28
694 A 508777 508452 21 40 69 5 0 0 0 190
695 C 529519 62 42 529319 12 0 0 34 0 50
696 A 498836 498682 19 8 59 23 0 0 0 45
697 G 516520 98 43 27 516239 0 0 0 15 98
698 C 522533 69 57 522334 18 0 0 6 0 49
699 T 480918 39 480517 127 11 0 18 0 0 206
700 G 511677 199 50 42 511238 0 0 0 29 119
701 C 434745 66 58 434466 53 0 0 15 0 87
702 A 437310 436653 54 29 96 10 0 0 0 468
703 C 430800 76 50 430544 15 0 0 11 0 104
704 A 430150 429974 15 29 79 26 0 0 0 27
705 A 429084 428925 22 5 71 23 0 0 0 38
706 A 417278 416972 20 17 207 17 0 0 0 45
707 G 459515 146 56 10 459182 0 0 0 34 87
708 G 460634 125 32 13 460365 0 0 0 23 76
709 G 435733 96 48 41 435414 0 0 0 18 116
710 C 432593 62 91 432185 151 0 0 9 0 95
711 A 426322 426114 21 18 92 22 0 0 0 55
712 A 459014 458778 43 11 84 38 0 0 0 60
713 T 434992 40 434811 58 26 0 5 0 0 52
714 G 436900 112 42 16 436687 0 0 0 5 38
715 A 405038 404780 45 5 130 17 0 0 0 61
716 T 422203 56 421954 74 11 0 26 0 0 82
717 G 420347 183 51 15 420036 0 0 0 17 45
718 G 461199 93 61 19 460962 0 0 0 17 47
719 A 461320 461047 42 5 90 2 0 0 0 134
720 T 453638 55 453319 82 8 0 17 0 0 157
721 C 436060 39 35 435893 24 0 0 17 0 52
722 A 438726 438519 24 10 109 17 0 0 0 47
723 A 493202 493013 31 7 89 18 0 0 0 44
724 G 498354 142 17 15 498149 0 0 0 2 29
725 T 498347 61 497429 62 9 0 6 0 0 780
726 G 503653 114 47 20 503388 0 0 0 23 61
727 A 493723 493406 60 6 139 18 0 0 0 94
728 G 510039 125 38 10 509797 0 0 0 15 54
729 A 508532 508193 45 5 170 3 0 0 0 116
730 G 511667 95 24 21 511412 0 0 0 10 105
731 A 502651 502417 20 10 124 14 0 0 0 66
732 A 489940 489756 21 8 101 21 0 0 0 33
733 A 516571 516311 10 11 184 13 0 0 0 42
734 G 524833 99 26 20 524618 0 0 0 7 63
735 T 524393 37 523247 76 10 0 7 0 0 1016
736 C 510401 70 102 510145 21 0 0 7 0 56
737 G 506536 178 64 24 506200 0 0 0 13 57
738 G 510805 125 31 10 510548 0 0 0 16 75
739 A 508512 508310 24 2 108 7 0 0 0 61
740 A 512489 511514 30 15 74 7 0 0 0 849
741 C 519177 75 76 518920 19 0 0 17 0 70
742 C 558064 40 53 557887 15 0 0 24 0 45
743 C 570310 91 46 570072 33 0 0 23 0 45
744 A 565213 564909 28 68 137 11 0 0 0 60
745 G 586341 150 55 20 586025 0 0 0 22 69
746 G 584156 116 40 19 583874 0 0 0 23 84
747 A 580441 580158 37 7 153 6 0 0 0 80
748 A 586915 586727 26 13 106 13 0 0 0 30
749 A 552823 552612 49 13 92 29 0 0 0 28
750 T 583578 58 583285 89 33 0 22 0 0 91
751 G 589981 193 59 55 589583 0 0 0 13 78
752 C 636086 83 122 635741 38 0 0 11 0 91
753 T 614614 40 614265 177 27 0 7 0 0 98
754 G 621704 82 54 23 621439 0 0 0 41 65
755 A 582257 581958 43 23 105 28 0 0 0 100
756 G 597256 90 40 15 597015 0 0 0 32 64
757 A 595252 594948 40 5 117 10 0 0 0 132
758 T 599722 31 599419 74 11 0 18 0 0 169
759 C 585181 93 112 584834 48 0 0 22 0 72
760 G 583422 211 69 35 583001 0 0 0 23 83
761 A 561663 561413 40 2 88 14 0 0 0 106
762 A 558126 557853 30 16 120 18 0 0 0 89
763 G 599862 67 52 16 599645 0 0 0 24 58
764 A 599227 598777 52 5 84 19 0 0 0 290
765 T 572604 40 572230 116 4 0 26 0 0 188
766 C 569242 81 59 568987 18 0 0 21 0 76
767 T 540050 53 539779 123 10 0 10 0 0 75
768 C 552063 67 128 551766 13 0 0 9 0 80
769 A 549932 549703 32 18 84 4 0 0 0 91
770 T 550900 43 550564 106 61 0 2 0 0 124
771 C 546556 51 58 546355 16 0 0 11 0 65
772 T 509364 29 509193 93 3 0 10 0 0 36
773 T 514737 11 514610 69 7 0 10 0 0 30
774 T 516515 20 516376 75 10 0 2 0 0 32
775 C 512846 65 67 512642 19 0 0 1 0 52
776 T 511802 42 511590 73 22 0 10 0 0 65
777 G 501877 90 47 24 501655 0 0 0 4 57
778 G 509479 127 43 30 509169 0 0 0 4 106
779 C 506603 80 102 506225 56 0 0 3 0 137
780 A 505615 505051 48 28 98 4 0 0 0 386
781 C 500629 35 120 500367 21 0 0 31 0 55
782 G 527710 112 36 15 527433 0 0 0 39 75
783 G 538989 100 40 22 538756 0 0 0 19 52
784 T 537403 32 536285 105 17 0 3 0 0 961
785 C 539784 67 77 539483 23 0 0 23 0 111
786 T 549790 40 549389 225 26 0 32 0 0 78
787 G 542569 232 67 32 542128 0 0 0 29 81
788 C 557637 73 139 557265 57 0 0 12 0 91
789 A 539263 537932 82 21 96 14 0 0 0 1118
790 C 535700 47 139 535370 17 0 0 54 0 73
791 T 477904 36 477603 142 4 0 45 0 0 74
792 C 505160 77 103 504769 24 0 0 51 0 136
793 A 519864 519579 33 26 86 11 0 0 0 129
794 T 507041 51 506810 108 9 0 10 0 0 53
795 A 491596 490687 80 9 140 26 0 0 0 654
796 T 518633 48 518398 76 50 0 29 0 0 32
797 T 524537 45 524106 90 27 0 13 0 0 256
798 G 580075 146 43 26 579758 0 0 0 32 70
799 A 564401 563286 49 16 156 19 0 0 0 875
800 G 611761 118 61 25 611440 0 0 0 42 75
801 A 561286 551571 26 11 241 24 0 0 0 9413
802 G 573412 112 52 15 573175 0 0 0 14 44
803 G 607474 99 66 20 607238 0 0 0 16 35
804 G 609145 146 63 19 608425 0 0 0 6 486
805 T 602112 59 600273 109 10 0 7 0 0 1654
806 C 605663 80 87 604676 34 0 0 11 0 775
807 A 600359 598878 58 24 167 7 0 0 0 1225
808 G 612072 100 50 27 609737 0 0 0 4 2154
809 T 610516 40 610242 67 15 0 5 0 0 147
810 T 605886 55 605421 84 9 0 5 0 0 312
811 G 610740 114 60 47 609498 0 0 1 15 1005
812 C 594125 46 83 593830 38 0 0 12 0 116
813 T 594590 28 590629 139 6 0 7 0 0 3781
814 C 601053 61 87 600709 21 0 0 6 0 169
815 A 599021 597817 51 11 73 6 0 0 0 1063
816 C 601105 83 76 591363 28 0 0 8 0 9547
817 A 594593 594439 24 10 62 19 0 0 0 39
818 A 596208 596067 26 4 62 15 0 0 0 34
819 A 595579 594279 106 9 85 11 0 0 0 1089
820 T 592719 40 592172 118 8 0 9 0 0 372
821 C 587393 32 88 583401 12 0 1 6 0 3853
822 T 579994 35 579763 109 12 0 21 0 0 54
823 T 558717 9 558415 91 53 0 17 0 0 132
824 G 558207 68 48 19 556477 0 0 0 10 1585
825 T 532547 63 532059 123 7 0 8 0 0 287
826 C 531879 83 103 531137 23 0 0 53 0 480
827 T 455978 46 453501 28 18 0 9 0 0 2376
828 G 454800 55 44 18 451413 0 0 0 5 3265
829 C 449104 87 174 448736 48 0 0 4 0 55
830 C 447329 93 99 447047 33 0 0 17 0 40
831 C 381241 101 162 380913 25 0 0 13 0 27
832 G 351940 168 81 34 351533 0 0 0 7 117
833 C 359233 58 55 359076 24 0 0 4 0 16
834 C 357417 61 139 356990 15 0 0 11 0 201
835 T 339972 21 339553 248 38 0 4 0 0 108
836 G 335291 102 42 10 335081 0 0 0 12 44
837 T 319718 37 319302 51 18 0 12 0 0 298
838 G 336299 53 36 11 336063 0 0 0 12 124
839 T 286784 25 286525 48 8 0 3 0 0 175
840 G 312447 115 45 10 311463 0 0 0 7 807
841 T 219968 22 219757 47 6 0 8 0 0 128
842 A 222460 221373 25 2 64 10 0 0 0 986
843 T 219308 32 215114 28 28 0 8 0 0 4098
844 G 216202 116 33 16 216011 0 0 0 15 11
845 G 237491 81 16 21 236360 1 0 1 4 1007
846 A 231591 151825 15 14 63 12 0 5 0 79657
847 C 233147 34 52 233002 20 0 0 21 0 18
848 C 235516 52 41 235378 13 0 0 21 0 11
849 T 222333 27 222200 46 18 0 8 0 0 34
850 G 392047 156 52 36 391699 0 0 0 41 63
851 C 395405 35 107 395215 25 0 0 0 0 23
852 C 395167 49 167 394855 12 0 0 5 0 79
853 G 395411 139 60 18 395121 0 0 0 32 41
854 T 414601 34 414324 90 7 0 28 0 0 118
855 A 426598 426394 17 10 98 3 0 0 0 76
856 G 444363 54 47 22 444188 0 0 0 3 49
857 C 445222 42 46 445076 14 0 0 1 0 43
858 C 461882 41 65 461678 16 0 0 27 0 55
859 A 555795 555451 51 127 75 37 0 0 0 54
860 G 563750 238 54 32 563382 0 0 0 3 41
861 T 563845 56 563337 75 32 0 3 0 0 342
862 G 614290 93 51 21 614020 0 0 0 20 85
863 G 614100 73 50 19 613908 0 0 0 10 40
864 C 621376 55 74 621137 24 0 0 12 0 74
865 T 619572 22 619268 180 10 0 19 0 0 73
866 A 623855 623454 60 6 100 12 0 0 0 223
867 C 620904 55 174 620595 23 0 0 1 0 56
868 G 664791 169 33 10 664505 0 0 0 0 74
869 A 665756 665086 43 6 93 0 0 0 0 528
870 C 670366 41 80 670096 26 0 0 11 0 112
871 T 653957 15 653753 109 7 0 10 0 0 63
872 T 656669 35 656480 99 6 0 2 0 0 47
873 C 655690 104 156 655306 38 0 0 0 0 86
874 G 659036 167 50 31 658734 0 0 0 0 54
875 A 659672 659361 27 15 225 0 0 0 0 44
876 A 659833 659650 16 5 116 1 0 0 0 45
877 A 659134 659010 5 6 75 2 0 0 0 36
878 A 659539 659372 24 6 108 8 0 0 0 21
879 A 656488 656087 31 8 328 4 0 0 0 30
880 G 660188 162 48 12 659840 0 0 0 12 114
881 A 649854 649374 52 9 244 5 0 0 0 170
882 G 643550 113 65 13 643297 0 0 0 14 48
883 G 640099 101 67 26 639845 0 0 0 8 52
884 G 634466 132 114 25 634122 0 0 0 17 56
885 A 615186 614492 78 5 152 17 0 0 0 442
886 T 609487 62 609108 98 5 0 11 0 0 203
887 A 545309 542570 40 14 101 19 0 0 0 2565
888 C 543076 66 50 542825 24 0 0 20 0 91
889 T 488805 55 488466 79 7 0 15 0 0 183
890 C 499824 49 43 499641 13 0 0 30 0 48
891 T 521114 21 520905 113 16 0 17 0 0 42
892 T 513065 28 512890 82 4 0 12 0 0 49
893 T 514781 52 514595 70 14 0 19 0 0 31
894 A 529909 529615 44 17 134 34 0 0 0 65
895 G 546791 117 81 24 546496 0 0 0 33 40
896 T 523295 67 521953 59 51 0 20 0 1 1144
897 G 511216 113 52 18 510983 0 0 0 10 40
898 G 514549 93 65 22 514273 0 0 0 62 34
899 G 487196 121 53 19 486879 0 0 0 55 69
900 A 596251 595908 44 6 164 1 0 0 0 128
901 A 608932 608714 46 17 101 14 0 0 0 40
902 T 609627 84 609294 87 15 0 50 0 0 97
903 A 601339 601004 49 13 186 36 0 0 0 51
904 G 610369 294 91 25 609842 0 0 0 12 105
905 A 617294 613822 53 19 113 3 0 0 0 3284
906 C 631438 83 51 631173 24 0 0 14 0 93
907 C 622522 70 58 622260 15 0 0 50 0 69
908 C 670762 81 67 670491 14 0 0 57 0 52
909 T 670701 33 670354 206 21 0 3 0 0 84
910 T 681926 43 681714 108 9 0 5 0 0 47
911 T 653439 44 653138 150 2 0 12 0 0 93
912 C 655154 82 103 654843 30 0 0 10 0 86
913 A 653466 653278 26 21 90 5 0 0 0 46
914 A 657876 657698 33 6 96 4 0 0 0 39
915 A 665381 664915 44 45 77 4 0 0 0 296
916 C 666150 57 55 665942 14 0 0 23 0 59
917 T 657482 28 657138 136 39 0 13 0 0 128
918 G 665121 124 79 32 664736 0 0 0 13 137
919 C 670893 53 59 670657 40 0 0 6 0 78
920 T 672337 16 672121 122 10 0 1 0 0 67
921 T 671605 62 671288 113 6 0 2 0 0 134
922 C 678619 60 75 678384 26 0 0 2 0 72
923 A 676918 676679 35 30 129 2 0 0 0 43
924 A 677615 677480 22 8 65 3 0 0 0 37
925 A 677528 677384 10 11 86 2 0 0 0 35
926 A 676547 675890 27 160 98 4 0 0 0 368
927 C 680135 66 94 679900 21 0 0 9 0 45
928 A 663378 663171 33 10 106 9 0 0 0 49
929 G 687491 138 53 44 687126 0 0 0 16 114
930 C 692205 77 88 691932 34 0 0 11 0 63
931 C 717360 53 76 717100 38 0 0 24 0 69
932 A 710353 710133 51 20 95 6 0 0 0 48
933 A 713018 712765 31 12 118 37 0 0 0 55
934 G 807355 174 57 27 806928 0 0 0 75 94
935 T 827391 62 825912 98 24 0 27 0 0 1268
936 A 804381 804013 73 13 199 27 0 0 0 56
937 T 788418 49 788089 148 6 0 39 0 0 87
938 A 761886 761157 66 14 118 33 0 0 0 498
939 C 732163 97 247 731676 36 0 0 64 0 43
940 A 707190 706853 35 34 152 47 0 0 0 69
941 G 812419 162 99 59 811923 0 0 0 38 138
942 C 821284 81 79 820898 56 0 0 69 0 101
943 C 709746 84 57 709454 31 0 0 37 0 83
944 T 784786 63 784356 226 15 0 63 0 0 63
945 A 821588 821266 41 13 138 57 0 0 0 73
946 A 825550 825269 67 12 113 7 0 0 0 82
947 T 832395 68 831932 133 12 0 5 0 0 245
948 C 745283 101 169 744872 34 0 0 45 0 62
949 A 684501 684111 21 22 254 33 0 0 0 60
950 G 687763 112 46 23 687448 0 0 0 25 109
951 A 688268 687247 37 14 135 1 0 0 0 834
952 C 701599 46 63 701371 56 0 0 10 0 53
953 C 689389 79 126 689085 19 0 0 18 0 62
954 G 689904 181 58 11 689583 0 0 0 7 64
955 A 703708 703522 41 7 78 6 0 0 0 54
956 A 714157 713668 32 14 144 7 0 0 0 292
957 C 708247 60 197 707861 26 0 0 9 0 94
958 G 708238 115 51 21 707952 0 0 0 10 89
959 A 729445 729082 56 11 108 12 0 0 0 176
960 G 734186 83 48 26 733911 0 0 0 8 110
961 A 745027 744772 31 5 114 6 0 0 0 99
962 A 771405 771154 39 9 104 15 0 0 0 84
963 T 769258 68 768762 139 11 0 15 0 0 263
964 C 768097 78 57 767861 16 0 0 6 0 79
965 C 772233 88 102 771918 34 0 0 18 0 73
966 A 763836 762996 32 26 341 17 0 0 0 424
967 G 785476 135 75 38 785086 0 0 0 20 122
968 C 775243 110 127 774843 50 0 0 14 0 99
969 A 813466 812376 64 29 137 31 0 0 0 829
970 C 844547 87 89 844219 37 0 0 38 0 77
971 A 821668 820728 92 23 100 22 0 0 0 703
972 C 835405 122 91 835076 31 0 0 32 0 53
973 A 831049 830673 18 16 272 31 0 0 0 39
974 A 839481 839105 54 23 201 33 0 0 0 65
975 G 849389 224 51 23 848557 0 0 0 40 494
976 A 794188 793766 51 12 195 13 0 0 0 151
977 G 801267 208 65 31 800762 0 0 0 31 170
978 T 697727 62 695206 131 25 0 29 0 0 2274
979 C 730452 138 108 730036 31 0 0 29 0 110
980 A 690756 690316 75 15 222 11 0 0 0 117
981 G 691486 117 114 30 691149 0 0 0 7 69
982 C 691041 93 158 690620 35 0 0 24 0 111
983 T 571636 29 571373 63 41 0 37 0 0 93
984 G 609752 134 63 50 609416 0 0 0 47 42
985 G 620005 85 77 86 619682 0 0 0 25 50
986 T 612870 113 610211 89 66 0 16 0 0 2375
987 G 714470 552 63 32 713726 0 0 0 39 58
988 T 694535 62 693453 92 97 0 32 0 0 799
989 G 696438 271 80 33 695961 0 0 0 23 70
990 G 620261 155 92 18 619927 0 0 0 14 55
991 A 616453 615902 54 16 146 11 0 0 0 324
992 T 625195 60 624751 88 22 0 30 0 0 244
993 G 608288 146 79 27 607920 0 0 0 24 92
994 G 603071 172 50 24 602743 0 0 0 15 67
995 C 608411 82 126 607986 55 0 0 17 0 145
996 A 616687 616448 38 17 86 20 0 0 0 78
997 T 638512 48 638168 127 14 0 13 0 0 142
998 G 643745 201 64 43 643312 0 0 0 19 106
999 C 657698 77 138 657321 41 0 0 17 0 104
1000 C 656261 81 126 655937 21 0 0 21 0 75
1001 A 655712 655348 57 29 78 24 0 0 0 176
1002 T 657332 31 657095 110 18 0 7 0 0 71
1003 T 640222 45 640015 81 12 0 10 0 0 59
1004 C 634819 73 88 634495 32 0 0 27 0 104
1005 T 611385 55 611079 148 23 0 13 0 0 67
1006 G 618427 168 85 43 618036 0 0 0 7 88
1007 C 638585 78 74 638262 24 0 0 23 0 124
1008 T 587092 24 586809 147 11 0 5 0 0 96
1009 G 593759 141 76 38 593417 0 0 0 17 70
1010 C 555828 62 72 555579 35 0 0 6 0 74
1011 A 551648 551416 24 7 79 6 0 0 0 116
1012 T 568786 34 568599 64 33 0 16 0 0 40
1013 T 559081 24 558886 101 13 0 10 0 0 47
1014 T 559926 43 559656 135 24 0 7 0 0 61
1015 G 557614 80 79 23 557325 0 0 0 9 98
1016 A 547049 546809 40 7 124 6 0 0 0 63
1017 A 547697 547430 50 19 151 11 0 0 0 36
1018 G 532128 123 37 8 531895 0 0 0 17 48
1019 A 558391 558048 44 5 128 30 0 0 0 136
1020 T 561928 45 561678 94 7 0 12 0 0 92
1021 C 552394 95 47 552165 19 0 0 6 0 62
1022 T 554897 41 554669 132 6 0 11 0 0 38
1023 A 537596 537444 11 8 92 18 0 0 0 23
1024 A 538238 538034 34 29 89 22 0 0 0 30
1025 G 542604 138 42 11 542331 0 0 0 7 75
1026 A 527926 527584 49 16 137 25 0 0 0 115
1027 G 569248 110 62 24 568913 0 0 0 77 62
1028 T 478646 42 475610 84 10 0 14 0 0 2886
1029 A 472253 472097 31 2 66 12 0 0 0 45
1030 T 464337 31 464179 71 5 0 11 0 0 40
1031 T 461289 55 461099 71 8 0 15 0 0 41
1032 A 477232 477010 49 5 106 21 0 0 0 41
1033 A 432983 432854 15 19 52 5 0 0 0 38
1034 G 422552 62 34 22 422368 0 0 0 4 62
1035 C 424551 33 41 424387 12 0 0 21 0 57
1036 T 370300 10 370139 66 11 0 19 0 0 55
1037 T 433517 40 433314 91 4 0 11 0 0 57
1038 C 438115 55 46 437946 19 0 0 9 0 40
1039 A 451440 451261 39 9 68 4 0 0 0 59
1040 T 452141 46 451911 65 7 0 11 0 0 101
1041 C 445176 47 42 445015 16 0 0 21 0 35
1042 A 446534 446263 49 20 120 12 0 0 0 70
1043 G 437488 62 34 15 437315 0 0 0 9 53
1044 A 440116 439910 24 8 95 4 0 0 0 75
1045 G 435741 60 37 13 435579 0 0 0 13 39
1046 G 458763 63 28 18 458560 0 0 0 29 65
1047 G 545741 177 52 15 545324 0 0 0 30 143
1048 A 541003 539764 45 10 161 6 0 0 0 1017
1049 C 547550 88 58 547279 31 0 0 12 0 82
1050 C 533262 91 68 533008 20 0 0 17 0 58
1051 A 541720 541514 32 49 79 17 0 0 0 29
1052 A 579517 579322 40 3 104 17 0 0 0 31
1053 A 576948 576686 23 24 171 8 0 0 0 36
1054 G 586581 98 61 15 586335 0 0 0 12 60
1055 T 577076 63 575576 91 28 0 29 0 0 1289
1056 A 579463 579152 64 6 75 36 0 0 0 130
1057 T 585075 55 583757 817 7 0 19 0 0 420
1058 C 587669 68 403 587108 12 0 0 19 0 59
1059 C 583864 94 52 583601 21 0 0 6 0 90
1060 C 577194 68 56 576951 15 0 0 20 0 84
1061 C 548485 76 63 548235 32 0 0 13 0 66
1062 A 546306 546074 36 40 96 4 0 0 0 56
1063 A 538128 537893 44 12 116 11 0 0 0 52
1064 G 545417 141 81 14 545128 0 0 0 14 39
1065 G 532942 69 56 24 532737 0 0 0 5 51
1066 G 528866 37 39 13 528692 0 0 0 14 71
1067 G 496263 44 40 22 496087 0 0 0 10 60
1068 G 470298 137 46 17 470034 0 0 0 5 59
1069 A 466775 466505 18 4 153 5 0 0 0 90
1070 A 483318 483150 17 11 104 2 0 0 0 34
1071 A 486020 485538 31 65 76 4 0 0 0 306
1072 C 498199 98 61 497959 10 0 0 10 0 61
1073 T 475474 9 475258 159 6 0 8 0 0 34
1074 T 476481 21 476308 93 11 0 8 0 0 40
1075 T 488208 41 487854 167 7 0 3 0 0 136
1076 C 449226 48 59 449036 22 0 0 19 0 42
1077 C 475827 81 66 475589 23 0 0 25 0 43
1078 A 527267 526598 41 28 98 7 0 0 0 495
1079 C 542130 52 61 541936 14 0 0 16 0 51
1080 T 543578 39 543335 104 6 0 21 0 0 73
1081 A 525744 525528 34 18 85 26 0 0 0 53
1082 G 535208 120 49 17 534934 0 0 0 27 61
1083 A 540806 540556 20 3 110 6 0 0 0 111
1084 G 546671 74 62 20 546452 0 0 0 16 47
1085 G 572942 64 49 16 572711 0 0 0 43 59
1086 A 501290 500867 38 8 116 29 0 0 0 232
1087 G 563993 114 55 20 563691 0 0 0 47 66
1088 T 557613 53 554764 121 22 0 15 0 0 2638
1089 A 559613 558960 60 8 116 13 0 0 0 456
1090 C 567219 106 88 566889 27 0 0 28 0 81
1091 A 545474 545265 33 26 90 29 0 0 0 31
1092 A 545466 545275 43 5 92 23 0 0 0 28
1093 A 608151 607891 71 35 73 15 0 0 0 66
1094 T 595410 59 595154 93 8 0 17 0 0 79
1095 T 568276 24 568030 97 31 0 34 0 0 60
1096 G 503305 84 49 30 503023 0 0 0 22 97
1097 C 497245 30 41 497088 22 0 0 4 0 60
1098 T 496724 16 496537 85 12 0 0 0 0 74
1099 T 496032 64 495788 71 7 0 0 0 0 102
1100 C 494149 62 45 493970 18 0 0 6 0 48
1101 A 487431 487278 25 12 82 2 0 0 0 32
1102 A 495348 495241 18 10 57 3 0 0 0 19
1103 A 499082 498955 25 7 65 1 0 0 0 29
1104 T 501337 32 501168 61 11 0 4 0 0 61
1105 G 497946 98 63 15 497725 0 0 0 4 41
1106 A 494121 493949 46 5 92 6 0 0 0 23
1107 A 499681 499544 13 8 73 3 0 0 0 40
1108 A 501412 501301 9 14 55 4 0 0 0 29
1109 A 504034 503578 38 110 76 6 0 0 0 226
1110 C 526750 59 49 526572 11 0 0 19 0 40
1111 A 523057 522858 56 10 74 1 0 0 0 58
1112 T 547089 32 546900 70 17 0 4 0 0 66
1113 G 528354 237 78 31 527961 0 0 0 9 38
1114 G 525018 98 55 16 524799 0 0 0 11 39
1115 A 541340 540993 42 7 93 13 0 0 0 192
1116 T 536317 50 536096 76 9 0 2 0 0 84
1117 G 541848 130 65 29 541520 0 0 0 18 86
1118 C 617258 57 57 616932 34 0 0 48 0 130
1119 T 594970 18 594709 143 11 0 11 0 0 78
1120 A 595759 595511 65 4 96 14 0 0 0 69
1121 T 571441 48 571233 70 17 0 9 0 0 64
1122 G 582516 294 69 17 582058 0 0 0 26 52
1123 G 585745 119 55 24 585457 0 0 0 37 53
1124 A 556371 556130 42 1 107 10 0 0 0 81
1125 A 557173 556934 36 12 126 10 0 0 0 55
1126 T 499241 36 498981 76 4 0 37 0 0 107
1127 C 467505 43 49 467321 12 0 0 26 0 54
1128 A 459177 458960 38 11 128 7 0 0 0 33
1129 A 454454 454286 41 4 69 6 0 0 0 48
1130 G 458572 90 33 13 458373 0 0 0 11 52
1131 T 433593 50 432831 67 8 0 15 0 0 622
1132 A 426398 423454 30 14 75 18 0 0 0 2807
1133 C 462379 47 41 462151 22 0 0 39 0 79
1134 T 441886 31 441659 66 5 0 6 0 0 119
1135 C 456539 53 42 456359 18 0 0 14 0 53
1136 T 402808 30 402653 79 8 0 13 0 0 25
1137 T 405749 20 405604 79 5 0 6 0 0 35
1138 G 410072 62 31 7 409913 0 0 0 7 52
1139 A 425721 425561 27 3 67 5 0 0 0 58
1140 A 428571 428277 25 9 68 5 0 0 0 187
1141 C 430552 38 43 430407 16 0 0 22 0 26
1142 T 415610 11 415448 92 9 0 11 0 0 39
1143 G 429737 95 33 11 429560 0 0 0 8 30
1144 A 440272 440060 30 4 95 1 0 0 0 82
1145 G 449672 65 24 10 449528 0 0 0 3 42
1146 A 447938 447739 23 5 87 9 0 0 0 75
1147 A 508356 508162 9 10 85 29 0 0 0 61
1148 G 518049 97 32 18 517825 0 0 0 11 66
1149 C 563767 91 97 563457 46 0 0 9 0 67
1150 A 560852 560474 56 18 217 11 0 0 0 76
1151 G 564175 95 50 13 563940 0 0 0 48 29
1152 G 655742 147 51 19 655405 0 0 0 53 67
1153 T 654652 74 651687 137 26 0 8 0 0 2720
1154 A 662299 661592 55 11 95 11 0 0 0 535
1155 C 680778 78 85 680485 27 0 0 46 0 57
1156 T 641958 48 641613 140 17 0 42 0 0 98
1157 G 658697 149 93 35 658304 0 0 0 27 89
1158 G 668984 90 62 39 668677 0 0 0 17 99
1159 G 652341 124 54 67 651941 0 0 0 9 146
1160 C 693986 85 136 693447 63 0 0 40 0 215
1161 C 625697 85 90 625395 25 0 0 28 0 74
1162 A 644260 643984 80 26 90 15 0 0 0 65
1163 T 644937 57 644715 90 12 0 5 0 0 58
1164 A 637949 637752 25 6 140 3 0 0 0 23
1165 A 658581 658337 31 13 140 17 0 0 0 43
1166 G 646839 154 37 12 646518 0 0 0 40 78
1167 A 623854 623623 40 7 87 23 0 0 0 74
1168 A 620881 619847 46 7 91 4 0 0 0 886
1169 C 619813 75 47 619609 18 0 0 3 0 61
1170 C 653605 91 59 653363 21 0 0 11 0 60
1171 A 636932 636662 48 22 129 11 0 0 0 60
1172 G 651260 85 48 16 651035 0 0 0 14 62
1173 A 652065 651836 26 8 116 3 0 0 0 76
1174 A 644614 644417 23 11 105 1 0 0 0 57
1175 G 662287 93 47 27 662056 0 0 0 23 41
1176 T 626158 46 623212 82 30 0 11 0 0 2777
1177 G 630682 121 66 38 630391 0 0 0 6 60
1178 G 641960 69 65 28 641733 0 0 0 17 48
1179 A 642670 642200 62 9 234 8 0 0 0 157
1180 G 655098 109 75 29 654814 0 0 0 15 56
1181 G 655555 101 70 36 655242 0 0 0 13 93
1182 A 612977 612642 49 7 179 4 0 0 0 96
1183 A 612184 611990 26 7 107 17 0 0 0 37
1184 A 611979 611489 48 71 90 17 0 0 0 264
1185 C 625741 105 68 625469 29 0 0 10 0 60
1186 A 624887 623303 74 45 90 19 0 0 0 1356
1187 C 660524 69 133 660192 24 0 0 44 0 62
1188 T 643219 45 642887 177 8 0 20 0 0 82
1189 A 690979 690774 35 13 93 41 0 0 0 23
1190 A 725626 725406 44 19 80 20 0 0 0 57
1191 T 721843 80 721374 134 9 0 22 0 0 224
1192 C 729102 126 79 728729 31 0 0 47 0 90
1193 A 703026 702757 49 26 119 29 0 0 0 46
1194 A 706652 706128 55 31 156 28 0 0 0 254
1195 C 718009 140 85 717644 30 0 0 44 0 66
1196 A 623823 623496 53 44 154 18 0 0 0 58
1197 G 617698 151 58 22 617345 0 0 0 54 68
1198 A 561500 561111 41 15 212 16 0 0 0 105
1199 G 568573 109 94 15 568246 0 0 0 18 91
1200 G 601244 131 38 16 600963 0 0 0 26 70
1201 G 529244 105 42 61 528953 0 0 0 7 76
1202 C 537655 55 94 537318 45 0 0 14 0 129
1203 C 543134 64 67 542872 23 0 0 14 0 94
1204 T 540128 35 539831 121 21 0 14 0 0 106
1205 C 566848 103 47 566584 27 0 0 20 0 67
1206 T 552920 48 552536 203 24 0 2 0 0 107
1207 G 554719 131 78 41 554395 0 0 0 4 70
1208 C 549873 74 174 549489 36 0 0 22 0 78
1209 A 529311 528957 35 21 184 22 0 0 0 92
1210 G 565826 66 73 26 565586 0 0 0 29 46
1211 G 564977 85 33 32 564764 0 0 0 9 54
1212 T 570245 84 568002 142 32 0 7 0 0 1978
1213 C 570980 63 88 570694 19 0 0 23 0 93
1214 A 553642 553408 47 40 78 34 0 0 0 35
1215 A 587269 587056 36 27 93 19 0 0 0 38
1216 A 571130 570939 46 15 79 4 0 0 0 47
1217 T 575500 93 575121 99 6 0 3 0 0 178
1218 C 573243 87 61 573008 17 0 0 13 0 57
1219 A 531566 531294 40 11 149 19 0 0 0 53
1220 G 563565 138 34 23 563279 0 0 0 28 63
1221 T 544225 64 543394 76 12 0 16 0 0 663
1222 G 548435 222 45 23 548073 0 0 0 10 62
1223 T 539919 54 539059 121 17 0 11 0 0 657
1224 G 521157 292 53 21 520683 0 0 0 11 97
1225 C 535576 71 227 535132 40 0 0 22 0 84
1226 A 529409 529207 37 17 75 20 0 0 0 53
1227 A 539006 537897 61 86 75 7 0 0 0 880
1228 C 539474 110 79 539164 20 0 0 14 0 87
1229 C 532283 79 42 532041 11 0 0 58 0 52
1230 T 487336 47 487001 186 26 0 16 0 0 60
1231 G 505564 232 94 42 505095 0 0 0 25 76
1232 C 544089 70 117 543800 40 0 0 11 0 51
1233 A 533700 533377 29 31 97 13 0 0 0 153
1234 T 543157 74 542904 81 23 0 28 0 0 47
1235 T 539519 26 539364 75 11 0 26 0 0 17
1236 T 510684 28 510504 107 15 0 5 0 0 25
1237 T 514097 30 513912 107 5 0 7 0 0 36
1238 C 481281 39 52 481112 23 0 0 13 0 42
1239 T 446617 32 446373 135 31 0 16 0 0 30
1240 G 476867 172 42 23 476561 0 0 0 22 47
1241 T 465411 38 464944 103 27 0 2 0 0 297
1242 G 476706 174 81 36 476360 0 0 0 5 50
1243 C 483941 72 75 483657 52 0 0 14 0 71
1244 A 477099 476860 32 39 110 15 0 0 0 43
1245 A 487288 487154 25 10 67 5 0 0 0 27
1246 A 485376 485083 20 14 205 11 0 0 0 43
1247 G 501852 117 40 24 501591 0 0 0 9 71
1248 A 496748 496570 21 6 86 17 0 0 0 48
1249 A 451209 451059 14 17 68 9 0 0 0 42
1250 A 469972 467435 19 151 79 7 0 0 0 2281
1251 C 473221 92 56 472974 21 1 0 27 0 50
1252 C 496966 52 56 496781 16 0 0 11 0 50
1253 T 497682 33 497290 159 7 0 7 0 0 186
1254 C 488079 41 70 487899 14 0 0 18 0 37
1255 C 519062 71 54 518862 12 0 0 30 0 33
1256 C 506497 68 63 506301 24 0 0 12 0 29
1257 A 511956 511734 48 25 82 6 0 0 0 61
1258 T 513275 64 513059 76 15 0 8 0 0 53
1259 T 485293 30 485061 111 8 0 19 0 0 64
1260 T 491589 45 491280 172 24 0 22 0 0 46
1261 G 489389 167 81 26 489018 0 0 0 6 91
1262 A 498855 498389 54 29 104 5 0 0 0 274
1263 C 495626 48 96 495378 42 0 0 18 0 44
1264 A 471939 471753 23 30 99 15 0 0 0 19
1265 A 489042 488863 31 15 86 11 0 0 0 36
1266 A 494308 493641 33 92 73 8 0 0 0 461
1267 C 518351 59 68 518132 34 0 0 17 0 41
1268 C 514023 62 71 513815 16 0 0 10 0 49
1269 A 473495 473330 37 21 67 9 0 0 0 31
1270 A 494475 493577 26 32 81 13 0 0 0 746
1271 C 491200 61 59 490994 21 0 0 15 0 50
1272 C 525066 81 64 524833 32 0 0 16 0 40
1273 A 521181 520932 45 36 69 15 0 0 0 84
1274 T 525443 50 524971 98 6 0 17 0 0 301
1275 C 524537 72 74 524297 26 0 0 20 0 48
1276 A 503729 503497 42 16 95 21 0 0 0 58
1277 T 515162 41 514856 94 18 0 22 0 0 131
1278 G 496799 189 52 19 496426 1 0 0 11 101
1279 G 493836 126 63 41 493524 0 0 0 10 72
1280 C 459804 92 89 459510 50 0 0 12 0 51
1281 A 438848 438596 27 10 141 9 0 0 0 65
1282 G 451939 135 55 29 451630 0 0 0 19 71
1283 C 443427 58 95 443181 28 0 0 10 0 55
1284 A 438777 438596 45 7 61 5 0 0 0 63
1285 T 440855 37 440674 67 11 0 14 0 0 52
1286 T 430347 42 430164 71 6 0 8 0 0 56
1287 C 435836 44 71 435625 19 0 0 10 0 67
1288 A 430438 429741 36 9 78 4 0 0 0 570
1289 C 413766 21 37 413622 15 0 0 19 0 52
1290 T 416210 29 415998 96 16 0 9 0 0 62
1291 G 452052 100 57 16 451802 0 0 0 25 52
1292 G 466842 87 50 25 466595 0 0 0 29 56
1293 G 478031 104 49 17 477782 0 0 0 19 60
1294 A 467314 467014 43 7 111 11 0 0 0 128
1295 A 481657 481419 51 16 108 17 0 0 0 46
1296 T 457435 62 457173 77 24 0 19 0 0 80
1297 A 498418 497824 54 24 109 21 0 0 0 386
1298 C 543171 93 132 542821 33 0 0 19 0 73
1299 A 526781 526376 42 51 207 12 0 0 0 93
1300 G 534700 121 76 17 534393 0 0 0 36 57
1301 A 519192 518713 43 18 205 17 0 0 0 196
1302 G 557194 192 74 16 556840 0 0 0 23 49
1303 G 549911 106 64 19 549665 0 0 0 10 47
1304 G 549186 176 58 23 548847 0 0 0 12 70
1305 A 548362 547990 70 5 167 9 0 0 0 121
1306 A 540594 540363 39 12 122 8 0 0 0 50
1307 G 552486 123 30 30 551891 0 0 0 7 405
1308 A 550342 550098 36 6 98 15 0 0 0 89
1309 A 568333 567798 80 16 99 19 0 1 0 320
1310 C 608548 112 78 608229 29 0 0 28 0 72
1311 A 585351 585089 53 15 77 26 0 0 0 91
1312 T 595725 46 595377 96 12 0 14 0 0 180
1313 C 580684 68 72 580446 22 0 0 7 0 69
1314 A 574772 574383 40 22 230 17 0 0 0 80
1315 G 583010 94 47 31 582738 0 0 0 25 75
1316 A 567132 566519 79 7 93 11 0 0 0 423
1317 C 573385 47 59 573159 38 0 0 10 0 72
1318 A 563173 562951 41 16 78 16 0 0 0 71
1319 T 539244 35 539040 87 15 0 10 0 0 57
1320 G 549086 121 54 13 548828 0 0 0 10 60
1321 A 527481 527184 36 7 120 9 0 0 0 125
1322 G 534434 73 63 29 534183 0 0 0 13 73
1323 G 538012 85 66 20 537751 0 0 0 5 85
1324 G 529837 136 59 30 529525 0 0 0 2 85
1325 C 530417 90 92 530035 66 0 0 3 0 131
1326 A 521758 521502 57 14 117 7 0 0 0 61
1327 G 532083 98 49 14 531832 0 0 0 14 76
1328 A 533335 533163 21 1 85 8 0 0 0 57
1329 A 541305 541114 22 12 103 12 0 0 0 42
1330 A 557564 557365 52 11 77 20 0 0 0 39
1331 T 562056 44 561863 71 12 0 23 0 0 43
1332 T 586587 37 586422 86 14 0 5 0 0 23
1333 A 590422 590175 79 6 95 7 0 0 0 60
1334 T 585483 78 585270 72 10 0 14 0 0 39
1335 A 584936 584686 18 7 177 26 0 0 0 22
1336 A 565806 565490 33 20 191 26 0 0 0 46
1337 G 597264 131 77 20 596978 0 0 0 29 29
1338 G 601317 90 53 21 601080 0 0 0 32 41
1339 A 623958 623504 47 9 129 28 0 0 0 241
1340 T 540916 47 540655 81 15 0 14 0 0 104
1341 G 535556 173 78 16 535216 0 0 0 23 50
1342 A 523354 523021 47 2 143 16 0 0 0 125
1343 T 527930 102 527599 97 24 0 10 0 0 98
1344 G 515209 138 78 18 514929 0 0 0 6 40
1345 G 522138 103 41 27 521896 0 0 0 23 48
1346 A 489531 489189 40 7 172 26 0 0 0 97
1347 A 503050 502814 23 13 130 17 0 0 0 53
1348 G 507203 131 53 16 506945 0 0 0 11 47
1349 G 568932 112 37 14 568676 0 0 0 34 59
1350 T 548715 58 545509 112 94 0 8 0 0 2934
1351 G 534389 315 144 40 533806 0 0 0 3 81
1352 C 534159 180 222 533565 117 0 0 4 0 71
1353 A 523358 523074 27 89 132 7 0 0 0 29
1354 A 523252 523095 12 14 89 8 0 0 0 34
1355 A 529526 529387 14 11 74 6 0 0 0 34
1356 A 538579 537769 32 174 86 4 0 0 0 514
1357 C 544553 49 48 544387 19 0 0 18 0 32
1358 C 516932 57 36 516789 11 0 0 12 0 27
1359 A 491513 491319 42 11 99 2 0 0 0 40
1360 G 507293 129 59 14 507053 0 0 0 5 33
1361 A 501709 501561 17 3 86 1 0 0 0 41
1362 A 516780 516623 24 8 84 5 0 0 0 36
1363 G 529520 63 29 25 529329 0 0 0 7 67
1364 A 523145 522960 39 6 82 1 0 0 0 57
1365 A 517830 517683 25 4 80 5 0 0 0 33
1366 A 518087 517936 36 2 75 8 0 0 0 30
1367 T 519430 71 519213 46 12 0 9 0 0 79
1368 G 523514 66 42 24 523309 0 0 0 20 53
1369 T 510353 49 509994 96 7 0 6 0 0 201
1370 C 518720 49 54 518549 18 0 0 3 0 47
1371 C 510054 71 98 509792 28 0 0 23 0 42
1372 T 521777 40 521556 111 6 0 28 0 0 36
1373 T 525077 63 524800 121 6 0 3 0 0 84
1374 C 527226 82 107 526984 24 0 0 4 0 25
1375 C 523856 100 71 523586 58 0 0 8 0 33
1376 A 516991 516387 53 82 396 19 0 0 0 54
1377 G 517307 182 57 19 517002 0 0 0 22 25
1378 G 513715 172 22 14 513468 0 0 0 17 22
1379 G 516698 90 36 25 516502 0 0 0 16 29
1380 G 482694 67 74 54 482445 0 0 0 26 28
1381 C 434640 66 105 434171 238 0 0 10 0 50
1382 G 430617 200 90 144 430145 0 0 0 14 24
1383 G 442985 62 82 18 442785 0 0 0 16 22
1384 G 442052 95 85 25 441656 0 0 0 13 178
1385 G 449484 225 33 25 449088 0 0 0 10 103
1386 A 411365 380453 21 6 224 6 0 0 3 30652
1387 G 412027 46 36 13 411733 0 0 0 49 150
1388 T 389088 17 364307 54 11 0 11 0 0 24688
1389 C 398709 61 44 398200 7 0 0 7 0 390
1390 T 385187 16 384857 105 16 0 14 0 0 179
1391 T 385136 18 385006 74 5 0 13 0 0 20
1392 C 384841 46 105 383359 23 0 0 10 0 1298
1393 G 445689 84 55 16 444341 0 0 0 6 1187
1394 A 439079 436683 14 3 88 7 0 0 0 2284
1395 G 448175 39 24 18 447917 0 0 0 32 145
1396 C 409459 30 62 408937 24 0 0 26 0 380
1397 T 402781 25 401951 86 7 0 7 0 0 705
1398 C 390896 35 35 390723 13 0 0 11 0 79
1399 T 388915 23 388707 65 4 0 4 0 0 112
1400 C 392338 67 100 392080 12 0 0 2 0 77
1401 G 394796 110 38 10 394500 0 0 0 2 136
1402 G 435221 97 33 19 435022 0 0 0 16 34
1403 A 469181 467286 24 43 142 5 0 0 0 1681
1404 C 488135 70 108 487725 72 0 0 10 0 150
1405 G 510597 192 45 70 510198 0 0 0 9 83
1406 A 551968 551577 32 7 152 24 0 0 0 176
1407 A 546517 546268 32 18 141 14 0 0 0 44
1408 A 550917 550667 24 26 147 11 0 0 0 42
1409 G 567324 117 75 22 566422 0 0 0 18 670
1410 G 569941 83 36 11 569727 0 0 0 24 60
1411 G 549895 84 51 33 549646 0 0 0 15 66
1412 C 556518 60 215 555909 87 0 0 18 0 229
1413 A 549225 548727 27 44 248 8 0 0 0 171
1414 G 560028 334 95 21 559482 0 0 0 6 90
1415 C 546928 79 188 546485 51 0 0 14 0 111
1416 G 595943 145 52 33 595588 0 0 0 30 95
1417 A 601238 601025 29 10 69 27 0 0 0 78
1418 A 604495 603147 38 14 92 25 0 0 0 1179
1419 C 604418 67 89 604107 25 0 0 12 0 118
1420 C 600696 46 56 600519 19 0 0 19 0 37
1421 C 580237 84 91 579984 26 0 0 14 0 38
1422 G 578152 133 52 18 577863 0 0 0 7 79
1423 A 578709 578389 30 10 91 9 0 0 0 180
1424 T 579458 67 579149 76 7 0 14 0 0 145
1425 C 554037 48 115 553774 16 0 0 11 0 73
1426 G 542178 160 49 18 541880 0 0 0 9 62
1427 T 521385 33 520587 99 10 0 12 0 0 644
1428 G 499452 112 54 30 499172 0 0 0 8 76
1429 C 498869 51 66 498591 22 0 0 4 0 135
1430 C 499413 41 44 499185 17 0 0 9 0 117
1431 C 497643 53 67 497395 16 0 0 11 0 101
1432 T 479820 31 479556 95 4 0 15 0 0 119
1433 C 520979 61 56 520762 13 0 0 34 0 53
1434 T 513593 33 513159 329 12 0 3 0 0 57
1435 T 590980 13 590833 79 10 0 12 0 0 33
1436 T 535520 15 535348 78 16 0 16 0 0 47
1437 T 542173 56 541886 86 77 0 25 0 0 43
1438 G 539484 272 54 23 539041 0 0 0 21 73
1439 A 534846 534332 48 73 108 6 0 0 0 279
1440 C 552266 102 88 552006 24 0 0 6 0 40
1441 A 547786 547527 48 19 104 36 0 0 0 52
1442 T 475365 32 475160 72 12 0 29 0 0 60
1443 G 600298 117 60 16 600011 0 0 0 51 43
1444 A 594444 594054 47 9 152 14 0 0 0 168
1445 G 676885 137 53 20 676565 0 0 0 42 68
1446 T 678769 64 677148 84 28 0 22 0 0 1423
1447 A 660735 660551 34 7 76 22 0 0 0 45
1448 A 668786 668571 42 4 82 27 0 0 0 60
1449 T 665157 59 664808 167 21 0 25 0 0 77
1450 G 666610 129 72 34 666288 0 0 0 17 70
1451 A 635299 635008 52 5 91 40 0 0 0 103
1452 A 587947 587719 31 13 99 22 0 0 0 63
1453 G 587416 150 51 23 587063 0 0 0 36 93
1454 G 537640 46 48 26 537436 0 0 0 24 60
1455 A 534101 533793 36 5 99 8 0 0 0 160
1456 T 542838 28 542529 74 8 0 11 0 0 188
1457 C 538713 47 45 538536 15 0 0 4 0 66
1458 T 530084 37 529935 65 9 0 7 0 0 31
1459 T 534553 4 534406 106 2 0 6 0 0 29
1460 A 535253 535124 25 2 45 2 0 0 0 55
1461 T 534551 32 534421 46 6 0 4 0 0 42
1462 T 531803 41 531666 66 5 0 6 0 0 19
1463 T 527877 37 527710 65 3 0 6 0 0 56
1464 C 525609 28 47 525449 21 0 0 13 0 51
1465 T 507625 18 507473 88 4 0 4 0 0 38
1466 T 505470 25 505295 78 5 0 0 0 0 67
1467 C 504376 51 62 504202 9 0 0 1 0 51
1468 G 501946 81 63 25 501711 0 0 0 4 62
1469 G 506008 39 38 15 505845 0 0 0 17 54
1470 A 508640 508316 34 4 105 15 0 0 0 166
1471 G 518836 74 30 20 518615 0 0 0 3 94
1472 A 518063 517521 59 6 211 11 0 0 0 255
1473 C 530435 49 63 530198 29 0 0 17 0 79
1474 A 519144 518961 21 7 87 27 0 0 0 41
1475 A 573331 573080 33 4 107 52 0 0 0 55
1476 T 590993 58 590721 99 14 0 8 0 0 93
1477 G 628241 552 85 35 627490 1 0 0 15 63
1478 C 645094 96 230 644601 58 0 0 29 0 80
1479 A 624051 623625 56 19 203 44 0 0 0 104
1480 G 629816 108 56 17 629542 0 0 0 41 52
1481 A 649042 648606 36 2 185 21 0 0 0 192
1482 G 541525 177 47 29 541201 0 0 0 27 44
1483 G 569846 156 50 17 569501 0 0 0 83 39
1484 A 471792 471169 38 17 412 26 0 0 0 130
1485 G 480921 111 40 12 480671 0 0 0 17 70
1486 T 459815 38 457494 64 13 0 11 0 0 2195
1487 A 453799 453256 46 138 116 18 0 0 0 225
1488 C 454611 181 152 454189 23 0 0 25 0 41
1489 G 433361 155 41 20 433087 0 0 0 7 51
1490 A 432697 432256 48 6 124 11 0 0 0 252
1491 C 418563 234 54 418183 24 0 0 23 0 45
1492 A 340106 339996 25 9 49 7 0 0 0 20
1493 A 340986 340619 297 8 31 6 0 0 0 25
1494 T 318445 395 317956 43 11 0 2 0 0 38