# nucleotide counts
# upper case indicates nucleotide called by both reads
# lower case indicates nucleotide called by one read with other ambiguous
# N indicates disagreement between reads, or both ambiguous
# POSITION WT COUNTS A T C G a t c g N
1 A 634388 633534 51 11 152 2 0 0 0 638
2 T 637903 59 636726 118 10 0 1 0 0 989
3 G 638318 91 142 24 637519 0 0 0 6 536
4 G 637780 852 707 1757 633964 0 0 0 0 500
5 C 611410 909 974 607778 1111 0 0 2 0 636
6 G 625307 1000 719 1763 621372 0 1 0 4 448
7 T 642047 720 638437 1219 669 0 7 0 0 995
8 C 646788 907 626 643726 623 0 0 4 0 902
9 C 649804 841 650 647192 671 0 0 0 0 450
10 C 648770 2174 1748 642988 1354 0 0 2 0 504
11 A 646003 639155 1736 2697 1706 1 0 0 0 708
12 A 647320 640990 1661 2476 1789 4 0 0 0 400
13 G 650062 794 761 1318 646567 0 0 0 8 614
14 G 662807 935 671 1433 659217 0 0 0 12 539
15 C 620743 904 800 617973 469 0 0 6 0 591
16 A 565016 559969 1113 1347 822 3 0 0 0 1762
17 C 558861 1443 993 554917 852 0 0 3 0 653
18 C 542412 1299 855 539068 797 0 0 3 0 390
19 A 540629 536325 1104 1509 1027 1 0 0 0 663
20 A 539723 535718 1018 1739 911 7 0 0 0 330
21 A 538652 534326 956 1624 1129 4 0 0 0 613
22 C 538007 1067 1036 534766 727 0 0 4 0 407
23 G 498422 1230 1070 1289 494395 0 0 0 2 436
24 G 510432 1007 651 1272 507124 0 0 0 5 373
25 T 511873 890 507315 1210 922 0 9 0 0 1527
26 C 539617 1000 907 536541 766 0 0 9 0 394
27 T 574055 1062 570405 1162 967 0 13 0 0 446
28 T 536897 1331 532630 1549 1114 1 4 0 0 268
29 A 540203 535668 1037 1586 1248 5 0 0 0 659
30 T 531780 1191 527404 1611 1156 0 8 0 0 410
31 G 547849 860 646 667 545145 0 0 0 8 523
32 A 562215 559444 692 1038 727 9 0 0 0 305
33 A 524426 521861 538 931 707 5 0 0 1 383
34 C 510907 1260 1066 507406 815 0 0 5 0 355
35 A 459338 455145 936 1830 1002 5 0 0 0 420
36 G 529104 1107 1091 1631 524750 0 0 0 4 521
37 A 547945 543606 1046 1771 1036 5 0 0 0 481
38 T 551219 1398 546909 1507 1126 0 1 0 0 278
39 G 554627 1324 1053 1632 550101 0 0 0 5 512
40 G 543007 754 840 1540 539565 0 0 0 8 300
41 A 545338 541134 706 1578 939 2 0 0 0 979
42 A 556212 552818 692 1504 898 4 0 1 0 295
43 A 557134 554285 410 843 701 7 0 0 0 888
44 C 595552 623 469 593577 605 0 0 7 0 271
45 T 553672 564 551319 789 622 0 3 0 0 375
46 G 567222 561 437 629 564837 0 0 0 4 754
47 A 564054 561670 387 691 569 1 0 0 0 736
48 T 565782 533 563634 681 480 0 5 0 0 449
49 G 564362 942 793 1154 561140 0 0 0 3 330
50 G 570891 887 764 1247 567625 0 0 0 1 367
51 G 568265 1035 676 1222 564372 0 0 0 7 953
52 G 573538 717 590 1186 570630 0 0 0 4 411
53 A 553202 549676 448 1200 730 0 0 0 0 1148
54 A 556769 554098 492 1122 636 0 0 0 0 421
55 C 566703 744 822 563649 734 0 0 4 0 750
56 G 565474 1013 621 1247 561944 0 0 0 3 646
57 C 575312 818 525 572688 826 0 0 4 0 451
58 C 570915 1092 1070 566964 1193 0 0 2 0 594
59 A 567336 562346 1096 1621 1616 2 0 0 0 655
60 G 582700 1221 1177 1506 578325 0 0 0 8 463
61 A 579491 575672 814 1550 989 9 0 0 0 457
62 A 599966 596085 973 1507 988 10 0 0 0 403
63 T 571444 1273 567248 1194 929 0 5 0 0 795
64 G 586803 1972 1517 1975 580944 0 0 0 6 389
65 C 596315 1785 1698 590287 1491 0 0 2 0 1052
66 A 565333 560298 1289 2014 1488 4 0 0 0 240
67 A 606063 600907 1307 1915 1295 7 0 0 0 632
68 C 601023 1619 1143 596648 1231 0 0 4 0 378
69 T 592428 1594 586910 2154 1360 0 7 1 0 402
70 G 598643 1506 1293 1518 593820 0 0 0 8 498
71 A 557009 552612 1240 1379 1357 3 0 0 0 418
72 G 596574 1572 1108 1268 592207 0 0 0 2 417
73 A 557658 554003 883 1281 811 2 0 0 0 678
74 T 596712 1250 592651 1481 875 0 11 0 0 444
75 C 566514 1166 896 562977 771 0 0 7 0 697
76 A 534650 531191 825 1277 1107 7 0 0 0 243
77 G 553288 873 661 1329 549908 0 0 0 3 514
78 A 550210 546814 543 1283 1024 1 0 0 0 545
79 G 576481 750 687 985 573614 0 0 0 10 435
80 C 561392 699 898 558547 805 0 0 5 0 438
81 A 534913 531796 666 950 1055 3 0 0 0 443
82 T 548015 741 544716 1110 870 0 2 0 0 576
83 C 550741 849 750 547703 815 0 0 1 0 623
84 C 556268 780 836 553155 944 0 0 5 0 548
85 G 545187 679 575 952 542623 0 0 0 3 355
86 T 549221 625 546289 1093 649 0 4 0 0 561
87 C 547842 665 717 545246 657 0 0 0 0 557
88 G 551753 615 746 1232 548700 0 0 0 4 456
89 G 555869 658 655 1064 552782 0 0 0 1 709
90 G 570240 759 644 1128 567273 0 0 0 4 432
91 A 569960 567140 677 851 798 5 0 0 0 489
92 A 569224 566362 768 1008 724 2 0 0 0 360
93 G 560363 754 764 823 557493 0 0 0 2 527
94 A 552776 548935 1136 909 1055 3 0 0 0 738
95 T 545740 1280 541621 1012 985 0 2 0 0 840
96 G 552695 1062 1102 1210 548972 0 0 0 6 343
97 A 574776 571259 1116 910 904 2 0 0 0 585
98 T 573290 1299 570021 523 1108 0 2 0 0 337
99 T 559355 1223 556075 804 707 0 3 0 0 543
100 G 561270 1176 993 1158 557276 0 0 0 2 665
101 A 558499 554645 946 1215 1176 5 0 0 0 512
102 T 547754 1131 543959 1138 1128 0 0 0 0 398
103 G 541118 1033 965 1047 537786 0 0 0 5 282
104 G 562880 902 793 1162 559621 0 0 0 7 395
105 A 547562 544144 855 1063 879 7 0 0 0 614
106 A 533836 531409 417 880 386 2 0 0 0 742
107 T 536921 519 534588 804 491 0 1 0 0 518
108 T 529284 567 527096 830 473 0 4 0 0 314
109 G 539400 498 506 505 537637 0 0 0 2 252
110 G 530354 522 356 546 528564 0 0 0 3 363
111 A 518367 515937 338 673 648 6 0 0 0 765
112 C 530821 536 433 529021 339 0 0 8 0 484
113 G 471264 687 405 991 468905 0 0 0 5 271
114 A 541267 539080 386 969 341 2 0 0 0 489
115 T 550645 646 547882 1178 643 0 5 0 0 291
116 T 516759 603 514045 945 620 0 4 0 0 542
117 C 518531 678 498 516300 702 0 0 3 0 350
118 T 510693 1202 507158 910 1025 0 10 0 0 388
119 A 528779 524909 899 856 1340 6 0 0 0 769
120 C 528202 1218 1131 524528 1010 0 0 8 0 307
121 A 493082 490539 785 706 549 10 0 0 0 493
122 T 502903 749 500161 779 720 0 9 0 0 485
123 C 470443 680 598 468131 811 0 0 8 0 215
124 C 476375 849 650 473897 593 0 0 2 0 384
125 A 474273 471690 656 941 745 1 0 0 0 240
126 A 462434 460088 621 867 595 1 0 0 0 262
127 A 462574 461106 293 395 339 1 0 0 0 440
128 T 444006 353 442477 418 288 0 8 0 0 462
129 G 515624 580 546 586 513471 0 0 0 7 434
130 T 490414 359 487881 635 259 0 6 0 0 1274
131 G 495424 430 295 566 493643 0 0 0 3 487
132 C 498831 356 534 497233 331 0 0 2 0 375
133 A 492185 489499 472 838 544 2 0 0 0 830
134 C 491417 555 491 489499 486 0 0 2 0 384
135 T 474916 544 472757 864 457 0 3 0 0 291
136 G 518260 667 558 695 515665 0 0 0 4 671
137 A 543599 541124 538 764 614 8 0 0 0 551
138 A 565331 562442 544 821 497 10 0 0 0 1017
139 C 601108 535 441 599493 253 0 0 6 0 380
140 T 601139 429 599217 755 402 0 3 0 0 333
141 T 602997 534 600932 736 389 0 5 0 0 401
142 A 609623 607631 545 379 432 10 0 0 0 626
143 A 609804 607885 442 356 371 5 0 0 0 745
144 A 647272 644916 499 387 313 10 0 0 0 1147
145 C 646602 2430 2022 639593 2055 0 0 8 0 494
146 T 605158 2542 596814 3160 2234 0 4 0 0 404
147 C 619698 2782 2391 611893 2362 0 0 2 1 267
148 A 605781 598062 1705 2682 2383 4 0 0 0 945
149 G 650814 1757 1672 2661 644355 0 0 0 5 364
150 T 645116 1827 636931 2592 2325 0 10 0 0 1431
151 G 704412 1364 964 812 700607 0 0 0 15 650
152 A 722013 718542 1244 1241 575 13 0 0 0 398
153 T 686335 883 682626 985 896 0 3 0 0 942
154 T 711686 1707 705902 1387 1826 0 6 0 0 858
155 A 714675 709009 1581 1664 1873 10 0 0 0 538
156 T 718238 1901 712403 1678 1811 0 7 0 0 438
157 G 720625 1581 1320 1592 715744 0 0 0 3 385
158 A 679333 674020 1063 1822 1851 8 0 0 0 569
159 G 681792 1328 1248 1576 677224 0 0 0 6 410
160 G 630294 897 635 1045 626779 0 0 0 2 936
161 G 615047 800 735 1145 611903 0 0 0 3 461
162 G 614357 781 688 1123 610716 0 0 0 2 1047
163 C 579875 745 927 576697 908 0 0 5 0 593
164 G 586573 775 879 1393 583047 0 0 0 2 477
165 A 587459 583172 773 1463 993 3 0 0 0 1055
166 C 589073 1038 1113 584929 1204 0 0 1 0 788
167 T 585141 1234 580235 1875 1274 0 1 0 0 522
168 G 580370 1192 1191 1667 575711 0 0 0 2 607
169 A 637155 632638 1180 1393 1360 7 0 0 0 577
170 T 616580 1179 612068 1261 1379 0 12 0 0 681
171 C 608183 1150 1162 604373 1141 0 0 4 0 353
172 C 608013 1500 1522 602878 1631 0 0 6 0 476
173 A 587831 582090 1484 1749 2045 7 0 0 0 456
174 G 592308 1510 1514 1615 587274 0 0 0 2 393
175 A 567180 560602 1554 2001 2266 3 0 0 0 754
176 A 567292 560749 1842 1795 2373 11 0 0 0 522
177 C 570218 2011 2016 563534 2164 0 0 7 0 486
178 A 459895 457202 668 716 859 2 0 0 0 448
179 G 469440 701 586 798 467091 0 0 0 0 264
180 C 464533 621 672 461900 828 0 0 2 0 510
181 T 458190 695 455646 723 772 0 2 0 0 352
182 T 462604 792 460125 729 658 0 2 0 0 298
183 A 454754 452211 764 706 743 5 0 0 0 325
184 A 484105 478577 1314 2383 1364 8 0 0 0 459
185 C 504626 1689 1350 499842 1413 0 0 12 0 320
186 A 478476 472949 1298 2458 1262 5 0 0 0 504
187 A 494049 490320 1008 1439 915 3 0 0 0 364
188 T 452822 1123 449177 1334 887 0 8 0 0 293
189 A 465925 462206 915 1385 1149 3 0 0 0 267
190 G 472436 1000 897 1618 468657 0 0 0 8 256
191 A 480358 476523 911 1611 1003 5 0 0 0 305
192 G 485624 1011 925 1764 481445 0 0 0 7 472
193 A 445304 441968 954 1150 834 7 0 0 0 391
194 G 468307 916 860 1353 464559 0 0 0 5 614
195 A 471067 468144 850 1174 667 8 0 0 0 224
196 A 485516 484440 229 240 138 2 0 0 0 467
197 T 487371 301 486104 269 136 0 7 0 0 554
198 G 474553 243 237 250 473375 0 0 0 2 446
199 G 481556 175 146 110 480607 0 0 0 5 513
200 T 453023 133 450445 159 177 0 4 0 0 2105
201 G 487836 300 136 114 486833 0 0 0 3 450
202 C 486583 334 295 485172 283 0 0 4 0 495
203 T 488373 316 486655 606 309 0 3 0 0 484
204 C 499437 341 303 497895 305 0 0 2 0 591
205 T 499228 661 496653 939 609 0 3 0 0 363
206 C 529822 741 656 527192 755 0 0 2 0 476
207 T 527020 826 524133 957 610 0 3 0 0 491
208 G 534571 1265 756 1115 530983 0 0 0 7 445
209 C 534650 1000 805 531500 898 0 0 3 0 444
210 T 521028 979 517266 1306 840 0 3 0 0 634
211 T 530732 779 527763 931 758 0 2 0 0 499
212 T 521403 779 518666 935 653 0 5 0 0 365
213 T 501287 610 498330 898 953 0 2 0 0 494
214 G 504815 714 578 707 502496 0 0 0 2 318
215 A 497212 494725 472 821 693 2 0 0 0 499
216 C 506860 511 981 504003 606 0 0 2 0 757
217 G 489062 577 477 768 486843 0 0 0 2 395
218 A 469175 466783 475 705 450 2 0 1 0 759
219 A 470592 468684 509 520 512 1 0 0 0 366
220 A 472193 469937 498 778 580 3 0 0 0 397
221 G 475924 482 516 738 473897 0 0 0 5 286
222 A 482721 480518 501 681 737 0 0 0 0 284
223 A 481055 478734 546 639 668 1 0 0 0 467
224 G 498800 623 582 663 496531 0 0 0 4 397
225 G 550591 506 551 657 548361 0 0 0 13 503
226 A 539405 537061 510 782 542 8 0 0 0 502
227 A 560069 557901 546 775 540 6 0 0 0 301
228 T 536822 526 534642 707 533 0 5 0 0 409
229 A 532944 530108 754 920 880 5 0 0 0 277
230 A 533334 530357 741 1035 857 3 0 1 0 340
231 A 526870 523999 631 917 823 11 0 0 0 489
232 T 528134 983 525205 797 755 0 11 0 0 383
233 A 477704 475222 727 711 703 4 0 0 0 337
234 T 420220 818 417828 658 604 0 3 0 0 309
235 C 428479 1323 1003 424724 1092 0 0 4 0 333
236 T 403114 1133 399366 1362 1014 0 2 0 0 237
237 G 406702 1062 1015 1171 403030 0 0 0 6 418
238 G 399161 1536 1317 1803 394302 0 0 0 4 199
239 A 392434 387865 1313 1715 1205 2 0 0 0 334
240 A 372483 368246 1209 1662 1040 2 0 0 0 324
241 G 388436 1509 1195 1275 383959 0 0 0 2 496
242 A 378208 374099 1171 1154 1332 3 0 1 0 448
243 A 412006 407183 1304 1753 1328 3 0 0 0 435
244 C 416555 1335 1166 412756 1016 0 0 4 0 278
245 A 398744 395578 1058 831 1079 4 0 0 0 194
246 T 517619 2096 512398 1179 1447 0 7 0 0 492
247 C 509508 1626 1745 503832 1785 0 0 7 0 513
248 C 533065 1753 1802 526896 2081 0 1 4 0 528
249 C 534200 1750 1669 528185 2167 0 0 4 0 425
250 A 510221 506135 1277 902 1471 7 0 0 0 429
251 G 549415 1234 1074 1135 545588 0 1 0 4 379
252 C 544203 1061 1432 540240 930 0 0 4 0 536
253 G 539678 1159 1047 1340 535743 0 0 0 4 385
254 C 546024 952 1041 541838 1560 0 0 0 0 633
255 G 545745 1226 1213 1538 541167 0 0 0 0 601
256 G 591367 1374 1286 1791 586423 0 0 0 4 489
257 G 584222 1565 1300 1571 579474 0 0 0 6 306
258 G 609656 1523 1324 1634 604670 0 0 0 1 504
259 A 612251 606682 1538 1566 2008 4 0 0 0 453
260 A 607825 602343 1324 1975 1606 6 0 0 0 571
261 G 623393 1689 1575 1726 617971 0 0 0 4 428
262 G 635884 1542 1503 2145 629953 0 0 0 1 740
263 A 633797 627611 1639 1779 2070 7 0 0 0 691
264 T 632933 1687 626581 1694 2139 0 2 0 0 830
265 C 606679 2963 2798 597327 3160 0 0 4 0 427
266 C 597968 2837 3007 588524 3146 0 0 3 0 451
267 T 584507 3023 574492 3370 3131 0 2 0 0 489
268 A 585722 578673 2342 1372 2645 2 0 0 0 688
269 A 586056 578900 2413 1598 2736 3 0 0 0 406
270 G 587595 2087 2323 1887 580849 0 0 0 7 442
271 A 560951 555756 1504 1627 1317 3 0 0 0 744
272 A 550653 546120 1295 1665 1274 1 0 0 0 298
273 A 541032 536497 1294 1325 1345 1 0 1 0 569
274 A 513224 510168 680 904 698 3 0 0 0 771
275 C 518140 789 636 515424 692 0 0 4 0 595
276 T 497915 607 495159 974 641 0 3 0 0 531
277 G 494620 646 494 599 492302 0 0 0 1 578
278 G 492888 610 450 589 491011 0 0 0 2 226
279 A 485283 482289 527 723 841 1 0 0 0 902
280 G 480866 418 354 413 479264 0 0 0 1 416
281 G 474849 359 292 396 473379 0 0 0 3 420
282 A 464691 462137 269 401 415 7 0 0 0 1462
283 C 503126 334 348 501866 305 0 0 3 0 270
284 C 493235 362 331 491931 318 0 0 4 0 289
285 C 492629 353 390 490909 322 0 0 2 0 653
286 A 544763 542524 618 731 510 5 0 0 0 375
287 T 534835 611 532735 734 441 0 12 0 0 302
288 A 624038 621512 703 707 632 4 0 0 0 480
289 T 621209 818 618280 933 797 0 5 0 0 376
290 A 565667 562694 796 806 747 14 0 0 0 610
291 C 576313 772 694 573794 728 0 0 8 0 317
292 A 508696 505387 705 1268 947 6 0 0 0 383
293 A 509991 506926 805 1125 845 3 0 0 0 287
294 G 504916 833 770 1085 501737 0 0 0 4 487
295 A 410944 408537 486 822 740 5 0 0 0 354
296 G 416126 571 592 741 414002 0 0 0 3 217
297 A 391430 389048 492 697 825 2 0 0 0 366
298 G 398899 796 763 1307 395656 0 0 0 2 375
299 T 406036 858 400150 1393 672 0 3 0 0 2960
300 A 413637 410159 808 1334 956 3 0 0 0 377
301 G 442406 928 783 1203 438962 0 0 0 3 527
302 A 437714 434655 841 1154 817 4 0 0 0 243
303 T 462971 1053 459217 1239 827 0 2 0 0 633
304 A 455089 451982 831 1103 840 0 0 0 0 333
305 G 462912 800 703 1239 459805 0 0 0 5 360
306 A 460528 457469 710 1179 800 3 0 0 0 367
307 A 460934 458905 337 699 475 3 0 0 0 515
308 A 459121 457478 281 652 475 4 0 0 0 231
309 G 474580 389 319 739 472557 0 0 0 5 571
310 T 471183 675 467003 1452 622 0 3 0 0 1428
311 G 479101 808 814 1249 475834 0 0 0 4 392
312 G 479825 767 685 1313 476637 0 0 0 6 417
313 A 479764 477674 376 543 415 1 0 0 0 755
314 T 482456 422 480854 503 394 0 2 0 0 281
315 G 495001 469 386 606 493004 0 0 0 5 531
316 A 496969 495145 346 567 502 3 0 0 0 406
317 G 498003 359 422 552 496312 0 0 0 5 353
318 G 494768 387 367 484 493110 0 0 0 2 418
319 G 496167 560 365 382 494009 0 0 0 4 847
320 A 499045 497696 297 371 336 2 0 0 0 343
321 A 501423 499076 329 359 408 0 0 0 0 1251
322 C 503498 450 471 501395 570 0 0 0 0 612
323 T 499664 421 497511 764 582 0 2 0 0 384
324 C 492646 506 475 490724 489 0 0 5 0 447
325 G 482552 519 566 700 480333 0 0 0 5 429
326 T 493578 448 490915 800 814 0 5 0 0 596
327 C 521642 675 551 519310 709 0 0 10 0 387
328 C 544563 623 714 542136 565 0 0 8 0 517
329 T 550734 781 547825 1082 752 0 8 0 0 286
330 T 551105 791 547970 1059 709 0 4 0 0 572
331 T 534747 814 531915 800 888 0 5 0 0 325
332 A 499583 497045 801 646 826 3 0 0 0 262
333 T 491478 672 488848 805 718 0 0 0 0 435
334 G 492109 847 787 1029 488938 0 0 0 1 507
335 A 441204 438261 679 1030 654 9 0 0 0 571
336 C 448497 697 657 446007 653 0 0 9 0 474
337 A 394945 392435 676 989 615 2 0 0 0 228
338 A 401789 399064 750 1014 669 4 0 0 0 288
339 A 408868 406277 704 929 716 1 0 0 0 241
340 G 466295 679 712 829 463741 0 0 0 5 329
341 A 478337 475695 768 902 658 6 0 0 0 308
342 A 472297 469698 661 837 794 1 0 0 0 306
343 G 527471 773 594 671 524889 0 0 0 3 541
344 A 546006 543788 555 674 749 7 0 0 0 233
345 A 547345 544685 764 486 745 2 0 0 0 663
346 A 548469 544880 967 1251 840 1 0 0 0 530
347 T 541419 1050 537896 1154 890 0 5 0 0 424
348 A 534815 531084 909 1056 1154 4 0 0 0 608
349 A 528911 525935 865 879 910 3 0 0 0 319
350 G 523972 813 887 823 521034 0 0 0 3 412
351 G 524142 620 768 794 521388 0 0 0 4 568
352 C 502652 392 435 500999 291 0 0 2 0 533
353 G 499208 528 431 505 497372 0 0 0 1 371
354 A 510008 508216 412 507 376 2 0 0 0 495
355 A 527318 526131 254 163 243 6 0 0 0 521
356 T 525201 232 523936 296 212 0 7 0 0 518
357 C 525350 226 242 523758 235 0 0 5 0 884
358 T 514605 430 512269 663 497 0 4 0 0 742
359 G 519682 475 489 552 517760 0 0 0 0 406
360 G 508916 421 298 548 506643 0 0 0 3 1003
361 C 516623 866 894 513402 753 0 0 5 0 703
362 G 516470 875 740 1191 512910 0 0 0 4 750
363 C 513487 614 851 510654 726 0 0 2 0 640
364 C 499742 833 667 496144 1153 0 0 0 0 945
365 A 500255 496843 559 1128 1367 0 0 0 0 358
366 A 523052 519413 936 788 1383 4 0 0 0 528
367 G 588722 886 815 951 585577 0 0 0 10 483
368 C 586739 788 907 583335 1239 0 0 8 0 462
369 C 624602 940 753 621256 905 0 0 4 0 744
370 A 626131 622492 950 1168 1078 7 0 0 0 436
371 A 635526 632161 1061 993 1014 8 0 0 0 289
372 T 650378 1053 646432 1148 1060 0 2 0 0 683
373 A 643485 639211 1400 1287 1213 6 0 0 0 368
374 A 647082 642542 1356 1287 1271 6 0 0 0 620
375 T 617845 1464 613346 1257 1251 0 3 0 0 524
376 G 581695 1393 1225 1448 577320 0 0 0 4 305
377 G 541441 1134 1002 1414 537548 0 0 0 5 338
378 T 494622 1111 488706 1455 1262 0 3 0 0 2085
379 G 497861 958 863 863 494810 0 0 0 2 365
380 A 493173 489898 762 991 1090 1 0 0 0 431
381 T 491734 1060 488491 1036 781 0 7 0 0 359
382 G 486314 743 618 693 483628 0 0 0 4 628
383 A 488442 486030 693 683 699 3 0 0 0 334
384 T 495984 740 492789 764 701 0 1 0 0 989
385 G 490058 1170 634 811 487079 0 0 0 2 362
386 C 483108 756 896 480251 707 0 0 3 0 495
387 A 477742 475212 645 781 761 2 0 0 0 341
388 A 472747 470344 642 727 517 2 0 0 0 515
389 C 465345 630 608 463282 477 0 0 3 0 345
390 A 454536 451990 563 494 672 3 0 0 0 814
391 G 456707 741 544 800 454358 0 0 0 3 261
392 C 439980 658 582 437538 649 0 0 1 0 552
393 T 426756 533 424361 918 694 0 3 0 0 247
394 G 491571 655 664 560 489217 0 0 0 5 470
395 G 503811 592 591 595 501687 0 0 0 7 339
396 T 504496 631 501098 696 500 0 9 0 0 1562
397 C 540377 720 657 537964 699 0 0 2 0 335
398 T 525005 711 521827 1049 701 0 5 0 0 712
399 G 601469 856 826 900 598525 0 0 0 7 355
400 A 603339 597805 775 2544 1281 5 0 0 1 928
401 C 638411 1410 941 634189 1333 0 0 6 0 532
402 T 650922 1604 645388 2489 997 0 6 0 0 438
403 C 654206 1727 1379 649363 1258 0 0 9 0 470
404 A 652625 647100 1383 1705 1474 8 0 0 0 955
405 C 702913 1661 1417 698097 1302 0 0 8 0 428
406 A 702102 696064 1840 1648 1866 13 0 0 0 671
407 T 718496 2348 712160 1784 1750 0 4 0 0 450
408 G 680534 2040 1735 1605 674539 0 0 0 8 607
409 A 704123 699999 1054 1520 1090 6 0 0 0 454
410 T 682173 1184 677909 1570 982 0 3 0 0 525
411 G 688562 1078 894 1387 684582 0 0 0 4 617
412 A 672892 670176 612 810 681 13 0 0 0 600
413 T 666033 778 662927 923 618 0 7 0 0 780
414 C 606668 673 631 604260 574 0 0 4 0 526
415 T 600718 482 598583 822 491 0 5 0 0 335
416 G 583591 451 326 480 581587 0 0 0 1 746
417 G 587609 594 349 427 585800 0 0 0 3 436
418 C 573450 425 388 571057 337 0 0 3 0 1240
419 A 569804 568246 310 360 350 4 0 0 0 534
420 T 561591 317 559965 430 265 0 4 0 0 610
421 T 557038 453 555395 477 390 0 3 0 0 320
422 C 557830 468 338 555977 336 0 0 5 0 706
423 C 556686 443 367 554948 371 0 0 2 0 555
424 A 557777 555829 431 530 450 3 0 0 0 534
425 A 555786 553810 396 536 483 1 0 0 0 560
426 T 550883 521 549075 487 360 0 3 0 0 437
427 T 550499 685 548135 689 573 0 3 0 0 414
428 T 543732 832 540684 751 535 0 3 0 0 927
429 G 547873 762 650 744 545473 0 0 0 2 242
430 A 536244 533900 434 621 583 2 0 0 0 704
431 A 535303 533402 486 531 672 2 0 0 0 210
432 T 541823 594 539509 679 490 0 6 0 0 545
433 G 513405 661 550 535 511379 0 0 0 4 276
434 A 551400 549299 552 500 467 1 0 0 0 581
435 T 549211 593 547220 599 413 0 6 0 0 380
436 A 549688 547331 403 587 821 6 1 0 0 539
437 C 584934 509 505 582999 625 0 0 3 0 293
438 A 554165 551917 404 771 725 11 1 0 0 336
439 A 635740 633404 502 700 624 8 0 0 0 502
440 C 638825 477 412 636803 549 0 0 6 0 578
441 A 643500 641354 429 664 620 13 0 0 0 420
442 T 660341 708 657246 982 879 0 6 0 0 520
443 A 557078 553540 631 863 730 8 0 0 0 1306
444 C 572894 597 582 570491 823 0 0 5 0 396
445 C 574191 530 703 571893 811 0 0 6 0 248
446 A 557157 553978 739 938 1097 7 0 0 0 398
447 G 572925 718 715 936 570054 0 0 0 6 496
448 A 513171 511169 462 502 611 4 0 0 0 423
449 G 555087 613 480 561 552839 0 0 0 2 592
450 G 547372 349 478 507 545712 0 0 0 2 324
451 A 548801 545417 595 898 820 2 0 0 0 1069
452 C 555643 769 670 552922 662 0 0 3 0 617
453 A 545171 542545 634 791 815 2 0 0 0 384
454 A 552991 548750 1116 1317 1140 1 0 0 0 667
455 G 570196 978 1271 1339 566187 0 0 0 3 418
456 A 585262 580793 1041 1590 1179 5 0 0 0 654
457 G 604407 1179 1190 1401 599845 0 0 0 3 789
458 C 624803 1231 1118 620797 1088 0 0 4 0 565
459 T 623544 1210 619076 1403 1155 0 1 0 0 699
460 C 631127 1431 1254 626578 1283 0 0 3 0 578
461 T 628618 1342 623776 1477 1482 0 4 0 0 537
462 T 638072 1665 633245 1252 1363 0 6 0 0 541
463 G 644761 1325 1285 1348 639923 0 0 0 6 874
464 T 651570 1369 646122 1504 1630 0 1 0 0 944
465 T 650578 2182 645338 1097 1324 0 2 0 0 635
466 C 654404 1563 1607 648637 1595 0 0 4 0 998
467 G 651056 1959 1374 1923 645373 0 0 0 1 426
468 C 668036 1525 1683 662497 1615 0 0 6 0 710
469 A 659517 652744 1212 1740 1780 1 0 0 0 2040
470 C 664354 1531 1464 659090 1674 0 0 5 0 590
471 C 658997 1546 1507 653830 1499 0 0 1 0 614
472 G 668080 1921 1678 2525 661144 0 0 0 4 808
473 G 675175 1972 1759 2251 668421 0 0 0 1 771
474 C 707073 2299 2114 700263 1910 0 0 1 0 486
475 A 710601 702705 2094 2716 2365 6 0 0 0 715
476 T 746102 2637 737307 3571 2069 0 3 0 0 515
477 G 744405 2486 2694 3432 735088 0 0 0 4 701
478 G 778082 2120 1865 1880 771692 0 0 0 7 518
479 A 809778 802658 1934 2033 2303 14 0 0 0 836
480 T 825723 2245 818562 2336 1783 0 20 0 0 777
481 C 776442 2384 2402 768021 2962 0 0 10 0 663
482 C 737621 2422 2578 729227 3068 0 0 7 0 319
483 C 693385 2682 2231 685553 2341 0 0 2 0 576
484 A 702044 693062 2691 2484 3352 5 0 0 0 450
485 G 738178 3064 2715 2435 729099 0 0 0 7 858
486 G 712558 3001 2487 2054 704535 0 0 0 13 468
487 A 682262 676652 1693 1265 1787 10 0 0 0 855
488 T 607824 1703 603006 1192 1515 0 2 0 0 406
489 G 617715 1534 1543 1193 612694 0 0 0 3 748
490 T 594894 1421 589989 1371 1221 0 6 0 0 886
491 G 595687 1750 1237 1342 590883 0 0 0 3 472
492 C 598676 1167 1442 594440 1244 0 0 2 0 381
493 T 579305 1075 575132 1300 1080 0 4 0 0 714
494 C 598321 1159 956 594259 1302 0 0 1 0 644
495 T 578832 1154 574530 1000 1107 0 3 0 0 1038
496 C 587970 1357 1376 583384 1246 0 0 4 0 603
497 T 585607 1175 581009 1218 1603 0 3 0 0 599
498 G 558863 1094 1595 771 555109 0 1 0 4 289
499 A 559637 556412 836 773 884 3 0 0 0 729
500 T 550687 900 547703 863 906 0 3 0 0 312
501 G 544233 1030 845 728 540870 0 0 0 2 758
502 C 545664 992 1213 541864 934 0 0 3 0 658
503 A 516064 512474 989 894 1297 4 0 0 0 406
504 G 519243 1015 995 783 515992 0 0 0 2 456
505 G 497687 776 663 641 495221 0 0 0 4 382
506 G 516853 854 718 730 514228 0 0 0 2 321
507 T 502900 546 497207 747 1149 0 2 0 0 3249
508 T 506692 563 504334 766 525 0 0 0 0 504
509 C 506386 623 857 503480 688 0 0 3 0 735
510 G 507024 669 648 626 504515 0 0 0 4 562
511 A 512822 507626 571 813 700 4 0 0 0 3108
512 C 508124 457 656 506111 616 0 0 4 0 280
513 T 495871 562 493496 722 579 0 2 0 0 510
514 C 545520 1063 1202 541746 1169 0 0 3 1 336
515 T 552336 1265 547415 1671 1333 0 6 0 0 646
516 C 672688 1272 1396 668078 1400 0 0 4 0 538
517 C 661935 1578 1887 656076 1888 0 0 7 0 499
518 C 659647 1987 1739 653663 1743 0 1 7 0 507
519 T 653178 1914 646796 2188 1745 0 5 0 1 529
520 A 708196 702929 1842 1672 1348 3 0 0 0 402
521 G 675259 1423 1691 1573 670081 0 0 0 7 484
522 G 655574 1537 1550 1342 650745 0 0 0 6 394
523 A 594735 591569 687 760 983 10 0 0 0 726
524 G 600282 727 729 708 597663 0 0 0 11 444
525 G 579097 672 709 589 576398 0 0 0 7 722
526 T 569986 810 565175 901 651 0 1 0 0 2448
527 C 564141 875 983 561175 634 0 0 4 0 470
528 T 578689 847 575312 1440 715 0 5 0 0 370
529 G 581006 841 1006 941 577558 0 0 0 3 657
530 G 583458 797 903 626 580799 0 0 0 2 331
531 A 581551 577790 695 635 1024 2 0 0 0 1405
532 G 596458 917 809 996 593296 0 0 0 4 436
533 C 590114 873 844 586489 833 0 0 4 0 1071
534 T 572469 695 569205 1205 729 0 4 0 0 631
535 G 575559 1319 785 556 572472 0 0 0 2 425
536 C 579235 699 831 576818 644 0 0 3 0 240
537 A 581438 577766 730 760 1344 1 0 0 0 837
538 G 599084 489 624 507 597125 0 0 0 3 336
539 G 610069 456 587 513 607111 0 0 0 3 1399
540 C 608712 407 682 606300 536 0 0 4 0 783
541 G 603772 1180 967 1082 599958 0 0 0 3 582
542 C 610217 858 921 607100 878 0 0 1 0 459
543 T 600659 779 596823 1380 838 0 1 0 0 838
544 G 625824 1602 786 1248 621795 0 0 0 6 387
545 C 617144 875 1648 611870 1424 0 0 6 0 1321
546 A 659179 654802 856 1431 1498 4 0 0 0 588
547 G 684870 1311 1403 1606 679881 0 0 0 10 659
548 T 694548 1369 688833 1477 1860 0 8 0 0 1001
549 C 707221 1441 1387 702582 1410 0 0 4 0 397
550 A 702234 697574 1249 1347 1642 8 0 0 0 414
551 A 698630 694076 1111 1238 1578 6 0 0 0 621
552 A 698767 693751 1278 1258 2124 8 0 0 0 348
553 G 680510 1657 1277 1397 675237 0 0 0 6 936
554 G 701925 1662 1283 1352 697186 0 0 0 8 434
555 A 641724 636240 1204 1445 1914 4 0 0 0 917
556 G 634118 1408 1133 1189 629999 0 0 0 4 385
557 T 619968 1312 614403 1220 1450 0 3 0 0 1580
558 T 604311 1330 599955 1252 1443 0 4 0 0 327
559 G 614433 988 909 1233 610643 0 0 0 3 657
560 G 621209 978 898 1184 617884 0 0 0 6 259
561 G 624705 999 824 1149 621077 0 0 0 2 654
562 A 610537 606948 816 1008 948 5 0 0 0 812
563 C 554639 752 650 551865 760 0 0 6 0 606
564 A 507410 504827 615 704 854 4 0 0 0 406
565 A 440900 438820 550 638 624 1 0 0 0 267
566 T 444349 631 442191 646 612 0 2 0 0 267
567 G 457648 603 617 596 455358 0 0 0 2 472
568 G 466162 611 576 581 464102 0 0 0 4 288
569 T 428907 657 424266 697 699 0 1 0 0 2587
570 G 429544 676 577 575 427433 0 0 0 0 283
571 A 426047 423609 543 635 710 4 0 0 0 546
572 T 426469 571 424172 683 722 0 3 0 0 318
573 G 422053 560 550 590 420058 0 0 0 6 289
574 G 394009 357 452 449 392511 0 0 0 0 240
575 A 460996 458250 591 659 1023 10 0 0 0 463
576 G 482389 685 577 720 479961 0 0 0 6 440
577 T 471420 536 468362 797 657 0 3 0 0 1065
578 T 530708 625 528098 783 792 0 6 0 0 404
579 G 564719 716 738 791 562124 0 0 0 9 341
580 A 568975 564803 906 1625 1203 8 0 0 0 430
581 T 556831 959 552829 1610 1075 0 2 0 0 356
582 A 553660 549745 856 1509 1160 1 1 0 0 388
583 A 540683 536906 693 1623 1007 6 0 0 0 448
584 G 573531 952 823 1510 569543 0 0 0 5 698
585 G 604291 882 855 1545 600663 0 1 0 7 338
586 A 605344 601668 842 1214 1072 7 0 0 0 541
587 T 554982 919 551468 1135 1137 0 2 0 0 321
588 G 574923 843 798 1096 571866 0 0 0 6 314
589 A 578368 575248 628 1063 976 3 0 0 0 450
590 T 580229 743 577077 1169 843 0 4 0 0 393
591 C 577366 707 753 574501 793 0 0 4 0 608
592 A 572744 570686 448 545 623 6 0 0 0 436
593 A 555243 553368 338 525 527 3 0 0 0 482
594 A 557203 554678 301 582 470 6 0 0 0 1166
595 C 545409 526 494 543417 470 0 0 9 0 493
596 G 535059 504 446 756 532955 0 0 0 4 394
597 T 516714 544 513866 636 582 0 4 0 0 1082
598 G 509598 532 496 509 507807 0 0 0 1 253
599 G 515946 467 411 604 514145 0 0 0 4 315
600 G 532131 676 520 576 529568 0 0 0 5 786
601 A 534092 531178 652 692 910 2 0 0 0 658
602 T 533154 692 530410 897 763 0 3 0 0 389
603 C 523379 703 680 520802 656 0 0 1 0 537
604 A 517207 514750 472 901 683 1 0 0 0 400
605 A 519198 516853 513 877 542 2 0 0 0 411
606 T 517996 655 515001 963 566 0 4 0 0 807
607 G 530180 818 802 560 527648 0 0 0 1 351
608 A 518301 515086 769 678 860 4 0 0 0 904
609 T 490623 697 488205 577 799 0 2 0 0 343
610 C 506959 1145 1139 503182 1082 0 0 1 0 410
611 G 505316 1091 1135 1035 501683 0 0 0 4 368
612 G 550244 1275 1279 1184 546302 0 0 0 3 201
613 A 550938 547930 872 772 854 2 0 0 0 508
614 A 536003 532823 849 873 834 5 0 0 0 619
615 C 656955 839 837 654024 777 0 0 11 0 467
616 T 641733 765 637953 1507 895 0 14 0 1 598
617 T 630473 884 626991 1352 666 0 2 0 1 577
618 C 641479 798 799 638358 956 0 0 5 0 563
619 T 642549 925 638347 1702 1100 0 11 1 0 463
620 G 645978 967 1178 1448 642068 0 0 0 8 309
621 G 652265 956 1018 1463 648207 0 0 0 4 617
622 A 639719 635698 841 1368 1223 17 0 0 0 572
623 G 617041 826 927 1276 613615 0 0 0 11 386
624 A 498276 494561 831 1301 1126 3 0 0 0 454
625 G 533001 678 541 557 530913 0 0 0 3 309
626 G 564471 691 592 663 562260 0 0 0 7 258
627 T 536880 580 527450 717 747 0 3 0 1 7382
628 G 532524 623 579 610 530443 0 0 0 0 269
629 A 530239 527778 524 660 798 7 0 0 0 472
630 A 535339 532721 537 675 707 3 0 0 0 696
631 A 538077 535730 462 654 638 1 0 0 0 592
632 A 532999 530463 624 582 661 3 0 0 0 666
633 T 515947 434 513796 551 589 0 5 0 0 572
634 G 486561 554 626 573 484658 0 0 0 4 146
635 G 484857 525 580 638 482528 0 0 0 1 585
636 A 485131 482779 510 634 829 2 0 0 0 377
637 C 475291 527 574 473273 564 0 0 1 0 352
638 G 472791 584 537 829 470413 0 0 0 1 427
639 A 473156 470917 603 782 621 1 0 0 0 232
640 A 477033 475103 474 481 566 1 0 0 0 408
641 A 478427 476553 466 451 566 3 0 0 0 388
642 A 474912 472961 455 420 571 0 0 0 0 505
643 A 473041 470901 392 487 433 5 0 0 0 823
644 C 465861 394 287 463897 385 0 0 0 0 898
645 A 463395 461615 314 388 539 0 0 0 0 539
646 A 460963 459380 344 342 683 2 0 0 0 212
647 G 472446 393 436 416 470872 0 0 0 3 326
648 G 451219 319 376 379 449912 0 0 0 3 230
649 A 429956 428235 384 449 505 3 0 0 0 380
650 G 434818 468 411 477 433200 0 0 0 3 259
651 T 411753 434 407602 514 473 0 4 0 0 2726
652 G 426974 358 241 281 425753 0 0 0 3 338
653 C 421165 259 241 420072 413 0 0 6 0 174
654 T 414348 252 412762 321 295 0 3 0 0 715
655 T 439203 210 438188 314 260 0 3 0 0 228
656 A 417689 416418 243 246 353 8 0 0 0 421
657 C 455750 318 366 454342 326 0 0 6 0 392
658 G 454485 247 219 256 453499 0 0 0 6 258
659 A 407241 406093 224 218 298 8 0 0 0 400
660 G 451516 245 308 237 450488 0 0 0 9 229
661 A 371218 369816 262 352 471 5 0 0 0 312
662 G 382089 372 314 319 380846 0 0 0 4 234
663 A 372626 371400 293 290 438 4 0 0 0 201
664 A 328132 327173 193 234 228 2 0 0 0 302
665 T 329531 226 328577 288 160 0 2 0 0 278
666 G 343635 247 235 264 342411 0 0 0 7 471
667 T 400473 56 399140 117 26 0 9 0 0 1125
668 G 420395 180 110 51 419769 0 0 0 5 280
669 C 422707 58 297 421605 75 0 0 4 0 668
670 A 416933 416432 98 71 141 4 0 0 0 187
671 A 428950 428195 100 72 118 4 0 0 0 461
672 C 459007 119 136 458370 102 0 0 5 0 275
673 A 456463 455676 140 100 167 1 0 0 0 379
674 T 444735 109 443983 162 124 0 4 0 0 353
675 T 444020 97 443150 160 133 0 0 0 0 480
676 C 453072 102 119 452238 61 0 0 0 0 552
677 T 451938 119 451207 219 49 1 2 0 0 341
678 C 471650 87 112 470925 91 0 0 1 0 434
679 A 469232 468157 108 145 209 1 0 0 0 612
680 A 471286 470527 109 118 179 1 0 0 0 352
681 A 470695 469482 96 119 270 3 0 0 0 725
682 G 484577 202 213 230 483591 0 0 0 3 338
683 G 493877 172 243 216 492894 0 0 0 4 348
684 A 490340 489266 227 295 276 2 0 0 0 274
685 A 489044 487328 320 405 608 0 0 0 0 383
686 A 489304 487408 325 407 591 4 0 0 0 569
687 A 521000 519263 411 324 628 0 0 0 0 374
688 T 522398 314 520574 483 419 0 1 0 0 607
689 T 514620 285 513070 436 453 0 1 0 0 375
690 T 514797 365 513153 467 430 0 1 0 0 381
691 C 494775 593 603 492367 502 0 0 3 0 707
692 A 492534 489981 546 793 789 1 0 0 0 424
693 A 492729 490185 608 750 505 3 0 0 0 678
694 A 493503 491879 298 595 369 1 0 0 0 361
695 C 514574 379 340 513144 303 0 0 4 0 404
696 A 488823 487281 330 631 325 4 0 0 0 252
697 G 505074 467 487 783 502773 0 0 0 4 560
698 C 510217 571 519 507994 716 0 0 2 0 415
699 T 475181 489 472686 830 613 0 3 0 0 560
700 G 504669 874 596 599 502055 0 0 0 4 541
701 C 435871 354 428 434279 514 0 0 7 0 289
702 A 438918 436680 515 417 519 3 0 0 0 784
703 C 433747 429 439 431800 546 0 0 2 0 531
704 A 432619 430752 486 559 559 6 0 0 0 257
705 A 431342 429338 541 510 504 0 0 0 0 449
706 A 419628 417178 533 857 860 3 0 0 0 197
707 G 459009 691 641 792 456496 0 0 0 6 383
708 G 459632 648 500 718 457521 0 0 0 8 237
709 G 434191 943 769 932 431142 0 0 0 2 403
710 C 429864 784 1058 426337 1099 0 0 5 0 581
711 A 422483 419335 875 861 1116 10 0 0 0 286
712 A 455482 452551 964 858 721 5 0 0 0 383
713 T 431870 808 429118 686 912 0 4 0 0 342
714 G 433321 860 799 722 430564 0 0 0 2 374
715 A 404074 401988 580 438 662 5 0 0 0 401
716 T 414943 593 412729 558 680 0 4 0 0 379
717 G 412815 569 567 508 410798 0 0 0 2 371
718 G 450831 462 412 485 449127 0 0 0 5 340
719 A 451272 449262 371 405 808 8 0 0 0 418
720 T 444116 395 442101 517 588 0 3 0 0 512
721 C 426378 948 900 423174 1132 0 0 2 0 222
722 A 429022 425485 919 1006 1286 1 0 0 0 325
723 A 477753 473873 1083 1144 1238 2 0 0 0 413
724 G 482715 614 695 856 480019 0 0 0 4 527
725 T 481872 664 478367 853 963 0 3 0 0 1022
726 G 487401 751 699 741 484788 0 0 0 4 418
727 A 476447 473285 786 977 908 4 0 0 0 487
728 G 493521 809 858 855 490774 0 0 0 1 224
729 A 491935 488390 789 893 1151 1 0 0 0 711
730 G 495558 954 703 942 492610 0 0 0 2 347
731 A 485816 482740 739 972 886 4 0 0 0 475
732 A 473144 470088 721 987 1004 1 0 0 0 343
733 A 493311 491071 520 739 718 3 0 0 0 260
734 G 499685 580 556 609 497510 0 0 0 3 427
735 T 499088 621 495551 710 760 0 6 0 0 1440
736 C 484588 616 655 482321 490 0 0 4 0 502
737 G 480310 713 593 550 477798 0 0 0 2 654
738 G 483547 537 565 493 481689 0 0 0 2 261
739 A 480385 478737 364 233 459 2 0 0 0 590
740 A 483485 481419 351 244 459 6 0 0 0 1006
741 C 489233 420 371 487317 364 0 0 4 0 757
742 C 509347 444 440 507670 420 0 0 8 0 365
743 C 514389 493 477 512541 525 0 0 2 0 351
744 A 505545 503707 437 437 700 0 0 0 0 264
745 G 519762 853 951 647 516997 0 0 0 2 312
746 G 514790 807 594 598 512361 0 0 0 2 428
747 A 509979 507237 723 714 759 2 0 0 0 544
748 A 516123 512507 1050 982 1144 5 0 0 0 435
749 A 483558 480175 1062 752 1101 4 0 0 0 464
750 T 504616 1105 500906 982 1244 0 7 0 0 372
751 G 508067 477 393 383 506208 0 0 0 7 599
752 C 544462 435 680 542454 455 1 0 7 0 430
753 T 524019 429 521941 628 651 0 4 0 0 366
754 G 530615 645 765 790 528058 0 0 0 4 353
755 A 491370 488659 668 634 1032 2 0 0 0 375
756 G 507601 684 656 686 505066 0 0 0 6 503
757 A 505886 503915 435 386 635 14 0 0 0 501
758 T 509630 320 507971 356 561 0 6 0 0 416
759 C 494645 416 527 492714 623 0 0 2 0 363
760 G 493515 331 131 77 492713 0 0 0 6 257
761 A 473444 472364 82 42 227 1 0 0 0 728
762 A 470308 469462 95 52 205 5 0 0 0 489
763 G 511403 379 562 479 509520 0 0 0 7 456
764 A 510086 507962 594 441 446 5 0 0 0 638
765 T 483900 514 481938 514 522 0 1 0 0 411
766 C 480755 938 1083 477501 825 0 0 4 0 404
767 T 454720 837 451665 750 936 0 2 0 0 530
768 C 467879 958 907 464820 792 0 0 4 0 398
769 A 465785 462802 659 1039 720 2 0 0 0 563
770 T 466655 650 464299 769 583 0 5 0 0 349
771 C 462968 539 568 460756 559 0 0 2 0 544
772 T 431893 755 429299 872 598 0 4 0 0 365
773 T 438939 787 435888 891 666 0 1 0 0 706
774 T 441724 776 439028 906 700 0 0 1 0 313
775 C 438051 607 608 435562 656 0 0 2 0 616
776 T 437674 680 435548 692 563 0 3 0 0 188
777 G 429987 577 542 658 427636 0 0 0 2 572
778 G 437615 432 354 394 436135 0 0 0 2 298
779 C 434544 355 415 432864 376 0 0 0 0 534
780 A 433984 432318 284 379 369 3 0 0 0 631
781 C 430938 328 454 429512 223 0 0 3 0 418
782 G 472699 311 281 303 471549 0 0 0 4 251
783 G 492270 230 248 289 490741 0 0 0 6 756
784 T 491472 447 489283 557 444 0 6 0 0 735
785 C 494254 523 458 492122 409 0 0 2 0 740
786 T 501030 504 498835 866 512 0 6 0 0 307
787 G 499924 1137 790 672 496889 0 0 0 10 426
788 C 513589 865 1063 510439 839 0 0 3 0 380
789 A 499119 495511 685 697 885 7 0 0 0 1334
790 C 502522 743 871 499630 913 0 0 7 0 358
791 T 462843 819 460066 770 942 0 6 0 0 240
792 C 491648 981 868 488490 849 0 0 6 0 454
793 A 499146 495086 1142 1411 1179 5 0 0 0 323
794 T 486891 1212 482954 1293 1121 0 4 0 0 307
795 A 473859 470183 1041 1027 1028 2 0 0 0 578
796 T 489898 843 486762 969 1052 0 6 0 0 266
797 T 491304 803 487546 1033 1129 0 6 0 0 787
798 G 528169 1016 886 977 524999 0 0 0 6 285
799 A 506233 502011 710 1281 1168 10 0 0 0 1053
800 G 537914 898 818 1458 534365 0 0 0 8 367
801 A 489053 481540 726 1313 1416 3 0 0 0 4055
802 G 495622 469 449 615 493749 0 0 0 1 339
803 G 516721 407 308 554 515021 0 0 0 0 431
804 G 518169 349 342 544 516617 0 0 0 1 316
805 T 508302 303 504449 616 361 0 3 0 0 2570
806 C 510427 367 407 508598 299 0 0 5 0 751
807 A 504825 502391 383 463 577 2 0 0 0 1009
808 G 513732 518 473 624 511520 0 0 0 2 595
809 T 512063 429 509406 672 556 0 2 0 0 998
810 T 508073 492 506087 564 589 0 6 0 0 335
811 G 512269 616 499 640 509516 0 0 0 4 994
812 C 494573 457 604 492456 508 0 0 0 0 548
813 T 494070 457 491093 725 494 0 1 0 0 1300
814 C 498675 1580 1511 493873 1388 0 0 2 0 321
815 A 496458 490632 1516 1936 1491 0 0 0 0 883
816 C 498288 1544 1485 483817 1693 0 0 2 0 9747
817 A 490570 484212 2191 1609 1845 1 0 0 0 712
818 A 492222 486297 2450 1401 1664 1 0 0 0 409
819 A 491320 484680 2130 1425 2029 0 0 0 0 1056
820 T 488468 1723 482876 1809 1694 0 4 0 0 362
821 C 481910 1754 1879 472751 1267 0 0 6 0 4253
822 T 473445 1770 468063 1801 1494 0 6 0 0 311
823 T 450660 1867 444494 1940 1803 0 5 0 0 551
824 G 450078 1799 1793 1878 443558 1 0 0 3 1046
825 T 422623 1882 416310 1994 1904 0 9 0 0 524
826 C 421063 898 829 417990 653 0 0 9 0 684
827 T 346424 543 342084 783 1000 0 2 0 0 2012
828 G 344593 619 790 846 340966 0 0 0 2 1370
829 C 335790 1235 1304 331464 1328 0 0 1 0 458
830 C 332855 878 1084 329482 1178 0 1 0 0 232
831 C 282830 800 912 279511 1077 0 0 0 0 530
832 G 260680 894 668 800 258069 0 0 0 3 246
833 C 264247 795 718 261712 809 0 0 3 0 210
834 C 263021 829 787 260227 840 0 0 3 0 335
835 T 247220 550 244203 1423 852 0 2 0 0 190
836 G 243114 717 712 826 240767 0 0 0 2 90
837 T 231548 646 228732 930 956 0 2 0 0 282
838 G 244632 444 802 408 242809 0 0 0 0 169
839 T 212260 548 210326 435 635 0 2 0 0 314
840 G 232217 496 590 409 230228 0 0 0 0 494
841 T 170716 622 168837 444 573 0 0 0 0 240
842 A 171606 169189 729 409 614 0 0 0 0 665
843 T 170511 674 165708 430 642 0 0 0 0 3057
844 G 167305 582 884 809 164968 0 0 0 1 61
845 G 185510 638 859 935 182544 0 0 0 0 534
846 A 181108 142947 791 805 1465 1 0 0 0 35099
847 C 187027 578 682 184759 883 0 0 1 0 124
848 C 189959 567 799 187498 990 0 0 0 0 105
849 T 184264 625 181545 931 1021 0 1 0 0 141
850 G 313266 542 353 289 311870 0 0 0 5 207
851 C 317591 276 384 316334 381 0 0 7 0 209
852 C 317083 411 345 315782 386 0 0 1 0 158
853 G 317998 483 560 691 315996 0 0 0 0 268
854 T 335962 532 333967 763 476 0 3 0 0 221
855 A 347630 345392 399 835 492 4 0 0 0 508
856 G 365147 266 313 361 363916 0 0 0 3 288
857 C 365562 207 278 364581 192 0 0 1 0 303
858 C 380396 212 260 379541 242 0 0 0 0 141
859 A 449890 449268 69 58 63 3 0 0 0 429
860 G 456607 87 51 143 456064 0 0 0 1 261
861 T 456558 51 455891 74 30 0 3 0 0 509
862 G 492651 175 197 116 491767 0 0 0 6 390
863 G 492210 207 218 131 491296 0 0 0 3 355
864 C 499790 160 214 498836 273 0 0 3 0 304
865 T 497495 155 496011 373 180 0 0 0 0 776
866 A 501392 500279 233 145 247 4 0 0 0 484
867 C 498606 198 456 496773 219 0 0 1 0 959
868 G 536516 343 348 304 534960 0 0 0 4 557
869 A 537846 536228 250 295 305 3 0 0 0 765
870 C 542819 211 232 541693 247 0 0 0 0 436
871 T 534018 298 532665 368 390 0 2 0 0 295
872 T 537439 340 535916 378 407 0 1 0 0 397
873 C 537253 435 461 535169 364 0 0 0 0 824
874 G 541305 385 332 358 539953 0 0 0 7 270
875 A 542736 541080 291 319 542 3 0 0 0 501
876 A 543103 541859 268 373 412 4 0 0 0 187
877 A 542908 541438 304 307 307 0 0 0 0 552
878 A 543330 541736 286 323 372 2 0 0 0 611
879 A 542080 539750 359 320 805 0 0 0 0 846
880 G 545617 345 319 357 544124 0 0 0 2 470
881 A 536597 534907 285 350 577 0 0 0 0 478
882 G 533052 309 353 308 531793 0 0 0 1 288
883 G 530794 244 154 209 529751 0 0 0 3 433
884 G 526115 273 220 203 524935 0 0 0 5 479
885 A 512492 511383 201 119 198 0 0 0 0 591
886 T 508311 368 506844 410 411 0 3 0 0 275
887 A 462076 456686 310 234 473 0 0 0 0 4373
888 C 461995 316 356 460764 405 0 0 1 0 153
889 T 420841 659 418105 673 727 0 1 0 0 676
890 C 431716 678 651 429345 718 0 0 3 0 321
891 T 455860 609 453086 807 922 0 10 0 0 426
892 T 449273 894 446060 925 1026 0 2 0 0 366
893 T 449899 1109 446630 949 988 0 4 0 0 219
894 A 460900 457490 986 999 1203 7 0 0 0 215
895 G 477857 688 827 697 475368 0 0 0 6 271
896 T 456162 742 453066 719 966 0 7 0 0 662
897 G 446699 603 659 786 444378 0 0 0 3 270
898 G 451365 809 833 867 448532 0 0 0 0 324
899 G 450988 783 754 623 448525 0 0 0 9 294
900 A 547719 544423 918 902 1053 15 0 0 0 408
901 A 558542 555138 962 911 947 5 0 0 0 579
902 T 559376 949 556139 944 919 0 3 0 0 422
903 A 551620 548067 918 862 1241 13 0 0 0 519
904 G 562585 637 762 923 559810 0 0 0 3 450
905 A 567417 561235 585 966 1330 1 0 0 0 3300
906 C 582573 626 640 579833 1245 0 0 1 0 228
907 C 575030 514 622 572888 631 0 0 4 0 371
908 C 635246 699 577 632867 748 0 0 8 0 347
909 T 636335 577 633279 1024 925 0 10 0 0 520
910 T 649331 933 645335 991 1522 0 4 0 0 546
911 T 622507 893 618995 977 1249 0 7 0 0 386
912 C 625745 915 954 622311 1209 0 0 12 0 344
913 A 623547 620392 595 722 1135 3 0 0 0 700
914 A 627604 624402 755 790 829 5 0 0 0 823
915 A 634740 631784 638 942 840 2 0 0 0 534
916 C 635881 450 596 633131 785 0 0 1 1 917
917 T 625169 443 622764 629 865 0 7 0 0 461
918 G 634056 597 559 531 632153 0 0 0 2 214
919 C 639774 499 633 636701 1053 0 0 2 0 886
920 T 641563 516 638824 776 1071 0 4 0 0 372
921 T 640802 609 637971 615 1070 0 2 0 0 535
922 C 647485 581 556 644891 554 0 0 2 0 901
923 A 645576 643277 593 511 716 3 0 0 0 476
924 A 646567 644251 613 418 765 4 0 0 0 516
925 A 646509 642782 629 697 1203 0 0 0 0 1198
926 A 645911 642763 663 693 1130 1 0 0 0 661
927 C 649658 614 796 646577 1140 0 0 2 0 529
928 A 632587 629171 793 714 1327 1 0 0 0 581
929 G 657273 822 837 759 654413 0 0 0 2 440
930 C 662154 734 878 658979 1343 0 0 8 0 212
931 C 685109 883 948 681085 1198 0 0 7 0 988
932 A 678967 675430 1051 984 1294 8 0 0 0 200
933 A 681166 676993 867 838 1591 6 0 1 0 870
934 G 760609 884 947 1194 757145 0 0 0 8 431
935 T 776742 956 771850 1089 1416 0 14 1 0 1416
936 A 757678 753853 920 922 1456 7 1 0 0 519
937 T 742076 1383 736807 1451 1736 0 6 0 0 693
938 A 716525 710874 1294 1393 2051 9 0 0 0 904
939 C 695529 1200 2089 690312 1676 0 0 4 0 248
940 A 670596 665627 1018 1431 2072 2 0 0 0 446
941 G 760779 1071 1186 1284 756732 0 0 0 16 490
942 C 770790 939 1128 766507 1783 0 0 16 0 417
943 C 672487 1952 2068 665564 2496 1 0 6 0 400
944 T 744678 2201 736572 2553 2884 0 9 1 0 458
945 A 775293 766640 2864 2213 3142 8 0 0 0 426
946 A 785815 780660 1177 1360 1851 7 0 0 0 760
947 T 780599 1158 775663 1318 1724 0 15 0 0 721
948 C 702228 964 1190 698191 1191 0 0 11 0 681
949 A 637686 633976 873 790 1430 2 0 0 0 615
950 G 643023 757 831 697 640354 0 0 0 2 382
951 A 645205 641259 733 736 1152 4 0 0 0 1321
952 C 651460 828 931 647999 1319 0 0 5 0 378
953 C 638438 905 1066 634757 1302 0 0 2 0 406
954 G 644422 1076 1143 997 640632 0 0 0 4 570
955 A 655956 651870 1169 938 1526 3 0 0 1 449
956 A 670897 666180 1238 1022 1703 1 0 0 0 753
957 C 663244 901 1225 658923 1469 0 0 2 0 724
958 G 662855 658 914 606 659680 0 0 0 7 990
959 A 675741 672458 946 725 1233 1 0 0 0 378
960 G 680888 841 955 762 677315 0 0 0 2 1013
961 A 690889 687618 759 676 1353 0 0 0 0 483
962 A 714428 710971 829 672 1278 5 0 0 0 673
963 T 712765 644 708828 856 1182 0 4 0 0 1251
964 C 709309 1213 1383 704172 1837 0 0 4 0 700
965 C 712048 1145 1404 706975 2013 0 0 4 0 507
966 A 702337 696985 1267 1214 2386 5 0 0 0 480
967 G 721968 1502 1385 1364 717222 0 0 0 3 492
968 C 713273 1348 1660 707852 1634 0 1 8 0 770
969 A 747186 741870 1258 1147 1711 6 1 0 0 1193
970 C 774604 1090 1314 770173 736 0 0 6 0 1285
971 A 754489 750110 1372 1141 1116 9 0 0 0 741
972 C 765830 1216 1248 761638 1191 0 0 7 0 530
973 A 760484 758197 391 362 817 6 0 0 0 711
974 A 765529 763392 590 451 687 7 0 0 0 402
975 G 772163 415 536 333 769061 0 0 0 14 1804
976 A 719284 718476 134 81 229 10 0 0 0 354
977 G 725695 238 126 128 724222 0 0 0 7 974
978 T 636162 151 633167 158 132 0 7 0 0 2547
979 C 663405 493 569 661455 378 0 0 4 0 506
980 A 630893 628721 244 266 953 5 0 0 0 704
981 G 633110 564 395 434 631325 0 0 0 6 386
982 C 633719 1933 2138 626599 2369 0 0 4 0 676
983 T 536114 1483 531174 1342 1834 0 5 0 0 276
984 G 572121 1533 1113 1206 567782 0 0 0 6 481
985 G 580461 1008 920 949 577250 0 0 0 6 328
986 T 574547 1144 568668 932 1449 0 9 0 0 2345
987 G 654318 1347 1251 1024 650161 0 0 0 4 531
988 T 633417 1312 628108 1224 1572 0 4 0 0 1197
989 G 633856 1329 1406 1196 629338 0 0 0 1 586
990 G 565725 1011 1029 1078 562134 0 0 0 2 471
991 A 560990 556447 1284 1273 1473 10 0 0 0 503
992 T 559856 1152 555205 1299 1434 0 7 0 0 759
993 G 537926 1102 1038 1285 534166 0 0 0 4 331
994 G 547162 1286 1074 999 543239 0 0 0 6 558
995 C 550460 1089 1145 546669 1202 0 0 4 0 351
996 A 572431 568159 1044 1238 1287 8 0 0 0 695
997 T 593779 1366 588862 1852 1289 0 3 0 0 407
998 G 601039 1678 1765 1271 595490 0 0 0 4 831
999 C 611414 1293 1933 605676 1721 0 0 2 0 789
1000 A 608337 605169 976 920 764 5 0 0 0 503
1001 A 617461 614390 965 743 647 8 0 0 0 708
1002 T 618640 874 615754 721 734 0 7 0 0 550
1003 T 593501 1229 589749 916 1193 0 7 0 0 407
1004 C 587476 1093 1029 583469 1292 0 0 5 0 588
1005 T 551429 1011 547789 837 1495 0 5 0 0 292
1006 G 560494 1010 721 561 557388 0 0 0 4 810
1007 C 579761 812 834 576668 964 0 0 4 0 479
1008 T 544286 719 541226 867 978 0 7 0 0 489
1009 G 552187 817 715 548 549850 0 0 0 5 252
1010 C 521879 700 810 518835 998 0 0 1 0 535
1011 A 518713 516176 662 469 899 3 0 0 0 504
1012 T 534446 402 531949 563 867 0 1 0 0 664
1013 T 531797 379 529438 469 964 0 3 0 0 544
1014 T 532419 363 530042 617 1034 0 1 0 0 362
1015 G 531863 342 368 375 530525 0 0 0 5 248
1016 A 521388 519510 313 323 748 3 0 0 0 491
1017 A 521490 519736 375 382 734 6 0 0 0 257
1018 G 509212 404 546 538 507010 0 0 0 4 710
1019 A 537242 535139 593 459 612 3 0 0 0 436
1020 T 542264 432 540250 609 472 0 2 0 0 499
1021 C 534316 240 159 533308 330 0 0 3 0 276
1022 T 536776 223 535487 521 276 0 4 0 0 265
1023 A 523201 521836 253 290 389 7 0 0 0 426
1024 A 525210 522689 642 579 948 2 0 0 0 350
1025 G 528644 561 709 568 526432 0 0 0 5 369
1026 A 515588 513046 547 564 912 9 1 0 0 509
1027 G 554152 277 246 297 553055 0 0 0 6 271
1028 T 472366 261 467219 232 328 0 8 0 0 4318
1029 A 467707 466720 249 174 333 3 0 0 0 228
1030 T 459370 460 457606 387 616 0 9 0 0 292
1031 T 454925 375 453210 441 580 0 8 0 0 311
1032 A 468751 466779 550 533 545 0 0 0 0 344
1033 A 425647 423238 590 568 872 2 0 0 0 377
1034 G 415620 528 567 607 413595 0 0 0 9 314
1035 C 415805 470 526 413610 818 0 0 10 0 371
1036 T 368544 304 366792 464 657 0 2 0 0 325
1037 T 422069 428 420104 456 693 0 3 0 0 385
1038 C 425777 477 514 423839 567 0 0 3 0 377
1039 A 436220 434506 453 435 531 1 0 0 0 294
1040 T 436545 426 434730 401 610 0 9 0 0 369
1041 C 436315 383 419 434708 551 0 0 6 0 248
1042 A 430879 428924 434 355 675 0 0 0 0 491
1043 G 413682 324 445 391 412028 0 0 0 2 492
1044 A 414236 412417 374 389 619 5 0 0 0 432
1045 G 404135 269 336 267 402921 0 0 0 4 338
1046 G 421026 294 350 281 419726 0 0 0 5 370
1047 G 495946 355 391 374 494470 0 0 0 3 353
1048 A 495767 492840 451 618 632 2 0 0 0 1224
1049 C 503032 343 447 501179 655 0 0 4 0 404
1050 C 487950 344 438 486069 511 0 0 2 0 586
1051 A 496272 494739 317 342 451 4 0 0 0 419
1052 A 531512 529991 371 319 522 3 0 0 0 306
1053 A 533548 531810 437 357 614 7 0 0 0 323
1054 G 542821 448 466 432 541024 0 0 0 10 441
1055 T 532699 491 529842 433 406 0 6 0 0 1521
1056 A 535034 532817 415 409 502 4 0 0 0 887
1057 T 541342 323 539752 417 167 0 2 0 0 681
1058 C 544120 260 394 542762 217 0 0 6 0 481
1059 C 540953 251 323 539832 247 0 0 8 0 292
1060 C 534477 777 747 531522 989 0 0 4 0 438
1061 C 506502 752 716 503782 814 0 1 7 0 430
1062 A 505257 502550 615 654 863 5 0 0 0 570
1063 A 497660 496686 102 51 321 3 0 0 0 497
1064 G 504693 125 207 47 503770 0 0 0 2 542
1065 G 492102 72 157 54 491434 0 0 0 4 381
1066 G 487562 198 215 163 486272 0 0 0 3 711
1067 G 455155 187 233 166 454099 0 0 0 2 468
1068 G 431014 305 203 120 429902 0 0 0 6 478
1069 A 426985 425641 274 175 403 1 0 0 0 491
1070 A 442575 441261 195 231 334 1 0 0 0 553
1071 A 445913 444457 310 264 321 3 0 0 0 558
1072 C 459081 411 394 457422 465 0 0 3 0 386
1073 T 438993 320 437425 446 425 0 3 0 0 374
1074 T 441578 358 440156 301 449 0 1 0 0 313
1075 T 453205 477 451138 471 551 0 3 0 0 565
1076 C 421998 458 393 420251 319 0 0 2 0 575
1077 C 449727 463 363 448221 394 0 0 4 0 282
1078 A 498433 495786 563 510 660 8 0 0 0 906
1079 C 514307 617 556 512031 604 0 0 4 0 495
1080 T 516967 509 514914 491 674 0 3 0 0 376
1081 A 502386 499077 896 868 1013 2 0 0 0 530
1082 G 514696 801 1021 658 511930 0 0 0 2 284
1083 A 522377 519122 894 865 1153 0 0 0 0 343
1084 G 529728 399 436 429 528148 0 0 0 3 313
1085 G 557172 422 445 507 555488 0 0 0 4 306
1086 A 497411 495257 422 418 819 4 0 0 0 491
1087 G 560741 461 433 337 558897 0 0 0 11 602
1088 T 556154 408 550357 500 583 0 14 0 0 4292
1089 A 558799 556390 533 293 693 5 0 0 0 885
1090 C 567335 646 678 564837 917 0 0 4 0 253
1091 A 549606 546952 741 602 903 7 0 0 0 401
1092 A 550055 547539 773 561 784 5 0 0 0 393
1093 A 609642 607308 603 534 803 6 0 0 0 388
1094 T 597369 487 594729 546 854 0 4 0 0 749
1095 T 573792 431 571565 532 856 0 8 0 0 400
1096 G 513589 517 405 420 511867 0 0 0 6 374
1097 C 507073 411 451 505183 521 0 0 2 0 505
1098 T 506245 327 504721 474 553 0 0 0 0 170
1099 T 505750 554 503177 692 852 0 4 0 0 471
1100 C 503860 657 719 501072 933 0 0 1 0 478
1101 A 497704 495172 697 517 888 0 0 0 0 430
1102 A 507145 504953 477 483 556 7 0 0 0 669
1103 A 510885 508659 557 458 616 9 0 0 0 586
1104 T 514213 491 512019 524 568 0 5 0 0 606
1105 G 510715 421 538 437 509076 0 0 0 2 241
1106 A 506410 504309 503 489 592 4 0 0 0 513
1107 A 513465 511524 575 465 637 0 0 0 0 264
1108 A 515327 513794 323 334 392 1 0 0 0 483
1109 A 517937 516061 392 247 525 3 0 0 0 709
1110 C 540613 295 346 538966 443 0 0 7 0 556
1111 A 536923 534614 581 470 608 8 0 0 0 642
1112 T 559826 607 557408 611 762 0 3 0 0 435
1113 G 543185 567 592 586 541114 0 0 0 5 321
1114 G 540275 364 434 427 538605 0 0 0 2 443
1115 A 555099 553257 390 432 590 3 0 0 0 427
1116 T 549111 453 546904 437 467 0 7 0 0 843
1117 G 553598 641 593 510 551558 0 0 0 9 287
1118 C 621928 577 723 619271 743 0 0 11 0 603
1119 T 597869 558 595532 777 602 0 5 0 0 395
1120 A 598990 596395 534 580 1066 6 0 0 0 409
1121 T 574881 469 572351 816 794 0 5 0 1 445
1122 G 585513 444 619 679 583515 0 0 0 8 248
1123 G 586735 605 569 506 584784 0 0 0 4 267
1124 A 556407 554009 628 516 689 8 0 0 0 557
1125 A 558487 556293 341 505 951 10 0 0 0 387
1126 T 503000 598 500097 647 894 0 5 0 0 759
1127 C 467625 664 650 464799 1205 0 0 5 0 302
1128 A 459696 456924 751 495 1176 3 0 0 0 347
1129 A 455374 452747 677 840 924 2 0 0 0 184
1130 G 459828 639 684 698 457579 0 0 0 8 220
1131 T 436108 596 432929 713 933 0 3 0 0 934
1132 A 426623 420751 458 465 749 0 0 0 0 4200
1133 C 462927 474 422 460487 860 0 0 4 0 680
1134 T 443194 471 441146 475 740 0 7 0 0 355
1135 C 456873 516 616 454583 701 0 0 1 0 456
1136 T 404352 426 402491 503 605 0 4 0 0 323
1137 T 407042 379 405047 512 632 0 2 0 0 470
1138 G 411270 404 469 355 409642 0 0 0 0 400
1139 A 424093 422195 435 502 617 5 0 0 0 339
1140 A 427747 425722 437 403 645 4 0 0 0 536
1141 C 430240 413 478 428270 584 0 0 2 0 493
1142 T 412331 435 410436 503 631 0 1 0 0 325
1143 G 427237 476 478 422 425395 0 0 0 1 465
1144 A 436232 433652 644 617 1019 2 0 0 0 298
1145 G 443446 722 810 665 440717 0 0 0 1 531
1146 A 442078 439295 726 752 904 3 0 0 0 398
1147 A 493514 489873 1073 743 1402 2 0 1 0 420
1148 G 502727 1149 1051 993 498966 1 1 0 4 562
1149 C 540784 1095 1477 536167 1656 0 0 5 0 384
1150 A 536581 531834 1252 925 2001 1 0 0 0 568
1151 G 539852 945 1165 819 536497 0 0 0 5 421
1152 G 619539 1185 1096 847 615949 0 0 0 4 458
1153 T 618256 1027 612250 970 1408 0 5 0 0 2596
1154 A 623102 618599 1232 1008 1537 4 0 0 0 722
1155 C 638431 1114 1158 634228 1635 0 0 4 0 292
1156 T 601521 1222 596556 1378 1704 0 7 0 0 654
1157 G 614867 1230 1157 961 611107 0 0 0 8 404
1158 G 622348 984 996 945 618613 0 1 0 3 806
1159 G 606995 810 401 1057 604364 0 0 0 9 354
1160 C 640220 868 876 636488 1184 0 0 6 0 798
1161 C 578431 949 852 575165 1085 0 0 6 0 374
1162 A 596838 592355 1465 1159 1269 4 0 0 0 586
1163 T 597867 1401 593562 1088 1381 0 6 0 0 429
1164 A 591870 587479 1310 604 1946 5 0 0 0 526
1165 A 610905 606226 1502 918 1847 2 0 0 0 410
1166 G 601545 1297 1694 988 596983 0 0 0 5 578
1167 A 581065 577497 1481 795 808 5 0 0 0 479
1168 A 579074 573092 1644 1454 1669 3 0 0 0 1212
1169 C 579010 1379 1556 573749 1778 0 0 6 0 542
1170 C 609927 1648 1661 604340 1705 0 0 2 0 571
1171 A 592316 585924 2046 1724 2247 6 0 0 0 369
1172 G 605490 1714 1985 1693 599472 0 0 0 2 624
1173 A 606276 600660 1289 1739 2246 3 0 0 0 339
1174 A 596878 591909 1331 1313 1530 2 0 0 0 793
1175 G 611477 1356 1170 1324 607090 0 0 0 2 535
1176 T 577815 1316 571178 1238 1507 0 6 0 0 2570
1177 G 580148 632 579 510 577979 0 0 0 4 444
1178 G 588553 525 612 516 586499 0 0 0 2 399
1179 A 588229 585288 491 582 1161 2 0 0 0 705
1180 G 600014 713 710 587 597296 0 0 0 3 705
1181 G 598601 671 661 570 596131 1 0 0 2 565
1182 A 563923 561422 708 549 691 2 0 0 0 551
1183 A 563720 559388 1257 1190 1628 5 0 0 0 252
1184 A 562449 557871 1213 1038 1618 5 0 0 0 704
1185 C 574909 1164 1379 570416 1541 0 0 5 0 404
1186 A 573686 567142 1559 1552 2022 4 0 0 0 1407
1187 C 605737 1502 1657 600066 2035 0 0 5 0 472
1188 T 589962 1441 584586 1619 1964 0 1 1 0 350
1189 A 632894 628380 1370 1051 1556 6 0 0 0 531
1190 A 661836 657213 1300 1091 1701 8 0 0 0 523
1191 T 659424 1200 654503 1183 1709 0 9 0 0 820
1192 C 664207 1287 1435 659530 1625 0 0 6 0 324
1193 A 639654 634684 1156 1341 1964 4 0 0 0 505
1194 A 644095 639517 1660 1379 1081 4 0 0 0 454
1195 C 654567 1176 1416 648930 2443 0 0 2 0 600
1196 A 577666 572146 1394 1472 2171 10 0 0 0 473
1197 G 571445 1134 1324 1300 567306 0 0 0 8 373
1198 A 520681 517390 776 650 1503 7 0 0 0 355
1199 G 526711 684 771 676 524103 0 0 0 3 474
1200 G 548984 631 665 786 546421 0 0 0 4 477
1201 G 489134 532 554 696 486724 0 0 0 4 624
1202 C 496440 519 665 493850 905 0 0 3 0 498
1203 C 501488 571 566 499018 950 0 0 0 0 383
1204 T 498879 665 495167 960 1400 0 1 0 0 686
1205 C 524071 739 763 520877 1390 0 0 2 0 300
1206 T 512518 689 508831 1020 1242 0 4 0 0 732
1207 G 514712 994 1271 1000 511039 0 0 0 8 400
1208 C 510132 970 1185 506059 1581 0 0 2 0 335
1209 A 486760 482335 865 1145 1789 3 0 0 0 623
1210 G 517825 762 1137 576 515052 0 0 0 3 295
1211 G 515393 810 1053 1001 512050 0 0 0 1 478
1212 T 520181 778 514984 1118 1479 0 4 0 0 1818
1213 C 520724 722 436 518661 470 0 0 5 0 430
1214 A 502398 499978 768 852 247 8 0 0 0 545
1215 A 532001 529442 805 634 652 1 0 0 0 467
1216 A 518248 516767 370 324 269 2 0 0 0 516
1217 T 521632 292 520028 429 240 0 7 0 0 636
1218 C 518244 337 352 516786 254 0 0 3 0 512
1219 A 481951 480382 254 242 525 1 0 0 0 547
1220 G 511197 227 356 188 510103 0 0 0 4 319
1221 T 493845 211 492169 273 199 0 4 0 0 989
1222 G 497916 158 163 136 497078 0 0 0 3 378
1223 T 490397 157 488702 202 256 0 4 0 0 1076
1224 G 475318 521 186 141 474126 0 0 0 1 343
1225 C 487375 955 1561 483017 1389 0 0 2 0 451
1226 A 481708 477903 1037 1029 1387 1 0 0 0 351
1227 A 493273 488822 1146 915 1461 3 0 0 0 926
1228 C 494767 580 911 491342 1395 0 0 8 0 531
1229 C 490321 907 742 487103 1273 0 0 7 0 289
1230 T 449502 749 445847 1060 1535 0 7 0 0 304
1231 G 468959 1233 846 848 465663 0 0 0 6 363
1232 C 503238 998 928 499468 1480 0 0 9 0 355
1233 A 493281 489624 888 949 1220 3 0 0 0 597
1234 T 502273 843 498612 625 1670 0 7 0 0 516
1235 T 500193 680 496672 886 1565 0 4 0 0 386
1236 T 476122 674 472839 714 1557 0 3 0 0 335
1237 T 479738 1087 475666 957 1603 0 2 0 0 423
1238 C 451168 963 1111 447395 1407 0 0 1 0 291
1239 T 422707 963 418788 1072 1419 0 1 0 0 464
1240 G 451299 840 820 799 448390 0 0 0 3 447
1241 T 442401 742 438770 928 1463 0 6 0 0 492
1242 G 454032 837 897 833 451210 0 0 0 1 254
1243 C 463066 651 908 459686 1377 0 0 2 0 442
1244 A 457219 453648 886 778 1411 7 0 0 0 489
1245 A 468543 465426 827 603 1434 0 0 0 0 253
1246 A 466598 462799 906 766 1472 2 0 0 0 653
1247 G 483225 864 958 824 480334 0 0 0 4 241
1248 A 479452 475991 1092 682 1184 4 0 0 0 499
1249 A 441438 439291 533 526 699 3 0 0 0 386
1250 A 458219 453425 547 577 797 2 0 0 0 2871
1251 C 462847 498 645 460613 695 0 1 3 0 392
1252 C 482479 642 755 479593 1125 0 0 4 0 360
1253 T 483441 635 480357 862 1149 0 4 0 0 434
1254 C 478550 569 676 475900 1042 0 0 5 0 358
1255 C 504929 1100 1086 500665 1681 0 0 7 0 390
1256 C 494902 1191 1302 490614 1477 0 0 8 0 310
1257 A 500720 496303 1265 900 1653 1 0 0 0 598
1258 T 504676 1157 499713 1248 2053 0 3 0 0 502
1259 T 481340 930 477031 1078 1820 0 2 0 0 479
1260 T 486525 973 481787 1336 1951 0 6 0 0 472
1261 G 484866 1009 1151 824 481512 0 0 0 5 365
1262 A 494436 490508 1176 1018 1227 4 0 0 0 503
1263 C 493306 916 1066 489609 1248 0 0 1 0 466
1264 A 471624 468579 738 652 1266 4 0 0 0 385
1265 A 490209 487092 835 642 1220 2 0 1 0 417
1266 A 496500 493176 893 708 1110 1 0 0 0 612
1267 C 523499 1026 1118 518934 2084 0 0 4 0 333
1268 C 518283 1258 1140 513330 2187 0 0 2 0 366
1269 A 483859 479320 1316 1002 1762 3 0 0 0 456
1270 A 505623 499410 1518 1506 2155 2 0 0 0 1032
1271 C 504166 1263 1620 498838 2022 0 0 4 0 419
1272 C 537125 1258 1862 531539 2011 0 0 9 0 446
1273 A 532226 527942 1153 1047 1689 5 0 0 0 390
1274 T 536467 1000 532041 1170 1502 0 4 0 0 750
1275 C 535820 1028 1226 531673 1545 0 0 5 0 343
1276 A 515072 510745 1298 1221 1343 6 0 0 0 459
1277 T 525993 1055 521666 1217 1539 0 3 0 0 513
1278 G 509653 950 1021 1111 505977 0 0 0 10 584
1279 G 506892 828 812 1003 503884 0 0 0 7 358
1280 C 474931 762 919 471703 1167 0 0 6 0 374
1281 A 452678 449272 768 774 1343 9 0 0 0 512
1282 G 467030 1037 823 765 464054 0 0 0 6 345
1283 C 457697 785 914 454021 1291 1 0 2 0 683
1284 A 453596 450362 832 769 1236 4 0 0 0 393
1285 T 455816 994 452059 919 1449 0 6 0 0 389
1286 T 445043 1123 441309 818 1408 0 3 0 0 382
1287 C 451329 1044 1117 447242 1525 0 0 5 0 396
1288 A 445508 442491 659 510 901 3 0 0 0 944
1289 C 433159 634 586 430806 674 0 0 6 0 453
1290 T 434295 562 431782 709 876 0 5 0 0 361
1291 G 468207 868 1112 1583 464281 0 0 0 5 358
1292 G 481218 1807 924 788 477377 0 0 0 7 315
1293 G 495723 933 941 1813 491634 0 0 0 13 389
1294 A 485301 480448 1229 1194 1826 9 0 0 0 595
1295 A 500425 495598 1243 1190 1834 8 0 0 0 552
1296 T 478659 974 474696 1091 1525 0 15 0 0 358
1297 A 518541 514869 1197 863 1019 11 0 0 0 582
1298 C 558862 988 1323 554759 1364 0 0 11 0 417
1299 A 542447 538180 884 1032 1905 7 0 0 0 439
1300 G 551108 1139 1128 994 547313 0 0 0 7 527
1301 A 534225 528824 1158 1140 2515 2 0 0 0 586
1302 G 574766 1163 1052 992 571220 0 0 0 13 326
1303 G 566125 1003 1065 969 562659 0 0 0 15 414
1304 G 567317 1176 1080 922 563843 0 0 0 7 289
1305 A 566495 561390 1154 866 2662 7 0 0 0 416
1306 A 557632 551625 1315 1151 2933 4 0 0 0 604
1307 G 569213 1526 1477 1147 564406 0 0 0 2 655
1308 A 566831 561023 1367 1219 2602 8 0 0 0 612
1309 A 582515 577371 1172 1139 2203 6 0 0 1 623
1310 C 620375 1512 1196 614655 2294 0 0 6 0 712
1311 A 595550 590498 1220 960 2514 8 0 0 0 350
1312 T 604938 927 600494 899 1955 0 4 0 0 659
1313 C 589569 1058 1050 585321 1794 0 0 6 0 340
1314 A 582678 578009 835 862 2387 7 0 0 0 578
1315 G 591003 730 638 615 588539 0 0 0 3 478
1316 A 572875 569252 667 603 1350 5 0 0 0 998
1317 C 578914 612 658 575835 1208 0 0 5 0 596
1318 A 569096 565270 929 866 1455 5 0 0 0 571
1319 T 545058 829 541374 854 1435 0 3 0 0 563
1320 G 555089 817 851 834 552078 0 0 0 3 506
1321 A 535138 533125 342 286 897 2 0 0 0 486
1322 G 542476 377 516 283 540627 0 0 0 2 671
1323 G 545465 390 354 247 543956 0 0 0 3 515
1324 G 536933 823 619 746 534073 0 0 0 3 669
1325 C 537282 753 906 533775 1286 0 0 3 0 559
1326 A 528750 525420 862 641 1467 2 0 0 0 358
1327 G 543388 690 589 508 541255 0 0 0 4 342
1328 A 544948 542202 635 505 1151 5 0 0 0 450
1329 A 553912 551140 723 456 1026 4 0 0 0 563
1330 A 572125 566505 1415 1300 2371 4 0 0 0 530
1331 T 576343 1331 570881 990 2556 0 7 0 0 578
1332 T 600618 1329 594823 1315 2599 0 4 0 0 548
1333 A 607874 601748 1702 1380 2614 6 0 0 0 424
1334 T 601793 1714 595718 1331 2544 0 5 0 0 481
1335 A 601366 595238 1669 1417 2692 11 0 0 0 339
1336 A 580007 570661 2732 2318 3902 7 0 0 0 387
1337 G 609565 2264 2688 2156 602185 0 0 0 7 265
1338 G 612631 2035 2327 2081 605926 0 0 0 18 244
1339 A 627711 621495 1569 1300 2594 18 0 0 0 735
1340 T 547126 1273 541701 1295 2395 0 4 0 0 458
1341 G 543190 1079 1462 1214 538947 1 0 0 6 481
1342 A 529338 526259 726 563 1269 6 0 0 0 515
1343 T 533615 661 530748 711 1114 0 3 0 0 378
1344 G 523183 744 778 535 520818 0 0 0 8 300
1345 G 530519 721 642 474 528374 0 0 0 6 302
1346 A 496152 493583 521 445 1059 3 0 0 0 541
1347 A 498414 495958 497 605 1064 3 0 0 0 287
1348 G 503538 759 604 508 501096 0 0 0 3 568
1349 G 559526 595 519 442 557602 0 0 0 2 366
1350 T 540066 445 535220 589 1178 0 3 0 0 2631
1351 G 527086 1366 854 654 523476 0 0 0 1 735
1352 C 526755 662 1397 522902 1313 0 0 4 0 477
1353 A 515960 512706 751 829 1191 4 0 0 0 479
1354 A 516173 513691 561 544 798 4 0 0 0 575
1355 A 521768 519468 495 503 876 3 0 0 0 423
1356 A 527332 524262 502 721 818 3 0 0 0 1026
1357 C 531749 348 404 529998 667 0 0 4 0 328
1358 C 502840 412 355 500971 664 0 0 3 0 435
1359 A 478234 476572 404 339 671 3 0 0 0 245
1360 G 489694 332 441 332 488180 0 0 0 0 409
1361 A 483845 482220 378 334 540 2 0 0 0 371
1362 A 495826 494246 458 348 476 1 0 0 0 297
1363 G 504007 1314 1528 1086 499570 0 0 0 0 509
1364 A 495070 490322 1360 1110 1648 1 0 0 0 629
1365 A 489205 484683 1346 1086 1676 0 0 0 0 414
1366 A 487918 484273 1198 763 1065 1 0 0 0 618
1367 T 487899 967 484603 887 1085 0 2 0 0 355
1368 G 491127 880 1098 611 488243 0 0 0 1 294
1369 T 472969 1292 468665 1197 1484 0 1 0 0 330
1370 C 476325 1465 1441 471394 1473 0 0 3 0 549
1371 C 467037 1302 1470 462620 1384 0 0 1 0 260
1372 T 462716 1152 457717 882 2292 0 1 0 0 672
1373 T 464912 1297 459933 1180 2247 0 1 0 0 254
1374 C 466397 1450 1422 461268 2056 0 0 2 0 199
1375 C 462410 1225 804 458100 2069 0 0 1 0 211
1376 A 447357 441701 1445 1115 2813 0 0 0 1 282
1377 G 444485 951 1397 1100 440814 0 0 0 3 220
1378 G 438625 771 1027 875 435364 0 0 0 0 588
1379 G 429021 958 1174 772 425902 0 0 0 10 205
1380 G 399350 842 982 866 396255 0 0 0 3 402
1381 C 353909 694 1015 350099 1801 0 0 0 0 300
1382 G 347917 951 1046 1233 344539 0 0 0 1 147
1383 G 355083 822 987 846 352186 0 0 0 1 241
1384 G 354179 714 1220 1365 350597 0 0 0 2 281
1385 G 358871 1227 912 1384 354917 0 0 0 2 429
1386 A 324200 307952 1148 1039 1957 2 0 0 0 12102
1387 G 324598 853 919 952 321283 0 0 0 1 590
1388 T 304150 673 288277 959 1134 0 2 0 0 13105
1389 C 313003 900 795 309711 1113 0 0 0 0 484
1390 T 300008 1627 294823 1068 2087 0 3 0 0 400
1391 T 300118 1511 295294 1525 1613 0 1 0 0 174
1392 C 298929 1251 1945 292799 2082 0 0 3 0 849
1393 G 344505 1446 1975 998 338263 0 0 0 1 1822
1394 A 338413 333198 1453 1069 1581 2 0 0 0 1110
1395 G 346211 1029 1351 1029 342080 0 0 0 0 722
1396 C 317203 926 1224 313071 1499 0 0 1 1 481
1397 T 308936 1050 304906 894 1270 0 1 0 0 815
1398 C 297596 857 1141 294259 1154 0 0 0 0 185
1399 T 295685 752 293482 655 457 0 3 0 0 336
1400 C 298956 653 980 296251 830 0 0 2 0 240
1401 G 300900 491 767 514 298792 0 0 0 0 336
1402 G 330938 621 937 292 328504 0 0 0 3 581
1403 A 358783 355193 752 712 1385 3 0 0 0 738
1404 C 376899 779 1036 373423 1127 0 0 0 0 534
1405 G 396803 1432 1697 1160 392263 0 0 0 1 250
1406 A 434639 429913 1754 1178 1445 3 0 0 0 346
1407 A 432435 427589 1743 1493 1221 1 0 0 0 388
1408 A 438004 432076 1564 1733 2319 1 0 0 0 311
1409 G 451584 1689 1857 1657 444988 0 0 0 0 1393
1410 G 454857 1671 1679 1550 449414 0 0 0 1 542
1411 G 443212 1259 1198 1724 438674 0 0 0 0 357
1412 C 450594 1175 1417 445548 1809 0 0 3 0 642
1413 A 447534 442373 1218 1184 2452 0 0 0 0 307
1414 G 458416 590 576 334 456400 0 0 0 1 515
1415 C 450570 375 963 448732 265 0 0 3 0 232
1416 G 497703 621 488 867 495272 0 0 0 5 450
1417 A 503476 501601 380 578 462 2 0 0 0 453
1418 A 510098 507586 340 462 518 7 0 0 0 1185
1419 C 513745 451 453 511674 536 0 0 6 0 625
1420 C 510930 515 648 508544 1063 0 0 3 0 157
1421 C 501104 602 574 498251 1194 0 0 0 0 483
1422 G 500291 721 587 522 497993 0 0 0 5 463
1423 A 504622 500699 1041 688 1657 2 0 0 0 535
1424 T 505530 1083 501288 611 1653 0 0 0 0 895
1425 C 488951 1127 1381 484483 1505 0 0 1 0 454
1426 G 480826 986 929 681 477435 1 0 0 2 792
1427 T 463898 778 460065 739 1474 0 6 0 0 836
1428 G 450856 917 714 603 448089 0 0 0 1 532
1429 C 449163 701 706 446370 858 0 0 1 0 527
1430 C 450979 752 800 448336 789 0 0 1 0 301
1431 C 450400 752 882 447302 795 0 0 1 0 668
1432 T 438736 591 435902 745 1143 0 1 0 0 354
1433 C 479984 692 833 476877 1040 0 0 4 0 538
1434 T 474171 630 470895 1070 1024 0 5 0 0 547
1435 T 546261 715 543325 592 1139 0 3 0 0 487
1436 T 501975 617 499196 560 963 0 2 0 0 637
1437 T 509712 617 507106 658 1075 0 8 0 0 248
1438 G 508520 544 441 333 506662 0 0 0 2 538
1439 A 504170 501999 390 523 713 4 0 0 0 541
1440 C 521495 534 495 519618 536 0 0 3 0 309
1441 A 517534 514609 813 732 953 4 0 0 0 423
1442 T 461338 595 458739 752 980 0 6 0 0 266
1443 G 573309 708 729 675 570959 0 0 0 6 232
1444 A 569136 565346 640 542 1969 6 0 0 0 633
1445 G 646349 740 710 503 644042 0 0 0 11 343
1446 T 651968 633 647218 594 1699 0 11 0 0 1813
1447 A 637244 635578 459 295 496 11 0 0 0 405
1448 A 646910 644908 432 233 677 6 0 0 0 654
1449 T 648573 378 646746 303 626 0 9 0 0 511
1450 G 650443 362 458 322 648692 0 0 0 5 604
1451 A 628482 626634 358 292 695 4 0 0 0 499
1452 A 583781 582099 330 287 610 5 0 0 0 450
1453 G 584481 397 626 358 582815 0 0 0 6 279
1454 G 538589 402 471 331 536541 0 0 0 4 840
1455 A 536798 535053 395 300 645 2 0 0 0 403
1456 T 546630 259 544533 441 518 0 5 0 0 874
1457 C 541952 346 416 540477 457 0 0 5 0 251
1458 T 533919 337 532131 389 501 0 2 0 0 559
1459 T 538053 407 536573 369 499 0 2 0 0 203
1460 A 538473 536070 500 210 592 3 0 0 0 1098
1461 T 537676 318 536190 300 573 0 1 0 0 294
1462 T 534222 402 532066 322 432 0 5 0 0 995
1463 T 529821 413 528389 298 477 0 1 0 0 243
1464 C 527386 434 480 525758 416 0 0 2 0 296
1465 T 507042 314 505475 378 546 0 2 0 0 327
1466 T 504609 332 502689 277 540 0 3 0 0 768
1467 C 503396 402 393 501847 454 0 0 7 0 293
1468 G 499411 488 483 347 496853 0 0 0 1 1239
1469 G 503309 401 551 370 501847 0 0 0 4 136
1470 A 505172 503064 489 353 694 1 0 0 0 571
1471 G 514957 462 606 285 513245 0 0 0 5 354
1472 A 514115 511503 682 324 761 3 0 0 0 842
1473 C 526368 578 633 524142 687 0 0 0 0 328
1474 A 514344 512619 458 251 390 2 0 0 0 624
1475 A 569469 567847 411 222 710 4 0 0 0 275
1476 T 588469 496 586655 305 525 0 7 0 0 481
1477 G 629779 850 530 598 627410 0 0 0 4 387
1478 C 645757 651 1002 642877 806 0 0 4 0 417
1479 A 622760 619847 808 518 1217 14 0 0 0 356
1480 G 628730 699 1023 947 625626 0 0 0 8 427
1481 A 648857 644666 969 848 1963 10 0 0 0 401
1482 G 556822 884 748 593 554159 0 0 0 8 430
1483 G 586118 655 599 718 583925 0 0 0 12 209
1484 A 489744 486603 491 571 1596 6 0 0 0 477
1485 G 500433 567 577 539 498417 0 0 0 3 330
1486 T 479519 480 474968 517 890 0 2 0 0 2662
1487 A 473218 470646 514 440 1168 8 0 0 0 442
1488 C 475370 528 678 472976 877 0 0 6 0 305
1489 G 453713 1087 1054 1012 450386 0 0 0 4 170
1490 A 453821 448617 1125 971 2226 9 0 0 0 873
1491 C 440284 874 973 436065 2174 0 0 8 1 189
1492 A 368759 356919 3216 3222 4817 4 0 0 0 581
1493 A 369524 358098 3319 2817 5089 2 0 0 0 199
1494 T 344646 2674 335515 2068 4168 0 3 0 0 218