# amino-acid counts among definitively called codons
# POSITION TOTAL_COUNTS WT N_A N_C N_D N_E N_F N_G N_H N_I N_K N_L N_M N_N N_P N_Q N_R N_S N_T N_V N_W N_Y N_STOP
1 630323 M 0 0 1 0 0 1 5 240 49 48 629709 0 0 0 3 1 112 150 4 0 0
2 605056 A 600709 81 68 155 79 438 227 136 66 330 1 110 779 135 397 352 365 422 51 81 74
3 636498 S 288 117 94 82 140 93 180 106 97 263 8 78 574 66 254 633267 319 93 47 197 135
4 642116 Q 434 139 141 148 170 335 336 338 444 846 86 282 1066 634165 835 668 685 283 85 239 391
5 587799 G 256 180 217 55 74 584408 181 84 39 261 11 103 519 127 239 369 291 197 29 104 55
6 524996 T 217 124 118 96 130 178 213 278 208 336 33 229 433 181 226 471 520937 158 36 161 233
7 526307 K 319 96 103 135 139 226 212 175 521647 392 62 244 600 171 352 418 419 206 61 126 204
8 465807 R 145 22 67 68 75 198 217 146 144 550 46 129 489 266 462005 260 303 156 297 103 121
9 477896 S 193 83 126 90 129 205 152 141 110 326 38 129 392 149 281 474495 300 253 54 142 108
10 524153 Y 246 214 99 130 120 377 292 193 192 396 65 190 541 116 382 424 425 223 73 519221 234
11 477746 E 185 60 72 475022 54 287 54 130 133 210 27 129 251 63 187 220 235 171 32 71 153
12 450795 Q 258 134 67 98 103 213 372 158 163 444 48 188 698 446024 428 421 455 143 42 111 227
13 543651 M 245 110 118 72 105 321 332 460 205 481 538369 211 561 193 430 401 379 266 100 109 183
14 535419 E 242 72 90 531403 56 426 181 91 138 344 30 83 739 124 286 399 246 176 28 103 162
15 504177 T 240 56 70 65 29 156 114 90 75 163 26 86 311 73 209 177 501978 123 28 46 62
16 559594 D 153 32 557330 136 34 254 92 70 47 121 24 136 279 57 156 153 158 132 31 126 73
17 552594 G 223 49 69 143 75 549093 149 134 95 222 34 111 455 123 427 279 289 245 195 79 105
18 546380 E 188 59 108 543230 39 314 131 73 222 186 20 83 600 97 253 215 198 119 16 76 153
19 550713 R 216 301 62 40 42 241 457 87 77 324 22 84 550 101 547309 254 236 105 28 76 101
20 562450 Q 299 116 121 144 111 356 331 123 196 532 49 140 590 556985 908 383 388 261 60 106 251
21 542050 N 261 65 156 82 42 203 172 186 167 400 77 537849 526 178 386 381 392 197 43 130 157
22 548266 A 541454 105 167 281 194 466 275 275 215 459 60 219 732 222 492 658 818 655 82 148 289
23 576659 T 470 109 140 141 123 273 252 266 223 441 64 221 684 239 525 557 571163 242 69 231 226
24 549047 E 278 100 211 543609 168 429 180 251 264 417 78 155 431 267 518 379 396 315 76 171 354
25 491064 I 146 73 80 100 102 134 145 487722 95 244 49 145 430 136 299 283 338 234 42 118 149
26 524417 R 185 92 64 119 42 573 123 169 134 274 38 127 600 100 520680 323 293 130 56 94 201
27 499335 A 496065 50 59 178 63 321 72 102 70 243 28 54 427 99 252 288 298 432 61 80 93
28 538409 S 239 126 91 106 152 233 132 57 96 331 26 82 439 89 289 535127 291 176 50 186 91
29 523390 V 240 37 99 71 108 185 99 201 48 231 17 49 372 83 261 267 213 520644 14 61 90
30 544989 G 240 81 68 147 85 541805 124 50 32 300 16 17 472 78 553 201 170 195 151 84 120
31 547311 K 177 67 71 160 62 141 73 155 544290 249 56 155 357 81 284 269 227 179 29 80 149
32 539586 M 190 126 127 140 111 286 143 394 159 301 535245 200 224 147 343 371 348 279 59 192 201
33 544306 I 155 128 88 105 155 222 157 540679 129 320 55 228 89 194 443 263 108 292 70 181 245
34 539473 D 310 111 535018 194 75 453 181 190 124 310 49 207 314 161 378 341 334 281 78 202 162
35 493517 G 224 115 98 173 91 489962 125 122 110 276 82 103 352 89 411 339 281 198 39 107 220
36 521823 I 119 20 22 27 46 98 126 519659 58 230 27 94 307 70 290 190 202 116 9 46 67
37 496131 G 133 52 71 83 24 494343 74 54 34 106 17 77 158 44 230 138 126 126 39 43 159
38 457779 R 124 5 49 34 18 38 156 95 61 214 8 50 528 224 455548 138 187 57 1 49 195
39 511783 F 195 72 54 58 508946 139 79 161 77 399 33 47 407 93 283 236 147 98 40 95 124
40 495857 Y 224 258 102 136 145 341 262 160 168 305 90 152 187 19 408 243 286 179 95 491807 290
41 456019 I 105 85 52 67 99 198 115 453365 93 235 52 147 232 72 198 234 232 113 96 97 132
42 451906 Q 135 84 60 86 61 172 141 119 161 287 31 88 352 449087 291 203 221 77 28 63 159
43 439912 M 69 19 24 42 33 89 48 219 55 118 438409 50 135 54 103 110 139 97 18 40 41
44 476838 C 86 475111 21 28 74 63 86 44 36 114 10 33 231 37 202 204 103 33 57 152 113
45 466546 T 224 50 50 50 50 107 77 129 59 200 18 96 318 95 219 200 464375 80 19 56 74
46 506382 E 126 51 97 504028 66 171 61 109 173 193 27 75 237 84 195 205 164 104 27 56 133
47 589970 L 80 26 24 26 114 62 87 119 57 588156 22 54 295 79 231 171 198 55 16 36 62
48 599790 K 66 13 41 136 65 109 50 119 597936 164 11 162 102 68 168 121 89 74 11 70 215
49 598731 L 586 199 273 253 192 494 443 381 301 589834 110 307 1169 392 974 814 775 403 128 272 431
50 594974 S 427 253 236 174 174 1130 311 299 164 703 65 237 999 216 859 587172 628 357 155 192 223
51 657097 D 208 54 653358 200 101 188 102 285 150 275 76 195 360 50 109 206 388 348 48 259 137
52 698949 Y 427 275 191 210 204 626 257 298 220 593 108 222 424 96 509 572 411 357 139 692469 341
53 668561 E 446 118 435 662299 106 730 178 154 242 325 97 178 521 261 587 466 469 358 137 129 325
54 604395 G 298 59 88 268 63 600974 82 111 66 243 45 77 382 89 511 234 267 242 167 48 81
55 572071 R 270 63 77 53 61 314 198 97 37 518 13 57 658 213 568258 203 248 157 57 56 463
56 567558 L 335 95 106 85 124 341 296 172 73 562822 90 150 868 240 494 358 294 256 73 111 175
57 604151 I 215 122 113 101 183 419 130 599456 128 441 72 240 345 161 458 449 395 336 72 123 192
58 584126 Q 270 153 155 222 139 555 329 182 263 700 90 135 702 577384 941 500 419 359 158 139 331
59 561741 N 532 200 282 236 168 679 242 301 360 733 110 554091 485 215 846 539 514 504 145 243 316
60 450349 S 188 93 88 80 73 334 73 124 69 225 27 142 228 58 362 447631 190 118 53 78 115
61 444964 L 177 74 101 83 105 207 77 155 87 442367 32 85 175 85 226 240 180 193 35 103 177
62 419057 T 396 144 113 124 100 337 297 276 192 486 69 187 823 173 459 473 413856 177 45 157 173
63 439097 I 220 86 113 68 74 240 173 434915 177 384 258 138 487 158 323 386 343 203 47 131 173
64 449417 E 218 74 162 445059 94 318 253 138 117 384 32 143 678 121 349 419 313 221 38 129 157
65 433278 R 177 64 84 94 95 225 95 220 171 285 28 91 535 89 429730 377 313 217 29 162 197
66 455103 M 17 20 4 20 12 21 47 181 77 108 454110 37 80 17 35 51 112 65 17 27 45
67 441183 V 82 11 4 75 5 83 4 7 18 84 88 3 33 9 42 25 19 440552 18 10 11
68 472768 L 70 24 25 13 104 74 95 100 25 471299 12 28 333 62 146 81 111 86 18 33 29
69 493660 S 166 105 78 69 89 190 82 125 66 237 33 71 415 83 258 491018 189 97 30 139 120
70 516440 A 512542 120 201 96 68 299 109 172 123 277 33 117 434 169 274 322 602 235 35 63 149
71 495459 F 187 97 94 79 492456 167 117 132 92 448 41 87 263 60 218 253 225 167 52 102 122
72 492685 D 163 71 489965 159 43 313 142 67 62 157 27 152 239 73 181 248 213 170 30 134 76
73 458482 E 130 22 78 456385 43 200 105 68 168 200 22 34 244 53 142 150 151 111 18 53 105
74 467113 R 106 45 37 51 63 284 113 120 108 209 25 46 324 28 464907 195 164 94 37 39 118
75 476705 R 160 67 54 42 54 280 94 84 152 183 128 62 217 63 474301 259 144 124 73 70 94
76 506118 N 147 52 109 62 46 91 106 117 101 203 31 503892 282 51 176 217 156 86 19 73 101
77 507999 K 222 91 48 194 50 194 91 125 504802 285 66 149 318 74 359 258 227 169 37 81 159
78 403123 Y 150 129 87 83 84 157 130 166 105 244 47 130 148 65 210 211 202 117 50 400456 152
79 395993 L 273 118 125 115 74 217 141 187 193 391987 94 132 512 171 349 376 304 259 69 124 173
80 369501 E 357 157 182 364155 127 228 227 236 212 493 84 160 599 201 432 448 390 298 44 158 313
81 349370 E 204 119 154 344856 121 371 113 180 314 387 71 198 327 205 362 382 275 263 82 126 260
82 391153 H 127 103 103 137 82 282 387069 215 200 418 74 198 243 177 427 271 248 260 74 201 244
83 500527 P 421 228 189 159 148 562 238 270 191 639 123 174 494220 165 715 557 423 416 136 236 317
84 499356 S 314 242 156 114 174 621 135 306 157 289 27 226 243 85 404 494868 289 210 99 205 192
85 525163 A 520523 133 124 149 99 467 139 150 121 292 61 101 384 95 641 544 410 417 60 94 159
86 575141 G 376 132 193 236 105 569630 228 191 164 489 43 160 547 215 642 411 343 435 204 156 241
87 604084 K 434 118 111 552 188 515 207 178 597259 458 118 503 631 201 665 601 432 376 67 155 315
88 620907 D 454 206 613750 304 123 829 303 270 175 619 89 262 608 277 653 480 358 496 111 274 266
89 572326 P 768 298 301 301 358 957 482 475 332 1179 173 399 561109 350 1124 1052 872 778 182 316 520
90 576840 K 518 274 230 367 337 869 167 432 568472 756 189 405 177 182 808 633 467 603 223 285 446
91 534176 K 367 165 124 222 155 154 204 182 528902 501 72 161 463 193 581 484 389 324 85 159 289
92 488015 T 205 79 63 62 87 188 115 123 87 208 25 134 303 91 218 256 485393 136 30 111 101
93 482229 G 197 70 77 106 59 479985 93 78 81 134 18 86 141 70 350 152 151 159 32 66 124
94 457331 G 95 22 41 90 18 455877 53 32 31 108 12 24 132 47 255 93 91 113 26 33 138
95 482183 P 137 49 27 16 33 61 146 58 21 166 10 30 480780 41 132 166 153 55 13 47 42
96 530232 I 118 62 72 38 55 117 95 527897 104 293 93 69 253 66 151 160 226 137 34 67 125
97 558402 Y 161 165 96 88 145 176 152 144 77 279 41 134 234 90 237 305 164 173 33 555320 188
98 492891 K 211 85 70 310 74 159 166 129 489130 322 91 183 500 114 426 203 236 157 48 128 149
99 382450 R 184 62 49 106 55 255 97 110 67 255 33 58 267 102 380124 222 126 126 22 38 92
100 374245 V 263 72 86 122 90 170 115 205 79 338 29 102 560 134 253 322 194 370897 18 73 123
101 431410 D 210 113 427843 112 84 212 159 171 93 308 25 163 455 117 305 245 279 224 50 128 114
102 436876 R 251 89 74 63 88 213 148 179 118 226 50 78 396 105 433661 357 341 147 38 91 163
103 456461 K 136 38 61 101 36 120 65 51 454580 119 21 89 303 72 227 127 118 52 22 40 83
104 461556 W 191 184 60 43 83 155 152 97 63 438 32 93 530 130 323 341 219 139 457962 117 204
105 472823 M 100 43 24 23 35 80 80 202 116 221 470908 44 161 51 162 126 151 178 37 25 56
106 491257 R 77 43 30 32 27 310 35 65 109 135 146 44 250 39 489378 160 163 46 83 33 52
107 486268 E 65 26 76 484616 41 143 50 36 327 111 19 46 133 56 81 121 67 85 24 22 123
108 487523 L 129 62 50 45 141 145 124 100 37 485385 18 34 383 57 235 175 116 175 17 22 73
109 470348 V 235 51 85 52 80 293 72 193 31 184 21 26 212 48 272 239 127 467928 56 65 78
110 497452 L 175 104 80 47 153 119 153 150 71 494690 31 74 452 113 292 193 175 129 73 67 111
111 472292 Y 155 200 50 97 133 239 178 136 68 229 60 100 149 43 223 237 152 204 31 469456 152
112 421820 D 199 46 418826 120 48 299 118 135 55 269 28 152 359 68 151 280 206 174 19 153 115
113 390901 K 190 62 39 85 90 159 95 159 387920 312 36 122 352 118 296 283 223 140 24 70 126
114 456870 E 164 89 69 454089 78 188 71 97 110 340 26 79 290 94 189 211 227 176 28 108 147
115 506316 E 142 53 85 503741 50 265 99 98 224 215 35 90 183 110 206 186 160 119 51 70 134
116 530557 I 138 117 76 115 84 234 166 526478 149 394 303 155 450 124 297 347 327 245 64 114 180
117 506333 R 157 86 59 69 105 403 96 134 177 269 215 91 214 93 503027 369 270 153 97 86 163
118 488809 R 78 47 20 7 40 108 99 55 31 257 7 23 217 259 487106 88 106 51 15 37 158
119 519997 I 39 22 17 22 68 51 15 519006 35 67 32 71 46 18 75 116 135 96 11 32 23
120 490746 W 102 127 30 48 42 178 34 46 38 199 35 33 127 48 431 165 108 103 488577 48 227
121 505506 R 226 335 75 38 89 233 408 138 72 311 34 75 460 61 501959 373 276 146 41 69 87
122 481353 Q 259 74 95 129 33 396 187 79 161 135 33 72 416 477731 512 220 221 222 71 79 228
123 555500 A 551857 103 178 79 50 479 88 89 78 242 39 95 355 75 300 330 349 435 63 84 132
124 614162 N 204 92 201 108 116 273 165 218 185 397 44 610146 315 145 314 340 240 258 89 147 165
125 598585 N 282 145 227 129 158 283 145 333 202 470 94 593518 368 147 446 465 332 243 80 242 276
126 482081 G 326 218 167 136 116 477569 195 177 100 305 41 154 436 107 424 525 361 339 76 109 200
127 478888 D 223 81 475151 195 106 443 151 134 97 195 22 182 258 99 339 344 255 272 14 172 155
128 464996 D 162 65 462270 135 61 242 84 112 116 249 38 144 203 83 202 198 162 201 31 134 104
129 474027 A 470696 62 71 117 48 235 102 148 99 268 70 108 253 95 252 284 554 355 23 63 124
130 428090 T 146 40 24 41 64 85 88 147 124 190 22 54 180 89 189 194 426076 119 40 97 81
131 404542 A 402343 34 92 56 40 171 81 85 62 181 12 70 214 66 210 236 268 162 23 45 91
132 486273 G 155 129 96 62 86 483905 49 96 62 184 26 73 142 70 256 275 162 194 39 101 111
133 512786 L 126 39 69 77 57 164 114 99 85 509963 108 65 525 143 299 236 173 218 54 73 99
134 600202 T 486 103 115 118 72 348 318 236 161 385 13 224 1182 234 621 450 594649 205 17 137 128
135 628439 H 273 148 241 116 125 336 622580 345 240 528 74 294 559 270 616 522 387 238 62 244 241
136 658335 M 357 171 185 290 179 470 230 509 390 641 650881 317 436 198 580 573 527 529 129 276 467
137 670672 M 346 83 94 112 77 198 190 326 188 401 665894 124 574 168 439 412 322 316 83 144 181
138 602973 I 188 55 77 68 117 151 171 600229 68 166 59 141 229 87 266 240 292 167 27 73 102
139 576734 W 81 192 45 46 19 169 31 31 53 183 16 36 155 60 586 145 105 71 574312 31 367
140 551268 H 70 27 78 26 24 68 549655 42 41 123 22 158 146 87 191 63 95 89 6 211 46
141 549587 S 105 55 51 74 96 84 32 57 72 96 13 55 252 27 127 547982 160 67 19 105 58
142 546837 N 77 52 139 33 47 103 77 110 94 142 4 544964 176 42 161 199 167 82 22 65 81
143 536095 L 82 58 79 94 158 161 108 128 96 533597 51 92 209 94 167 295 184 147 36 118 141
144 515115 N 91 39 207 35 36 120 79 120 134 172 29 512828 148 77 235 290 172 102 32 87 82
145 500689 D 12 67 498555 98 50 158 76 113 82 169 34 143 157 66 127 175 195 172 13 124 103
146 485932 T 328 48 52 53 23 174 68 159 92 113 20 66 231 34 211 223 483809 118 19 27 64
147 598568 T 291 76 40 36 35 164 75 102 93 169 12 42 261 69 210 207 596443 82 40 55 66
148 537413 Y 200 91 73 67 61 264 182 117 77 225 33 106 280 46 196 263 154 156 43 534615 164
149 530619 Q 178 74 98 112 99 204 208 62 81 289 22 58 387 527307 578 205 151 209 63 83 151
150 492960 R 95 60 54 43 61 271 50 52 203 126 110 36 184 55 490915 211 140 105 54 45 90
151 523579 T 225 57 94 93 48 193 96 158 130 254 30 94 333 103 241 260 520796 168 15 54 137
152 543602 R 302 106 81 82 140 409 115 290 184 502 66 147 384 101 539266 447 327 248 37 116 252
153 588524 A 584105 98 160 110 123 282 190 168 130 430 79 152 483 126 374 479 376 238 76 144 201
154 625992 L 225 112 139 189 214 395 250 285 158 620844 98 138 562 214 588 438 346 315 117 80 285
155 634856 V 371 80 158 204 130 524 153 292 157 486 67 139 340 156 590 449 327 629732 96 129 276
156 645425 R 392 432 161 177 135 490 828 202 158 582 105 156 665 203 638831 658 448 338 111 128 225
157 647251 T 585 184 189 143 109 541 268 545 168 404 78 253 542 158 625 568 641137 313 32 155 254
158 658510 G 616 348 650 192 198 650477 266 211 142 674 59 130 788 220 1017 962 446 605 39 156 314
159 681126 M 631 102 290 243 199 482 374 767 302 729 671535 269 1091 200 855 891 704 688 80 284 410
160 762919 D 486 197 754838 251 227 1045 324 500 253 558 105 407 603 219 552 551 490 507 121 392 293
161 684242 P 447 242 255 301 236 934 402 378 243 922 104 266 675414 207 1079 868 605 647 125 217 350
162 649005 R 577 271 256 398 339 1186 274 392 455 788 217 278 521 347 639685 761 555 588 307 250 560
163 596456 M 296 148 183 189 152 459 184 461 269 549 590534 257 153 193 476 486 396 451 142 216 262
164 581867 C 289 576221 138 113 246 361 142 222 165 418 75 192 347 141 525 504 387 270 157 676 278
165 553660 S 244 158 112 82 164 406 141 129 182 390 34 148 439 141 445 549422 304 222 86 194 217
166 552318 L 172 200 120 139 139 330 91 210 162 547803 170 122 428 179 577 444 215 363 130 118 206
167 539194 M 133 97 60 94 79 285 80 554 190 330 535440 134 214 57 317 209 339 258 53 106 165
168 505231 Q 159 97 66 127 99 268 263 142 190 418 49 135 308 500934 684 206 222 214 70 129 451
169 466982 G 189 148 165 78 47 464407 71 107 91 180 39 110 167 45 265 260 142 237 69 73 92
170 496864 S 146 76 49 55 82 133 87 77 61 511 43 49 202 90 304 494288 171 121 79 93 147
171 487051 T 288 73 43 14 69 183 81 139 63 254 38 89 303 61 219 261 484580 136 34 52 71
172 520015 L 239 143 105 116 161 383 234 267 161 515434 64 66 602 154 435 422 290 300 79 118 242
173 647230 P 494 142 210 201 230 589 369 271 234 731 102 198 640424 212 597 652 437 359 136 297 345
174 645963 R 188 103 100 135 247 458 168 271 216 627 166 162 487 137 640511 650 390 291 138 186 332
175 508603 R 157 50 38 97 66 407 86 93 154 260 95 85 177 85 505767 250 218 196 149 77 96
176 547025 S 101 126 75 95 203 117 102 142 121 343 58 103 311 72 178 544088 215 191 51 160 173
177 567884 G 88 112 65 122 83 564721 111 128 99 391 93 77 232 121 408 247 144 201 68 68 305
178 550161 A 546863 93 118 79 107 249 124 136 115 247 51 124 406 88 265 270 269 274 50 99 134
179 569860 A 566430 102 49 164 52 183 60 98 82 210 25 82 161 69 171 433 859 399 39 87 105
180 586470 G 154 227 100 49 68 584380 58 81 33 188 26 47 108 40 208 211 129 196 39 65 63
181 588985 A 585246 133 157 87 95 211 116 116 80 352 67 72 335 119 291 330 650 236 63 76 153
182 612053 A 606574 121 86 202 56 562 163 113 87 324 49 103 299 104 518 397 969 1099 71 52 104
183 672856 V 287 212 176 130 206 512 211 299 129 495 40 176 463 152 559 511 304 667462 124 152 256
184 690049 K 357 113 131 315 114 513 160 176 684365 430 77 469 318 291 615 377 316 314 83 167 348
185 600790 G 339 152 181 320 103 595410 149 210 267 411 98 158 349 208 649 453 352 400 69 158 354
186 599458 V 352 117 152 163 140 493 148 356 211 352 72 154 319 149 473 383 281 594673 103 148 219
187 594366 G 315 74 77 196 98 590463 163 132 85 308 74 116 413 155 428 255 274 269 247 102 122
188 500556 T 278 95 81 91 65 180 111 155 124 235 37 65 220 104 297 243 497786 138 21 78 152
189 436588 M 116 68 49 81 42 178 69 233 123 265 434013 68 198 79 217 201 200 186 44 73 85
190 423276 V 260 64 73 111 35 260 84 80 78 201 76 73 139 74 225 193 160 420862 40 87 101
191 410769 M 141 56 70 42 36 200 56 197 80 212 408316 63 184 84 242 160 206 194 86 58 86
192 381415 E 127 52 89 379464 35 358 58 31 78 156 10 51 83 70 164 131 85 156 38 60 119
193 460383 L 152 86 63 65 165 202 86 79 54 457920 75 89 218 62 262 311 104 156 42 73 119
194 550745 I 274 113 89 87 57 407 192 546311 114 343 135 107 765 119 363 289 350 284 48 127 171
195 519921 R 263 73 49 82 76 444 233 79 191 307 225 99 699 139 515944 357 297 123 81 57 103
196 535326 M 239 119 153 89 45 346 142 287 121 308 531396 70 438 103 399 193 280 203 113 118 164
197 571508 I 286 81 81 88 122 249 114 568191 75 199 58 125 470 75 321 223 258 250 46 84 112
198 540225 K 118 32 53 160 33 186 57 59 538267 160 13 92 192 93 200 128 121 69 34 57 101
199 509671 R 123 135 25 21 19 153 186 58 42 231 27 43 349 70 507602 169 171 93 27 38 89
200 503579 G 159 47 58 96 35 501600 51 73 57 99 21 52 187 49 272 167 131 167 146 35 77
201 500765 I 192 65 80 63 91 206 77 498293 52 180 40 78 213 83 199 190 202 239 48 54 120
202 510516 N 151 46 245 63 32 104 98 96 112 208 62 507873 434 85 194 242 155 106 46 77 87
203 480855 D 163 73 478056 192 77 282 55 145 90 169 33 157 126 77 217 221 155 243 48 152 124
204 499329 R 291 99 114 83 129 356 95 194 143 514 61 134 199 293 495236 333 312 218 262 107 156
205 518161 N 175 113 135 87 114 192 106 174 118 267 46 515057 265 57 207 309 211 203 73 122 130
206 615824 F 257 66 75 109 612131 212 115 124 89 525 41 124 597 165 269 311 194 184 38 104 94
207 632349 W 234 176 122 100 102 344 174 154 85 563 85 146 576 89 686 481 202 261 627419 120 230
208 470767 R 242 88 69 90 80 401 143 189 116 357 51 73 517 106 467149 355 231 197 48 86 179
209 496169 G 171 134 131 73 47 493995 47 81 112 178 31 42 160 72 145 277 126 175 30 50 92
210 527181 E 188 64 107 524548 44 330 110 89 172 162 16 53 208 70 203 148 155 212 35 47 220
211 511463 N 131 49 108 40 30 194 58 107 90 220 79 509348 173 64 169 222 123 85 35 61 77
212 478057 G 207 46 58 119 63 475726 65 84 58 190 20 55 187 39 334 178 101 215 44 54 214
213 469242 R 120 58 48 32 46 229 111 81 32 275 12 56 423 224 466760 169 163 120 28 42 213
214 462142 K 91 45 54 88 41 175 77 94 460315 162 19 74 108 57 196 102 134 112 43 59 96
215 459102 T 161 39 33 46 37 105 46 63 78 103 25 41 160 83 155 216 457552 56 31 32 40
216 434423 R 85 41 28 46 29 331 33 44 88 115 105 30 84 32 432865 194 93 57 67 19 37
217 398506 S 105 76 38 48 35 188 67 114 81 138 24 113 153 31 186 396774 127 91 33 32 52
218 410906 A 409651 26 69 43 12 175 23 29 30 60 9 28 97 20 117 162 161 119 18 9 48
219 402486 Y 35 87 34 43 48 98 64 33 13 118 8 30 77 16 92 92 60 29 24 401353 132
220 401650 E 38 28 87 400598 15 150 32 30 87 67 12 21 93 26 59 63 39 97 11 24 73
221 357403 R 75 19 44 48 22 208 43 88 116 103 10 9 74 45 356098 140 80 72 15 29 65
222 316689 M 58 22 25 18 16 48 28 141 36 98 315705 28 81 34 45 68 100 75 6 28 29
223 392700 C 4 392141 1 0 73 10 0 2 0 17 2 2 7 1 104 76 4 8 33 169 46
224 410020 N 8 13 75 10 4 22 24 54 52 16 1 409535 15 4 23 75 18 24 2 27 18
225 429183 I 18 8 8 12 46 50 11 428659 12 27 8 23 28 5 42 29 92 63 7 21 14
226 449339 L 9 2 8 8 62 17 52 43 16 448835 3 8 165 4 21 32 14 19 0 7 14
227 464360 K 21 15 12 110 3 38 10 42 463706 31 6 43 41 38 97 32 30 26 13 9 37
228 476450 G 58 29 13 57 29 475594 25 34 7 63 5 16 63 17 140 56 42 89 11 15 87
229 486023 K 123 38 30 132 25 212 35 74 484286 112 10 117 107 50 232 102 98 98 46 21 75
230 509856 F 71 72 21 31 508212 160 50 110 35 259 13 22 152 19 129 178 56 110 25 42 89
231 485690 Q 116 52 85 49 103 137 74 87 132 234 14 65 340 483072 465 235 139 96 23 45 127
232 466000 T 194 41 20 24 33 54 59 123 74 105 4 54 276 49 135 142 464459 59 10 44 41
233 467541 A 465274 61 140 53 29 252 74 48 36 158 13 60 288 77 201 228 177 216 55 45 56
234 419091 A 417075 57 34 90 38 181 59 60 34 95 17 18 181 35 118 228 458 187 46 33 47
235 413684 Q 112 50 62 56 61 169 77 65 81 174 25 44 166 411748 226 124 131 130 45 50 88
236 407704 R 138 51 49 79 46 416 88 101 142 224 118 80 346 80 405009 201 165 136 70 63 102
237 403236 A 399685 66 108 173 95 401 60 104 90 289 51 86 291 79 334 334 316 441 58 72 103
238 420855 M 56 85 59 60 111 220 96 311 162 302 417533 120 193 120 355 256 251 233 75 100 157
239 370515 M 108 52 47 64 51 192 40 266 81 200 368257 54 86 51 218 146 160 210 47 47 138
240 437722 D 112 46 435700 124 29 343 71 53 34 102 16 105 94 56 228 152 94 149 32 122 60
241 416523 Q 250 103 81 132 101 345 172 145 142 336 42 82 247 412582 558 322 269 282 81 92 159
242 474318 V 289 73 64 158 65 385 79 94 56 354 102 72 245 78 297 231 144 471291 70 60 111
243 472794 R 167 106 83 103 73 372 111 237 114 301 42 101 298 93 469553 348 189 166 70 66 201
244 465021 E 246 77 131 461533 73 388 111 117 254 251 47 74 369 118 230 200 223 235 52 125 167
245 488307 S 97 99 41 67 52 364 68 140 88 190 33 85 254 105 295 485832 155 136 51 57 98
246 474219 R 100 54 68 45 64 163 67 95 73 272 49 67 208 250 471899 150 133 96 217 48 101
247 476713 N 50 38 139 52 41 136 35 109 106 100 22 475190 57 29 125 161 68 78 29 61 87
248 477100 P 89 67 42 43 35 118 33 66 39 202 39 33 475485 127 168 150 125 83 40 52 64
249 483206 G 117 58 94 160 108 480400 76 93 73 174 35 140 178 79 371 278 125 176 57 84 330
250 456976 N 174 142 122 130 127 317 112 201 170 382 88 453239 218 95 300 334 198 249 74 133 171
251 477911 A 476062 34 99 59 43 167 53 85 40 141 29 25 115 50 143 153 194 308 22 13 76
252 456566 E 122 156 120 453814 70 323 61 70 102 278 22 71 187 82 263 244 133 177 58 60 153
253 478117 I 99 50 41 46 84 220 10 476422 49 170 27 37 84 63 192 89 90 213 37 21 73
254 463903 E 18 8 48 463152 1 138 5 6 233 14 9 5 9 31 34 27 10 52 4 8 91
255 471780 D 127 39 469814 101 76 199 86 93 40 244 14 97 121 38 109 121 78 150 28 88 117
256 451801 L 112 124 63 116 160 223 169 223 91 448638 57 82 309 73 343 234 166 227 93 121 177
257 457783 I 169 67 70 47 88 193 178 455228 14 292 25 58 347 85 209 166 85 214 56 94 98
258 423300 F 149 77 31 93 420396 184 124 148 113 340 32 93 257 87 219 342 195 124 51 109 136
259 420706 L 140 44 51 59 62 165 123 93 70 418505 81 64 234 122 155 170 141 197 65 68 97
260 431160 A 429468 26 23 107 25 140 55 40 29 80 2 38 137 27 145 184 258 265 20 24 67
261 387376 R 30 15 12 18 27 105 25 46 23 134 21 19 121 127 386199 71 73 30 209 32 39
262 485770 S 108 64 48 38 92 129 71 74 73 150 18 72 232 78 131 483953 129 121 22 78 89
263 482751 A 479273 77 87 140 68 256 101 113 117 267 41 108 157 89 262 287 536 502 55 112 103
264 439426 L 150 92 91 92 173 232 140 181 103 436412 28 73 229 96 343 237 144 290 71 103 146
265 460617 I 249 102 102 150 118 225 194 456289 178 425 117 120 347 107 480 290 383 315 48 137 241
266 475540 L 270 79 70 121 169 373 101 151 103 472106 96 62 236 139 369 344 216 194 76 70 195
267 444946 R 237 57 86 117 86 455 128 175 121 278 41 102 570 63 441503 323 235 137 48 65 119
268 483129 G 27 32 37 86 28 481369 46 37 34 102 19 25 327 62 293 131 103 111 130 45 85
269 497097 S 108 28 38 31 40 85 47 54 21 203 16 29 332 41 113 495504 124 85 18 44 136
270 505269 V 200 52 84 55 106 158 61 115 51 213 20 28 183 52 205 181 171 503186 25 53 70
271 486398 A 484209 73 90 51 36 157 66 83 51 183 19 51 191 56 169 215 281 274 38 51 54
272 485772 H 366 147 86 149 166 392 479420 296 218 593 81 260 767 330 597 517 388 354 111 249 285
273 487070 K 267 155 210 356 275 443 236 556 479372 875 157 452 284 275 594 585 465 550 102 289 572
274 461160 S 405 184 189 214 271 345 205 313 177 631 113 219 610 184 377 455127 527 431 64 278 296
275 420106 C 381 412961 149 214 249 557 234 348 252 658 94 223 641 144 711 583 437 402 144 249 475
276 339833 L 156 108 63 18 56 189 82 163 49 337076 129 106 220 95 393 247 215 198 130 70 70
277 279354 P 329 67 71 97 78 302 151 149 110 352 50 99 275529 54 348 748 343 259 83 60 75
278 256170 A 253034 62 142 133 56 265 67 108 97 195 39 98 300 79 256 304 360 304 63 81 127
279 224186 C 194 220794 47 96 94 249 92 67 58 334 22 50 318 82 676 257 124 177 111 193 151
280 208963 V 182 113 93 82 49 170 43 48 41 183 59 46 74 57 152 148 78 207054 79 77 135
281 147485 Y 71 74 69 81 93 148 92 110 74 210 47 87 76 42 149 139 95 146 65 145467 150
282 126546 G 286 106 68 107 90 123751 50 94 70 292 39 43 191 59 386 251 107 225 100 91 140
283 158755 P 206 89 54 84 70 292 94 97 56 306 55 67 156024 54 336 288 145 212 81 49 96
284 310441 A 308960 29 54 35 11 117 31 39 39 87 24 10 100 24 104 148 323 188 44 9 65
285 315155 V 156 40 95 47 48 147 58 186 45 272 12 41 290 47 173 174 118 313000 25 94 87
286 363568 A 362473 33 42 5 44 46 33 43 15 97 22 16 165 40 56 133 139 72 20 20 54
287 447653 S 2 58 1 1 1 55 9 39 2 8 0 58 5 12 69 447197 132 2 0 2 0
288 489439 G 70 68 107 23 10 488630 14 24 12 49 1 11 23 7 60 112 15 134 29 12 28
289 491720 Y 34 81 12 26 77 43 234 24 18 52 12 38 37 14 67 61 16 54 20 490705 95
290 533075 D 26 27 531887 34 40 89 39 37 34 111 8 125 102 30 113 132 69 51 19 69 33
291 530790 F 68 47 48 34 529139 121 22 78 22 333 10 57 80 31 111 223 49 116 33 64 104
292 538454 E 88 44 55 536892 42 249 41 46 151 88 12 32 88 52 158 102 71 103 10 30 100
293 533461 K 60 56 23 79 10 88 43 108 532193 89 15 46 85 41 135 105 105 56 26 23 75
294 525730 E 92 35 143 524120 32 315 44 33 88 98 10 39 109 47 120 104 67 97 25 23 89
295 504507 G 78 3 12 103 6 503639 32 34 32 48 10 31 44 26 131 37 40 102 1 12 86
296 443776 Y 63 124 39 42 72 122 105 48 29 98 21 67 51 43 130 92 58 64 25 442351 132
297 407241 S 187 81 75 77 104 224 70 101 103 239 37 81 201 81 212 404736 178 160 81 118 95
298 392689 L 229 109 127 98 68 272 93 137 135 389619 35 100 217 118 291 284 194 177 42 124 220
299 437209 V 194 125 92 131 75 252 73 64 79 273 81 109 174 69 321 280 143 434391 78 96 109
300 335410 G 218 91 67 183 92 332701 71 96 85 251 15 63 155 73 328 183 132 278 32 108 188
301 545841 I 207 117 109 137 99 230 102 542024 118 359 342 98 254 130 298 315 268 251 99 128 156
302 546129 D 252 78 542643 166 31 600 142 74 36 188 40 123 318 83 349 253 170 220 89 157 117
303 541472 P 149 62 36 68 42 220 204 52 76 270 39 30 539046 98 302 238 167 144 62 77 90
304 620509 F 274 136 121 166 616457 459 89 150 110 466 30 85 201 86 333 468 187 293 81 136 181
305 620450 K 252 90 84 269 78 296 78 112 617299 255 64 142 165 108 276 261 199 233 9 62 118
306 615793 L 148 104 35 87 49 289 52 50 47 613516 91 45 265 89 304 147 94 214 68 34 65
307 636319 L 225 94 57 86 115 378 84 121 32 633458 39 63 337 67 376 181 84 291 72 47 112
308 641599 Q 114 50 61 98 62 72 71 92 131 200 37 65 144 639240 423 232 89 195 62 43 118
309 636864 N 199 67 165 153 54 447 96 113 151 230 36 633680 178 53 288 317 138 212 102 76 109
310 624298 S 220 143 56 76 90 682 50 159 64 229 59 293 140 86 502 620727 168 251 119 71 113
311 670536 Q 234 69 88 115 102 460 115 178 146 424 66 73 283 666496 525 272 222 268 100 77 223
312 722837 V 296 107 94 165 93 426 111 236 102 349 52 67 296 140 444 297 180 719030 105 103 144
313 668504 Y 295 329 161 132 189 606 201 197 115 371 74 187 321 121 553 437 349 348 130 663048 340
314 662683 S 420 232 183 178 97 905 112 232 71 381 74 171 328 111 885 657314 282 354 121 108 124
315 639654 L 488 285 208 299 349 752 232 390 228 631497 116 181 909 281 994 601 430 701 164 226 323
316 692160 I 320 132 138 121 129 491 122 687984 77 279 94 134 274 135 475 323 225 376 64 94 173
317 625859 R 202 138 79 114 91 789 59 184 130 267 76 63 195 85 622346 219 198 204 84 108 228
318 620607 P 296 106 105 126 118 489 122 147 111 462 57 68 616589 172 480 363 226 264 82 109 115
319 632250 N 234 108 146 157 106 436 116 207 170 311 51 628176 195 71 437 446 189 299 94 133 168
320 655807 E 242 113 171 652363 110 551 68 85 167 299 46 68 115 98 251 283 107 322 80 77 191
321 685319 N 205 87 182 117 93 591 62 147 110 267 49 681856 191 73 292 297 124 247 101 118 110
322 695833 P 406 184 107 167 136 745 122 170 128 606 89 91 690220 235 638 484 352 395 168 111 279
323 704911 A 699132 165 106 287 146 521 173 231 161 462 82 132 372 162 532 569 442 722 124 140 250
324 748130 H 91 107 64 72 195 253 743329 217 131 598 102 147 470 363 516 419 249 250 59 275 223
325 747188 K 87 37 51 415 70 130 22 104 744757 185 106 153 128 28 436 136 113 120 3 33 74
326 622659 S 6 58 13 27 4 126 1 63 17 24 2 147 52 1 103 621926 47 20 7 4 11
327 615105 Q 40 94 35 87 24 118 172 17 155 112 37 43 81 613001 564 135 59 47 38 53 193
328 515002 L 333 128 184 229 108 589 160 239 162 509576 167 161 389 213 688 424 282 390 144 130 306
329 566361 V 288 81 169 256 91 566 82 129 121 348 117 88 203 185 492 287 245 562226 99 80 208
330 547277 W 210 221 130 143 110 433 121 182 140 442 95 137 283 102 446 358 256 319 542688 120 341
331 513969 M 280 128 113 186 90 426 149 336 134 469 508977 102 414 120 450 370 298 384 170 105 268
332 537968 A 533332 96 170 252 122 436 131 168 101 309 73 90 389 80 341 461 569 443 106 119 180
333 581285 C 178 575047 126 135 261 412 159 255 155 614 134 133 409 133 876 491 287 391 184 480 425
334 599596 N 128 96 174 117 138 135 146 223 166 348 39 596292 243 96 226 271 170 199 44 154 191
335 547667 S 166 95 84 158 164 424 87 167 161 312 83 136 181 114 501 543757 295 294 91 193 204
336 521648 A 518461 69 158 134 60 334 38 108 104 195 38 87 159 80 240 305 443 344 96 74 121
337 507462 A 504562 88 85 175 85 369 67 93 86 192 43 65 132 62 297 245 247 357 52 62 98
338 523616 F 119 76 60 81 521295 388 27 75 40 246 25 29 123 45 291 211 75 202 92 42 74
339 514197 E 121 49 165 512360 46 402 51 23 92 82 32 13 74 57 175 116 59 124 26 36 94
340 481114 D 88 70 479070 75 106 262 78 61 46 197 9 116 174 41 140 150 64 196 40 85 46
341 517513 L 85 11 20 18 20 86 57 70 10 516344 13 20 300 64 132 70 59 104 5 7 18
342 504512 R 171 72 54 113 51 358 51 141 99 235 38 61 134 54 502052 226 116 224 47 59 156
343 457087 V 98 29 19 71 17 130 32 104 38 143 7 27 42 33 103 43 49 456024 22 11 45
344 449495 L 114 61 66 49 76 224 48 133 27 447749 13 47 99 18 155 208 89 149 24 45 101
345 401707 S 169 88 58 62 67 320 58 95 73 162 22 87 138 47 330 399383 147 190 63 67 81
346 359522 F 136 75 36 81 357704 209 35 74 32 237 17 31 77 50 178 157 54 175 32 64 68
347 433515 I 76 57 54 47 109 191 59 431649 44 124 46 74 96 49 242 146 138 159 43 66 46
348 404405 R 125 50 51 44 46 258 21 121 76 128 26 31 69 34 402761 166 110 124 38 33 93
349 384412 G 99 38 27 76 26 383193 34 37 19 86 18 36 57 27 183 83 48 161 101 21 42
350 477185 T 218 67 50 13 40 190 54 73 20 143 15 86 222 30 224 209 475292 122 35 41 41
351 489980 K 89 51 54 81 34 143 44 104 488325 113 20 170 49 84 200 114 109 77 32 17 70
352 515231 V 170 26 34 135 70 126 58 171 48 241 15 30 114 52 119 124 71 513458 22 71 76
353 525977 S 32 29 28 10 83 40 28 87 19 120 37 24 180 24 105 524849 94 52 8 95 33
354 494410 P 186 103 95 115 76 299 45 139 100 177 46 71 491614 131 198 223 212 271 81 80 148
355 478328 R 10 12 4 5 25 273 13 8 84 20 146 3 8 4 477571 78 18 6 31 4 5
356 422910 G 54 19 12 72 19 422214 22 30 12 36 8 6 22 12 112 38 30 99 59 12 22
357 421867 K 40 38 27 190 35 87 35 38 420779 56 8 85 52 18 103 103 34 37 25 28 49
358 431039 L 72 40 38 30 91 147 54 116 33 429566 17 34 152 48 161 103 71 153 29 33 51
359 413084 S 113 26 31 66 89 125 52 61 66 129 14 46 123 31 124 411603 124 94 4 104 59
360 492065 T 198 71 64 95 84 158 81 86 71 197 32 109 78 74 207 193 489912 143 72 60 80
361 474330 R 211 110 80 84 126 319 94 195 99 318 68 76 149 85 471293 218 139 278 71 118 199
362 458997 G 153 34 47 105 12 457334 35 45 48 111 21 27 126 42 248 95 77 203 58 29 147
363 541241 V 286 68 57 96 34 229 35 163 46 199 36 37 76 30 134 95 79 539364 47 43 87
364 545060 Q 165 93 93 122 70 262 104 109 157 268 29 44 175 542138 367 205 129 253 55 50 172
365 564544 I 147 77 46 70 86 286 50 562312 55 159 49 48 109 73 256 162 153 177 94 48 87
366 496377 A 494585 54 79 51 29 190 29 82 72 140 20 48 126 43 159 173 188 175 41 37 56
367 489841 S 151 90 43 112 82 266 90 67 62 272 40 62 165 46 260 487426 110 178 84 70 165
368 501749 N 99 36 85 49 78 182 57 116 78 190 20 499760 131 50 201 219 98 130 40 55 75
369 496971 E 151 47 54 495038 44 248 37 70 94 151 17 40 115 54 149 133 92 185 42 51 159
370 511073 N 25 34 112 33 44 140 48 107 90 135 17 509535 47 31 176 113 138 80 36 63 69
371 512809 M 99 102 60 54 25 174 52 256 77 195 510631 43 114 53 192 148 164 170 57 45 98
372 529546 D 100 43 527687 126 34 257 63 42 45 132 15 62 123 39 173 140 97 161 24 103 80
373 519745 A 517352 88 122 60 61 235 49 97 75 224 29 63 124 39 233 193 238 267 42 80 74
374 569284 M 230 56 69 66 35 349 53 238 94 172 566506 45 208 45 242 198 229 275 69 41 64
375 543209 E 137 19 122 540771 31 345 29 82 148 222 50 67 148 78 183 126 115 224 73 56 183
376 422999 S 148 126 65 73 67 355 58 83 65 205 38 35 178 36 318 420449 133 155 102 82 228
377 428886 S 180 141 60 69 61 415 101 126 74 276 49 112 182 61 395 426056 181 108 72 49 118
378 391037 T 176 82 50 69 16 242 32 108 102 95 22 52 111 43 278 191 389038 139 77 44 70
379 401102 L 74 60 59 58 78 189 69 100 22 399231 19 41 270 46 243 115 84 149 43 54 98
380 405699 E 115 50 66 403924 57 227 35 54 85 106 15 26 109 57 172 154 108 153 45 41 100
381 408642 L 113 63 55 58 43 185 41 59 41 406801 38 27 202 83 217 137 100 168 56 44 111
382 429302 R 93 78 115 122 91 470 69 180 150 245 64 74 155 66 426430 294 234 183 19 52 118
383 489894 S 335 205 112 187 128 481 117 241 120 292 108 215 172 109 396 485674 281 277 116 136 192
384 516765 R 296 207 110 191 105 912 73 142 175 385 141 63 81 104 512241 441 208 374 229 80 207
385 604781 Y 224 222 115 168 140 464 152 172 124 418 62 152 209 90 447 415 208 407 151 600138 303
386 586377 W 240 188 129 193 56 728 128 131 160 484 79 91 210 157 844 341 282 384 581062 97 393
387 536898 A 533462 36 155 150 11 530 119 80 91 207 50 50 333 98 357 225 366 415 12 31 120
388 586141 I 269 119 123 148 120 342 106 581000 201 563 459 155 268 176 494 377 251 316 109 147 398
389 551853 R 270 135 132 139 190 559 94 340 202 447 55 126 184 117 547256 321 237 472 30 175 372
390 569997 T 369 252 145 161 227 525 154 256 155 581 70 230 252 188 558 582 564328 420 131 147 266
391 581658 R 353 200 175 246 196 833 156 369 284 711 126 194 391 135 574810 689 450 523 146 215 456
392 557115 S 318 224 141 160 128 547 140 214 141 403 88 203 269 168 625 552251 326 276 88 165 240
393 568021 G 181 73 38 122 54 565775 78 132 46 170 33 52 132 53 326 164 95 216 47 64 170
394 539775 G 129 85 52 152 76 537526 52 93 54 173 31 75 116 35 372 187 112 169 43 67 176
395 543980 N 300 152 230 161 158 503 169 229 174 374 79 538939 216 151 520 444 272 356 135 186 232
396 544706 T 501 240 170 211 197 620 201 353 201 496 88 204 367 142 684 559 538431 476 125 170 270
397 617669 N 305 180 230 155 133 491 175 220 184 412 65 612750 175 179 443 468 202 337 133 214 218
398 621247 Q 325 211 145 169 149 595 242 288 199 346 6 194 417 615639 658 466 238 335 150 136 339
399 566445 Q 371 103 114 251 140 904 310 120 157 533 67 105 479 560351 767 376 282 485 133 113 284
400 506872 R 220 109 76 105 64 840 59 103 136 226 165 60 153 53 503518 284 139 193 173 60 136
401 480278 A 477528 67 84 107 64 464 76 51 46 167 36 41 257 66 255 280 206 341 47 37 58
402 484679 S 208 98 102 124 113 653 59 100 68 220 43 44 396 75 346 481314 168 230 65 155 98
403 482378 A 477682 158 70 202 97 728 132 165 91 305 39 98 332 105 350 478 344 552 161 145 144
404 496819 G 389 260 212 157 122 493190 31 90 71 242 50 57 161 39 313 420 156 483 110 81 185
405 492933 Q 112 8 57 103 77 52 200 163 158 332 46 110 420 490349 141 151 170 124 5 27 128
406 509504 I 49 28 29 27 76 56 33 508240 26 142 30 61 95 27 86 129 163 98 11 48 50
407 461508 S 33 63 41 15 38 315 15 76 5 113 9 68 70 14 106 460316 39 92 15 48 17
408 465879 V 141 23 25 66 7 110 7 13 10 93 72 5 15 15 78 42 11 465106 15 3 22
409 461991 Q 266 106 95 127 65 490 154 134 153 381 77 72 234 457364 459 381 203 323 92 98 717
410 423638 P 291 97 80 165 29 508 179 48 77 284 60 40 420048 119 392 399 153 296 114 91 168
411 455666 A 451667 167 64 167 41 538 119 109 74 156 42 82 200 119 386 303 651 444 77 95 165
412 465171 F 284 110 83 120 461532 676 17 152 84 249 80 44 150 72 361 348 120 346 95 88 160
413 414401 S 174 128 87 129 220 658 94 170 113 333 68 137 231 85 339 410486 202 300 86 152 209
414 435138 V 344 101 75 167 84 599 83 78 102 267 125 65 190 69 433 315 179 431545 110 62 145
415 451656 Q 293 83 83 150 62 526 103 117 125 350 54 49 161 447865 483 250 145 295 143 57 262
416 458287 R 255 87 71 151 111 625 73 173 100 302 10 106 180 87 454795 310 171 318 52 86 224
417 428522 N 122 64 98 60 60 204 81 81 81 141 19 426370 128 59 221 206 127 170 67 83 80
418 453994 L 167 79 70 90 150 440 105 171 45 451117 33 28 345 82 303 208 117 221 75 66 82
419 488212 P 365 139 149 204 117 524 86 214 131 471 76 126 483413 222 487 393 256 417 70 122 230
420 464248 F 368 141 107 152 459397 652 121 190 107 474 44 76 205 97 606 415 183 397 183 114 219
421 476588 D 274 139 472470 162 168 408 109 170 91 325 56 176 205 75 387 342 228 361 48 204 190
422 463449 K 170 73 78 185 149 560 85 158 460099 210 51 165 147 97 324 247 147 245 49 80 130
423 471509 P 288 139 96 176 122 888 152 133 122 390 40 107 466836 195 540 370 202 330 110 114 159
424 493012 T 431 178 194 155 214 814 157 340 128 504 70 172 413 133 623 609 486903 486 133 161 194
425 503587 I 270 153 129 166 157 606 122 498964 74 400 106 148 253 72 447 337 318 463 107 130 165
426 486756 M 267 169 74 141 109 380 108 275 136 431 482151 103 283 109 543 315 322 343 143 117 237
427 448345 A 444772 120 103 156 78 501 100 74 92 253 25 54 271 96 342 280 307 465 78 83 95
428 444777 A 441042 89 129 164 83 550 78 117 90 234 68 69 218 66 352 356 408 376 61 88 139
429 442398 F 223 168 129 173 438009 546 112 237 176 435 68 125 185 80 397 316 171 350 111 157 230
430 413056 T 251 46 80 94 89 203 53 122 66 146 55 108 76 76 217 248 410746 153 57 65 105
431 445936 G 240 116 75 220 166 441598 1021 151 76 197 35 69 122 130 385 323 179 363 233 74 163
432 459090 N 312 140 290 157 145 603 150 201 150 406 60 454101 326 102 489 465 239 319 129 178 128
433 490650 T 284 184 69 95 108 299 69 391 156 362 62 85 170 131 404 379 486710 243 146 115 188
434 503300 E 383 123 232 497948 86 1152 82 159 133 292 109 59 203 121 653 323 243 415 179 100 305
435 541982 G 455 139 164 409 79 537569 78 136 114 321 61 69 150 113 733 302 132 465 146 73 274
436 549906 R 413 161 170 313 156 1439 90 275 330 427 82 163 240 146 543713 431 268 525 157 132 275
437 553710 T 410 139 172 300 88 929 109 237 240 366 56 138 236 153 710 374 548136 363 158 110 286
438 576006 S 292 100 143 207 81 864 54 130 111 371 70 80 231 120 472 571647 209 346 87 77 314
439 560935 D 218 63 557754 176 50 703 86 102 84 184 27 112 111 53 334 193 130 268 92 88 107
440 539917 M 239 109 106 159 78 529 64 284 117 305 535885 70 186 106 460 233 248 327 165 57 190
441 521837 R 94 30 29 60 24 542 17 43 110 82 224 15 59 44 519899 164 76 120 109 29 67
442 524321 A 520854 98 121 217 58 588 78 99 83 223 82 52 181 78 325 279 276 425 76 31 97
443 536361 E 160 78 119 533547 46 533 32 51 178 217 45 52 104 76 268 189 125 259 65 53 164
444 536513 I 355 214 132 237 143 1010 113 530728 148 413 69 160 206 156 768 367 228 477 183 140 266
445 597579 I 432 250 255 276 106 973 140 590302 263 582 428 174 246 185 749 498 362 628 201 150 379
446 538865 R 676 381 279 359 282 1510 200 272 289 811 358 185 437 254 529550 836 368 760 410 213 435
447 512438 M 416 150 215 142 153 957 142 341 129 395 506673 124 242 99 637 395 276 425 157 165 205
448 511541 M 216 79 80 106 59 375 45 400 120 247 508098 54 118 61 349 227 203 420 94 71 119
449 462451 E 134 96 110 459828 54 504 56 60 215 182 43 42 101 76 241 179 92 172 85 40 141
450 467815 G 138 167 154 81 36 465428 35 49 61 155 43 50 83 63 344 413 97 217 66 51 84
451 513244 A 508711 217 99 153 60 592 45 81 48 239 41 75 146 77 282 264 941 909 83 67 114
452 504474 K 144 67 58 138 28 249 70 95 502023 150 29 237 115 67 293 154 124 159 69 57 148
453 470986 P 81 58 52 54 20 259 35 31 23 117 24 26 469410 109 177 136 96 129 50 33 66
454 481088 E 122 47 80 479455 53 230 42 39 72 123 14 34 75 45 157 112 60 144 18 40 126
455 480305 E 334 217 200 475143 123 522 96 225 204 399 80 145 221 171 453 420 239 470 118 167 358
456 482860 M 226 140 79 127 122 287 112 323 136 357 478854 97 129 117 317 349 271 333 131 103 250
457 457226 S 352 253 174 171 233 374 142 218 125 498 75 147 276 132 439 452260 337 342 87 278 313
458 459031 F 251 205 144 263 452916 1099 120 223 119 600 104 100 185 121 390 635 235 515 267 219 320
459 428596 Q 313 118 113 160 86 860 237 159 188 550 66 97 383 422612 1349 254 214 494 114 42 187
460 374550 G 260 136 107 229 130 371116 67 135 98 352 77 67 179 92 339 280 120 420 65 103 178
461 344484 R 502 91 61 101 97 765 118 97 47 491 51 45 390 386 340036 246 148 303 291 78 140
462 303977 G 474 165 126 397 71 299593 111 71 52 311 38 50 423 148 615 327 117 344 165 93 286
463 281265 V 297 105 86 92 122 357 88 211 60 409 69 78 244 79 343 268 188 277875 108 74 112
464 292288 F 404 328 235 180 285777 601 127 358 152 826 145 189 246 156 260 729 353 625 109 227 261
465 333455 E 257 209 147 327901 197 571 115 194 284 712 117 170 168 169 340 545 265 223 174 258 439
466 277209 L 170 122 97 98 246 430 131 210 111 273742 68 84 286 108 263 235 105 357 81 103 162
467 293869 S 35 111 32 40 132 184 76 145 95 456 67 56 133 79 271 291188 191 162 121 100 195
468 323928 D 171 153 321034 156 110 520 40 104 40 141 29 84 89 51 190 233 159 243 95 131 155
469 388679 E 260 172 206 383014 294 533 164 321 305 548 87 153 285 130 356 489 256 453 86 271 296
470 426431 R 361 187 171 223 196 1044 181 224 322 704 264 186 460 212 419623 632 426 448 138 155 274
471 425636 A 419817 135 86 195 80 886 180 146 138 498 82 135 701 170 433 378 496 592 151 104 233
472 442817 A 440430 28 52 109 75 130 26 100 30 116 19 46 207 20 44 351 319 625 9 60 21
473 490452 N 87 31 83 60 27 159 80 62 97 151 28 488656 200 87 162 164 83 62 39 53 81
474 493045 P 200 79 47 101 44 492 65 29 52 292 5 40 490173 185 388 238 170 197 115 20 113
475 477323 I 201 163 139 181 132 719 78 473062 146 367 88 150 80 103 426 224 212 388 127 120 217
476 446356 V 279 95 84 176 60 634 52 86 75 322 316 56 140 88 366 246 138 442756 146 72 169
477 439563 P 212 89 73 94 50 231 153 120 88 306 41 55 436667 102 256 341 212 234 45 66 128
478 428774 S 188 89 70 105 109 429 53 80 79 243 37 51 264 85 253 425902 142 298 71 125 101
479 493347 F 180 117 72 104 490392 395 75 116 69 442 47 65 103 53 223 249 116 245 77 88 119
480 499337 D 143 52 497223 134 30 380 84 53 41 90 29 103 78 24 129 162 179 188 38 101 76
481 449820 M 151 87 56 106 50 298 66 199 77 279 446755 61 173 61 342 259 197 306 118 60 119
482 557766 S 169 205 85 194 69 1175 46 125 50 141 47 177 147 44 472 554003 107 288 87 44 91
483 628575 N 61 71 74 32 51 223 15 89 83 149 34 626904 55 39 199 129 62 104 59 57 85
484 571459 E 80 48 97 569748 34 355 20 43 94 98 12 16 68 66 141 87 68 149 38 36 161
485 521157 G 116 54 40 89 66 519443 15 46 45 164 4 39 72 44 255 108 60 178 59 47 213
486 530496 S 100 51 39 40 72 180 38 51 26 131 17 26 152 47 122 529019 87 127 44 88 39
487 530730 Y 50 121 45 58 103 172 186 76 50 108 52 43 35 25 122 101 61 141 62 528997 122
488 519089 F 50 62 31 54 517426 177 26 115 64 254 28 35 38 34 113 166 65 109 39 85 118
489 496933 F 78 46 44 53 495370 232 50 77 29 280 16 27 74 14 144 121 32 98 29 57 62
490 493843 G 144 23 51 105 73 492029 26 62 53 158 28 40 66 32 274 146 75 220 39 47 152
491 501432 D 100 53 499196 163 92 415 57 82 71 193 31 70 43 44 118 140 67 254 46 91 106
492 508803 N 42 66 112 36 38 126 47 134 122 112 50 507039 29 32 183 223 105 61 68 60 118
493 602572 A 599472 19 100 184 63 352 82 98 41 223 33 45 126 54 287 319 405 538 9 63 59
494 504803 E 223 111 180 501243 66 754 44 78 95 228 40 45 170 151 386 205 103 309 120 62 190
495 488506 E 197 98 121 485328 44 792 22 45 97 153 17 48 156 99 476 188 118 230 80 40 157
496 468721 Y 148 290 85 75 112 403 93 49 52 165 33 78 111 47 251 201 66 152 69 466008 233
497 435937 D 370 164 430696 263 84 1080 98 133 92 363 63 199 173 103 579 285 219 459 168 162 184
498 341754 N 818 435 364 397 346 1607 302 424 350 1053 173 329859 687 276 1330 857 480 875 324 289 508
