# nucleotide counts
# upper case indicates nucleotide called by both reads
# lower case indicates nucleotide called by one read with other ambiguous
# N indicates disagreement between reads, or both ambiguous
# POSITION WT COUNTS A T C G a t c g N
1 A 724426 723938 51 8 105 6 0 0 1 317
2 T 727970 68 727435 121 8 0 8 0 0 330
3 G 728277 94 78 23 727757 0 0 0 7 318
4 G 726262 40 50 27 725793 0 0 0 31 321
5 C 693189 67 269 692466 51 0 0 33 0 303
6 G 709711 193 40 18 709127 0 0 0 57 276
7 T 726461 210 724412 507 579 0 21 0 0 732
8 C 731620 532 421 730232 64 0 0 13 0 358
9 C 733851 169 337 732174 819 0 0 11 0 341
10 C 732724 3053 7708 721112 557 0 0 8 0 286
11 A 729459 719723 2661 5864 910 18 0 0 0 283
12 A 730240 720828 2773 5559 831 18 0 0 0 231
13 G 732341 140 303 443 731047 0 0 0 35 373
14 G 746521 106 53 131 745880 0 0 0 36 315
15 C 694501 65 89 693892 44 0 0 54 0 357
16 A 629182 626905 37 34 111 13 0 0 0 2082
17 C 615911 49 49 615553 15 0 0 22 0 223
18 C 596071 89 38 595755 15 0 0 15 0 159
19 A 594493 594195 32 11 77 7 0 0 0 171
20 A 592521 592223 21 15 71 4 0 0 0 187
21 A 591050 590416 60 55 97 16 0 0 0 406
22 C 591339 60 150 590820 36 0 0 46 0 227
23 G 547414 117 163 28 546893 0 0 0 32 181
24 G 558950 225 27 26 558490 0 0 0 39 143
25 T 561519 149 559169 134 348 0 31 0 0 1688
26 C 592167 177 99 591511 58 0 0 52 0 270
27 T 633864 867 632213 459 59 0 16 0 0 250
28 T 586782 333 585083 504 648 0 24 0 0 190
29 A 589593 588023 417 824 133 18 0 0 0 178
30 T 580970 330 579942 419 69 0 18 0 0 192
31 G 598155 332 75 39 597490 0 0 0 18 201
32 A 617021 616288 69 31 319 34 0 0 0 280
33 A 572433 571623 55 226 154 30 0 0 0 345
34 C 552403 1840 319 549688 321 0 0 52 0 183
35 A 492363 490655 330 703 446 35 0 0 0 194
36 G 572541 755 549 921 570057 0 0 0 49 210
37 A 597520 596940 56 43 193 7 0 0 0 281
38 T 601104 107 600542 135 46 0 5 0 0 269
39 G 605250 170 67 142 604646 0 0 0 12 213
40 G 591255 98 71 85 590777 0 0 0 33 191
41 A 593683 593186 42 26 140 7 0 0 0 282
42 A 605966 605497 61 32 142 24 0 0 0 210
43 A 607347 606477 60 84 269 13 0 0 0 444
44 C 654578 224 175 653804 70 0 0 56 0 249
45 T 609662 39 608915 269 153 0 23 0 0 263
46 G 624330 105 82 48 623833 0 0 0 13 249
47 A 620935 620241 52 37 136 13 0 0 0 456
48 T 623047 186 622482 82 42 0 11 0 0 244
49 G 621928 499 142 236 620771 0 0 0 14 266
50 G 630120 107 392 320 629049 0 0 0 9 243
51 G 626706 304 147 327 625677 0 0 0 6 245
52 G 631818 218 162 628 630604 0 0 0 23 183
53 A 609572 607690 654 649 249 18 0 0 0 312
54 A 612443 610112 647 684 347 32 0 0 0 621
55 C 623548 71 160 622999 47 0 0 20 0 251
56 G 622492 249 74 114 621544 0 0 0 12 499
57 C 631673 82 47 631191 33 0 0 12 0 308
58 C 627584 81 101 627104 37 0 0 1 0 260
59 A 623178 621260 76 1255 320 18 0 1 0 248
60 G 637505 99 89 63 637030 0 0 0 10 214
61 A 634664 633832 273 192 117 20 0 0 0 230
62 A 656824 655607 171 396 390 31 0 0 0 229
63 T 623202 388 622035 310 188 0 18 0 0 263
64 G 645228 617 282 430 643648 0 0 0 30 221
65 C 657129 538 1476 654378 438 0 0 28 0 271
66 A 627494 624979 282 1441 506 38 0 0 0 248
67 A 669925 665130 3362 307 607 42 0 0 0 477
68 C 664346 305 1289 661725 761 0 0 23 0 243
69 T 654751 2883 650087 912 575 0 11 0 0 283
70 G 659577 418 2414 365 656089 0 0 0 56 235
71 A 614350 613470 369 67 169 54 0 0 0 221
72 G 658882 487 337 84 657629 1 0 0 39 305
73 A 610302 609078 153 135 571 18 0 0 0 347
74 T 662778 118 661604 213 361 0 24 0 0 458
75 C 623800 483 111 621315 1639 0 0 34 0 218
76 A 586790 586033 108 153 253 49 0 0 0 194
77 G 608796 389 118 90 607968 1 0 0 26 204
78 A 606014 602200 40 167 3210 5 0 0 0 392
79 G 637158 642 115 510 635606 0 0 0 19 266
80 C 621335 590 237 620076 147 0 0 52 0 233
81 A 592912 591952 180 129 308 30 0 0 0 313
82 T 605361 904 601764 479 1887 0 9 0 0 318
83 C 607711 1029 78 605695 688 0 0 16 0 205
84 C 613481 219 1039 609865 2096 0 0 20 0 242
85 G 597834 308 72 48 597181 0 0 0 32 193
86 T 602800 77 601898 144 45 0 16 0 0 620
87 C 601174 134 261 600048 530 0 0 7 0 194
88 G 604251 424 460 77 603023 0 0 0 11 256
89 G 607162 151 417 603 605793 0 0 0 12 186
90 G 621717 375 497 546 620121 0 0 0 21 157
91 A 620937 619761 74 479 167 2 0 0 0 454
92 A 619819 618803 61 530 186 8 0 0 0 231
93 G 608365 165 483 34 607391 0 0 0 20 272
94 A 598861 598298 89 26 98 24 0 0 0 326
95 T 591738 99 591214 132 45 0 13 0 0 235
96 G 598958 169 83 40 598359 0 0 0 10 297
97 A 622980 622310 100 19 217 8 0 0 0 326
98 T 622120 119 621494 108 48 0 17 0 0 334
99 T 608263 318 607449 260 75 0 13 0 0 148
100 G 609920 1276 255 768 607378 0 0 0 18 225
101 A 607695 603913 1995 524 850 15 0 0 0 398
102 T 597584 469 594746 310 1776 0 7 0 0 276
103 G 591555 156 111 113 590929 0 0 0 36 210
104 G 611628 144 102 67 611078 0 0 0 46 191
105 A 594513 593519 268 89 294 14 0 0 0 329
106 A 578474 577936 123 51 140 9 0 0 0 215
107 T 582081 79 581505 191 90 0 12 0 0 204
108 T 575195 101 574597 168 99 0 30 0 0 200
109 G 586145 97 90 113 585654 0 0 0 33 158
110 G 577090 91 134 46 576587 0 0 0 5 227
111 A 557279 556103 77 38 357 5 0 0 0 699
112 C 569943 153 155 569341 48 0 0 50 0 196
113 G 501755 184 54 283 501040 0 0 0 43 151
114 A 567311 566513 287 95 97 53 0 0 0 266
115 T 576147 82 575472 220 125 0 12 0 0 236
116 T 536316 84 535516 201 268 0 5 0 0 242
117 C 538024 114 144 537265 291 0 0 22 0 188
118 T 528513 68 527862 391 29 0 34 0 0 129
119 A 546666 545760 90 24 143 29 0 0 0 620
120 C 543934 129 102 543480 43 0 0 18 0 162
121 A 497432 496520 202 233 235 17 0 0 0 225
122 T 507251 144 506307 246 259 0 37 0 0 258
123 C 471999 284 253 471082 195 0 0 28 0 157
124 C 478384 85 106 477905 120 0 0 8 0 160
125 A 476372 475876 42 70 195 18 0 0 0 171
126 A 460842 460385 82 30 134 9 0 0 0 202
127 A 460714 460186 63 215 78 9 0 0 0 163
128 T 442698 256 442142 63 16 0 9 0 0 212
129 G 519641 107 255 276 518789 0 0 0 20 194
130 T 496497 148 495097 146 65 0 11 0 0 1030
131 G 500709 104 143 82 500189 0 0 0 14 177
132 C 501214 113 294 500581 97 0 0 7 0 122
133 A 494454 493345 88 109 155 2 0 0 0 755
134 C 491680 110 139 491115 117 0 0 15 0 184
135 T 473965 123 473190 247 115 0 9 0 0 281
136 G 520234 206 100 422 519310 0 0 0 41 155
137 A 545657 544694 124 454 178 18 0 0 0 189
138 A 566404 564976 126 474 181 27 1 0 0 619
139 C 604284 135 88 603817 30 0 0 40 0 174
140 T 603822 52 602979 225 322 0 16 0 0 228
141 T 604658 139 604023 255 98 0 11 0 0 132
142 A 611414 610937 105 58 141 12 0 0 0 161
143 A 611677 611093 92 63 134 8 0 0 0 287
144 A 653392 652297 78 108 165 15 0 0 0 729
145 C 652522 751 2972 648368 89 0 0 58 0 284
146 T 608502 3059 604222 748 126 0 14 0 0 333
147 C 624673 4037 228 619338 766 0 0 34 0 270
148 A 608203 602190 1715 575 3403 31 0 0 0 289
149 G 658745 480 277 5070 652738 0 0 1 45 134
150 T 653317 1532 647361 1339 1827 0 25 0 0 1233
151 G 714295 884 139 456 712491 0 0 0 36 289
152 A 732079 730293 440 751 265 24 0 0 0 306
153 T 691858 403 690560 289 337 0 22 0 0 247
154 T 720958 309 719990 175 262 0 22 0 0 200
155 A 723347 722379 153 368 155 28 0 0 0 264
156 T 729278 245 728049 523 143 0 9 0 0 309
157 G 731497 190 291 163 730538 0 1 0 43 271
158 A 689326 688235 133 205 398 21 0 0 0 334
159 G 692681 334 201 103 691755 0 0 0 39 249
160 G 641880 323 139 335 640790 0 0 0 17 276
161 G 627618 338 247 380 626246 0 0 1 6 400
162 G 626882 309 172 369 625689 1 0 0 9 333
163 C 590812 108 217 590095 128 0 0 13 0 251
164 G 596994 234 114 168 596281 0 0 0 13 184
165 A 597185 595857 112 188 155 2 0 0 0 871
166 C 598527 717 287 597052 203 0 0 7 0 261
167 T 594713 148 592641 1607 111 0 6 0 0 200
168 G 587389 1619 1026 263 584184 1 0 0 41 255
169 A 638811 637163 430 601 209 48 0 0 0 360
170 T 617303 163 616224 233 258 0 0 0 0 425
171 C 608382 640 214 606844 473 0 0 8 0 203
172 C 607832 360 530 606475 271 0 0 12 0 184
173 A 586271 584887 90 140 845 28 0 0 0 281
174 G 590048 307 1134 200 588203 0 0 0 14 190
175 A 564123 563013 129 145 549 3 0 0 0 284
176 A 564559 562913 117 582 598 8 0 0 0 341
177 C 566572 539 239 565385 151 0 0 86 0 172
178 A 455296 454658 228 32 177 28 0 0 0 173
179 G 464588 65 180 194 463974 0 0 0 18 157
180 C 459049 72 158 458318 217 0 0 4 0 280
181 T 456664 67 456059 270 34 0 17 0 0 217
182 T 461199 94 460732 88 106 0 16 0 0 163
183 A 453353 452667 84 278 117 38 0 0 0 169
184 A 482997 481793 313 427 194 22 0 0 0 248
185 C 508593 160 162 507983 80 0 0 21 0 187
186 A 481725 480506 138 587 316 13 0 0 0 165
187 A 500684 499527 335 174 452 46 0 0 0 150
188 T 454927 343 454216 124 57 0 24 0 0 163
189 A 472879 471814 85 412 405 14 0 0 0 149
190 G 478972 351 132 325 477886 0 0 0 30 248
191 A 489763 488681 296 313 229 24 0 0 0 220
192 G 494410 172 328 282 493405 0 0 0 60 163
193 A 449322 448413 481 65 95 26 0 0 0 242
194 G 473443 197 114 349 472532 0 0 0 24 227
195 A 476322 475529 54 123 393 20 0 0 0 203
196 A 488594 488229 39 18 111 35 0 0 0 162
197 T 491220 67 490821 60 39 0 16 0 0 217
198 G 475766 71 80 37 475366 0 0 0 20 192
199 G 481618 91 52 19 481158 0 0 0 12 286
200 T 453323 55 451326 93 26 0 11 0 0 1812
201 G 490270 150 60 40 489817 0 0 0 11 192
202 C 489715 81 61 489286 35 0 0 7 0 245
203 T 490771 83 490116 154 30 0 17 0 0 371
204 C 500375 132 89 499907 55 0 0 8 0 184
205 T 499652 73 499170 108 74 0 14 0 0 213
206 C 534338 119 38 533937 62 0 0 8 0 174
207 T 531641 112 530986 245 105 0 20 0 0 173
208 G 538787 250 171 100 538086 0 0 0 14 166
209 C 539120 263 127 538399 83 0 0 14 0 234
210 T 527211 223 526302 411 82 0 9 0 0 184
211 T 539122 76 538432 185 218 0 5 0 0 206
212 T 531231 269 530317 406 29 0 17 0 0 193
213 T 515338 207 514442 288 167 0 9 0 0 225
214 G 520678 143 53 53 520229 0 0 0 6 194
215 A 514730 514021 50 81 165 2 0 0 0 411
216 C 525406 108 537 524453 77 0 0 18 1 212
217 G 509165 766 579 194 507436 0 0 1 15 174
218 A 480752 478867 823 553 285 3 0 0 0 221
219 A 481935 480466 211 576 521 6 0 0 0 155
220 A 483834 482707 195 496 208 4 0 0 0 224
221 G 487701 146 80 81 487220 0 0 0 15 159
222 A 494490 493969 55 97 193 8 0 0 0 168
223 A 493305 492855 47 115 87 11 0 0 0 190
224 G 513133 72 60 32 512756 0 0 0 35 178
225 G 572135 121 94 114 571566 0 0 0 34 206
226 A 561984 561165 136 57 409 9 0 0 0 208
227 A 583278 582555 93 127 258 21 0 0 0 224
228 T 556667 152 555752 163 323 0 20 0 0 257
229 A 555536 549738 1675 693 3248 24 0 0 0 158
230 A 556401 542425 4282 1433 8027 22 0 0 0 212
231 A 547199 536960 2772 1790 5446 29 0 0 0 202
232 T 548602 97 548030 130 59 0 22 0 0 264
233 A 488531 481097 6962 60 147 48 1 0 0 216
234 T 425487 107 424963 119 58 0 26 0 0 214
235 C 431625 135 1743 429439 151 1 0 22 0 134
236 T 402131 100 401449 345 91 0 14 0 0 132
237 G 404249 225 126 138 403563 0 0 0 9 188
238 G 393531 330 176 210 392668 0 0 0 6 141
239 A 387315 386399 263 236 247 10 0 0 0 160
240 A 366970 366093 124 309 273 18 0 0 0 153
241 G 382074 479 283 161 380949 0 0 0 17 185
242 A 372527 371413 569 137 244 6 0 0 0 158
243 A 416320 414888 198 542 417 10 0 0 0 265
244 C 420088 370 1021 418310 211 0 0 11 0 165
245 A 402164 400688 297 281 681 14 0 0 0 203
246 T 529576 680 527115 833 457 0 45 0 0 446
247 C 521390 826 465 518652 1302 0 0 6 0 139
248 C 545352 914 478 542619 1160 0 0 7 0 174
249 C 546814 789 1235 543546 1024 0 0 12 0 208
250 A 524341 521261 1150 233 1474 22 1 0 0 200
251 G 570610 293 1012 1373 567666 0 0 0 22 244
252 C 566071 206 888 563391 1391 0 0 15 0 180
253 G 562482 728 359 4232 556974 0 0 1 16 172
254 C 573829 300 432 572083 612 0 0 31 0 371
255 G 575097 1244 290 4189 569215 0 0 0 40 119
256 G 622713 4748 269 1410 616090 0 0 0 44 152
257 G 616545 4654 560 488 610667 1 0 0 13 162
258 G 644920 1307 548 8465 634312 0 0 0 25 263
259 A 647212 646317 109 125 339 5 0 0 0 317
260 A 642768 641947 104 119 329 19 0 0 0 250
261 G 657237 403 222 88 656198 0 0 0 16 310
262 G 667819 8634 213 152 658554 0 0 0 28 238
263 A 662880 661910 142 70 213 17 0 0 0 528
264 T 661444 165 652053 8615 151 0 39 1 0 420
265 C 633556 456 1652 629628 1550 0 1 23 0 246
266 C 624146 525 542 621356 1531 0 0 36 1 155
267 T 600444 1768 595099 1727 1589 0 25 0 0 236
268 A 600484 598666 171 967 442 5 0 0 0 233
269 A 601353 599389 787 291 726 9 0 0 0 151
270 G 601662 309 559 386 600056 0 0 0 23 329
271 A 577249 576604 158 186 152 21 0 0 0 128
272 A 565861 565148 55 28 391 4 0 0 0 235
273 A 555112 554548 28 72 246 9 0 0 0 209
274 A 521322 520533 226 68 75 6 0 0 0 414
275 C 525389 246 60 524641 28 0 0 19 0 395
276 T 504626 46 503906 180 302 0 7 0 0 185
277 G 501967 73 69 44 501546 0 0 0 2 233
278 G 500056 58 50 35 499804 0 0 0 3 106
279 A 493872 493233 32 24 228 0 0 0 0 355
280 G 487422 79 61 43 487071 1 0 0 7 160
281 G 482168 75 33 38 481817 0 0 0 5 200
282 A 469736 467953 62 80 109 22 0 1 0 1509
283 C 505618 53 88 505153 119 0 0 31 0 174
284 C 496310 136 60 495912 44 0 0 4 0 154
285 C 495238 137 136 494701 50 0 0 37 0 177
286 A 546388 545332 529 88 135 43 1 0 0 260
287 T 536645 74 536153 147 36 1 29 0 0 205
288 A 627767 626938 104 123 321 34 0 0 1 246
289 T 625599 91 624855 174 198 0 22 0 0 259
290 A 564890 563880 188 33 216 28 0 0 0 545
291 C 574022 155 149 573348 161 0 0 51 0 158
292 A 497527 496909 130 142 161 27 0 0 0 158
293 A 498541 497908 195 58 213 9 0 0 0 158
294 G 492208 163 73 157 491454 0 0 0 78 283
295 A 384479 383691 77 214 291 27 0 0 0 179
296 G 390038 100 54 91 389609 0 0 0 24 160
297 A 363819 363193 80 194 175 12 0 0 0 165
298 G 370443 508 316 659 368814 0 0 0 7 139
299 T 377936 531 371388 3536 321 0 7 0 0 2153
300 A 392443 387835 3147 761 574 10 0 0 0 116
301 G 421276 177 254 66 420643 0 0 1 22 113
302 A 417248 416599 77 113 284 1 0 0 0 174
303 T 445729 270 445012 115 108 0 19 0 0 205
304 A 438497 437656 233 227 223 12 0 0 0 146
305 G 446152 193 135 161 445487 0 0 1 17 158
306 A 444024 443122 203 256 261 8 0 0 0 174
307 A 443328 442813 37 100 147 10 0 0 0 221
308 A 442244 441763 112 46 200 10 0 0 0 113
309 G 458007 134 42 115 457566 0 0 0 17 133
310 T 459029 65 457286 97 36 0 8 0 0 1537
311 G 467802 119 70 50 467415 0 0 0 24 124
312 G 468237 131 80 59 467751 0 0 0 4 212
313 A 468178 466903 749 130 140 5 0 0 0 251
314 T 472019 160 470788 84 723 0 13 0 0 251
315 G 486808 223 167 800 485388 0 0 0 17 213
316 A 490583 490136 72 36 108 15 0 0 0 216
317 G 492158 60 75 26 491743 0 0 0 2 252
318 G 489369 106 76 39 488893 0 0 0 7 248
319 G 490947 282 49 47 490084 0 0 0 20 465
320 A 493549 493087 71 13 118 15 0 0 0 245
321 A 495937 494649 79 25 148 11 0 0 0 1025
322 C 498060 89 66 497632 73 0 0 5 0 195
323 T 494828 109 494167 113 64 0 14 0 0 361
324 C 487617 135 189 487064 83 0 0 15 0 131
325 G 477209 171 592 209 476072 0 0 0 10 155
326 T 490047 148 488576 180 526 0 8 0 0 609
327 C 520531 182 66 519061 1003 0 0 44 0 175
328 C 544532 123 100 543965 25 0 0 67 0 252
329 T 560224 71 559820 133 32 0 18 0 0 150
330 T 560042 67 559525 106 136 0 18 0 1 189
331 T 543782 440 542599 309 244 0 13 0 0 177
332 A 504930 503145 1230 215 158 18 0 0 0 164
333 T 498690 269 496880 1248 64 0 13 0 0 216
334 G 500537 369 160 79 499692 0 0 0 18 219
335 A 440445 439603 94 74 208 12 0 0 0 454
336 C 447474 161 336 446620 79 0 0 33 0 245
337 A 391699 391389 50 53 66 20 0 0 0 121
338 A 398273 398019 49 40 61 5 0 0 0 99
339 A 405449 405034 46 32 196 20 0 0 0 121
340 G 469588 137 157 212 468792 0 0 0 49 241
341 A 484426 483816 166 109 122 7 0 0 0 206
342 A 478548 477777 324 103 157 16 0 0 0 171
343 G 536909 136 185 45 536111 0 0 0 57 375
344 A 558491 557933 141 44 141 17 0 0 0 215
345 A 559028 558467 117 34 152 9 0 0 0 249
346 A 559769 558811 263 78 334 11 0 0 0 272
347 T 553653 199 552753 123 112 0 17 0 0 449
348 A 547779 546891 267 101 297 31 0 0 0 192
349 A 543120 542070 132 502 134 42 0 0 0 240
350 G 541956 183 72 43 541480 0 0 0 10 168
351 G 541737 82 278 59 541065 0 0 0 14 239
352 C 521338 211 110 520560 113 0 0 18 0 326
353 G 517881 161 161 119 517032 0 0 0 11 397
354 A 530149 529712 45 44 133 14 0 0 0 201
355 A 548100 547534 121 34 87 13 0 0 0 311
356 T 545915 61 545155 89 92 0 6 0 0 512
357 C 545905 107 46 545464 29 0 0 5 0 254
358 T 533023 87 532364 129 24 0 12 0 0 407
359 G 539095 144 56 32 538665 0 0 0 12 186
360 G 524033 61 36 69 523605 0 0 0 11 251
361 C 531323 241 471 530142 90 0 0 11 0 368
362 G 531340 233 326 123 530341 0 0 0 0 317
363 C 527376 353 224 526204 431 0 0 7 0 157
364 C 512074 393 90 509983 583 0 0 6 0 1019
365 A 510835 509109 568 634 366 8 0 0 0 150
366 A 531958 530186 408 453 653 36 0 0 0 222
367 G 594574 185 237 58 593815 0 0 0 41 238
368 C 591977 89 116 591313 226 0 0 36 0 197
369 C 630347 117 102 629605 165 0 0 53 0 305
370 A 631243 630146 36 154 643 13 0 0 0 251
371 A 639678 638621 58 96 617 23 0 0 0 263
372 T 652456 115 651294 226 545 0 17 0 0 259
373 A 644827 642118 1852 228 364 22 0 0 0 243
374 A 649111 646555 162 160 1981 36 0 0 0 217
375 T 620509 184 619299 501 215 0 46 0 0 264
376 G 584357 270 423 232 583210 0 0 0 32 190
377 G 535797 239 206 135 534992 0 0 0 37 188
378 T 487361 290 484664 321 168 0 21 0 0 1897
379 G 491682 1415 301 851 488941 0 0 0 13 161
380 A 487509 483828 231 2269 963 11 0 0 0 207
381 T 486212 1343 483783 737 133 0 12 0 0 204
382 G 481340 2343 116 1592 477079 0 0 0 14 196
383 A 483611 479784 512 2570 475 21 0 0 0 249
384 T 491083 222 486401 3546 670 0 15 0 1 228
385 G 484842 276 188 109 484062 0 0 0 15 192
386 C 477203 132 150 476150 560 0 0 7 0 204
387 A 470781 469422 417 578 187 5 0 0 0 172
388 A 465381 464646 117 125 175 11 0 0 0 307
389 C 450775 176 179 450158 115 0 0 30 0 117
390 A 438429 437889 111 62 149 7 0 0 0 211
391 G 440044 85 85 784 438916 0 0 0 12 162
392 C 422479 167 128 421976 45 0 0 12 0 151
393 T 407978 49 406580 828 332 0 15 0 0 174
394 G 475291 88 62 42 474910 0 0 0 40 149
395 G 487944 82 62 39 487563 0 0 0 15 183
396 T 488660 103 487478 88 38 0 5 0 0 948
397 C 528613 134 168 528037 41 0 0 15 0 218
398 T 512734 108 512170 158 53 0 19 0 0 226
399 G 593368 218 242 62 592641 0 0 0 42 163
400 A 595215 593880 165 76 249 9 0 0 0 836
401 C 630095 147 152 629368 117 0 0 17 0 294
402 T 642736 543 641159 602 111 0 30 0 0 291
403 C 644472 174 227 643659 64 0 0 58 0 290
404 A 643322 642184 96 79 173 32 0 0 0 758
405 C 697104 229 174 696329 64 0 0 48 0 260
406 A 696904 695595 146 597 318 5 0 0 0 243
407 T 715831 158 715080 190 96 0 33 0 0 274
408 G 678990 721 181 388 677475 0 0 0 26 199
409 A 705349 704660 63 102 217 31 0 0 0 276
410 T 684684 157 684068 132 31 0 25 0 0 271
411 G 691378 227 64 56 690630 0 0 0 23 378
412 A 676633 675568 145 333 181 19 0 0 0 387
413 T 670844 146 670028 199 44 0 41 0 0 386
414 C 610183 461 57 609322 91 0 0 34 0 218
415 T 604336 51 603801 161 46 0 5 0 0 272
416 G 586516 111 50 36 586012 0 0 0 6 301
417 G 590141 117 73 58 589686 0 0 0 13 194
418 C 576235 93 106 575542 55 0 0 7 0 432
419 A 572537 572104 46 17 91 17 0 0 0 262
420 T 562831 27 562468 91 16 0 8 0 0 221
421 T 558686 40 558317 103 16 0 2 0 0 208
422 C 559558 74 88 559177 30 0 0 8 0 181
423 C 557676 74 89 557272 35 0 0 11 0 195
424 A 557243 556893 31 14 96 6 0 0 0 203
425 A 553404 553050 26 11 65 4 0 0 0 248
426 T 547734 35 547389 82 38 0 2 0 0 188
427 T 547036 84 546394 358 30 0 14 0 0 156
428 T 540195 86 539681 195 22 0 7 0 0 204
429 G 543658 282 187 123 542854 0 0 0 7 205
430 A 530740 530302 56 10 147 1 0 0 0 224
431 A 530108 529732 29 32 131 15 0 0 0 169
432 T 534155 102 533733 109 10 0 16 0 0 185
433 G 503478 72 115 24 503053 0 0 0 31 183
434 A 542314 541911 37 21 81 36 0 0 0 228
435 T 539026 47 538580 113 57 0 4 0 0 225
436 A 539501 537990 725 55 211 29 0 0 0 491
437 C 577903 119 116 577337 135 0 0 45 0 151
438 A 546662 545424 668 220 152 31 0 0 0 167
439 A 635420 634752 77 39 116 43 0 0 0 393
440 C 640670 95 75 640258 36 0 0 34 0 172
441 A 643597 643086 51 118 96 30 0 0 0 216
442 T 660772 77 660122 265 18 0 75 0 0 215
443 A 556196 554471 78 172 81 43 0 0 0 1351
444 C 572785 158 61 572320 40 0 0 23 0 183
445 C 575154 72 141 574671 32 0 0 35 0 203
446 A 567352 566785 58 73 183 23 0 0 0 230
447 G 586078 365 69 57 585300 0 0 0 60 227
448 A 521888 521409 43 119 127 38 0 0 0 152
449 G 574673 131 62 51 574189 0 0 0 33 207
450 G 567322 102 125 19 566842 0 0 0 14 220
451 A 571772 570846 106 82 132 14 0 0 0 592
452 C 580196 64 82 579745 60 0 0 24 0 221
453 A 569733 569034 71 281 143 14 0 0 0 190
454 A 583531 582875 192 55 158 4 0 0 0 247
455 G 604112 238 74 52 603484 0 0 0 22 242
456 A 627240 626451 54 40 226 15 0 0 0 454
457 G 648025 155 123 139 647312 0 0 1 19 276
458 C 674253 154 115 673503 118 0 0 41 0 322
459 T 673392 160 672493 290 59 0 13 0 0 377
460 C 680598 1454 135 678612 108 0 0 17 0 272
461 T 678591 95 677967 226 42 0 15 0 0 246
462 T 688379 464 687429 209 75 0 18 0 0 184
463 G 694236 531 339 196 692842 0 0 0 8 320
464 T 704714 140 703077 795 205 0 8 1 0 488
465 T 704030 439 702861 158 233 0 5 0 0 334
466 C 710170 336 223 709203 124 0 0 16 0 268
467 G 707604 286 105 185 706759 0 0 0 24 245
468 C 725053 198 224 723816 408 0 0 20 0 387
469 A 717954 712273 1893 135 1298 7 0 0 0 2348
470 C 721901 114 1158 719607 672 0 0 17 0 333
471 C 716945 345 2276 712842 1214 0 0 29 0 239
472 G 731531 358 217 125 730526 0 1 0 38 266
473 G 740161 275 136 180 739220 0 0 0 12 338
474 C 773442 337 351 772341 136 0 0 7 0 270
475 A 776947 775805 337 97 380 11 0 0 0 317
476 T 816065 264 815226 158 113 0 30 0 0 274
477 G 813523 435 400 194 812196 0 0 0 39 259
478 G 853940 209 162 114 853085 0 0 0 69 301
479 A 892892 891822 125 73 300 39 0 0 0 533
480 T 908391 221 907087 261 109 0 70 0 0 643
481 C 848902 321 505 845297 2413 0 0 52 1 313
482 C 806892 254 197 804392 1778 0 0 30 0 241
483 C 757222 1004 888 754416 636 0 0 28 0 250
484 A 768594 767431 177 293 351 20 0 0 0 322
485 G 808454 302 208 83 807566 0 0 0 45 250
486 G 777233 387 150 49 776355 0 0 0 42 250
487 A 740891 739463 515 42 375 47 0 0 0 449
488 T 656470 137 655220 429 357 0 33 0 0 294
489 G 669575 275 647 83 668241 0 0 0 37 292
490 T 649103 596 646829 207 593 0 21 0 0 857
491 G 650137 375 334 772 648302 0 0 0 15 339
492 C 654207 277 402 652758 452 0 0 15 0 303
493 T 632698 202 631437 400 217 0 14 0 0 428
494 C 653029 196 148 652103 183 0 0 51 0 348
495 T 625354 177 624366 233 317 0 22 0 0 239
496 C 635455 172 155 634782 103 0 0 25 0 218
497 T 633489 97 632969 163 34 0 21 0 0 205
498 G 600793 157 109 35 600245 0 0 0 14 233
499 A 602304 601655 141 167 92 11 0 0 0 238
500 T 593479 99 592939 134 43 0 10 0 0 254
501 G 586180 203 167 57 585536 0 0 0 3 214
502 C 588240 132 183 587114 497 0 0 20 0 294
503 A 557122 555962 57 473 225 14 0 0 0 391
504 G 560760 90 101 82 560295 0 0 0 28 164
505 G 536409 104 58 73 536007 0 0 0 19 148
506 G 561631 123 86 99 561155 0 0 0 11 157
507 T 545749 158 541446 360 1577 0 4 1 0 2203
508 T 550298 120 549835 84 41 0 11 0 0 207
509 C 551159 108 155 550568 97 0 0 8 0 223
510 G 551424 266 95 117 550752 0 0 0 9 185
511 A 557168 554223 286 96 182 7 0 0 0 2374
512 C 553143 151 146 552342 250 0 0 14 0 240
513 T 538025 51 537172 374 81 0 39 0 0 308
514 C 593308 120 1551 591199 154 0 0 61 0 223
515 T 605058 134 604022 301 149 0 43 0 0 409
516 C 743407 1567 385 740733 362 0 0 94 0 266
517 C 731194 245 177 730353 182 0 0 15 0 222
518 C 728705 244 157 727791 231 0 0 27 0 255
519 T 724509 252 722983 771 204 0 28 0 0 271
520 A 793688 792946 83 115 195 32 0 0 0 317
521 G 757416 137 91 44 756818 0 0 0 16 310
522 G 736886 519 67 48 735936 0 0 0 47 269
523 A 675680 674642 110 167 214 24 0 0 0 523
524 G 683313 155 105 79 682608 0 0 0 90 276
525 G 659659 192 56 99 658998 0 0 0 88 226
526 T 652163 151 649118 130 781 0 4 0 0 1979
527 C 645262 127 71 644662 174 0 0 9 0 219
528 T 664031 960 661951 665 138 0 11 0 0 306
529 G 665268 144 101 37 664806 0 0 0 19 161
530 G 668592 80 171 29 667995 0 0 0 17 300
531 A 666399 665642 112 57 152 10 0 0 0 426
532 G 681827 153 90 440 680825 0 0 0 21 298
533 C 674629 113 85 673943 107 0 0 19 0 362
534 T 653270 418 652225 258 62 0 17 0 0 290
535 G 655212 249 87 47 654530 0 0 0 12 287
536 C 659024 121 127 658553 45 0 0 6 0 172
537 A 661405 660211 91 66 593 4 0 0 0 440
538 G 678631 78 75 33 678188 0 0 0 9 248
539 G 689172 82 51 35 688730 0 0 0 19 255
540 C 685769 615 262 684219 286 0 0 14 0 373
541 G 678433 437 353 122 677334 0 0 0 12 175
542 C 683701 161 201 682692 283 0 0 13 0 351
543 T 671829 56 670815 487 239 0 5 0 0 227
544 G 693955 321 97 139 693084 0 0 0 30 284
545 C 681944 179 319 680813 296 0 0 14 0 323
546 A 722585 721314 239 118 438 42 0 0 0 434
547 G 743658 450 61 84 742714 0 0 0 29 320
548 T 752632 104 751428 225 154 0 21 0 0 700
549 C 762513 169 172 761552 247 0 0 19 0 354
550 A 757674 756999 111 126 160 23 0 0 0 255
551 A 752083 751499 73 79 171 21 0 0 0 240
552 A 752182 750744 131 90 944 21 0 0 0 252
553 G 724001 142 85 119 723453 0 0 0 15 187
554 G 747448 241 59 51 746767 0 0 0 92 238
555 A 670872 669292 115 497 388 38 0 0 0 542
556 G 660670 259 120 271 659656 0 0 0 23 341
557 T 646017 194 644564 217 63 0 23 0 0 956
558 T 629461 177 628602 357 81 0 11 0 0 233
559 G 641136 135 119 65 640591 0 0 0 38 188
560 G 646904 119 114 124 646299 0 0 0 29 219
561 G 649734 272 121 58 649013 0 0 0 16 254
562 A 635938 634946 101 59 277 9 0 0 0 546
563 C 567402 76 85 566888 57 0 0 48 0 248
564 A 507694 507239 50 147 122 27 0 0 0 109
565 A 422114 421376 111 296 149 10 0 0 0 172
566 T 425807 230 425235 113 81 0 7 0 0 141
567 G 438678 142 335 251 437794 0 0 0 8 148
568 G 446659 176 103 40 446152 0 0 0 39 149
569 T 407219 52 404203 339 101 0 9 0 0 2515
570 G 407333 137 100 205 406752 0 0 0 3 136
571 A 403460 403083 61 28 91 3 0 0 0 194
572 T 403760 45 403392 75 60 0 8 0 0 180
573 G 397829 86 37 62 397520 0 0 0 22 102
574 G 366169 84 52 29 365864 0 0 0 20 120
575 A 441636 441078 59 31 188 13 0 0 0 267
576 G 461863 207 60 110 461275 0 0 0 30 181
577 T 451108 221 449885 210 69 0 29 1 0 693
578 T 512167 62 511562 295 39 0 47 0 0 162
579 G 542246 157 86 284 541505 0 0 0 25 189
580 A 545495 544558 124 134 397 10 0 0 0 272
581 T 533001 92 532418 213 64 0 14 0 0 200
582 A 529644 528886 227 236 151 25 0 0 0 119
583 A 517766 517203 71 205 123 30 0 0 0 134
584 G 550220 130 88 56 549714 0 0 0 33 199
585 G 585201 402 74 64 584524 0 0 0 12 125
586 A 587727 587105 62 69 178 31 0 0 0 282
587 T 542841 84 542245 181 53 0 49 0 0 229
588 G 564835 131 94 58 564384 0 0 0 40 128
589 A 569130 568511 107 28 154 8 0 0 0 322
590 T 570817 83 570076 242 70 0 3 0 0 343
591 C 567751 69 84 567284 109 0 0 3 0 202
592 A 564016 563576 17 37 125 41 0 0 0 220
593 A 547485 547075 16 18 83 23 0 0 0 270
594 A 549271 548730 22 52 73 9 0 0 0 385
595 C 536256 179 136 535662 56 0 0 14 0 209
596 G 526579 180 87 34 526130 0 0 0 20 128
597 T 507981 43 506066 249 332 0 14 1 0 1276
598 G 501704 140 72 42 501332 0 0 0 12 106
599 G 508771 98 91 51 508276 0 0 0 12 243
600 G 526299 158 64 82 525811 0 0 0 4 180
601 A 528074 525189 108 2163 314 7 0 0 0 293
602 T 531203 64 530436 277 50 0 5 0 0 371
603 C 519821 85 83 517087 2356 0 0 9 0 201
604 A 513966 513326 133 110 176 12 0 0 0 209
605 A 515065 514505 108 121 154 7 0 0 0 170
606 T 513530 122 512974 133 99 0 18 0 0 184
607 G 524236 119 46 29 523855 0 0 0 23 164
608 A 512628 512178 49 12 120 14 0 0 0 255
609 T 480397 56 479906 98 31 0 1 0 0 305
610 C 498340 166 105 497866 16 0 0 1 0 186
611 G 496960 147 74 53 496515 0 0 0 9 162
612 G 545084 231 94 44 544513 0 0 0 21 181
613 A 546511 545955 118 101 145 3 0 0 0 189
614 A 531748 530614 34 99 335 49 0 0 0 617
615 C 656224 130 132 655542 42 0 0 107 0 271
616 T 640291 108 639573 250 128 0 13 0 0 219
617 T 626929 106 626341 182 34 0 18 0 0 248
618 C 638020 117 134 637380 86 0 0 21 0 282
619 T 640334 73 639748 230 39 0 35 0 0 209
620 G 643183 162 129 50 642567 0 0 0 20 255
621 G 650328 119 74 52 649820 0 0 0 26 237
622 A 640012 639122 72 174 194 5 0 0 0 445
623 G 614366 89 55 53 613901 0 0 0 105 163
624 A 500410 499610 129 94 182 56 0 0 0 339
625 G 540145 108 78 25 539750 0 0 0 44 140
626 G 575773 136 46 29 575374 0 0 0 9 179
627 T 548406 68 542073 190 317 0 6 0 0 5752
628 G 545017 127 75 35 544601 0 0 0 7 172
629 A 543389 542888 76 51 130 15 0 0 0 229
630 A 548722 548243 41 56 147 9 0 0 0 226
631 A 552433 549486 1041 469 1264 4 0 0 0 169
632 A 547792 544679 244 198 2438 12 0 0 0 221
633 T 529109 1007 527209 280 395 0 16 0 0 202
634 G 499968 182 88 44 499443 0 0 0 29 182
635 G 498486 103 81 47 498164 0 0 0 7 84
636 A 498573 497695 65 60 292 2 0 0 0 459
637 C 486627 129 133 486133 47 0 0 6 0 179
638 G 483998 132 50 72 483579 0 0 0 5 160
639 A 484177 483579 141 52 200 3 0 0 0 202
640 A 488345 488007 27 108 99 4 0 0 0 100
641 A 489680 489088 39 38 280 6 0 0 0 229
642 A 484137 483713 41 93 174 4 0 0 0 112
643 A 481661 481040 78 154 127 7 0 0 0 255
644 C 473816 95 67 473404 44 0 0 13 0 193
645 A 472063 471514 65 53 206 6 0 0 0 219
646 A 469366 468943 36 35 145 11 0 0 0 196
647 G 480718 131 78 37 480363 0 0 0 7 102
648 G 454659 153 63 19 454205 0 0 0 12 207
649 A 434514 433677 78 94 431 23 0 0 0 211
650 G 442165 79 367 509 441027 0 0 0 23 160
651 T 419893 118 416593 315 457 0 35 0 0 2375
652 G 439007 162 82 22 438519 0 0 0 21 201
653 C 433552 50 69 433156 134 0 0 8 0 135
654 T 427692 33 427387 88 48 0 7 0 0 129
655 T 458789 35 458412 107 12 0 10 0 0 213
656 A 437258 436818 35 24 78 35 0 0 0 268
657 C 480353 54 216 479824 68 0 0 17 0 174
658 G 479690 122 44 20 479280 0 0 0 46 178
659 A 434495 434107 40 22 110 11 0 0 0 205
660 G 484187 249 39 35 483617 0 0 0 80 167
661 A 397079 396669 51 20 108 45 0 1 0 185
662 G 408050 94 23 36 407723 0 0 0 14 160
663 A 398769 398535 23 16 79 10 0 0 0 106
664 A 347952 347171 51 41 517 29 0 0 0 143
665 T 350459 103 349637 545 11 0 14 0 0 149
666 G 364965 70 441 52 364241 0 0 0 19 142
667 T 432472 52 431532 87 19 0 8 0 0 774
668 G 452071 102 63 41 451680 0 0 0 13 172
669 C 454694 45 172 454176 46 0 0 14 0 241
670 A 448773 448489 62 16 89 18 0 0 0 99
671 A 458944 458438 84 14 65 13 0 0 0 330
672 C 491890 84 89 491488 20 0 0 9 0 200
673 A 486732 485900 116 5 456 25 0 0 0 230
674 T 472602 16 472264 83 14 0 16 0 0 209
675 T 472070 370 471336 92 71 0 13 0 0 188
676 C 480126 44 44 479793 18 0 0 4 0 223
677 T 479032 47 478640 115 3 0 5 0 0 222
678 C 498802 41 74 498363 16 0 0 8 0 300
679 A 496445 496123 20 29 80 3 0 0 0 190
680 A 497743 497499 29 13 54 11 0 0 0 137
681 A 497265 496883 14 14 135 4 0 0 0 215
682 G 509767 150 55 10 509306 0 0 0 9 237
683 G 520192 83 63 113 519703 0 0 0 9 221
684 A 516408 515959 65 20 160 3 0 1 0 200
685 A 515011 514692 22 9 93 8 0 0 0 187
686 A 515415 515025 11 25 85 17 0 0 0 252
687 A 545146 544766 74 23 63 28 0 0 0 192
688 T 546785 41 545850 680 15 0 8 0 0 191
689 T 538198 31 537884 90 37 0 4 0 0 152
690 T 537457 52 536514 696 18 0 12 0 0 165
691 C 513061 171 86 511997 646 0 0 11 0 150
692 A 511236 509594 121 109 1268 7 0 0 0 137
693 A 510474 509657 54 172 415 2 0 0 0 174
694 A 511146 510259 42 108 358 10 0 0 0 369
695 C 531833 63 139 531302 72 0 0 35 0 222
696 A 500019 499535 59 57 106 28 0 0 0 234
697 G 516538 2174 52 77 514023 0 0 0 24 188
698 C 522108 167 70 521693 38 0 0 4 0 136
699 T 477857 48 476592 352 478 0 16 0 0 371
700 G 507451 209 299 109 506579 0 0 0 22 233
701 C 426090 108 80 425683 60 0 0 5 0 154
702 A 428185 427177 98 69 287 7 0 0 0 547
703 C 421616 77 152 421135 27 0 0 10 0 215
704 A 420327 419990 28 41 132 16 0 0 0 120
705 A 418786 418313 29 26 268 13 0 0 0 137
706 A 406398 405736 34 271 200 21 0 0 0 136
707 G 447877 166 57 53 447414 0 0 0 30 157
708 G 447954 207 172 227 447127 0 0 0 20 201
709 G 422960 347 194 272 421916 0 0 0 11 220
710 C 419070 217 171 417883 596 0 0 12 0 191
711 A 412966 411958 532 113 206 13 0 0 0 144
712 A 444105 443599 112 81 86 37 0 0 0 190
713 T 419333 80 418962 78 25 0 10 0 0 178
714 G 421066 126 149 73 420580 0 0 0 4 134
715 A 389519 388680 88 41 552 15 0 0 0 143
716 T 406060 55 405689 89 24 0 26 0 0 177
717 G 404479 457 126 50 403709 0 0 0 13 124
718 G 443309 146 65 64 442833 0 0 0 29 172
719 A 443531 442899 72 44 238 6 0 0 0 272
720 T 435920 84 435354 74 146 0 14 0 0 248
721 C 419398 91 60 419006 37 0 0 17 0 187
722 A 421622 421250 55 45 106 23 0 0 0 143
723 A 475034 474506 58 61 186 31 0 0 0 192
724 G 480060 135 192 27 479486 0 0 0 10 210
725 T 480421 80 479163 97 192 0 5 0 0 884
726 G 485734 129 92 195 485146 0 0 0 13 159
727 A 476038 475524 78 114 124 17 0 0 0 181
728 G 493787 149 69 40 493281 0 0 0 13 235
729 A 492367 491595 54 52 382 4 0 0 0 280
730 G 495560 134 47 50 495088 0 0 0 6 235
731 A 486635 486134 74 44 151 18 1 0 0 213
732 A 474797 471904 47 86 2639 19 0 0 0 102
733 A 501805 500859 156 255 287 14 0 0 0 234
734 G 510072 149 31 284 509431 0 0 0 6 171
735 T 509987 100 508253 283 198 0 8 0 0 1145
736 C 495289 155 191 494738 16 0 0 12 0 177
737 G 490799 249 78 74 490166 0 0 0 14 218
738 G 494803 145 236 142 494048 0 0 0 10 222
739 A 492448 491728 310 75 177 10 0 0 0 148
740 A 496248 494665 71 135 361 11 0 0 0 1005
741 C 502755 97 462 501876 127 0 0 16 0 177
742 C 544361 92 58 543953 28 0 0 18 0 212
743 C 556403 97 93 555948 50 0 0 18 0 197
744 A 551264 550547 261 77 200 9 0 0 0 170
745 G 571007 136 68 44 570540 0 0 0 24 195
746 G 567818 103 77 42 567372 0 0 0 24 200
747 A 564746 563610 51 74 700 6 0 0 0 305
748 A 571197 570547 192 82 178 24 0 0 0 174
749 A 537929 537208 126 147 263 31 0 0 0 154
750 T 568717 138 568012 139 147 0 24 0 0 257
751 G 574825 146 97 100 574249 0 0 0 7 226
752 C 620255 181 354 619431 30 0 0 19 0 240
753 T 599558 67 598794 273 198 0 9 0 0 217
754 G 605881 98 76 46 605411 1 0 0 48 201
755 A 567986 567528 42 11 158 26 0 0 1 220
756 G 580685 78 49 29 580273 0 0 0 27 229
757 A 578715 578064 31 179 133 10 0 0 0 298
758 T 583349 63 582800 75 26 0 27 0 0 358
759 C 569093 89 270 568459 55 0 0 12 0 208
760 G 567711 186 67 36 567141 0 0 0 13 268
761 A 546749 546364 45 6 77 6 0 0 0 251
762 A 543202 542812 36 17 117 20 0 0 0 200
763 G 584064 68 47 34 583712 0 0 0 32 171
764 A 583518 582742 69 19 81 19 0 0 0 588
765 T 558043 60 557581 96 13 0 21 0 0 272
766 C 555649 79 188 554856 273 0 0 18 0 235
767 T 526547 64 525942 126 144 0 11 0 0 260
768 C 538223 272 185 537412 103 0 0 10 0 241
769 A 536333 534924 188 679 174 4 0 0 0 364
770 T 537258 141 536661 105 96 0 6 0 0 249
771 C 532692 520 57 531534 335 0 0 25 0 221
772 T 492559 35 492141 138 64 0 27 0 0 154
773 T 496390 45 496048 101 50 0 7 0 0 139
774 T 497807 32 497405 104 80 0 9 0 0 177
775 C 493734 55 230 493130 84 0 0 6 0 229
776 T 492246 44 491860 106 19 0 2 0 0 215
777 G 479628 146 57 57 479193 0 0 0 6 169
778 G 486887 98 52 25 486489 0 0 0 6 217
779 C 483833 80 528 482922 74 0 0 6 0 223
780 A 482771 480493 65 1657 113 6 0 0 0 437
781 C 478212 121 165 477653 29 0 0 53 0 191
782 G 501131 110 58 23 500723 0 0 0 51 166
783 G 509620 136 49 30 509211 0 0 0 27 167
784 T 508226 34 507132 86 23 0 4 0 0 947
785 C 510544 95 64 510106 41 0 0 11 0 227
786 T 520337 51 519241 801 32 0 22 0 0 190
787 G 513540 367 111 63 512840 0 0 0 13 146
788 C 527310 97 160 526714 118 0 0 14 0 207
789 A 509793 508195 96 69 202 10 0 0 0 1221
790 C 506860 120 274 506137 77 0 0 53 0 199
791 T 452597 182 451949 123 131 0 51 0 0 161
792 C 480480 210 188 479596 135 0 0 55 0 296
793 A 491916 490975 105 391 228 13 0 0 0 204
794 T 479995 83 478807 764 107 0 20 0 0 214
795 A 465205 463745 242 293 258 11 0 0 0 656
796 T 491217 416 489996 260 340 0 22 0 0 183
797 T 496800 79 496178 101 65 0 17 0 0 360
798 G 548545 203 619 237 547252 0 0 0 30 204
799 A 535023 533727 59 78 172 11 0 0 0 976
800 G 582013 2039 45 64 579614 0 0 0 38 213
801 A 534672 525438 50 76 314 28 0 0 0 8766
802 G 544221 352 79 591 543004 0 0 0 19 176
803 G 575304 107 191 807 574044 0 0 0 20 135
804 G 578935 369 133 822 576873 0 0 0 7 731
805 T 575281 68 573243 220 225 0 4 0 0 1521
806 C 579479 139 105 577977 83 0 0 18 0 1157
807 A 574122 572080 122 301 537 10 0 0 0 1072
808 G 585668 131 74 233 583088 0 0 0 8 2134
809 T 584046 278 583231 73 140 0 6 0 0 318
810 T 580220 74 579359 133 273 0 8 0 0 373
811 G 584977 145 70 77 583569 0 0 0 18 1098
812 C 569626 59 98 569085 63 0 0 10 0 311
813 T 570041 35 565394 202 22 0 6 0 0 4382
814 C 576356 102 94 575745 79 0 0 2 0 334
815 A 574258 572747 89 59 117 7 0 0 0 1239
816 C 577039 129 130 565334 74 0 0 7 0 11365
817 A 570832 570197 199 118 91 19 0 0 0 208
818 A 573468 572798 149 200 92 11 0 0 0 218
819 A 572846 571308 131 75 146 5 0 0 0 1181
820 T 570108 223 569113 149 74 0 10 0 0 539
821 C 565154 127 89 560629 160 0 0 7 0 4142
822 T 558474 257 557246 453 217 0 23 0 0 278
823 T 538608 83 537921 142 153 0 6 0 0 303
824 G 538001 122 154 162 535881 0 0 0 11 1671
825 T 513581 149 512567 259 119 0 13 0 0 474
826 C 512290 453 157 510954 53 0 0 62 0 611
827 T 437672 316 435022 67 47 0 15 0 0 2205
828 G 436493 327 87 73 432715 0 0 1 7 3283
829 C 431116 202 189 430508 77 0 0 4 0 136
830 C 429176 136 141 428730 64 0 0 9 0 96
831 C 357782 183 355 357065 86 0 0 5 0 88
832 G 327756 165 101 58 327242 0 0 0 5 185
833 C 334112 79 139 333688 110 0 0 2 0 94
834 C 332294 103 144 331590 106 0 0 18 0 333
835 T 315080 38 314611 258 50 0 8 0 0 115
836 G 309985 101 53 45 309653 0 0 0 22 111
837 T 295332 78 294852 76 30 0 12 0 0 284
838 G 310344 158 137 167 309704 0 0 0 8 170
839 T 266052 94 265433 103 176 0 7 0 0 239
840 G 288618 148 240 84 287353 0 0 0 11 782
841 T 205606 42 205322 69 26 0 7 0 0 140
842 A 207105 206169 56 11 51 3 0 0 0 815
843 T 204560 61 200723 146 33 0 5 0 0 3592
844 G 203059 96 75 37 202778 0 0 0 13 60
845 G 226716 84 42 150 225427 0 0 2 22 989
846 A 221778 149767 113 156 177 24 0 2 0 71539
847 C 227665 1041 668 220486 5349 0 0 21 0 100
848 C 230646 1160 4808 219393 5225 0 1 15 0 44
849 T 221159 5277 210197 3829 1774 1 9 0 0 72
850 G 381134 169 1542 152 379054 0 0 0 86 131
851 C 384135 1558 162 382236 102 0 0 1 0 76
852 C 381788 65 234 381263 66 0 0 9 0 151
853 G 380638 139 65 100 380221 0 0 0 16 97
854 T 398712 65 398319 108 26 0 30 0 0 164
855 A 409147 408155 46 102 660 8 0 0 0 176
856 G 426670 93 68 44 426330 0 0 0 9 126
857 C 427287 74 65 426881 110 0 0 3 0 154
858 C 443860 55 158 443420 68 0 0 6 0 153
859 A 538342 537931 43 76 86 50 0 0 0 156
860 G 545615 115 52 29 545304 0 0 0 8 107
861 T 545787 42 545216 62 18 0 3 0 0 446
862 G 593601 69 57 21 593152 0 0 0 40 262
863 G 593501 42 43 24 593248 0 0 0 0 144
864 C 600745 59 61 600298 27 0 0 9 0 291
865 T 599035 177 597857 663 92 0 8 0 0 238
866 A 603192 602130 225 60 431 13 0 0 0 333
867 C 600454 453 275 599379 95 0 0 8 0 244
868 G 646070 165 156 121 645408 0 0 0 7 213
869 A 647286 646184 77 168 112 7 0 0 0 738
870 C 651805 135 78 651346 32 0 0 21 0 193
871 T 637234 36 636748 115 30 0 12 0 0 293
872 T 639868 40 639478 109 26 0 3 0 0 212
873 C 639217 95 145 638736 47 0 0 3 0 191
874 G 642465 221 498 255 641216 0 0 0 7 268
875 A 642817 641950 442 127 175 0 0 0 0 123
876 A 642995 642097 71 143 362 6 0 0 0 316
877 A 642288 641574 41 377 75 5 0 0 0 216
878 A 643101 642769 25 15 87 13 0 0 0 192
879 A 641286 639930 420 56 674 7 0 0 0 199
880 G 644934 960 170 126 643391 0 0 0 8 279
881 A 634809 633238 78 685 371 8 0 0 0 429
882 G 628528 238 811 70 627243 0 0 0 13 153
883 G 625946 82 69 25 625533 0 0 0 5 232
884 G 620776 127 60 23 620398 0 0 0 7 161
885 A 601320 600485 103 7 171 14 0 0 0 540
886 T 595935 58 595324 93 31 0 14 0 0 415
887 A 535340 532644 56 25 108 7 0 0 0 2500
888 C 533938 80 61 533555 27 0 0 19 0 196
889 T 479991 99 479460 136 45 0 30 0 0 221
890 C 490466 68 65 490008 88 0 0 26 0 211
891 T 509860 42 509044 549 60 0 22 0 0 143
892 T 500895 36 500115 426 75 0 9 0 0 234
893 T 498416 109 497995 69 78 0 19 0 0 146
894 A 498618 497863 85 157 340 24 0 0 0 149
895 G 514453 118 104 44 513933 0 0 0 18 236
896 T 492843 82 491440 118 74 0 16 0 0 1113
897 G 482035 125 109 82 481564 0 0 0 21 134
898 G 484955 102 151 52 484471 0 0 0 77 102
899 G 459478 177 51 43 458939 0 0 0 101 167
900 A 564908 564107 215 53 298 7 0 0 0 228
901 A 577019 576087 121 431 153 12 0 0 0 215
902 T 577496 115 576499 231 364 0 25 0 0 262
903 A 570127 569212 291 92 401 24 0 0 0 107
904 G 579723 235 136 244 578884 0 0 0 12 212
905 A 587213 583505 57 155 146 0 0 0 0 3350
906 C 600438 119 329 599457 247 0 0 17 0 269
907 C 592586 70 62 592063 158 0 0 50 0 183
908 C 639682 99 176 639047 29 0 0 106 0 225
909 T 639634 51 638937 240 166 0 7 0 0 233
910 T 650813 401 649496 230 503 0 12 0 0 171
911 T 623595 77 622860 214 84 0 15 0 0 345
912 C 625920 343 635 624548 193 0 0 11 0 190
913 A 624190 623653 31 148 130 2 0 0 0 226
914 A 628650 628116 61 37 219 8 0 0 0 209
915 A 636253 635321 130 107 230 5 0 0 0 460
916 C 636948 57 175 636310 67 0 0 18 0 321
917 T 628285 205 627586 133 26 0 16 0 0 319
918 G 636859 316 82 74 635945 0 0 0 22 420
919 C 642146 71 77 641722 54 0 0 4 0 218
920 T 643551 33 643001 120 28 0 7 0 0 362
921 T 642621 117 641941 142 61 0 3 0 0 357
922 C 650047 1062 208 648342 232 0 0 7 0 196
923 A 648488 647659 147 242 150 4 0 0 0 286
924 A 648990 647478 935 95 310 3 0 0 0 169
925 A 649282 648093 265 52 612 2 0 0 0 258
926 A 648065 646199 166 369 925 7 0 0 0 399
927 C 652774 1402 630 650059 452 0 0 27 0 204
928 A 636467 635192 230 40 772 9 0 0 0 224
929 G 660153 152 204 761 658686 0 0 0 11 339
930 C 664994 255 425 663578 434 0 0 13 0 289
931 C 685065 523 294 683796 227 0 0 31 0 194
932 A 676768 674306 64 285 1868 8 0 0 0 237
933 A 678830 676239 409 241 1684 42 0 0 0 215
934 G 762682 250 308 73 761699 0 0 0 70 282
935 T 782125 140 780269 223 213 0 26 0 0 1254
936 A 760048 759152 349 68 239 21 0 0 0 219
937 T 745632 122 744892 159 121 0 29 0 0 309
938 A 720493 719457 115 88 230 35 0 0 0 568
939 C 695165 126 374 694118 187 0 0 63 0 297
940 A 671745 670956 161 50 276 31 0 0 0 271
941 G 768591 151 130 172 767694 0 0 0 75 369
942 C 779652 131 411 778558 174 0 0 64 0 314
943 C 675392 1634 459 672933 110 1 0 49 0 206
944 T 757453 283 756571 283 59 0 41 0 0 216
945 A 789168 786168 357 352 1989 51 0 0 0 251
946 A 798911 798266 118 26 159 14 0 0 0 328
947 T 794936 72 794133 184 132 0 13 0 0 402
948 C 711857 123 185 711068 92 0 0 59 0 330
949 A 653721 652918 34 243 248 18 0 0 0 260
950 G 657751 100 70 61 657214 0 0 0 56 250
951 A 659050 657595 108 131 165 3 0 0 0 1048
952 C 664724 116 249 664058 101 0 0 16 0 184
953 C 654033 184 341 653149 106 0 0 15 0 238
954 G 661330 731 281 197 659904 0 0 0 20 197
955 A 673807 672870 179 152 367 19 0 0 0 220
956 A 691419 689840 235 343 580 5 0 0 0 416
957 C 683325 327 2696 679866 232 0 0 14 0 190
958 G 683004 125 97 34 682445 0 0 0 2 301
959 A 699223 698676 73 22 134 20 0 0 0 298
960 G 703562 124 60 29 703063 0 0 0 10 276
961 A 714901 714142 191 58 176 13 0 0 0 321
962 A 738968 738221 74 106 150 30 0 0 0 387
963 T 737112 113 736043 215 241 0 16 0 0 484
964 C 734244 119 172 733424 232 0 0 18 0 279
965 C 737667 129 284 736718 213 0 0 11 0 312
966 A 728067 726811 286 216 477 19 0 0 0 258
967 G 748016 613 489 627 745957 0 0 0 22 308
968 C 738115 441 900 736023 452 0 0 27 0 272
969 A 775772 773068 673 233 906 33 0 0 0 859
970 C 805416 188 132 804719 40 0 0 39 0 298
971 A 782923 781576 112 84 172 22 0 0 0 957
972 C 794673 127 171 794030 90 0 0 17 0 238
973 A 789889 789378 30 13 211 34 0 0 0 223
974 A 796112 795483 43 18 207 25 0 0 0 336
975 G 803595 184 51 18 802428 0 0 0 45 869
976 A 751473 750907 36 6 150 19 0 0 0 355
977 G 757698 101 47 26 757135 0 0 0 63 326
978 T 661747 76 659427 117 20 0 37 0 0 2070
979 C 697206 115 123 696663 38 0 0 29 0 238
980 A 658748 658243 28 18 204 10 0 0 0 245
981 G 660287 170 72 31 659782 0 0 0 26 206
982 C 660562 169 1637 658368 162 0 0 27 0 199
983 T 549077 109 548431 164 74 0 40 0 0 259
984 G 586701 924 110 86 585379 0 0 0 40 162
985 G 594966 123 98 63 594441 0 0 0 29 212
986 T 588927 77 586364 93 114 0 6 0 0 2273
987 G 678853 344 115 103 678047 0 0 0 28 216
988 T 659734 90 658255 116 177 0 17 0 0 1079
989 G 658314 206 140 124 657677 0 0 0 30 137
990 G 583211 133 125 61 582736 0 0 0 17 139
991 A 578866 578119 202 99 137 6 0 0 0 303
992 T 578667 77 578092 139 35 0 18 0 0 306
993 G 558179 177 106 66 557491 0 0 0 32 307
994 G 566588 129 108 61 566070 0 0 0 25 195
995 C 570512 93 122 569978 73 0 0 13 0 233
996 A 591137 590400 89 62 276 14 0 0 0 296
997 T 613254 164 612385 299 77 0 11 0 0 318
998 G 620388 227 243 165 619542 0 0 0 28 183
999 C 628852 136 2083 626199 167 0 0 16 0 251
1000 A 627108 626598 79 59 131 19 0 0 0 222
1001 A 635197 634644 63 51 118 9 0 0 0 312
1002 T 636351 63 635857 153 27 0 17 0 0 234
1003 T 610441 81 609776 144 176 0 17 0 1 246
1004 C 603433 172 102 602827 77 0 1 28 0 226
1005 T 567231 121 566364 318 116 0 18 0 0 294
1006 G 575128 251 119 164 574293 0 0 0 5 296
1007 C 593987 106 220 592500 933 0 0 34 0 194
1008 T 556762 346 555233 181 760 0 11 0 0 231
1009 G 563722 127 102 32 563268 0 0 0 39 154
1010 C 528309 75 650 527252 76 0 0 13 0 243
1011 A 523880 522826 619 60 118 4 0 0 0 253
1012 T 540870 48 540534 77 48 0 13 0 0 150
1013 T 538403 55 537853 240 35 0 14 0 0 206
1014 T 539336 58 538701 284 48 0 5 0 0 240
1015 G 538900 58 60 29 538465 0 0 0 4 284
1016 A 527540 527147 42 14 126 3 0 0 0 208
1017 A 528193 527818 40 50 118 16 0 0 0 151
1018 G 509885 118 54 11 509474 0 0 0 44 184
1019 A 534984 534473 53 17 132 41 0 0 0 268
1020 T 538522 69 538078 80 31 0 5 0 0 259
1021 C 529023 62 57 528696 41 0 0 9 0 158
1022 T 531395 40 531052 114 42 0 12 0 0 135
1023 A 514664 513370 946 20 166 14 0 0 0 148
1024 A 514329 513902 38 43 132 15 0 0 0 199
1025 G 518258 165 60 41 517779 0 0 0 10 203
1026 A 504902 504364 54 56 152 32 0 0 0 244
1027 G 545177 92 41 62 544683 0 0 0 96 203
1028 T 459181 36 456084 62 11 0 23 0 0 2965
1029 A 453773 453474 42 8 71 10 0 0 0 168
1030 T 445592 39 445299 63 12 0 6 0 0 173
1031 T 442375 53 442089 72 11 0 18 0 0 132
1032 A 457822 457462 73 12 140 12 0 0 0 123
1033 A 410192 409856 55 12 77 14 0 0 0 178
1034 G 400737 55 41 82 400394 0 0 0 5 160
1035 C 401044 62 100 400666 46 0 0 32 0 138
1036 T 355892 30 355150 342 191 0 23 0 0 156
1037 T 417150 50 416698 208 59 0 24 0 0 111
1038 C 422077 98 420 421380 48 0 0 8 0 123
1039 A 434531 434159 75 21 78 5 0 0 0 193
1040 T 434993 30 434589 74 55 0 6 0 0 239
1041 C 434708 66 81 434371 27 0 0 15 0 148
1042 A 433469 432693 48 434 125 18 0 0 0 151
1043 G 415877 68 57 21 415556 0 0 0 13 162
1044 A 418402 417623 32 29 561 1 0 0 0 156
1045 G 407358 54 52 23 407078 0 0 0 14 137
1046 G 433021 58 21 21 432722 0 0 0 40 159
1047 G 518133 152 177 1145 516334 0 0 0 50 275
1048 A 519202 517547 112 98 347 4 0 0 0 1094
1049 C 525607 117 151 524891 184 0 0 3 0 261
1050 C 510279 142 76 509713 136 0 0 17 0 195
1051 A 518449 517833 65 264 90 26 0 0 0 171
1052 A 555033 554435 53 27 292 32 0 0 0 194
1053 A 556879 556187 72 54 354 8 0 0 0 204
1054 G 566949 128 123 44 566376 0 0 0 26 252
1055 T 558494 103 556752 103 33 0 26 0 0 1477
1056 A 560936 560395 101 25 101 40 0 0 0 274
1057 T 566730 449 563328 2206 194 0 21 0 0 532
1058 C 568571 104 2265 565908 71 0 0 12 0 211
1059 C 565075 83 1780 562833 130 0 0 8 0 241
1060 C 558648 242 124 558032 31 0 0 27 0 192
1061 C 530674 247 66 529991 121 0 0 27 0 222
1062 A 528989 528405 244 89 89 16 0 0 0 146
1063 A 520450 520026 51 11 106 23 0 0 0 233
1064 G 526745 139 77 11 526259 0 0 0 13 246
1065 G 515367 82 49 11 515010 0 0 0 15 200
1066 G 511965 55 79 26 511557 0 0 0 19 229
1067 G 481144 56 39 21 480884 0 0 0 2 142
1068 G 454240 150 37 26 453848 0 0 0 5 174
1069 A 450794 450350 58 10 143 4 0 0 0 229
1070 A 468784 468504 27 12 98 5 0 0 0 138
1071 A 471389 470745 39 120 72 5 0 0 0 408
1072 C 483853 103 56 483490 21 0 0 28 0 155
1073 T 462722 15 462312 167 18 0 12 0 0 198
1074 T 463920 29 463573 100 40 0 9 0 0 169
1075 T 477078 306 476021 504 14 0 8 0 0 225
1076 C 439513 119 90 438740 379 0 0 21 0 164
1077 C 465862 183 98 464953 393 0 0 28 0 207
1078 A 515856 514855 107 33 238 14 0 0 0 609
1079 C 530085 52 198 529606 57 0 0 9 0 163
1080 T 531761 37 531221 204 65 0 18 0 0 216
1081 A 514197 513689 47 186 91 27 0 0 0 157
1082 G 523473 127 57 28 523073 0 0 0 20 168
1083 A 529808 529147 45 136 191 13 0 0 0 276
1084 G 535820 56 68 45 535433 0 0 0 19 199
1085 G 562327 104 73 31 561918 0 0 0 42 159
1086 A 494231 493427 77 16 302 41 0 0 0 368
1087 G 557143 98 105 298 556384 0 0 0 59 199
1088 T 551287 51 548102 158 85 0 11 0 0 2880
1089 A 552984 551722 71 76 473 9 0 0 0 633
1090 C 560781 166 763 559522 81 0 0 19 0 230
1091 A 539255 538109 795 92 129 23 0 0 0 107
1092 A 538955 537740 89 682 208 27 0 0 0 209
1093 A 605303 604684 175 44 135 21 0 0 0 244
1094 T 592975 53 592356 82 136 0 14 0 0 334
1095 T 567551 193 566926 101 82 0 38 0 0 211
1096 G 504536 90 76 39 504069 0 0 0 36 226
1097 C 497326 57 40 497021 37 0 1 7 0 163
1098 T 497460 17 497090 97 28 0 9 0 0 219
1099 T 496900 292 495917 108 383 0 6 0 0 194
1100 C 495017 129 66 494282 389 0 0 11 0 140
1101 A 487534 486696 284 55 336 3 0 0 0 160
1102 A 494785 494131 79 55 330 9 0 0 1 180
1103 A 498644 497938 40 277 233 5 0 0 0 151
1104 T 501116 171 500261 279 186 0 3 0 0 216
1105 G 497751 87 48 111 497314 0 0 0 15 176
1106 A 493858 493513 57 63 74 8 0 0 0 143
1107 A 498906 498453 74 51 121 8 0 0 0 199
1108 A 500372 499687 24 96 373 5 0 0 0 187
1109 A 502806 501754 89 384 219 8 0 0 0 352
1110 C 525029 157 330 524254 67 0 0 24 0 197
1111 A 521311 520717 119 83 115 6 0 0 0 271
1112 T 544449 73 543948 161 91 0 7 0 0 169
1113 G 524285 330 485 54 523247 0 0 0 19 150
1114 G 521155 140 71 40 520744 0 0 0 24 136
1115 A 536406 535789 54 34 130 29 0 0 0 370
1116 T 531057 90 530560 110 20 0 9 0 0 268
1117 G 536465 144 902 36 535156 0 0 0 21 206
1118 C 608860 124 196 608065 105 0 0 66 0 304
1119 T 587370 120 585768 446 811 0 9 0 0 216
1120 A 587930 587302 105 50 207 14 0 0 0 252
1121 T 562860 45 562319 85 173 0 10 0 0 228
1122 G 573408 251 91 56 572845 0 0 0 30 135
1123 G 574564 101 220 49 573991 0 0 0 41 162
1124 A 545077 544467 220 31 102 20 0 0 0 237
1125 A 545475 545086 42 34 118 16 0 0 0 179
1126 T 485326 96 484476 90 363 0 43 0 0 258
1127 C 454046 84 161 453218 396 0 0 33 0 154
1128 A 445305 444634 319 40 205 10 0 0 0 97
1129 A 441104 440143 348 60 339 4 0 0 0 210
1130 G 445164 101 529 292 444044 0 0 0 9 189
1131 T 420413 108 418903 110 549 0 15 0 1 727
1132 A 413808 410779 58 75 144 32 0 0 0 2720
1133 C 446636 87 58 446204 104 0 0 43 0 140
1134 T 426197 71 425629 121 104 1 12 0 0 259
1135 C 439602 80 351 438911 48 0 0 16 0 196
1136 T 385887 58 385513 101 34 0 6 1 0 174
1137 T 388321 124 387798 105 176 0 14 0 0 104
1138 G 392204 71 174 24 391801 0 0 0 9 125
1139 A 406306 405770 59 18 256 5 0 0 0 198
1140 A 408938 408259 42 42 327 0 0 0 0 268
1141 C 410753 49 56 410453 27 0 0 13 0 155
1142 T 396393 204 395949 91 12 1 19 0 0 117
1143 G 410249 327 57 27 409690 0 0 0 17 131
1144 A 423919 423446 49 33 150 10 0 0 0 231
1145 G 432311 93 37 23 431983 0 0 0 2 173
1146 A 430605 430211 41 30 150 14 0 0 0 159
1147 A 487397 486593 127 27 452 25 0 0 0 173
1148 G 496439 340 89 739 495060 0 0 0 8 203
1149 C 541406 262 693 539459 737 0 0 9 0 246
1150 A 538672 536707 300 1213 250 12 0 0 0 190
1151 G 542788 429 119 377 541667 0 0 0 44 152
1152 G 636532 400 466 56 635300 0 0 0 68 242
1153 T 636072 120 633332 142 64 0 4 0 0 2410
1154 A 641971 640951 96 33 191 13 0 0 0 687
1155 C 659329 112 217 658640 123 0 0 40 0 197
1156 T 621583 118 621014 155 90 0 31 0 0 175
1157 G 641077 158 96 54 640514 0 0 0 33 222
1158 G 651427 165 83 56 650868 0 0 0 20 235
1159 G 635651 200 51 66 635032 0 0 0 7 295
1160 C 682207 89 145 681212 303 0 0 54 0 404
1161 C 616924 66 339 616114 152 0 0 40 0 213
1162 A 635714 635237 104 45 112 10 0 0 0 206
1163 T 636126 100 635644 112 50 0 7 0 0 213
1164 A 629197 628558 137 24 207 9 0 0 0 262
1165 A 649351 648903 81 35 130 17 0 0 0 185
1166 G 638215 136 74 23 637582 0 0 0 44 356
1167 A 615927 615482 60 22 111 36 0 0 0 216
1168 A 613220 611956 76 41 127 6 0 0 0 1014
1169 C 611918 146 74 611341 55 0 0 7 0 295
1170 C 643812 404 95 643086 48 0 0 23 0 156
1171 A 627817 627127 75 113 243 19 0 0 0 240
1172 G 639769 148 96 41 639280 0 0 0 22 182
1173 A 640299 639438 62 49 404 4 0 0 0 342
1174 A 632523 631814 121 41 286 17 0 0 0 244
1175 G 647978 92 100 219 647335 0 0 0 36 196
1176 T 613897 151 610553 202 50 0 13 0 0 2928
1177 G 617189 102 91 21 616782 0 0 0 4 189
1178 G 627895 59 97 36 627404 0 0 0 13 286
1179 A 627599 626399 154 35 633 9 0 0 0 369
1180 G 638004 95 100 36 637532 0 0 0 20 221
1181 G 638841 118 67 42 638397 0 0 0 12 205
1182 A 595460 594787 94 97 149 5 0 0 0 328
1183 A 595919 594960 105 256 354 25 0 0 0 219
1184 A 598929 597527 87 140 759 22 0 0 0 394
1185 C 612583 571 555 610953 257 0 0 20 0 227
1186 A 612192 602969 4783 2276 681 21 0 0 0 1462
1187 C 642746 415 4420 630911 6712 0 0 49 0 239
1188 T 626152 4503 614275 5856 1245 0 36 0 0 237
1189 A 671051 670270 133 126 248 39 0 0 0 235
1190 A 700150 699127 194 238 388 17 0 0 0 186
1191 T 698479 309 697238 243 259 0 29 0 0 401
1192 C 703787 738 1321 700842 619 0 0 37 0 230
1193 A 673283 667545 1399 317 3784 26 0 0 0 212
1194 A 675406 670842 1421 2031 695 22 0 1 0 394
1195 C 684855 5387 546 677651 1027 1 0 45 0 198
1196 A 594791 581102 1026 1200 11172 23 0 0 1 267
1197 G 590857 1873 679 805 587216 0 0 0 55 229
1198 A 538654 537655 76 364 284 23 0 0 0 252
1199 G 550566 189 94 25 550013 0 0 0 24 221
1200 G 584876 224 95 42 584283 0 0 0 31 201
1201 G 513217 4997 210 4420 503364 0 0 0 8 218
1202 C 521236 537 112 511398 8833 0 0 15 1 340
1203 C 528086 548 2400 520232 4674 0 0 14 0 218
1204 T 525511 1022 523713 265 239 0 22 0 0 250
1205 C 553092 305 189 552135 232 0 0 30 0 201
1206 T 539219 100 537369 1187 284 0 8 0 0 271
1207 G 542214 306 178 225 541253 0 0 0 7 245
1208 C 537927 113 342 536964 245 0 0 22 0 241
1209 A 517313 515932 54 242 830 16 0 0 0 239
1210 G 555665 133 171 61 555097 0 0 0 32 171
1211 G 556225 148 88 249 555582 0 0 0 19 139
1212 T 561618 89 558453 699 391 0 2 0 0 1984
1213 C 562301 70 101 561793 60 0 0 16 0 261
1214 A 547603 547171 41 106 94 27 0 0 0 164
1215 A 581925 581524 60 54 82 12 0 0 0 193
1216 A 567826 567337 125 60 110 2 0 0 0 192
1217 T 572073 121 571330 191 12 0 9 0 0 410
1218 C 570160 445 128 569268 59 0 0 25 0 235
1219 A 534015 533509 40 54 172 26 0 0 0 214
1220 G 565738 169 80 33 565211 0 0 1 50 194
1221 T 547884 96 546818 118 23 0 12 0 0 817
1222 G 552047 125 265 22 551392 0 0 0 16 227
1223 T 544873 52 543698 314 22 0 15 0 0 772
1224 G 529899 438 67 29 529172 0 0 0 15 178
1225 C 543508 187 1463 541040 580 0 0 26 0 212
1226 A 538139 536163 189 884 690 23 0 0 0 190
1227 A 549178 546271 724 374 742 14 0 0 0 1053
1228 C 550420 123 143 548810 1179 0 0 24 0 141
1229 C 546751 87 65 546268 69 0 0 71 0 191
1230 T 498960 68 497115 330 1257 0 8 0 1 181
1231 G 515901 333 440 110 514789 0 0 0 30 199
1232 C 552402 76 321 551558 255 0 0 7 0 185
1233 A 539751 538797 141 197 278 11 0 0 0 327
1234 T 550130 141 549452 276 49 0 18 0 0 194
1235 T 546381 25 546107 68 28 0 19 0 0 134
1236 T 520375 87 519735 103 245 0 10 0 0 195
1237 T 524022 76 523556 164 54 0 7 0 0 165
1238 C 492040 72 124 491518 111 0 0 47 0 168
1239 T 459190 164 458463 335 59 0 12 0 0 157
1240 G 498846 1674 126 79 496746 0 0 0 44 177
1241 T 485066 75 482887 1539 89 0 1 0 0 475
1242 G 497309 564 212 90 496203 0 0 0 17 223
1243 C 503493 11270 2727 486211 3059 0 0 21 1 204
1244 A 496854 480036 2929 2459 11203 14 0 0 0 213
1245 A 509214 492160 12353 636 3894 12 0 0 0 159
1246 A 505331 504438 280 188 177 12 0 0 0 236
1247 G 521769 197 35 31 521284 0 0 0 20 202
1248 A 511411 510854 33 73 238 30 0 0 0 183
1249 A 464775 462633 147 1121 636 17 0 0 0 221
1250 A 482572 477835 623 784 809 10 0 0 1 2510
1251 C 486437 483 379 484830 529 0 0 26 1 189
1252 C 511737 116 196 510973 235 0 0 11 0 206
1253 T 513040 41 512268 246 125 0 5 0 0 355
1254 C 506683 146 126 506103 138 0 0 29 0 141
1255 C 534712 380 96 532961 1107 0 0 28 0 140
1256 C 523115 190 505 521383 882 0 0 11 0 144
1257 A 528837 526995 189 140 1316 8 0 0 0 189
1258 T 533267 1137 530531 390 1024 0 12 0 0 173
1259 T 504471 144 502104 946 1050 0 23 0 0 204
1260 T 510686 371 508606 495 1018 0 14 0 0 182
1261 G 508821 782 1707 787 505267 0 0 0 3 275
1262 A 519091 514289 2511 1441 418 2 1 0 0 429
1263 C 517058 965 1065 513341 1510 0 0 23 0 154
1264 A 493941 492366 698 147 550 17 0 0 0 163
1265 A 511114 508254 195 423 2077 17 0 0 0 148
1266 A 515371 512217 755 284 1473 10 0 0 0 632
1267 C 540188 1361 352 537174 1124 0 0 24 0 153
1268 C 534201 778 398 529762 3088 0 0 12 0 163
1269 A 493341 489861 896 647 1713 15 0 0 0 209
1270 A 514089 510658 415 776 1275 17 0 0 0 948
1271 C 511406 777 933 509222 262 0 0 20 0 192
1272 C 543018 533 1303 540654 354 0 1 32 0 141
1273 A 538635 537748 100 34 503 16 0 0 0 234
1274 T 543224 92 542177 324 57 0 25 0 0 549
1275 C 542705 252 354 541826 104 0 0 27 0 142
1276 A 522189 520592 223 445 674 26 0 0 0 229
1277 T 532700 612 529032 2569 201 0 13 0 0 273
1278 G 513303 435 230 2567 509813 0 0 0 13 245
1279 G 509913 268 317 686 508419 0 0 0 16 207
1280 C 476269 245 353 475120 374 0 0 20 0 157
1281 A 452585 451384 347 250 393 15 0 0 0 196
1282 G 465476 353 785 101 464036 0 0 0 18 183
1283 C 454133 164 170 452908 726 0 0 14 0 151
1284 A 449366 447832 243 773 298 7 0 0 0 213
1285 T 451983 99 451551 117 50 0 14 0 0 152
1286 T 440692 475 439834 132 78 0 8 0 0 165
1287 C 446252 113 499 445303 131 0 0 16 0 190
1288 A 440314 436687 312 1107 1497 7 0 0 0 704
1289 C 411810 519 104 409140 1824 0 0 32 0 191
1290 T 415726 1487 411880 1413 792 0 6 0 0 148
1291 G 451891 769 1848 1766 447264 0 0 0 44 200
1292 G 465125 2905 1017 339 460707 0 0 0 24 133
1293 G 477780 227 637 1679 475040 0 0 0 21 176
1294 A 466529 464659 588 450 537 11 0 0 0 284
1295 A 480116 478382 415 368 764 24 0 0 0 163
1296 T 457622 459 455934 468 497 0 16 0 0 248
1297 A 496184 494223 317 587 554 18 0 0 0 485
1298 C 536870 203 2970 533013 424 0 0 36 0 224
1299 A 519213 516873 481 994 637 10 0 0 0 218
1300 G 525997 155 334 518 524802 0 0 0 53 135
1301 A 508215 506324 395 733 428 24 0 0 0 311
1302 G 544801 719 279 113 543502 0 0 0 38 150
1303 G 535631 118 95 35 535199 0 0 0 8 176
1304 G 535306 153 66 91 534768 0 0 0 26 202
1305 A 534397 533474 153 171 312 10 0 0 0 277
1306 A 526625 524431 64 1696 225 16 0 0 0 193
1307 G 536880 144 59 40 536170 0 0 0 15 452
1308 A 535046 532555 63 41 2110 13 0 0 0 264
1309 A 561713 559470 1121 121 519 22 0 0 0 460
1310 C 609639 270 145 606739 2208 0 0 25 0 252
1311 A 587054 585087 1249 273 206 20 1 0 0 218
1312 T 597300 448 593853 415 2279 0 23 0 0 282
1313 C 582915 433 107 579589 2543 0 0 15 0 228
1314 A 577545 574136 959 1486 689 16 0 0 0 259
1315 G 588618 217 40 120 587918 0 0 0 21 302
1316 A 572450 571383 212 14 218 7 0 0 0 616
1317 C 579527 66 254 578818 148 0 0 17 0 224
1318 A 572459 571607 204 114 284 16 0 0 0 234
1319 T 550028 180 549148 267 193 0 15 0 0 225
1320 G 563486 191 195 245 562652 0 0 0 13 190
1321 A 543625 542941 58 191 153 12 0 0 0 270
1322 G 552488 256 93 21 551883 0 0 0 10 225
1323 G 559355 141 60 215 558698 0 0 0 13 228
1324 G 551425 830 174 85 550080 0 0 0 5 251
1325 C 551889 164 1031 549601 781 0 0 6 0 306
1326 A 543439 541230 293 1087 623 3 0 0 0 203
1327 G 555205 97 56 45 554737 0 0 0 5 265
1328 A 556435 556046 33 10 123 8 0 0 0 215
1329 A 564499 564066 39 20 214 18 0 0 0 142
1330 A 581096 580269 88 226 309 38 1 0 0 165
1331 T 587152 81 586425 104 270 0 21 0 1 250
1332 T 611366 104 610573 253 265 0 5 0 0 166
1333 A 618055 617130 316 52 321 10 0 0 0 226
1334 T 610897 152 609837 370 323 0 11 0 0 204
1335 A 610865 609807 235 380 244 14 0 0 0 185
1336 A 591287 583612 338 2203 4925 25 0 0 0 184
1337 G 620974 4216 635 994 614864 0 0 0 50 215
1338 G 621576 4189 1177 1065 614870 0 0 0 48 227
1339 A 638772 636762 537 616 382 55 0 0 0 420
1340 T 555976 207 554494 711 239 0 26 0 0 299
1341 G 548737 817 553 138 547027 0 0 0 27 175
1342 A 535019 534496 75 60 167 24 0 0 0 197
1343 T 538521 107 537905 181 59 0 9 0 0 260
1344 G 526857 158 80 66 526369 0 0 0 4 180
1345 G 533180 150 51 40 532739 0 0 0 26 174
1346 A 501513 501040 55 36 135 24 0 0 0 223
1347 A 512572 512112 76 44 144 13 0 0 0 183
1348 G 521713 442 490 455 520168 0 0 0 21 137
1349 G 588391 214 551 342 586956 0 0 0 50 278
1350 T 570279 417 565840 361 572 0 13 0 0 3076
1351 G 552767 3779 967 5385 542405 0 0 0 1 230
1352 C 552941 5295 4050 532743 10643 0 0 11 0 199
1353 A 540710 521593 5141 880 12926 2 0 0 0 168
1354 A 541853 540305 324 175 874 4 0 0 1 170
1355 A 549009 546966 942 100 830 6 0 0 0 165
1356 A 557440 554832 505 201 1238 5 0 0 0 659
1357 C 565112 4341 47 559987 550 0 0 25 0 162
1358 C 534733 4248 186 529245 892 0 0 29 0 133
1359 A 504425 499674 3905 197 448 8 0 0 0 193
1360 G 522784 330 4658 703 516961 0 0 0 14 118
1361 A 515959 509632 322 852 4940 5 0 0 0 208
1362 A 534693 527435 274 5271 1537 8 0 0 0 168
1363 G 548052 1053 3931 2476 540382 0 0 0 4 206
1364 A 541670 533636 2704 1703 3416 3 0 0 0 208
1365 A 536492 532087 1584 626 1991 7 0 0 0 197
1366 A 538289 534478 1273 1868 438 6 0 0 0 226
1367 T 538521 622 529859 218 7606 0 11 0 0 205
1368 G 542871 347 858 752 540688 0 0 0 13 213
1369 T 526588 1167 524294 391 375 0 6 0 0 355
1370 C 533820 1250 221 531812 358 0 0 14 0 165
1371 C 525303 474 502 523814 261 0 0 38 0 214
1372 T 533195 113 532718 121 78 0 13 0 0 152
1373 T 536458 137 535754 131 217 0 2 0 0 217
1374 C 540347 300 147 539547 203 0 0 11 0 139
1375 C 537007 761 163 533145 2788 0 0 9 0 141
1376 A 532300 527629 303 249 3966 14 0 0 0 139
1377 G 534315 1028 873 261 531992 0 0 0 20 141
1378 G 533182 2294 964 60 529682 0 0 0 27 155
1379 G 538882 143 410 913 537219 0 0 0 22 175
1380 G 506103 2164 140 732 502827 0 0 0 33 207
1381 C 461640 63 156 460957 282 0 0 16 1 165
1382 G 455692 191 88 407 454893 0 0 1 7 105
1383 G 469353 184 144 85 468782 0 0 0 22 136
1384 G 468177 364 220 76 467252 0 0 0 10 255
1385 G 476037 243 41 193 475364 0 0 0 11 185
1386 A 442154 415076 183 118 852 7 0 0 5 25913
1387 G 451789 790 124 56 450501 0 0 0 47 271
1388 T 430051 61 408779 140 132 0 13 0 2 20924
1389 C 440202 162 553 438574 314 0 1 13 0 585
1390 T 429422 51 428800 157 78 0 8 0 0 328
1391 T 429556 153 429105 116 35 0 13 0 0 134
1392 C 429168 110 181 427135 39 0 0 12 0 1691
1393 G 496585 531 76 19 493553 0 0 0 14 2392
1394 A 489376 485786 411 6 316 7 0 0 0 2850
1395 G 499749 64 66 20 499214 0 0 0 18 367
1396 C 455064 2507 1945 449515 403 0 0 35 1 658
1397 T 443816 1434 439447 612 1321 0 5 0 0 997
1398 C 426680 1321 846 421960 2322 0 0 11 0 220
1399 T 424468 653 423306 165 89 0 2 0 0 253
1400 C 427924 678 156 426733 169 0 0 7 0 181
1401 G 429976 242 213 149 429120 0 0 0 6 246
1402 G 473086 193 32 48 472632 0 0 0 38 143
1403 A 510363 507758 46 218 170 6 0 0 0 2165
1404 C 529544 120 115 528900 67 0 0 18 0 324
1405 G 554974 217 209 149 554156 0 0 0 11 232
1406 A 598318 597518 143 142 204 50 0 0 0 261
1407 A 592775 591854 118 165 401 15 0 0 0 222
1408 A 597152 596648 32 49 178 9 0 0 0 236
1409 G 611087 149 68 41 609700 0 0 0 25 1104
1410 G 614285 103 25 63 613801 0 0 0 22 271
1411 G 593028 124 139 78 592357 0 0 0 34 296
1412 C 598262 147 211 597304 132 0 0 22 0 446
1413 A 591141 590133 116 106 437 26 0 0 0 323
1414 G 602861 575 120 27 601932 1 0 0 17 189
1415 C 589455 106 186 588834 57 0 0 33 0 239
1416 G 641487 178 228 95 640702 0 0 0 37 247
1417 A 646663 644650 62 1501 115 19 0 1 0 315
1418 A 650702 648996 247 83 154 25 0 0 0 1197
1419 C 650600 76 126 648484 1613 0 0 16 0 285
1420 C 645418 63 75 644897 139 0 0 23 0 221
1421 C 624018 86 85 623555 68 0 0 15 0 209
1422 G 621862 419 72 23 621054 1 0 0 14 279
1423 A 621253 620577 42 17 193 18 0 0 0 406
1424 T 621637 34 621120 107 10 0 19 0 0 347
1425 C 595294 76 120 594860 31 0 0 20 0 187
1426 G 581858 166 315 95 581088 0 0 0 17 177
1427 T 559944 57 558694 237 139 0 14 0 0 803
1428 G 534967 186 65 46 534457 0 0 0 7 206
1429 C 534447 51 69 534007 36 0 0 6 0 278
1430 C 535574 33 49 535222 20 0 0 9 0 241
1431 C 533527 61 65 533132 15 0 0 11 0 243
1432 T 514576 58 512908 1032 265 0 38 0 0 275
1433 C 558189 989 470 556029 439 0 0 41 0 221
1434 T 549756 92 547512 829 1084 0 4 0 0 235
1435 T 629193 92 628502 156 229 0 6 0 0 208
1436 T 566536 33 565623 195 411 0 13 0 0 261
1437 T 573456 127 572751 172 233 0 30 0 0 143
1438 G 568948 253 228 116 568157 0 0 0 15 179
1439 A 563548 562341 234 322 161 9 0 0 0 481
1440 C 581682 234 424 580728 75 0 0 10 0 211
1441 A 576354 575607 102 64 305 58 0 0 0 218
1442 T 497351 50 496582 95 388 0 64 0 0 172
1443 G 622606 145 69 81 622063 0 0 0 63 185
1444 A 615758 615215 41 19 149 28 0 0 0 306
1445 G 698020 143 43 13 697549 0 0 0 55 217
1446 T 703110 68 701219 89 51 0 23 0 0 1660
1447 A 685125 684719 47 8 83 30 0 0 0 238
1448 A 694167 693806 53 11 75 19 0 0 0 203
1449 T 695099 63 694538 156 47 0 26 0 0 269
1450 G 697183 148 86 1269 695441 0 0 0 8 231
1451 A 667192 665487 59 1259 85 38 0 0 0 264
1452 A 616315 614573 75 1214 138 28 0 0 0 287
1453 G 616860 206 215 35 616091 0 0 0 46 267
1454 G 565147 169 116 31 564513 0 0 0 26 292
1455 A 562005 561252 164 14 241 19 0 0 0 315
1456 T 572525 43 572056 73 7 0 12 0 0 334
1457 C 568110 71 47 567725 17 0 0 5 0 245
1458 T 559035 36 558396 65 406 0 4 0 0 128
1459 T 564136 12 563793 84 1 0 6 0 0 240
1460 A 565022 564721 31 3 53 4 0 0 0 210
1461 T 564620 41 564324 57 3 0 11 0 0 184
1462 T 561848 28 561444 76 5 0 10 0 0 285
1463 T 557570 30 557241 82 4 0 11 0 0 202
1464 C 555189 32 50 554767 22 0 0 16 0 302
1465 T 533950 19 533672 96 5 0 8 0 0 150
1466 T 531328 54 530947 62 3 0 2 0 0 260
1467 C 529226 62 137 528783 10 0 0 1 0 233
1468 G 526652 103 80 18 526281 0 0 0 5 165
1469 G 530755 37 44 27 530444 0 0 0 10 193
1470 A 533249 532845 50 7 87 5 0 0 0 255
1471 G 543863 65 44 17 543497 0 0 0 8 232
1472 A 543262 542623 66 11 153 8 0 0 0 401
1473 C 555511 64 67 555061 47 0 0 18 0 254
1474 A 543744 543240 29 159 86 50 0 0 0 180
1475 A 598780 598174 51 14 283 47 0 0 0 211
1476 T 617736 127 617183 107 19 0 10 0 0 290
1477 G 661022 805 94 50 659827 0 1 0 17 228
1478 C 677273 416 432 676040 114 0 0 28 0 243
1479 A 654845 653901 69 333 246 41 1 0 0 254
1480 G 661145 112 70 217 660548 0 0 0 39 159
1481 A 681623 680489 50 246 464 23 0 0 0 351
1482 G 572428 253 81 30 571882 0 0 0 24 158
1483 G 601951 383 66 28 601180 0 0 0 80 214
1484 A 504150 501875 1537 36 363 44 0 0 0 295
1485 G 514449 157 54 35 513991 0 0 0 17 195
1486 T 493648 80 490936 68 105 0 11 0 0 2448
1487 A 487355 486434 136 128 296 14 0 0 0 347
1488 C 488996 160 197 488351 147 0 0 21 0 120
1489 G 466722 635 1295 72 464523 1 0 0 14 182
1490 A 467074 460450 1066 366 4783 13 0 0 0 396
1491 C 453246 473 395 451445 743 0 0 43 0 147
1492 A 371062 367663 540 1584 1161 10 0 0 0 104
1493 A 371825 362447 806 647 7819 8 1 0 0 97
1494 T 345283 3226 337258 1256 3390 1 3 0 0 149