# amino-acid counts among definitively called codons
# POSITION TOTAL_COUNTS WT N_A N_C N_D N_E N_F N_G N_H N_I N_K N_L N_M N_N N_P N_Q N_R N_S N_T N_V N_W N_Y N_STOP
1 721357 M 0 0 0 0 0 0 3 188 63 54 720816 0 0 0 6 0 121 105 1 0 0
2 687310 A 686827 0 0 66 0 44 0 0 0 1 0 0 19 1 5 46 35 266 0 0 0
3 721420 S 533 48 8 4 99 2 275 7 14 231 58 10 148 22 7 719616 118 19 2 195 4
4 725932 Q 317 195 8 42 1134 57 82 440 243 939 5 1778 36 713767 534 5071 476 127 6 542 133
5 659726 G 48 230 79 0 2 658745 2 2 0 1 0 2 17 0 396 147 3 37 4 11 0
6 580080 T 103 1 0 0 0 1 11 46 0 1 0 32 12 1 0 44 579828 0 0 0 0
7 579314 K 0 1 5 59 0 8 1 18 579024 0 0 83 1 9 58 3 11 3 0 2 28
8 510974 R 0 0 0 0 0 27 0 1 0 147 0 1 21 111 510535 0 1 0 130 0 0
9 527094 S 298 10 2 1 47 25 7 11 10 15 13 8 71 28 7 526333 87 7 0 114 0
10 574169 Y 582 107 17 3 19 5 129 135 5 213 9 88 128 29 4 10 82 27 0 572493 84
11 518629 E 5 4 44 518025 0 111 1 7 102 7 2 9 3 23 1 169 12 44 1 0 59
12 482333 Q 52 16 2 56 16 38 332 2 730 128 17 342 22 479363 320 195 449 161 13 5 74
13 593746 M 50 0 12 0 2 27 16 236 66 58 593075 3 12 1 11 2 70 97 2 4 2
14 584645 E 6 2 54 584190 0 120 5 0 76 9 2 4 4 58 7 3 11 30 7 10 47
15 549738 T 80 15 1 105 0 21 24 131 0 10 0 43 24 1 2 50 549220 7 0 4 0
16 617577 D 10 2 617028 165 3 107 25 4 0 3 3 63 0 19 5 0 27 38 1 59 15
17 611358 G 56 17 1 64 0 610308 8 46 5 4 264 9 189 12 99 85 30 69 90 0 2
18 603352 E 18 9 128 601430 0 189 7 8 158 14 0 11 515 44 37 67 26 611 1 43 36
19 606644 R 19 147 1 1 0 20 219 4 1 66 0 6 76 3 606015 55 8 3 0 0 0
20 619667 Q 7 0 0 12 5 4 82 0 50 56 2 4 1225 617799 296 16 5 11 1 4 88
21 593517 N 8 120 76 5 0 7 32 68 75 72 4 592410 17 13 104 164 270 8 5 44 15
22 610387 A 607394 6 0 108 40 199 31 7 286 12 1 22 169 55 177 227 229 1390 1 0 33
23 637687 T 519 5 3 8 3 12 14 137 49 1091 7 127 29 53 114 2837 632595 50 2 20 12
24 605737 E 26 13 73 602303 6 98 5 136 199 91 1 17 9 245 26 35 19 131 0 12 2292
25 534025 I 6 0 6 3 40 246 16 531856 2 48 1443 33 45 4 16 7 71 164 0 5 14
26 576679 R 42 0 0 23 49 175 3 55 349 8 0 0 19 11 575832 47 20 1 0 0 45
27 552547 A 551120 0 7 83 5 39 77 5 368 95 0 0 212 13 91 80 210 126 1 6 9
28 595368 S 1563 30 10 17 48 244 53 5 62 22 0 641 115 9 292 591967 48 2 2 115 123
29 572172 V 87 5 44 6 40 10 2 263 4 14 1 4 22 4 11 4 22 571618 3 5 3
30 598153 G 463 4 3 108 280 596597 3 2 6 53 2 0 6 0 225 137 98 68 66 2 30
31 596405 K 25 2 0 125 0 2 5 13 595495 8 32 82 380 3 117 44 19 5 6 1 41
32 586694 M 8 1 1 3 5 5 3 186 50 49 586110 20 10 4 25 3 106 75 11 4 15
33 592926 I 9 4 7 11 56 23 1 592440 4 12 18 57 2 5 7 10 82 148 0 22 8
34 590134 D 358 2 586155 263 5 254 158 58 13 525 479 102 2 58 27 604 56 910 26 58 21
35 536855 G 52 5 1 69 15 536339 39 8 2 8 2 6 2 0 149 19 4 59 1 4 71
36 568206 I 10 2 5 5 16 1 3 567680 0 41 4 41 15 7 62 58 112 114 1 1 28
37 533509 G 27 6 12 60 1 533085 1 7 3 63 0 0 11 1 98 5 5 54 8 1 61
38 486959 R 9 0 2 8 0 24 41 0 1 51 0 11 222 115 486277 46 19 1 0 0 132
39 532204 F 31 5 2 3 531388 11 5 44 9 179 5 2 69 10 28 85 10 51 211 39 17
40 513832 Y 3 103 10 2 50 8 335 3 5 22 3 38 2 2 9 13 5 5 14 513099 101
41 458496 I 19 22 4 15 35 135 8 457608 1 166 22 39 36 52 77 64 117 53 1 6 16
42 451785 Q 7 9 8 23 0 58 33 0 50 34 4 1 41 451340 74 7 8 2 0 2 84
43 438777 M 6 5 8 3 3 0 131 108 17 97 438187 80 2 0 5 23 35 56 0 6 5
44 483580 C 22 482952 1 10 50 17 2 24 5 62 0 0 7 0 93 112 18 4 30 83 88
45 466773 T 75 3 7 10 1 26 12 70 29 24 11 38 43 6 21 127 466237 27 3 0 3
46 510538 E 9 29 37 509656 0 84 0 55 73 16 2 7 354 24 21 13 59 43 3 4 49
47 594272 L 4 0 4 0 71 3 28 57 4 593554 3 5 167 0 288 21 36 17 0 1 9
48 602381 K 22 1 2 83 0 30 1 22 601831 29 36 87 9 14 93 28 10 3 0 8 72
49 602285 L 23 5 9 1 56 27 29 57 9 598211 75 64 198 237 58 40 475 22 4 7 2678
50 599352 S 2601 101 7 15 7 717 21 46 189 212 1 84 212 141 540 593780 636 5 18 2 17
51 666137 D 60 11 664406 194 3 87 24 62 2 91 90 177 228 13 87 25 364 121 0 71 21
52 709367 Y 140 111 18 43 47 20 149 31 1 14 19 65 9 5 10 39 179 38 4 708337 88
53 679569 E 65 7 149 678520 1 178 8 15 93 61 1 3 63 28 11 18 51 54 174 1 68
54 618462 G 101 17 8 108 3 617263 206 5 3 27 0 3 64 3 159 66 157 202 63 1 3
55 583565 R 12 0 14 6 0 90 32 3 0 104 0 7 128 164 582773 12 14 3 3 0 200
56 578026 L 28 4 2 2 0 27 4 49 2 576116 56 80 984 33 46 17 451 114 2 0 9
57 606402 I 14 2 29 1 68 37 1 604931 51 674 20 52 71 5 162 48 115 100 5 6 10
58 583914 Q 35 3 7 124 5 26 79 2 68 67 0 140 61 581992 733 52 16 16 20 374 94
59 559747 N 12 22 71 12 11 352 8 36 91 22 6 558700 41 10 92 103 41 35 9 31 42
60 446380 S 7 52 2 11 1 79 1 84 2 25 0 40 8 0 70 445907 22 59 1 4 5
61 444767 L 10 70 6 0 61 3 26 51 1 444368 0 5 13 1 6 57 4 14 2 7 62
62 409916 T 94 13 0 6 14 29 28 55 42 31 1 19 278 10 18 211 409028 31 0 5 3
63 444052 I 20 9 2 2 1 13 51 442959 52 97 115 3 25 9 19 7 62 380 7 3 216
64 457092 E 23 18 52 456061 11 148 17 163 80 37 40 8 214 20 39 21 35 29 0 8 68
65 437725 R 0 2 0 9 41 82 10 49 73 9 6 8 24 2 436938 304 39 2 1 4 122
66 457441 M 1 0 0 5 0 24 5 131 37 31 457068 5 6 1 2 2 48 68 2 5 0
67 441844 V 76 1 0 52 0 18 0 7 0 52 64 0 5 2 1 7 0 441559 0 0 0
68 476637 L 6 1 1 2 41 0 34 50 5 476255 13 0 128 29 20 8 8 26 2 3 5
69 495218 S 49 28 0 1 24 21 3 1 1 4 0 21 88 2 7 494837 45 1 0 62 23
70 523788 A 523035 16 170 10 2 39 5 56 0 13 0 1 45 9 6 85 182 49 2 37 26
71 509858 F 41 6 6 4 509101 5 28 24 8 147 1 3 62 0 4 155 26 29 0 152 56
72 511680 D 37 4 511206 64 3 119 34 8 1 3 0 64 9 1 23 10 22 35 0 37 0
73 470662 E 218 3 121 468697 440 222 54 150 148 56 28 8 3 72 43 24 263 68 0 0 44
74 480215 R 52 5 4 13 1 107 6 39 111 8 0 0 6 0 479598 38 16 30 13 7 161
75 490005 R 2 3 0 0 5 78 0 1 60 4 46 2 4 0 489669 70 23 3 29 0 6
76 527253 N 85 12 97 152 2 40 10 47 105 32 0 526427 2 2 11 113 16 1 53 44 2
77 529528 K 76 88 20 114 5 2709 259 3485 516141 409 7 80 38 40 4541 1275 56 68 0 2 115
78 410411 Y 25 45 10 0 6333 1 47 7 13 10 0 35 10 2 40 15 4 13 41 403706 54
79 396151 L 6 2 0 4 1 7 3 15 4 395502 40 2 256 46 72 13 13 122 1 1 41
80 364903 E 68 64 40 363949 3 106 24 61 80 63 23 16 17 61 27 44 98 96 0 13 50
81 343853 E 7 25 32 342851 55 93 16 252 54 102 2 15 5 14 67 66 38 83 3 28 45
82 394575 H 53 328 28 27 73 6 392729 34 30 96 25 61 7 226 194 122 112 61 74 227 62
83 513665 P 435 10 11 17 8 485 75 22 12 60 2 379 510642 148 441 158 147 329 2 24 258
84 514495 S 1035 170 23 5 1 359 4 57 5 861 7 145 128 46 143 511352 83 15 7 33 16
85 549006 A 543309 11 3 73 0 146 62 20 10 123 33 108 3807 18 243 231 423 247 10 8 121
86 607684 G 250 10 13 112 0 601026 101 17 258 437 1 3998 53 35 995 115 80 96 53 16 18
87 639732 K 4 0 2 231 0 45 3 8 638718 24 25 160 26 14 251 53 54 47 1 2 64
88 651716 D 27 30 642567 73 3 113 39 32 7 39 3 8464 17 12 53 16 10 53 0 66 92
89 591849 P 1095 971 33 19 44 254 91 19 43 346 6 86 587757 29 110 445 117 121 42 79 142
90 593678 K 32 41 5 85 8 186 74 27 591111 108 491 115 15 524 377 76 217 121 26 4 35
91 550071 K 7 2 3 83 1 21 1 24 549493 12 1 12 4 2 242 16 5 13 0 2 127
92 496111 T 64 0 0 0 17 2 1 23 0 13 0 62 36 0 7 45 495674 2 0 0 165
93 491966 G 12 2 0 46 0 491687 0 0 1 2 2 1 16 1 87 3 2 44 1 1 58
94 463294 G 11 3 4 43 0 463039 1 2 2 6 0 5 9 10 64 10 12 23 1 5 44
95 487500 P 73 4 23 0 0 5 91 1 0 45 0 1 487081 2 32 67 49 14 0 1 11
96 532934 I 34 1 0 13 4 6 4 532006 36 535 64 1 17 2 18 1 94 77 3 11 7
97 559025 Y 4 85 5 3 107 100 87 12 2 8 0 37 14 29 4 25 1 57 2 558352 91
98 481727 K 14 7 0 115 0 12 12 4 481066 150 28 41 5 13 135 40 32 4 3 10 36
99 355271 R 49 7 0 5 1 185 18 32 57 9 0 0 5 1 354775 58 15 12 1 8 33
100 346972 V 2655 1 1 54 29 183 69 66 132 155 0 166 268 9 83 184 72 342794 0 43 8
101 411044 D 8 0 410384 39 0 79 16 4 12 17 0 82 29 4 7 8 67 54 0 42 192
102 422900 R 77 32 4 1 42 118 33 30 59 12 43 0 10 3 422143 121 47 5 1 30 89
103 440854 K 9 4 1 61 1 39 8 4 440373 49 22 40 10 11 147 19 7 35 0 0 14
104 450509 W 7 61 14 0 12 7 2 7 1 38 1 0 6 3 113 27 10 7 449998 4 191
105 464098 M 4 594 3 3 37 41 11 166 54 142 462732 73 1 11 38 17 61 88 19 0 3
106 486360 R 3 16 0 5 0 100 7 1 41 3 71 1 4 0 485964 72 18 0 48 4 2
107 482286 E 7 1 36 481722 0 97 1 0 240 19 0 18 2 25 15 5 1 52 0 0 45
108 483748 L 11 11 1 0 43 22 51 63 3 483329 3 0 90 49 18 14 3 36 0 1 0
109 466299 V 110 465 41 0 37 11 21 152 0 126 0 0 40 4 14 9 13 465178 0 0 78
110 500019 L 5 9 1 1 40 1 13 97 2 499675 0 4 88 1 17 5 3 16 0 0 41
111 482034 Y 0 115 6 2 830 9 189 125 15 40 19 8 2 5 27 19 192 184 0 480179 68
112 423146 D 24 9 422360 73 0 140 23 24 0 15 1 259 14 1 16 14 11 50 2 33 77
113 388810 K 6 0 1 56 7 2 1 29 388522 6 3 29 20 18 57 4 9 1 0 4 35
114 461166 E 4 4 187 460341 63 87 20 26 85 14 0 1 49 128 5 39 15 50 0 5 43
115 516555 E 3 0 25 516060 68 83 1 3 91 22 1 1 5 15 16 14 19 34 0 22 72
116 544615 I 0 10 0 13 0 1 21 543639 42 107 136 25 9 3 8 14 108 306 1 4 168
117 521313 R 3 36 3 0 19 113 2 1 66 11 40 13 3 65 520804 55 24 0 28 2 25
118 508838 R 38 3 1 4 4 50 7 4 27 141 0 0 24 112 508270 5 45 10 0 1 92
119 542226 I 9 83 2 0 22 0 0 541841 0 30 24 51 0 5 1 11 72 72 1 0 2
120 506633 W 0 33 0 3 4 15 1 2 0 32 4 41 8 3 134 11 3 2 506204 1 132
121 521478 R 9 230 2 2 24 46 184 6 4 196 63 4 40 15 520424 87 51 30 33 5 23
122 492442 Q 15 2 2 26 0 52 386 1 40 46 0 64 490 490448 121 146 84 455 7 1 56
123 561727 A 561076 129 64 3 1 47 10 0 0 13 0 2 42 0 6 72 157 97 4 2 2
124 619307 N 2 2 84 2 0 530 40 43 69 8 3 618309 80 12 10 72 11 1 3 22 4
125 602278 N 66 1489 248 5 19 29 16 38 53 75 21 599626 2 6 166 123 60 3 104 82 47
126 475063 G 68 151 79 7 34 474056 0 13 13 72 3 44 14 60 73 149 18 75 7 3 124
127 474906 D 1068 14 470575 126 43 535 506 70 42 35 4 143 10 40 277 239 1016 75 0 77 11
128 462645 D 356 10 458010 63 0 132 28 256 12 88 32 1040 1406 3 225 87 709 119 3 49 17
129 468338 A 467117 2 0 45 1 518 0 8 14 38 4 9 71 18 11 123 211 98 0 0 50
130 414805 T 56 16 2 4 7 3 6 50 127 29 0 1 18 8 72 56 414262 73 6 6 3
131 385171 A 384208 3 49 0 2 17 50 8 1 13 0 16 582 18 10 66 37 87 0 3 1
132 471795 G 27 43 41 14 3 471486 1 13 7 8 0 10 9 7 20 61 0 36 2 0 7
133 500310 L 2 0 3 2 1 8 2 30 3 499893 62 0 147 22 36 6 1 19 1 12 60
134 592935 T 141 2 11 9 2 17 1 57 4 19 0 95 46 4 34 203 592207 68 0 2 13
135 618995 H 8 7 35 4 11 12 618257 0 2 73 4 137 40 96 87 9 20 1 0 88 104
136 657002 M 4 8 17 4 6 19 25 384 68 577 655358 10 26 5 26 78 103 263 0 4 17
137 675213 M 4 1 12 36 3 2 1 182 81 72 674490 0 37 24 24 1 86 155 1 0 1
138 607864 I 49 19 39 0 50 1 8 607045 38 322 22 47 3 5 2 31 93 86 1 1 2
139 581071 W 1 99 3 1 0 31 5 1 0 49 0 9 5 2 169 28 0 0 580476 0 192
140 555569 H 4 0 45 2 0 1 555170 5 0 39 0 82 9 27 83 3 1 0 0 92 6
141 552451 S 1 23 1 9 74 2 0 6 2 2 0 0 98 0 2 552136 29 3 1 62 0
142 545635 N 3 0 72 14 1 5 10 19 37 4 0 545381 0 1 0 54 8 0 0 20 6
143 533983 L 6 2 1 5 75 8 33 36 0 533534 38 1 69 1 3 110 6 8 0 1 46
144 508978 N 1 0 108 1 0 27 1 18 55 2 1 508581 4 1 3 92 25 4 4 45 5
145 491796 D 4 10 491464 35 0 60 16 4 0 1 0 56 6 1 0 2 9 27 0 53 48
146 472468 T 180 4 2 0 0 4 13 69 42 24 1 1 10 4 37 678 471363 0 0 25 11
147 600085 T 97 5 3 1 0 6 14 59 51 6 0 6 16 4 20 53 599730 7 0 5 2
148 535591 Y 0 64 4 2 44 7 73 15 1 10 0 42 133 4 4 16 9 3 0 535020 140
149 534471 Q 4 1 2 15 1 5 67 0 46 51 2 0 19 533961 151 38 7 2 0 0 99
150 502697 R 3 0 0 16 1 92 0 2 87 7 45 0 19 2 502330 36 20 3 21 6 7
151 548702 T 97 0 4 9 1 6 5 61 37 8 2 2 52 1 32 78 548283 6 0 1 17
152 575734 R 16 4 8 3 10 125 1 47 99 11 0 2 11 14 575171 30 15 2 0 1 164
153 635028 A 634415 5 76 2 2 54 18 6 1 30 0 11 57 6 43 68 130 71 0 1 32
154 677092 L 5 3 17 1 52 8 58 1407 0 675211 0 5 184 5 14 9 13 77 2 4 17
155 687466 V 125 8 71 3 38 32 4 122 9 67 0 2 9 15 122 242 381 686177 0 1 38
156 703035 R 31 150 9 4 1 48 237 5 11 57 17 1 51 2 702180 139 39 25 2 1 25
157 706533 T 994 191 4 5 10 26 28 655 11 149 69 36 24 22 88 1871 702068 263 2 2 15
158 723093 G 116 156 204 0 1 722008 34 39 1 19 1 3 14 15 43 330 12 74 0 7 16
159 746647 M 7 2 142 14 3 53 10 349 29 326 745339 4 10 6 23 24 106 158 10 10 22
160 842406 D 22 32 841507 130 16 221 39 25 20 27 0 149 26 34 14 20 7 50 1 59 7
161 749916 P 1241 7 25 1 2 781 147 18 3 90 2 17 746209 7 633 508 114 65 4 7 35
162 706503 R 15 3 5 27 3 237 5 42 135 24 88 7 21 8 705642 65 30 17 29 3 97
163 646402 M 12 220 10 3 5 15 9 248 55 93 644883 9 0 1 14 42 374 285 83 31 10
164 635392 C 462 633382 2 1 65 55 31 176 27 36 6 69 7 13 130 501 33 50 36 225 85
165 599755 S 158 142 28 5 52 16 1 43 0 40 0 62 366 1 6 598646 86 5 2 92 4
166 594367 L 1 3 6 7 11 4 3 12 5 593883 124 2 128 54 11 13 11 72 6 2 9
167 582749 M 3 5 3 1 0 6 20 253 42 205 581959 2 5 3 15 12 108 73 1 9 24
168 544635 Q 411 11 3 34 10 3 73 5 67 32 2 8 11 543600 178 32 10 7 2 5 131
169 503533 G 37 34 56 4 1 503164 31 4 0 10 4 1 13 1 14 67 21 54 9 2 6
170 542151 S 28 1 0 2 7 2 0 3 4 133 0 2 65 4 8 541721 48 9 18 0 96
171 530211 T 74 210 70 4 1 14 12 60 0 36 30 47 35 6 3 72 529512 13 2 0 10
172 564071 L 61 53 1 14 60 1 53 59 1 563403 1 20 146 20 36 48 5 72 2 5 10
173 719372 P 95 16 6 12 2 43 155 5 7 119 6 26 718439 1 81 168 124 20 1 17 29
174 727267 R 6 1 3 7 0 139 4 2 94 17 61 5 4 1 726758 69 25 4 45 3 19
175 581328 R 15 4 0 2 8 138 1 16 122 26 30 2 43 2 580771 46 10 14 49 12 17
176 627301 S 672 38 2 1 51 29 21 2 6 8 0 2 95 3 5 626226 40 8 4 76 12
177 654216 G 20 1 0 70 21 653720 0 12 1 7 0 2 0 3 137 10 6 130 1 0 75
178 628780 A 627948 2 83 0 5 52 4 5 5 5 1 3 373 7 34 60 107 67 0 1 18
179 650295 A 649678 3 4 91 1 28 2 3 2 4 0 12 36 0 7 75 229 114 0 0 6
180 666091 G 24 65 58 12 2 665775 2 0 1 8 0 0 5 2 18 74 3 40 0 2 0
181 662426 A 661306 9 98 0 17 79 21 2 2 50 39 8 35 0 24 419 212 79 5 6 15
182 678352 A 677150 0 0 76 0 270 70 3 0 5 0 8 40 15 9 94 290 311 0 5 6
183 731474 V 113 3 66 1 37 107 2 338 12 66 0 2 7 6 6 20 79 730599 0 10 0
184 745084 K 18 9 1 125 7 13 7 49 744404 12 2 135 48 48 103 8 9 2 5 0 79
185 631434 G 24 2 15 109 0 630927 25 2 10 4 9 1 9 35 138 7 11 35 0 1 70
186 625247 V 83 10 43 6 44 13 20 220 3 50 2 1 116 105 16 22 5 624478 0 6 4
187 620231 G 99 3 7 94 3 619660 2 13 3 27 2 1 8 5 130 10 2 65 93 0 4
188 502350 T 194 1 3 4 1 6 0 65 46 4 0 2 9 11 36 75 501880 7 0 0 6
189 418586 M 38 41 0 5 0 7 156 290 43 145 417635 2 13 7 12 9 56 98 16 0 13
190 402357 V 208 15 5 23 3 71 0 3 1 59 58 6 10 1 2 22 98 401751 2 0 19
191 387611 M 0 1 2 2 0 17 2 127 22 45 387209 0 3 9 15 23 60 62 5 4 3
192 354466 E 10 3 39 354093 2 126 0 2 35 3 0 39 10 12 4 5 0 40 0 0 43
193 441821 L 45 13 5 1 45 5 5 27 8 441356 28 1 9 3 2 76 145 9 6 7 25
194 527953 I 9 19 42 4 6 2 8 527010 26 141 106 2 32 2 7 23 157 329 14 0 14
195 499921 R 3 1 2 1 4 104 10 2 83 13 57 1 26 7 499468 57 22 5 41 10 4
196 524779 M 36 5 17 3 0 9 1 157 35 61 524161 3 23 20 26 13 109 99 0 0 1
197 563393 I 2 13 19 0 41 0 2 562790 0 6 41 56 11 1 6 9 219 131 46 0 0
198 534823 K 2 2 0 91 1 4 0 5 534523 3 0 55 3 31 75 3 11 6 0 1 7
199 502024 R 1 77 0 0 3 24 117 1 9 56 2 3 16 20 501560 84 7 16 0 28 0
200 497057 G 17 3 1 78 1 496631 5 1 4 13 0 6 3 0 126 4 25 76 60 0 3
201 495599 I 93 3 6 0 67 16 0 493101 2 1876 50 34 0 11 16 12 142 165 0 2 3
202 508068 N 38 65 115 4 2 1 26 37 29 47 9 507442 14 46 2 84 65 12 1 26 3
203 472004 D 7 0 471672 68 1 50 17 0 1 3 1 59 1 0 8 39 1 40 2 33 1
204 491574 R 3 1 0 0 1 11 1 1 31 70 1 0 33 112 491195 3 12 1 98 0 0
205 513011 N 11 41 103 2 2 18 2 21 47 7 0 512371 44 5 44 225 20 3 6 35 4
206 613871 F 27 8 1 2 613162 0 6 28 3 278 7 59 52 5 17 90 5 90 0 27 4
207 631912 W 3 68 2 5 12 25 1 2 0 112 0 3 7 24 239 36 4 1 631142 0 226
208 470867 R 4 0 0 1 0 131 3 36 51 4 0 0 5 1 470482 58 36 4 0 1 50
209 505657 G 20 43 77 6 1 505347 2 1 5 8 0 12 0 1 20 70 3 26 0 6 9
210 541394 E 34 1 71 540903 1 98 4 1 103 4 16 1 8 17 3 6 2 54 2 0 65
211 525688 N 5 529 74 31 1 903 22 55 49 48 9 522892 66 6 317 271 33 98 238 18 23
212 492019 G 25 12 6 51 20 491586 4 3 21 9 3 9 6 3 135 19 13 46 0 4 44
213 481261 R 6 1 0 3 1 29 2 0 0 41 0 2 37 121 480870 14 13 8 0 0 113
214 471875 K 3 2 0 71 0 7 0 12 471443 13 0 22 16 3 234 5 13 12 4 1 14
215 469383 T 83 2 3 0 12 24 0 28 41 18 0 6 100 38 14 46 468956 9 0 0 3
216 437625 R 3 0 0 1 0 88 2 1 91 3 55 0 7 0 437276 47 17 8 18 7 1
217 404759 S 77 44 0 1 1 80 2 34 3 77 3 63 17 2 76 403646 384 241 4 2 2
218 425046 A 424626 7 42 0 0 63 1 2 0 5 1 0 15 1 4 109 103 58 4 1 4
219 423038 Y 0 64 8 0 22 3 90 1 0 9 0 9 2 0 3 5 16 0 7 422721 78
220 429530 E 10 0 38 429193 1 97 0 5 91 2 0 1 1 14 3 1 8 30 0 0 35
221 383496 R 2 5 1 2 0 93 0 15 76 3 0 3 1 1 383202 13 32 3 1 3 40
222 338039 M 447 0 3 2 14 2 21 101 43 43 337190 20 0 0 7 2 82 56 0 2 4
223 426145 C 0 425751 0 0 39 8 0 0 0 11 0 0 6 1 74 82 0 8 26 97 42
224 442182 N 2 0 83 0 0 2 11 50 55 33 0 441852 0 1 2 57 8 0 0 24 2
225 458675 I 0 0 2 0 32 0 0 458082 0 59 0 11 0 0 0 16 75 390 5 0 3
226 477084 L 0 0 1 0 32 0 43 43 0 476834 0 0 101 0 2 8 0 17 0 3 0
227 492796 K 0 0 0 78 0 1 0 26 492567 1 1 19 7 21 52 4 2 1 0 0 16
228 502197 G 20 0 0 55 0 501854 0 4 4 4 0 14 1 1 68 21 65 54 0 0 32
229 512973 K 12 1 2 75 2 4 3 8 512723 0 0 45 3 3 66 7 5 0 1 1 12
230 534064 F 0 31 0 0 533171 1 1 36 0 691 2 1 7 4 1 84 0 10 0 23 1
231 504945 Q 30 5 7 18 2 548 50 52 60 40 0 8 56 503299 667 9 9 24 8 0 53
232 477840 T 314 2 7 0 1 3 13 114 33 7 2 4 41 2 57 39 477191 9 0 1 0
233 470794 A 468570 4 59 1 1 25 3 1 0 6 0 69 39 15 1 38 1908 52 0 0 2
234 410802 A 410173 3 26 46 1 35 25 3 1 3 0 0 40 1 10 212 149 69 0 2 3
235 401358 Q 7 3 0 17 1 1 26 0 60 23 0 1 13 400993 64 6 10 1 59 0 73
236 394821 R 0 1 1 1 2 186 9 1 114 8 42 5 29 1 394217 165 14 1 21 0 3
237 393459 A 392383 118 2 45 4 194 120 0 11 6 51 1 30 23 69 220 76 101 0 1 4
238 409569 M 5 2 4 0 18 1 2 237 34 77 408992 5 3 24 5 25 48 68 6 0 13
239 360632 M 9 2 3 2 0 6 0 226 25 94 359663 1 0 1 6 4 68 501 6 0 15
240 431100 D 14 2 430494 64 1 212 36 2 5 12 0 118 3 2 7 12 14 52 0 44 6
241 410530 Q 4 0 1 22 0 1 27 12 57 34 0 13 25 410160 101 6 8 8 0 0 51
242 473435 V 85 147 2 41 3 25 8 9 4 40 102 5 2 3 4 9 4 472932 0 0 10
243 473581 R 8 2 2 2 5 99 2 44 125 6 4 3 5 3 473139 51 17 5 7 0 52
244 467076 E 21 2 40 466624 1 119 0 14 84 4 3 13 13 30 15 5 3 50 1 2 32
245 497709 S 11 61 1 1 1 265 0 21 5 3 0 76 176 3 114 496840 64 6 0 54 7
246 484440 R 2 11 1 0 1 11 3 1 11 74 0 1 42 152 483937 20 12 1 88 67 5
247 490139 N 90 253 63 5 22 4 61 29 75 3 1 489357 7 3 2 113 20 15 0 16 0
248 510821 P 9 1 0 0 0 1 2 0 0 69 0 0 510480 80 32 40 77 17 9 0 4
249 532062 G 22 3 0 82 0 531670 8 12 2 6 1 2 4 1 122 5 11 55 0 0 56
250 512554 N 30 0 94 10 15 11 22 70 39 9 15 511762 29 14 8 293 24 16 0 67 26
251 546304 A 545622 3 131 2 3 21 3 0 23 86 1 0 25 0 3 58 112 211 0 0 0
252 528448 E 8 6 44 528066 2 111 9 0 78 2 1 2 1 14 14 1 0 33 0 0 56
253 553674 I 4 0 2 3 26 0 4 553208 0 142 27 27 0 22 15 6 66 119 1 2 0
254 537598 E 4 0 42 537171 7 72 0 1 174 3 0 0 0 32 1 0 1 33 0 0 57
255 547418 D 3 0 547115 43 0 70 10 11 0 7 0 49 4 10 2 9 2 46 2 35 0
256 524608 L 2 81 0 1 41 30 56 51 0 523982 0 1 110 0 28 5 6 206 2 5 1
257 528964 I 13 6 9 58 50 2 6 527715 0 688 96 38 8 25 2 23 79 87 57 2 0
258 483846 F 21 6 0 3 483493 38 21 22 2 135 2 2 6 0 5 70 2 2 1 13 2
259 472339 L 21 0 3 2 0 5 1 4 0 472098 40 0 67 31 5 2 9 46 0 4 1
260 481132 A 480312 1 0 75 2 64 0 10 0 3 0 3 16 0 7 46 80 512 0 1 0
261 411524 R 0 1 0 1 1 17 2 1 7 38 9 0 13 85 411214 6 2 0 125 0 2
262 502462 S 17 21 0 0 57 2 8 1 0 2 0 0 73 1 1 502140 33 4 9 77 16
263 493902 A 493145 0 4 73 0 56 3 1 5 43 2 0 42 4 6 91 321 102 0 0 4
264 424136 L 1 21 3 29 140 14 76 69 31 423519 0 0 89 20 14 4 7 21 69 2 7
265 452073 I 10 25 1 2 1 4 15 450567 34 313 124 5 38 11 15 66 647 180 3 7 5
266 477967 L 11 1 14 8 49 9 9 345 1 477009 48 1 7 1 5 77 3 288 35 5 41
267 471293 R 10 0 1 2 0 122 2 38 1665 2 0 2 10 12 469313 45 21 0 0 1 47
268 532205 G 16 7 0 83 1 530926 11 4 1 4 4 0 551 0 137 27 202 176 51 1 3
269 565096 S 198 25 1 2 0 4 38 3 0 90 0 1 129 28 11 564408 50 12 3 2 91
270 576895 V 58 15 52 1 42 104 58 110 2 13 0 9 4 148 10 9 4 576245 4 2 5
271 558905 A 558457 6 51 1 5 39 0 2 1 1 3 0 67 1 4 56 122 84 1 1 3
272 561402 H 4 2 18 6 2 42 560878 6 2 72 1 74 34 90 63 15 9 6 0 66 12
273 568293 K 1 0 0 53 2 23 1 48 567682 58 27 67 58 19 61 129 8 11 2 6 37
274 546587 S 20 18 3 6 36 31 0 5 1 30 0 22 97 2 2 546093 105 7 11 55 43
275 510856 C 72 510208 0 11 87 27 6 13 11 22 0 17 22 2 92 65 19 23 8 62 89
276 429721 L 25 12 0 0 0 4 4 2 250 429122 160 10 21 47 18 8 12 20 1 3 2
277 354707 P 45 3 2 5 1 4 81 19 5 81 19 14 354143 1 37 136 95 5 3 0 8
278 322868 A 322326 3 46 2 12 81 0 3 15 18 4 1 40 1 3 80 120 100 2 2 9
279 287076 C 13 286597 4 2 35 21 3 0 5 16 0 12 17 0 208 20 4 2 10 70 37
280 262128 V 64 74 0 49 0 18 1 30 1 80 28 41 4 0 82 2 31 261621 0 0 2
281 176909 Y 0 20 1 3 14 4 43 14 1 2 1 16 0 4 8 5 3 15 10 176713 32
282 135309 G 110 17 4 45 7 134962 1 2 2 6 3 6 8 3 61 17 4 13 12 2 24
283 190722 P 274 53 7 10 40 4136 713 707 29 2912 21 67 179483 200 577 443 152 774 62 61 1
284 375998 A 374107 2 37 0 1 25 46 1 1 7 1 0 40 0 54 50 149 137 0 1340 0
285 374568 V 71 3 0 28 3 6 11 131 0 88 0 1 19 5 8 12 0 374165 2 10 5
286 425595 A 425211 2 43 0 0 97 0 0 0 21 0 28 20 0 2 66 57 44 1 2 1
287 536944 S 0 42 0 0 0 86 0 51 0 0 0 107 0 5 121 536503 28 0 0 0 1
288 591453 G 18 47 38 0 0 591210 2 0 2 0 0 0 0 0 18 73 0 42 2 0 1
289 594856 Y 22 83 6 1 27 40 396 65 3 103 0 15 2 5 293 30 3 18 0 593674 70
290 643341 D 5 7 642622 150 35 83 21 0 0 0 0 154 90 1 10 76 2 41 4 38 2
291 634583 F 4 5 0 0 634158 16 1 29 7 218 0 0 2 2 3 97 0 10 1 30 0
292 639662 E 38 1 31 638468 8 126 8 39 164 363 0 0 7 196 34 82 8 32 0 11 46
293 633526 K 0 2 1 65 0 4 365 21 632874 0 0 62 1 7 75 7 7 3 0 0 32
294 621764 E 247 5 104 619924 2 254 22 6 83 30 3 480 3 24 84 93 328 33 0 1 38
295 594822 G 19 0 6 111 0 594467 0 3 3 0 0 0 2 0 87 0 1 54 0 0 69
296 518842 Y 1 83 5 1 42 9 60 1 1 2 0 35 6 1 10 15 5 11 1 518479 74
297 461452 S 13 14 2 2 28 21 3 1 1 27 0 1 88 1 6 461132 49 7 1 43 12
298 424574 L 1 2 21 3 23 33 3 8 6 424323 2 2 8 1 13 51 4 8 0 1 61
299 472735 V 71 3 16 31 0 18 1 21 5 49 61 0 3 3 23 21 21 472357 9 0 22
300 343217 G 22 5 5 100 6 342823 2 1 0 0 1 22 12 0 73 7 2 34 9 2 91
301 566448 I 5 2 1 10 33 27 1 565328 80 80 197 10 130 2 315 28 72 107 9 5 6
302 563653 D 109 6 562728 85 2 103 205 2 57 14 2 141 4 13 14 21 13 35 4 81 14
303 548099 P 43 3 0 7 1 2 72 2 4 51 1 0 547685 0 14 41 56 104 0 2 11
304 622287 F 45 5 0 4 620941 13 0 145 0 347 109 2 14 1 37 133 34 372 1 70 14
305 622463 K 22 2 3 97 0 6 4 40 621896 16 3 102 4 28 198 5 9 1 1 1 25
306 619048 L 7 13 0 3 0 2 4 5 1 618595 39 3 110 120 8 3 8 55 1 0 71
307 639849 L 19 2 2 1 49 8 26 64 3 639536 0 0 99 1 13 1 0 24 0 0 1
308 645809 Q 180 0 12 29 14 1 30 1 52 126 0 924 10 644165 123 30 27 6 12 0 67
309 641389 N 188 5 83 23 25 211 8 24 1312 27 1 638405 2 0 95 641 98 88 4 147 2
310 626540 S 416 164 2 1 8 220 4 58 1 18 1 112 5 8 115 625032 248 106 3 1 17
311 670023 Q 30 1 9 31 4 145 38 5 77 48 0 204 21 667390 1611 211 73 7 12 0 106
312 724093 V 104 145 1 71 36 36 2 142 7 116 0 6 3 1 1 13 77 723289 0 9 34
313 669955 Y 21 102 6 3 54 74 101 30 2 15 4 47 28 5 4 15 17 9 17 669240 161
314 664993 S 38 99 2 23 15 200 3 64 4 5 17 91 10 5 122 664195 77 12 1 1 9
315 645524 L 23 4 5 11 235 12 5 86 74 643195 1418 3 195 65 22 10 14 55 0 36 56
316 702917 I 4 11 0 1 37 15 0 702406 4 8 32 55 12 1 4 88 119 109 0 0 11
317 642910 R 11 0 9 0 0 216 1 54 84 7 2 3 20 1 642400 43 25 7 1 0 26
318 636959 P 54 24 5 2 87 28 76 1 12 234 4 1 636090 77 35 132 76 10 2 0 9
319 650397 N 33 31 79 1 36 82 19 24 103 6 1 649210 5 5 100 307 196 113 7 38 1
320 678303 E 7 0 61 677812 0 109 0 2 109 1 2 0 2 17 17 4 5 63 0 3 89
321 710903 N 63 3 87 3 3 15 10 33 132 27 1 710201 5 1 22 122 11 8 11 19 126
322 722264 P 44 30 15 1 13 103 3 4 2 194 1 10 721477 93 42 53 84 68 20 2 5
323 732147 A 729917 19 13 101 144 234 7 19 18 489 44 230 81 45 45 379 132 197 2 7 24
324 777566 H 5 4 27 1 4 5 776852 1 0 103 1 86 26 131 111 59 40 1 1 98 10
325 778795 K 3 0 1 195 4 0 0 0 778245 0 39 59 1 12 196 0 14 0 0 0 26
326 649414 S 0 31 0 0 0 120 0 26 1 0 0 90 0 0 87 649038 19 2 0 0 0
327 643802 Q 0 0 1 25 0 1 80 0 82 24 2 4 14 643268 178 12 0 1 5 3 102
328 528070 L 11 3 38 12 5 10 1 18 3 527604 71 2 116 50 34 9 20 55 7 0 1
329 581109 V 66 5 9 53 0 28 2 43 1 59 65 1 20 1 27 9 2 580675 21 2 20
330 568685 W 66 86 20 0 4 15 3 12 12 78 1 3 13 1 108 35 2 23 567972 1 230
331 533315 M 6 2 3 7 2 5 8 187 42 224 532574 2 19 4 3 11 97 103 9 0 7
332 559198 A 558687 1 9 64 4 57 4 0 3 17 4 5 36 1 9 91 107 92 1 1 5
333 602143 C 17 601193 3 9 84 27 11 49 1 62 19 8 9 42 190 131 37 15 40 131 65
334 620021 N 7 5 89 1 1 17 34 41 44 6 0 619569 12 1 0 103 17 14 0 38 22
335 563908 S 116 17 6 9 42 28 0 4 1 39 2 19 51 41 22 563370 38 10 0 82 11
336 535822 A 534341 23 74 1 1 853 6 10 0 123 0 12 34 0 4 73 205 59 0 3 0
337 513815 A 512868 6 8 42 4 45 2 2 2 9 0 3 20 0 13 74 93 610 0 14 0
338 530736 F 2 6 3 2 530282 20 0 25 0 94 2 12 2 14 6 225 3 16 0 20 2
339 521582 E 6 1 76 521205 0 117 0 0 49 1 0 0 4 21 1 2 1 41 0 0 57
340 479339 D 9 4 479002 41 2 75 9 1 1 3 0 75 0 0 27 13 2 42 0 32 1
341 510211 L 1 0 2 0 2 1 0 55 1 509934 0 0 105 17 34 4 0 35 0 0 20
342 494109 R 6 6 1 6 2 107 3 43 143 7 0 3 2 3 493680 39 28 5 1 0 24
343 446459 V 55 0 0 30 0 4 0 79 1 75 1 0 2 0 4 2 0 446204 0 0 2
344 436841 L 2 3 4 0 55 0 1 34 0 436617 0 0 2 1 1 69 1 2 0 1 48
345 387196 S 6 17 2 2 0 55 1 33 0 4 0 45 2 3 51 386906 53 3 1 0 12
346 348347 F 89 8 4 4 347647 35 2 14 0 372 3 0 0 1 2 76 8 52 1 26 3
347 432533 I 0 10 0 0 43 3 2 432229 0 14 16 21 4 3 4 36 66 75 1 1 5
348 407961 R 2 2 1 5 0 105 0 46 54 4 1 0 1 4 407652 36 10 4 0 0 34
349 390901 G 12 7 0 49 1 390706 0 0 0 1 0 0 1 5 61 0 6 14 38 0 0
350 501313 T 132 5 24 0 5 129 18 64 0 33 0 45 18 16 15 89 500671 39 4 0 6
351 512769 K 14 0 0 69 14 2 15 26 512173 7 0 60 2 53 273 3 9 0 2 14 33
352 543526 V 96 0 0 44 0 2 0 83 23 123 0 1 0 2 9 18 3 543098 0 10 14
353 551745 S 5 15 3 0 108 0 34 377 0 1552 0 4 508 0 47 548817 39 173 0 58 5
354 518909 P 14 60 11 1 0 3 0 4 1 61 0 140 518340 86 33 74 72 0 0 1 8
355 502770 R 0 3 0 1 0 101 0 0 135 29 46 0 0 0 502376 51 9 0 19 0 0
356 447334 G 20 0 3 43 0 447101 1 0 1 1 0 0 0 1 60 4 0 35 46 0 18
357 446867 K 0 6 2 127 2 0 0 14 446462 0 0 100 1 5 83 0 11 5 1 29 19
358 454738 L 0 0 0 0 42 5 13 30 1 454501 0 0 95 0 10 1 22 16 0 1 1
359 432497 S 3 15 0 1 47 1 8 4 3 32 0 41 104 1 355 431715 97 3 0 65 2
360 509548 T 80 8 0 0 1 18 1 45 0 4 0 43 12 0 3 108 509079 136 0 0 10
361 483720 R 6 3 0 1 1 75 0 31 83 15 0 0 3 33 483391 28 17 3 1 0 29
362 457362 G 17 0 22 49 1 457074 3 1 0 2 0 0 4 6 69 3 2 55 2 0 52
363 538698 V 141 51 9 31 3 13 2 81 2 323 4 2 5 0 4 10 1 538014 0 0 2
364 535316 Q 13 13 3 26 639 7 48 6 74 101 10 0 18 534071 93 18 55 30 0 10 81
365 558839 I 2 1 3 3 20 46 0 558409 1 88 15 40 0 2 1 6 68 61 50 0 23
366 488457 A 488162 3 46 4 1 25 0 0 0 2 0 1 23 0 3 67 80 34 0 3 3
367 481626 S 157 9 2 1 4 167 2 0 3 52 2 66 63 1 21 480945 61 3 2 0 65
368 490291 N 35 0 50 73 1 156 30 16 37 12 2 489548 4 4 14 108 171 7 0 20 3
369 484703 E 2 0 11 484382 0 62 0 3 76 32 0 2 56 14 1 0 1 18 1 1 41
370 497427 N 239 2 71 6 0 16 6 37 51 15 0 496615 6 1 68 128 116 35 2 12 1
371 494913 M 23 52 2 3 1 3 10 508 33 65 494004 3 47 1 12 3 60 73 2 2 6
372 512517 D 27 3 512006 82 3 121 19 0 0 15 0 138 4 2 1 3 0 33 0 60 0
373 506040 A 504749 40 90 2 6 38 1 1 1 72 1 0 23 1 7 757 129 101 4 6 11
374 558383 M 0 17 0 1 0 118 0 299 32 71 557646 0 6 8 28 12 66 73 3 3 0
375 533317 E 12 1 36 532780 0 94 0 13 62 154 0 8 5 39 1 2 12 42 1 0 55
376 409991 S 19 9 0 4 0 241 6 5 6 67 1 10 54 2 14 409354 34 69 0 1 95
377 414465 S 7 43 1 25 74 107 0 44 0 16 174 63 30 2 74 413582 38 170 9 5 1
378 379115 T 107 3 0 1 0 14 0 37 45 6 1 23 8 4 59 58 378736 8 0 1 4
379 383895 L 1 2 1 7 24 10 30 43 0 383617 5 6 87 3 19 6 6 16 1 10 1
380 388103 E 5 15 32 387687 3 65 1 4 58 3 1 2 12 9 6 0 0 46 129 1 24
381 393473 L 1 0 0 4 5 4 1 2 5 393122 32 0 77 187 4 3 8 16 1 1 0
382 417932 R 4 0 3 5 3 132 1 24 76 5 3 0 6 2 417593 33 6 2 2 1 31
383 484941 S 31 13 242 2 3 136 1 45 13 0 0 58 6 13 102 483620 600 40 0 2 14
384 520227 R 7 194 1 8 3 214 159 9 243 33 62 0 333 4 518809 64 12 11 41 2 18
385 624033 Y 6 94 17 6 43 16 112 7 1 13 11 62 0 2 44 23 6 18 26 623449 77
386 607240 W 18 91 1 5 2 61 1 0 30 87 2 0 6 0 185 19 11 1 606483 5 232
387 563662 A 562952 0 54 0 0 248 0 0 0 1 0 2 46 0 1 66 155 124 0 0 13
388 625600 I 8 2 8 7 3 4 3 625059 55 68 139 0 10 2 21 14 81 83 3 3 27
389 589986 R 7 0 8 1 1 99 0 42 96 25 0 7 1 3 589596 37 11 0 19 1 32
390 605760 T 83 8 1 3 1 19 4 40 1 11 1 135 19 0 9 71 605330 20 0 0 4
391 618175 R 7 1 1 14 1 202 2 69 110 8 0 3 3 2 617614 43 21 14 17 3 40
392 593266 S 90 34 3 2 2 124 9 35 5 3 0 56 15 0 78 592722 30 49 1 1 7
393 606982 G 26 1 0 52 6 606618 0 8 6 3 0 0 0 1 103 11 0 77 3 0 67
394 570425 G 24 0 10 75 4 570056 2 0 0 0 1 2 7 0 96 7 0 55 0 1 85
395 576782 N 10 12 88 83 0 127 61 38 111 9 5 575416 12 28 506 134 68 33 3 24 14
396 581886 T 492 567 2 1 119 109 25 104 172 4072 4 126 122 6 2428 3784 569615 62 2 66 8
397 657075 N 62 8 84 3 43 62 7 68 88 30 6 656129 18 5 121 168 95 32 7 25 14
398 653263 Q 219 12 1 34 736 33 1018 72 343 234 0 32 30 646393 3281 31 32 316 331 45 70
399 583849 Q 577 9 19 27 67 152 123 64 683 761 13 6 125 569950 10343 58 426 99 277 18 52
400 524563 R 4 15 23 10 1 221 0 1 139 9 67 1 2 0 523934 59 17 9 42 9 0
401 505703 A 495830 41 53 1 23 183 2 3 425 4 0 31 64 19 8467 187 280 81 6 0 3
402 509454 S 99 61 0 48 47 22 34 3 87 67 2 0 125 5 96 507799 797 55 1 106 0
403 513514 A 512357 9 0 80 0 89 14 12 0 15 0 2 57 10 138 153 258 311 1 1 7
404 538767 G 152 85 93 1 2 538118 23 2 0 4 21 13 10 8 12 159 3 55 4 1 1
405 540331 Q 33 1 1 21 0 2 36 2 53 29 2 0 41 539919 87 22 8 3 0 0 71
406 562434 I 25 0 0 0 42 0 10 561995 11 26 10 54 5 12 8 57 86 82 0 1 10
407 513699 S 1 23 2 0 1 157 3 27 0 41 1 150 2 0 89 513186 13 2 1 0 0
408 520283 V 288 3 0 50 0 13 0 0 0 262 120 1 0 0 0 4 0 519542 0 0 0
409 516535 Q 20 109 10 50 4 374 127 30 39 48 1 37 8 514173 92 753 49 92 46 249 224
410 472653 P 1094 0 2 2 1 46 70 1 0 45 7 4 471128 4 17 131 99 2 0 0 0
411 500466 A 499366 136 0 56 0 26 3 1 0 95 0 2 29 3 28 218 310 180 7 0 6
412 511446 F 0 9 2 1 510892 12 3 78 0 290 51 0 7 0 1 51 2 30 1 13 3
413 451327 S 6 22 1 2 55 22 7 7 8 48 0 12 61 2 49 450957 21 11 0 32 4
414 478255 V 124 21 2 56 2 22 0 41 2 149 201 5 2 0 11 13 1376 476217 3 0 8
415 491723 Q 105 32 13 45 263 788 60 3 628 353 242 222 17 474328 333 12006 139 2043 25 6 72
416 490585 R 7 0 0 16 1 139 51 31 61 0 0 5 1 44 489916 27 15 2 0 2 267
417 449582 N 33 13 64 6 10 319 27 18 60 317 19 447368 451 149 179 197 118 171 35 25 3
418 482964 L 10 87 0 1 49 4 31 51 2 482317 9 1 139 1 9 24 38 182 1 0 8
419 517605 P 64 2 4 10 0 828 18 17 81 85 203 0 515842 69 31 65 67 199 11 0 9
420 489358 F 385 15 29 7 486479 53 53 110 3 242 79 9 3 11 206 1274 8 361 2 28 1
421 500939 D 801 69 496022 70 410 95 162 249 13 937 6 159 3 369 13 585 137 727 2 95 15
422 485183 K 189 437 72 85 20 177 6 32 482349 112 11 111 2 41 1263 133 88 17 0 22 16
423 481883 P 53 23 10 4 24 709 392 8 169 102 36 21 477756 94 1394 737 181 159 2 8 1
424 502406 T 526 46 544 28 6 52 37 70 0 774 1 78 55 72 88 183 499751 80 4 6 5
425 511247 I 83 21 4 3 35 15 7 510349 1 23 24 68 3 0 5 21 194 381 7 1 2
426 491972 M 322 56 2 21 3 68 6 350 38 219 488124 233 27 241 44 29 1972 199 11 7 0
427 449222 A 447623 96 12 105 0 189 7 16 4 125 58 8 420 86 38 160 106 143 12 12 2
428 442052 A 440551 520 2 58 47 153 44 15 0 9 2 43 22 9 20 191 272 91 1 1 1
429 438719 F 11 7 0 7 437805 16 8 37 3 158 26 0 7 14 7 118 11 16 4 434 30
430 394290 T 168 124 4 11 1 990 2 55 10 13 4 455 965 14 508 246 390681 28 0 10 1
431 431655 G 39 17 8 63 182 427269 123 22 26 131 573 0 273 1187 122 6 13 95 57 1449 0
432 441071 N 143 223 101 6 8 56 46 61 122 121 0 439143 81 113 190 236 54 194 38 128 7
433 469079 T 273 73 4 53 83 171 22 2047 49 438 50 13 63 29 67 171 465406 45 9 10 3
434 478676 E 204 12 62 476850 0 308 8 3 77 55 2 3 170 233 49 249 34 285 2 0 70
435 511994 G 58 19 3 136 3 511512 2 4 4 9 6 0 1 0 111 3 20 42 6 3 52
436 519671 R 14 2 6 44 1 146 1 37 75 8 1 6 1 4 519189 45 23 10 7 1 50
437 536181 T 229 23 160 4 6 107 3 74 58 38 1 4 11 2 91 1220 533315 13 3 3 816
438 570894 S 32 9 2 8 1 2086 197 3 2 68 0 130 138 1 55 567941 65 32 21 7 96
439 561135 D 6 1 560536 75 0 104 19 124 2 11 1 70 1 1 87 12 2 46 0 36 1
440 546350 M 105 14 4 5 15 69 19 204 40 51 545364 5 4 32 59 67 108 91 25 68 1
441 530991 R 3 0 2 3 0 135 144 1 76 5 80 3 0 1 530402 66 17 2 43 2 6
442 540014 A 537437 19 53 93 2 622 1 185 0 53 13 10 48 2 33 193 500 746 1 1 2
443 548819 E 5 2 32 548469 0 84 4 0 85 0 2 4 2 25 17 0 3 31 4 0 50
444 548169 I 11 13 12 3 28 109 1 547428 10 120 49 33 4 4 112 10 74 141 1 3 3
445 607933 I 12 180 7 43 4 29 2 606668 50 99 128 1 6 4 19 65 342 229 8 13 24
446 548360 R 226 13 646 2859 12 740 13 151 284 76 61 44 60 61 541953 292 455 280 52 20 62
447 520400 M 48 15 5 8 0 41 56 369 53 477 518329 2 6 22 115 267 337 196 8 42 4
448 517355 M 13 0 5 26 1 9 4 196 57 74 516660 6 10 0 29 14 136 102 10 2 1
449 470501 E 9 1 44 470086 0 116 1 4 79 8 0 33 13 16 0 8 7 39 0 0 37
450 487557 G 26 145 66 7 22 486013 22 4 0 390 2 41 118 2 67 395 80 97 1 55 4
451 538613 A 519181 358 71 165 394 6270 4429 11 0 192 26 234 46 60 3452 53 291 3245 57 75 3
452 528185 K 20 5 1 60 253 280 3 93 526183 42 3 159 33 10 474 15 34 495 1 8 13
453 495108 P 26 0 11 3 8 389 84 59 4 60 0 3577 490319 46 366 62 50 43 1 0 0
454 513331 E 265 4199 192 506868 22 480 26 150 100 127 4 9 485 42 11 106 20 18 166 5 36
455 524407 E 220 212 119 515753 118 1155 29 228 67 2094 0 253 62 535 1647 1332 196 140 2 206 39
456 533130 M 36 274 0 1 17 118 41 181 185 108 524184 260 10 22 5845 690 87 278 678 108 7
457 510240 S 45 21 20 4 51 277 37 7 2 111 25 955 87 107 30 508314 92 12 2 40 1
458 530806 F 1 14 13 31 529867 21 2 82 5 361 7 0 4 0 14 121 5 12 151 84 11
459 509845 Q 13 5 7 72 46 2506 191 9 226 141 14 13 146 505111 1064 101 39 67 2 9 63
460 468113 G 279 26 9 80 3 464672 9 1 28 324 10 0 1 1 1997 559 38 53 12 8 3
461 451457 R 137 2 1 20 2 109 4 0 3 83 0 1 229 159 450553 34 3 2 115 0 0
462 404633 G 137 53 0 159 4 403691 13 1 0 7 1 6 28 0 359 5 0 25 11 36 97
463 397800 V 70 22 31 3 19 18 0 645 1 51 61 1 15 0 27 5 40 396762 0 23 6
464 420765 F 7 10 1 32 420242 22 55 42 0 166 4 1 0 3 1 105 2 14 0 58 0
465 482027 E 4 1 47 481107 0 234 0 0 98 0 391 0 1 15 35 1 0 18 39 0 36
466 401291 L 50 25 2 20 180 110 783 980 1 395998 1164 6 243 123 17 223 0 122 790 296 158
467 422713 S 2 9 17 7 3 57 75 18 436 118 7 45 59 7 26 421597 101 6 44 2 77
468 462437 D 6 3 461945 54 0 129 10 0 0 1 0 63 37 1 0 2 124 36 1 25 0
469 541299 E 9 0 39 540450 1 135 13 12 177 18 6 0 1 85 44 133 2 105 4 10 55
470 580604 R 0 5 0 0 0 165 0 0 129 4 60 13 21 1 580130 40 16 0 20 0 0
471 566383 A 565734 4 2 62 0 77 0 22 1 0 0 0 23 1 45 55 97 183 0 77 0
472 580976 A 579983 4 1 75 0 32 0 1 6 3 0 22 22 1 2 100 535 176 13 0 0
473 628751 N 5 12 73 9 7 23 37 45 83 64 125 626727 3 1316 36 82 64 4 2 34 0
474 616365 P 123 0 0 2 1 2 0 1 1 81 0 0 615877 82 65 68 60 2 0 0 0
475 585195 I 1 0 1 1 31 5 0 584815 0 15 17 28 0 0 3 5 90 182 0 1 0
476 531770 V 174 2 0 42 0 101 0 0 0 295 140 0 46 2 19 0 8 530930 0 0 11
477 523709 P 34 4 0 0 0 0 31 0 0 45 0 1 523465 1 14 62 50 2 0 0 0
478 503146 S 8 16 0 0 325 242 20 1 13 80 1 1 100 830 10 501275 31 15 137 41 0
479 556723 F 92 250 2 6 555868 62 5 22 0 164 0 1 17 2 70 103 1 38 1 17 2
480 559887 D 128 11 558803 70 19 123 57 0 0 7 16 172 12 19 22 132 44 190 0 60 2
481 486077 M 4 4 0 5 0 172 5 149 32 69 485244 2 1 3 158 15 78 107 28 0 1
482 602660 S 0 39 2 5 0 129 0 35 0 2 0 131 0 0 100 602202 12 3 0 0 0
483 677503 N 1 0 70 0 3 10 3 34 75 1 12 677173 0 4 0 64 10 0 0 40 3
484 603422 E 8 2 60 601844 0 66 0 1 104 0 0 0 1164 28 1 24 17 52 1 1 49
485 546226 G 23 0 1 57 15 545655 3 0 8 25 3 0 0 1 203 1 4 64 12 92 59
486 556647 S 4 14 0 0 30 1 0 5 0 7 0 2 71 0 0 556412 33 0 0 68 0
487 557627 Y 0 52 1 0 22 0 80 3 1 5 0 7 0 0 0 2 0 0 0 557416 38
488 547959 F 0 4 0 0 547696 0 0 27 0 125 0 0 0 1 0 73 0 5 0 28 0
489 523305 F 0 3 0 0 523033 0 20 18 0 137 0 0 2 0 0 56 0 4 0 32 0
490 522819 G 24 0 0 32 1 522524 0 0 0 4 0 0 0 0 120 3 0 39 0 5 67
491 530970 D 3 4 530589 73 4 126 15 4 0 1 0 52 0 0 4 1 3 57 4 22 8
492 539190 N 0 4 84 1 0 1 6 42 101 1 5 538649 0 2 158 100 13 0 2 19 2
493 634554 A 633087 2 2 84 0 60 3 3 0 11 8 293 23 7 37 82 457 390 0 2 3
494 520304 E 23 1 67 519548 0 325 2 2 75 1 2 0 151 17 4 2 5 28 1 0 50
495 503203 E 15 0 45 501050 0 140 0 7 127 7 3 2 0 20 195 32 5 1520 1 1 33
496 483728 Y 23 175 5 1 38 4 58 4 0 8 17 27 0 1 27 49 4 65 83 483061 78
497 449675 D 174 426 443060 153 91 3915 20 91 1 433 16 159 7 0 34 355 65 412 0 205 58
498 343040 N 70 177 35 54 23 538 32 239 504 113 73 334377 13 477 5084 602 330 221 15 31 32
