# nucleotide counts
# upper case indicates nucleotide called by both reads
# lower case indicates nucleotide called by one read with other ambiguous
# N indicates disagreement between reads, or both ambiguous
# POSITION WT COUNTS A T C G a t c g N
1 A 554054 553771 33 5 172 5 0 0 0 68
2 T 556952 46 556653 76 6 0 5 0 0 166
3 G 557185 74 38 10 556954 0 0 0 14 95
4 G 555534 44 77 8 555272 0 0 0 17 116
5 C 527770 33 142 527432 22 0 0 3 0 138
6 G 539595 111 23 13 539338 0 0 0 6 104
7 T 552681 17 552041 111 8 0 5 0 0 499
8 C 556489 27 50 556313 15 0 0 6 0 78
9 C 558437 25 53 558234 18 0 0 3 0 104
10 C 557303 43 48 557104 8 0 0 5 0 95
11 A 554531 554231 25 15 131 13 0 0 0 116
12 A 555429 554960 28 12 234 5 0 0 0 190
13 G 557460 37 46 10 557257 0 0 0 12 98
14 G 570726 49 47 33 570360 0 0 0 34 203
15 C 531386 35 43 531165 16 0 0 24 0 103
16 A 483362 481498 41 16 81 11 0 0 0 1715
17 C 473116 9 44 472932 6 0 0 11 0 114
18 C 458750 39 30 458592 10 0 0 8 0 71
19 A 457595 457469 25 5 53 4 0 0 0 39
20 A 455614 455420 22 2 109 3 0 0 0 58
21 A 454549 454155 23 17 75 15 0 0 0 264
22 C 453446 24 109 453210 6 0 0 14 0 83
23 G 419890 45 21 22 419716 0 0 0 11 75
24 G 430267 40 12 12 430078 0 0 0 22 103
25 T 431858 25 430680 49 23 0 19 0 0 1062
26 C 455465 19 46 455259 11 0 0 19 0 111
27 T 486231 19 486011 93 2 0 21 0 0 85
28 T 452195 31 451993 109 0 0 9 0 0 53
29 A 454534 454147 45 2 238 4 0 0 0 98
30 T 447987 53 447768 58 25 0 15 0 0 68
31 G 459825 85 43 19 459532 0 0 0 26 120
32 A 473927 473688 33 11 83 26 0 0 0 86
33 A 438575 438234 44 21 87 17 0 0 0 172
34 C 424189 37 58 423945 10 0 0 19 0 120
35 A 376604 376324 26 14 149 6 0 0 0 85
36 G 441680 31 40 10 441480 0 0 0 33 86
37 A 460772 460504 37 2 86 20 0 0 0 123
38 T 463393 52 463180 57 4 0 2 0 0 98
39 G 466807 57 40 11 466622 0 0 0 6 71
40 G 456773 50 39 19 456601 0 0 0 9 55
41 A 459590 459286 26 4 92 4 0 0 0 178
42 A 470333 470117 20 1 128 5 0 0 0 62
43 A 471636 471186 37 35 78 14 0 0 0 286
44 C 512013 25 43 511793 3 0 0 27 0 122
45 T 476799 21 476557 94 15 0 18 0 0 94
46 G 489236 44 46 10 489010 0 0 0 3 123
47 A 486539 486098 38 8 98 7 0 0 0 290
48 T 488207 53 487920 61 22 0 13 0 0 138
49 G 487219 52 48 12 487050 0 0 0 6 51
50 G 493659 49 44 9 493487 0 0 0 5 65
51 G 490907 68 41 12 490685 0 0 0 5 96
52 G 495326 106 23 17 495095 0 0 0 9 76
53 A 477289 476916 20 7 117 3 0 0 0 226
54 A 480205 479797 14 8 115 5 0 0 0 266
55 C 491962 20 101 491713 17 0 0 6 0 105
56 G 491260 153 41 41 490773 0 0 0 5 247
57 C 500024 32 23 499883 9 0 0 9 0 68
58 C 496533 22 54 496315 16 0 0 10 0 116
59 A 493485 493070 37 10 251 10 0 0 0 107
60 G 505479 44 86 8 505227 0 0 0 8 106
61 A 502412 502210 30 1 78 8 0 0 0 85
62 A 520552 520284 29 3 163 17 0 0 0 56
63 T 494093 30 493747 90 5 0 14 0 0 207
64 G 508092 91 53 24 507811 0 0 0 7 106
65 C 517875 50 132 517494 18 0 0 16 0 165
66 A 493425 493175 29 8 106 15 0 0 0 92
67 A 527620 527124 44 15 150 29 0 0 0 258
68 C 523568 20 26 523403 11 0 0 14 0 94
69 T 515799 35 515500 104 7 0 10 0 0 143
70 G 519984 66 50 13 519709 0 0 0 18 128
71 A 485887 485511 34 10 143 18 0 0 0 171
72 G 523538 36 37 11 523316 0 0 0 20 118
73 A 488335 488049 33 4 75 11 0 0 0 163
74 T 529391 41 528979 57 9 0 20 0 0 285
75 C 501630 41 48 501360 8 0 0 29 0 144
76 A 470558 470114 44 9 278 13 0 0 0 100
77 G 489743 29 57 11 489517 0 0 0 13 116
78 A 487416 487116 17 7 84 7 0 0 0 185
79 G 512071 39 43 24 511833 0 0 0 18 114
80 C 500339 36 115 500016 10 0 0 26 0 136
81 A 473985 473730 28 16 65 7 0 0 0 139
82 T 485418 28 485044 91 1 0 10 0 0 244
83 C 488112 39 38 487938 13 0 0 9 0 75
84 C 493041 51 81 492796 17 0 0 14 0 82
85 G 483922 84 24 8 483657 0 0 0 6 143
86 T 487955 33 487557 57 10 0 3 0 0 295
87 C 487145 38 92 486902 16 0 0 4 0 93
88 G 490726 97 38 14 490502 0 0 0 4 71
89 G 494045 44 41 12 493877 0 0 0 10 61
90 G 508075 47 38 8 507867 0 0 0 12 103
91 A 507289 506963 41 4 84 15 0 0 0 182
92 A 506120 505759 34 5 193 5 0 0 0 124
93 G 498235 31 30 13 498063 0 0 0 8 90
94 A 489721 489387 50 1 51 4 0 0 0 228
95 T 484008 27 483783 52 6 0 7 0 0 133
96 G 490322 42 36 3 490180 0 0 0 6 55
97 A 509988 509715 37 0 82 15 0 0 0 139
98 T 509331 47 509117 58 4 0 9 0 0 96
99 T 498244 32 497955 90 15 0 9 0 0 143
100 G 499637 73 31 17 499399 0 0 0 13 104
101 A 497290 496935 59 8 99 6 0 0 0 183
102 T 488510 48 488249 64 13 0 7 0 0 129
103 G 483350 59 33 14 483178 0 0 0 10 56
104 G 503020 29 36 12 502810 0 0 0 26 107
105 A 487967 487715 37 5 76 12 0 0 0 122
106 A 474820 474538 18 1 165 5 0 0 0 93
107 T 478074 32 477890 55 8 0 2 0 0 87
108 T 472192 27 472019 48 6 0 17 0 0 75
109 G 482482 52 39 22 482254 0 0 0 12 103
110 G 475204 52 29 12 475042 0 0 0 10 59
111 A 461953 461296 40 6 125 9 0 0 0 477
112 C 472506 11 141 472209 14 0 0 19 0 112
113 G 418611 45 41 9 418408 0 0 0 15 93
114 A 476743 476418 36 1 49 29 0 0 0 210
115 T 484564 31 484326 79 5 0 11 0 0 112
116 T 452867 22 452691 44 4 0 9 0 0 97
117 C 454575 20 25 454415 10 0 0 11 0 94
118 T 446578 42 446287 98 5 0 20 0 0 126
119 A 465807 465204 54 9 140 12 0 0 0 388
120 C 464594 25 71 464395 12 0 0 10 0 81
121 A 431119 430902 25 5 62 20 0 0 0 105
122 T 440678 48 440406 65 2 0 19 0 0 138
123 C 409436 32 31 409291 5 0 0 14 0 63
124 C 413717 34 43 413527 13 0 0 6 0 94
125 A 411847 411678 22 6 48 11 0 0 0 82
126 A 400112 399956 12 1 70 17 0 0 0 56
127 A 399984 399795 21 2 76 6 0 0 0 84
128 T 383101 15 382947 39 5 0 6 0 0 89
129 G 447036 53 24 11 446871 0 0 0 13 64
130 T 426196 41 425380 86 11 0 7 0 0 671
131 G 429293 47 45 16 429055 0 0 0 11 119
132 C 429288 34 104 429035 17 0 0 5 0 93
133 A 423274 422665 43 7 57 7 0 0 0 495
134 C 421312 23 43 421148 8 0 0 13 0 77
135 T 405371 15 405171 58 4 0 4 0 0 119
136 G 447553 51 27 7 447331 0 0 0 20 117
137 A 470356 470153 18 3 58 13 0 0 0 111
138 A 488936 488345 27 8 93 14 0 0 0 449
139 C 523100 26 43 522881 7 0 0 20 0 123
140 T 522299 12 522085 93 8 0 13 0 0 88
141 T 521475 46 521178 103 2 0 11 0 0 135
142 A 526462 526220 38 4 138 9 0 0 0 53
143 A 526214 525996 15 1 123 13 0 0 0 66
144 A 559174 558524 28 30 97 15 0 0 0 480
145 C 556810 22 36 556602 10 0 0 32 0 108
146 T 516506 18 516191 84 9 0 10 0 0 194
147 C 529856 41 58 529638 14 0 0 10 0 95
148 A 514980 514554 32 11 254 6 0 0 0 123
149 G 558341 34 15 20 558189 0 0 0 20 63
150 T 555344 85 554159 74 25 0 12 0 0 989
151 G 609295 62 49 9 609069 0 0 0 22 84
152 A 625648 625355 41 4 87 18 0 0 0 143
153 T 593549 64 593235 80 6 0 19 0 0 145
154 T 619483 19 619314 70 2 0 11 0 0 67
155 A 622063 621583 58 1 324 21 0 0 0 76
156 T 626361 79 626028 96 14 0 19 0 0 125
157 G 628275 70 81 10 627963 0 0 0 16 135
158 A 589458 588935 43 17 258 13 0 0 0 192
159 G 592273 87 93 10 591946 0 0 0 21 116
160 G 543918 53 49 17 543642 0 0 0 15 142
161 G 531107 65 35 17 530808 0 0 0 4 178
162 G 530348 32 43 23 530038 0 0 0 11 201
163 C 499682 38 144 499278 29 0 0 2 0 191
164 G 505395 92 32 29 505032 0 0 0 5 205
165 A 505518 504509 56 4 59 6 0 0 0 884
166 C 506918 22 49 506754 9 0 0 4 0 80
167 T 503701 33 503476 84 6 0 2 0 0 100
168 G 498364 66 35 12 498140 0 0 0 3 108
169 A 549405 549157 45 1 52 19 0 0 0 131
170 T 532063 44 531725 68 4 0 15 0 0 207
171 C 524988 38 54 524818 6 0 0 4 0 68
172 C 524644 39 48 524419 17 0 0 6 0 115
173 A 506031 505773 36 10 126 17 0 0 0 69
174 G 509392 39 17 16 509234 0 0 0 4 82
175 A 487031 486788 28 2 51 1 0 0 0 161
176 A 487340 486865 44 11 153 16 0 0 0 251
177 C 489387 19 57 489138 11 0 0 39 0 123
178 A 389737 389552 14 10 75 2 0 0 0 84
179 G 398505 19 51 5 398338 0 0 0 13 79
180 C 394216 17 33 394106 9 0 0 6 0 45
181 T 392450 26 392268 52 5 0 6 0 0 93
182 T 396550 40 396365 64 3 0 7 0 0 71
183 A 389726 389448 45 8 161 10 0 0 0 54
184 A 416126 415798 31 15 121 15 0 0 0 146
185 C 435675 23 36 435523 14 0 0 13 0 66
186 A 411130 411006 16 8 52 7 0 0 0 41
187 A 425432 425109 40 4 179 21 0 0 0 79
188 T 386296 32 386072 55 6 0 18 0 0 113
189 A 401966 401533 35 5 306 15 0 0 0 72
190 G 408751 39 47 8 408581 0 0 0 15 61
191 A 418234 417975 32 14 79 15 0 0 0 119
192 G 423734 40 23 7 423526 0 0 0 29 109
193 A 387508 387250 34 5 85 12 0 0 0 122
194 G 411078 40 17 9 410787 0 0 0 15 210
195 A 413840 413617 27 10 80 10 0 0 0 96
196 A 425805 425497 31 3 148 14 0 0 0 112
197 T 428473 57 427980 70 8 0 16 0 0 342
198 G 416543 21 36 18 416262 0 0 0 8 198
199 G 421547 44 22 10 421313 0 0 0 10 148
200 T 396674 39 394776 67 10 0 5 0 0 1777
201 G 432851 67 38 10 432588 0 0 0 5 143
202 C 432466 24 37 432235 18 0 0 10 0 142
203 T 433834 17 433448 81 3 0 7 0 0 278
204 C 443270 26 33 443091 11 0 0 8 0 101
205 T 442497 24 442264 67 2 0 10 0 0 130
206 C 476200 24 25 476000 14 0 0 9 0 128
207 T 473596 40 473327 111 8 0 3 0 0 107
208 G 481076 82 48 18 480842 0 0 0 5 81
209 C 481441 29 37 481235 28 0 0 11 0 101
210 T 469285 4 469002 188 11 0 8 0 0 72
211 T 479374 20 479171 91 8 0 4 0 0 80
212 T 471484 17 471296 59 35 0 9 0 0 68
213 T 455711 49 455489 78 35 0 0 0 0 60
214 G 459308 80 25 42 459028 0 0 0 3 130
215 A 453193 452771 33 29 96 5 0 0 0 259
216 C 463235 17 200 462865 35 0 0 11 0 107
217 G 448742 68 38 16 448525 0 0 0 2 93
218 A 425688 425498 31 2 61 3 0 0 0 93
219 A 426942 426756 20 5 95 1 0 0 0 65
220 A 429163 428889 24 2 179 8 0 0 0 61
221 G 433192 32 18 16 433024 0 0 0 7 95
222 A 439544 439330 32 4 60 4 0 0 0 114
223 A 438767 438509 35 7 123 5 0 0 0 88
224 G 456984 37 38 9 456812 0 0 0 9 79
225 G 507019 59 38 10 506773 0 0 0 25 114
226 A 497920 497714 32 2 62 12 0 0 0 98
227 A 515411 515135 44 1 140 15 0 0 0 76
228 T 494141 62 493794 66 5 0 17 0 0 197
229 A 491113 490655 33 12 337 23 0 0 0 53
230 A 491098 490863 28 9 120 11 0 0 0 67
231 A 483824 483629 36 4 71 12 0 0 0 72
232 T 484986 40 484726 62 10 0 26 0 0 122
233 A 435413 435055 40 3 175 23 0 0 0 117
234 T 379623 19 379434 55 5 0 11 0 0 99
235 C 386414 15 31 386271 9 0 0 10 0 78
236 T 361183 31 361006 63 11 0 6 0 0 66
237 G 363355 47 23 9 363183 0 0 0 13 80
238 G 354540 18 24 12 354406 0 0 0 6 74
239 A 349216 349004 21 1 77 8 0 0 0 105
240 A 330795 330476 13 3 244 4 0 0 0 55
241 G 345869 32 18 9 345685 0 0 0 16 109
242 A 336341 336182 30 3 64 7 0 0 0 55
243 A 377504 377098 33 2 136 4 0 0 0 231
244 C 380089 24 44 379934 7 0 0 6 0 74
245 A 364238 363997 25 15 56 13 0 0 0 132
246 T 479522 51 479018 67 1 0 25 0 0 360
247 C 471357 28 58 471178 11 0 0 21 0 61
248 C 492055 40 35 491861 13 0 0 8 0 98
249 C 492834 33 66 492665 13 0 0 14 0 43
250 A 470620 470324 11 13 127 21 0 0 0 124
251 G 512908 47 44 13 512659 0 0 0 21 124
252 C 508523 40 134 508125 45 0 0 8 0 171
253 G 505004 74 59 48 504728 0 0 0 8 87
254 C 511969 32 83 511667 46 0 0 9 0 132
255 G 510388 73 54 54 510085 0 0 0 16 106
256 G 560491 48 54 14 560275 0 0 0 15 85
257 G 554805 64 49 19 554543 1 0 0 12 117
258 G 579322 80 47 15 579066 0 0 0 14 100
259 A 581222 580697 39 6 229 3 0 0 0 248
260 A 576991 576613 33 10 217 17 0 0 0 101
261 G 588580 93 153 16 588176 0 0 0 10 132
262 G 598588 66 54 14 598299 0 0 0 11 144
263 A 597579 597139 68 3 80 16 0 0 0 273
264 T 596189 42 595694 88 2 0 20 0 0 343
265 C 568039 32 41 567830 11 0 0 11 0 114
266 C 558838 34 42 558625 16 0 0 18 0 103
267 T 541855 41 541497 185 3 0 4 0 0 125
268 A 542192 541875 23 4 205 4 0 0 0 81
269 A 542411 541849 26 6 446 8 0 0 0 76
270 G 543186 44 24 9 542981 0 0 0 13 115
271 A 521519 521303 22 3 70 14 0 0 0 107
272 A 511388 511149 15 0 175 7 0 0 0 42
273 A 500700 500458 10 5 116 5 0 0 0 106
274 A 469971 469452 33 25 174 4 0 0 0 283
275 C 474723 15 16 474511 5 0 0 9 0 167
276 T 454799 23 454570 84 12 0 3 0 0 107
277 G 452107 46 29 14 451964 0 0 0 2 52
278 G 450443 29 51 5 450269 0 0 0 5 84
279 A 444391 444033 34 7 127 7 0 0 0 183
280 G 439262 41 45 11 439071 0 0 0 3 91
281 G 434313 30 28 9 434129 0 0 0 3 114
282 A 422350 420976 45 8 52 7 0 0 0 1262
283 C 458873 27 33 458642 10 0 0 17 0 144
284 C 450931 35 32 450790 14 0 0 11 0 49
285 C 449849 44 42 449643 14 0 0 6 0 100
286 A 504809 504553 37 14 49 23 0 0 0 133
287 T 496785 65 496520 91 4 0 13 0 0 92
288 A 582074 581858 39 3 74 17 0 0 0 83
289 T 580491 47 580247 77 2 0 10 0 0 108
290 A 527436 526865 50 14 67 44 0 0 0 396
291 C 537384 26 57 537179 12 0 0 25 0 85
292 A 468950 468692 27 9 130 15 0 0 0 77
293 A 472287 471903 33 15 226 17 0 0 0 93
294 G 466474 38 41 7 466177 0 0 0 31 180
295 A 365869 365608 20 10 80 17 0 0 0 134
296 G 370884 19 34 9 370746 0 0 0 12 64
297 A 347314 347032 21 4 60 12 0 0 0 185
298 G 354428 40 22 7 354277 0 0 0 7 75
299 T 362107 42 360261 43 8 0 8 0 0 1745
300 A 377592 377225 37 7 255 6 0 0 0 62
301 G 407488 38 33 8 407308 0 0 0 17 84
302 A 404049 403868 31 3 57 11 0 0 0 79
303 T 432387 43 432121 70 4 0 13 0 0 136
304 A 427071 426707 24 1 264 4 0 0 0 71
305 G 435841 47 23 7 435696 0 0 0 8 60
306 A 434377 434158 29 7 84 4 0 0 0 95
307 A 435015 434731 14 0 220 4 0 0 0 46
308 A 434068 433780 16 3 202 3 0 0 0 64
309 G 449434 45 28 4 449207 0 0 0 10 140
310 T 450997 32 449606 66 15 0 6 0 0 1272
311 G 461015 54 29 21 460847 0 0 0 8 56
312 G 461986 28 35 8 461824 0 0 0 9 82
313 A 462052 461752 31 5 81 7 0 0 0 176
314 T 466381 44 466115 73 5 0 1 0 0 143
315 G 481386 61 44 15 481179 0 0 0 10 77
316 A 485384 485031 48 4 153 8 0 0 0 140
317 G 487130 56 44 7 486958 0 0 0 3 62
318 G 484017 44 39 9 483800 0 0 0 2 123
319 G 485729 258 56 22 485117 0 0 0 8 268
320 A 488249 487929 23 7 70 13 0 0 0 207
321 A 489965 488879 37 4 107 9 0 0 1 928
322 C 492088 19 26 491890 11 0 0 6 0 136
323 T 488593 30 488135 75 4 0 13 0 0 336
324 C 481337 50 73 481111 17 0 0 13 0 73
325 G 469932 74 16 14 469701 0 0 0 9 118
326 T 482332 34 481800 72 5 0 13 0 0 408
327 C 511450 29 39 511192 17 0 0 22 0 151
328 C 534139 22 47 533855 12 0 0 37 0 166
329 T 545823 12 545573 119 3 0 25 0 0 91
330 T 546288 18 546153 67 3 0 8 0 0 39
331 T 529293 41 529051 87 11 0 13 0 0 90
332 A 494746 494453 66 4 132 24 0 0 0 67
333 T 487165 50 486907 74 28 0 3 0 0 103
334 G 488825 87 25 14 488608 0 0 0 9 82
335 A 432654 432139 69 16 93 21 0 0 0 316
336 C 439254 36 60 438970 12 0 0 22 0 154
337 A 383953 383751 16 28 76 11 0 0 0 71
338 A 389864 389595 25 7 155 3 0 0 0 79
339 A 397630 397254 27 10 273 6 0 0 0 60
340 G 465972 49 29 12 465674 0 0 0 34 174
341 A 480661 480429 28 5 87 20 0 0 0 92
342 A 474979 474688 27 2 157 2 0 0 0 103
343 G 535311 114 23 7 534811 0 0 0 28 328
344 A 557516 557241 38 4 103 27 0 0 0 103
345 A 559079 558794 38 3 124 11 0 0 0 109
346 A 560029 559759 64 2 121 6 0 0 0 77
347 T 554404 69 553914 86 6 0 22 0 0 307
348 A 548395 547889 21 30 328 11 0 0 0 116
349 A 542087 541483 40 35 415 12 0 0 0 102
350 G 542305 37 50 19 542044 0 0 0 13 142
351 G 542146 48 46 16 541896 0 0 0 11 129
352 C 521731 33 85 521357 30 0 0 5 0 221
353 G 518418 81 34 17 518003 0 0 0 4 279
354 A 530635 530476 25 2 36 10 0 0 0 86
355 A 549501 549147 19 3 94 8 0 0 0 230
356 T 547348 37 546851 49 2 0 6 0 0 403
357 C 547219 33 33 546999 13 0 0 7 0 134
358 T 534200 33 533830 99 7 0 5 0 0 226
359 G 540108 52 25 12 539933 0 0 0 2 84
360 G 524599 33 38 10 524379 0 0 0 3 136
361 C 531831 30 140 531397 24 0 0 5 0 235
362 G 531744 113 44 33 531305 0 0 0 11 238
363 C 527059 25 24 526882 12 0 0 7 0 109
364 C 510835 29 64 510136 13 0 0 4 0 589
365 A 509176 508939 32 7 86 7 0 0 0 105
366 A 533171 532871 18 9 128 11 0 0 0 134
367 G 598708 99 34 27 598358 0 0 0 39 151
368 C 597394 44 85 597086 30 0 0 29 0 120
369 C 639002 37 82 638715 19 0 0 32 0 117
370 A 640097 639736 18 27 110 33 0 0 0 173
371 A 650247 649957 55 10 96 33 0 0 0 96
372 T 663789 95 663388 116 5 0 9 0 0 176
373 A 657331 656789 51 3 394 38 0 0 0 56
374 A 662057 661619 52 6 213 31 0 0 0 136
375 T 629780 47 629419 73 16 0 25 0 0 200
376 G 591389 66 48 15 591141 0 0 0 27 92
377 G 547101 39 35 10 546879 0 0 0 30 108
378 T 495416 45 493383 109 12 0 7 0 0 1860
379 G 498288 64 37 16 498079 0 0 0 10 82
380 A 492823 492518 41 6 93 8 0 0 0 157
381 T 491909 41 491657 70 5 0 8 0 0 128
382 G 486974 61 35 17 486743 0 0 0 10 108
383 A 489139 488911 47 7 76 10 0 0 0 88
384 T 497934 35 497654 97 10 0 21 0 0 117
385 G 491985 86 38 15 491744 0 0 0 13 89
386 C 484613 33 75 484355 22 0 0 3 0 125
387 A 480049 479784 31 3 98 6 0 0 0 127
388 A 474582 474171 24 10 134 8 0 0 0 235
389 C 460754 20 38 460568 8 0 0 15 0 105
390 A 448284 448006 19 10 180 13 0 0 0 56
391 G 450040 31 42 12 449866 0 0 0 8 81
392 C 431894 27 21 431729 13 0 0 7 0 97
393 T 416949 16 416750 69 11 0 5 0 0 98
394 G 481609 48 36 12 481387 0 0 0 21 105
395 G 494673 42 60 7 494500 0 0 0 10 54
396 T 495263 51 494106 54 4 0 11 0 0 1037
397 C 532803 35 56 532577 11 0 0 16 0 108
398 T 516776 15 516503 134 19 0 19 0 0 86
399 G 597855 74 34 31 597559 0 0 0 27 130
400 A 599837 598996 71 12 103 18 0 0 0 637
401 C 637677 27 55 637395 14 0 0 20 0 166
402 T 650790 53 650403 109 8 0 21 0 0 196
403 C 653476 56 77 653146 12 0 0 27 0 158
404 A 651893 650922 67 17 151 18 0 0 0 718
405 C 711084 45 100 710761 19 0 0 34 0 125
406 A 711019 710636 42 12 134 22 0 0 0 173
407 T 730789 61 730467 119 11 0 30 0 0 101
408 G 691464 64 58 22 691165 0 0 0 16 139
409 A 717594 717200 52 3 127 27 0 0 0 185
410 T 694910 61 694550 82 11 0 8 0 0 198
411 G 702099 76 52 16 701799 0 0 0 16 140
412 A 686514 686116 46 10 83 17 0 0 0 242
413 T 680723 46 680270 90 8 0 26 0 0 283
414 C 620409 34 31 620192 9 0 0 12 0 131
415 T 613747 47 613371 138 12 0 14 0 0 165
416 G 595986 71 31 13 595784 0 0 0 5 82
417 G 599632 64 64 24 599396 0 0 0 10 74
418 C 586461 44 118 586100 26 0 0 9 0 164
419 A 582996 582715 39 7 101 10 0 0 0 124
420 T 572983 20 572730 93 3 0 1 0 0 136
421 T 568428 23 568177 96 3 0 3 0 0 126
422 C 569470 40 53 569229 13 0 0 8 0 127
423 C 567318 44 64 567118 10 0 0 4 0 78
424 A 567360 567196 20 18 80 2 0 0 0 44
425 A 564328 564059 26 3 98 1 0 0 0 141
426 T 558722 33 558519 51 6 0 1 0 0 112
427 T 558137 27 557954 72 3 0 6 0 0 75
428 T 551946 23 551722 90 15 0 5 0 0 91
429 G 556006 65 28 23 555802 0 0 0 8 80
430 A 542160 541883 39 4 113 3 0 0 0 118
431 A 541824 541596 21 8 103 5 0 0 0 91
432 T 546618 51 546310 89 5 0 22 0 0 141
433 G 515681 54 38 17 515494 0 0 0 15 63
434 A 555575 555304 64 5 68 20 0 0 0 114
435 T 552012 46 551766 66 5 0 15 0 0 114
436 A 552494 551840 49 13 243 14 0 0 0 335
437 C 591155 49 99 590840 14 0 0 17 0 136
438 A 558814 558482 24 14 171 26 0 0 0 97
439 A 644408 643826 65 12 187 34 0 0 0 284
440 C 648985 38 55 648715 5 0 0 25 0 147
441 A 648638 648332 41 12 78 35 0 0 0 140
442 T 666885 29 666608 75 3 0 41 0 0 129
443 A 559755 558366 48 13 166 12 0 0 0 1150
444 C 576801 31 49 576575 16 0 0 17 0 113
445 C 578617 40 53 578382 23 0 0 30 0 89
446 A 565853 565474 44 15 216 14 0 0 0 90
447 G 585720 50 80 7 585447 0 0 0 23 113
448 A 519227 518865 20 13 141 7 0 0 0 181
449 G 572272 68 46 23 571982 0 0 0 21 132
450 G 563907 63 17 13 563683 0 0 0 23 108
451 A 567848 567134 84 7 91 19 0 0 0 513
452 C 578239 29 60 578006 12 0 0 16 0 116
453 A 566888 566479 35 10 227 16 0 0 0 121
454 A 581340 580605 33 14 514 5 0 0 0 169
455 G 602026 54 39 15 601789 0 0 0 12 117
456 A 625618 625193 16 3 124 19 0 0 0 263
457 G 646575 40 53 17 646302 0 0 0 16 147
458 C 672928 55 52 672622 21 0 0 22 0 156
459 T 672135 22 671584 98 5 0 6 0 0 420
460 C 679421 29 46 679191 15 0 0 5 0 135
461 T 677313 36 676985 118 4 0 8 0 0 162
462 T 687997 41 687752 79 14 0 7 0 0 104
463 G 694171 50 20 15 693986 0 0 0 11 89
464 T 702761 67 702175 109 6 0 6 0 0 398
465 T 701896 45 701616 87 7 0 6 0 0 135
466 C 707334 39 147 706899 25 0 0 7 0 217
467 G 703638 214 110 60 703062 0 0 0 6 186
468 C 722904 53 91 722601 19 0 0 11 0 129
469 A 714702 712411 54 14 182 10 0 0 0 2031
470 C 718733 22 97 718509 13 0 0 8 0 84
471 C 711820 47 131 711497 23 0 0 4 0 118
472 G 726207 183 31 16 725806 0 0 0 20 151
473 G 735596 178 49 31 735202 0 0 0 11 125
474 C 766630 55 124 766278 34 0 0 6 0 133
475 A 770083 769605 55 7 191 14 0 0 0 211
476 T 807081 34 806716 87 7 0 21 0 0 216
477 G 802724 85 68 25 802373 0 0 0 26 147
478 G 840901 75 149 12 840482 0 0 0 24 159
479 A 880431 879761 74 6 140 44 0 0 0 406
480 T 896510 99 895705 130 10 0 56 0 0 510
481 C 837872 51 102 837517 16 0 0 39 0 147
482 C 795709 57 68 795380 19 0 0 30 0 155
483 C 749945 77 87 749590 19 0 0 10 0 162
484 A 760781 760114 33 19 439 20 0 0 0 156
485 G 798790 75 77 21 798346 0 0 0 34 237
486 G 768907 40 66 5 768596 0 0 0 34 166
487 A 731937 731299 80 11 179 35 0 0 0 333
488 T 647106 28 646822 75 8 0 15 0 0 158
489 G 659866 84 38 16 659563 0 0 0 19 146
490 T 638389 56 637359 112 16 0 13 0 0 833
491 G 640697 135 47 16 640375 0 0 0 11 113
492 C 644490 41 46 644191 30 0 0 14 0 168
493 T 623325 32 622935 112 22 0 12 0 0 212
494 C 645548 37 52 645144 23 0 0 21 0 271
495 T 617882 34 617508 95 7 0 15 0 0 223
496 C 629740 41 47 629533 18 0 0 20 0 81
497 T 627745 53 627359 158 9 0 15 0 0 151
498 G 595915 59 46 11 595697 0 0 0 11 91
499 A 597636 597316 45 7 82 8 0 0 0 178
500 T 588305 48 588024 84 6 0 9 0 0 134
501 G 580983 112 86 24 580634 0 0 0 12 115
502 C 582957 54 108 582631 28 0 0 17 0 119
503 A 551275 550837 28 17 256 7 0 1 0 129
504 G 556033 37 35 11 555844 0 0 0 20 86
505 G 530799 31 22 12 530650 0 0 0 9 75
506 G 555452 50 35 10 555222 0 0 0 8 127
507 T 538985 21 535840 76 15 0 7 0 0 3026
508 T 542998 43 542784 67 2 0 3 0 0 99
509 C 544611 33 108 544310 17 0 0 11 0 132
510 G 544712 89 27 18 544480 0 0 0 11 87
511 A 549842 547487 46 8 90 11 0 0 0 2200
512 C 546003 21 25 545801 5 0 0 12 0 139
513 T 530476 29 530069 92 6 0 11 0 0 269
514 C 587245 34 43 587006 18 0 0 28 0 116
515 T 596430 40 595879 139 19 0 23 0 0 330
516 C 741611 39 152 741182 16 0 0 32 0 190
517 C 730777 49 50 730473 22 0 0 32 0 151
518 C 727770 27 81 727530 12 0 0 23 0 97
519 T 724382 79 724027 133 8 0 9 0 0 126
520 A 789310 788396 42 10 680 44 0 0 0 138
521 G 756234 57 56 28 755928 0 0 0 25 140
522 G 737276 61 68 22 736904 0 0 0 32 189
523 A 676220 675534 46 15 222 17 0 0 0 386
524 G 683804 45 50 14 683476 0 0 0 45 174
525 G 661575 44 29 22 661326 0 0 0 30 124
526 T 652904 44 650712 85 17 0 26 0 0 2020
527 C 647438 31 46 647161 17 0 0 8 0 175
528 T 665630 32 665256 201 7 0 22 0 0 112
529 G 666458 68 42 16 666183 0 0 0 11 138
530 G 670334 39 53 11 670070 0 0 0 8 153
531 A 668076 667512 24 3 170 4 0 0 0 363
532 G 684616 43 51 6 684357 0 0 0 21 138
533 C 677553 36 49 677289 10 0 0 19 0 150
534 T 655154 7 654750 140 4 0 9 0 0 244
535 G 657620 244 45 21 657179 0 0 0 6 125
536 C 660381 48 108 659971 12 0 0 9 0 233
537 A 662719 662011 64 29 474 9 0 0 0 132
538 G 678720 46 39 16 678542 0 0 0 4 73
539 G 688837 32 34 15 688655 0 0 0 9 92
540 C 685177 54 121 684789 24 0 0 12 0 177
541 G 677381 155 57 16 676924 0 0 0 9 220
542 C 682992 39 33 682778 9 0 0 11 0 122
543 T 671109 26 670550 195 13 0 3 0 0 322
544 G 694145 252 64 18 693694 0 0 0 6 111
545 C 682065 70 227 681597 26 0 0 5 0 140
546 A 725249 724693 38 19 272 20 0 0 0 207
547 G 748917 80 39 12 748650 0 0 0 20 116
548 T 757551 59 756726 103 30 0 19 0 0 614
549 C 768579 73 115 768162 28 0 0 6 0 195
550 A 763518 762969 43 31 325 19 0 0 0 131
551 A 757032 756309 51 11 528 20 0 0 0 113
552 A 757112 755924 60 81 881 9 0 0 0 157
553 G 730569 53 50 13 730333 0 0 0 20 100
554 G 755411 81 48 12 755065 0 0 0 59 146
555 A 675945 675230 52 10 154 18 0 0 0 481
556 G 665270 56 49 13 665035 0 0 0 10 107
557 T 649263 42 648165 96 17 0 8 0 0 935
558 T 632138 46 631862 99 27 0 13 0 0 91
559 G 642040 71 53 23 641712 0 0 0 16 165
560 G 648645 82 43 28 648383 0 0 0 11 98
561 G 651288 103 35 22 651034 0 0 0 15 79
562 A 636882 636030 82 35 112 35 0 0 0 588
563 C 571931 41 79 571635 15 0 0 31 0 130
564 A 511583 511310 27 12 105 27 0 0 0 102
565 A 428050 427825 29 5 120 6 0 0 0 65
566 T 431813 25 431608 50 9 0 9 0 0 112
567 G 443901 44 30 5 443755 0 0 0 12 55
568 G 452262 29 36 8 452114 0 0 0 21 54
569 T 412544 33 410089 89 17 0 9 0 0 2307
570 G 412617 45 29 8 412482 0 0 0 9 44
571 A 408924 408643 40 1 74 3 0 0 0 163
572 T 409454 36 409277 49 7 0 7 0 0 78
573 G 404517 45 24 15 404357 0 0 0 12 64
574 G 374036 38 40 6 373879 0 0 0 8 65
575 A 444748 444442 31 4 111 12 0 0 0 148
576 G 464895 51 27 5 464714 0 0 0 17 81
577 T 453346 30 452671 59 10 0 5 0 0 571
578 T 515646 30 515400 90 9 0 24 0 0 93
579 G 546768 44 41 11 546551 0 0 0 22 99
580 A 550248 549878 47 0 126 12 0 0 0 185
581 T 538241 36 537984 76 9 0 8 0 0 128
582 A 534729 534191 25 4 427 19 0 0 0 63
583 A 521519 520853 29 9 547 6 0 0 0 75
584 G 556743 41 68 15 556445 0 0 0 19 155
585 G 588862 38 46 14 588654 0 0 0 24 86
586 A 590400 590065 55 2 83 25 0 0 0 170
587 T 542326 40 541987 77 11 0 9 0 0 202
588 G 565564 65 43 20 565317 0 0 0 16 103
589 A 569917 569580 51 1 118 12 0 0 0 155
590 T 571823 66 571503 63 2 0 3 0 0 186
591 C 568864 44 55 568648 20 0 0 9 0 88
592 A 565029 564745 15 13 137 15 0 0 0 104
593 A 548304 548050 12 3 141 10 0 0 0 88
594 A 550186 549658 18 26 255 7 0 0 0 222
595 C 538512 24 72 538299 8 0 0 11 0 98
596 G 529118 69 47 16 528780 0 0 0 19 187
597 T 509722 35 508711 73 15 0 13 0 0 875
598 G 502881 35 28 9 502736 0 0 0 5 68
599 G 509587 39 36 14 509423 0 0 0 4 71
600 G 526591 68 26 7 526388 0 0 0 11 91
601 A 528444 528070 60 5 93 8 0 0 0 208
602 T 531031 32 530732 75 4 0 10 0 0 178
603 C 520559 20 64 520335 9 0 0 10 0 121
604 A 514970 514723 17 5 142 2 0 0 0 81
605 A 515966 515750 27 4 83 9 0 0 0 93
606 T 514307 37 514075 53 5 0 7 0 0 130
607 G 525763 68 32 5 525556 0 0 0 18 84
608 A 515106 514839 42 6 82 15 0 0 0 122
609 T 484294 39 484028 61 2 0 2 0 0 162
610 C 501464 29 75 501252 14 0 0 10 0 84
611 G 499965 74 41 19 499733 0 0 0 10 88
612 G 549494 40 22 39 549281 0 0 0 13 99
613 A 550994 550651 18 4 82 11 0 0 0 228
614 A 536775 536121 36 8 139 20 0 0 0 451
615 C 664228 37 44 663866 11 0 0 58 0 212
616 T 647452 30 647117 121 5 0 44 0 0 135
617 T 635447 23 635220 92 5 0 7 0 0 100
618 C 647533 22 63 647304 20 0 0 6 0 118
619 T 649805 67 649361 187 23 0 47 0 0 120
620 G 653205 77 58 16 652918 0 0 0 16 120
621 G 658429 54 49 14 658191 0 0 0 6 115
622 A 646778 646147 61 3 176 30 0 0 0 361
623 G 623603 53 49 8 623287 0 0 0 50 156
624 A 504830 504387 36 30 127 4 0 0 0 246
625 G 548054 30 41 7 547891 0 0 0 22 63
626 G 583144 42 36 11 582895 0 0 0 21 139
627 T 557294 54 551654 100 55 0 6 0 0 5425
628 G 554562 79 68 19 554234 0 0 0 10 152
629 A 552998 552724 46 4 131 11 0 0 0 82
630 A 558423 558169 30 4 122 10 0 0 0 88
631 A 562615 562357 18 3 142 2 0 0 0 93
632 A 557931 557708 62 3 79 10 0 0 0 69
633 T 539343 27 539054 57 12 0 23 0 0 170
634 G 509328 59 38 22 509150 0 0 0 4 55
635 G 508194 50 39 7 508000 0 0 0 1 97
636 A 508834 508390 41 5 105 6 0 0 0 287
637 C 497389 19 122 497149 21 0 0 3 0 75
638 G 494897 103 23 13 494685 0 0 0 1 72
639 A 495495 495328 28 4 74 3 0 0 0 58
640 A 500444 500219 15 2 109 3 0 0 0 96
641 A 502170 502011 9 2 115 5 0 0 0 28
642 A 497735 497454 9 4 109 3 0 0 0 156
643 A 495381 495098 41 46 68 5 0 0 0 123
644 C 487643 41 29 487517 3 0 0 5 0 48
645 A 485857 485597 19 14 124 5 0 0 0 98
646 A 483143 482794 24 10 263 4 0 0 0 48
647 G 494946 36 50 8 494732 0 0 0 11 109
648 G 471045 36 29 12 470899 0 0 0 15 54
649 A 449602 449348 36 4 58 8 0 0 0 148
650 G 457684 36 10 1 457532 0 0 0 12 93
651 T 432510 46 429941 62 16 0 4 0 0 2441
652 G 454116 41 38 15 453880 0 0 0 10 132
653 C 447957 25 28 447799 18 0 0 5 0 82
654 T 442419 16 442213 60 4 0 13 0 0 113
655 T 473448 27 473260 70 6 0 12 0 0 73
656 A 452473 452040 30 15 160 27 0 0 0 201
657 C 497814 28 98 497554 21 0 0 13 0 100
658 G 497267 94 51 21 496979 0 0 0 24 98
659 A 451280 450964 37 18 86 21 0 0 0 154
660 G 501970 39 41 7 501722 0 0 0 45 116
661 A 411952 411647 41 15 107 13 0 0 0 129
662 G 423148 54 32 8 422910 0 0 0 11 133
663 A 413221 413006 25 6 63 13 0 0 0 108
664 A 365267 365073 22 0 71 8 0 0 0 93
665 T 367678 30 367468 51 12 0 16 0 0 101
666 G 383709 67 14 8 383489 0 0 0 18 113
667 T 452221 58 451272 92 10 0 16 0 0 773
668 G 472125 68 48 19 471826 0 0 0 14 150
669 C 475021 23 115 474689 28 0 0 7 0 159
670 A 469479 469300 33 14 71 9 0 0 0 52
671 A 480621 480160 50 7 105 12 0 0 0 287
672 C 513194 20 34 512999 10 0 0 12 0 119
673 A 508535 508334 38 5 56 14 0 0 0 88
674 T 495156 25 494966 67 4 0 10 0 0 84
675 T 495139 27 494921 74 2 0 4 0 0 111
676 C 503873 18 41 503639 7 0 0 9 0 159
677 T 502621 44 502304 90 6 0 3 0 0 174
678 C 522365 38 56 522094 14 0 0 4 0 159
679 A 519597 519347 20 9 99 0 0 0 0 122
680 A 520808 520609 39 2 89 3 0 0 0 66
681 A 520165 519748 18 3 269 3 0 0 0 124
682 G 533236 46 31 9 533083 0 0 0 2 65
683 G 544102 59 20 13 543878 0 0 0 6 126
684 A 539308 539049 36 12 98 6 0 0 0 107
685 A 537568 537368 22 5 115 1 0 0 0 57
686 A 537852 537638 14 2 139 6 0 0 0 53
687 A 567439 567180 54 0 115 10 0 0 0 80
688 T 568203 43 567881 62 3 0 10 0 0 204
689 T 558563 23 558393 77 3 0 3 0 0 64
690 T 557632 39 557403 99 4 0 5 0 0 82
691 C 530799 53 53 530513 20 0 0 7 0 153
692 A 528760 528507 24 12 171 2 0 0 0 44
693 A 527489 527228 10 7 131 6 0 0 0 107
694 A 527778 527410 15 28 108 10 0 0 0 207
695 C 548238 20 39 548068 7 0 0 9 0 95
696 A 513883 513657 25 11 83 14 0 0 0 93
697 G 530257 26 48 14 530014 0 0 0 13 142
698 C 535687 38 51 535448 18 0 0 10 0 122
699 T 490686 26 490329 90 13 0 8 0 0 220
700 G 520853 164 45 19 520427 0 0 0 20 178
701 C 439345 39 51 439131 25 0 0 11 0 88
702 A 441615 440974 48 20 102 8 0 0 0 463
703 C 434279 38 51 434035 7 0 0 12 0 136
704 A 430539 430342 19 18 80 19 0 0 0 61
705 A 428748 428514 31 2 118 10 0 0 0 73
706 A 411064 410783 19 22 165 13 0 0 0 62
707 G 452198 56 36 8 451947 0 0 0 34 117
708 G 451354 50 17 11 451150 0 0 0 24 102
709 G 423314 34 37 30 423066 0 0 0 9 138
710 C 419065 30 74 418780 28 0 0 7 0 146
711 A 412548 412360 23 11 73 11 0 0 0 70
712 A 444941 444729 35 0 94 22 0 0 0 61
713 T 421592 29 421398 56 7 0 10 0 0 92
714 G 423480 41 30 9 423301 0 0 0 8 91
715 A 393048 392807 38 3 74 9 0 0 0 117
716 T 407165 53 406941 67 4 0 14 0 0 86
717 G 405177 51 70 14 404963 0 0 0 4 75
718 G 445794 39 36 16 445628 0 0 0 17 58
719 A 445894 445536 41 5 85 28 0 0 0 199
720 T 438884 47 438591 47 0 0 11 0 0 188
721 C 420248 19 55 420063 10 0 0 6 0 95
722 A 422691 422415 18 6 144 6 0 0 0 102
723 A 476575 476303 19 6 141 20 0 0 0 86
724 G 481837 39 11 8 481714 0 0 0 9 56
725 T 481907 37 481077 66 8 0 7 0 0 712
726 G 487554 58 35 12 487346 0 0 0 13 90
727 A 477555 477155 38 6 165 11 0 0 0 180
728 G 495380 27 26 10 495220 0 0 0 9 88
729 A 494002 493656 39 8 153 8 0 0 0 138
730 G 497546 59 48 8 497306 0 0 0 5 120
731 A 488450 488211 22 4 91 8 0 0 0 114
732 A 476260 475955 21 3 150 6 0 0 0 125
733 A 505317 504981 12 8 246 12 0 0 0 58
734 G 514626 36 20 11 514427 0 0 0 4 128
735 T 514385 43 513283 61 9 0 6 0 0 983
736 C 500469 30 75 500279 10 0 0 6 0 69
737 G 496232 102 47 22 495920 0 0 0 9 132
738 G 501137 44 199 11 500780 0 0 0 11 92
739 A 498886 498645 19 2 70 2 0 0 0 148
740 A 503590 502364 28 15 115 9 0 0 0 1059
741 C 511524 32 30 511363 5 0 0 9 0 85
742 C 552788 35 31 552614 11 0 0 21 0 76
743 C 565274 32 71 565061 15 0 0 7 0 88
744 A 562682 562335 24 18 140 8 0 0 0 157
745 G 584466 48 34 15 584241 0 0 0 25 103
746 G 583178 40 29 13 582929 0 0 0 24 143
747 A 579492 579262 29 2 92 9 0 0 0 98
748 A 586032 585817 34 2 111 11 0 0 0 57
749 A 553649 553411 33 2 89 16 0 0 0 98
750 T 583241 36 582910 82 17 0 20 0 0 176
751 G 590331 74 52 25 589966 0 0 0 21 193
752 C 633892 102 63 633582 17 0 0 18 0 110
753 T 612189 24 611822 168 17 0 15 0 0 143
754 G 618265 64 52 12 617974 0 0 0 24 139
755 A 580200 579823 53 14 158 11 0 0 0 141
756 G 593627 55 29 10 593409 0 0 0 20 104
757 A 592283 591939 52 0 108 20 0 0 0 164
758 T 596288 25 595897 57 8 0 16 0 0 285
759 C 580582 45 94 580308 15 0 0 16 0 104
760 G 579066 114 60 32 578733 0 0 0 11 116
761 A 559343 558994 48 5 93 8 0 0 0 195
762 A 555907 555420 39 5 336 9 0 0 0 98
763 G 595138 38 37 7 594820 0 0 0 21 215
764 A 593940 593254 45 1 100 17 0 0 0 523
765 T 567468 29 567105 84 4 0 4 0 0 242
766 C 564099 20 28 563839 14 0 0 13 0 185
767 T 535228 53 534961 83 5 0 11 0 0 115
768 C 546098 43 56 545844 13 0 0 5 0 137
769 A 544023 543725 18 10 129 6 0 0 0 135
770 T 544806 45 544505 70 5 0 10 0 0 171
771 C 540252 23 18 540106 6 0 0 13 0 86
772 T 497935 17 497712 107 2 0 7 0 0 90
773 T 502076 8 501863 70 5 0 6 0 0 124
774 T 502954 12 502791 66 9 0 9 0 0 67
775 C 498468 23 42 498314 15 0 0 5 0 69
776 T 496465 39 496186 107 9 0 5 0 0 119
777 G 483988 58 22 17 483769 0 0 0 12 110
778 G 490410 83 33 27 490141 0 0 0 6 120
779 C 487147 45 101 486824 26 0 0 1 0 150
780 A 485819 485169 35 16 158 5 0 0 0 436
781 C 480291 13 105 480074 10 0 0 10 0 79
782 G 501626 84 27 8 501414 0 0 0 28 65
783 G 512230 42 28 12 512033 0 0 0 27 88
784 T 510565 34 509589 70 5 0 9 0 0 858
785 C 513013 31 47 512800 11 0 0 3 0 121
786 T 521182 15 520895 168 5 0 24 0 0 75
787 G 515389 144 51 23 515034 0 0 0 17 120
788 C 529447 41 78 529151 21 0 0 13 0 143
789 A 512032 510729 58 19 126 22 0 0 0 1078
790 C 509297 20 41 509047 11 0 0 34 0 144
791 T 450768 41 450506 87 12 0 24 0 0 98
792 C 481117 41 60 480791 13 0 0 29 0 183
793 A 490016 489741 33 14 75 16 0 0 0 137
794 T 478123 37 477876 99 2 0 15 0 0 94
795 A 464652 463815 30 5 168 7 0 0 0 627
796 T 486952 38 486784 48 9 0 17 0 0 56
797 T 491688 38 491274 79 5 0 8 0 0 284
798 G 545472 58 41 13 545239 0 0 0 20 101
799 A 531290 530194 29 8 141 16 0 0 0 902
800 G 582258 32 56 9 582015 0 0 0 24 122
801 A 536405 529491 28 10 180 13 0 0 0 6683
802 G 547127 90 52 9 546835 0 0 0 15 126
803 G 580587 34 40 12 580374 0 0 0 15 112
804 G 582308 55 59 9 581559 0 0 0 19 607
805 T 579758 43 577993 90 5 0 4 0 0 1623
806 C 583378 30 67 582348 14 0 0 4 0 915
807 A 578291 577022 46 2 148 6 0 0 0 1067
808 G 591056 37 26 11 589303 0 0 0 7 1672
809 T 589650 41 589230 67 4 0 6 0 0 302
810 T 585872 33 585429 82 10 0 4 0 0 314
811 G 591996 69 37 28 590821 0 0 0 8 1033
812 C 577862 32 56 577566 13 0 0 9 0 186
813 T 578592 27 575062 104 14 0 8 0 0 3377
814 C 586237 38 58 585874 20 0 0 4 0 243
815 A 584424 583170 77 10 93 7 0 0 0 1067
816 C 587165 32 52 579229 11 0 0 3 0 7838
817 A 581062 580808 21 4 107 9 0 0 0 113
818 A 583514 583151 21 2 286 11 0 0 0 43
819 A 582974 581750 47 4 156 10 0 0 0 1007
820 T 580395 21 579907 50 0 0 7 0 0 410
821 C 575423 16 36 571155 4 0 0 11 0 4201
822 T 569990 38 569739 93 8 0 16 0 0 96
823 T 548576 15 548267 93 18 0 7 0 0 176
824 G 548220 55 30 14 546857 0 0 0 14 1250
825 T 523018 82 522468 100 9 0 8 0 0 351
826 C 522396 35 72 521711 13 0 0 23 0 542
827 T 445503 40 442985 30 9 0 3 0 0 2436
828 G 444524 33 45 13 441583 0 0 1 5 2844
829 C 438351 38 143 438011 33 0 0 5 0 121
830 C 436453 45 69 436233 16 0 0 10 0 80
831 C 362205 43 104 361939 25 0 0 6 0 88
832 G 331112 104 44 25 330793 1 0 0 3 142
833 C 340101 31 35 339976 13 0 0 8 0 38
834 C 338073 31 42 337779 10 0 0 8 0 203
835 T 322440 10 322005 237 23 0 4 0 0 161
836 G 318656 56 26 5 318481 0 0 0 14 74
837 T 303849 41 303421 72 13 0 6 0 0 296
838 G 321111 18 29 6 320922 0 0 0 6 130
839 T 279053 29 278770 50 17 0 9 0 0 178
840 G 304167 64 18 6 303416 0 0 0 23 640
841 T 222526 19 222331 32 5 0 2 0 0 137
842 A 225513 224476 21 0 133 9 0 0 0 874
843 T 223283 25 219541 25 12 0 3 0 0 3677
844 G 220352 48 17 8 220236 0 0 0 19 24
845 G 241773 29 17 18 240903 0 0 0 11 795
846 A 236192 170302 43 11 53 7 0 2 0 65774
847 C 237095 10 32 236991 7 0 0 21 0 34
848 C 237972 24 16 237883 12 0 0 15 0 22
849 T 223135 17 223017 31 13 0 3 0 0 54
850 G 384230 146 42 21 383883 0 0 0 40 98
851 C 387173 27 94 386962 10 0 0 17 0 63
852 C 385670 15 95 385500 5 0 0 1 0 54
853 G 385825 75 27 6 385655 0 0 0 6 56
854 T 402287 23 402086 73 7 0 15 0 0 83
855 A 415398 415063 17 5 224 4 0 0 0 85
856 G 435068 44 28 17 434861 0 0 0 8 110
857 C 435902 24 32 435779 9 0 0 2 0 56
858 C 452402 23 50 452206 18 0 0 7 0 98
859 A 538671 538401 34 17 91 6 0 0 0 122
860 G 546518 44 33 16 546361 0 0 0 3 61
861 T 546525 54 546027 77 17 0 3 0 0 347
862 G 595230 75 30 15 595020 0 0 0 17 73
863 G 594858 32 30 11 594677 0 0 0 12 96
864 C 602000 24 58 601774 21 0 0 6 0 117
865 T 599958 21 599638 153 0 0 2 0 0 144
866 A 604247 603734 45 3 235 6 0 0 0 224
867 C 600978 32 133 600678 10 0 0 1 0 124
868 G 645633 85 19 12 645344 0 0 0 11 162
869 A 646390 645731 42 1 78 4 0 0 0 534
870 C 650988 21 48 650665 10 0 0 12 0 232
871 T 631025 14 630780 88 4 0 3 0 0 136
872 T 633975 22 633771 71 3 0 2 0 0 106
873 C 633010 35 109 632763 12 0 0 3 0 88
874 G 637138 98 45 30 636901 0 0 0 5 59
875 A 637630 637382 27 6 117 0 0 0 0 98
876 A 637776 637590 11 3 122 5 0 0 0 45
877 A 636970 636589 8 4 195 4 0 0 0 170
878 A 637112 636862 35 5 145 4 0 0 0 61
879 A 633786 633304 27 3 379 1 0 0 0 72
880 G 637536 59 35 10 637248 0 0 0 6 178
881 A 625841 625470 41 3 149 4 0 0 0 174
882 G 618519 65 40 5 618264 0 0 0 6 139
883 G 615572 50 46 13 615402 0 0 0 6 55
884 G 610493 83 71 15 610224 0 0 0 11 89
885 A 590543 589914 53 3 88 8 0 0 0 477
886 T 585053 48 584649 104 1 0 15 0 0 236
887 A 523036 519664 41 6 123 8 0 0 0 3194
888 C 521054 27 38 520855 12 0 0 13 0 109
889 T 463559 38 463083 68 6 0 14 0 0 350
890 C 473390 31 24 473245 4 0 0 17 0 69
891 T 491047 18 490847 91 2 0 13 0 0 76
892 T 483787 17 483642 74 1 0 8 0 0 45
893 T 485184 36 485000 72 14 0 16 0 0 46
894 A 491536 491052 36 8 309 32 0 0 0 99
895 G 507463 58 47 5 507266 0 0 0 22 65
896 T 484248 56 483041 75 43 0 16 0 0 1017
897 G 472754 72 47 21 472544 0 0 0 12 58
898 G 475596 36 63 18 475346 0 0 0 35 98
899 G 450650 80 37 25 450369 0 0 0 48 91
900 A 549672 549293 46 5 108 38 0 0 0 182
901 A 561980 561689 64 11 111 6 0 0 0 99
902 T 562717 71 562392 75 6 0 11 0 0 162
903 A 554495 554088 31 5 242 32 0 0 0 97
904 G 564331 62 52 23 564040 0 0 0 7 147
905 A 570597 566847 67 35 67 6 0 0 0 3575
906 C 584412 55 46 584179 19 0 0 19 0 94
907 C 575890 29 35 575681 19 0 0 26 0 100
908 C 625517 44 43 625266 7 0 0 46 0 111
909 T 625640 39 625182 213 18 0 29 0 0 159
910 T 636310 48 636011 114 7 0 7 0 0 123
911 T 611443 46 611179 104 7 0 3 0 0 104
912 C 613072 44 81 612788 20 0 0 18 0 121
913 A 611331 611059 20 25 145 4 0 0 0 78
914 A 615410 615167 45 1 124 4 0 0 0 69
915 A 622661 622031 53 22 167 6 0 0 0 382
916 C 623442 22 37 623269 9 0 0 13 0 92
917 T 612675 17 612343 116 6 0 4 0 0 189
918 G 620466 68 63 14 620202 0 0 0 3 116
919 C 625803 29 30 625573 16 0 0 5 0 150
920 T 626949 22 626712 124 4 0 3 0 0 84
921 T 625918 53 625571 79 5 0 3 0 0 207
922 C 632408 37 65 632152 17 0 0 2 0 135
923 A 630332 630114 27 23 117 1 0 0 0 50
924 A 630419 630210 19 4 130 1 0 0 0 55
925 A 630293 630055 9 7 166 2 0 0 0 54
926 A 629110 628441 38 27 170 5 0 0 0 429
927 C 633489 33 56 633322 7 0 0 10 0 61
928 A 616971 616666 35 4 98 4 0 0 0 164
929 G 639805 88 41 17 639488 0 0 0 13 158
930 C 644080 55 67 643822 31 0 0 9 0 96
931 C 665507 44 97 665178 18 0 0 19 0 151
932 A 658500 658274 37 15 105 8 0 0 0 61
933 A 660547 660263 26 4 130 7 0 0 0 117
934 G 743624 55 29 13 743338 0 0 0 39 150
935 T 760773 63 759431 73 6 0 32 0 0 1168
936 A 740616 740217 41 1 227 16 0 0 0 114
937 T 726677 46 726383 86 4 0 19 0 0 139
938 A 701329 700451 56 12 236 44 0 0 0 530
939 C 677682 52 228 677240 17 1 0 24 0 120
940 A 652064 651677 29 19 171 17 0 0 0 151
941 G 748403 48 54 23 748028 0 0 0 52 198
942 C 756194 40 58 755847 33 0 0 70 0 146
943 C 654532 27 59 654271 21 0 0 20 0 134
944 T 717586 55 717140 229 8 0 28 0 0 126
945 A 750724 750344 24 5 199 28 0 0 0 124
946 A 754647 754116 84 3 266 16 0 0 0 162
947 T 761622 48 761147 104 4 0 27 0 0 292
948 C 683490 45 85 683192 15 0 0 34 0 119
949 A 624367 623986 17 15 260 15 0 0 0 74
950 G 627768 53 34 14 627447 0 0 0 9 211
951 A 628348 627384 31 8 117 4 0 0 0 804
952 C 642920 26 64 642708 13 0 0 10 0 99
953 C 631190 41 89 630967 17 0 0 8 0 68
954 G 633129 98 26 20 632849 0 0 0 10 126
955 A 647301 647086 29 4 65 7 0 0 0 110
956 A 657795 657149 34 8 284 6 0 0 0 314
957 C 653128 20 151 652834 17 0 0 8 0 98
958 G 653218 95 44 21 652911 0 0 0 9 138
959 A 677133 676811 51 6 113 5 0 0 0 147
960 G 681842 52 55 14 681570 0 0 0 4 147
961 A 692519 692149 25 5 83 4 0 0 0 253
962 A 717213 716870 37 3 186 10 0 0 0 107
963 T 715231 67 714701 73 5 0 11 0 0 374
964 C 713755 39 51 713584 7 0 0 11 0 63
965 C 717617 41 98 717325 14 0 0 7 0 132
966 A 708615 708123 15 14 215 21 0 0 0 227
967 G 729535 79 65 24 729171 0 0 0 27 169
968 C 719873 52 110 719468 27 0 0 12 0 204
969 A 757356 756349 83 20 141 16 0 0 0 747
970 C 788411 26 94 788089 12 0 0 29 0 161
971 A 765075 764106 98 21 111 14 0 0 0 725
972 C 778509 51 76 778201 8 0 0 16 0 157
973 A 774079 773617 19 12 254 15 0 0 0 162
974 A 782953 782320 55 13 439 25 0 0 0 101
975 G 792707 51 26 10 791869 0 0 0 38 713
976 A 741934 741549 44 9 113 26 0 0 0 193
977 G 748460 73 38 24 748043 0 0 0 34 248
978 T 653159 70 650991 89 14 0 20 0 0 1975
979 C 681686 41 73 681402 20 0 0 28 0 122
980 A 644975 644402 17 12 286 12 0 0 1 245
981 G 645592 43 64 14 645374 0 0 0 14 83
982 C 645310 56 118 644916 22 0 0 28 0 170
983 T 538437 28 538212 79 14 0 10 0 0 94
984 G 572227 39 40 15 572046 0 0 0 19 68
985 G 582206 38 36 10 582033 0 0 0 21 68
986 T 575603 35 573234 71 25 0 11 0 0 2227
987 G 671633 68 56 23 671334 0 0 0 29 123
988 T 653224 41 652317 77 27 0 23 0 0 739
989 G 655805 74 70 26 655471 0 0 0 17 147
990 G 587531 37 71 12 587320 0 0 0 9 82
991 A 583465 582986 51 5 75 10 0 0 0 338
992 T 592033 58 591599 62 8 0 18 0 0 288
993 G 575589 88 25 16 575334 0 0 0 17 109
994 G 572245 101 41 16 571969 0 0 0 20 98
995 C 577294 43 144 576908 25 0 0 8 0 166
996 A 585972 585628 33 6 139 13 0 0 0 153
997 T 608283 33 607960 116 10 0 15 0 0 149
998 G 613573 141 68 37 613186 0 0 0 7 134
999 C 627399 43 100 627045 22 0 0 12 0 177
1000 C 626080 139 100 625675 20 0 0 10 0 136
1001 A 625894 625491 46 14 88 10 0 0 0 245
1002 T 627571 29 627289 108 9 0 11 0 0 125
1003 T 611084 31 610845 66 8 0 19 0 0 115
1004 C 607009 90 81 606626 17 0 0 10 0 185
1005 T 583455 40 583184 121 22 0 5 0 0 83
1006 G 589508 120 64 44 589124 0 0 0 15 141
1007 C 608049 37 59 607714 26 0 0 20 0 193
1008 T 556302 27 555940 134 16 0 15 0 0 170
1009 G 562768 78 83 22 562445 0 0 0 25 115
1010 C 525829 44 74 525624 17 0 0 8 0 62
1011 A 521316 521061 31 2 61 4 0 0 0 157
1012 T 538715 22 538558 48 4 0 17 0 0 66
1013 T 529935 26 529774 73 3 0 9 0 0 50
1014 T 530948 25 530692 110 7 0 6 0 0 108
1015 G 528738 61 38 11 528521 0 0 0 1 106
1016 A 519366 519059 43 3 123 5 0 0 0 133
1017 A 520194 519908 36 9 176 10 0 0 0 55
1018 G 505616 25 25 10 505443 0 0 0 20 93
1019 A 530046 529787 31 2 47 27 0 0 0 152
1020 T 533523 31 533267 56 4 0 19 0 0 146
1021 C 524524 26 31 524368 3 0 0 6 0 90
1022 T 527295 27 527073 101 7 0 16 0 0 71
1023 A 511993 511736 13 3 120 18 0 0 0 103
1024 A 511868 511508 24 9 241 9 0 0 0 77
1025 G 516424 47 39 10 516223 0 0 0 9 96
1026 A 504008 503670 40 5 80 21 0 0 0 192
1027 G 544318 31 18 13 544083 0 0 0 43 130
1028 T 460462 29 457890 61 8 0 17 0 0 2457
1029 A 455118 454824 47 3 192 8 0 0 0 44
1030 T 447471 27 447302 53 10 0 5 0 0 74
1031 T 444442 46 444242 65 3 0 20 0 0 66
1032 A 458010 457556 58 2 326 10 0 0 0 58
1033 A 418048 417819 5 3 103 7 0 0 0 111
1034 G 408212 16 31 13 408036 0 0 0 13 103
1035 C 410018 19 21 409848 9 0 0 16 0 105
1036 T 354844 2 354708 68 1 0 1 0 0 64
1037 T 415682 41 415475 47 3 0 14 0 0 102
1038 C 419775 34 49 419580 12 0 0 5 0 95
1039 A 431878 431648 34 2 72 5 0 0 0 117
1040 T 432663 46 432421 57 1 0 3 0 0 135
1041 C 425787 32 40 425646 8 0 0 10 0 51
1042 A 425819 425573 28 8 133 9 0 0 0 68
1043 G 416358 30 41 11 416222 0 0 0 2 52
1044 A 418707 418484 31 10 92 8 0 0 0 82
1045 G 414376 37 19 8 414208 0 0 0 8 96
1046 G 437708 35 23 12 437482 0 0 0 25 131
1047 G 521723 101 38 9 521314 0 0 0 27 234
1048 A 518618 517303 45 10 116 19 0 0 0 1125
1049 C 525594 49 52 525387 13 0 0 5 0 88
1050 C 512430 55 62 512218 8 0 0 14 0 73
1051 A 520572 520324 26 35 85 18 0 0 0 84
1052 A 559336 558994 28 4 208 25 0 0 0 77
1053 A 557490 556947 26 20 362 20 0 0 0 115
1054 G 566913 55 28 7 566672 0 0 0 15 136
1055 T 557885 62 556390 64 23 0 8 0 0 1338
1056 A 561268 560838 70 4 151 17 0 0 0 188
1057 T 566832 60 566133 133 5 0 13 0 0 488
1058 C 570838 21 63 570606 8 0 0 13 0 127
1059 C 567410 26 38 567201 19 0 0 16 0 110
1060 C 560621 26 36 560384 6 0 0 21 0 148
1061 C 531005 58 43 530798 9 0 0 10 0 87
1062 A 528859 528645 33 32 76 7 0 0 0 66
1063 A 520910 520468 30 1 293 4 0 0 0 114
1064 G 528305 68 45 6 528087 0 0 0 18 81
1065 G 516676 33 41 9 516467 0 0 0 8 118
1066 G 512904 28 33 6 512706 0 0 0 11 120
1067 G 481151 43 29 14 480952 0 0 0 8 105
1068 G 455984 118 18 11 455725 0 0 0 4 108
1069 A 452450 452198 25 3 61 3 0 0 0 160
1070 A 470015 469812 15 2 136 2 0 0 0 48
1071 A 472884 472368 28 33 147 7 0 0 0 301
1072 C 485405 35 27 485203 8 0 0 21 0 111
1073 T 465197 17 464938 121 7 0 9 0 0 105
1074 T 466870 17 466668 85 4 0 5 0 0 91
1075 T 479701 27 479416 67 6 0 8 0 0 177
1076 C 445082 28 23 444913 11 0 0 10 0 97
1077 C 472958 41 48 472771 17 0 0 6 0 75
1078 A 523939 523205 59 17 84 26 0 0 0 548
1079 C 539185 25 54 538954 16 0 0 16 0 120
1080 T 540463 36 540217 91 4 0 16 0 0 99
1081 A 522728 522430 31 8 174 17 0 0 0 68
1082 G 535510 25 39 11 535341 0 0 0 11 83
1083 A 541083 540794 34 3 81 21 0 0 0 150
1084 G 548541 46 32 19 548289 0 0 0 29 126
1085 G 574492 34 35 11 574235 0 0 0 30 147
1086 A 504668 504206 38 8 102 17 0 0 0 297
1087 G 573864 50 32 12 573547 0 0 0 36 187
1088 T 567674 51 564646 109 21 0 31 0 0 2816
1089 A 569934 569075 67 8 184 15 0 0 0 585
1090 C 578075 45 68 577802 16 0 0 18 0 126
1091 A 556161 555866 41 19 89 27 0 0 0 119
1092 A 556253 555955 43 6 151 13 0 0 0 85
1093 A 619351 619083 44 13 122 14 0 0 0 75
1094 T 607137 39 606839 82 2 0 24 0 0 151
1095 T 582507 17 582232 89 16 0 36 0 0 117
1096 G 517899 33 27 24 517673 0 0 0 11 131
1097 C 510132 19 37 509956 10 0 0 4 0 106
1098 T 509705 11 509488 93 7 0 5 0 0 101
1099 T 508997 48 508720 55 6 0 3 0 0 165
1100 C 507162 36 39 507005 17 0 0 10 0 55
1101 A 499570 499344 32 2 124 5 0 0 0 63
1102 A 508369 508167 24 2 99 4 0 0 0 73
1103 A 513209 512995 23 1 112 5 0 0 0 73
1104 T 515965 32 515700 65 5 0 2 0 0 161
1105 G 512702 65 28 19 512521 0 0 0 10 59
1106 A 508562 508338 30 3 68 2 0 0 0 121
1107 A 513842 513682 13 4 76 3 0 0 0 64
1108 A 515170 515010 10 4 84 2 0 0 0 60
1109 A 517580 517065 43 73 119 5 0 0 0 275
1110 C 539028 32 44 538868 4 0 0 7 0 73
1111 A 534930 534686 39 7 86 7 0 0 0 105
1112 T 556259 28 556065 64 9 0 5 0 0 88
1113 G 536419 61 50 20 536206 0 0 0 10 72
1114 G 532439 32 29 13 532196 0 0 0 16 153
1115 A 547714 547336 29 2 76 14 0 0 0 257
1116 T 541690 56 541374 70 6 0 2 0 0 182
1117 G 546626 59 40 20 546401 0 0 0 13 93
1118 C 621589 59 33 621248 19 0 0 50 0 180
1119 T 598341 25 598007 135 4 0 24 0 0 146
1120 A 599491 599187 72 5 129 12 0 0 0 86
1121 T 575467 56 575157 73 8 0 8 0 0 165
1122 G 585866 82 49 11 585622 0 0 0 32 70
1123 G 587448 52 37 20 587191 0 0 0 21 127
1124 A 554885 554642 53 9 66 11 0 0 0 104
1125 A 554509 554138 29 6 199 27 0 0 0 110
1126 T 494062 23 493747 44 8 0 35 0 0 205
1127 C 454781 24 51 454616 9 0 0 17 0 64
1128 A 446140 445759 36 9 208 13 0 0 0 115
1129 A 441088 440680 25 5 289 13 0 0 0 76
1130 G 444966 27 22 14 444831 0 0 0 17 55
1131 T 419899 48 419123 47 6 0 13 0 0 662
1132 A 412297 409636 36 7 166 6 0 0 0 2446
1133 C 444402 17 21 444163 6 0 0 20 0 175
1134 T 424174 30 423917 76 5 0 8 0 0 138
1135 C 438044 28 29 437886 9 0 0 13 0 79
1136 T 386582 13 386420 75 5 0 3 0 0 66
1137 T 388716 24 388543 67 9 0 15 0 0 58
1138 G 392580 44 20 16 392396 0 0 0 5 99
1139 A 405528 405343 35 5 45 3 0 0 0 97
1140 A 408083 407785 36 6 71 6 0 0 0 179
1141 C 410236 24 34 410108 6 0 0 6 0 58
1142 T 393712 10 393512 83 10 0 10 0 0 87
1143 G 408129 54 38 8 407958 0 0 0 10 61
1144 A 417352 417122 18 4 105 5 0 0 0 98
1145 G 425722 30 20 9 425568 0 0 0 8 87
1146 A 424086 423890 31 2 60 7 0 0 0 96
1147 A 480224 479977 15 1 120 28 0 0 0 83
1148 G 489085 31 24 16 488873 0 0 0 12 129
1149 C 531347 40 87 531098 13 0 0 10 0 99
1150 A 528291 527877 38 17 227 14 0 0 0 118
1151 G 530803 27 26 9 530656 0 0 0 19 66
1152 G 615039 51 40 12 614802 0 0 0 37 97
1153 T 613626 54 610643 114 27 0 16 0 0 2772
1154 A 619246 618302 71 11 295 4 0 0 0 563
1155 C 635521 39 70 635258 13 0 0 18 0 123
1156 T 597642 29 597313 122 20 0 25 0 0 133
1157 G 614168 64 56 21 613908 0 0 0 16 103
1158 G 624985 67 40 19 624715 0 0 0 12 132
1159 G 610684 83 59 40 610312 0 0 0 28 162
1160 C 649387 40 93 648850 29 0 0 32 0 343
1161 C 581989 29 81 581750 9 0 0 6 0 114
1162 A 601524 601226 89 14 91 14 0 0 0 90
1163 T 602399 38 602158 85 6 0 9 0 0 103
1164 A 595776 595260 18 2 437 8 0 0 0 51
1165 A 616031 615461 21 7 418 13 0 0 0 111
1166 G 604939 61 40 15 604700 0 0 0 18 105
1167 A 582086 581866 32 5 63 9 0 0 0 111
1168 A 579308 578302 45 6 115 5 0 0 0 835
1169 C 578276 33 36 578129 6 0 0 12 0 60
1170 C 612131 28 45 611913 8 0 0 14 0 123
1171 A 596197 595957 37 9 127 9 0 0 0 58
1172 G 610344 38 34 10 610096 0 0 0 11 155
1173 A 610988 610735 32 2 114 10 0 0 0 95
1174 A 604384 604011 26 2 204 17 0 0 0 124
1175 G 621240 44 26 9 621034 0 0 0 22 105
1176 T 587277 30 584744 65 11 0 5 0 0 2422
1177 G 591773 47 35 11 591562 0 0 0 3 115
1178 G 604528 46 49 17 604335 0 0 0 8 73
1179 A 604969 604334 58 4 218 12 0 0 0 343
1180 G 616012 75 34 11 615789 0 0 0 14 89
1181 G 616348 56 45 20 616077 0 0 0 14 136
1182 A 578543 578212 45 5 68 9 0 0 0 204
1183 A 577661 577336 18 4 208 17 0 0 0 78
1184 A 576319 575757 30 26 127 11 0 0 0 368
1185 C 589362 54 51 589110 15 0 0 14 0 118
1186 A 588046 586565 59 19 105 9 0 0 0 1289
1187 C 621781 40 41 621570 11 0 0 26 0 93
1188 T 603993 52 603658 137 16 0 20 0 0 110
1189 A 650582 650155 28 1 293 27 0 0 0 78
1190 A 680967 680587 45 3 162 26 0 0 0 144
1191 T 677264 59 676807 65 5 0 24 0 0 304
1192 C 683446 43 55 683182 10 0 0 24 0 132
1193 A 658783 658429 26 12 177 29 0 0 0 110
1194 A 663340 662816 44 13 173 25 0 0 0 269
1195 C 673847 51 67 673588 7 0 0 30 0 104
1196 A 584514 584014 33 19 338 22 0 0 0 88
1197 G 579621 29 61 25 579371 0 0 0 25 110
1198 A 527619 527193 44 18 166 8 0 0 0 190
1199 G 535633 46 74 11 535359 0 0 0 13 130
1200 G 567262 46 43 16 567013 0 0 0 24 120
1201 G 499803 40 31 33 499556 0 0 0 8 135
1202 C 508400 30 61 508076 33 0 0 10 0 190
1203 C 513451 33 34 513269 16 0 0 4 0 95
1204 T 509704 28 509316 131 13 0 7 0 0 209
1205 C 535711 57 35 535496 10 0 0 12 0 101
1206 T 523117 45 522743 158 12 0 8 0 0 151
1207 G 525880 63 39 21 525664 0 0 0 8 85
1208 C 521550 48 180 521205 22 0 0 11 0 84
1209 A 500532 500038 35 7 258 10 0 0 0 184
1210 G 536661 33 34 14 536505 0 0 0 10 65
1211 G 534955 51 21 17 534711 0 0 0 9 146
1212 T 540445 35 538352 119 23 0 3 0 0 1913
1213 C 541263 50 82 540992 11 0 0 9 0 119
1214 A 524841 524563 31 26 128 10 0 0 0 83
1215 A 558636 558360 40 9 154 10 0 0 0 63
1216 A 544958 544620 42 2 147 9 0 0 0 138
1217 T 549997 30 549655 67 6 0 15 0 0 224
1218 C 547971 48 48 547754 5 0 0 22 0 94
1219 A 506670 506321 30 17 175 15 0 0 0 112
1220 G 540626 35 26 10 540425 0 0 0 11 119
1221 T 522114 62 521321 70 17 0 9 0 0 635
1222 G 526114 56 23 6 525918 0 0 0 12 99
1223 T 517856 45 517005 124 11 0 12 0 0 659
1224 G 500016 83 44 22 499732 0 0 0 12 123
1225 C 514038 48 226 513596 28 0 0 13 0 127
1226 A 507786 507530 19 13 113 9 0 0 0 102
1227 A 517555 516369 49 11 169 9 0 0 0 948
1228 C 518449 45 44 518196 9 0 0 28 0 127
1229 C 515618 54 34 515411 11 0 0 24 0 84
1230 T 471805 24 471465 189 21 0 10 0 0 96
1231 G 490146 139 43 25 489843 0 0 0 16 80
1232 C 528784 48 69 528500 42 0 0 11 0 114
1233 A 519580 519269 34 24 85 10 0 0 0 158
1234 T 531153 69 530918 62 2 0 11 0 0 91
1235 T 528511 13 528355 54 5 0 13 0 0 71
1236 T 502019 24 501809 94 5 0 8 0 0 79
1237 T 506524 33 506256 69 3 0 22 0 0 141
1238 C 476371 19 37 476211 9 0 0 18 0 77
1239 T 442445 12 442218 118 11 0 7 0 0 79
1240 G 477206 48 28 15 477005 0 0 0 22 88
1241 T 465071 59 464605 89 26 0 8 0 0 284
1242 G 477967 85 64 23 477702 0 0 0 9 84
1243 C 487936 59 74 487627 40 0 0 8 0 128
1244 A 481250 480985 33 26 111 12 0 0 0 83
1245 A 491963 491644 17 2 243 7 0 0 0 50
1246 A 490090 489728 15 1 274 4 0 0 0 68
1247 G 506801 66 23 16 506535 0 0 0 20 141
1248 A 502044 501793 24 6 75 21 0 0 0 125
1249 A 458848 458545 20 7 206 7 0 0 0 63
1250 A 478078 475640 35 26 150 8 0 0 0 2219
1251 C 481922 38 31 481724 10 0 0 14 0 105
1252 C 501883 34 32 501714 8 0 0 5 0 90
1253 T 502246 33 501804 108 2 0 4 0 0 295
1254 C 494265 46 41 494083 16 0 0 6 0 73
1255 C 521861 32 32 521677 17 0 0 18 0 85
1256 C 509490 37 60 509280 10 0 0 6 0 97
1257 A 514657 514466 46 20 58 5 0 0 0 62
1258 T 515847 39 515587 58 11 0 11 0 0 141
1259 T 486894 30 486673 69 3 0 17 0 0 102
1260 T 491591 27 491304 128 25 0 5 0 0 102
1261 G 489137 71 36 16 488887 0 0 0 6 121
1262 A 497651 497168 47 14 137 14 0 0 0 271
1263 C 493877 37 83 493645 19 0 0 13 0 80
1264 A 467755 467564 9 23 100 5 0 0 0 54
1265 A 484586 484187 29 1 301 7 0 0 0 61
1266 A 489137 488244 26 28 305 8 0 0 0 526
1267 C 512349 24 31 512143 6 0 0 19 0 126
1268 C 507766 38 49 507562 8 0 0 14 0 95
1269 A 465901 465699 23 6 74 10 0 0 0 89
1270 A 485373 484360 34 11 74 12 0 0 0 882
1271 C 482584 23 36 482376 9 0 0 12 0 128
1272 C 514462 35 38 514261 11 0 0 18 0 99
1273 A 510777 510464 49 9 70 20 0 0 0 165
1274 T 514591 44 514034 83 6 0 12 0 0 412
1275 C 512696 30 52 512517 14 0 0 10 0 73
1276 A 492145 491874 43 10 108 14 0 0 0 96
1277 T 502559 53 502283 67 5 0 9 0 0 142
1278 G 482024 77 15 18 481770 0 0 0 12 132
1279 G 478603 53 53 17 478389 0 0 0 14 77
1280 C 443845 34 116 443556 32 0 0 14 0 93
1281 A 419951 419679 12 3 145 7 0 0 0 105
1282 G 432128 48 39 16 431923 0 0 0 13 89
1283 C 421720 30 51 421539 11 0 0 9 0 80
1284 A 416561 416315 23 4 125 9 0 0 0 85
1285 T 418550 19 418385 54 2 0 8 0 0 82
1286 T 407845 33 407653 44 1 0 7 0 0 107
1287 C 413374 35 45 413178 7 0 0 5 0 104
1288 A 407577 406872 39 11 125 6 0 0 0 524
1289 C 390151 9 19 390039 10 0 0 9 0 65
1290 T 392288 23 392096 67 10 0 6 0 0 86
1291 G 426177 52 37 11 425973 0 0 0 18 86
1292 G 438077 38 43 5 437890 0 0 0 33 68
1293 G 448108 66 23 7 447895 0 0 0 11 106
1294 A 437905 437619 28 4 86 12 0 0 0 156
1295 A 451720 451416 40 2 186 9 0 0 0 67
1296 T 430464 31 430239 71 6 0 17 1 0 99
1297 A 468030 467177 49 13 447 12 0 0 0 332
1298 C 508595 41 126 508298 13 0 0 15 0 102
1299 A 492695 492202 43 21 293 23 0 0 0 113
1300 G 502245 52 48 9 501981 0 0 0 28 127
1301 A 486479 486010 36 13 214 13 0 0 0 193
1302 G 526543 92 56 7 526300 0 0 0 22 66
1303 G 519353 48 39 13 519153 0 0 0 21 79
1304 G 520598 74 69 22 520314 0 0 0 14 105
1305 A 519765 519479 46 5 111 4 0 0 0 120
1306 A 511751 511161 36 3 444 11 0 0 0 96
1307 G 524346 58 85 11 523571 0 0 0 7 614
1308 A 522249 521997 32 4 89 9 0 0 0 118
1309 A 541107 540429 45 11 223 16 0 0 0 383
1310 C 580842 28 47 580633 6 0 0 25 0 103
1311 A 558881 558513 43 21 146 9 0 0 0 149
1312 T 568626 56 568138 50 6 0 5 0 0 371
1313 C 553776 55 50 553530 31 0 0 11 0 99
1314 A 549002 548590 34 9 247 12 0 0 0 110
1315 G 557469 34 29 24 557280 0 0 0 10 92
1316 A 542570 542051 64 0 62 8 0 0 0 385
1317 C 548510 22 81 548308 13 0 0 14 0 72
1318 A 538695 538364 36 14 75 15 0 0 0 191
1319 T 516049 26 515753 85 10 0 6 0 0 169
1320 G 525302 63 47 14 525085 0 0 0 7 86
1321 A 503751 503445 40 4 151 2 0 0 0 109
1322 G 510658 44 60 12 510421 0 0 0 13 108
1323 G 513911 40 19 9 513751 0 0 0 5 87
1324 G 506348 68 38 25 506108 0 0 0 2 107
1325 C 507043 44 93 506711 28 0 0 4 0 163
1326 A 498912 498621 37 6 149 6 0 0 0 93
1327 G 510533 39 36 8 510334 0 0 0 8 108
1328 A 512247 512094 23 2 61 3 0 0 0 64
1329 A 520486 519980 29 6 371 3 0 0 0 97
1330 A 537430 537083 25 2 190 13 0 0 0 117
1331 T 543159 31 542935 56 1 0 14 0 0 122
1332 T 567105 19 566907 80 7 0 14 0 0 78
1333 A 571117 570112 74 2 860 6 0 0 0 63
1334 T 566230 59 565992 66 2 1 13 0 0 97
1335 A 565694 565045 27 2 554 19 0 0 0 47
1336 A 546603 545786 40 18 671 9 0 0 0 79
1337 G 578300 58 58 14 578026 0 0 0 33 111
1338 G 587252 53 34 19 587004 0 0 0 38 104
1339 A 604766 604275 59 6 84 37 0 0 0 305
1340 T 522569 46 522271 82 17 0 7 0 0 146
1341 G 520051 60 47 15 519766 0 0 0 20 143
1342 A 509911 509569 43 8 120 20 0 0 0 151
1343 T 514351 57 514083 68 9 0 4 0 0 130
1344 G 503504 67 41 16 503259 0 0 0 6 115
1345 G 510456 65 33 19 510227 0 0 0 30 82
1346 A 478040 477738 31 9 107 13 0 0 0 142
1347 A 487622 487199 40 10 291 8 0 0 0 74
1348 G 491758 57 31 7 491515 0 0 0 9 139
1349 G 551462 54 25 13 551187 0 0 0 30 153
1350 T 530605 31 527704 89 65 0 15 0 0 2701
1351 G 517182 194 89 21 516736 0 0 0 6 136
1352 C 516932 59 192 516528 61 0 0 2 0 90
1353 A 506858 506604 29 40 81 5 0 0 0 99
1354 A 506780 506502 8 6 183 6 0 0 0 75
1355 A 513564 513231 6 5 270 2 0 0 0 50
1356 A 528024 526943 29 45 446 11 0 0 0 550
1357 C 534639 24 25 534474 7 0 0 18 0 91
1358 C 510880 38 44 510654 12 0 0 13 0 119
1359 A 486892 486598 44 5 194 2 0 0 0 49
1360 G 506244 31 30 8 506056 0 0 0 10 109
1361 A 500775 500421 25 2 249 4 0 0 0 74
1362 A 516496 515364 21 5 1048 5 0 0 0 53
1363 G 529038 35 34 17 528822 0 0 0 9 121
1364 A 523814 523512 39 5 140 7 0 0 0 111
1365 A 518199 516952 37 5 1118 3 0 0 0 84
1366 A 519399 518318 30 4 968 6 0 0 0 73
1367 T 520876 40 520683 46 12 0 10 0 0 85
1368 G 525440 64 32 11 525195 0 0 0 11 127
1369 T 510573 54 510167 76 11 0 2 0 0 263
1370 C 520607 26 43 520396 13 0 0 8 0 121
1371 C 511368 19 49 511213 10 0 0 4 0 73
1372 T 519366 23 519177 104 7 0 11 0 0 44
1373 T 523493 52 523203 118 5 0 5 0 0 110
1374 C 525851 31 67 525694 12 0 0 11 0 36
1375 C 522124 53 63 521892 23 0 0 9 0 84
1376 A 514705 513972 51 72 461 7 0 0 0 142
1377 G 514082 100 69 18 513827 0 0 0 10 58
1378 G 510967 21 16 7 510837 0 0 0 11 75
1379 G 512335 63 39 20 512120 0 0 0 22 71
1380 G 478329 40 47 27 478114 0 0 0 24 77
1381 C 429699 37 86 429335 137 0 0 10 0 94
1382 G 425580 113 50 123 425251 0 0 0 1 42
1383 G 437918 57 40 13 437717 0 0 0 17 74
1384 G 437238 51 57 21 436930 0 0 0 4 175
1385 G 444686 146 43 18 444348 0 0 0 7 124
1386 A 410958 390045 27 5 161 11 0 0 4 20705
1387 G 416338 44 27 10 416006 0 0 0 23 228
1388 T 395108 20 376441 41 12 0 7 0 0 18587
1389 C 404845 21 38 404385 5 0 0 4 0 392
1390 T 391367 28 390964 104 9 0 6 0 0 256
1391 T 391562 27 391401 73 2 0 15 0 0 44
1392 C 391289 30 86 389871 17 0 0 4 0 1281
1393 G 449693 78 39 14 448597 0 0 0 11 954
1394 A 442192 439125 17 6 142 20 0 0 1 2881
1395 G 450866 30 30 12 450583 0 0 0 23 188
1396 C 410950 24 22 410474 13 0 0 14 0 403
1397 T 403111 11 402176 87 7 0 8 0 0 822
1398 C 390043 39 23 389852 7 0 0 12 0 110
1399 T 387917 21 387609 78 6 0 4 0 0 199
1400 C 391130 52 116 390850 20 0 0 5 0 87
1401 G 393472 67 23 11 393205 0 0 0 2 164
1402 G 435940 48 28 5 435741 0 0 0 17 101
1403 A 470532 468546 30 10 126 14 0 0 0 1806
1404 C 490754 54 97 490393 17 0 0 10 0 183
1405 G 512195 113 55 61 511829 0 0 0 13 124
1406 A 555291 554760 26 8 223 19 0 0 0 255
1407 A 549330 548390 33 6 778 13 0 0 0 110
1408 A 553130 551837 28 17 1193 10 0 0 0 45
1409 G 566392 64 65 11 565317 0 0 0 14 921
1410 G 568728 57 23 5 568514 0 0 0 18 111
1411 G 548883 74 42 24 548648 0 0 0 2 93
1412 C 554538 48 264 553887 34 0 0 13 0 292
1413 A 546974 546358 30 18 374 15 0 0 0 179
1414 G 557585 55 152 18 557090 0 0 0 12 258
1415 C 544289 52 235 543844 15 0 0 10 0 133
1416 G 594309 129 46 19 593937 0 0 0 27 151
1417 A 599563 599284 30 2 91 10 0 0 0 146
1418 A 604486 602686 40 12 409 12 0 0 0 1327
1419 C 603346 21 75 603035 11 0 0 6 0 198
1420 C 599818 30 46 599677 13 0 0 15 0 37
1421 C 580417 50 89 580134 11 0 0 10 0 123
1422 G 578090 109 44 16 577816 0 0 0 7 98
1423 A 579208 578718 39 8 227 13 0 0 0 203
1424 T 579807 45 579469 60 2 0 22 0 0 209
1425 C 554329 34 104 554060 7 0 0 12 0 112
1426 G 541781 133 32 16 541436 0 0 0 12 152
1427 T 521573 23 520719 86 10 0 1 0 0 734
1428 G 497767 140 32 19 497473 0 0 0 1 102
1429 C 497201 27 47 496896 11 0 0 8 0 212
1430 C 497519 20 45 497279 10 0 0 8 0 157
1431 C 496065 29 54 495830 8 0 0 9 0 135
1432 T 478951 21 478657 107 9 0 4 0 0 153
1433 C 519397 30 45 519155 10 0 0 18 0 139
1434 T 511893 16 511514 261 7 0 9 0 0 86
1435 T 581972 22 581765 114 9 0 15 0 0 47
1436 T 525624 25 525444 47 8 0 7 0 0 93
1437 T 530746 30 530470 76 58 0 22 0 0 90
1438 G 527078 114 28 23 526814 0 0 0 10 89
1439 A 522207 521681 48 52 152 5 0 0 0 269
1440 C 538034 82 84 537765 14 0 0 21 0 68
1441 A 532897 532526 52 12 145 32 0 0 0 130
1442 T 455148 27 454910 93 17 0 11 0 0 90
1443 G 576156 68 58 16 575886 0 0 0 29 99
1444 A 570309 569680 52 3 287 21 0 0 1 265
1445 G 650949 58 52 14 650671 0 0 0 33 121
1446 T 653024 66 651465 104 28 0 18 0 0 1343
1447 A 635183 634490 39 5 575 22 0 0 1 51
1448 A 643621 643093 57 3 347 5 0 0 0 116
1449 T 640392 47 640111 77 23 0 19 0 0 115
1450 G 642095 81 54 22 641813 0 0 0 16 109
1451 A 613462 613001 51 7 184 17 0 0 0 202
1452 A 565575 564791 27 9 586 23 0 0 0 139
1453 G 565898 33 37 18 565643 0 0 0 22 145
1454 G 516972 39 26 12 516759 0 0 0 10 126
1455 A 513741 513475 33 1 71 7 0 0 0 154
1456 T 522702 37 522171 66 3 0 8 0 0 417
1457 C 518604 33 29 518454 7 0 0 6 0 75
1458 T 510551 35 510340 84 8 0 1 0 0 83
1459 T 515562 13 515396 91 4 0 2 0 0 56
1460 A 516330 514733 39 1 1430 8 0 0 0 119
1461 T 516004 33 515849 62 7 0 1 0 0 52
1462 T 513388 34 513241 68 5 0 4 0 0 36
1463 T 509479 35 509272 72 3 0 6 0 0 91
1464 C 507469 25 42 507290 7 0 0 6 0 99
1465 T 486562 18 486314 102 3 0 7 0 0 118
1466 T 483971 21 483828 52 2 0 1 0 0 67
1467 C 482143 39 62 481974 9 0 0 1 0 58
1468 G 479658 82 34 14 479479 0 0 0 1 48
1469 G 484021 29 33 13 483889 0 0 0 7 50
1470 A 486874 486492 30 4 105 10 0 0 0 233
1471 G 497989 59 21 12 497771 0 0 0 5 121
1472 A 498492 498005 60 13 75 8 0 0 0 331
1473 C 511169 45 62 510927 15 0 0 16 0 104
1474 A 498849 498640 19 15 100 18 0 0 0 57
1475 A 558595 558312 44 8 116 33 0 0 0 82
1476 T 576407 61 576073 83 17 0 22 0 0 151
1477 G 620523 129 48 44 620195 0 0 0 25 82
1478 C 637297 79 166 636876 18 0 0 24 0 134
1479 A 617140 616694 45 15 212 37 0 0 0 137
1480 G 624448 45 50 16 624202 0 0 0 15 120
1481 A 643395 642961 50 2 145 22 0 0 0 215
1482 G 551310 48 40 19 551068 0 0 0 35 100
1483 G 582578 49 45 13 582295 0 0 0 57 119
1484 A 483818 483476 35 13 82 13 0 0 0 199
1485 G 494115 52 25 5 493888 0 0 0 13 132
1486 T 473678 39 471313 92 17 0 12 0 0 2205
1487 A 468376 467524 35 2 497 17 0 0 0 301
1488 C 469371 39 84 469139 19 0 0 12 0 78
1489 G 448555 81 22 11 448360 0 0 0 14 67
1490 A 448062 447540 68 4 109 19 0 0 0 322
1491 C 435212 31 45 435006 9 0 0 28 0 93
1492 A 359768 359575 29 21 69 4 0 0 0 70
1493 A 361000 360730 35 4 156 7 0 0 0 68
1494 T 338066 35 337943 36 9 0 0 0 0 43