# amino-acid counts among definitively called codons
# POSITION TOTAL_COUNTS WT N_A N_C N_D N_E N_F N_G N_H N_I N_K N_L N_M N_N N_P N_Q N_R N_S N_T N_V N_W N_Y N_STOP
1 551923 M 0 0 0 0 0 0 1 119 45 35 551470 0 0 0 4 0 75 172 2 0 0
2 523280 A 522966 0 0 32 0 17 0 0 0 2 0 0 5 0 2 74 42 140 0 0 0
3 549190 S 2 14 0 0 44 0 0 0 0 0 0 0 104 0 1 548978 17 3 0 26 1
4 552133 Q 0 0 0 7 0 0 37 0 39 25 0 1 13 551834 130 1 0 0 0 0 46
5 503047 G 21 41 45 0 0 502855 0 0 0 0 0 0 0 0 8 35 0 42 0 0 0
6 446363 T 78 1 0 0 0 0 1 40 0 2 0 8 10 0 0 43 446180 0 0 0 0
7 446202 K 0 0 0 49 0 4 0 22 445958 0 0 38 0 3 103 0 2 0 0 0 23
8 392915 R 0 0 0 0 0 4 0 0 0 19 0 0 10 44 392741 0 3 0 94 0 0
9 405673 S 9 7 0 0 23 1 0 0 0 6 0 0 45 0 0 405536 20 11 0 15 0
10 443114 Y 0 224 0 0 12 0 98 0 0 8 21 3 0 0 0 1 1 0 0 442693 53
11 398111 E 4 1 40 397858 0 68 0 0 56 0 0 8 0 14 0 0 0 24 0 0 38
12 369480 Q 0 0 0 9 0 0 41 0 21 26 0 1 9 369170 149 0 3 0 0 0 51
13 458298 M 0 0 11 1 0 1 0 94 39 39 457982 0 0 0 3 0 57 71 0 0 0
14 452310 E 1 0 20 452072 0 83 0 0 48 0 0 0 0 19 0 1 2 26 0 0 38
15 426569 T 72 0 0 0 0 0 0 27 0 7 0 18 11 2 0 32 426400 0 0 0 0
16 484024 D 8 0 483756 48 0 79 10 1 0 0 4 34 0 0 5 0 0 33 0 35 11
17 479043 G 9 0 0 41 0 478843 0 0 0 4 0 0 0 1 63 0 0 38 44 0 0
18 472803 E 5 0 12 472508 0 114 0 0 99 1 0 6 0 16 0 0 0 19 0 0 23
19 480313 R 4 96 0 0 0 10 151 2 0 39 0 0 36 0 479957 18 0 0 0 0 0
20 490723 Q 0 0 0 15 0 0 94 0 15 37 0 0 6 490255 245 0 2 0 0 0 54
21 470403 N 0 1 60 1 0 12 0 21 28 0 4 470113 0 0 0 132 3 0 0 28 0
22 479777 A 479440 2 0 42 0 13 0 0 0 1 0 2 13 5 0 49 83 126 0 0 1
23 503202 T 143 1 0 0 1 1 1 19 0 5 0 18 3 1 0 43 502966 0 0 0 0
24 479611 E 9 0 35 479284 0 134 0 0 60 3 0 0 0 10 2 0 0 30 0 1 43
25 431450 I 0 0 1 0 27 1 0 431271 0 2 8 28 1 0 0 6 44 60 0 0 1
26 462928 R 1 0 0 0 0 273 0 53 28 3 0 0 0 1 462496 23 9 0 0 0 41
27 442673 A 442437 0 0 31 0 8 1 3 0 1 0 0 15 2 1 35 34 105 0 0 0
28 477890 S 1 6 0 0 33 0 0 0 0 1 0 0 86 0 1 477697 26 0 0 39 0
29 462673 V 52 1 26 1 21 4 0 77 0 7 0 0 0 1 0 0 0 462483 0 0 0
30 486303 G 12 0 0 41 0 486061 0 0 0 0 0 0 0 2 109 0 0 40 38 0 0
31 487811 K 0 1 0 76 0 1 0 0 487440 0 33 38 0 2 179 0 5 0 0 0 36
32 479976 M 0 0 2 0 0 0 0 74 23 49 479727 0 0 0 6 0 50 44 0 0 1
33 485687 I 0 0 3 0 34 0 0 485466 1 1 12 39 0 0 0 4 55 72 0 0 0
34 483037 D 3 0 482725 49 0 93 15 0 0 1 5 62 0 0 0 0 2 52 0 29 1
35 439813 G 9 0 0 21 0 439657 0 0 1 1 0 0 0 0 63 0 0 30 1 0 30
36 466667 I 0 0 0 0 12 0 0 466397 0 1 5 30 0 0 0 6 53 163 0 0 0
37 441923 G 10 0 2 45 0 441739 0 0 1 0 0 0 0 0 65 0 0 29 0 0 32
38 406953 R 0 0 0 0 0 14 1 0 0 38 0 0 9 43 406728 0 0 0 0 0 120
39 449508 F 0 4 0 0 449308 0 0 27 0 100 1 0 1 0 0 40 2 3 0 22 0
40 435812 Y 0 124 5 0 49 0 91 0 0 2 0 33 0 0 3 5 2 0 1 435470 27
41 396944 I 0 0 0 0 21 0 2 396758 0 1 5 35 0 1 0 2 62 57 0 0 0
42 392378 Q 0 0 0 13 0 0 12 0 30 21 0 1 6 392211 43 0 0 0 0 0 41
43 380496 M 0 0 0 0 0 0 0 67 14 17 380288 1 1 0 1 0 38 69 0 0 0
44 415220 C 0 414943 0 0 42 9 2 0 0 1 0 0 0 0 77 57 0 0 14 43 32
45 399328 T 53 0 0 0 0 0 1 41 0 0 0 16 5 1 0 48 399163 0 0 0 0
46 439293 E 3 0 28 439128 0 38 0 1 44 1 0 0 0 6 4 0 0 14 0 0 26
47 514672 L 0 0 0 0 39 0 11 8 0 514510 0 1 72 0 8 0 17 6 0 0 0
48 519511 K 0 0 0 112 0 22 1 13 519172 1 0 55 0 3 95 0 1 0 0 0 36
49 512004 L 0 0 2 0 30 0 15 16 0 511855 0 0 71 0 3 4 1 7 0 0 0
50 509449 S 0 25 2 0 0 251 0 10 0 3 1 26 3 3 80 509036 7 0 1 0 1
51 571266 D 2 0 571008 44 0 64 7 1 0 0 0 54 0 2 0 0 1 37 0 40 6
52 609818 Y 0 316 2 0 38 0 67 2 0 5 8 8 0 0 1 1 0 0 0 609304 66
53 580860 E 14 1 92 580336 0 228 0 0 57 0 3 0 1 9 3 0 0 39 1 3 73
54 523443 G 15 1 1 64 0 523220 0 0 0 2 0 0 0 0 63 0 1 31 45 0 0
55 493586 R 1 0 0 0 0 28 1 0 1 32 0 0 24 89 493270 0 0 0 0 0 140
56 490411 L 1 0 0 0 1 0 0 1 0 490267 17 1 79 30 4 2 1 7 0 0 0
57 523577 I 0 0 0 0 44 1 0 523368 1 1 6 40 0 0 0 2 67 47 0 0 0
58 504471 Q 0 1 0 17 0 0 26 0 26 36 0 0 8 504187 124 3 0 0 0 0 43
59 483878 N 0 0 45 1 0 4 2 43 28 0 0 483579 0 0 0 146 3 0 0 26 1
60 382952 S 0 13 0 0 1 75 0 41 0 5 0 19 0 0 23 382770 5 0 0 0 0
61 382522 L 1 0 0 0 49 0 0 25 0 382341 0 0 7 0 0 55 0 4 0 0 40
62 354307 T 109 0 0 0 0 0 0 29 9 0 0 1 3 6 7 20 354122 0 0 0 1
63 377125 I 0 0 0 1 0 0 0 376648 24 31 200 1 0 3 6 0 52 156 0 0 3
64 391255 E 5 1 24 391046 0 65 0 0 33 1 0 0 0 7 0 0 2 26 0 0 45
65 379499 R 0 0 0 2 0 79 0 11 37 2 0 0 0 0 379298 31 6 0 0 0 33
66 398875 M 0 1 0 5 0 1 0 55 42 27 398538 4 0 0 5 1 66 130 0 0 0
67 386787 V 64 2 0 38 0 8 0 9 0 25 32 0 0 0 0 0 0 386609 0 0 0
68 421203 L 0 0 0 0 30 0 13 23 0 421038 0 1 78 0 1 0 0 17 0 2 0
69 438883 S 1 12 0 0 20 1 0 0 0 3 0 0 62 1 0 438738 24 0 0 21 0
70 466820 A 466608 5 27 2 1 15 0 0 0 6 0 0 10 0 0 38 79 29 0 0 0
71 451372 F 4 4 0 0 451111 2 0 18 0 135 0 0 0 1 0 53 0 1 0 16 27
72 450505 D 7 1 450253 30 0 80 13 0 0 0 0 49 0 0 0 0 17 33 0 21 1
73 417037 E 2 0 24 416807 0 57 0 0 67 2 0 0 0 11 2 0 0 29 0 0 36
74 426204 R 0 0 1 0 0 175 0 17 26 0 0 0 0 0 425917 31 14 0 0 0 23
75 436276 R 0 0 0 0 0 121 0 0 33 0 38 0 0 0 435997 43 9 0 35 0 0
76 469160 N 0 0 47 10 0 2 1 38 33 0 0 468889 0 0 0 112 1 0 0 27 0
77 468813 K 0 0 0 278 1 50 0 23 468326 1 1 34 0 2 62 1 3 1 0 0 30
78 364737 Y 0 144 4 1 25 1 46 2 0 0 1 20 0 1 1 2 1 1 0 364471 16
79 355514 L 0 4 0 1 0 1 0 0 0 355404 11 0 50 29 5 2 0 6 0 0 1
80 328991 E 0 0 15 328837 0 74 0 0 14 0 0 0 0 11 0 0 0 17 0 0 23
81 310957 E 1 1 25 310798 0 51 0 0 27 0 0 1 1 7 2 0 0 29 0 0 14
82 357435 H 0 0 5 1 0 0 357258 0 0 25 0 14 2 26 54 1 9 0 0 40 0
83 464625 P 10 0 0 0 0 0 37 2 0 27 0 0 464451 2 12 58 25 1 0 0 0
84 461821 S 3 10 0 0 0 118 1 41 1 1 0 42 1 0 59 461537 7 0 0 0 0
85 491777 A 491478 0 1 24 0 17 1 0 1 0 1 0 18 3 24 58 70 81 0 0 0
86 547910 G 18 0 0 64 0 547667 0 0 0 1 0 0 0 0 61 0 1 47 50 0 1
87 574559 K 0 0 0 214 0 11 1 0 573881 0 33 162 0 5 204 0 9 0 0 0 39
88 586676 D 1 0 586399 37 0 76 14 14 0 0 0 41 0 0 0 1 0 44 0 49 0
89 533821 P 8 0 0 0 0 0 32 0 0 39 0 0 533664 0 14 37 27 0 0 0 0
90 536261 K 0 4 0 100 0 101 0 1 535657 0 23 25 0 3 326 0 6 0 0 0 15
91 496012 K 0 0 0 64 0 2 0 14 495740 1 0 14 0 0 158 0 0 0 0 0 19
92 446676 T 163 0 0 0 0 0 0 14 0 0 0 15 18 0 0 34 446432 0 0 0 0
93 442828 G 4 1 0 27 0 442659 0 0 1 0 0 0 0 0 59 0 0 51 1 0 25
94 416224 G 8 0 1 28 0 416069 0 0 0 0 1 0 0 0 47 0 0 26 0 0 44
95 442102 P 8 0 1 0 0 0 28 0 0 31 0 0 441962 2 14 31 24 0 0 1 0
96 493365 I 0 0 0 0 0 0 2 493053 57 43 63 0 1 0 3 0 89 49 0 5 0
97 522428 Y 0 65 2 0 48 0 67 2 0 0 0 33 1 4 0 7 0 0 0 522170 29
98 456404 K 0 0 0 115 0 3 0 0 455951 3 30 45 0 6 212 1 12 0 0 0 26
99 339513 R 0 0 0 0 0 71 0 26 17 5 0 0 0 0 339345 23 9 0 0 0 17
100 335105 V 38 0 0 35 0 4 0 38 0 22 0 0 1 1 2 1 0 334963 0 0 0
101 399541 D 2 0 399351 31 0 48 8 1 0 0 0 35 0 0 1 0 1 30 0 32 1
102 412863 R 0 0 0 0 0 248 0 21 36 0 0 0 0 0 412495 32 7 0 0 0 24
103 432925 K 0 0 0 133 0 81 0 0 432529 0 16 31 0 0 118 1 2 0 0 0 14
104 444039 W 0 40 0 0 0 9 0 0 0 23 0 0 0 0 97 21 0 5 443766 0 78
105 458213 M 0 0 2 0 0 0 0 111 37 34 457876 0 0 2 5 0 69 77 0 0 0
106 481286 R 0 0 0 3 0 149 0 0 53 0 44 0 0 0 480935 48 7 0 47 0 0
107 477295 E 6 1 35 476833 0 66 0 0 256 0 0 0 0 21 0 1 0 23 1 0 52
108 477335 L 0 0 0 0 21 1 30 16 0 477191 0 0 64 0 1 3 3 5 0 0 0
109 458346 V 64 0 34 0 10 1 0 73 0 10 0 0 1 0 2 2 0 458149 0 0 0
110 489721 L 1 0 0 0 40 0 10 20 0 489546 0 0 93 0 1 0 0 9 0 1 0
111 470566 Y 0 125 3 0 39 1 75 0 0 7 15 9 1 0 0 1 2 0 0 470234 54
112 415298 D 4 0 415022 28 1 85 12 0 0 0 0 59 0 0 1 0 1 65 0 18 2
113 381092 K 0 0 0 55 0 21 0 21 380798 3 0 31 1 23 122 1 1 0 0 0 15
114 457962 E 2 0 25 457748 1 74 0 0 44 0 0 0 1 11 4 1 1 23 0 0 27
115 517151 E 3 1 35 516867 0 72 0 1 100 0 0 0 0 7 9 1 0 35 0 0 20
116 545593 I 0 2 0 1 0 0 0 545013 23 29 285 15 0 1 4 1 82 113 0 20 4
117 521758 R 0 1 0 0 0 375 0 0 35 3 45 0 1 1 521192 55 14 0 36 0 0
118 509494 R 0 0 0 0 0 25 0 0 0 31 0 0 17 81 509258 0 0 0 0 0 82
119 543781 I 0 0 0 0 19 0 0 543568 0 2 12 37 0 0 1 0 49 93 0 0 0
120 507221 W 0 41 0 0 0 5 0 0 0 24 0 0 0 1 123 11 0 0 506938 0 78
121 521458 R 1 137 1 0 0 20 109 0 0 42 0 0 29 0 521090 29 0 0 0 0 0
122 491761 Q 0 0 2 11 0 0 17 1 26 31 0 0 6 491525 81 0 0 0 0 0 61
123 568551 A 568278 0 36 1 0 7 0 0 1 0 0 0 20 1 0 41 84 82 0 0 0
124 629692 N 2 0 106 0 0 1 9 51 72 1 0 629328 6 12 0 85 2 0 0 17 0
125 611277 N 0 1 273 0 1 96 0 38 49 2 2 610672 0 0 1 92 4 0 2 40 4
126 483295 G 8 38 30 0 0 483129 0 1 1 0 0 1 0 0 9 48 0 29 1 0 0
127 479787 D 4 2 479519 39 0 80 12 0 0 1 0 61 0 0 0 2 0 38 1 27 1
128 467868 D 6 1 467611 35 0 66 16 0 0 1 1 58 0 0 1 1 0 40 0 31 0
129 477484 A 477233 1 0 32 0 18 0 0 0 0 0 0 9 1 1 36 78 74 0 0 1
130 425032 T 126 0 0 0 0 0 1 33 15 1 0 0 2 3 7 22 424822 0 0 0 0
131 395326 A 395213 0 22 0 1 6 0 0 0 0 0 0 7 2 0 35 23 17 0 0 0
132 478057 G 5 34 38 0 0 477864 0 4 0 0 0 0 0 0 12 44 0 56 0 0 0
133 504962 L 0 0 0 0 0 0 2 6 0 504759 26 0 129 13 14 1 0 10 1 0 1
134 597796 T 97 0 5 0 0 0 0 52 0 2 0 17 8 0 0 80 597535 0 0 0 0
135 627361 H 0 0 11 0 0 1 626953 0 0 67 0 47 11 51 139 6 1 0 0 74 0
136 668862 M 0 1 0 0 0 1 3 124 49 41 668403 0 1 1 7 0 105 125 0 0 1
137 685686 M 1 0 1 1 0 0 0 132 57 49 685240 0 0 0 9 0 81 113 1 0 1
138 618307 I 0 1 2 0 37 0 0 618059 0 6 5 36 1 1 0 6 81 72 0 0 0
139 590841 W 0 84 0 0 0 10 0 0 0 30 0 0 0 0 174 12 0 0 590398 0 133
140 565846 H 5 0 21 0 0 0 565514 2 0 35 0 42 2 17 95 0 0 0 0 113 0
141 561807 S 3 13 0 0 52 0 0 0 0 0 0 0 93 0 0 561583 23 0 0 40 0
142 556804 N 0 1 73 0 0 5 15 24 32 0 1 556537 0 3 0 91 3 0 0 18 1
143 545818 L 0 0 0 0 50 0 0 0 0 545621 25 0 0 0 2 86 0 3 5 0 26
144 520722 N 0 0 102 1 0 8 3 18 49 0 0 520408 0 0 0 91 6 0 0 35 1
145 504398 D 2 0 504148 33 0 53 16 2 0 1 1 48 0 0 0 0 3 56 0 32 3
146 488424 T 216 0 0 0 0 0 0 89 24 0 0 4 5 7 13 40 488022 0 0 1 3
147 606876 T 182 0 0 0 0 0 5 53 28 0 0 1 4 1 5 53 606543 0 0 1 0
148 540054 Y 0 158 1 0 41 0 58 5 0 1 0 16 0 0 0 7 0 0 0 539733 34
149 535734 Q 0 0 0 17 0 0 76 0 29 38 0 0 11 535319 195 0 1 1 0 0 47
150 498822 R 0 0 1 1 0 128 0 0 57 3 35 0 1 0 498542 23 14 0 17 0 0
151 544016 T 83 0 2 0 0 2 0 57 25 0 0 0 5 1 8 81 543752 0 0 0 0
152 573914 R 0 0 0 1 0 507 0 34 47 0 1 0 1 5 573256 19 12 0 0 0 31
153 633614 A 633399 0 46 0 0 12 0 0 0 0 0 0 15 1 0 54 36 51 0 0 0
154 676110 L 0 1 0 0 40 0 36 29 0 675872 0 0 111 0 2 3 0 15 1 0 0
155 687344 V 107 0 66 0 16 3 0 50 0 13 0 0 1 1 0 0 0 687087 0 0 0
156 699777 R 0 138 0 0 0 22 213 0 0 109 0 0 51 0 699198 44 1 1 0 0 0
157 702266 T 177 0 0 0 0 2 1 94 0 2 0 18 8 2 0 60 701899 1 1 1 0
158 718700 G 27 27 168 0 0 718238 0 0 1 0 0 0 0 0 16 174 2 47 0 0 0
159 740252 M 1 0 0 0 0 0 2 149 25 58 739758 0 0 0 6 0 75 178 0 0 0
160 829357 D 1 0 828863 81 0 118 9 11 0 0 0 63 2 1 0 1 1 60 0 146 0
161 742830 P 12 0 0 0 0 1 44 1 1 60 0 0 742553 5 18 94 41 0 0 0 0
162 700009 R 0 1 1 0 0 400 0 0 61 0 63 0 3 3 699380 60 13 0 23 1 0
163 637055 M 0 0 2 1 0 1 0 127 23 66 636610 0 0 0 3 0 72 149 1 0 0
164 625070 C 0 624646 0 0 40 12 0 0 0 2 0 0 0 0 107 68 0 3 25 131 36
165 590670 S 20 17 0 0 44 1 0 1 0 3 0 0 99 3 1 590421 25 0 0 34 1
166 589422 L 0 0 2 0 1 0 1 0 0 589169 36 1 144 43 5 4 0 14 1 1 0
167 577863 M 0 1 0 0 0 0 0 218 47 46 577391 0 0 0 3 1 82 73 0 0 1
168 540218 Q 0 0 0 23 0 0 44 0 41 27 0 0 15 539713 252 0 0 0 0 0 103
169 496975 G 9 22 38 1 0 496840 0 0 0 1 0 0 0 0 8 26 0 30 0 0 0
170 535766 S 2 0 0 0 1 0 0 0 0 106 0 0 61 0 2 535504 42 0 15 0 33
171 523309 T 83 0 1 1 0 0 0 24 0 0 0 14 4 3 0 49 523129 1 0 0 0
172 557689 L 0 2 0 1 38 0 37 28 0 557451 0 0 103 1 5 6 0 17 0 0 0
173 719191 P 17 0 0 0 0 0 26 0 0 77 0 0 718961 1 11 50 48 0 0 0 0
174 727760 R 0 0 0 1 1 616 0 0 43 2 49 0 2 0 726900 83 24 0 30 0 9
175 582822 R 0 0 0 1 0 184 0 0 36 6 38 0 1 1 582455 47 10 0 43 0 0
176 629577 S 12 11 0 0 40 2 0 0 1 1 0 1 84 0 0 629354 40 3 0 28 0
177 655719 G 10 0 0 37 0 655497 0 0 0 0 0 0 0 0 80 1 0 52 1 0 41
178 629776 A 629598 0 34 0 0 9 0 0 0 0 0 0 4 1 0 48 36 46 0 0 0
179 652593 A 652121 1 0 48 0 9 0 0 0 0 0 0 21 0 1 43 243 106 0 0 0
180 666246 G 13 37 31 0 0 666070 0 0 0 1 0 0 0 0 15 46 0 33 0 0 0
181 661198 A 660902 0 35 0 0 5 0 0 0 0 0 0 13 2 2 56 150 33 0 0 0
182 678985 A 678357 0 1 62 0 18 0 0 1 1 0 0 12 4 3 63 237 225 0 0 1
183 737012 V 97 1 53 0 35 5 0 65 0 9 1 0 1 2 0 15 0 736728 0 0 0
184 749740 K 0 0 1 150 0 172 0 46 748808 0 0 132 0 30 349 3 8 1 0 0 40
185 634970 G 12 0 0 64 0 634749 0 0 0 2 0 0 0 0 57 0 0 40 1 0 45
186 628646 V 89 5 35 3 23 1 0 47 0 24 0 0 1 0 0 7 0 628410 0 0 1
187 622902 G 19 1 3 74 0 622629 0 0 1 3 0 0 3 0 85 1 0 38 45 0 0
188 506316 T 87 0 2 1 1 0 0 66 28 2 0 0 4 8 12 59 506046 0 0 0 0
189 424585 M 0 0 0 0 0 0 0 73 23 29 424285 1 0 0 6 0 50 115 3 0 0
190 408048 V 84 0 0 32 0 13 0 0 0 31 25 0 0 1 0 0 1 407858 0 0 3
191 394136 M 0 0 1 0 0 1 0 79 33 35 393865 0 0 0 3 0 48 68 3 0 0
192 361734 E 2 0 24 361527 0 77 0 0 33 0 0 0 0 6 1 0 0 24 0 0 40
193 444674 L 0 0 0 2 31 0 0 1 0 444501 29 0 5 3 0 77 0 7 5 0 13
194 533172 I 0 0 13 4 0 1 0 532538 18 40 373 0 0 0 3 0 71 106 0 0 5
195 503080 R 0 0 0 1 0 530 0 1 30 0 58 0 0 0 502364 53 14 0 29 0 0
196 523934 M 0 0 0 0 0 0 0 119 39 51 523565 0 0 0 8 0 75 77 0 0 0
197 564837 I 0 0 7 0 49 0 0 564527 0 1 20 57 0 0 0 4 61 111 0 0 0
198 535360 K 0 0 0 101 0 23 0 11 535041 0 1 44 0 12 112 0 2 0 0 0 13
199 503981 R 0 69 0 0 0 3 65 0 0 41 0 0 13 0 503768 17 3 2 0 0 0
200 498404 G 13 1 0 37 0 498248 0 1 0 0 0 0 0 0 42 0 0 35 27 0 0
201 496405 I 1 0 0 0 49 0 0 496163 0 4 6 27 0 0 0 6 63 86 0 0 0
202 509230 N 0 0 131 0 0 9 3 26 39 0 1 508928 0 2 0 71 4 0 0 16 0
203 476119 D 3 0 475875 38 0 77 4 0 0 1 0 58 0 0 0 0 0 34 0 29 0
204 494767 R 0 0 1 0 0 13 0 0 0 41 0 0 18 71 494548 1 0 0 74 0 0
205 518193 N 1 0 74 1 0 3 3 33 24 1 0 517910 0 0 0 122 4 0 0 17 0
206 622005 F 0 1 0 0 621709 0 0 22 0 154 0 1 1 0 0 89 3 3 0 22 0
207 640689 W 0 59 0 8 1 8 0 1 0 52 0 0 0 0 238 15 0 0 640189 0 118
208 475320 R 0 1 0 4 0 112 0 38 34 0 0 0 0 1 475022 59 5 0 0 0 44
209 515413 G 8 27 40 0 1 515273 0 0 0 0 0 0 0 0 8 25 0 31 0 0 0
210 551084 E 4 0 32 550749 0 92 0 0 78 0 0 0 0 17 0 0 0 45 0 0 67
211 535844 N 0 0 114 0 0 16 2 42 31 3 6 535556 0 0 0 56 2 0 0 16 0
212 501720 G 7 1 2 47 0 501513 0 0 1 3 0 0 0 0 73 0 0 36 0 0 37
213 492277 R 0 0 0 0 0 20 0 0 0 23 0 0 12 103 491998 0 1 0 0 0 120
214 483510 K 0 0 0 89 0 18 0 9 483279 0 0 10 0 2 86 0 2 0 0 0 15
215 483159 T 68 0 0 0 0 0 0 29 8 0 0 8 20 25 3 41 482957 0 0 0 0
216 454135 R 0 0 0 0 0 211 0 0 30 0 43 0 0 0 453784 38 6 0 23 0 0
217 416917 S 0 34 0 1 0 45 0 7 0 1 0 30 0 2 52 416744 1 0 0 0 0
218 439538 A 439384 4 24 0 0 11 0 0 0 0 0 0 14 0 0 35 38 28 0 0 0
219 437840 Y 0 152 6 0 27 0 61 0 0 2 0 7 0 1 1 2 12 0 0 437541 28
220 445970 E 9 1 31 445681 0 73 1 0 70 2 1 0 0 15 2 0 3 33 0 0 48
221 397535 R 0 1 0 0 0 96 0 19 44 8 0 2 2 2 397293 24 5 1 0 0 38
222 354442 M 0 1 0 1 0 1 0 77 26 18 354201 0 0 0 4 0 48 64 0 0 1
223 445826 C 0 445517 0 0 34 8 1 0 0 7 0 1 0 1 88 71 0 1 20 58 19
224 462963 N 2 0 63 1 0 3 11 46 16 1 0 462691 0 0 0 95 3 1 0 30 0
225 480614 I 0 0 0 0 33 0 0 480433 0 4 1 23 0 0 1 2 64 53 0 0 0
226 500850 L 0 0 0 0 34 0 44 16 0 500654 0 0 86 0 3 6 0 7 0 0 0
227 515389 K 0 0 0 89 1 9 0 37 515134 1 0 18 0 7 78 1 1 0 0 0 13
228 524857 G 13 0 0 52 0 524687 0 0 1 0 0 0 0 0 54 0 0 20 0 0 30
229 535796 K 0 0 0 94 0 19 0 13 535471 0 0 53 0 5 117 0 2 0 0 0 22
230 554367 F 0 3 0 1 554128 0 0 40 0 96 0 0 3 0 0 72 0 2 0 22 0
231 522576 Q 0 0 0 20 0 0 16 0 49 24 0 0 3 522244 167 5 1 0 0 0 47
232 492464 T 102 0 0 0 0 0 0 36 16 0 0 0 12 1 7 15 492275 0 0 0 0
233 483975 A 483807 1 33 0 1 10 0 0 0 0 0 0 10 3 1 38 25 46 0 0 0
234 424482 A 424213 2 1 35 1 13 2 0 0 0 0 0 11 0 0 33 123 46 0 0 2
235 411939 Q 0 0 0 5 0 0 26 0 28 17 0 0 4 411728 76 0 8 0 0 0 47
236 398704 R 0 1 0 0 0 155 0 0 28 5 28 0 0 0 398441 20 8 0 18 0 0
237 393427 A 393232 0 0 17 0 26 1 0 0 1 0 0 11 11 0 34 29 65 0 0 0
238 411471 M 0 0 0 0 0 0 0 69 26 22 411206 2 0 0 2 0 50 89 0 0 5
239 362338 M 0 0 3 1 0 0 0 109 44 36 362015 0 0 1 1 0 64 63 1 0 0
240 434121 D 3 0 433875 42 0 78 13 2 0 0 0 35 0 1 1 0 0 36 0 35 0
241 411128 Q 0 0 0 8 0 0 18 0 18 17 0 0 3 410876 136 2 0 0 0 0 50
242 475261 V 64 0 0 34 0 5 0 0 0 17 38 0 1 1 0 0 0 475101 0 0 0
243 475403 R 0 0 1 1 0 160 0 21 24 4 0 0 0 0 475101 43 10 0 1 0 37
244 468864 E 3 0 23 468630 0 85 0 0 51 0 0 0 0 8 2 0 1 19 0 0 42
245 501539 S 0 12 0 0 0 239 0 15 1 1 0 30 0 0 50 501177 10 4 0 0 0
246 490566 R 0 0 0 0 0 9 0 0 0 46 0 0 19 101 490317 3 0 0 71 0 0
247 496619 N 0 0 64 4 0 0 2 26 29 0 0 496347 0 0 0 113 14 1 0 19 0
248 520600 P 11 0 0 0 0 0 0 0 0 65 0 0 520423 30 14 28 29 0 0 0 0
249 545629 G 10 0 0 38 0 545463 0 0 0 0 0 0 0 1 56 0 0 28 0 0 33
250 526290 N 0 4 90 1 0 5 1 20 35 0 9 526022 0 1 0 72 2 1 0 27 0
251 561206 A 560918 2 84 1 1 13 1 0 0 5 0 2 13 1 0 46 68 51 0 0 0
252 542130 E 8 0 31 541799 1 132 0 0 54 0 1 0 0 8 3 0 0 49 0 0 44
253 565162 I 0 0 2 0 47 0 0 564924 0 0 14 21 0 0 0 4 54 95 0 1 0
254 550688 E 4 1 38 550320 1 89 0 0 104 0 0 0 0 29 1 0 0 45 0 0 56
255 557435 D 0 0 557196 30 0 93 6 2 0 1 0 32 0 0 0 2 0 39 0 34 0
256 533651 L 0 0 0 1 21 0 51 18 0 533463 0 0 81 0 3 1 0 12 0 0 0
257 537112 I 0 0 0 0 15 0 0 536840 0 8 5 44 0 0 0 6 67 127 0 0 0
258 488687 F 0 3 0 0 488470 0 0 16 0 121 0 0 0 0 0 66 0 2 2 7 0
259 477543 L 3 0 0 0 0 0 0 0 0 477364 19 0 98 37 4 2 2 11 3 0 0
260 484382 A 484083 0 0 35 0 26 6 0 0 1 0 0 18 0 0 32 82 99 0 0 0
261 411055 R 0 0 0 0 0 9 0 0 0 23 0 0 4 76 410858 1 0 0 84 0 0
262 504838 S 4 10 0 0 45 0 0 0 0 0 0 0 69 0 0 504645 33 1 0 30 1
263 496015 A 495690 0 0 34 0 14 0 0 0 0 0 0 21 0 0 46 137 73 0 0 0
264 420476 L 0 0 0 0 33 0 39 8 0 420316 0 0 64 0 0 5 4 7 0 0 0
265 451739 I 0 0 1 0 0 0 5 451360 23 27 163 2 1 2 2 7 81 65 0 0 0
266 474279 L 0 0 0 4 37 0 0 7 0 474090 28 0 0 1 2 76 0 4 1 4 25
267 470569 R 0 0 0 1 0 113 0 45 26 2 0 0 0 1 470326 29 4 0 0 0 22
268 535577 G 7 1 0 33 0 535354 0 1 0 0 0 0 0 0 94 3 1 38 45 0 0
269 570034 S 2 0 0 1 0 0 0 0 0 65 0 0 84 3 0 569798 41 2 0 0 38
270 583184 V 67 0 41 0 25 0 0 35 0 12 0 0 0 0 0 2 0 583002 0 0 0
271 567802 A 567581 0 28 0 1 13 0 0 0 1 0 0 22 2 0 34 68 52 0 0 0
272 575353 H 0 0 18 0 0 0 575027 0 0 76 0 33 7 40 89 2 2 1 0 58 0
273 579111 K 0 0 0 58 0 48 1 20 578675 1 0 50 0 2 233 0 2 0 0 0 21
274 556730 S 0 2 0 0 26 0 0 1 0 7 0 0 42 0 0 556618 18 0 1 15 0
275 520857 C 0 520574 1 0 19 6 0 1 1 2 0 0 0 0 89 19 1 7 5 51 81
276 437662 L 2 6 0 0 0 0 0 1 0 437545 32 0 26 39 2 0 0 9 0 0 0
277 358277 P 23 0 0 0 1 0 39 0 0 51 0 0 357992 0 12 123 35 1 0 0 0
278 326180 A 325933 0 30 0 0 13 0 0 0 0 0 0 21 0 0 44 104 35 0 0 0
279 294256 C 0 293895 0 0 19 18 0 0 0 5 0 0 2 0 206 11 0 2 5 53 40
280 275163 V 47 2 0 29 0 4 0 0 0 24 15 0 0 0 0 0 0 275041 0 0 1
281 194390 Y 0 106 2 0 13 0 30 1 0 0 0 14 0 0 0 0 0 3 12 194192 17
282 155462 G 4 0 1 22 0 155367 0 0 1 1 0 0 0 0 35 0 5 11 0 0 15
283 195306 P 7 0 0 0 0 0 13 0 0 15 0 0 195218 7 7 27 10 0 2 0 0
284 380352 A 380027 1 27 0 0 7 0 0 0 0 0 0 20 0 0 41 139 90 0 0 0
285 379836 V 68 0 0 17 0 2 0 75 0 26 0 0 0 0 2 0 0 379643 0 0 3
286 434118 A 433972 0 24 0 0 5 0 1 0 0 0 0 14 0 0 31 40 31 0 0 0
287 537290 S 0 34 0 0 0 91 0 33 0 0 0 30 0 11 63 537012 16 0 0 0 0
288 593051 G 11 30 32 0 0 592860 0 0 0 0 0 0 0 0 15 73 0 30 0 0 0
289 595547 Y 0 230 0 0 45 0 151 0 0 0 0 21 0 0 0 3 0 0 0 595055 42
290 642558 D 1 0 642295 29 0 76 11 0 0 0 0 84 0 0 0 1 0 42 0 19 0
291 628273 F 0 3 0 0 628032 0 0 12 0 131 0 1 0 0 0 68 1 4 0 21 0
292 634435 E 2 0 13 634127 0 96 1 0 95 0 0 0 0 17 12 2 1 27 1 0 41
293 626854 K 0 0 1 150 0 40 0 33 626489 0 0 26 0 4 101 2 3 0 0 0 5
294 612076 E 3 1 43 611777 0 123 0 0 36 0 0 0 0 10 10 0 0 40 0 0 33
295 584102 G 15 0 4 68 0 583849 0 4 6 0 0 0 0 0 47 0 0 63 0 0 46
296 506019 Y 0 119 0 0 32 0 92 2 0 3 0 39 1 0 0 2 2 0 0 505691 36
297 445777 S 5 3 0 0 18 0 1 0 0 4 0 0 54 0 0 445627 37 0 0 28 0
298 422746 L 0 3 0 0 23 0 0 11 0 422614 0 0 5 0 1 57 0 1 0 1 30
299 463715 V 55 0 1 50 0 8 0 0 0 28 36 4 0 0 5 4 3 463513 8 0 0
300 335478 G 15 0 0 72 0 335276 0 0 0 2 0 0 0 2 37 1 0 29 0 0 44
301 550867 I 1 0 0 0 1 0 0 550366 44 51 193 8 0 1 5 2 71 107 0 0 17
302 547769 D 7 1 547469 53 10 53 19 0 1 0 0 35 3 0 7 0 16 55 0 40 0
303 531260 P 16 0 0 3 0 0 33 0 0 39 0 2 531106 0 5 32 24 0 0 0 0
304 610535 F 0 5 0 0 610170 0 0 44 0 163 0 0 2 0 0 102 1 2 0 46 0
305 609839 K 0 0 0 125 0 19 0 45 609430 0 0 73 0 25 101 0 1 0 0 0 20
306 604494 L 1 0 0 0 0 0 0 0 0 604334 18 0 111 16 6 0 0 8 0 0 0
307 623974 L 7 0 0 0 29 1 22 29 0 623763 0 0 112 0 3 0 0 8 0 0 0
308 628064 Q 0 1 0 17 0 0 21 0 36 27 0 0 12 627771 116 10 0 0 0 0 53
309 622912 N 1 0 122 0 0 37 3 36 28 1 0 622525 0 0 2 127 21 0 0 9 0
310 607978 S 2 33 0 0 0 93 0 39 0 0 0 77 0 2 76 607642 13 1 0 0 0
311 652126 Q 1 0 0 17 0 0 25 0 40 37 0 0 11 651795 103 0 1 0 0 0 96
312 708173 V 70 0 0 57 0 4 0 50 1 38 0 0 0 0 1 0 1 707949 0 2 0
313 654243 Y 0 206 1 0 49 0 74 0 0 0 0 39 0 1 0 7 1 0 0 653801 64
314 645654 S 3 24 0 0 0 164 0 47 0 2 0 35 0 1 59 645304 15 0 0 0 0
315 624730 L 1 0 0 0 0 0 1 25 0 624435 0 0 198 42 7 0 0 19 0 0 2
316 664768 I 0 0 0 0 49 0 0 664342 0 3 13 45 0 0 0 4 79 233 0 0 0
317 613440 R 0 0 2 0 0 252 0 31 50 3 0 0 0 0 613042 36 11 0 0 0 13
318 614739 P 12 0 1 0 0 0 0 1 0 88 0 0 614506 37 16 57 21 0 0 0 0
319 626020 N 0 0 59 0 0 1 1 31 32 1 0 625593 1 0 0 266 6 1 0 28 0
320 648936 E 2 0 64 648557 0 108 0 1 89 0 0 0 1 19 3 0 1 47 0 0 44
321 689165 N 1 0 72 1 0 8 4 35 59 0 0 688792 0 0 1 166 2 0 0 24 0
322 702506 P 7 0 0 0 0 0 1 0 0 97 0 0 702261 38 14 49 39 0 0 0 0
323 714166 A 713825 1 1 45 0 21 0 0 0 0 0 0 19 3 4 61 74 110 0 0 2
324 760755 H 1 0 11 0 0 0 760356 0 0 98 0 22 13 50 108 4 2 0 0 90 0
325 764410 K 0 0 0 194 0 50 0 1 763675 1 52 34 0 10 363 0 12 0 0 0 18
326 641334 S 0 37 0 1 0 92 0 21 0 6 0 63 0 0 77 641014 20 3 0 0 0
327 630668 Q 0 3 1 16 0 0 66 0 41 16 0 0 8 630194 270 0 0 0 0 1 52
328 519591 L 4 0 0 0 0 1 0 1 0 519423 39 0 71 27 11 1 1 11 1 0 0
329 569521 V 70 5 1 33 1 16 0 1 0 37 34 0 0 1 0 0 0 569321 1 0 0
330 569544 W 0 74 1 0 0 8 0 1 0 54 0 0 0 1 98 18 1 7 569188 0 93
331 540823 M 0 1 3 0 0 1 0 117 47 49 540472 0 0 2 6 0 58 67 0 0 0
332 561921 A 561560 1 0 41 0 22 0 0 0 0 0 0 15 0 2 40 98 142 0 0 0
333 596710 C 0 596259 0 0 62 10 0 0 0 2 1 0 0 0 111 66 0 0 18 139 42
334 612129 H 0 0 18 0 0 1 611703 1 0 43 0 136 12 31 86 0 1 0 0 97 0
335 578058 S 4 15 0 0 60 1 0 1 0 12 1 0 60 0 0 577791 26 0 0 87 0
336 535522 A 535246 0 28 0 0 19 4 0 1 4 1 0 19 0 1 57 98 44 0 0 0
337 511393 A 511105 0 0 42 0 13 1 1 0 1 0 0 15 1 0 72 72 70 0 0 0
338 522750 F 0 1 0 1 522562 0 0 18 0 71 0 0 3 1 0 66 0 2 0 24 1
339 513366 E 2 0 42 513059 0 118 0 0 57 1 0 0 0 8 0 0 1 42 0 0 36
340 475837 D 0 0 475698 23 0 36 6 0 0 0 0 21 0 0 0 1 1 26 0 25 0
341 507090 L 0 0 0 0 0 0 0 21 1 506938 0 0 87 26 6 6 2 3 0 0 0
342 493425 R 0 0 1 5 0 219 0 35 33 1 0 0 0 4 493059 38 7 0 0 0 23
343 448069 V 58 2 0 27 0 2 0 28 0 21 0 0 0 1 0 0 0 447929 0 1 0
344 439290 L 0 0 0 0 48 0 0 24 2 439100 0 0 5 0 0 57 1 8 0 0 45
345 396382 S 0 3 0 0 0 93 0 30 0 0 0 14 0 0 27 396203 11 1 0 0 0
346 346353 F 0 1 0 0 346179 0 0 2 0 97 0 0 0 0 0 41 0 1 0 32 0
347 423702 I 0 0 0 0 29 0 0 423492 0 3 8 45 0 0 0 2 52 71 0 0 0
348 408763 R 0 0 1 0 0 124 0 41 25 0 0 0 0 1 408501 33 9 0 0 0 28
349 393185 G 11 0 0 34 0 393058 0 0 0 0 0 0 0 0 45 0 0 21 16 0 0
350 503036 T 85 0 27 0 0 0 0 49 0 0 0 20 9 1 0 53 502791 0 1 0 0
351 511477 K 0 0 0 68 0 13 0 27 511090 0 0 40 0 35 174 1 3 0 0 0 26
352 543227 V 58 0 0 45 0 3 0 37 1 21 0 0 1 0 4 11 1 543034 0 11 0
353 553070 S 5 6 0 0 30 0 0 26 0 1 0 0 126 0 0 552822 34 0 0 20 0
354 519274 P 5 0 0 0 0 0 0 0 0 43 0 0 519102 55 9 35 25 0 0 0 0
355 504317 R 0 2 0 0 0 282 0 0 64 3 42 0 0 0 503849 45 6 0 23 0 1
356 449212 G 13 0 0 41 0 449074 0 0 0 0 0 0 0 0 30 0 0 26 28 0 0
357 448778 K 0 0 0 59 0 0 0 14 448491 0 0 56 0 3 129 0 1 0 0 0 25
358 457470 L 0 0 0 0 22 0 16 12 0 457305 0 0 96 0 4 1 6 8 0 0 0
359 437541 S 0 8 0 0 22 1 0 0 0 1 0 0 60 0 0 437395 26 0 0 28 0
360 517396 T 82 4 0 0 0 0 4 47 0 3 0 21 9 0 1 64 517160 1 0 0 0
361 493269 R 0 0 0 1 0 163 0 29 22 2 1 0 0 0 492978 31 10 3 0 0 29
362 467645 G 10 1 1 22 0 467501 0 0 0 1 0 0 0 4 46 2 0 32 0 0 25
363 554958 V 106 2 0 48 1 8 0 44 0 36 0 0 0 0 1 3 1 554706 0 1 1
364 552553 Q 0 0 0 13 0 1 41 0 31 39 0 0 9 552260 87 0 8 0 0 1 63
365 574196 I 0 0 0 0 36 0 0 573924 0 2 14 35 0 2 0 2 76 104 0 0 1
366 500842 A 500702 0 18 1 0 10 0 0 0 2 0 0 16 0 0 26 32 35 0 0 0
367 493414 S 5 0 0 0 0 0 0 0 0 39 0 0 50 1 0 493221 47 0 0 0 51
368 504699 N 0 0 77 0 0 21 2 23 25 0 0 504437 0 0 0 90 1 0 0 23 0
369 499844 E 3 0 13 499634 0 56 0 0 62 0 2 0 0 19 0 0 0 27 0 0 28
370 512322 N 0 0 64 0 0 17 3 42 28 0 0 511987 1 0 0 100 70 0 0 10 0
371 509095 M 1 0 0 0 0 0 4 116 23 33 508778 0 0 0 3 1 58 78 0 0 0
372 523174 D 0 0 522944 56 0 74 13 0 0 0 2 29 0 0 0 0 1 27 0 28 0
373 514526 A 514325 3 54 0 0 12 0 0 0 0 0 0 17 1 0 34 55 25 0 0 0
374 570934 M 0 2 0 0 0 1 0 123 46 60 570493 1 0 2 4 0 73 123 1 4 1
375 542766 E 7 0 24 542524 0 64 0 0 39 2 0 5 0 14 1 0 1 49 0 1 35
376 411783 S 5 0 0 0 1 0 0 2 1 42 0 0 31 3 0 411654 18 2 0 0 24
377 414460 S 1 20 0 0 0 267 0 18 0 0 0 21 0 1 50 414071 9 2 0 0 0
378 378674 T 148 0 0 0 0 0 0 17 0 1 0 11 3 2 1 39 378451 0 0 1 0
379 384670 L 0 0 0 0 20 0 13 23 0 384528 1 0 73 0 2 2 0 8 0 0 0
380 388617 E 3 0 35 388426 0 43 0 0 42 0 0 2 1 15 0 0 0 31 0 0 19
381 391197 L 0 1 0 2 0 0 0 1 0 391072 17 0 82 8 9 0 1 4 0 0 0
382 412217 R 0 0 0 2 0 101 0 18 26 2 0 0 0 1 412014 29 7 0 0 0 17
383 477936 S 0 14 0 0 0 119 0 22 1 1 0 26 0 0 44 477693 15 0 0 1 0
384 509930 R 0 1 0 0 0 220 0 0 22 0 24 0 0 3 509573 42 9 1 34 1 0
385 601445 Y 1 278 8 0 53 8 114 0 0 5 0 53 0 0 0 8 0 10 0 600873 34
386 583082 W 0 53 0 1 0 17 0 0 0 52 0 1 0 0 133 19 1 0 582685 0 120
387 536571 A 536284 1 34 0 0 23 0 0 0 0 0 0 25 0 0 50 77 77 0 0 0
388 592490 I 0 3 0 0 0 0 6 591780 24 82 422 0 1 1 0 1 78 88 0 0 4
389 556302 R 0 0 0 4 0 381 0 36 51 0 0 2 0 0 555767 30 12 0 0 0 19
390 572285 T 111 1 0 0 0 0 0 36 0 0 0 32 1 0 0 48 572056 0 0 0 0
391 587466 R 0 0 0 2 0 124 0 34 34 0 0 0 0 0 587192 33 10 0 0 0 37
392 566169 S 0 23 0 3 0 182 0 25 2 0 0 37 0 0 33 565858 6 0 0 0 0
393 581907 G 16 0 0 44 0 581708 0 0 0 1 0 0 0 0 58 0 0 47 4 0 29
394 554061 G 17 0 0 52 0 553846 0 0 0 0 0 0 0 0 80 0 0 39 0 0 27
395 558380 N 0 0 170 0 0 33 3 28 53 0 0 557961 0 0 2 87 25 0 0 18 0
396 557795 T 102 0 0 0 0 0 6 35 1 1 0 25 3 4 1 63 557553 0 0 1 0
397 637270 N 0 0 246 0 1 43 0 42 46 0 1 636757 0 0 2 102 3 1 0 23 3
398 640202 Q 0 2 0 10 0 0 41 3 26 23 0 9 7 639861 171 4 0 0 0 0 45
399 575239 Q 1 1 1 3 0 0 68 0 33 33 0 0 12 574698 326 0 4 0 0 0 59
400 516173 R 0 0 1 6 0 153 0 0 39 5 63 0 0 0 515805 49 9 0 43 0 0
401 492194 A 491982 1 28 0 0 25 0 0 0 0 0 0 29 0 1 29 37 61 0 0 1
402 495989 S 12 7 0 0 29 0 0 0 0 5 0 0 119 0 0 495737 25 1 0 53 1
403 497319 A 496973 0 0 43 0 19 0 0 0 1 0 0 14 3 0 35 56 175 0 0 0
404 518011 G 16 33 49 0 0 517852 0 0 0 1 0 0 0 0 10 30 0 20 0 0 0
405 517874 Q 0 1 0 9 0 0 41 0 46 28 0 0 14 517533 126 7 0 0 0 0 69
406 540031 I 1 1 0 0 31 0 0 539765 1 2 4 25 0 0 0 7 52 142 0 0 0
407 486091 S 0 25 0 0 0 162 0 15 0 5 0 31 0 1 66 485779 5 2 0 0 0
408 492907 V 116 1 0 41 0 10 0 1 0 26 51 0 0 0 0 0 0 492661 0 0 0
409 485548 Q 2 1 0 24 0 0 43 0 38 19 0 2 3 485094 105 1 5 0 1 0 210
410 445066 P 6 0 0 0 0 0 44 0 0 29 0 0 444896 5 7 40 39 0 0 0 0
411 479333 A 479016 14 0 40 0 15 5 1 0 0 0 0 19 0 0 25 134 63 1 0 0
412 493448 F 0 3 0 0 493243 0 2 64 0 78 0 0 2 1 0 44 0 2 0 9 0
413 434867 S 2 9 0 0 29 0 0 0 0 4 0 0 44 1 0 434731 29 1 0 17 0
414 458945 V 87 4 0 55 0 10 0 0 1 35 46 0 0 1 1 0 0 458705 0 0 0
415 476455 Q 17 0 0 21 0 1 17 0 55 31 0 0 2 476130 106 0 1 0 0 0 74
416 482402 R 1 0 0 14 0 249 0 22 39 0 0 1 0 1 482020 27 13 0 0 0 15
417 448144 N 0 1 152 0 0 44 0 28 39 4 0 447745 1 0 0 94 19 0 0 17 0
418 473226 L 0 0 0 0 25 0 31 27 0 473037 0 0 93 0 2 4 0 7 0 0 0
419 504579 P 17 0 0 0 0 0 10 0 0 60 0 0 504394 26 10 31 31 0 0 0 0
420 470855 F 2 0 0 0 470634 0 0 32 0 90 0 0 3 2 0 60 0 4 1 27 0
421 481102 D 4 1 480785 38 0 120 14 0 0 0 1 59 0 1 0 1 3 44 0 22 9
422 459344 K 0 0 0 66 1 30 0 22 458905 3 1 48 0 15 245 0 1 0 0 0 7
423 455465 P 6 0 0 0 0 0 0 0 0 41 0 0 455331 35 6 26 20 0 0 0 0
424 473983 T 73 0 0 0 0 0 0 36 0 0 0 20 7 1 1 41 473804 0 0 0 0
425 483162 I 1 1 0 0 44 0 3 482912 0 5 10 41 1 0 0 6 74 64 0 0 0
426 461232 M 0 0 0 0 0 1 3 92 44 42 460883 0 0 0 3 1 61 101 0 1 0
427 416974 A 416698 0 0 32 0 28 0 0 0 0 0 0 12 0 0 49 46 108 0 0 1
428 409608 A 409428 0 0 28 0 9 0 0 0 0 1 0 13 0 0 35 45 48 0 0 1
429 406552 F 0 1 0 0 406363 0 0 19 0 90 0 0 1 0 0 43 0 2 0 33 0
430 373205 T 114 0 0 0 0 1 0 18 0 1 0 9 7 0 0 42 373013 0 0 0 0
431 404997 G 4 1 0 36 1 404821 0 0 0 1 0 0 0 0 60 0 0 38 35 0 0
432 414399 N 0 0 73 3 1 5 3 32 22 1 1 414062 0 0 0 169 2 0 0 25 0
433 443352 T 439 1 1 0 1 0 0 108 26 5 0 0 2 8 11 37 442713 0 0 0 0
434 457169 E 9 1 47 456806 0 173 0 0 41 0 0 0 0 8 7 1 0 34 0 0 42
435 496462 G 21 0 1 71 0 496210 0 0 0 0 0 0 0 0 56 0 0 65 0 0 38
436 506953 R 0 0 0 5 0 436 0 83 50 0 0 1 0 0 506300 32 9 1 0 2 34
437 516885 T 209 0 0 1 0 0 1 38 15 0 0 1 5 1 6 34 516566 2 0 0 6
438 543696 S 1 1 0 0 1 5 2 3 0 46 0 0 43 1 1 543473 48 0 0 0 71
439 532559 D 0 0 532340 30 0 61 9 1 0 13 0 30 0 2 0 1 0 45 0 27 0
440 512745 M 0 0 0 0 0 0 1 107 23 36 512410 0 0 1 10 0 85 71 0 1 0
441 492031 R 0 0 0 1 1 142 0 0 40 1 55 0 0 0 491717 23 12 1 38 0 0
442 496013 A 495740 0 0 36 0 26 0 1 0 0 0 2 15 5 0 36 63 89 0 0 0
443 504837 E 1 0 32 504648 0 53 0 0 36 0 1 0 0 7 2 0 0 21 0 0 36
444 505829 I 0 0 0 0 18 0 0 505546 1 7 1 25 0 0 0 1 52 178 0 0 0
445 563783 I 0 0 0 0 0 0 0 562429 31 46 342 0 1 0 1 0 61 848 0 14 10
446 507192 R 1 0 4 0 0 605 1 0 38 3 46 0 0 1 506410 40 7 0 36 0 0
447 488651 M 0 0 8 0 0 1 0 98 34 45 488325 0 2 0 10 0 70 57 1 0 0
448 494047 M 0 0 9 0 0 0 0 112 46 50 493656 0 0 0 7 0 64 102 1 0 0
449 444587 E 6 0 42 444332 0 101 0 1 37 2 0 0 0 15 0 0 1 23 0 0 27
450 456279 G 7 26 45 0 0 456117 0 0 0 1 0 0 0 1 6 54 1 20 0 1 0
451 505827 A 505268 34 0 50 0 26 0 0 0 0 0 0 13 5 0 48 193 188 0 0 2
452 497471 K 0 0 0 150 0 29 0 5 496980 0 0 69 0 6 220 0 4 0 0 0 8
453 478683 P 7 0 0 0 0 0 0 0 1 41 0 1 478548 32 11 23 19 0 0 0 0
454 498932 E 2 0 24 498569 0 246 0 0 28 0 0 0 0 8 2 0 0 24 0 0 29
455 508076 E 5 2 37 507798 0 122 0 0 28 0 0 0 0 16 1 0 0 36 0 0 31
456 515759 M 1 3 0 0 0 1 0 98 35 28 514595 1 0 2 7 0 44 944 0 0 0
457 496253 S 5 11 1 0 38 0 0 0 0 0 0 0 71 0 0 496049 53 4 0 21 0
458 517294 F 0 4 2 0 516955 0 0 23 0 142 0 0 0 0 0 114 0 5 1 48 0
459 491952 Q 1 0 0 18 0 1 77 0 31 46 0 0 51 491229 438 1 1 0 0 0 58
460 442115 G 14 1 1 53 0 441983 0 0 0 0 0 0 1 0 20 0 1 34 7 0 0
461 421898 R 87 0 0 1 0 45 0 0 0 50 0 0 27 112 421488 0 2 0 86 0 0
462 379496 G 15 0 0 123 0 379203 0 0 0 1 0 0 0 3 63 0 0 37 0 0 51
463 365890 V 28 1 19 1 13 3 0 43 0 7 0 0 0 0 0 5 0 365770 0 0 0
464 383750 F 0 2 0 0 383479 0 0 28 0 139 0 0 5 0 0 63 0 8 0 26 0
465 437387 E 4 0 34 437067 0 137 0 0 75 0 0 0 0 14 0 1 0 17 0 0 38
466 365541 L 4 0 0 1 19 0 8 19 1 365408 0 0 67 0 4 2 1 7 0 0 0
467 386912 S 1 0 1 0 0 2 0 0 0 112 1 0 62 7 4 386644 20 0 14 0 44
468 427691 D 2 1 427469 28 1 89 4 0 0 0 0 39 0 0 0 4 2 27 0 25 0
469 499698 E 3 0 37 499237 0 171 0 0 108 0 0 0 0 25 36 0 2 24 0 0 55
470 538729 R 0 0 0 0 0 1111 0 0 56 1 61 0 1 0 537435 27 9 1 27 0 0
471 524807 A 524353 0 0 43 0 31 0 0 0 3 0 0 12 1 1 42 67 254 0 0 0
472 536575 A 536072 2 0 47 0 9 0 0 1 0 0 0 15 2 1 145 51 229 1 0 0
473 581972 N 0 0 65 2 2 21 2 35 28 0 0 581410 0 0 0 370 11 0 0 26 0
474 573026 P 11 0 0 0 0 0 0 0 0 87 0 0 572793 49 10 44 30 1 0 0 1
475 545188 I 0 0 0 0 33 1 0 544823 0 6 5 45 1 0 0 1 54 219 0 0 0
476 494705 V 81 0 0 22 0 4 0 0 0 34 121 0 0 0 2 0 0 494441 0 0 0
477 487791 P 10 1 0 0 0 0 20 0 0 41 0 0 487637 0 9 46 27 0 0 0 0
478 469154 S 7 7 0 0 30 1 0 0 0 9 0 0 93 0 0 468960 21 0 0 26 0
479 516372 F 0 3 1 0 516092 0 0 18 0 177 0 0 1 0 0 45 0 7 0 23 5
480 518838 D 5 1 518455 41 0 140 18 0 0 1 0 61 0 0 0 2 41 47 0 20 6
481 445592 M 0 0 0 0 0 1 1 99 21 38 445221 0 0 0 10 0 77 123 0 0 1
482 558817 S 0 47 0 11 2 260 0 44 0 0 0 38 0 0 63 558338 11 2 0 0 1
483 628269 N 0 0 471 0 0 100 3 40 40 1 15 627317 0 0 0 241 2 0 0 30 9
484 557151 E 5 1 33 556784 0 159 0 0 58 0 0 0 0 19 0 0 2 40 0 0 50
485 500496 G 10 1 0 34 0 500353 1 0 0 1 0 0 0 2 40 1 0 24 0 0 29
486 508424 S 1 7 0 1 22 0 0 3 0 0 0 3 65 0 0 508263 30 1 0 27 1
487 509983 Y 0 1401 3 0 29 0 86 6 3 3 0 4 0 0 0 1 0 0 0 508410 37
488 500896 F 0 2 0 0 500666 0 0 33 0 92 0 0 0 1 0 63 0 5 0 34 0
489 476705 F 0 0 0 0 476471 0 0 14 1 142 0 0 1 0 1 50 1 3 0 20 1
490 476197 G 11 0 2 26 0 475997 0 1 0 0 0 0 0 0 95 1 0 32 0 1 31
491 486542 D 2 0 486298 34 0 60 12 0 0 0 1 48 0 0 5 1 3 57 0 21 0
492 495199 N 0 0 95 1 0 4 9 31 49 2 5 494892 3 1 0 88 0 0 0 19 0
493 598212 A 597766 0 0 71 0 18 1 0 1 16 0 1 22 2 0 45 123 146 0 0 0
494 501592 E 0 2 48 501315 0 95 0 0 32 1 0 0 0 14 3 1 0 40 1 0 40
495 483183 E 10 0 16 482982 0 69 0 0 22 0 0 0 0 12 1 2 0 35 0 0 34
496 465239 Y 0 494 4 2 26 0 88 0 0 1 0 37 0 1 0 1 1 4 0 464529 51
497 432863 D 1 0 432551 34 0 104 9 0 0 0 1 75 0 1 0 1 1 66 0 19 0
498 335663 N 0 1 52 0 0 11 7 24 21 5 0 335381 0 6 1 126 3 0 0 25 0
