# amino-acid counts among definitively called codons
# POSITION TOTAL_COUNTS WT N_A N_C N_D N_E N_F N_G N_H N_I N_K N_L N_M N_N N_P N_Q N_R N_S N_T N_V N_W N_Y N_STOP
1 659590 M 0 0 0 0 0 0 2 171 44 50 659095 0 0 1 6 0 100 119 2 0 0
2 626274 A 625898 0 0 66 0 34 0 0 0 0 0 0 12 0 3 55 54 152 0 0 0
3 654875 S 11 19 0 0 56 0 0 1 0 0 0 0 145 0 0 654558 31 10 0 44 0
4 657289 Q 0 1 0 17 0 1 44 0 70 32 0 0 19 656901 123 2 0 0 0 0 79
5 600266 G 32 120 78 0 0 599871 0 0 0 0 0 0 1 0 16 108 0 39 0 1 0
6 535859 T 82 2 0 0 0 0 8 49 0 2 0 38 9 2 0 53 535613 0 0 0 1
7 534317 K 0 1 0 69 0 1 0 24 534076 0 0 59 0 17 47 0 1 0 0 0 22
8 469557 R 0 0 0 0 0 17 0 0 0 38 0 0 18 64 469300 0 1 0 119 0 0
9 483703 S 10 16 0 0 38 0 0 0 0 1 0 0 65 2 0 483490 25 5 0 51 0
10 522850 Y 0 88 4 0 11 0 138 0 0 4 7 8 0 0 0 4 0 0 0 522536 50
11 470024 E 6 1 41 469715 0 80 0 0 98 0 0 3 0 19 0 1 0 26 0 0 34
12 439970 Q 0 0 0 21 0 0 61 0 61 26 0 1 11 439624 102 0 0 0 2 0 61
13 542061 M 0 0 6 0 0 0 0 185 39 56 541641 1 0 2 6 1 54 70 0 0 0
14 532249 E 4 0 27 531934 0 110 0 0 70 1 0 0 0 27 0 0 1 32 0 0 43
15 501422 T 76 0 0 0 0 1 0 24 0 7 0 43 13 1 0 39 501218 0 0 0 0
16 562117 D 4 2 561738 74 0 103 15 1 0 1 4 49 0 2 0 0 0 40 0 73 11
17 556749 G 18 0 0 75 0 556472 0 0 0 0 1 1 0 0 65 0 0 54 63 0 0
18 548700 E 5 0 34 548339 0 133 0 1 111 0 0 2 1 20 2 1 0 18 0 0 33
19 554109 R 4 131 0 0 1 21 213 5 0 54 0 38 39 2 553562 37 2 0 0 0 0
20 565630 Q 1 0 0 24 0 1 65 0 48 26 0 0 677 564555 178 0 1 0 0 0 54
21 538092 N 0 5 76 3 0 0 2 29 40 1 3 537825 0 0 0 73 6 1 0 28 0
22 549917 A 549452 4 0 56 0 22 1 0 0 0 0 1 22 4 1 48 167 135 0 1 3
23 574854 T 97 1 0 0 0 0 0 54 0 3 1 59 5 1 0 60 574573 0 0 0 0
24 546739 E 7 1 57 546339 0 116 0 1 111 0 0 0 0 21 3 2 0 31 1 0 49
25 479428 I 0 0 1 0 25 0 0 479213 0 4 23 17 1 1 1 3 57 82 0 0 0
26 523704 R 1 0 0 18 0 154 0 38 92 2 3 0 2 0 523294 33 17 1 0 0 49
27 502387 A 502059 0 0 57 0 30 0 0 2 1 0 0 17 0 0 48 62 111 0 0 0
28 545170 S 9 27 0 1 53 0 0 1 0 0 0 0 106 0 1 544868 42 0 1 60 1
29 524962 V 69 0 41 1 22 3 0 153 0 8 0 0 0 0 4 2 1 524658 0 0 0
30 550056 G 20 0 0 72 0 549653 0 0 0 0 2 0 0 0 192 0 0 58 59 0 0
31 548547 K 0 0 0 77 0 0 0 0 548230 0 34 55 0 1 119 0 5 0 0 0 26
32 540619 M 0 0 1 0 0 0 0 137 38 37 540278 0 0 0 3 1 65 58 0 0 1
33 548852 I 0 0 3 0 35 0 0 548561 0 4 10 48 0 0 0 5 51 135 0 0 0
34 546679 D 4 0 546308 51 1 100 13 1 0 0 2 118 0 0 0 0 1 39 0 41 0
35 496910 G 15 2 0 63 0 496623 0 1 1 1 0 0 0 0 105 0 1 45 0 0 53
36 527039 I 0 0 0 0 23 0 0 526830 2 5 12 30 0 3 0 3 52 79 0 0 0
37 497032 G 19 0 5 46 0 496773 0 0 2 0 0 0 0 0 100 0 0 43 1 0 43
38 458312 R 0 0 1 0 0 29 0 0 0 41 0 0 22 110 457998 0 0 0 0 0 111
39 503018 F 0 3 0 0 502749 0 0 29 0 155 0 0 0 0 1 49 0 4 0 28 0
40 486949 Y 0 98 6 0 50 0 138 2 0 1 0 46 0 0 0 8 3 0 0 486526 71
41 438878 I 0 0 0 0 26 0 1 438675 0 9 4 27 0 1 0 9 70 56 0 0 0
42 432592 Q 0 0 0 19 0 0 19 0 69 23 0 0 13 432351 53 1 0 0 0 0 44
43 421160 M 0 3 0 0 0 0 1 127 38 27 420874 1 0 0 9 3 32 45 0 0 0
44 469574 C 0 469182 1 0 44 25 1 2 0 0 0 0 0 0 60 79 0 0 35 79 66
45 454296 T 73 0 0 0 0 0 0 66 1 1 0 31 8 3 2 55 454056 0 0 0 0
46 498400 E 0 0 49 498133 0 71 0 0 65 0 0 0 0 13 1 0 2 22 0 0 44
47 582744 L 0 0 0 0 47 0 18 29 0 582544 0 0 65 2 7 0 21 11 0 0 0
48 588718 K 0 0 0 61 0 0 0 19 588428 1 0 73 0 5 58 0 8 0 0 0 65
49 585804 L 0 0 0 0 45 0 20 45 0 585575 0 0 94 2 4 0 3 16 0 0 0
50 583478 S 3 34 1 0 1 150 1 42 0 0 1 40 0 2 82 583105 14 2 0 0 0
51 648751 D 1 0 648259 61 0 207 24 3 0 1 2 82 1 0 0 0 1 39 0 67 3
52 694837 Y 0 105 4 1 39 0 89 3 0 5 16 14 0 3 0 7 1 0 0 694481 69
53 663743 E 8 0 143 663168 0 171 0 0 108 0 3 0 0 19 3 1 0 61 1 0 57
54 599669 G 19 0 0 113 0 599304 0 0 0 2 0 0 1 0 135 0 0 39 55 0 1
55 564585 R 1 0 11 1 0 107 1 0 0 70 0 0 28 156 564090 0 0 1 0 0 119
56 558878 L 0 0 0 0 0 1 0 1 0 558662 36 0 118 34 4 0 2 19 0 0 1
57 593189 I 0 0 0 0 53 0 0 592925 0 4 23 28 0 0 1 7 73 74 1 0 0
58 572222 Q 0 0 0 28 0 0 50 1 59 30 0 0 13 571858 117 2 1 0 0 0 63
59 547827 N 0 0 63 0 1 0 1 30 60 0 0 547559 1 0 1 79 7 0 0 25 0
60 436446 S 0 35 0 0 0 84 0 33 0 7 0 37 0 0 53 436179 18 0 0 0 0
61 436859 L 0 0 0 0 32 1 0 18 0 436656 0 0 3 0 0 82 0 4 0 0 63
62 400494 T 42 0 1 0 0 1 1 42 29 1 0 4 2 2 12 29 400326 2 0 0 0
63 427963 I 0 0 0 0 0 0 0 427667 27 37 101 4 0 3 2 2 53 64 0 0 3
64 441530 E 1 0 40 441291 0 78 1 0 35 0 0 0 0 14 2 0 0 14 0 0 54
65 427071 R 0 1 0 1 0 92 0 40 43 1 0 3 1 3 426815 32 10 0 0 0 29
66 443493 M 0 0 0 0 0 1 0 105 29 36 443182 4 0 0 2 1 60 70 3 0 0
67 425581 V 53 0 1 50 0 11 0 4 0 36 64 0 0 0 1 0 0 425360 1 0 0
68 461940 L 0 4 0 0 40 0 26 38 0 461708 0 0 88 0 6 2 0 24 0 3 1
69 480225 S 7 14 0 0 25 0 0 0 0 2 0 0 97 1 1 479988 25 0 0 65 0
70 509708 A 509337 4 59 1 0 19 1 0 0 3 1 0 18 0 0 42 163 60 0 0 0
71 492370 F 3 3 0 1 492124 0 2 16 1 129 0 0 1 0 0 62 0 4 0 15 9
72 491442 D 4 1 491126 49 0 86 24 0 0 0 0 63 0 0 0 2 24 34 0 29 0
73 450777 E 2 0 18 450451 0 72 0 0 142 0 0 0 0 13 2 1 1 34 0 0 41
74 459634 R 0 0 0 9 0 132 0 35 75 0 0 0 0 1 459299 38 17 0 0 0 28
75 469167 R 0 0 0 0 0 77 0 1 63 1 35 0 0 0 468873 68 13 1 35 0 0
76 498434 N 0 1 87 11 0 1 4 43 52 0 0 498095 0 1 0 98 11 0 0 29 1
77 495099 K 1 0 0 97 0 0 0 30 494810 0 0 48 0 3 74 1 3 1 0 0 31
78 378140 Y 0 46 1 0 28 0 45 1 0 1 0 23 1 0 0 4 0 0 2 377956 32
79 368396 L 0 2 0 0 0 2 0 0 1 368225 36 0 89 25 5 1 0 10 0 0 0
80 337202 E 2 0 23 336976 0 79 1 1 68 1 0 0 0 17 0 0 0 16 0 1 17
81 314740 E 2 0 27 314557 0 39 0 0 55 0 0 1 0 11 1 1 0 26 0 0 20
82 366008 H 0 0 14 0 0 0 365795 1 0 19 0 44 4 38 49 2 3 0 0 39 0
83 488078 P 16 0 0 0 1 0 56 6 0 44 0 0 487819 0 18 68 50 0 0 0 0
84 488057 S 5 8 1 0 0 118 0 39 0 4 0 78 4 5 100 487690 5 0 0 0 0
85 517949 A 517263 0 2 58 0 29 0 0 1 0 0 0 22 7 69 175 238 85 0 0 0
86 574408 G 25 1 0 84 0 574018 0 0 0 1 0 4 0 1 142 1 0 66 65 0 0
87 601374 K 0 1 0 205 0 2 0 0 600836 0 22 120 1 1 136 0 10 0 0 0 40
88 616216 D 5 0 615876 59 0 83 19 12 0 0 0 72 0 0 0 0 1 41 0 48 0
89 564298 P 13 1 0 0 1 0 79 0 0 58 0 0 564013 1 16 53 62 1 0 0 0
90 566905 K 0 1 0 69 0 1 0 0 566675 1 16 34 0 5 89 1 7 0 0 0 6
91 526950 K 0 0 0 70 0 1 0 9 526750 1 1 16 0 4 78 0 5 1 0 0 14
92 476988 T 45 0 0 0 0 1 0 25 0 4 0 47 22 0 0 33 476811 0 0 0 0
93 474291 G 17 0 0 50 0 474050 0 0 0 0 0 0 0 0 73 0 0 45 1 0 55
94 443983 G 18 0 3 38 0 443794 0 1 0 0 0 0 0 2 58 0 0 31 0 0 38
95 471891 P 16 0 2 0 0 0 57 0 0 42 0 0 471658 2 10 53 50 1 0 0 0
96 524194 I 1 0 0 0 0 0 3 523878 47 47 57 0 3 2 6 0 63 79 0 8 0
97 557541 Y 0 79 2 0 56 0 97 12 0 2 0 38 0 13 1 3 1 0 1 557179 57
98 484931 K 2 0 0 113 0 0 0 1 484576 2 32 38 0 8 109 1 21 0 0 0 28
99 362850 R 0 0 0 1 0 57 0 34 61 3 0 0 0 1 362608 45 9 0 0 0 31
100 357087 V 59 0 0 34 0 7 0 79 0 40 0 0 0 1 1 0 0 356866 0 0 0
101 424621 D 3 0 424383 40 0 53 5 0 0 0 0 71 0 1 0 0 1 23 0 41 0
102 438976 R 0 0 0 1 0 67 0 31 65 0 0 0 0 1 438759 14 18 0 0 0 20
103 456346 K 0 0 0 71 0 0 0 0 456125 0 15 37 0 3 75 0 8 0 0 0 12
104 465335 W 0 50 0 0 0 16 0 0 0 43 0 0 2 0 93 12 0 3 464970 0 146
105 478464 M 0 0 3 1 0 0 0 153 30 41 478095 0 0 0 8 0 42 91 0 0 0
106 499560 R 0 0 0 12 0 113 0 0 75 0 56 0 0 0 499194 54 3 1 52 0 0
107 494839 E 3 0 40 494310 0 109 0 0 253 0 0 18 0 26 0 0 0 21 0 0 59
108 493166 L 0 0 0 0 41 1 39 46 0 492933 0 0 75 0 3 5 4 18 0 0 1
109 473315 V 71 0 30 1 24 8 0 124 0 5 0 0 0 0 3 0 0 473049 0 0 0
110 500632 L 0 0 0 0 44 0 17 59 0 500401 0 0 90 0 5 0 0 16 0 0 0
111 475889 Y 0 97 2 0 33 0 98 0 1 2 12 10 0 0 0 8 0 0 0 475573 53
112 410717 D 5 0 410200 58 0 87 11 1 0 0 2 273 0 0 1 1 0 44 0 30 4
113 373240 K 0 0 0 41 0 0 0 22 373061 2 0 20 0 27 44 0 3 0 0 0 20
114 440000 E 2 1 34 439732 0 61 0 0 93 0 0 1 2 14 3 0 0 27 0 0 30
115 494751 E 3 0 25 494477 0 83 0 0 74 0 0 0 0 11 23 0 0 25 0 0 30
116 522730 I 0 0 0 0 0 0 0 522379 29 42 106 18 1 1 4 0 60 85 0 0 5
117 498586 R 0 1 0 0 0 92 0 0 50 1 47 0 0 0 498303 50 9 0 33 0 0
118 485804 R 1 0 0 1 0 28 1 0 0 50 0 0 16 96 485529 0 0 0 0 0 82
119 520897 I 0 3 0 0 12 0 0 520698 0 6 16 34 0 0 0 3 57 68 0 0 0
120 485777 W 0 31 0 0 0 10 0 0 0 31 0 0 0 0 133 4 0 0 485417 0 151
121 499592 R 1 109 0 0 0 45 130 0 0 38 0 0 30 0 499189 50 0 0 0 0 0
122 470138 Q 0 0 1 12 0 0 25 0 36 30 0 0 9 469894 74 0 1 0 0 0 56
123 543303 A 542975 0 51 0 0 15 0 0 0 0 0 0 29 0 0 54 116 63 0 0 0
124 602448 N 1 0 91 0 0 0 10 56 64 1 0 602130 3 6 1 53 12 0 0 18 2
125 588608 N 2 1 88 0 0 0 4 53 36 0 7 588308 0 0 0 68 5 1 2 28 5
126 463533 G 11 56 70 0 0 463270 0 0 0 0 0 3 0 0 11 83 0 29 0 0 0
127 461302 D 4 2 460955 46 0 86 6 0 0 0 0 111 0 0 3 0 1 32 0 56 0
128 450477 D 5 0 450157 43 0 67 8 0 1 1 1 95 0 1 0 0 0 51 0 47 0
129 459432 A 459131 2 0 40 0 23 0 0 0 1 2 0 18 0 0 34 98 82 0 0 1
130 407128 T 62 0 0 0 0 0 0 26 42 0 0 0 5 5 9 28 406951 0 0 0 0
131 376678 A 376530 0 36 0 0 5 0 0 1 0 0 0 12 2 0 25 43 23 0 0 1
132 463216 G 16 40 46 0 0 463006 0 2 0 1 0 0 0 0 14 58 0 32 0 1 0
133 490910 L 0 0 3 0 0 0 0 6 0 490687 38 0 126 19 6 0 0 25 0 0 0
134 584444 T 86 0 5 0 0 0 0 64 1 0 0 45 5 5 0 73 584160 0 0 0 0
135 610920 H 0 0 17 1 1 0 610460 1 1 64 0 85 11 90 105 6 3 0 1 74 0
136 652816 M 0 0 0 0 0 0 2 206 47 68 652248 1 0 2 11 0 106 124 0 0 1
137 671828 M 0 1 0 0 0 0 0 220 54 35 671283 0 0 0 3 1 88 142 1 0 0
138 606251 I 0 0 2 0 33 0 1 605972 0 3 18 39 1 0 0 8 78 93 0 0 3
139 579092 W 0 122 0 0 0 19 0 0 0 42 0 0 0 1 196 27 0 0 578500 0 185
140 556366 H 0 0 34 0 0 0 556032 2 0 34 0 52 7 26 78 2 0 0 0 99 0
141 553714 S 3 19 0 0 51 0 0 0 1 0 0 0 103 0 0 553447 32 0 0 58 0
142 549419 N 0 0 69 0 0 0 9 21 29 0 0 549210 0 3 0 57 3 0 0 18 0
143 539634 L 0 0 0 1 79 1 0 1 0 539399 25 0 0 1 2 84 0 3 6 0 32
144 514102 N 0 0 101 0 0 0 1 15 53 0 0 513817 0 0 0 78 6 0 0 31 0
145 495457 D 3 3 495179 42 0 71 24 0 0 0 0 54 0 0 0 0 2 33 0 45 1
146 477920 T 111 0 0 0 0 1 0 55 47 0 0 2 2 1 21 29 477643 0 0 1 7
147 604719 T 114 0 1 1 0 0 3 58 59 0 1 4 5 3 18 40 604408 0 0 4 0
148 539667 Y 0 58 5 0 32 0 81 5 1 0 0 23 2 1 0 2 0 0 0 539381 76
149 537038 Q 0 0 0 23 0 1 46 0 49 45 0 1 14 536651 140 0 7 4 0 1 56
150 503792 R 0 0 0 2 0 97 0 0 70 2 38 0 0 1 503509 37 9 1 26 0 0
151 548705 T 113 1 2 3 0 8 0 58 41 1 0 0 7 0 13 61 548397 0 0 0 0
152 575840 R 0 0 0 0 0 115 0 38 104 0 1 0 0 8 575494 26 9 0 0 0 45
153 631984 A 631656 0 72 0 0 28 0 0 0 1 0 1 29 0 0 50 93 54 0 0 0
154 670378 L 0 0 0 0 30 0 36 87 0 670123 0 0 80 0 1 1 0 20 0 0 0
155 679247 V 103 2 57 0 25 14 0 86 0 16 0 0 0 0 0 1 1 678942 0 0 0
156 692603 R 0 160 0 0 2 33 245 0 0 44 0 0 37 0 692006 75 0 0 0 0 1
157 694264 T 95 0 0 0 0 0 2 116 2 0 0 41 8 3 2 84 693911 0 0 0 0
158 708770 G 38 54 176 0 0 708131 0 0 0 1 1 0 2 0 24 263 1 78 0 1 0
159 732508 M 0 2 0 0 0 0 1 293 34 72 731865 0 0 1 22 1 95 115 6 0 1
160 827313 D 7 0 826831 81 0 152 16 5 0 0 0 141 1 3 1 1 0 28 0 46 0
161 731573 P 11 1 1 0 1 1 97 2 1 58 0 0 731227 3 20 93 57 0 0 0 0
162 686573 R 0 0 0 2 0 207 0 0 97 0 68 0 1 2 686090 59 23 0 24 0 0
163 627794 M 0 0 1 0 0 6 0 235 28 52 627260 0 0 0 14 1 73 122 2 0 0
164 615838 C 3 615262 0 0 52 14 0 1 0 5 0 0 0 0 94 94 0 0 32 212 69
165 582957 S 28 15 2 0 37 0 0 0 0 0 0 0 157 1 0 582623 29 0 2 63 0
166 576980 L 0 0 4 0 0 0 1 0 0 576716 76 0 120 41 13 1 0 8 0 0 0
167 565111 M 0 4 1 0 0 0 0 202 33 44 564664 0 0 0 10 0 87 66 0 0 0
168 530232 Q 0 0 1 36 0 1 78 0 71 23 0 0 12 529776 137 0 1 0 0 0 96
169 491024 G 9 26 51 0 0 490847 0 1 0 1 0 0 1 0 4 49 0 35 0 0 0
170 528619 S 1 1 0 0 1 1 0 0 0 134 0 0 57 2 2 528312 37 0 14 0 57
171 516059 T 103 0 0 0 0 0 0 54 0 3 0 36 6 2 0 96 515757 2 0 0 0
172 547886 L 0 1 0 1 37 0 59 71 0 547535 0 0 144 0 9 7 1 21 0 0 0
173 697574 P 29 0 0 0 0 0 76 0 0 79 0 0 697205 3 19 81 81 1 0 0 0
174 702879 R 0 0 0 0 0 142 1 0 82 1 66 0 0 0 702457 59 19 0 43 1 8
175 557781 R 1 0 0 0 0 152 0 0 71 2 35 0 1 0 557435 48 6 0 30 0 0
176 598686 S 6 14 0 0 52 0 1 0 0 0 0 0 85 0 0 598406 39 4 3 75 1
177 626343 G 16 0 0 72 0 626040 0 0 0 0 0 0 0 0 104 2 1 42 0 0 66
178 599893 A 599594 0 72 1 0 29 0 0 0 0 0 0 16 0 0 53 72 56 0 0 0
179 621327 A 620765 0 1 68 1 28 0 0 0 0 0 0 28 0 1 62 258 114 0 0 1
180 637237 G 18 57 62 0 0 636956 1 0 1 0 1 0 0 1 19 80 0 41 0 0 0
181 633027 A 632631 2 43 0 0 13 0 0 1 1 0 0 31 0 0 53 208 44 0 0 0
182 649160 A 648469 0 0 69 0 35 0 1 0 0 0 0 18 2 2 55 221 287 1 0 0
183 706420 V 134 0 46 1 35 9 0 92 0 23 0 0 1 0 0 15 0 706064 0 0 0
184 721678 K 3 0 0 95 1 0 0 46 721219 0 0 102 0 46 104 0 7 2 0 0 53
185 615608 G 12 1 0 93 0 615292 0 0 0 1 0 0 0 2 123 0 1 31 1 0 51
186 613103 V 59 3 29 0 31 5 0 138 0 21 1 0 1 0 0 10 1 612804 0 0 0
187 608867 G 29 0 4 114 0 608437 0 1 0 0 0 0 1 0 139 0 0 70 72 0 0
188 493637 T 112 0 0 4 0 0 0 72 37 0 0 2 3 8 26 42 493330 0 0 1 0
189 407746 M 0 1 0 0 0 0 0 104 28 26 407478 0 0 1 8 0 39 55 6 0 0
190 394485 V 62 0 1 28 1 7 0 1 0 29 53 0 0 1 2 1 0 394299 0 0 0
191 380879 M 0 0 2 0 0 0 0 99 36 42 380593 0 0 0 5 0 43 58 1 0 0
192 347830 E 3 0 33 347596 0 90 0 0 44 0 0 0 0 5 0 0 0 30 1 0 28
193 438779 L 0 0 0 1 55 1 0 1 0 438584 32 0 1 0 1 68 0 6 7 1 21
194 526328 I 0 0 8 3 0 0 0 525970 29 60 93 0 0 0 3 0 58 96 0 0 8
195 498358 R 0 0 0 0 0 90 0 0 58 0 56 0 0 0 498048 60 11 0 35 0 0
196 520936 M 0 0 1 2 0 0 0 153 39 41 520530 1 0 0 8 1 67 92 0 0 1
197 558725 I 0 0 18 0 53 0 0 558365 0 5 20 72 0 0 0 9 89 94 0 0 0
198 529575 K 0 0 0 75 0 1 1 8 529302 0 0 63 0 24 75 2 9 0 0 0 15
199 494654 R 0 56 0 0 0 17 125 0 0 52 0 0 12 0 494339 46 3 3 1 0 0
200 489379 G 21 0 1 93 0 489028 0 0 0 0 0 0 0 0 141 0 0 46 48 0 1
201 486240 I 0 0 0 0 40 0 0 485974 0 5 15 22 0 0 1 5 63 115 0 0 0
202 498474 N 0 0 131 0 0 0 5 19 44 0 4 498166 0 1 0 67 8 0 0 29 0
203 463258 D 7 0 463008 30 0 50 15 1 0 1 0 56 0 0 0 0 0 46 0 44 0
204 482692 R 0 0 2 0 0 17 0 0 0 62 0 0 15 118 482382 1 0 0 95 0 0
205 502864 N 0 0 76 3 0 0 2 21 46 3 0 502554 0 0 0 119 9 0 0 31 0
206 604814 F 0 5 0 0 604433 0 0 25 0 222 0 0 2 0 1 89 2 10 0 24 1
207 622950 W 0 66 0 2 1 7 0 0 0 82 0 0 0 0 221 18 2 0 622309 1 241
208 458595 R 0 0 0 1 1 120 0 26 57 1 0 0 0 2 458265 67 11 0 1 0 43
209 493989 G 13 52 74 3 0 493740 0 0 0 0 0 0 0 0 12 72 0 23 0 0 0
210 529530 E 6 0 26 529188 0 91 1 0 102 0 0 0 0 14 0 0 0 37 0 0 65
211 514954 N 0 0 75 0 0 3 1 44 36 0 16 514685 0 1 1 65 7 0 3 17 0
212 482983 G 19 0 4 52 0 482704 0 0 1 5 0 0 0 1 106 2 0 43 0 0 46
213 473016 R 0 0 4 2 0 15 0 0 0 30 0 0 13 107 472717 1 5 0 0 0 122
214 463820 K 0 0 0 67 0 0 0 10 463648 0 0 20 0 5 56 0 4 0 0 0 10
215 461810 T 53 0 0 0 0 0 0 39 31 0 0 6 89 16 8 29 461539 0 0 0 0
216 432936 R 0 0 0 0 0 67 0 0 51 0 40 0 0 0 432688 51 13 1 25 0 0
217 400242 S 0 16 0 1 0 75 0 17 0 0 0 73 0 4 49 400001 6 0 0 0 0
218 420217 A 419954 3 40 0 0 24 0 0 0 1 1 0 16 0 0 53 95 29 0 0 1
219 418156 Y 0 57 1 1 32 0 73 0 0 0 0 3 0 0 0 6 9 0 0 417904 70
220 424910 E 7 0 44 424622 0 73 0 0 71 0 0 0 0 18 0 1 1 33 0 0 40
221 378451 R 0 0 0 3 0 65 0 21 55 8 0 0 0 1 378248 23 7 0 0 0 20
222 333286 M 0 0 0 2 0 0 0 102 29 27 333016 2 0 0 11 0 45 52 0 0 0
223 424964 C 0 424565 0 0 46 16 0 0 0 10 0 0 0 1 85 79 0 5 27 98 32
224 441624 N 0 0 66 0 0 0 15 43 59 1 0 441359 0 1 0 55 7 0 0 18 0
225 459189 I 0 1 0 0 24 0 0 459005 0 7 5 15 0 0 0 5 78 49 0 0 0
226 478056 L 0 1 0 0 29 0 38 39 0 477846 0 0 73 1 5 4 0 20 0 0 0
227 495121 K 0 0 0 63 0 0 0 35 494905 0 0 16 0 21 61 0 3 0 0 0 17
228 504049 G 15 0 0 85 0 503781 0 0 0 0 0 0 0 0 76 0 0 38 0 0 54
229 514853 K 0 0 0 90 0 0 0 12 514582 1 0 54 1 4 83 0 5 0 0 0 21
230 533614 F 0 4 0 2 533364 0 0 40 0 119 0 1 0 0 0 62 1 4 0 17 0
231 504282 Q 0 0 0 18 1 0 22 0 53 20 0 1 5 503990 109 12 1 0 0 0 50
232 477777 T 55 0 0 0 0 0 0 26 40 0 0 0 17 0 22 14 477603 0 0 0 0
233 469096 A 468885 1 47 0 0 10 0 0 0 0 0 0 17 0 0 37 58 41 0 0 0
234 407429 A 407085 0 1 41 0 35 4 0 0 1 0 0 22 1 0 41 133 65 0 0 0
235 398395 Q 0 0 0 6 0 0 25 0 51 16 0 0 7 398166 57 0 21 0 0 0 46
236 390650 R 1 0 0 0 0 155 0 1 93 0 46 0 0 0 390295 34 10 0 14 1 0
237 387156 A 386816 0 1 29 0 84 0 0 0 2 1 0 21 14 2 34 72 80 0 0 0
238 401879 M 0 0 0 0 0 0 0 105 27 22 401604 3 0 0 6 0 45 59 0 0 8
239 351706 M 0 0 3 0 0 0 0 138 31 35 351361 0 0 0 7 0 52 79 0 0 0
240 421547 D 2 0 421237 42 0 87 12 0 0 1 0 78 0 0 0 0 1 35 0 52 0
241 401224 Q 0 0 0 14 0 0 22 2 34 28 0 0 2 400993 91 1 1 0 0 0 36
242 463341 V 53 0 0 42 0 5 0 0 0 30 85 0 1 0 1 0 6 463118 0 0 0
243 462835 R 1 0 0 4 0 100 0 38 95 2 0 0 0 0 462489 43 17 0 0 0 46
244 455546 E 0 0 20 455313 0 81 0 0 67 0 0 0 0 9 7 0 0 23 0 0 26
245 486680 S 0 13 0 0 0 1061 0 20 0 0 0 65 0 1 56 485443 12 9 0 0 0
246 474738 R 0 1 0 0 0 13 0 0 0 50 0 0 17 167 474411 0 1 0 78 0 0
247 480240 N 0 0 69 0 2 0 6 32 57 0 0 479979 0 0 0 63 11 0 0 21 0
248 502293 P 15 0 0 0 0 0 0 0 0 53 0 0 502075 65 15 32 38 0 0 0 0
249 523731 G 12 0 0 78 0 523446 0 0 0 0 0 0 0 1 113 1 0 29 0 0 51
250 502716 N 0 2 80 0 0 0 7 21 42 0 21 502449 0 0 0 62 15 0 0 16 1
251 537687 A 537304 1 74 1 1 27 0 0 0 10 0 0 19 0 0 59 127 64 0 0 0
252 521574 E 7 0 37 521245 0 100 0 1 77 0 3 0 0 16 2 0 1 39 0 0 46
253 547680 I 0 0 5 0 34 0 0 547403 0 2 33 35 0 0 2 1 64 101 0 0 0
254 531376 E 4 0 35 530969 0 88 0 0 161 0 0 0 1 31 2 0 0 41 0 0 44
255 541804 D 6 0 541578 36 0 74 7 0 1 0 0 30 0 0 0 0 2 41 0 29 0
256 518465 L 0 0 0 1 30 0 56 47 0 518185 0 0 126 2 7 2 0 9 0 0 0
257 522094 I 0 1 0 0 18 0 7 521832 0 8 11 39 0 0 1 36 71 70 0 0 0
258 476982 F 0 5 0 0 476741 0 0 25 0 121 0 0 1 0 0 70 0 9 0 10 0
259 467149 L 0 0 0 0 0 2 0 0 0 466981 49 0 68 30 7 2 0 10 0 0 0
260 475649 A 475305 0 1 55 0 34 0 0 0 0 0 0 25 0 0 45 91 93 0 0 0
261 406282 R 1 2 0 0 0 17 0 0 1 35 0 0 4 101 406020 0 0 1 100 0 0
262 496578 S 4 24 0 1 52 1 0 0 0 0 0 1 77 0 0 496341 28 1 0 48 0
263 485991 A 485539 0 1 64 0 31 1 0 0 0 0 0 35 2 1 50 162 104 0 0 1
264 413758 L 1 0 0 0 85 0 22 31 0 413525 0 0 73 1 4 2 2 12 0 0 0
265 444609 I 0 0 0 0 0 0 5 444308 21 39 59 5 0 2 2 4 101 63 0 0 0
266 473293 L 0 0 1 15 41 1 0 3 1 473077 37 0 0 1 0 77 0 5 2 2 30
267 475315 R 2 0 1 3 0 94 0 45 105 2 0 0 0 2 474961 50 20 0 0 0 30
268 538346 G 13 2 0 82 0 538026 0 0 0 0 0 0 1 0 114 1 1 52 54 0 0
269 564933 S 6 1 0 1 0 0 0 0 0 71 0 0 92 1 0 564592 52 8 0 0 109
270 574389 V 62 1 47 0 37 2 0 93 0 13 0 1 0 0 0 8 0 574125 0 0 0
271 556838 A 556482 0 62 0 0 28 0 1 0 1 0 1 25 1 0 58 102 77 0 0 0
272 558316 H 0 0 22 0 0 0 557898 0 1 69 0 64 6 111 66 3 3 0 0 71 2
273 564574 K 0 0 0 58 0 0 0 31 564317 0 0 80 0 13 48 0 4 0 0 0 23
274 542203 S 1 9 0 0 30 0 0 2 0 25 0 1 64 0 2 541986 31 0 0 52 0
275 507251 C 1 506985 0 0 14 2 1 0 0 3 0 0 0 0 82 22 0 3 7 53 78
276 425835 L 1 3 1 0 0 0 1 0 0 425694 42 0 21 51 6 0 0 15 0 0 0
277 345684 P 47 0 0 0 0 1 69 0 0 69 0 0 345281 0 24 109 82 2 0 0 0
278 310880 A 310579 1 45 0 0 11 0 0 0 2 0 0 32 0 1 47 122 40 0 0 0
279 276338 C 0 275966 0 0 25 24 0 0 0 4 0 0 0 0 165 21 0 2 6 90 35
280 248130 V 34 0 0 23 0 7 0 0 0 35 36 0 0 1 1 0 0 247993 0 0 0
281 160234 Y 0 19 6 1 7 0 36 0 0 1 0 11 0 0 0 2 0 0 8 160126 17
282 120685 G 1 0 2 45 0 120559 0 0 0 0 0 0 0 0 41 0 2 9 0 1 25
283 169650 P 6 0 1 0 0 3 32 0 0 34 0 0 169506 5 6 34 20 3 0 0 0
284 362203 A 361851 0 27 0 1 18 0 0 0 0 0 0 35 0 0 42 133 95 0 1 0
285 365299 V 75 0 1 28 0 1 0 92 0 53 0 0 0 0 3 1 0 365044 0 0 1
286 417054 A 416874 0 32 0 0 6 0 0 0 1 0 0 13 0 0 33 60 35 0 0 0
287 526853 S 0 39 0 0 0 76 1 41 0 1 0 115 2 9 147 526393 29 0 0 0 0
288 582999 G 15 51 48 0 0 582740 1 0 0 0 0 0 0 0 13 82 0 41 7 0 1
289 586568 Y 0 76 9 0 42 1 172 0 0 0 0 14 1 0 0 5 1 0 0 586180 67
290 638039 D 5 0 637621 49 0 97 18 1 0 0 0 185 0 0 0 0 0 36 0 27 0
291 630453 F 0 4 0 0 630064 0 0 12 0 244 0 0 0 0 1 91 0 4 0 33 0
292 635758 E 3 0 18 635354 0 127 0 0 157 0 0 0 0 20 17 6 0 20 0 0 36
293 630971 K 0 0 0 77 0 0 0 22 630751 0 0 29 0 7 71 0 7 0 0 0 7
294 619312 E 12 0 77 618866 0 166 0 0 101 0 0 1 0 9 22 0 0 27 0 0 31
295 592625 G 21 0 2 102 0 592287 0 1 0 2 0 0 0 1 82 0 0 72 0 0 55
296 512159 Y 0 88 2 0 44 0 63 1 1 0 0 35 1 0 0 5 0 0 0 511855 64
297 455184 S 2 5 0 0 25 0 0 0 1 7 0 0 60 0 1 454998 48 0 0 37 0
298 434944 L 0 2 0 1 25 0 0 11 0 434803 0 0 0 0 0 61 1 5 0 0 35
299 484725 V 56 0 0 37 0 8 0 0 0 36 70 0 0 0 0 6 3 484495 10 0 4
300 347155 G 12 0 2 75 4 346917 0 0 0 0 0 0 0 0 69 0 1 30 0 0 45
301 582494 I 0 0 0 5 0 1 0 582047 67 42 133 7 1 0 12 1 78 96 0 0 4
302 578903 D 7 0 578453 74 2 64 27 0 1 0 1 162 0 0 4 1 6 45 0 55 1
303 562722 P 16 0 0 1 0 0 72 0 1 53 0 0 562464 0 18 43 54 0 0 0 0
304 639744 F 0 8 0 1 639338 0 0 33 0 192 0 0 1 0 0 129 1 5 0 36 0
305 639137 K 0 0 0 81 2 0 0 39 638798 3 0 73 0 22 81 0 10 1 0 0 27
306 635529 L 0 0 0 0 0 0 0 0 0 635345 43 0 100 22 7 0 0 11 0 0 1
307 655225 L 9 0 0 0 40 0 21 38 0 654968 0 0 123 1 7 0 0 18 0 0 0
308 660804 Q 0 0 0 28 1 0 26 0 44 27 0 2 12 660472 117 16 0 0 0 0 59
309 655979 N 0 0 77 0 0 0 8 25 68 0 0 655647 0 0 0 80 61 0 0 13 0
310 640588 S 2 39 0 0 1 77 0 49 1 0 0 124 0 1 120 640145 29 0 0 0 0
311 682311 Q 0 0 0 25 0 1 25 0 53 32 0 0 10 681993 78 0 0 0 0 0 94
312 733775 V 96 0 0 54 0 14 0 109 1 75 0 0 0 0 0 0 0 733421 0 5 0
313 675402 Y 1 97 3 1 45 0 91 1 0 0 0 37 0 3 0 5 2 1 0 675009 106
314 667705 S 5 26 0 0 0 167 0 56 0 0 0 101 1 1 113 667200 33 0 0 1 1
315 638652 L 1 0 0 1 0 0 1 71 1 638355 0 0 152 35 6 0 0 26 0 0 3
316 697947 I 0 1 0 0 32 0 0 697667 1 10 15 57 0 0 0 4 84 76 0 0 0
317 635708 R 0 0 3 0 0 199 0 36 94 2 0 0 0 2 635291 30 24 0 0 0 27
318 627088 P 48 0 0 0 0 0 0 0 0 140 0 0 626730 54 21 44 50 0 1 0 0
319 640897 N 0 0 59 1 0 0 3 35 63 0 0 640578 0 0 2 113 15 0 0 28 0
320 669044 E 4 0 73 668631 0 111 0 0 111 1 0 0 0 16 3 0 1 48 0 0 45
321 701493 N 0 0 68 1 0 0 5 29 69 1 0 701188 0 1 0 107 8 0 0 16 0
322 712299 P 21 0 0 0 0 0 0 0 0 94 0 0 711960 72 25 73 53 1 0 0 0
323 721739 A 721293 1 3 68 0 28 7 3 0 0 0 0 24 0 1 60 120 131 0 0 0
324 766908 H 0 0 29 0 0 0 766381 0 2 87 0 55 14 119 91 2 7 0 0 121 0
325 770432 K 2 0 0 201 0 0 1 0 769882 1 44 61 0 13 183 0 22 0 0 0 22
326 642893 S 0 46 0 1 0 105 0 19 0 6 1 103 0 1 66 642520 22 3 0 0 0
327 638257 Q 0 3 0 31 0 0 71 0 63 26 0 0 7 637754 207 0 0 1 0 1 93
328 519483 L 1 0 0 0 0 2 0 0 0 519296 68 0 58 29 8 1 0 20 0 0 0
329 570542 V 74 5 0 43 2 8 0 0 0 57 54 0 0 0 0 0 0 570281 18 0 0
330 559226 W 0 69 32 0 0 8 0 0 0 79 1 0 0 0 103 20 0 7 558671 0 236
331 525315 M 0 0 2 0 0 1 0 167 49 54 524861 0 0 1 7 0 87 85 1 0 0
332 552606 A 552224 0 0 67 0 40 1 0 0 0 0 0 34 0 0 53 94 93 0 0 0
333 600148 C 0 599601 0 0 70 7 1 0 0 2 4 0 0 0 161 79 1 0 49 117 56
334 620383 N 0 0 106 1 0 0 8 43 32 1 0 620098 0 3 1 64 7 0 0 18 1
335 566395 S 1 21 0 1 54 0 0 0 0 2 0 0 56 0 2 566175 26 0 0 57 0
336 539364 A 538959 0 65 0 0 24 0 0 0 1 0 2 20 2 1 70 147 72 0 0 1
337 519918 A 519642 2 0 51 0 25 0 0 0 0 0 0 19 0 0 54 65 60 0 0 0
338 538904 F 0 4 0 0 538664 0 1 30 0 85 0 0 1 0 1 83 0 9 0 26 0
339 529085 E 4 0 71 528706 0 131 0 0 46 1 0 0 0 15 0 0 0 41 0 0 70
340 485980 D 3 1 485690 26 0 71 6 2 0 0 0 115 0 0 0 1 0 35 0 30 0
341 516959 L 0 1 1 0 0 0 0 59 0 516731 0 0 100 35 7 12 1 12 0 0 0
342 501499 R 0 0 0 13 0 63 0 43 83 1 0 0 0 4 501213 41 11 0 0 0 27
343 456884 V 54 0 0 36 0 7 0 62 0 34 0 0 0 0 0 0 0 456690 0 0 1
344 447110 L 0 0 0 0 47 0 0 22 0 446912 0 0 1 0 0 75 0 3 0 1 49
345 396443 S 1 11 0 0 0 45 0 28 1 0 0 53 0 0 62 396227 13 0 0 0 2
346 354924 F 0 3 0 0 354701 0 0 3 0 129 0 0 0 0 0 62 0 3 0 23 0
347 441114 I 0 1 0 0 38 1 0 440900 2 7 10 26 0 0 0 2 57 69 0 0 1
348 415081 R 0 0 0 0 0 88 0 31 66 0 0 0 0 3 414814 32 10 0 0 0 37
349 395538 G 12 0 0 42 0 395350 0 0 0 0 0 0 0 0 72 0 0 22 39 0 1
350 509087 T 94 0 30 0 0 0 0 48 0 0 0 46 8 1 0 82 508778 0 0 0 0
351 520712 K 0 0 0 64 0 0 0 22 520442 1 0 42 0 43 75 0 8 0 0 0 15
352 549196 V 74 0 1 31 0 9 0 79 1 46 0 0 0 1 1 8 0 548937 0 8 0
353 556994 S 4 10 0 0 48 0 0 23 0 0 0 0 564 0 1 556258 36 1 0 49 0
354 524203 P 13 0 0 0 0 1 0 0 1 51 0 0 523913 81 26 42 75 0 0 0 0
355 509256 R 0 0 0 0 0 110 0 1 106 12 64 0 0 0 508874 46 11 1 31 0 0
356 449908 G 20 0 1 36 0 449724 0 0 0 0 0 0 0 0 44 0 0 34 49 0 0
357 449482 K 0 0 0 106 0 1 0 13 449186 0 0 80 0 3 61 0 5 0 0 0 27
358 457945 L 0 0 0 0 36 0 13 25 0 457753 0 0 86 0 4 0 19 9 0 0 0
359 433924 S 3 18 0 0 42 0 0 0 0 1 0 0 101 0 0 433674 23 0 0 62 0
360 515040 T 79 3 0 0 0 0 4 37 0 3 1 38 4 0 1 65 514804 0 0 0 1
361 489856 R 0 0 0 0 0 68 0 33 117 5 0 0 0 0 489559 26 8 0 0 0 40
362 462742 G 15 0 0 34 0 462572 0 0 0 0 0 0 0 1 45 3 0 34 0 0 38
363 549505 V 100 3 1 30 8 14 0 69 0 60 0 0 0 1 1 0 2 549213 0 2 1
364 548379 Q 0 0 0 30 0 0 34 1 82 29 0 1 16 548044 65 0 13 0 0 2 62
365 578445 I 0 1 0 0 28 1 0 578171 0 20 16 50 0 2 0 6 78 69 0 1 2
366 506127 A 505882 0 41 0 0 23 0 0 0 5 0 0 22 0 1 39 69 45 0 0 0
367 499392 S 8 0 0 0 3 0 0 0 1 50 0 0 65 1 1 499136 51 1 0 0 75
368 509781 N 1 1 44 0 0 0 1 16 37 1 4 509599 0 0 1 54 7 0 0 15 0
369 503852 E 5 0 11 503587 0 76 0 1 75 1 1 0 0 17 1 1 1 26 0 0 49
370 516898 N 0 0 55 0 0 0 18 38 54 0 0 516559 0 0 0 72 93 0 0 9 0
371 512992 M 0 0 0 0 0 1 4 232 23 37 512566 0 0 0 4 0 64 59 2 0 0
372 530570 D 3 1 530205 61 0 103 21 0 0 0 1 89 0 0 0 0 0 33 0 52 1
373 522916 A 522601 0 61 0 0 32 1 0 0 1 1 0 25 0 0 56 84 54 0 0 0
374 577268 M 1 1 0 1 0 1 0 297 44 57 576708 1 1 2 5 2 77 66 1 3 0
375 550524 E 8 1 35 550190 0 102 0 0 76 1 0 7 0 20 1 0 0 31 0 0 52
376 418719 S 5 0 0 0 0 1 0 3 0 26 0 0 52 1 0 418540 27 0 0 1 63
377 422351 S 0 33 1 0 0 69 0 23 0 0 0 69 0 0 46 422093 17 0 0 0 0
378 385349 T 60 0 0 0 0 0 0 33 0 0 0 34 4 1 0 37 385180 0 0 0 0
379 386576 L 0 0 0 0 18 0 22 40 0 386408 0 0 66 1 10 4 0 6 0 0 1
380 390612 E 1 0 28 390396 0 62 0 0 53 0 0 3 0 13 0 0 0 28 0 0 28
381 395275 L 0 0 0 0 0 0 0 0 0 395168 22 0 62 7 6 0 1 9 0 0 0
382 415733 R 0 0 0 3 0 70 0 24 61 0 0 0 0 1 415505 35 15 0 1 0 18
383 483182 S 1 17 1 1 0 72 0 29 5 0 0 83 0 1 108 482845 19 0 0 0 0
384 517071 R 2 0 0 0 0 168 0 0 39 1 46 0 1 6 516718 32 6 2 46 4 0
385 610174 Y 0 75 8 0 44 1 84 0 0 1 0 67 1 0 0 7 0 15 1 609814 56
386 594766 W 1 76 0 0 0 12 0 0 0 83 0 3 0 0 140 27 0 0 594255 0 169
387 545022 A 544655 1 51 1 0 47 1 1 1 0 0 0 38 0 0 42 104 79 0 1 0
388 605743 I 1 2 0 0 0 0 7 605306 28 70 148 0 4 5 6 0 78 83 0 0 5
389 571127 R 0 0 0 4 0 103 0 34 75 1 0 1 0 0 570827 35 16 0 0 0 31
390 587400 T 72 1 0 0 0 0 0 46 1 0 1 93 5 0 0 61 587118 1 0 0 1
391 603500 R 0 0 0 2 0 131 0 45 76 1 0 0 1 2 603173 29 12 0 0 0 28
392 581988 S 0 17 0 2 0 84 0 24 4 0 0 71 0 1 69 581705 11 0 0 0 0
393 597821 G 15 1 0 57 0 597510 0 0 0 0 0 1 0 1 113 0 0 56 2 0 65
394 562926 G 28 0 0 76 0 562622 0 1 0 0 0 0 0 0 93 0 1 51 0 0 54
395 569472 N 0 0 109 0 0 0 4 36 86 1 0 569098 1 1 1 66 46 1 0 22 0
396 569774 T 73 1 3 1 0 0 7 44 1 1 0 44 6 4 1 83 569504 0 0 0 1
397 649028 N 0 0 92 0 0 0 8 34 73 2 0 648705 4 1 0 69 9 1 0 25 5
398 654912 Q 3 0 0 22 0 0 58 4 65 33 0 16 10 654496 129 4 0 0 0 0 72
399 585439 Q 0 0 0 27 1 0 63 2 70 33 1 4 21 585027 126 0 12 1 0 1 50
400 525222 R 0 0 0 12 0 165 0 0 72 4 52 0 1 1 524844 40 12 1 18 0 0
401 495697 A 495362 0 51 2 0 45 1 0 0 2 0 0 41 0 4 37 80 70 0 2 0
402 498219 S 7 12 0 1 35 0 2 0 0 5 0 0 103 0 0 497923 36 0 0 95 0
403 496170 A 495742 0 0 53 0 17 0 1 1 1 0 0 29 2 0 55 113 154 0 0 2
404 514298 G 17 59 64 0 0 514065 0 0 0 0 0 0 0 2 9 46 1 34 0 1 0
405 513366 Q 0 0 0 15 0 2 40 0 57 24 0 1 11 513075 69 16 0 0 0 0 56
406 532068 I 0 0 0 0 40 0 1 531831 1 9 12 39 0 1 0 15 63 56 0 0 0
407 478791 S 0 17 1 0 0 124 0 26 0 9 0 98 0 1 69 478431 15 0 0 0 0
408 482827 V 100 3 0 57 0 6 0 0 0 41 111 0 0 0 0 0 0 482509 0 0 0
409 474699 Q 2 1 0 35 0 3 64 0 53 18 0 5 2 474273 61 1 8 0 0 0 173
410 433135 P 8 0 0 0 2 0 69 0 0 32 0 0 432847 3 10 63 101 0 0 0 0
411 461708 A 461250 6 0 54 0 26 9 0 0 3 0 0 22 0 1 55 194 86 0 0 2
412 474024 F 0 2 0 0 473784 0 4 51 0 99 0 2 0 0 0 59 1 9 0 13 0
413 414680 S 1 14 0 0 49 0 0 0 1 6 0 0 52 0 0 414500 25 0 0 32 0
414 435221 V 83 7 0 36 0 9 0 0 0 51 105 0 0 0 2 0 0 434928 0 0 0
415 449762 Q 23 0 1 30 0 0 32 0 71 25 0 0 20 449422 76 3 1 0 0 0 58
416 454465 R 1 0 0 20 0 129 0 25 77 0 0 2 0 0 454160 22 10 1 1 0 17
417 419421 N 0 0 56 0 0 0 5 20 71 1 0 419134 1 0 0 58 55 0 0 19 1
418 448740 L 0 0 0 0 36 2 37 47 0 448466 0 0 137 1 3 3 0 7 0 0 1
419 481225 P 28 0 0 1 0 2 10 3 0 56 0 0 480895 60 32 53 85 0 0 0 0
420 448938 F 0 7 0 0 448657 1 0 44 0 121 0 0 0 1 0 76 1 7 1 20 2
421 459423 D 7 0 459013 66 1 98 16 0 0 2 0 104 0 1 0 1 5 55 0 44 10
422 441326 K 0 0 0 91 0 4 0 20 440925 2 1 165 0 31 62 0 7 0 1 0 17
423 438453 P 15 0 0 0 0 1 3 0 0 55 0 0 438207 49 10 56 56 0 0 0 1
424 458355 T 64 1 0 4 0 0 0 59 1 2 0 47 22 1 1 43 458108 2 0 0 0
425 471189 I 1 0 0 1 29 0 1 470872 0 9 18 43 1 0 3 5 131 74 0 1 0
426 452625 M 0 1 0 0 0 3 0 189 31 53 452188 0 0 1 14 1 53 89 2 0 0
427 413282 A 412916 0 0 54 0 44 0 2 0 5 1 0 24 0 0 48 96 92 0 0 0
428 409045 A 408735 1 0 47 2 19 1 10 0 1 0 0 23 0 0 38 105 61 0 0 2
429 406535 F 0 4 0 1 406091 1 0 25 0 137 0 0 0 1 0 69 0 7 0 199 0
430 372930 T 61 1 1 0 0 0 1 32 1 0 0 31 16 0 1 55 372730 0 0 0 0
431 409486 G 14 0 0 54 0 409219 1 0 0 3 0 0 0 0 110 0 0 34 50 1 0
432 420168 N 0 0 67 3 0 4 1 42 34 1 0 419929 0 0 0 56 8 0 0 23 0
433 453932 T 98 1 1 0 0 0 0 92 60 0 0 2 6 6 24 36 453605 0 0 0 1
434 474992 E 9 2 59 474549 0 137 0 0 108 0 0 0 0 15 14 0 1 46 0 0 52
435 516298 G 16 0 5 138 0 515934 18 0 1 1 0 0 0 0 96 0 2 39 1 0 47
436 527301 R 0 0 3 9 0 109 0 41 84 0 0 1 21 0 526944 33 17 0 0 1 38
437 537156 T 108 0 0 0 0 0 1 70 52 1 0 3 10 1 28 50 536793 0 0 0 39
438 564684 S 9 1 0 0 0 0 1 1 0 62 0 1 57 2 0 564414 50 2 0 0 84
439 551692 D 4 0 551335 72 0 89 16 4 2 30 0 69 0 2 0 2 0 41 0 26 0
440 532923 M 1 0 0 2 0 1 1 129 37 30 532593 0 0 0 11 0 58 60 0 0 0
441 512786 R 0 0 0 1 0 90 0 0 62 1 67 0 0 0 512469 51 11 0 34 0 0
442 517555 A 517152 0 0 72 0 50 0 0 0 0 0 3 38 2 1 58 111 68 0 0 0
443 524822 E 1 0 30 524561 0 77 0 0 68 1 0 1 0 14 2 1 0 20 0 0 46
444 523351 I 0 0 1 2 20 1 0 523118 0 18 6 29 1 0 0 2 73 79 0 1 0
445 582845 I 0 0 0 0 0 1 0 582427 38 52 130 0 0 4 6 1 90 80 0 5 11
446 522849 R 3 0 1 1 0 133 0 0 80 0 68 0 0 0 522469 53 21 1 19 0 0
447 494875 M 0 0 2 0 0 0 1 157 36 93 494408 0 0 0 8 2 69 98 0 0 1
448 494850 M 0 0 3 2 0 0 0 179 59 47 494351 1 0 0 8 3 73 122 0 0 2
449 443216 E 4 0 45 442909 0 128 0 2 54 0 0 0 0 14 0 0 0 29 1 0 30
450 459466 G 9 47 73 0 0 459201 0 0 0 0 0 0 0 0 10 90 0 36 0 0 0
451 508502 A 507745 66 3 105 0 41 0 0 0 0 0 1 27 5 2 52 248 204 0 0 3
452 499450 K 0 0 0 82 0 0 0 17 499116 0 0 156 0 5 49 0 11 0 0 0 14
453 472690 P 7 0 0 0 0 0 0 0 0 53 0 0 472522 35 13 30 30 0 0 0 0
454 487205 E 1 2 30 486947 0 63 0 1 99 0 0 0 0 16 2 0 0 16 0 0 28
455 492898 E 4 0 25 492657 0 77 1 1 49 2 1 1 0 24 4 0 0 25 0 0 27
456 498890 M 0 8 0 0 0 0 0 123 43 15 498562 4 0 0 7 1 55 71 1 0 0
457 477971 S 5 21 0 0 50 0 0 0 0 1 0 0 92 1 0 477721 49 3 0 28 0
458 494681 F 0 7 0 0 494304 0 0 24 0 192 0 0 0 0 1 103 1 6 0 43 0
459 468766 Q 0 0 0 35 0 2 65 0 57 37 0 0 39 468171 296 0 0 0 0 0 64
460 412829 G 7 0 0 74 0 412589 0 0 0 0 0 0 0 1 108 1 0 34 15 0 0
461 390530 R 92 0 0 3 0 65 0 0 0 61 0 0 26 145 390036 0 1 0 101 0 0
462 337201 G 17 0 0 154 0 336861 0 0 0 0 0 0 0 0 78 1 0 32 0 0 58
463 321356 V 24 0 12 0 11 1 0 43 0 5 0 0 0 0 0 5 0 321255 0 0 0
464 337802 F 0 0 0 0 337558 0 0 17 0 125 0 0 0 2 0 65 0 4 0 31 0
465 397789 E 2 0 33 397507 0 89 0 1 89 0 0 0 0 17 2 2 0 19 0 0 28
466 330550 L 1 0 1 0 25 0 13 24 0 330413 0 0 65 0 1 0 0 7 0 0 0
467 349905 S 4 0 0 0 0 4 0 0 0 89 0 0 62 2 0 349665 9 0 9 0 61
468 386587 D 4 0 386319 43 1 93 7 0 0 1 0 64 0 0 0 1 21 15 0 18 0
469 462263 E 3 0 27 461860 0 94 0 0 170 0 1 0 0 8 33 0 0 27 0 0 40
470 499232 R 0 0 0 0 0 107 0 1 81 0 60 0 0 0 498890 53 14 0 24 0 2
471 489723 A 489348 0 0 37 1 43 0 0 1 0 0 0 20 1 0 39 62 171 0 0 0
472 503084 A 502511 2 1 50 0 14 0 0 0 0 3 0 17 3 1 108 203 171 0 0 0
473 549307 N 0 0 66 2 0 0 3 35 75 0 0 549017 0 2 1 71 7 0 0 28 0
474 543289 P 9 1 0 0 0 1 0 0 0 90 0 0 543026 66 21 32 43 0 0 0 0
475 520796 I 1 1 0 0 40 0 0 520566 0 4 8 53 0 1 0 1 49 72 0 0 0
476 475149 V 84 0 0 31 0 3 0 0 0 40 148 0 0 0 2 1 2 474837 0 0 1
477 468896 P 22 0 1 0 0 0 37 0 0 51 0 0 468665 0 13 66 41 0 0 0 0
478 452770 S 6 14 1 0 23 0 0 0 0 10 0 0 74 1 1 452574 19 0 0 47 0
479 510084 F 0 6 1 0 509783 0 1 10 0 189 0 0 0 0 0 65 0 4 0 20 5
480 515591 D 10 0 515148 43 0 95 11 2 0 0 0 128 0 0 0 0 51 55 0 44 4
481 454853 M 0 0 0 1 0 0 0 130 14 28 454523 0 1 0 8 0 60 88 0 0 0
482 580275 S 0 48 1 5 0 137 0 36 0 0 1 80 0 0 59 579888 15 4 0 0 1
483 658228 N 0 1 85 2 1 0 4 37 69 2 4 657939 0 1 0 51 3 0 0 25 4
484 586984 E 4 0 38 586636 0 77 0 0 89 0 0 0 1 27 0 0 1 46 0 0 65
485 532931 G 11 0 1 51 0 532672 0 1 0 0 0 0 0 0 105 1 0 44 0 0 45
486 540426 S 3 10 0 0 29 1 0 2 1 0 0 0 61 0 0 540246 33 0 0 39 1
487 541214 Y 0 47 0 0 22 0 79 3 0 7 0 6 0 0 0 4 0 0 0 541016 30
488 531930 F 0 1 0 0 531701 0 0 34 0 104 0 0 0 0 0 51 0 4 0 35 0
489 507570 F 0 1 0 0 507313 0 0 14 0 150 0 0 0 0 0 50 0 4 0 38 0
490 507911 G 15 0 0 38 0 507633 0 0 0 0 0 0 0 0 130 0 0 32 0 0 63
491 517906 D 8 0 517551 48 0 150 19 0 0 0 0 44 0 0 0 1 3 64 0 18 0
492 528765 N 0 0 89 1 0 0 10 37 60 0 1 528485 0 0 0 68 1 0 1 12 0
493 639781 A 638930 1 1 90 0 43 0 2 0 4 4 0 24 2 1 63 441 173 0 1 1
494 526760 E 4 0 67 526412 0 117 0 0 68 0 0 0 0 16 6 0 0 22 0 0 48
495 512884 E 11 0 39 512565 0 120 0 1 76 0 2 0 0 9 0 1 0 32 0 0 28
496 493842 Y 0 124 6 1 41 1 51 1 0 1 0 44 0 0 0 13 0 2 0 493473 84
497 460896 D 4 0 460053 258 0 323 19 0 0 1 0 151 0 0 2 1 1 48 0 35 0
498 358249 N 0 0 36 0 0 2 2 282 39 3 0 357815 1 4 2 42 1 0 0 20 0
