# amino-acid counts among definitively called codons
# POSITION TOTAL_COUNTS WT N_A N_C N_D N_E N_F N_G N_H N_I N_K N_L N_M N_N N_P N_Q N_R N_S N_T N_V N_W N_Y N_STOP
1 713909 M 0 0 0 0 0 0 7 257 57 63 713207 0 0 2 4 0 144 165 2 0 1
2 681853 A 678060 49 70 114 55 423 175 70 60 256 7 83 652 116 419 251 252 525 41 97 78
3 712200 S 277 115 80 68 118 112 129 75 49 198 8 71 518 117 270 709313 279 99 69 145 90
4 713571 Q 406 121 130 129 148 338 363 325 285 656 54 188 1102 706635 742 561 591 270 86 149 292
5 653516 G 209 165 275 35 64 650797 110 83 36 229 16 58 356 74 244 277 234 117 7 59 71
6 583998 T 203 109 61 73 85 192 168 210 140 283 30 157 360 124 168 350 580751 173 33 162 166
7 580345 K 311 91 112 156 96 253 159 217 576145 362 39 232 510 136 358 316 343 177 43 106 183
8 505869 R 147 13 35 59 55 188 142 124 113 279 29 96 431 208 502919 205 264 110 269 82 101
9 513971 S 191 73 123 75 126 196 133 133 117 316 32 92 363 110 250 510923 260 194 34 116 114
10 552204 Y 256 181 124 111 105 319 280 163 114 366 40 184 406 128 421 409 343 166 57 547853 178
11 500799 E 152 68 78 498312 60 292 28 79 134 203 19 87 243 51 202 211 201 151 35 47 146
12 461824 Q 266 84 80 84 85 206 279 130 116 406 38 125 567 457850 379 335 336 154 46 83 175
13 566488 M 246 107 89 62 63 322 189 386 172 400 561772 174 616 165 361 367 307 302 57 127 204
14 555669 E 287 59 113 551864 68 441 131 96 140 263 30 71 734 91 302 344 233 140 44 84 134
15 522078 T 193 49 47 58 16 167 96 90 24 164 17 82 282 55 154 179 520199 70 26 53 57
16 586625 D 140 34 584616 108 34 226 93 56 42 108 22 144 226 46 162 155 117 137 23 74 62
17 581767 G 172 60 54 121 44 579044 120 76 88 199 23 75 356 96 330 210 232 185 112 66 104
18 576772 E 216 59 86 573690 47 281 86 82 271 184 16 81 543 128 197 243 234 126 27 63 112
19 584778 R 213 307 46 32 30 219 427 84 59 202 12 54 431 91 581885 184 221 104 36 47 94
20 600713 Q 272 105 100 107 97 237 233 123 155 380 54 124 503 596235 861 361 235 227 32 60 212
21 576955 N 229 67 141 119 63 200 168 157 158 241 82 573325 450 110 355 334 286 148 41 124 157
22 592432 A 586773 80 175 183 101 346 210 208 162 336 51 205 617 170 495 548 654 695 52 160 211
23 616668 T 402 110 115 132 75 258 230 213 164 348 75 168 648 217 470 469 611999 203 45 136 191
24 587518 E 244 122 172 582958 116 426 126 201 216 366 54 146 339 179 404 424 345 319 69 104 188
25 518785 I 103 75 74 73 95 139 121 516059 79 230 56 117 302 98 223 262 266 212 25 53 123
26 557300 R 187 77 43 109 34 544 99 154 171 238 27 85 570 91 553942 293 187 103 56 89 201
27 532319 A 529437 41 46 118 44 327 89 68 58 210 43 48 380 75 228 245 273 401 52 49 87
28 570160 S 194 102 73 80 102 257 101 54 91 225 25 52 381 96 251 567467 206 146 51 103 103
29 545629 V 197 54 101 75 55 135 77 230 59 236 19 63 318 57 154 171 135 543306 34 67 86
30 566934 G 204 80 63 130 75 564315 82 47 34 256 9 13 322 95 557 120 124 175 111 51 71
31 559432 K 138 44 55 150 82 132 104 96 556753 229 90 118 263 66 312 201 211 127 29 77 155
32 549328 M 196 117 91 83 81 234 134 272 179 280 545770 127 181 123 265 311 269 245 50 133 187
33 554732 I 152 114 86 133 135 179 122 551632 109 315 36 206 82 152 357 182 94 261 49 147 189
34 550649 D 264 89 546868 171 91 423 117 136 102 337 44 159 203 139 309 327 311 286 33 118 122
35 499163 G 204 99 99 126 53 496105 89 95 79 183 23 125 349 111 409 262 228 201 41 106 176
36 524608 I 118 20 23 39 60 88 84 522660 65 155 49 82 286 101 211 155 158 115 14 48 77
37 493056 G 113 37 47 71 29 491621 31 53 27 103 14 39 120 36 207 121 135 92 20 33 107
38 450721 R 99 7 43 31 25 41 76 65 33 161 5 63 501 196 448819 131 162 58 3 23 179
39 493333 F 147 74 34 60 490859 138 75 112 54 356 39 33 316 88 253 225 171 120 28 82 69
40 476191 Y 142 253 89 102 109 280 209 109 140 288 51 122 167 12 282 196 205 170 55 473036 174
41 431128 I 78 61 44 64 66 140 75 428978 72 147 38 104 200 80 204 206 208 106 38 99 120
42 423953 Q 97 58 56 58 42 162 93 112 111 215 37 62 260 421653 283 210 145 73 31 58 137
43 414094 M 72 30 33 25 27 62 47 129 35 125 412867 39 125 53 79 73 108 78 11 26 50
44 445709 C 78 444230 30 23 41 76 64 28 27 81 14 26 164 35 194 158 130 47 41 168 54
45 431598 T 156 34 54 44 29 119 85 101 47 131 20 54 254 71 164 206 429856 60 30 32 51
46 475911 E 134 48 65 474094 38 138 64 65 134 146 23 64 164 54 142 158 127 115 15 51 72
47 548173 L 68 23 44 23 88 67 76 85 54 546777 9 36 241 70 143 92 136 43 8 37 53
48 557661 K 51 22 42 110 32 83 37 89 556310 121 2 105 82 48 124 100 70 53 5 43 132
49 557372 L 431 174 193 189 187 467 348 311 249 550357 96 235 863 312 833 596 604 318 101 189 319
50 554590 S 371 199 120 164 115 875 234 174 128 560 34 209 799 154 700 548528 486 308 140 133 159
51 620478 D 155 27 617861 168 104 152 67 176 86 193 62 143 265 33 63 158 281 239 17 133 95
52 658370 Y 346 249 194 141 150 584 178 236 159 443 84 155 258 98 394 396 283 357 83 653333 249
53 626694 E 330 93 321 621949 88 705 137 104 192 247 68 121 445 114 379 371 320 276 93 106 235
54 569258 G 216 44 71 203 53 566713 46 91 72 196 32 33 308 102 370 175 146 179 134 31 43
55 541282 R 229 53 49 44 36 274 157 63 37 401 13 57 553 245 538039 177 181 146 53 63 412
56 537051 L 300 103 83 68 64 332 171 98 69 533200 75 107 725 195 405 265 272 246 60 98 115
57 566503 I 224 64 96 136 111 365 129 562793 99 363 67 164 235 104 387 333 288 247 49 105 144
58 546807 Q 240 122 116 183 111 475 227 151 138 505 56 105 575 541563 777 369 304 300 125 134 231
59 526323 N 424 182 235 193 157 558 224 224 192 606 113 520160 376 218 655 419 441 422 117 181 226
60 423341 S 160 89 52 54 49 284 63 102 33 186 37 122 196 77 276 421149 124 106 33 46 103
61 420496 L 176 80 78 89 94 191 87 86 56 418239 29 66 169 54 208 241 130 170 36 87 130
62 389619 T 288 98 92 101 123 257 228 209 155 362 36 189 658 153 376 410 385392 196 42 121 133
63 414162 I 212 87 70 41 73 174 159 410752 100 322 234 110 450 111 243 256 281 188 42 108 149
64 424082 E 182 77 120 420940 74 230 126 103 122 273 31 114 476 90 257 226 258 149 32 86 116
65 405428 R 180 35 61 63 78 186 61 152 154 251 26 59 426 70 402631 305 218 164 34 115 159
66 423100 M 18 18 15 22 18 18 27 115 46 80 422322 34 53 14 34 50 85 68 17 17 29
67 410971 V 84 0 2 60 4 56 4 9 7 54 43 7 19 4 42 19 16 410499 27 4 11
68 438422 L 69 39 18 18 95 68 100 52 15 437130 19 28 294 35 145 79 99 54 10 20 35
69 454781 S 169 59 59 67 82 135 81 70 47 165 25 48 322 61 162 452748 171 106 23 92 89
70 477629 A 474841 69 133 90 49 214 95 94 68 193 20 91 253 107 185 230 503 180 49 65 100
71 462220 F 151 76 89 44 459788 146 88 113 57 337 38 96 193 59 185 240 164 153 45 72 86
72 461170 D 125 38 458895 118 46 293 109 80 58 176 21 117 243 51 145 170 161 119 35 91 79
73 431228 E 96 22 63 429557 24 173 53 41 131 168 17 23 179 36 127 142 104 126 18 41 87
74 438127 R 112 36 41 36 80 216 71 91 69 146 17 66 253 35 436318 155 131 110 32 35 77
75 448010 R 122 48 40 33 34 244 58 73 125 156 102 62 175 53 446074 210 139 102 54 45 61
76 484786 N 147 60 111 66 33 108 79 111 86 182 14 482768 213 64 171 157 143 75 42 90 66
77 490484 K 164 70 78 190 49 214 83 118 487828 202 34 133 241 72 300 186 168 118 33 54 149
78 387499 Y 140 83 74 66 78 150 126 122 94 226 38 117 135 64 196 163 117 141 33 385194 142
79 385997 L 227 82 101 112 64 191 109 162 123 382839 71 108 466 133 298 257 218 159 48 90 139
80 361855 E 343 146 130 357402 105 209 200 183 180 409 64 126 489 171 346 391 331 285 51 124 170
81 347005 E 205 103 153 343237 88 306 112 196 232 303 63 143 276 137 335 313 215 218 45 120 205
82 396339 H 114 88 84 123 67 259 392865 201 124 368 64 163 234 182 377 218 194 220 52 179 163
83 515321 P 381 155 158 154 124 457 187 182 157 517 70 155 510234 126 522 492 358 388 100 156 248
84 518522 S 290 208 103 84 106 582 64 253 103 214 16 192 257 58 391 514672 291 193 88 152 205
85 549494 A 545717 141 96 133 91 459 117 122 81 241 61 66 323 101 452 345 310 342 65 98 133
86 603489 G 295 91 136 270 104 599094 155 163 139 346 40 135 441 123 589 354 249 344 137 114 170
87 629756 K 352 72 85 587 153 431 166 182 623912 385 80 417 517 167 619 448 397 355 61 137 233
88 644218 D 334 169 638095 246 101 810 272 244 165 520 89 191 505 206 601 407 273 422 115 239 214
89 591280 P 698 286 235 246 261 653 337 346 249 958 96 286 582520 333 872 819 749 596 131 236 373
90 593070 K 422 282 261 407 249 775 152 338 585878 604 152 260 137 160 768 571 371 517 151 209 406
91 544917 K 343 119 143 237 150 154 149 200 540103 460 74 149 493 146 451 431 391 318 75 133 198
92 491699 T 160 58 48 42 53 138 84 88 66 161 36 79 279 66 225 229 489613 89 29 66 90
93 485705 G 181 45 63 101 32 483816 63 78 63 117 20 45 131 43 287 164 154 132 23 48 99
94 456640 G 76 36 25 104 25 455290 37 27 38 104 13 26 120 38 258 79 83 81 18 28 134
95 469992 P 85 20 16 18 21 65 85 40 14 173 7 24 468935 40 111 127 96 43 16 24 32
96 505266 I 121 55 64 39 39 122 98 503212 89 182 73 60 245 49 183 115 149 147 37 73 114
97 525728 Y 157 131 56 59 113 163 134 114 62 181 42 110 156 80 194 213 167 158 27 523256 155
98 450299 K 186 81 70 214 51 176 131 83 447086 255 60 140 420 111 407 203 206 183 39 68 129
99 334817 R 151 51 54 55 38 238 64 68 65 179 20 48 204 53 332904 203 127 131 31 45 88
100 330216 V 221 56 62 70 72 151 142 168 76 251 30 64 468 97 188 260 224 327387 22 77 130
101 386121 D 179 56 383185 102 80 184 123 136 65 286 23 122 345 94 236 273 212 189 43 81 107
102 393334 R 185 52 61 63 60 236 85 147 105 184 25 77 376 66 390715 304 252 144 27 74 96
103 412889 K 101 24 31 69 24 80 58 35 411427 109 25 61 250 52 163 116 105 49 14 44 52
104 422590 W 135 129 38 42 86 128 121 68 59 247 35 39 370 83 260 249 171 118 419990 71 151
105 434381 M 79 32 31 21 29 64 59 166 79 178 432805 39 153 37 132 106 109 151 23 40 48
106 453950 R 70 33 18 27 38 281 62 45 77 118 105 34 185 40 452375 152 118 49 67 23 33
107 451231 E 84 36 37 449841 22 156 45 22 251 113 12 28 119 49 65 110 42 87 12 29 71
108 451101 L 86 38 31 26 100 133 86 64 15 449570 15 36 249 31 191 120 101 105 28 33 43
109 435472 V 192 64 76 33 39 197 62 193 14 107 5 27 203 37 173 163 99 433651 32 45 60
110 472777 L 140 52 53 51 92 108 113 111 50 470623 14 75 396 92 246 133 152 122 21 63 70
111 467085 Y 127 212 69 76 98 176 183 80 49 182 44 78 190 53 157 213 129 160 37 464589 183
112 420808 D 170 71 418237 86 36 283 120 85 77 195 30 152 278 72 166 208 156 165 30 101 90
113 389823 K 139 52 32 80 112 153 115 143 387125 267 37 89 333 90 274 244 220 109 16 82 111
114 465670 E 154 66 77 463239 84 256 68 111 109 206 30 42 226 85 179 198 149 155 41 88 107
115 524513 E 98 42 97 522330 36 176 84 83 172 199 31 86 169 73 196 156 139 115 40 77 114
116 556457 I 159 111 82 72 87 250 163 552723 122 381 300 152 354 131 284 290 306 217 39 100 134
117 530191 R 146 66 46 64 79 381 102 109 151 231 164 121 213 73 527356 284 187 184 78 56 100
118 517676 R 70 43 26 13 25 97 83 48 21 195 27 27 242 205 516142 82 75 35 8 44 168
119 551378 I 43 20 15 22 52 65 26 550457 18 48 20 65 57 14 74 87 119 116 6 21 33
120 524012 W 104 111 29 31 38 188 30 38 39 179 31 37 149 51 413 155 77 75 522002 26 209
121 540224 R 170 313 79 49 64 207 370 99 54 272 32 58 372 68 537151 315 222 132 31 69 97
122 515247 Q 214 79 134 116 18 407 173 53 114 182 23 75 359 511867 461 225 194 205 82 47 219
123 595464 A 592303 95 128 84 43 374 84 73 80 219 39 69 277 75 243 260 342 471 56 67 82
124 662344 N 154 91 199 79 90 243 179 204 168 365 44 658583 375 94 306 332 239 263 78 117 141
125 650134 N 164 117 250 123 137 240 164 244 200 387 95 645598 294 134 386 493 373 235 67 212 221
126 519673 G 316 187 151 133 85 515805 144 150 121 316 63 104 339 126 384 394 243 295 69 86 162
127 516548 D 210 72 512986 166 98 423 142 133 139 185 5 210 347 121 307 278 279 195 23 111 118
128 503783 D 137 75 501110 115 63 246 102 109 83 234 40 171 160 86 220 183 168 214 47 103 117
129 510528 A 507499 64 84 87 71 256 92 120 100 186 34 102 241 53 199 277 521 343 25 70 104
130 451967 T 129 37 34 28 62 93 83 125 95 178 28 58 159 64 163 169 450182 116 28 73 63
131 417875 A 416220 29 51 61 52 148 71 60 46 137 10 47 167 44 151 143 203 129 22 33 51
132 498984 G 135 96 123 44 80 497076 47 80 60 135 19 71 100 53 188 210 126 150 30 65 96
133 523075 L 131 46 58 63 48 224 90 94 71 520595 58 59 495 93 227 171 197 152 45 65 93
134 607121 T 428 95 105 111 60 339 295 231 101 320 18 168 1028 168 499 432 602237 189 21 122 154
135 627574 H 272 124 149 109 90 275 622800 201 163 479 64 237 474 177 537 405 345 182 46 237 208
136 660838 M 262 150 137 209 153 400 231 406 335 479 654624 262 422 173 528 545 449 488 81 195 309
137 669520 M 285 97 88 80 52 195 195 259 175 347 665386 103 492 129 348 278 281 363 93 114 160
138 594161 I 159 56 63 45 107 150 120 591513 95 230 59 154 215 95 215 223 280 191 19 95 77
139 560123 W 92 95 20 42 34 139 37 43 44 144 29 37 109 53 461 108 107 51 558165 24 289
140 529987 H 68 45 52 14 15 65 528665 43 45 115 7 73 131 51 185 55 72 50 10 185 41
141 526596 S 78 47 44 44 78 70 43 41 44 74 15 52 246 46 66 525297 120 73 19 73 26
142 522433 N 84 28 162 56 31 72 64 96 108 138 4 520730 144 60 174 152 152 46 16 63 53
143 512741 L 77 48 49 58 90 118 91 94 59 510847 49 55 208 79 128 229 141 92 37 76 116
144 494081 N 96 43 188 43 45 97 79 97 110 145 31 492114 112 56 193 281 144 67 10 77 53
145 484270 D 21 48 482297 92 43 154 78 120 65 157 19 90 182 50 168 207 163 133 20 90 73
146 473261 T 311 36 55 63 24 174 54 162 67 101 28 31 258 37 185 184 471290 92 16 25 68
147 604362 T 354 43 38 33 30 168 70 110 62 160 11 33 225 46 167 196 602390 95 38 36 57
148 557340 Y 160 134 67 81 86 240 189 79 55 212 14 88 254 68 229 224 174 109 61 554712 104
149 559747 Q 184 85 72 104 50 223 185 80 74 267 20 44 283 556744 616 175 155 133 39 56 158
150 539026 R 144 34 48 50 51 312 38 67 163 124 80 49 137 45 537122 191 129 89 72 40 41
151 585885 T 255 37 85 83 57 186 115 155 98 257 36 67 390 92 207 251 583181 165 19 62 87
152 617227 R 310 90 97 100 132 469 151 202 163 425 43 104 352 144 613201 344 311 233 55 101 200
153 683729 A 679630 104 123 96 88 285 153 183 135 354 49 147 436 124 359 437 391 244 68 121 202
154 731346 L 278 158 148 187 190 398 224 264 212 726031 65 163 602 198 588 381 337 345 95 158 324
155 744653 V 352 130 105 158 150 505 137 281 145 430 45 108 380 145 590 409 351 739845 51 94 242
156 759701 R 479 430 148 152 116 457 710 183 135 629 106 134 586 150 753477 531 434 362 129 132 221
157 763214 T 624 172 215 196 168 464 195 530 201 355 100 221 607 162 620 612 757043 339 38 139 213
158 778485 G 538 320 617 178 147 771605 259 148 165 474 57 95 718 163 795 942 363 432 36 155 278
159 808553 M 552 108 246 203 196 543 326 717 297 666 799685 318 1059 178 758 724 703 619 71 262 322
160 911939 D 526 234 903445 296 187 1245 269 428 222 703 105 354 606 215 578 592 502 560 148 361 363
161 815387 P 404 217 208 282 176 755 377 339 334 821 122 226 807479 185 815 794 531 528 157 254 383
162 771338 R 527 167 232 337 244 1315 193 339 459 769 267 316 501 309 762722 676 422 583 234 258 468
163 716254 M 307 144 169 200 180 384 215 421 267 490 710447 208 199 212 533 427 397 426 146 244 238
164 703128 C 303 697423 145 104 148 382 192 277 141 436 76 165 431 121 602 514 333 289 111 689 246
165 663711 S 315 156 109 114 173 360 122 125 228 389 29 165 508 109 578 659078 361 248 81 239 224
166 656702 L 157 177 113 169 135 341 102 230 154 652179 121 150 437 213 572 413 249 293 137 157 203
167 642675 M 191 123 90 113 80 305 80 539 184 363 638689 145 224 92 319 260 294 265 90 97 132
168 599611 Q 228 116 98 133 74 242 247 139 162 396 49 118 310 595180 786 259 237 180 81 111 465
169 556733 G 182 138 199 84 77 553914 78 98 98 204 44 97 214 93 281 300 160 219 74 82 97
170 600140 S 189 65 52 43 74 167 90 82 88 544 52 64 342 79 299 597200 270 149 95 67 129
171 591018 T 340 85 27 23 80 232 83 190 50 235 35 84 353 105 288 319 588130 165 31 54 109
172 637878 L 272 125 101 131 158 437 185 225 140 633124 51 70 697 180 480 415 286 348 94 132 227
173 828578 P 505 156 192 193 204 540 362 248 242 715 64 202 822059 141 654 680 524 371 99 187 240
174 841502 R 200 117 109 109 247 539 221 275 158 608 117 144 446 132 836063 671 422 279 147 200 298
175 694619 R 143 77 60 89 93 496 94 129 210 283 93 60 243 88 691515 225 216 177 121 65 142
176 741060 S 188 142 79 46 171 160 123 154 95 354 72 92 371 69 218 737916 246 148 60 186 170
177 767240 G 96 81 92 159 92 764490 77 112 77 319 43 84 197 104 371 201 152 155 65 69 204
178 738310 A 735122 80 107 69 81 197 112 135 73 217 38 74 433 84 260 310 307 329 56 89 137
179 756222 A 752977 67 57 125 70 171 63 91 57 157 45 60 184 55 200 318 851 422 39 67 146
180 772310 G 103 194 130 40 64 770437 60 73 50 148 9 31 113 26 229 246 96 153 21 29 58
181 765685 A 762127 87 95 89 86 200 116 149 81 296 28 79 302 108 328 299 674 281 45 102 113
182 782572 A 777137 96 108 179 47 510 138 96 77 305 44 91 328 143 483 358 942 1255 62 58 115
183 837535 V 294 134 193 119 138 429 189 276 150 400 62 148 429 184 563 416 265 832701 87 121 237
184 850821 K 377 172 153 343 149 593 143 320 844682 452 94 536 330 194 584 441 331 389 97 161 280
185 715061 G 464 134 177 325 84 709750 167 190 231 364 102 157 356 182 668 421 367 350 65 175 332
186 695069 V 374 136 155 191 118 529 137 332 185 392 72 172 425 181 467 430 276 690000 87 152 258
187 683730 G 326 82 99 222 128 679726 127 141 113 276 64 159 411 123 505 297 306 239 155 105 126
188 533920 T 255 75 80 99 70 161 103 224 106 214 43 90 242 116 253 248 531151 166 37 56 131
189 434207 M 129 63 41 53 48 134 77 202 82 177 431938 84 176 71 249 152 158 172 56 50 95
190 417440 V 195 48 58 101 36 208 71 44 41 160 73 47 133 66 214 157 114 415501 44 51 78
191 400681 M 120 65 49 66 26 114 71 167 76 175 398726 46 132 72 196 134 163 158 34 36 55
192 367926 E 109 38 75 366255 38 301 52 19 88 119 22 41 88 58 152 121 78 100 37 41 94
193 446313 L 154 84 74 64 93 160 65 75 56 444151 43 72 185 46 183 301 145 147 35 66 114
194 530600 I 221 70 71 72 77 378 170 526719 122 317 136 88 674 122 339 241 274 241 61 91 116
195 502674 R 243 72 74 60 48 421 162 114 113 224 140 109 584 106 499245 303 303 115 80 52 106
196 521072 M 229 134 82 80 55 356 86 216 90 212 517722 85 342 89 385 173 249 235 64 71 117
197 557509 I 167 94 65 67 111 186 57 554960 59 197 44 115 355 63 221 198 212 188 32 40 78
198 527236 K 93 32 36 148 23 151 40 44 525653 128 7 75 134 56 180 115 122 67 29 31 72
199 493295 R 132 115 26 30 33 139 183 47 43 169 24 51 229 47 491584 125 109 102 26 38 43
200 488573 G 150 37 53 107 36 486921 68 40 48 102 14 55 134 50 238 102 115 133 77 37 56
201 485615 I 171 49 48 39 71 148 84 483567 75 182 39 75 167 46 160 163 166 218 31 37 79
202 499202 N 150 30 208 40 34 89 74 101 92 185 44 496826 442 52 160 260 155 71 27 76 86
203 472853 D 142 74 470564 141 75 275 74 99 66 145 24 130 99 76 174 162 121 211 29 81 91
204 490355 R 231 93 114 81 142 305 78 125 89 287 58 127 203 297 486967 293 240 174 238 99 114
205 510421 N 164 84 145 60 95 192 89 157 99 237 53 507581 257 73 238 308 143 150 60 113 123
206 599198 F 214 41 69 98 596199 233 85 129 97 382 38 79 430 108 202 263 172 164 27 89 79
207 617311 W 247 154 98 57 95 277 112 105 58 451 44 82 503 100 583 340 171 203 613277 82 272
208 459904 R 220 64 73 87 56 421 126 136 100 308 25 60 529 99 456633 263 248 152 41 86 177
209 495149 G 149 112 103 48 62 493283 57 63 57 194 19 37 177 52 135 232 97 146 29 46 51
210 523324 E 218 41 81 520989 35 303 66 67 177 199 9 64 186 59 150 131 111 134 35 59 210
211 507018 N 88 50 106 34 77 180 61 105 104 138 79 505083 142 41 147 208 128 65 38 76 68
212 476283 G 160 65 45 83 53 474345 46 61 59 156 22 38 151 44 267 160 103 150 39 64 172
213 467859 R 118 41 46 42 45 163 76 70 35 222 17 67 357 206 465676 137 164 103 20 49 205
214 461169 K 88 51 34 110 60 116 57 71 459381 158 22 73 163 61 188 156 101 123 36 43 77
215 459698 T 146 32 31 38 30 88 27 69 37 116 18 41 149 65 131 150 458389 47 21 35 38
216 430882 R 69 41 18 39 25 304 28 45 75 79 91 16 77 24 429491 170 104 55 63 16 52
217 400020 S 106 62 29 33 33 180 35 90 50 155 17 108 154 51 160 398493 98 69 20 31 46
218 419982 A 418943 43 46 43 10 150 17 24 13 42 18 22 81 24 111 72 131 127 16 19 30
219 417194 Y 46 88 23 30 43 99 77 30 16 96 5 34 79 28 86 87 71 46 16 416120 74
220 424569 E 45 22 70 423658 25 161 23 29 83 61 7 30 46 33 43 35 22 80 20 17 59
221 375505 R 105 42 45 36 39 190 11 71 159 102 12 17 81 33 374225 106 80 61 12 20 58
222 334317 M 43 14 12 9 25 24 23 97 33 69 333615 15 55 17 48 58 45 57 8 20 30
223 407963 C 4 407465 1 2 33 11 3 1 0 34 1 0 8 0 92 65 5 8 16 184 30
224 418858 N 23 5 83 5 1 23 34 51 23 20 2 418412 12 7 27 51 22 10 4 32 11
225 429333 I 18 14 8 13 38 50 8 428894 14 28 6 26 10 9 26 9 71 61 18 5 7
226 446296 L 10 6 15 1 41 17 60 18 4 445877 1 11 153 4 8 25 12 22 2 6 3
227 459677 K 23 9 15 101 6 43 14 38 459046 43 5 48 23 27 100 41 19 32 8 10 26
228 468644 G 61 23 19 67 36 467886 26 25 7 48 3 14 70 14 125 62 30 55 12 15 46
229 478660 K 117 24 27 83 45 215 32 40 477188 99 6 88 95 43 189 84 70 91 45 28 51
230 502113 F 73 58 22 28 500573 145 47 100 30 263 23 33 117 23 127 169 51 119 20 47 45
231 476736 Q 114 23 40 37 62 124 90 97 85 179 22 62 285 474348 487 197 143 118 46 57 120
232 448878 T 152 33 31 31 37 60 53 113 58 105 12 37 229 57 102 105 447523 59 12 31 38
233 449395 A 447465 50 67 73 54 189 65 37 60 97 12 67 213 60 189 197 174 184 36 30 76
234 399547 A 397816 35 44 61 51 139 51 47 22 109 11 20 125 36 117 142 414 214 23 32 38
235 393691 Q 113 33 40 36 49 127 64 46 48 136 16 30 130 392212 179 93 98 105 27 31 78
236 390861 R 113 51 38 51 57 315 95 79 101 191 91 66 264 65 388684 171 151 97 62 47 72
237 393960 A 391280 62 85 107 64 294 80 79 78 189 33 67 200 50 239 220 247 399 52 59 76
238 412606 M 53 105 60 56 75 149 95 263 116 247 409753 124 210 86 247 214 228 216 62 95 152
239 370066 M 121 42 43 56 44 175 70 235 64 162 368032 33 77 43 200 175 134 205 58 32 65
240 438466 D 141 41 436800 97 16 350 55 49 22 97 23 71 77 20 165 113 72 131 23 55 48
241 420582 Q 225 101 103 108 77 272 122 139 92 312 41 101 295 417104 483 284 221 203 53 84 162
242 484963 V 231 76 66 100 71 343 81 73 40 267 84 52 210 65 282 175 135 482413 65 53 81
243 483108 R 211 94 58 79 90 373 95 172 148 251 33 84 281 75 480014 358 190 174 38 97 193
244 476825 E 247 77 126 473894 65 349 99 95 181 244 30 68 322 75 150 183 172 200 44 96 108
245 510903 S 181 79 54 56 51 306 80 96 49 151 40 95 220 70 310 508522 171 144 63 49 116
246 498480 R 107 46 56 55 38 120 59 89 68 214 27 57 183 213 496478 167 129 83 168 42 81
247 504445 N 68 33 122 46 31 131 49 73 100 101 20 502980 62 31 153 115 73 102 34 67 54
248 526345 P 82 52 17 45 28 114 53 48 51 209 24 30 524910 134 128 151 79 69 28 30 63
249 551673 G 177 67 78 145 48 549260 91 85 77 178 26 97 128 61 361 180 116 193 35 63 207
250 529343 N 223 114 141 126 109 350 144 166 165 332 80 525523 262 127 349 287 244 214 98 132 157
251 563330 A 561922 28 38 52 15 116 17 40 35 136 24 18 72 36 113 93 207 272 20 25 51
252 543285 E 153 56 63 541034 46 317 34 65 149 195 42 52 183 73 199 171 116 131 48 51 107
253 570285 I 83 44 45 40 57 172 34 568807 40 93 17 62 74 36 158 97 107 177 36 41 65
254 553015 E 15 9 26 552449 0 122 2 9 164 14 3 6 13 24 34 18 6 44 6 3 48
255 560756 D 66 50 559066 78 77 155 79 74 19 188 30 77 149 44 88 128 80 142 30 66 70
256 536258 L 110 120 71 61 140 197 134 159 83 533614 41 89 308 77 261 198 128 187 48 84 148
257 540196 I 152 78 46 45 112 161 99 537937 11 261 23 60 299 89 204 175 100 165 36 70 73
258 493552 F 171 85 33 97 490587 226 110 167 109 334 40 75 274 86 222 282 205 153 62 97 137
259 482771 L 112 47 29 55 48 197 110 83 67 480642 56 56 289 122 194 141 136 165 70 54 98
260 491807 A 490171 41 30 57 29 138 57 37 41 92 4 48 138 25 115 125 255 306 19 28 51
261 427045 R 40 17 20 19 14 73 45 25 15 121 19 21 160 162 425818 74 52 23 258 32 37
262 527190 S 134 49 42 49 115 136 42 66 70 130 20 59 244 46 149 525322 165 144 48 85 75
263 519561 A 516400 62 80 150 56 272 69 93 87 255 43 80 130 65 258 228 511 502 37 58 125
264 449859 L 203 115 62 95 147 228 122 165 113 447143 31 82 213 94 271 207 126 193 37 70 142
265 490818 I 224 99 101 140 85 267 166 486801 172 355 149 98 385 90 414 277 333 265 46 153 198
266 519814 L 231 65 68 141 110 396 121 124 76 516708 85 61 195 113 299 351 164 181 78 85 162
267 534102 R 275 69 94 132 65 485 175 173 135 339 25 82 759 112 530037 361 276 199 35 103 171
268 601759 G 22 55 29 102 38 600026 68 29 26 117 19 19 341 50 278 171 103 115 82 35 34
269 650249 S 138 39 43 34 37 124 73 49 29 256 14 56 418 56 140 648254 186 102 28 55 118
270 667404 V 255 41 109 76 65 178 82 166 70 272 16 66 253 98 240 245 149 664839 33 66 85
271 658154 A 655330 68 73 67 52 235 110 69 49 210 30 75 225 47 231 263 433 407 33 56 91
272 673028 H 401 221 126 185 207 546 665341 300 205 821 109 234 1017 305 837 637 460 445 110 250 271
273 674024 K 344 166 226 376 342 470 211 566 666046 864 158 453 372 293 618 661 478 442 89 319 530
274 652696 S 398 177 224 169 304 317 199 304 146 635 84 208 612 155 372 646957 453 403 63 230 286
275 618546 C 431 611193 141 177 226 545 223 378 235 723 105 227 678 127 839 674 468 459 109 271 317
276 541888 L 148 136 35 16 80 237 94 105 50 539005 121 103 277 106 385 274 270 178 117 77 74
277 462000 P 312 78 54 102 78 330 153 119 86 328 39 95 458282 62 453 709 305 218 64 51 82
278 431059 A 427893 113 131 101 84 221 82 100 90 258 27 72 342 95 212 278 399 299 55 67 140
279 400369 C 249 396301 76 103 169 288 89 75 44 324 26 61 368 52 949 360 126 185 93 233 198
280 376607 V 223 99 69 128 65 207 83 79 70 230 132 75 152 80 184 212 155 374104 68 61 131
281 273901 Y 94 109 101 96 140 228 170 147 121 284 57 93 120 73 198 231 114 177 60 271072 216
282 218959 G 339 125 116 167 90 215162 61 147 101 408 53 97 298 104 526 333 172 317 129 61 153
283 267633 P 358 111 98 98 81 457 149 108 99 442 46 96 263732 112 520 366 175 310 84 100 91
284 462757 A 461085 16 59 46 19 145 30 30 44 84 22 12 113 50 95 102 404 278 24 33 66
285 455348 V 201 45 42 62 56 114 80 232 32 204 20 57 317 47 161 182 125 453189 25 69 88
286 503095 A 502053 26 23 11 42 42 39 21 18 75 7 22 140 35 70 131 140 103 10 54 33
287 593572 S 10 55 2 2 3 88 10 23 2 6 2 61 6 18 92 593054 128 4 2 1 3
288 642360 G 58 43 99 37 10 641656 18 21 14 36 7 15 8 15 54 131 18 74 24 10 12
289 640221 Y 31 93 16 35 64 88 277 36 12 83 10 34 54 38 70 75 27 68 26 639026 58
290 673864 D 19 43 672747 49 17 105 43 21 15 81 10 152 112 34 81 112 42 45 36 63 37
291 652394 F 99 55 50 57 650517 148 30 89 31 303 23 62 98 49 164 288 62 94 23 86 66
292 657299 E 95 43 61 655660 21 263 45 45 155 148 11 30 101 47 147 138 64 103 12 30 80
293 646659 K 54 26 41 84 26 114 37 71 645334 97 18 77 75 41 140 107 115 68 44 31 59
294 626696 E 82 42 106 625078 32 319 53 56 83 113 24 32 105 38 118 100 55 89 35 39 97
295 589153 G 52 9 37 107 7 588285 28 42 19 42 5 26 67 28 120 54 54 92 6 12 61
296 497487 Y 50 164 44 39 64 80 73 39 35 92 18 60 74 50 113 115 65 78 22 496112 100
297 432230 S 138 69 69 66 84 201 50 96 57 178 36 63 194 58 231 430148 133 190 27 61 81
298 407804 L 181 71 93 106 75 244 83 94 115 405208 41 87 180 100 236 224 143 201 48 90 184
299 445828 V 202 72 69 128 57 255 55 90 78 183 68 74 129 103 244 210 148 443444 70 42 107
300 316998 G 184 58 82 149 65 314904 79 76 44 179 21 48 126 56 288 139 120 162 32 54 132
301 505109 I 156 96 72 80 66 209 67 502049 118 287 344 70 226 92 262 191 182 251 50 99 142
302 506024 D 213 88 503195 95 45 570 89 47 53 170 29 97 295 51 278 195 135 167 75 74 63
303 489204 P 147 65 27 62 68 168 136 90 51 231 33 38 487180 61 248 198 110 122 51 50 68
304 568363 F 161 95 73 94 565313 355 73 114 56 374 44 62 178 56 261 374 122 245 83 109 121
305 568834 K 235 88 81 226 46 247 69 136 566013 189 32 145 102 83 301 209 180 239 9 68 136
306 563814 L 140 66 46 59 24 218 46 58 33 561977 47 24 216 90 272 135 62 151 56 24 70
307 584081 L 155 91 45 89 113 314 87 76 47 581773 33 47 243 40 307 170 90 189 54 55 63
308 589462 Q 149 49 43 68 40 52 80 50 75 164 16 35 98 587662 300 155 93 111 64 40 118
309 586458 N 165 70 138 100 51 415 101 83 78 163 43 583755 147 67 288 258 130 186 74 66 80
310 574059 S 171 118 83 89 53 493 40 96 34 183 33 265 113 51 352 571334 119 223 70 48 91
311 628402 Q 175 52 72 116 87 421 100 107 107 327 50 58 257 625149 464 198 151 184 87 49 191
312 691345 V 286 87 94 128 76 357 90 207 74 286 34 82 165 95 349 236 164 688271 84 64 116
313 644083 Y 307 260 142 154 178 546 169 179 132 287 53 147 256 82 437 345 263 296 96 639555 199
314 649438 S 402 210 114 122 86 843 121 142 74 383 70 156 326 130 636 644756 252 296 93 70 156
315 639748 L 388 190 158 220 232 696 251 325 160 633099 105 164 813 240 807 442 294 582 136 180 266
316 693599 I 224 163 86 101 138 404 91 690253 65 271 55 129 185 57 359 266 225 275 62 63 127
317 651740 R 203 108 78 81 75 724 82 140 178 282 42 51 155 77 648536 254 151 213 74 61 175
318 657616 P 251 117 115 85 70 440 90 107 64 479 49 71 654120 136 426 320 167 261 69 62 117
319 669841 N 182 87 157 128 124 424 108 97 112 249 40 666159 201 62 423 412 203 280 105 135 153
320 692990 E 240 79 143 690046 82 453 51 72 169 224 41 58 100 72 241 229 93 300 67 76 154
321 737435 N 200 103 155 158 87 622 118 166 130 291 37 733682 256 39 353 338 133 278 93 92 104
322 754899 P 398 202 110 167 95 626 143 179 105 530 103 113 749834 186 622 427 288 292 154 122 203
323 766296 A 761125 136 108 193 118 489 134 150 143 461 80 123 358 176 525 415 436 658 113 143 212
324 819621 H 146 118 69 49 185 195 815447 167 72 520 66 113 441 219 497 345 230 244 78 250 170
325 820856 K 91 34 45 372 92 87 33 52 818514 157 117 83 134 47 525 141 96 104 1 41 90
326 697874 S 25 56 18 14 5 127 11 32 8 21 3 145 33 10 104 697196 25 24 5 7 5
327 689786 Q 34 39 23 34 31 83 118 24 81 91 13 41 89 687974 577 131 61 55 32 39 216
328 579768 L 366 128 129 208 109 613 143 156 187 574522 107 118 448 227 630 449 233 453 149 133 260
329 628732 V 185 100 173 201 112 502 137 185 103 359 109 133 235 109 421 341 239 624590 118 139 241
330 614977 W 167 195 94 116 130 375 103 145 115 379 56 138 275 116 395 339 211 243 610872 136 377
331 588385 M 257 147 84 118 134 457 60 380 216 405 583471 107 315 81 390 488 395 394 142 107 237
332 605956 A 600589 157 135 203 145 605 110 232 165 321 64 136 377 83 426 541 661 562 106 143 195
333 634936 C 219 629890 93 101 143 506 47 137 140 459 32 129 367 133 722 503 284 243 149 402 237
334 645231 H 112 87 125 81 107 162 642031 114 111 356 26 341 213 150 268 218 102 182 34 229 182
335 605324 S 171 139 83 141 183 619 62 144 72 245 52 83 123 87 379 601908 201 248 114 129 141
336 552370 A 549871 59 86 87 41 408 72 40 46 98 9 47 316 45 183 186 396 245 57 35 43
337 526376 A 523817 85 42 125 31 491 58 65 48 117 35 37 211 49 327 159 272 253 42 45 67
338 533228 F 138 78 65 91 530294 386 82 117 83 324 45 88 240 78 285 236 125 182 60 97 134
339 520587 E 109 52 177 518397 58 376 56 54 129 174 9 33 145 58 164 136 83 139 39 48 151
340 480781 D 116 39 478852 86 53 205 81 51 32 175 9 107 179 32 190 146 93 158 34 72 71
341 508871 L 113 9 18 32 10 64 30 69 19 507818 5 4 244 55 165 65 52 69 15 8 7
342 492253 R 118 67 67 78 44 326 52 95 85 204 35 60 110 59 490146 201 114 204 39 44 105
343 443726 V 76 15 26 63 21 94 31 119 31 94 8 38 41 28 78 56 35 442765 33 36 38
344 433288 L 124 59 61 35 94 193 40 102 18 431747 6 33 87 17 125 177 63 166 24 23 94
345 385305 S 128 74 50 86 61 287 43 103 49 130 42 82 122 48 228 383392 117 119 48 28 68
346 332270 F 78 65 37 51 330896 148 21 45 39 184 13 27 59 28 101 152 50 123 39 55 59
347 409123 I 89 44 34 49 57 142 39 407761 20 92 30 66 55 26 139 118 114 153 33 24 38
348 396238 R 91 51 33 45 31 276 39 69 30 81 26 38 82 45 394846 143 62 109 18 35 88
349 383756 G 101 42 31 85 22 382549 26 29 21 102 14 20 66 33 209 89 50 123 83 26 35
350 503321 T 193 51 48 19 67 235 48 121 33 128 16 45 166 51 187 169 501462 131 44 39 68
351 510853 K 60 40 39 120 33 102 48 86 509389 107 16 119 62 77 173 80 83 94 31 18 76
352 537192 V 160 23 34 105 28 155 28 119 24 158 14 27 89 40 112 93 71 535776 18 55 63
353 546391 S 16 35 3 12 83 25 13 52 15 71 7 18 160 15 59 545600 83 49 9 44 22
354 517728 P 124 106 94 83 85 222 28 111 97 148 33 79 515531 107 162 173 102 186 40 89 128
355 502542 R 7 9 7 4 6 225 2 8 75 25 118 2 8 3 501924 56 9 12 29 4 9
356 452914 G 37 15 18 60 24 452366 11 31 10 37 7 11 18 12 93 24 31 44 34 16 15
357 451956 K 37 15 18 248 20 41 19 28 450941 65 1 105 47 35 107 51 41 39 10 25 63
358 455040 L 75 40 21 34 85 126 41 52 29 453808 16 24 158 45 148 72 64 107 26 20 49
359 437836 S 103 33 47 44 82 88 35 34 38 76 20 33 146 27 105 436644 75 85 3 64 54
360 510948 T 187 37 39 67 49 172 42 99 39 126 30 60 61 44 182 176 509257 141 34 43 63
361 483253 R 205 90 67 96 97 330 79 158 77 273 36 62 150 87 480510 267 144 187 77 76 185
362 441819 G 147 31 29 76 28 440443 21 38 12 94 30 19 120 27 219 96 64 154 46 29 96
363 519837 V 242 44 56 88 32 182 38 134 24 151 16 34 63 32 132 110 53 518294 29 34 49
364 513908 Q 126 69 40 75 54 226 88 106 91 207 40 48 152 511698 269 121 87 154 37 57 163
365 521253 I 133 77 37 51 66 206 53 519461 35 131 41 68 63 57 197 138 130 153 52 41 63
366 450832 A 449332 52 57 45 33 144 37 58 22 117 25 34 102 38 118 141 179 161 43 36 58
367 445420 S 110 44 46 86 63 188 52 47 35 164 20 21 137 45 184 443766 105 126 49 42 90
368 455599 N 92 31 89 38 46 126 37 88 63 139 34 454016 119 39 170 164 79 87 35 52 55
369 449994 E 91 41 66 448470 49 181 26 56 105 117 15 22 71 40 127 124 64 154 37 42 96
370 463109 N 23 64 85 42 42 105 53 95 47 103 13 461810 60 29 134 111 113 53 38 49 40
371 463379 M 74 42 36 43 18 128 34 201 74 136 461753 33 93 32 153 127 119 149 39 39 56
372 480015 D 91 35 478547 67 29 214 27 34 25 128 21 89 97 41 116 118 66 131 27 68 44
373 472273 A 470454 91 79 50 50 204 31 77 32 133 26 35 69 59 156 166 193 239 29 36 64
374 529063 M 147 43 27 60 38 282 34 170 69 162 526894 52 177 41 217 115 161 232 48 39 55
375 509140 E 139 12 118 507213 32 248 29 59 100 169 30 36 154 82 169 93 93 175 50 31 108
376 400904 S 111 92 68 78 29 273 38 62 37 165 27 44 156 59 221 398971 105 155 61 37 115
377 409784 S 113 85 46 65 46 286 60 90 35 187 35 93 164 43 298 407766 113 78 49 46 86
378 378293 T 156 46 49 47 20 218 32 84 25 90 15 48 92 27 169 123 376831 102 32 36 51
379 392523 L 70 44 29 34 74 140 46 68 31 391117 20 15 210 12 193 113 59 103 44 34 67
380 397625 E 109 52 53 396152 46 199 20 43 70 86 20 33 79 39 155 116 74 135 36 24 84
381 402424 L 90 40 30 37 33 132 56 33 19 401056 37 34 190 63 174 110 86 102 30 22 50
382 422974 R 60 49 66 85 76 417 64 135 118 202 36 64 142 29 420640 234 174 176 14 54 139
383 485804 S 267 182 80 107 86 464 84 141 97 276 50 196 139 95 279 482566 203 221 80 78 113
384 515379 R 240 115 74 133 104 883 83 125 135 298 129 81 58 103 511577 317 204 312 206 70 132
385 608136 Y 205 162 117 118 116 350 191 143 104 273 66 123 150 91 399 365 228 292 106 604336 201
386 590473 W 247 164 82 131 55 538 95 123 117 324 70 110 201 113 691 238 198 228 586379 62 307
387 548630 A 545936 45 110 90 3 382 84 65 66 118 25 49 276 67 350 172 290 358 20 48 76
388 603675 I 184 115 112 169 107 270 113 599227 161 485 421 124 210 127 504 329 285 286 88 112 246
389 565648 R 206 137 115 151 128 477 104 271 177 405 38 117 170 63 561836 302 211 379 23 113 225
390 581440 T 325 156 184 146 172 316 107 227 88 460 54 143 207 127 477 441 577088 310 95 123 194
391 588861 R 307 200 132 202 172 685 121 312 208 610 83 133 272 107 583381 498 346 441 141 143 367
392 566725 S 247 217 101 106 111 457 106 167 130 252 51 188 297 136 539 562691 236 245 88 125 235
393 578174 G 158 74 58 124 48 576274 59 84 62 146 23 38 90 54 316 133 92 151 46 46 98
394 554160 G 143 89 60 165 59 552036 28 70 41 141 30 45 115 57 339 179 89 207 31 55 181
395 561777 N 255 159 206 159 138 561 181 197 137 357 63 557104 245 121 481 403 243 347 75 145 200
396 564889 T 460 218 134 201 147 551 161 282 124 483 77 151 355 161 611 496 559340 414 109 146 268
397 641508 N 284 128 194 139 130 503 118 219 146 389 77 637036 184 154 463 406 189 300 111 128 210
398 651110 Q 288 165 123 175 148 588 217 238 127 211 9 147 429 646175 570 466 285 253 98 120 278
399 592205 Q 274 91 121 163 123 725 190 157 126 477 70 67 449 586992 764 345 235 321 124 99 292
400 533215 R 184 76 62 98 48 721 86 95 146 202 124 53 156 54 530229 237 137 204 169 37 97
401 518484 A 516133 58 92 69 38 408 43 47 42 149 28 22 232 37 252 199 190 318 39 29 59
402 521548 S 249 103 81 102 80 622 81 71 57 220 40 39 423 41 308 518450 167 165 46 96 107
403 521164 A 517338 119 66 126 96 543 104 89 72 305 36 82 277 74 263 346 341 570 82 95 140
404 542710 G 256 178 167 103 116 539970 31 77 55 200 36 47 136 15 229 304 125 341 113 100 111
405 539252 Q 119 8 56 71 60 45 143 107 113 290 37 83 377 536917 151 139 215 154 4 51 112
406 558983 I 39 13 30 30 57 34 27 557911 32 110 29 59 87 24 78 91 137 102 11 44 38
407 507005 S 19 50 21 16 26 307 14 51 5 73 12 52 36 13 110 506053 35 66 9 20 17
408 514478 V 153 31 17 80 14 91 9 19 17 62 80 9 13 15 62 30 16 513706 18 9 27
409 506559 Q 298 124 100 133 89 427 129 96 110 339 52 69 250 502229 434 235 193 324 117 76 735
410 458566 P 234 82 55 100 16 413 161 82 67 286 19 50 455765 67 254 320 137 223 86 47 102
411 488342 A 485366 105 57 108 47 396 77 67 54 161 24 53 153 70 227 189 609 378 57 52 92
412 497299 F 234 155 83 148 493960 673 16 146 63 257 49 31 120 55 298 290 141 287 107 57 129
413 435471 S 182 125 90 169 174 616 70 137 117 326 50 93 206 72 292 431869 168 329 84 117 185
414 453348 V 270 90 83 162 57 538 56 58 88 209 149 75 171 73 434 230 109 450241 97 65 93
415 467919 Q 239 81 79 133 70 420 115 92 85 309 44 36 206 464591 455 184 123 275 116 40 226
416 468816 R 209 83 66 138 112 608 72 113 123 266 12 79 156 62 465784 245 141 253 58 71 165
417 432854 N 150 85 97 84 69 208 41 86 73 159 18 430848 105 53 160 212 96 124 42 51 93
418 462527 L 173 77 50 61 142 336 86 107 44 459975 28 40 349 57 293 179 107 197 74 48 104
419 499459 P 265 107 100 164 88 474 111 123 111 344 57 77 495648 171 452 337 182 298 55 97 198
420 471732 F 308 124 137 153 467535 594 104 149 111 451 68 60 181 90 430 349 186 318 106 97 181
421 484074 D 246 116 480971 124 102 389 92 96 60 242 28 138 173 73 267 262 164 269 24 118 120
422 469483 K 143 62 64 166 128 517 65 147 466444 210 19 114 149 97 336 215 123 235 41 67 141
423 467777 P 196 105 88 127 68 673 108 86 86 314 44 64 464179 140 550 287 148 260 69 65 120
424 487337 T 372 120 107 120 108 611 102 235 97 347 68 95 306 87 458 366 483034 368 86 100 150
425 499218 I 233 102 78 131 150 445 102 495434 90 301 86 141 244 68 325 298 231 348 108 132 171
426 474654 M 217 80 63 117 78 293 97 240 101 313 471191 69 218 95 378 269 235 298 100 66 136
427 433817 A 430921 86 63 140 79 435 99 68 48 163 22 44 188 68 289 229 285 363 75 71 81
428 430400 A 427378 91 80 135 71 463 69 92 39 209 39 41 197 59 317 232 349 332 43 62 102
429 428361 F 185 111 79 134 424621 521 89 156 105 422 51 107 177 57 402 309 166 251 100 156 162
430 392501 T 172 57 52 88 65 218 27 129 63 162 38 77 76 22 165 239 390524 133 48 59 87
431 426948 G 164 144 69 185 84 424059 509 90 97 131 23 62 114 29 346 194 99 230 145 52 122
432 436761 N 232 135 209 119 99 547 124 218 104 326 80 432541 276 98 388 382 201 337 90 114 141
433 462017 T 254 112 57 94 98 299 81 349 121 246 42 57 157 79 352 269 458842 213 81 68 146
434 469384 E 314 104 124 465355 54 873 59 96 130 248 77 63 173 121 424 282 180 295 138 62 212
435 502672 G 279 89 105 260 46 499832 54 92 64 197 47 42 102 58 508 165 103 298 102 54 175
436 511079 R 299 97 111 207 118 1105 95 208 222 341 66 80 178 104 506457 294 215 398 155 122 207
437 511400 T 382 110 95 220 76 757 78 175 158 291 87 105 187 125 535 322 506945 296 139 68 249
438 532086 S 249 96 92 153 70 667 57 77 88 310 49 53 191 107 380 528680 176 260 86 64 181
439 516624 D 213 57 514347 123 39 507 57 55 39 119 25 84 67 48 180 148 90 177 77 76 96
440 497324 M 191 72 100 97 42 418 67 191 95 220 494184 69 170 71 312 206 237 315 85 53 129
441 479909 R 74 29 42 64 14 417 16 17 117 76 133 15 27 37 478411 114 67 82 109 13 35
442 483842 A 481253 95 84 130 55 364 44 74 47 159 43 37 125 53 278 199 259 338 78 55 72
443 493234 E 158 57 111 491012 37 426 48 53 106 163 41 45 65 62 202 153 71 194 74 42 114
444 494546 I 260 137 123 152 114 709 63 490316 106 267 95 109 128 112 503 273 206 423 179 78 193
445 557920 I 376 173 182 211 129 675 96 552423 192 393 332 153 186 142 553 393 278 420 153 193 267
446 502779 R 469 215 153 245 199 1195 135 242 219 658 249 134 419 170 495889 594 325 536 250 184 299
447 483736 M 277 184 153 112 120 728 79 229 122 295 479192 61 246 106 503 324 224 403 97 91 190
448 487956 M 129 70 61 96 56 291 27 278 105 215 485245 48 90 57 256 192 187 326 88 48 91
449 445058 E 114 57 91 442943 37 474 35 46 113 166 28 39 123 72 159 123 80 141 50 41 126
450 466053 G 138 90 130 58 37 464145 38 53 57 132 33 32 107 46 209 362 76 152 56 45 57
451 526427 A 522564 220 69 114 60 495 46 73 41 189 36 38 123 57 241 186 837 856 59 48 75
452 519554 K 123 58 55 97 33 251 37 96 517319 124 33 219 176 59 275 155 128 137 49 47 83
453 511361 P 77 46 22 40 29 154 46 22 28 124 18 21 510155 47 140 117 68 94 24 38 51
454 537678 E 130 71 74 535974 38 282 36 46 89 112 19 28 55 41 171 118 65 164 33 44 88
455 564099 E 302 195 202 558712 219 582 106 228 224 463 97 139 244 132 472 468 265 481 140 133 295
456 584752 M 220 180 86 128 154 311 106 353 188 430 580198 128 195 137 389 357 302 360 159 135 236
457 574867 S 310 289 182 156 290 336 151 187 146 536 87 164 336 155 489 569748 368 309 105 260 263
458 615514 F 225 215 130 233 609576 1047 113 242 116 632 102 102 190 85 457 608 247 531 208 193 262
459 592987 Q 322 64 112 149 82 887 208 150 126 547 100 101 457 587055 1451 243 214 411 77 32 199
460 560500 G 265 132 102 231 113 556935 87 128 103 364 71 79 212 91 372 308 119 446 61 94 187
461 551802 R 729 125 68 113 84 827 116 129 46 430 43 48 392 402 547127 245 125 240 299 74 140
462 521157 G 546 174 168 445 115 515815 123 140 54 434 69 67 580 144 735 402 179 447 145 110 265
463 507518 V 403 179 138 127 187 466 116 309 78 522 85 92 349 123 478 332 235 502897 130 110 162
464 518577 F 427 346 249 263 511127 777 160 398 201 968 133 170 256 132 284 959 331 701 113 271 311
465 596754 E 431 287 214 589459 243 869 191 302 338 819 177 197 212 259 444 730 345 250 227 281 479
466 513155 L 232 195 102 192 334 559 173 288 112 508082 89 100 455 177 459 342 149 499 157 182 277
467 536195 S 71 171 46 110 138 322 108 168 133 723 92 131 191 133 462 532071 287 229 202 136 271
468 577231 D 241 171 573241 180 113 722 75 111 64 170 71 134 86 72 317 387 240 387 117 171 161
469 653204 E 421 260 301 645384 366 786 191 395 474 680 133 183 446 184 531 600 367 710 111 320 361
470 681767 R 413 263 170 277 217 1319 192 251 323 729 360 142 541 247 674088 604 463 538 173 152 305
471 643756 A 637118 162 102 200 113 1063 165 167 116 514 105 133 754 155 495 398 649 828 189 137 193
472 645418 A 642885 33 38 71 93 118 41 77 27 92 18 51 199 35 36 302 409 814 13 44 22
473 672712 N 89 34 104 71 27 207 98 53 66 148 13 670716 231 101 192 200 76 91 49 64 82
474 643897 P 162 54 27 83 32 423 54 34 43 289 4 37 641454 144 357 210 132 157 77 33 91
475 615873 I 192 134 160 191 133 664 64 611783 155 297 113 164 67 79 417 256 210 378 116 108 192
476 558574 V 297 103 76 160 67 699 46 99 63 290 366 68 199 86 413 272 142 554777 127 64 160
477 546468 P 168 111 101 74 88 226 122 138 83 261 37 78 543764 95 229 318 170 190 55 65 95
478 518832 S 273 149 104 126 144 369 58 84 69 212 42 44 312 67 290 515779 169 245 64 92 140
479 542822 F 162 110 71 111 540057 337 49 120 56 499 44 43 105 69 179 185 88 247 57 83 150
480 537346 D 118 52 535400 100 15 441 76 43 33 112 13 99 93 22 142 93 169 166 46 65 48
481 460441 M 180 89 56 117 57 251 71 159 63 199 457710 56 128 69 264 201 168 317 92 53 141
482 557615 S 165 201 70 114 34 1161 25 105 49 137 33 157 122 21 354 554262 107 276 96 46 80
483 614749 N 63 38 94 24 24 186 18 51 71 82 39 613411 40 29 130 152 39 117 47 49 45
484 536611 E 80 54 106 535144 22 292 27 23 98 76 17 21 96 33 108 78 51 118 40 36 91
485 483072 G 95 40 31 106 46 481735 30 34 24 159 14 30 61 38 157 73 53 141 35 29 141
486 491402 S 79 38 32 36 56 154 25 36 25 88 9 22 110 21 100 490273 73 100 31 47 47
487 491271 Y 39 92 39 37 64 136 148 68 30 78 25 40 24 16 64 91 28 89 39 490022 102
488 481380 F 45 34 38 64 480073 102 31 70 35 201 12 49 33 25 117 130 42 79 31 86 83
489 462591 F 50 20 17 29 461488 173 20 59 25 199 16 12 42 15 92 101 45 62 18 61 47
490 461206 G 102 28 30 75 45 459882 15 51 29 103 19 32 66 26 236 69 49 199 34 33 83
491 469943 D 71 42 468321 64 67 298 33 44 38 122 17 75 54 44 110 112 57 187 46 77 64
492 476910 N 22 51 101 30 36 110 48 91 112 75 41 475589 41 36 147 141 76 26 29 61 47
493 570215 A 567895 14 49 128 43 294 37 59 42 129 11 48 79 50 228 206 305 473 20 38 67
494 480197 E 194 58 131 477454 55 635 40 72 86 191 37 34 137 78 267 162 84 204 105 54 119
495 478308 E 174 59 107 475650 39 693 24 41 86 140 33 35 151 87 340 171 88 177 74 19 120
496 462509 Y 108 278 57 63 82 335 133 43 45 123 33 73 110 28 252 150 76 109 81 460197 133
497 431755 D 288 135 427730 176 95 877 90 87 70 248 46 205 166 65 425 241 169 313 116 114 99
498 336446 N 757 318 284 357 320 1312 280 351 298 893 167 326283 557 252 1114 676 466 747 272 274 468
