# nucleotide counts
# upper case indicates nucleotide called by both reads
# lower case indicates nucleotide called by one read with other ambiguous
# N indicates disagreement between reads, or both ambiguous
# POSITION WT COUNTS A T C G a t c g N
1 A 716681 716154 60 15 166 25 0 0 0 261
2 T 719709 69 719344 144 8 0 75 0 0 69
3 G 720030 127 136 9 719658 0 0 0 37 63
4 G 716633 612 569 1527 713772 1 1 2 66 83
5 C 686768 785 916 683944 1031 2 0 18 0 72
6 G 700322 914 631 1371 697299 0 0 0 40 67
7 T 716299 642 713604 1109 659 0 36 0 0 249
8 C 721554 725 511 719499 696 0 0 45 0 78
9 C 723206 615 574 721235 660 0 0 63 0 59
10 C 721134 1788 1366 716545 1282 0 1 84 0 68
11 A 717073 711387 1468 2522 1524 119 0 0 0 53
12 A 717633 712093 1390 2399 1669 30 0 0 0 52
13 G 720125 634 642 1055 717641 0 0 1 64 88
14 G 732873 775 561 1126 730240 0 0 0 60 111
15 C 684540 715 598 682681 411 0 0 64 0 71
16 A 628818 625294 971 1073 777 59 0 0 0 644
17 C 616527 1054 812 613906 682 0 0 34 0 39
18 C 599854 990 640 597464 638 1 0 92 1 28
19 A 596659 593253 912 1336 1068 47 0 0 0 43
20 A 592984 589562 938 1460 934 29 0 2 1 58
21 A 591717 588255 915 1388 1005 69 0 0 0 85
22 C 591490 899 853 588971 642 1 0 72 1 51
23 G 546617 921 672 1142 543729 0 0 1 76 76
24 G 548151 778 546 866 545860 0 0 0 28 73
25 T 549297 825 546106 1071 827 0 41 0 0 427
26 C 574901 873 827 572401 671 0 0 65 0 64
27 T 613537 959 610493 1079 851 1 81 0 0 73
28 T 565576 1127 561888 1422 995 2 108 1 0 33
29 A 568423 564973 883 1344 1158 31 0 0 0 34
30 T 558605 1028 554933 1410 1029 0 155 2 1 47
31 G 575207 691 616 662 573133 0 0 0 45 60
32 A 589762 587321 582 888 788 94 0 0 0 89
33 A 551054 548932 490 746 726 76 0 0 0 84
34 C 528367 943 831 525636 824 0 0 41 0 92
35 A 471562 468244 851 1512 862 45 0 0 0 48
36 G 546224 880 879 1363 542980 0 0 0 28 94
37 A 569883 566263 962 1519 1032 41 0 1 0 65
38 T 573289 1149 569575 1464 1016 0 48 1 0 36
39 G 576851 1252 907 1346 573264 1 0 0 35 46
40 G 562450 709 757 1413 559407 0 0 0 131 33
41 A 563344 560130 600 1559 965 22 0 0 0 68
42 A 574446 571266 694 1442 936 48 0 0 0 60
43 A 575732 573885 373 757 588 30 1 0 0 98
44 C 618721 493 415 617089 545 0 2 67 0 110
45 T 577709 420 575873 780 558 0 27 0 0 51
46 G 592398 500 386 538 590861 1 0 0 40 72
47 A 589295 587689 362 600 528 44 0 0 0 72
48 T 592061 478 590423 569 471 1 73 0 0 46
49 G 591495 687 612 937 589184 0 0 0 53 22
50 G 600461 728 565 981 598075 0 0 1 64 47
51 G 597658 818 475 1001 595257 0 0 0 35 72
52 G 603003 788 566 1085 600471 0 0 0 34 59
53 A 582652 580184 474 1246 649 21 0 0 0 78
54 A 586311 583909 478 1065 688 49 1 0 1 120
55 C 599178 649 716 597018 686 0 1 49 0 59
56 G 600422 866 468 1053 597875 1 0 1 44 114
57 C 611304 617 398 609473 736 0 1 37 0 42
58 C 607850 918 840 605085 950 0 0 18 0 39
59 A 604224 600505 894 1276 1418 85 0 1 0 45
60 G 617770 984 887 1196 614610 0 0 0 46 47
61 A 614503 611399 748 1303 940 75 0 0 0 38
62 A 632163 629050 771 1246 957 58 0 0 0 81
63 T 602499 1070 599513 1023 818 0 18 0 0 57
64 G 627603 1644 1157 1635 622995 0 0 1 89 82
65 C 637785 1467 1441 633441 1278 0 0 64 1 93
66 A 608180 604053 1090 1653 1253 92 1 0 1 37
67 A 645702 641668 940 1752 1131 45 0 0 0 166
68 C 640435 1316 918 636999 1138 0 0 28 0 36
69 T 632375 1281 627883 1880 1180 2 85 1 0 63
70 G 637150 1289 1028 1168 633571 0 0 0 45 49
71 A 594125 590424 1063 1230 1240 109 1 1 0 57
72 G 633709 1220 938 1156 630209 0 0 0 64 122
73 A 590341 587746 717 999 736 69 0 0 0 74
74 T 637174 957 633934 1161 837 2 123 0 0 160
75 C 601277 883 716 598832 662 0 0 108 0 76
76 A 566725 563644 764 1145 1009 111 0 0 0 52
77 G 587127 800 563 1151 584517 0 0 0 35 61
78 A 584479 581835 437 1203 895 39 0 0 0 70
79 G 613454 683 541 877 611234 0 1 0 58 60
80 C 597074 555 780 594844 761 0 0 55 0 79
81 A 567733 565174 589 781 1027 84 0 0 1 77
82 T 579417 572 577038 937 764 0 35 0 0 71
83 C 581041 665 561 578962 759 0 0 52 0 42
84 C 585950 690 678 583656 808 0 0 48 0 70
85 G 568113 599 500 757 566182 0 0 0 40 35
86 T 570865 579 568741 841 509 0 49 0 0 146
87 C 569380 569 599 567569 532 1 0 68 0 42
88 G 572776 538 572 993 570603 0 1 0 29 40
89 G 575913 542 572 758 573956 0 0 0 57 28
90 G 588125 555 490 841 586157 0 0 0 41 41
91 A 586186 583928 674 798 667 39 0 2 0 78
92 A 584714 582391 702 833 683 57 0 0 0 48
93 G 570861 686 572 760 568717 0 0 0 40 86
94 A 561742 558978 971 776 884 41 1 1 0 90
95 T 553560 1008 550784 867 818 0 34 0 0 49
96 G 559946 864 847 982 557177 0 0 1 31 44
97 A 582735 580025 879 826 835 92 0 0 1 77
98 T 581132 1145 578560 421 881 1 64 0 0 60
99 T 568331 1042 565892 707 602 0 57 0 0 31
100 G 570021 1028 777 915 567193 3 0 0 59 46
101 A 566198 563134 921 997 1042 30 0 0 0 74
102 T 556229 1016 553231 949 950 0 42 1 0 40
103 G 549347 908 779 946 546659 0 0 1 31 23
104 G 565173 833 569 1002 562614 0 0 1 68 86
105 A 549220 546650 721 958 786 45 0 1 0 59
106 A 533661 532101 371 741 387 25 0 0 0 36
107 T 536940 524 535260 686 403 0 38 0 0 29
108 T 530435 512 528566 686 490 0 142 0 0 39
109 G 539118 457 383 382 537744 0 0 0 79 73
110 G 531743 356 311 494 530490 0 0 0 58 34
111 A 513867 512257 331 476 613 40 0 0 0 150
112 C 525257 424 393 523985 297 0 0 53 0 105
113 G 464534 506 328 918 462688 0 0 0 54 40
114 A 526339 524757 354 818 272 53 0 0 0 85
115 T 534081 592 531787 1012 581 0 54 0 0 55
116 T 496805 481 494858 820 566 0 26 1 1 52
117 C 498308 533 412 496698 612 0 1 16 0 36
118 T 490062 867 487466 738 813 1 117 0 0 60
119 A 506201 503511 741 667 1030 76 0 0 1 175
120 C 505126 919 850 502472 744 0 0 72 0 69
121 A 465475 463767 613 575 449 23 0 0 0 48
122 T 474533 623 472511 674 560 0 36 0 0 129
123 C 443667 539 491 441950 613 0 1 48 2 23
124 C 448958 668 599 447100 503 0 0 50 0 38
125 A 446895 444802 542 746 680 81 0 0 0 44
126 A 433036 431300 484 671 529 21 0 0 0 31
127 A 433151 432195 260 356 281 30 0 0 0 29
128 T 416783 309 415825 357 223 0 26 0 0 43
129 G 479484 431 378 478 478044 0 0 0 76 77
130 T 456805 333 455321 525 279 0 76 0 0 271
131 G 460466 401 219 471 459314 0 0 0 13 48
132 C 462722 266 471 461626 266 0 0 49 0 44
133 A 456254 454544 380 675 457 24 0 0 0 174
134 C 453860 433 354 452532 442 0 0 55 0 44
135 T 437734 412 436090 723 418 0 39 0 1 51
136 G 485520 525 381 499 484040 0 0 0 45 30
137 A 507458 505850 415 568 489 58 0 0 0 78
138 A 522847 521235 374 648 417 36 0 0 0 137
139 C 557415 385 306 556363 251 0 0 55 0 55
140 T 558088 390 556765 528 301 0 71 1 0 32
141 T 559285 407 557968 519 267 0 78 1 1 44
142 A 564878 563809 357 283 350 52 0 0 0 27
143 A 565329 564337 302 282 286 69 0 0 0 53
144 A 601554 600378 378 286 212 58 0 0 0 242
145 C 601468 1955 1548 596217 1629 2 0 59 1 57
146 T 562275 1949 555991 2327 1908 0 18 0 0 82
147 C 577592 2219 1738 571642 1870 0 0 50 1 72
148 A 562202 556821 1227 2121 1882 24 0 0 0 127
149 G 610306 1331 1245 2046 605551 0 3 1 62 67
150 T 605470 1383 599824 1982 1871 0 18 0 0 392
151 G 662982 909 660 553 660687 0 0 0 88 85
152 A 678732 676343 879 927 387 94 0 1 0 101
153 T 644820 640 642779 658 602 0 100 0 1 40
154 T 668733 1214 664778 999 1640 0 69 0 0 33
155 A 671128 666982 1283 1175 1518 121 0 2 1 46
156 T 674393 1404 670135 1384 1357 0 58 2 0 53
157 G 676960 1127 1018 1128 673592 0 2 0 47 46
158 A 635127 631316 807 1393 1512 31 1 0 1 66
159 G 638241 1045 1007 1201 634868 0 0 0 70 50
160 G 590378 592 471 846 588380 0 0 1 42 46
161 G 577135 616 574 820 574997 0 1 0 59 68
162 G 576606 619 446 737 574690 1 0 0 66 47
163 C 546567 516 820 544372 763 0 1 26 0 69
164 G 552813 705 687 1147 550179 1 1 1 37 55
165 A 553293 550349 600 1252 856 18 0 0 0 218
166 C 554690 817 845 551846 1105 1 0 30 1 45
167 T 550898 928 547222 1579 1072 0 42 1 0 54
168 G 546638 932 997 1220 543394 0 0 0 50 45
169 A 593660 590267 848 1111 1197 88 0 1 1 147
170 T 576155 971 573004 975 1109 0 22 0 1 73
171 C 568870 933 884 566060 965 0 0 11 0 17
172 C 568757 1079 1203 565032 1361 1 0 40 0 41
173 A 549142 544699 1131 1392 1701 171 0 0 1 47
174 G 552770 1194 1072 1307 549100 0 0 0 61 36
175 A 529853 525023 1226 1687 1861 14 0 0 0 42
176 A 530039 525051 1546 1439 1893 37 2 0 1 70
177 C 533069 1534 1667 528032 1693 0 1 64 0 78
178 A 430329 428395 521 650 694 15 0 1 1 52
179 G 440447 537 497 662 438667 0 0 0 33 51
180 C 436754 460 534 435007 683 0 0 15 0 55
181 T 431231 471 429270 699 712 0 45 1 0 33
182 T 435218 632 433239 688 610 0 12 0 0 37
183 A 428357 426250 718 627 658 71 0 0 1 32
184 A 455171 450798 1063 2007 1116 67 0 1 0 119
185 C 474552 1402 1149 470732 1139 0 0 86 0 44
186 A 450073 445644 1021 2245 1026 91 0 0 0 46
187 A 467023 464149 817 1210 735 55 0 0 1 56
188 T 426438 808 423669 1129 708 0 89 1 0 34
189 A 437955 435102 665 1218 893 37 0 0 1 39
190 G 445492 785 628 1107 442924 1 0 0 19 28
191 A 452924 450251 658 1135 758 73 0 0 0 49
192 G 456368 735 656 1225 453643 0 0 0 61 48
193 A 415414 412911 763 913 681 60 1 0 0 85
194 G 435447 675 680 1096 432889 0 0 0 59 48
195 A 438076 435871 629 872 571 66 0 0 2 65
196 A 451717 451095 207 175 163 35 0 0 0 42
197 T 453618 223 452893 217 134 0 31 0 0 120
198 G 440118 174 179 194 439453 0 0 0 56 62
199 G 446860 123 105 84 446457 0 0 0 42 49
200 T 419841 94 418779 134 151 0 47 0 0 636
201 G 451075 278 72 82 450523 0 0 0 45 75
202 C 449977 275 289 449066 240 0 0 48 0 59
203 T 450457 274 449213 555 305 0 21 0 0 89
204 C 459539 274 273 458658 248 0 0 20 0 66
205 T 458839 503 457016 698 544 0 39 0 2 37
206 C 487809 585 511 486112 533 0 0 30 0 38
207 T 485348 548 483349 797 557 0 54 0 0 43
208 G 493268 940 543 737 490959 0 0 0 51 38
209 C 492960 725 548 490941 670 0 0 37 0 39
210 T 480251 629 477888 1011 646 0 48 0 0 29
211 T 489201 621 487167 731 631 0 12 0 0 39
212 T 481998 618 479966 756 545 0 67 0 1 45
213 T 466303 502 464294 815 628 0 17 0 0 47
214 G 469843 582 444 661 468098 0 0 0 21 37
215 A 463908 462078 451 678 597 18 0 0 0 86
216 C 473035 483 776 471100 559 0 0 57 0 60
217 G 456294 428 397 551 454814 0 0 0 52 52
218 A 439390 437982 405 539 394 23 0 0 0 47
219 A 440437 439142 365 421 458 23 0 0 0 28
220 A 441688 440087 405 590 527 17 0 0 0 62
221 G 445317 399 448 603 443824 0 0 0 27 16
222 A 451875 450180 439 643 542 27 1 0 0 43
223 A 450747 449231 391 529 546 13 0 0 0 37
224 G 470676 473 471 543 469095 0 0 1 42 51
225 G 528137 437 387 585 526553 0 1 0 64 110
226 A 518104 516364 448 651 554 55 0 0 0 32
227 A 542012 540221 467 662 552 59 0 0 0 51
228 T 517277 446 515569 642 520 1 57 0 0 42
229 A 513829 511546 564 727 806 162 0 2 0 22
230 A 516046 513942 554 736 750 42 0 0 0 22
231 A 509222 507173 569 706 664 81 0 0 0 29
232 T 512020 792 509651 719 688 0 62 0 0 108
233 A 461565 459600 662 558 616 45 0 2 0 82
234 T 404275 660 402422 551 582 0 18 0 1 41
235 C 414556 955 755 411891 858 0 0 48 1 48
236 T 392269 887 389418 1126 772 0 28 0 0 38
237 G 396068 790 724 987 393466 1 0 1 53 46
238 G 388901 1245 1102 1485 385004 0 0 0 38 27
239 A 381664 377940 1112 1535 1003 35 0 0 0 39
240 A 363844 360398 935 1424 1033 20 0 1 1 32
241 G 379143 1201 968 1048 375807 0 0 0 55 64
242 A 369901 366769 981 998 1105 23 1 0 0 24
243 A 414051 410101 1159 1487 1102 99 0 0 0 103
244 C 418532 1026 952 415573 882 0 2 73 0 24
245 A 403354 400672 931 714 930 66 0 1 1 39
246 T 530277 1744 526043 974 1209 0 112 1 0 194
247 C 522955 1255 1286 518707 1582 0 0 103 1 21
248 C 547811 1392 1416 543206 1694 0 0 67 1 35
249 C 549020 1484 1430 544288 1682 0 1 60 1 74
250 A 527418 524146 1061 771 1296 101 0 0 0 43
251 G 567842 956 838 1084 564862 0 0 0 42 60
252 C 563372 780 1255 560280 964 0 0 41 0 52
253 G 562427 854 862 1081 559557 0 1 1 26 45
254 C 570121 803 869 566965 1313 0 0 25 0 146
255 G 569817 1033 847 1325 566511 2 0 1 67 31
256 G 618227 1122 1031 1329 614635 1 0 0 54 55
257 G 610978 1212 1024 1268 607405 2 0 0 28 39
258 G 633706 1253 1027 1294 630044 0 0 1 49 38
259 A 636244 631790 1173 1333 1823 16 0 0 0 109
260 A 632040 627788 1158 1634 1332 88 1 1 0 38
261 G 645187 1404 1310 1412 640976 0 0 0 39 46
262 G 656414 1362 1251 1797 651815 0 0 2 68 119
263 A 653728 648887 1407 1388 1931 16 0 0 0 99
264 T 652520 1421 647547 1504 1893 0 43 0 0 112
265 C 626517 2259 2190 619514 2472 0 0 27 0 55
266 C 615808 2196 2294 608836 2349 1 2 84 2 44
267 T 600236 2377 592683 2608 2442 0 44 0 0 82
268 A 600842 595190 1967 1178 2441 38 0 0 0 28
269 A 600290 594511 1922 1326 2427 77 0 0 0 27
270 G 600367 1695 1982 1519 595066 0 0 0 35 70
271 A 572691 568526 1213 1497 1328 97 0 0 0 30
272 A 560997 556922 1288 1617 1095 40 1 0 0 34
273 A 549344 545610 1135 1265 1256 45 1 0 0 32
274 A 515475 513543 513 796 499 30 0 1 0 93
275 C 519895 550 458 518149 605 0 0 25 0 108
276 T 499313 484 497498 741 519 0 27 1 1 42
277 G 496315 573 388 474 494850 0 0 0 8 22
278 G 494663 463 384 584 493183 0 0 0 27 22
279 A 486962 485061 445 585 745 32 0 0 1 93
280 G 480772 380 338 403 479585 0 0 0 25 41
281 G 474771 339 257 351 473731 0 0 0 43 50
282 A 461472 460013 232 348 372 22 0 0 0 485
283 C 492239 230 249 491398 236 0 0 59 0 67
284 C 479561 246 300 478716 261 0 0 20 0 18
285 C 477919 282 295 477022 235 0 0 37 0 48
286 A 520891 519013 491 672 517 54 0 0 0 144
287 T 508770 555 506981 603 474 0 115 1 0 41
288 A 591373 589322 621 576 638 129 0 0 1 86
289 T 588877 717 586563 715 695 0 119 0 1 67
290 A 531276 529056 624 651 635 189 1 0 0 120
291 C 540646 616 634 538704 540 1 0 58 0 93
292 A 466293 463628 587 1087 871 91 1 0 2 26
293 A 466608 464024 658 974 881 40 0 0 0 31
294 G 460746 750 639 894 458188 0 0 0 101 174
295 A 361877 360124 408 610 657 27 0 0 1 50
296 G 367073 442 447 616 365509 0 0 0 20 39
297 A 342723 341030 450 581 595 25 0 0 0 42
298 G 350058 711 658 1106 347557 0 0 2 8 16
299 T 356421 750 352656 1219 587 0 38 3 0 1168
300 A 364676 361781 723 1261 831 38 0 1 0 41
301 G 395212 733 656 967 392763 0 0 1 49 43
302 A 390639 388239 742 947 661 24 1 1 1 23
303 T 415351 785 412708 1041 728 0 41 0 0 48
304 A 408096 405702 619 924 777 29 0 0 1 44
305 G 416536 605 568 1045 414202 0 1 1 77 37
306 A 414614 412344 534 1044 647 21 0 0 0 24
307 A 415807 414574 265 545 337 27 0 0 0 59
308 A 414198 413036 246 539 333 28 0 0 0 16
309 G 429566 282 292 506 428376 0 0 0 71 39
310 T 428485 492 426147 988 494 1 28 0 0 335
311 G 437348 585 564 896 435206 0 0 0 72 25
312 G 438423 509 496 962 436404 0 0 0 33 19
313 A 438517 437285 320 459 349 48 0 0 0 56
314 T 441705 356 440549 431 316 0 9 0 0 44
315 G 454296 341 332 506 453044 0 0 0 28 45
316 A 457656 456358 281 512 449 22 0 0 0 34
317 G 459033 308 358 434 457897 0 0 0 12 24
318 G 456396 331 301 476 455238 0 0 0 20 30
319 G 457852 409 286 343 456695 0 0 0 22 97
320 A 459905 458874 265 341 317 38 0 0 0 70
321 A 462867 461684 242 299 375 22 0 0 0 245
322 C 464682 343 358 463535 391 0 0 17 0 38
323 T 461066 289 459660 528 474 0 30 0 0 85
324 C 454833 345 344 453714 349 0 0 57 1 23
325 G 445601 434 400 512 444203 0 0 0 30 22
326 T 457087 358 455291 653 568 0 57 0 0 160
327 C 484941 440 438 483463 524 0 0 50 3 23
328 C 511499 491 430 509918 482 0 0 98 0 80
329 T 532882 638 530654 904 575 0 52 0 1 58
330 T 533410 587 531293 829 566 0 84 0 0 51
331 T 519762 587 517636 755 711 1 42 0 0 30
332 A 490671 488566 599 620 697 148 1 0 1 39
333 T 484392 560 482377 704 644 0 65 0 0 42
334 G 485698 716 609 871 483354 0 0 0 82 66
335 A 437173 435043 523 804 644 34 0 0 0 125
336 C 444130 576 617 442195 566 1 0 53 1 121
337 A 392808 390698 624 910 516 33 0 0 0 27
338 A 398927 396708 682 886 606 28 0 0 0 17
339 A 406328 404026 667 909 667 31 1 0 0 27
340 G 473894 561 584 669 471960 0 0 0 44 76
341 A 489935 487788 646 736 688 27 0 0 0 50
342 A 484087 482013 639 697 671 41 0 0 0 26
343 G 544236 654 514 613 542292 0 0 0 63 100
344 A 569619 567680 518 589 616 151 0 0 0 65
345 A 570407 568632 606 484 608 32 1 0 0 44
346 A 571862 569022 832 1136 806 13 0 0 0 53
347 T 565240 929 562284 1042 804 3 105 0 1 72
348 A 559453 556438 785 1039 1039 59 0 0 0 93
349 A 552966 550483 671 785 890 70 1 0 0 66
350 G 549782 708 780 706 547498 0 0 0 52 38
351 G 550283 519 684 675 548290 0 0 0 58 57
352 C 529849 267 390 528802 265 0 0 53 0 72
353 G 526701 490 351 479 525251 0 0 0 51 79
354 A 538616 537281 455 440 331 62 0 0 0 47
355 A 556931 556181 207 183 271 35 1 1 0 52
356 T 554663 209 553870 274 210 0 29 0 0 71
357 C 554834 181 276 554108 180 0 0 12 1 76
358 T 544238 380 542608 666 456 0 31 0 1 96
359 G 551001 430 412 521 549535 0 0 1 55 47
360 G 541270 405 295 478 540006 0 0 0 33 53
361 C 549100 645 848 546768 662 0 0 33 0 144
362 G 549037 831 615 995 546493 0 0 0 24 79
363 C 546646 487 689 544697 669 0 1 48 0 55
364 C 533562 689 676 530729 1128 0 0 47 1 292
365 A 534257 531271 556 1005 1335 57 0 0 0 33
366 A 557424 554309 865 812 1306 75 0 0 0 57
367 G 625594 815 647 799 623154 0 0 1 79 99
368 C 624952 674 894 622312 962 0 0 53 0 57
369 C 670931 712 735 668386 908 0 0 59 0 131
370 A 673118 669992 861 1195 955 78 0 0 0 37
371 A 685156 681996 1008 1005 937 142 1 0 0 67
372 T 699547 973 696381 1100 930 1 69 0 0 93
373 A 691359 687781 1229 1116 1054 137 0 0 0 42
374 A 696374 692830 1157 1148 1136 52 0 0 0 51
375 T 669136 1298 665433 1089 1120 0 101 0 0 95
376 G 631937 1147 1032 1282 628363 0 0 0 82 31
377 G 584177 991 928 1123 581041 0 0 0 49 45
378 T 531152 1038 527000 1203 1115 0 33 0 0 763
379 G 534672 995 657 963 531986 0 0 1 33 37
380 A 530176 527412 633 1020 1014 49 1 0 0 47
381 T 528316 1033 525427 1033 733 0 38 0 0 52
382 G 523034 770 651 630 520916 0 0 1 40 26
383 A 524715 522601 690 600 723 34 0 0 0 67
384 T 532335 686 530126 716 682 0 38 0 0 87
385 G 526115 1079 585 643 523710 2 0 0 53 43
386 C 518317 681 771 516116 678 0 1 29 0 41
387 A 512867 510616 623 836 713 40 0 0 0 39
388 A 506986 505089 560 676 482 83 0 2 0 94
389 C 488322 535 568 486685 435 0 0 53 0 46
390 A 475928 474275 475 493 595 56 1 0 2 31
391 G 477832 566 387 648 476128 0 0 0 70 33
392 C 455402 459 476 453857 499 0 0 57 0 54
393 T 440035 402 438219 771 552 1 50 3 0 37
394 G 502153 524 504 437 500544 0 0 0 74 70
395 G 513942 534 467 454 512403 0 0 0 47 37
396 T 514722 513 512851 610 414 0 28 0 0 306
397 C 550216 627 589 548192 680 0 1 56 0 71
398 T 535390 591 532973 1010 673 0 75 0 0 68
399 G 607190 735 638 780 604850 0 1 0 85 101
400 A 608813 604419 777 2173 1175 47 0 0 0 222
401 C 641256 1196 841 637981 1166 0 0 34 0 38
402 T 653322 1475 648581 2308 786 0 60 0 0 112
403 C 654262 1349 1142 650549 1034 0 1 112 0 75
404 A 650351 646314 1063 1448 1248 50 0 0 1 227
405 C 704248 1350 984 700712 1067 0 0 89 1 45
406 A 703457 698940 1477 1452 1530 26 0 0 0 32
407 T 719156 1844 714029 1591 1493 0 106 1 0 92
408 G 680465 1562 1480 1393 675961 1 0 0 41 27
409 A 701283 697812 883 1279 1044 163 0 1 0 101
410 T 678833 1003 675547 1284 895 2 48 0 1 53
411 G 685262 915 770 1222 682248 0 0 0 50 57
412 A 666829 664779 614 718 627 33 0 0 0 58
413 T 660211 742 657839 850 568 0 67 0 0 145
414 C 596152 615 589 594297 563 0 1 61 0 26
415 T 585554 445 583848 721 416 4 52 1 0 67
416 G 566067 382 316 409 564870 1 0 0 49 40
417 G 567780 494 256 339 566570 1 0 1 74 45
418 C 550561 293 362 549519 256 0 0 24 0 107
419 A 546822 545806 241 317 351 58 0 0 0 49
420 T 536856 252 535962 335 242 0 28 0 0 37
421 T 532526 353 531368 431 320 0 15 0 0 39
422 C 533214 372 289 532192 257 0 0 61 0 43
423 C 531874 356 328 530862 251 0 0 28 0 49
424 A 532738 531374 334 497 445 50 0 0 0 38
425 A 529828 528600 327 478 384 16 0 0 0 23
426 T 524638 468 523296 484 345 0 18 2 0 25
427 T 524253 502 522707 609 399 0 17 0 0 19
428 T 518370 572 516611 630 449 1 45 0 1 61
429 G 523550 594 445 571 521856 0 0 0 43 41
430 A 512802 511314 381 519 525 33 0 0 0 30
431 A 511909 510373 410 474 563 56 0 1 0 32
432 T 520681 461 519034 620 405 0 55 0 0 106
433 G 495542 594 472 559 493823 0 0 0 60 34
434 A 536057 534343 489 531 504 70 0 0 0 120
435 T 534585 598 533002 543 404 0 12 0 0 26
436 A 535065 533137 325 632 763 91 0 0 0 117
437 C 571757 449 465 570100 573 0 0 72 0 98
438 A 548071 546017 367 719 795 120 0 0 0 53
439 A 640830 638848 419 596 708 88 0 0 0 171
440 C 645306 365 414 643933 481 2 0 57 0 54
441 A 653431 651670 382 636 534 149 0 0 0 60
442 T 673076 623 670511 966 749 0 121 0 0 106
443 A 576026 573368 523 779 778 129 1 1 1 446
444 C 597657 507 531 595845 712 0 0 40 0 22
445 C 599625 504 568 597699 729 0 0 61 0 64
446 A 595622 592916 601 830 1129 87 0 1 0 58
447 G 616373 643 690 784 614073 0 0 0 100 83
448 A 556831 555256 393 421 679 54 0 0 0 28
449 G 609647 531 454 566 607966 0 1 0 55 74
450 G 604524 359 406 488 603205 0 0 0 38 28
451 A 607939 605420 517 958 815 54 0 0 0 175
452 C 617198 682 687 615152 567 0 0 43 0 67
453 A 607047 604748 594 829 766 65 0 0 0 45
454 A 623792 620264 949 1247 1231 53 1 0 0 47
455 G 646352 1003 1050 1245 642951 0 0 0 68 35
456 A 669522 665805 993 1408 1146 72 0 0 0 98
457 G 695861 1179 1015 1247 692265 0 0 0 70 85
458 C 724926 1110 966 721602 1133 2 1 61 0 51
459 T 724204 1033 720510 1392 1150 2 56 0 0 61
460 C 734676 1366 1373 730455 1370 0 0 41 0 71
461 T 732709 1483 728116 1517 1496 0 48 3 0 46
462 T 743576 1710 738931 1447 1358 0 98 0 0 32
463 G 751346 1267 1166 1311 747496 0 0 0 45 61
464 T 761116 1126 756698 1474 1608 0 92 1 1 116
465 T 760378 2098 755835 1110 1209 0 38 0 0 88
466 C 766361 1398 1588 761596 1621 0 1 49 0 108
467 G 763838 1704 1399 1855 758757 0 2 0 54 67
468 C 781697 1435 1437 777013 1679 0 0 33 0 100
469 A 773340 767795 1279 1626 1840 38 0 0 0 762
470 C 778642 1472 1500 773986 1581 0 1 37 0 65
471 C 773737 1531 1481 769092 1554 0 0 27 0 52
472 G 786607 1619 1470 2143 781223 0 0 0 75 77
473 G 796099 1832 1268 2003 790877 0 1 0 28 90
474 C 832171 1844 1986 826537 1659 2 2 73 0 68
475 A 836308 829691 1794 2523 2188 43 0 2 1 66
476 T 878294 2398 870375 3286 1969 2 142 1 0 121
477 G 883867 2336 2399 3184 875711 0 1 2 154 80
478 G 924977 2009 1988 1921 918894 1 0 0 70 94
479 A 960371 953313 2022 2088 2687 95 0 0 0 166
480 T 977046 2303 969692 2544 2207 0 98 0 0 202
481 C 922081 2241 2279 914878 2481 0 0 125 0 77
482 C 877100 2377 2262 869681 2554 1 0 159 0 66
483 C 824535 2447 1866 817984 2068 3 0 138 0 29
484 A 833045 824938 2265 2361 3323 63 1 2 2 90
485 G 876331 2851 2559 2154 868535 1 1 1 147 82
486 G 846182 2648 2235 1847 839260 1 1 1 91 98
487 A 809249 804270 1630 1401 1709 74 0 0 0 165
488 T 725868 1715 721360 1182 1489 0 53 1 0 68
489 G 741031 1490 1408 1237 736757 1 0 0 74 64
490 T 717414 1411 712788 1549 1282 0 82 0 3 299
491 G 719351 1722 1238 1371 714920 0 0 1 56 43
492 C 723777 1159 1355 719874 1290 0 0 33 1 65
493 T 699705 1185 695776 1444 1151 1 53 1 1 93
494 C 723325 1259 987 719550 1367 0 0 42 0 120
495 T 691962 1265 688142 1140 1252 0 53 0 0 110
496 C 700295 1402 1368 696235 1204 0 0 42 0 44
497 T 697382 1310 693035 1224 1662 0 75 0 0 76
498 G 664098 1175 1534 712 660550 0 1 0 101 25
499 A 665770 662833 921 852 1017 81 0 0 0 66
500 T 656064 933 653010 938 1026 0 93 2 0 62
501 G 647410 1094 859 815 644549 0 0 0 51 42
502 C 649450 963 1262 646079 979 1 1 80 1 84
503 A 612238 608756 905 1038 1446 33 0 0 0 60
504 G 616665 976 964 932 613664 0 0 0 61 68
505 G 589020 815 722 771 586676 0 0 0 19 17
506 G 617471 996 836 869 614648 0 0 0 51 71
507 T 602080 661 598374 1008 1277 0 30 0 0 730
508 T 608829 720 606457 912 617 0 56 0 0 67
509 C 610460 595 925 608092 750 0 0 39 0 59
510 G 611373 729 618 727 609193 0 0 0 65 41
511 A 618935 615353 648 1005 799 34 0 0 0 1096
512 C 613357 509 712 611300 755 0 0 30 0 51
513 T 597871 691 595343 970 757 0 34 0 0 76
514 C 667105 1019 1162 663448 1302 0 0 77 0 97
515 T 686057 1240 681271 1809 1488 1 67 0 0 181
516 C 855947 1275 1482 851406 1555 1 1 131 0 96
517 C 844014 1657 1678 838743 1829 0 0 36 0 71
518 C 841348 1716 1632 836104 1693 1 0 154 1 47
519 T 834199 1814 828350 2194 1738 0 55 0 0 48
520 A 917032 911489 1878 1692 1436 314 2 1 0 220
521 G 877994 1360 1622 1596 873218 0 1 1 121 75
522 G 853188 1443 1508 1457 848628 0 1 0 63 88
523 A 789662 786786 746 904 1067 15 0 0 0 144
524 G 797758 788 799 740 795278 0 1 0 56 96
525 G 777565 725 689 729 775201 0 0 0 68 153
526 T 765171 856 761713 996 691 0 66 1 0 848
527 C 758411 831 942 755754 742 0 0 81 0 61
528 T 777550 960 774065 1662 723 0 53 0 0 87
529 G 779711 735 814 775 777180 0 0 1 156 50
530 G 781266 756 724 604 779099 0 0 0 36 47
531 A 778906 776626 551 644 928 47 0 0 0 110
532 G 794138 820 790 1011 791420 0 0 1 36 60
533 C 786824 749 826 784360 731 0 0 44 0 114
534 T 759227 681 756439 1239 712 0 30 0 1 125
535 G 761623 1265 693 542 759065 1 0 0 18 39
536 C 764716 624 810 762563 629 0 1 51 0 38
537 A 767462 764511 627 730 1485 62 0 0 0 47
538 G 785540 462 506 508 783968 0 1 0 59 36
539 G 793822 429 473 442 792242 0 0 0 109 127
540 C 790451 344 682 788782 506 0 0 41 0 96
541 G 782424 1268 779 1035 779219 0 0 0 69 54
542 C 787059 818 904 784427 855 0 0 18 1 36
543 T 774215 716 771105 1372 837 0 60 0 0 125
544 G 796861 1585 718 1213 793239 0 0 0 47 59
545 C 786018 864 1752 781839 1347 0 0 48 0 168
546 A 828765 824774 856 1338 1609 42 0 0 0 146
547 G 850483 1239 1079 1531 846549 0 0 0 29 56
548 T 858937 1342 854365 1310 1605 1 89 0 1 224
549 C 869085 1228 1143 865182 1404 0 1 58 0 69
550 A 862627 857917 1379 1249 1866 163 0 2 0 51
551 A 857606 853046 1408 1350 1660 89 0 1 0 52
552 A 857688 852325 1373 1517 2344 62 2 0 1 64
553 G 827106 1637 1230 1350 822762 0 1 0 57 69
554 G 849621 1667 1155 1532 845119 3 0 0 75 70
555 A 753933 749192 1232 1421 1812 43 0 1 1 231
556 G 742220 1385 1221 1310 738230 0 1 0 27 46
557 T 718528 1374 713779 1369 1527 0 67 0 0 412
558 T 698281 1306 693832 1442 1597 0 65 0 0 39
559 G 707387 1158 876 1182 704010 0 2 0 111 48
560 G 708303 1062 860 1243 704981 1 0 0 42 114
561 G 711323 997 779 1326 708081 0 0 0 104 36
562 A 692054 688958 768 1046 955 117 0 0 0 210
563 C 610389 742 732 608055 665 1 1 135 0 58
564 A 538965 536556 608 726 824 133 0 1 0 117
565 A 438270 436594 496 583 542 13 0 0 0 42
566 T 441577 531 439827 558 607 0 19 0 0 35
567 G 454173 511 517 594 452485 0 0 0 39 27
568 G 462900 443 445 556 461372 0 0 0 41 43
569 T 420968 484 418383 559 610 0 55 0 0 877
570 G 421489 511 409 528 419984 0 0 1 45 11
571 A 416959 415339 406 551 555 47 1 0 0 60
572 T 416801 507 415098 545 530 0 62 1 0 58
573 G 410960 455 411 518 409494 0 0 0 51 31
574 G 379605 326 384 397 378452 0 0 0 15 31
575 A 444635 442531 491 569 871 60 0 0 0 113
576 G 466513 610 491 602 464686 0 0 0 84 40
577 T 455582 525 453569 618 618 1 22 0 0 229
578 T 515856 587 513682 787 628 0 99 0 0 73
579 G 544382 565 575 710 542450 0 0 0 52 30
580 A 548607 545160 751 1505 1047 71 1 0 0 72
581 T 535765 831 532557 1373 952 0 25 0 1 26
582 A 532463 529273 694 1289 1044 131 0 0 1 31
583 A 520867 517913 601 1290 938 77 0 1 0 47
584 G 551596 771 653 1344 548742 0 0 0 33 53
585 G 585574 757 691 1413 582591 0 0 1 79 42
586 A 586216 583396 660 977 1024 70 0 0 0 89
587 T 538371 664 535532 956 1107 0 35 0 0 77
588 G 559973 728 671 973 557455 0 0 0 96 50
589 A 562748 560657 547 782 686 27 0 0 1 48
590 T 564460 530 562340 859 659 0 33 0 0 39
591 C 561796 502 546 560087 604 0 0 30 0 27
592 A 557647 556223 337 402 520 103 0 0 0 62
593 A 537858 536644 269 438 444 36 0 1 0 26
594 A 539704 538370 233 474 436 38 0 0 0 153
595 C 527161 427 366 525817 474 0 0 27 0 50
596 G 517941 455 387 546 516496 0 0 0 21 36
597 T 499106 368 497266 656 472 0 60 1 1 282
598 G 492946 428 337 472 491642 0 0 0 51 16
599 G 499202 471 337 465 497837 0 0 1 53 38
600 G 515936 540 433 556 514309 1 0 0 59 38
601 A 517651 515734 488 572 726 65 0 0 0 66
602 T 520153 558 518173 728 590 0 51 0 0 53
603 C 509096 543 480 507388 563 0 0 62 0 60
604 A 504116 502223 449 807 565 23 0 0 0 49
605 A 505860 504004 442 879 479 16 0 0 1 39
606 T 504702 538 502735 886 506 0 13 0 0 24
607 G 515843 674 591 470 514024 0 0 0 42 42
608 A 504567 502508 646 531 752 49 0 0 0 81
609 T 480748 577 478957 508 634 0 36 0 0 36
610 C 496838 860 967 493999 926 0 1 52 0 33
611 G 495334 971 792 887 492611 1 1 1 49 21
612 G 541407 947 1047 996 538268 0 1 0 85 63
613 A 541886 539439 773 761 784 62 1 0 0 66
614 A 527556 525056 741 752 820 22 2 0 0 163
615 C 641856 714 798 639422 740 0 0 78 0 104
616 T 623430 665 620758 1089 820 1 54 0 0 43
617 T 611436 688 609001 1083 591 1 35 0 1 36
618 C 624093 695 560 622000 775 0 0 38 0 25
619 T 625133 670 621852 1448 893 0 225 0 0 45
620 G 628562 737 902 1214 625643 0 0 0 24 42
621 G 635793 870 813 1133 632889 0 1 0 50 37
622 A 622930 619573 734 1306 1136 64 0 1 0 116
623 G 598313 787 715 1222 595411 0 0 0 90 88
624 A 488704 485581 772 1144 1063 37 1 1 0 105
625 G 527492 530 518 540 525781 0 0 0 74 49
626 G 559694 530 583 635 557802 0 0 0 75 69
627 T 530923 453 526789 733 730 1 46 0 0 2171
628 G 527107 525 541 549 525439 0 0 0 19 34
629 A 524880 522972 445 604 718 92 1 1 0 47
630 A 529095 527434 440 636 551 18 0 0 0 16
631 A 531998 530356 486 505 539 33 0 0 0 79
632 A 527805 526055 542 510 618 38 2 0 0 40
633 T 509867 417 508315 515 503 0 30 0 0 87
634 G 483104 483 580 458 481545 0 0 0 11 27
635 G 483020 443 449 549 481508 0 0 0 49 22
636 A 483425 481632 440 551 657 30 0 0 0 115
637 C 472919 475 514 471362 487 0 0 41 0 40
638 G 470425 557 461 750 468565 0 1 0 46 45
639 A 470879 469040 496 758 508 45 1 1 0 30
640 A 474430 472839 478 515 510 48 0 0 0 40
641 A 475570 474052 460 514 495 27 0 0 0 22
642 A 473233 471736 443 471 518 34 0 0 0 31
643 A 471436 470226 342 425 374 22 0 0 0 47
644 C 464711 298 282 463698 316 0 0 44 0 73
645 A 462280 461115 298 360 474 9 0 0 0 24
646 A 459720 458412 365 267 594 56 0 1 0 25
647 G 473041 334 371 446 471788 0 0 0 64 38
648 G 449465 327 311 331 448403 0 0 2 65 26
649 A 429961 428698 319 435 453 35 0 0 0 21
650 G 437953 383 373 438 436666 0 0 0 35 58
651 T 413717 339 411763 445 412 0 14 0 0 744
652 G 434491 273 187 236 433661 0 0 0 33 101
653 C 428767 215 227 427920 361 0 0 24 0 20
654 T 422465 215 421562 256 326 2 56 0 0 48
655 T 450535 219 449619 341 270 0 50 0 0 36
656 A 429471 428437 225 271 326 139 1 2 0 70
657 C 469252 299 383 468202 288 0 0 47 0 33
658 G 467788 225 186 184 467054 0 0 0 86 53
659 A 428855 428166 204 140 291 19 0 0 0 35
660 G 474432 202 235 188 473593 0 0 0 115 99
661 A 387980 386858 263 272 458 74 0 0 0 55
662 G 398620 364 293 334 397519 1 0 0 61 48
663 A 389900 388814 252 270 437 65 0 0 0 62
664 A 343887 343351 186 153 149 20 0 0 0 28
665 T 345716 157 345176 190 125 0 33 0 0 35
666 G 359532 194 138 167 358943 0 0 0 32 58
667 T 413570 56 413101 106 27 0 63 0 0 217
668 G 430132 197 79 38 429679 0 0 0 94 45
669 C 431389 46 295 430916 60 0 0 17 0 55
670 A 425149 424765 73 86 148 54 0 0 0 23
671 A 433809 433454 86 72 101 15 0 0 0 81
672 C 462173 77 121 461773 87 0 0 60 0 55
673 A 456294 455841 115 69 174 61 0 0 0 34
674 T 442099 91 441692 108 123 0 21 0 0 64
675 T 441372 79 440911 133 155 0 58 0 0 36
676 C 448950 53 84 448669 65 0 0 22 0 57
677 T 447560 105 447132 202 39 0 36 0 0 46
678 C 465707 71 97 465413 43 0 0 37 1 45
679 A 463493 462937 96 133 214 40 0 0 0 73
680 A 464540 464092 124 93 179 28 0 1 0 23
681 A 464059 463522 110 107 262 13 0 0 0 45
682 G 476385 177 199 195 475746 0 0 0 36 32
683 G 486048 195 189 233 485368 0 0 0 34 29
684 A 481903 481153 202 238 249 34 0 0 0 27
685 A 480439 479237 284 337 537 23 0 0 0 21
686 A 480691 479451 287 353 508 36 0 0 0 56
687 A 511730 510436 386 309 499 49 0 0 0 51
688 T 513291 316 512019 476 418 0 20 0 0 42
689 T 505468 271 504366 392 397 0 29 0 0 13
690 T 505761 281 504526 441 420 0 39 1 0 53
691 C 484559 550 509 482910 456 0 0 97 0 37
692 A 482367 480331 487 707 777 30 0 0 0 35
693 A 481985 480265 429 703 532 23 0 0 0 33
694 A 482714 481514 262 522 344 23 0 0 0 49
695 C 502964 350 341 501903 250 0 0 44 0 76
696 A 470021 468875 277 509 312 23 0 0 0 25
697 G 487309 496 450 643 485583 0 0 0 46 91
698 C 493264 536 445 491565 636 0 0 39 0 43
699 T 456655 425 454747 750 571 0 82 2 1 77
700 G 486290 766 406 504 484399 0 0 0 100 115
701 C 414763 314 470 413439 397 0 1 99 0 43
702 A 417097 415626 441 398 438 25 0 0 0 169
703 C 412103 314 325 410955 433 0 0 23 0 53
704 A 413105 411695 390 455 444 79 0 0 0 42
705 A 412067 410677 395 429 464 45 0 0 0 57
706 A 401383 399429 476 744 653 42 0 0 1 38
707 G 445669 551 529 642 443851 0 1 0 44 51
708 G 445782 486 400 711 444096 0 0 0 39 50
709 G 422642 680 568 712 420584 0 0 0 44 54
710 C 419782 620 822 417408 840 0 0 48 0 44
711 A 414621 412181 683 743 841 115 0 0 0 58
712 A 443999 441635 814 781 615 79 0 0 0 75
713 T 421358 745 419198 641 701 0 33 0 0 40
714 G 423235 711 699 642 421129 0 0 0 28 26
715 A 397085 395483 457 433 638 26 0 0 0 48
716 T 412990 467 411201 525 655 0 79 0 0 63
717 G 411957 506 495 495 410400 0 1 0 28 32
718 G 449374 342 301 359 448274 0 0 0 57 41
719 A 449863 448381 342 380 680 23 0 0 0 57
720 T 443635 359 442218 407 531 0 41 0 1 78
721 C 429178 825 766 426613 938 0 0 14 0 22
722 A 430308 427364 782 940 1107 78 0 1 0 36
723 A 485823 482498 945 1112 1119 64 0 0 0 85
724 G 491282 516 575 738 489380 0 0 0 48 25
725 T 491711 526 489295 716 887 0 24 0 0 263
726 G 497609 551 649 653 495682 0 0 0 32 42
727 A 485680 482989 785 879 917 63 0 3 0 44
728 G 504386 779 763 921 501846 0 0 1 31 45
729 A 502678 499778 716 968 1120 31 0 0 0 65
730 G 506467 736 624 749 504270 0 0 0 42 46
731 A 497311 494944 655 876 749 44 0 0 0 43
732 A 485173 482780 650 859 815 47 0 1 1 20
733 A 514302 512287 509 671 750 40 0 0 0 45
734 G 523565 537 486 675 521792 1 1 0 43 30
735 T 523468 562 521121 703 706 1 40 0 0 335
736 C 508770 514 558 507195 429 0 0 19 0 55
737 G 504171 626 469 545 502435 0 1 1 51 43
738 G 508979 511 443 454 507486 1 0 2 29 53
739 A 505991 504891 300 273 473 26 0 0 0 28
740 A 509853 508532 328 248 458 20 0 0 0 267
741 C 516959 345 404 515691 402 0 0 36 1 80
742 C 557698 321 390 556493 353 0 0 86 0 55
743 C 570391 450 415 568970 420 0 1 92 1 42
744 A 568752 567101 375 454 721 47 0 0 0 54
745 G 590914 755 639 579 588831 0 0 1 66 43
746 G 585404 700 533 537 583525 0 1 0 38 70
747 A 581288 579172 658 596 749 61 0 0 0 52
748 A 588516 585136 992 1076 1180 81 0 1 0 50
749 A 554470 551462 913 878 1130 46 0 0 0 41
750 T 584821 1010 581362 1012 1248 0 111 0 1 77
751 G 591771 389 289 278 590726 0 0 0 46 43
752 C 634516 288 544 633203 361 0 0 56 0 64
753 T 614599 375 612957 610 529 0 55 0 0 73
754 G 622085 646 561 597 620143 0 0 0 93 45
755 A 584504 582413 525 622 817 67 0 0 0 60
756 G 595583 544 445 527 593971 0 0 0 47 49
757 A 593731 592428 370 310 527 29 0 0 0 67
758 T 598246 343 596959 344 489 0 36 0 0 75
759 C 584555 349 475 583214 445 1 0 33 0 38
760 G 582339 231 78 84 581797 0 0 0 107 42
761 A 560961 560545 73 42 199 27 0 0 0 75
762 A 557558 557178 58 42 179 33 0 0 0 68
763 G 596141 318 455 509 594748 0 1 0 44 66
764 A 595035 593582 528 409 385 45 0 1 0 85
765 T 570839 409 569433 489 365 0 76 0 0 67
766 C 568447 769 904 565972 683 0 1 64 0 54
767 T 538050 708 535747 681 754 0 105 0 0 55
768 C 550220 763 678 548093 623 0 0 34 0 29
769 A 547997 545786 618 897 582 39 0 1 0 74
770 T 548697 481 546855 734 529 1 48 0 1 48
771 C 543792 471 506 542227 463 0 0 48 0 77
772 T 502627 753 500219 895 698 0 23 0 1 38
773 T 507046 716 504656 866 736 0 33 0 0 39
774 T 508735 786 506225 933 721 0 20 0 0 50
775 C 504014 579 575 502165 605 0 0 53 0 37
776 T 502633 637 500579 686 634 0 34 0 0 63
777 G 490957 504 479 634 489251 0 0 1 57 31
778 G 498072 431 298 396 496906 0 0 0 11 30
779 C 494397 321 471 493156 357 0 0 34 1 57
780 A 493304 492077 315 389 355 27 0 0 0 141
781 C 489528 223 511 488471 197 0 0 76 0 50
782 G 519862 367 216 337 518802 0 0 0 45 95
783 G 533403 239 197 313 532602 0 0 0 24 28
784 T 532283 456 530448 542 507 0 17 0 0 313
785 C 534831 445 477 533368 447 0 0 31 0 63
786 T 543976 459 541732 981 571 1 178 1 1 52
787 G 538601 1013 613 609 536241 0 0 1 76 48
788 C 552835 705 1006 550164 822 0 0 80 1 57
789 A 535184 532666 568 589 881 60 0 0 0 420
790 C 532611 728 757 530136 831 0 1 56 0 102
791 T 479150 779 476685 738 834 1 46 1 0 66
792 C 519737 915 775 517063 755 0 1 73 1 154
793 A 531168 527583 994 1309 1130 75 1 1 0 75
794 T 518194 1113 514619 1195 1094 0 119 2 1 51
795 A 506479 503292 920 1025 1036 11 0 0 0 195
796 T 533547 705 530736 875 1037 1 134 1 0 58
797 T 541289 820 538316 929 1038 0 56 0 0 130
798 G 598743 869 874 971 595811 1 0 1 94 122
799 A 594432 590218 834 1690 1289 76 0 1 2 322
800 G 649111 1116 926 1829 645044 1 0 3 82 110
801 A 602461 595395 832 1803 1567 56 0 1 0 2807
802 G 613179 436 402 653 611622 1 0 0 27 38
803 G 653559 356 323 599 652200 0 0 0 45 36
804 G 656390 393 361 626 654830 0 1 0 22 157
805 T 658282 396 655817 789 453 0 45 0 0 782
806 C 662416 435 468 660739 390 0 3 50 0 331
807 A 657297 654939 383 719 689 99 0 1 0 467
808 G 673915 595 543 830 671276 0 1 0 16 654
809 T 672402 627 670232 848 609 0 11 0 0 75
810 T 669649 689 667376 738 682 0 24 0 0 140
811 G 679889 821 558 769 677328 0 0 0 37 376
812 C 668651 541 777 666503 690 0 0 25 0 115
813 T 669497 466 666015 1102 654 0 41 0 0 1219
814 C 679949 1712 1748 674652 1723 0 0 22 0 92
815 A 677885 670788 1893 2359 1999 86 0 0 0 760
816 C 683502 1786 1841 673853 1928 1 1 36 0 4056
817 A 676071 670069 2341 1664 1877 42 0 1 0 77
818 A 681504 675583 2411 1697 1652 34 1 1 1 124
819 A 680886 674674 2213 1546 1991 27 0 0 0 435
820 T 678136 1552 672968 1761 1605 0 38 1 0 211
821 C 671550 1589 1828 664499 1248 0 0 48 0 2338
822 T 669617 1623 664516 1874 1382 1 91 1 0 129
823 T 648344 1920 642174 2211 1841 0 41 0 0 157
824 G 648209 1602 1934 2102 641605 1 2 0 40 923
825 T 620964 1767 614852 2211 1810 2 40 0 0 282
826 C 620994 909 910 618057 658 1 0 44 0 415
827 T 548759 545 544988 951 1065 0 16 0 0 1194
828 G 549200 600 753 1047 543115 0 0 1 27 3657
829 C 540629 1133 1288 536845 1244 0 1 56 0 62
830 C 538001 797 961 534756 1290 0 0 106 1 90
831 C 466933 794 924 464044 1084 0 1 23 1 62
832 G 436624 836 763 877 433952 0 0 2 19 175
833 C 449018 731 782 446687 778 0 0 13 0 27
834 C 447460 832 710 444975 757 0 0 28 0 158
835 T 433068 567 429635 1768 985 0 39 1 0 73
836 G 426920 768 798 1015 424234 2 0 0 45 58
837 T 412644 702 409630 1068 975 1 74 0 0 194
838 G 434940 741 758 660 432576 0 0 0 62 143
839 T 382168 662 379926 670 711 0 73 0 0 126
840 G 416090 730 770 582 413342 0 2 0 134 530
841 T 307695 816 305354 652 761 0 42 0 0 70
842 A 311940 308891 941 562 862 70 0 0 0 614
843 T 308638 934 303339 650 809 0 44 1 1 2860
844 G 304566 870 985 1179 301434 1 1 0 74 22
845 G 328905 901 1176 1232 325062 0 0 0 60 474
846 A 322013 233296 966 1085 2029 43 0 2 0 84592
847 C 324970 755 872 321874 1358 0 0 64 0 47
848 C 320950 870 1076 317528 1385 0 0 61 0 30
849 T 302346 809 298573 1414 1438 1 78 1 1 31
850 G 469989 592 314 365 468420 0 0 0 139 159
851 C 474252 350 476 472998 351 0 0 62 0 15
852 C 470504 381 445 469212 412 0 0 11 0 43
853 G 470369 551 501 719 468536 0 0 1 18 43
854 T 476859 472 474934 830 437 0 131 3 0 52
855 A 487231 485421 335 858 562 26 0 0 1 28
856 G 504598 251 303 335 503663 0 0 0 22 24
857 C 504585 230 249 503897 180 1 1 12 0 15
858 C 519634 171 271 518831 196 0 0 19 1 145
859 A 595756 595347 67 60 111 87 0 0 0 84
860 G 603412 104 42 149 603021 0 0 0 74 22
861 T 603080 78 602703 67 60 0 57 0 0 115
862 G 646075 210 138 94 645501 0 0 0 50 82
863 G 644293 217 148 103 643748 0 0 0 52 25
864 C 650770 143 219 650070 247 0 0 26 0 65
865 T 646662 176 645668 495 253 0 31 0 0 39
866 A 649908 648974 275 164 331 84 0 0 0 80
867 C 644485 224 617 643311 252 0 0 13 0 68
868 G 677918 301 295 311 676892 0 0 0 51 68
869 A 677635 676620 176 252 317 33 0 0 0 237
870 C 682212 198 217 681419 237 0 0 55 0 86
871 T 655580 354 654249 491 453 0 9 0 0 24
872 T 658289 415 656862 516 449 0 21 0 0 26
873 C 656844 416 550 655336 408 0 0 86 1 47
874 G 660116 397 319 417 658907 0 0 0 36 40
875 A 660294 658970 330 352 561 60 0 0 0 21
876 A 660230 659142 309 347 400 13 0 0 0 19
877 A 659025 658036 296 291 365 12 0 0 0 25
878 A 658196 657126 289 325 376 16 0 0 0 64
879 A 652359 650565 297 332 1063 26 0 0 0 76
880 G 655916 367 369 359 654729 0 1 0 34 57
881 A 641267 639914 327 326 613 19 1 0 0 67
882 G 632502 309 364 300 631452 0 0 0 39 38
883 G 627598 253 149 235 626897 0 0 0 35 29
884 G 620757 294 200 230 619925 0 0 0 79 29
885 A 594867 593990 220 175 237 64 0 0 0 181
886 T 588105 405 586690 423 402 0 90 0 0 95
887 A 512594 510551 297 280 479 63 0 0 0 924
888 C 510850 345 352 509700 338 0 0 66 0 49
889 T 449099 536 447208 586 667 1 30 1 1 69
890 C 459291 484 588 457522 629 0 0 14 0 54
891 T 476898 569 474828 637 702 1 102 0 0 59
892 T 469225 715 466617 820 955 0 98 0 0 20
893 T 469430 923 466763 776 839 0 86 0 0 43
894 A 470061 467339 724 820 1008 88 0 1 0 81
895 G 488253 635 598 554 486366 0 0 0 69 31
896 T 465179 643 462690 661 788 0 35 0 0 362
897 G 454164 570 580 603 452320 0 0 0 71 20
898 G 452635 591 647 763 450415 0 0 0 141 78
899 G 416913 577 515 551 415161 1 0 0 51 57
900 A 503548 501002 735 740 882 83 0 0 0 106
901 A 514834 512473 729 750 777 80 0 0 0 25
902 T 515485 715 513261 714 708 0 42 0 2 43
903 A 509075 506485 631 654 1081 180 0 1 2 41
904 G 519170 539 545 755 517241 0 1 0 42 47
905 A 523490 520172 474 814 1157 39 0 0 1 833
906 C 536450 486 520 534314 1058 0 0 26 0 46
907 C 529584 430 528 527948 546 0 0 21 0 111
908 C 580631 497 584 578809 632 1 0 52 1 55
909 T 581038 499 578876 883 721 0 23 0 0 36
910 T 592552 654 589845 821 1089 0 72 0 0 71
911 T 569265 596 566920 747 940 0 17 0 0 45
912 C 571806 593 716 569448 895 0 0 121 0 33
913 A 569941 567720 515 585 1029 21 0 0 0 71
914 A 573409 571228 658 653 796 27 0 0 0 47
915 A 580017 577751 597 811 732 32 1 0 0 93
916 C 580982 348 454 579424 621 0 0 27 0 108
917 T 571282 376 569552 531 694 0 42 0 0 87
918 G 580571 530 412 396 579150 1 0 0 27 55
919 C 585711 457 533 583792 804 0 0 55 1 69
920 T 587143 456 585145 589 900 1 13 0 0 39
921 T 586599 476 584696 551 825 0 12 0 0 39
922 C 592975 399 455 591591 429 1 0 59 0 41
923 A 591290 589807 387 442 538 69 0 0 0 47
924 A 592383 590918 406 326 647 53 0 1 0 32
925 A 592468 590293 486 602 1021 43 0 0 0 23
926 A 592179 589910 530 563 1066 14 0 1 1 94
927 C 596638 504 675 594448 955 0 1 26 0 29
928 A 580255 577981 567 513 1096 25 0 0 0 73
929 G 608953 732 646 572 606881 0 0 0 43 79
930 C 614161 509 715 611849 1016 0 0 34 0 38
931 C 640110 595 746 637645 987 0 0 78 0 59
932 A 634562 631845 762 773 1116 35 0 0 0 31
933 A 636309 633588 655 672 1264 99 0 0 2 29
934 G 723340 816 741 782 720783 0 1 0 82 135
935 T 740217 777 736934 866 1119 0 149 0 0 372
936 A 723936 721144 759 770 1161 46 0 0 0 56
937 T 711337 1158 707336 1092 1575 0 72 1 0 103
938 A 688314 684110 1055 1130 1643 212 0 1 1 162
939 C 672244 968 1709 668029 1400 0 0 57 0 81
940 A 655069 650898 955 1263 1796 51 1 3 0 102
941 G 749790 915 1025 1254 746437 0 0 1 78 80
942 C 761730 825 974 757991 1708 0 0 75 0 157
943 C 671906 1445 1657 666629 2087 0 1 50 0 37
944 T 736638 1783 730073 2101 2388 1 191 1 1 99
945 A 771104 764081 2235 1886 2647 169 0 0 0 86
946 A 776820 773423 1039 870 1352 75 0 0 0 61
947 T 786917 823 783371 1035 1454 0 82 1 1 150
948 C 715147 675 996 712312 1042 0 0 60 0 62
949 A 662490 659516 716 745 1342 53 1 0 2 115
950 G 667590 682 761 629 665431 0 0 0 28 59
951 A 669984 667229 704 715 1028 20 0 0 0 288
952 C 686006 667 798 683249 1175 0 0 77 0 40
953 C 674199 698 971 671240 1198 0 0 32 0 60
954 G 677491 992 979 850 674532 1 0 1 84 52
955 A 690496 687127 1056 869 1360 40 0 0 0 44
956 A 702026 698406 968 892 1600 61 1 0 0 98
957 C 697983 769 1128 694736 1234 0 1 70 0 45
958 G 697748 581 734 505 695823 0 0 0 40 65
959 A 721264 718484 833 699 1054 96 0 0 0 98
960 G 727978 729 759 648 725749 0 0 0 38 55
961 A 740453 737379 775 780 1424 40 0 0 1 54
962 A 767998 764826 874 771 1416 56 0 0 0 55
963 T 766956 726 763832 901 1286 0 42 0 1 168
964 C 767546 1111 1253 763475 1602 1 0 74 0 30
965 C 771084 1071 1209 766871 1833 0 0 49 1 50
966 A 761360 756623 1181 1182 2207 107 0 0 0 60
967 G 781291 1279 1188 1340 777346 0 1 0 49 88
968 C 772958 1181 1481 768735 1488 1 0 42 1 29
969 A 812514 808275 1150 1097 1631 60 0 0 2 299
970 C 847009 870 1172 844083 709 0 1 63 0 111
971 A 824182 820545 1193 1081 1037 87 1 1 1 236
972 C 836829 897 1082 833732 1055 0 0 32 0 31
973 A 831336 829642 440 354 711 120 0 0 1 68
974 A 839462 837640 525 436 724 62 0 2 0 73
975 G 848190 423 473 262 846778 0 0 0 70 184
976 A 799204 798645 111 81 248 60 0 0 0 59
977 G 806446 238 97 104 805840 0 0 0 86 81
978 T 709591 145 708242 178 92 0 94 0 0 840
979 C 740663 434 464 739276 247 0 1 131 0 110
980 A 704307 702817 224 234 884 64 0 0 0 84
981 G 707432 464 336 341 706141 0 0 0 104 46
982 C 707226 1540 2037 701060 2316 0 0 130 0 143
983 T 598391 1353 593751 1383 1792 1 53 1 1 56
984 G 633499 1390 1052 1127 629771 0 0 0 63 96
985 G 641511 1056 1084 956 638328 1 0 0 58 28
986 T 633656 1167 629410 886 1397 0 45 1 0 750
987 G 731176 1031 1272 1268 727366 1 1 0 140 97
988 T 708650 1120 704599 1146 1297 2 165 0 1 320
989 G 708066 1320 1162 1063 704347 0 0 0 109 65
990 G 634654 787 958 951 631902 0 0 0 25 31
991 A 630578 626813 1359 881 1378 55 0 0 1 91
992 T 637855 974 633881 1355 1446 1 62 0 0 136
993 G 622964 1177 1100 1120 619438 0 1 0 68 60
994 G 617905 1610 1271 1020 613918 1 0 0 52 33
995 C 622696 1141 1344 618503 1567 0 0 35 1 105
996 A 628797 624725 1195 1227 1518 47 2 0 1 82
997 T 648906 1134 645030 1433 1206 0 43 0 0 60
998 G 653259 1237 1081 1256 649503 0 0 0 68 114
999 C 664616 1136 1454 660543 1384 0 0 27 0 72
1000 C 661682 752 944 659183 683 0 0 70 0 50
1001 A 656969 654795 799 628 622 16 0 0 0 109
1002 T 658742 743 656561 675 661 0 53 0 0 49
1003 T 639665 859 636612 720 1355 0 69 1 0 49
1004 C 632753 755 883 629527 1446 1 0 65 0 76
1005 T 609821 805 606840 811 1233 0 65 0 1 66
1006 G 612459 694 380 685 610579 0 0 1 24 96
1007 C 628212 475 492 626234 854 0 0 95 0 62
1008 T 570386 433 568093 996 760 0 47 0 0 57
1009 G 576198 721 428 668 574300 0 0 0 46 35
1010 C 541483 463 532 539237 1158 0 0 43 0 50
1011 A 535464 533443 533 513 887 34 0 0 1 53
1012 T 550238 619 547789 831 897 0 56 0 0 46
1013 T 540482 717 538000 710 928 0 52 1 0 74
1014 T 540774 571 538207 813 1087 0 51 1 0 44
1015 G 538402 430 488 551 536872 0 1 0 31 29
1016 A 526539 524781 454 439 758 48 0 0 1 58
1017 A 526683 524869 530 475 734 43 0 0 0 32
1018 G 511468 409 444 568 509975 0 0 0 44 28
1019 A 530602 528890 462 499 589 64 1 0 0 97
1020 T 534003 397 532484 507 533 0 28 0 0 54
1021 C 525701 219 145 524978 303 0 0 38 0 18
1022 T 527050 182 526001 479 297 0 58 0 0 33
1023 A 512884 511836 251 254 358 147 0 1 1 36
1024 A 511526 509568 477 546 831 67 0 0 0 37
1025 G 514915 508 598 455 513273 0 0 0 35 46
1026 A 501904 500019 521 491 786 33 0 0 0 54
1027 G 543597 288 232 244 542667 0 0 0 64 102
1028 T 455297 286 453408 194 262 0 17 0 0 1130
1029 A 450149 449308 261 203 318 26 0 0 0 33
1030 T 441431 328 440121 333 587 0 24 0 0 38
1031 T 438444 302 437071 409 486 0 117 0 1 58
1032 A 451215 449664 456 512 433 92 0 1 0 57
1033 A 408325 406558 455 485 739 32 0 0 0 56
1034 G 396769 459 478 493 395294 0 0 0 26 19
1035 C 398298 373 463 396620 716 0 0 56 0 70
1036 T 340427 247 339345 313 478 0 12 0 1 31
1037 T 399932 359 398457 402 558 0 84 0 0 72
1038 C 405652 353 378 404329 522 0 0 38 1 31
1039 A 416918 415798 281 295 484 27 0 0 0 33
1040 T 417401 289 416261 325 462 0 19 0 0 45
1041 C 411365 289 311 410282 381 0 0 68 0 34
1042 A 411427 410064 327 351 587 53 0 0 0 45
1043 G 403655 301 318 302 402654 1 0 1 41 37
1044 A 405226 403872 339 365 571 40 0 0 0 39
1045 G 403056 248 314 317 402108 0 0 0 28 41
1046 G 426986 281 305 297 426029 0 0 0 38 36
1047 G 512526 423 357 388 511166 0 0 0 77 115
1048 A 515479 513443 447 533 660 67 0 0 0 329
1049 C 522888 345 495 521308 660 0 1 42 0 37
1050 C 512441 374 398 511008 560 0 0 70 1 30
1051 A 519634 518459 278 347 429 81 0 0 0 40
1052 A 553881 552749 357 261 414 50 0 0 0 50
1053 A 551967 550637 340 318 612 23 0 0 0 37
1054 G 560680 343 324 319 559640 0 0 0 9 45
1055 T 551122 371 549581 378 374 0 25 0 0 393
1056 A 553690 552459 350 302 412 72 0 0 0 95
1057 T 560195 222 559379 294 112 0 58 0 0 130
1058 C 563939 144 271 563289 154 0 0 52 0 29
1059 C 560835 165 237 560204 176 0 0 19 0 34
1060 C 554675 562 655 552606 718 1 0 72 0 61
1061 C 528343 665 567 526404 645 1 0 31 0 30
1062 A 526823 524954 583 544 621 74 0 1 0 46
1063 A 519287 518848 86 38 269 21 0 0 0 25
1064 G 526171 106 169 31 525791 0 1 0 23 50
1065 G 514368 58 90 48 514110 0 0 0 25 37
1066 G 510297 186 159 115 509728 0 0 0 45 64
1067 G 477938 170 171 119 477397 0 0 0 46 35
1068 G 458538 261 145 105 457977 0 0 0 37 13
1069 A 455227 454382 194 188 398 35 0 0 0 30
1070 A 468695 467991 192 194 231 61 0 0 0 26
1071 A 471422 470522 193 256 315 48 0 0 0 88
1072 C 482892 335 317 481767 373 0 0 60 1 39
1073 T 462149 256 461017 425 405 0 16 0 1 29
1074 T 463475 268 462504 267 366 0 42 0 0 28
1075 T 474626 322 473283 399 456 0 65 0 0 101
1076 C 444568 339 300 443555 265 0 0 57 0 52
1077 C 471287 324 281 470286 314 0 0 33 0 49
1078 A 517181 515552 376 378 609 60 0 0 0 206
1079 C 530663 375 458 529239 520 0 0 47 0 24
1080 T 531614 412 530187 405 514 0 47 0 0 49
1081 A 513956 511278 845 702 956 124 2 0 1 48
1082 G 521164 675 787 687 518939 0 0 0 27 49
1083 A 524051 521496 842 631 963 62 0 1 1 55
1084 G 528976 349 370 376 527796 0 1 0 46 38
1085 G 552837 300 386 480 551517 0 0 0 78 76
1086 A 475508 473889 348 380 750 57 0 0 0 84
1087 G 536438 344 355 298 535312 0 0 0 48 81
1088 T 529895 348 527478 452 452 0 41 0 0 1124
1089 A 531615 530097 451 252 613 51 0 0 1 150
1090 C 538962 493 534 537204 640 0 0 40 0 51
1091 A 517256 515436 567 446 676 107 0 1 0 23
1092 A 517225 515524 541 410 684 35 0 0 0 31
1093 A 566517 564770 491 435 651 91 0 1 0 78
1094 T 554146 423 552433 449 673 0 88 0 0 80
1095 T 528493 378 526911 436 570 0 80 1 1 116
1096 G 467821 410 361 352 466653 0 0 0 20 25
1097 C 459515 302 397 458335 436 0 0 12 0 33
1098 T 458824 281 457687 399 417 0 16 0 0 24
1099 T 458361 394 456782 490 634 0 21 0 0 40
1100 C 456919 433 478 455307 628 0 0 40 0 33
1101 A 450792 449281 427 394 613 41 0 0 0 36
1102 A 458717 457462 332 419 438 31 0 0 0 35
1103 A 462039 460705 402 373 498 37 0 0 0 24
1104 T 465028 361 463676 450 476 0 27 0 0 38
1105 G 461769 349 412 336 460619 0 0 0 28 25
1106 A 457667 456363 412 339 477 34 0 0 0 42
1107 A 463692 462339 442 371 475 38 0 0 0 27
1108 A 465420 464434 317 294 314 38 0 0 0 23
1109 A 467762 466652 317 254 440 21 1 0 0 77
1110 C 488861 204 320 487877 356 0 0 67 0 37
1111 A 484923 483676 373 339 467 36 0 0 0 32
1112 T 506042 441 504418 459 584 0 59 0 0 81
1113 G 490683 463 428 394 489325 0 0 0 32 41
1114 G 488000 322 338 310 486954 0 1 0 57 18
1115 A 502003 500747 344 339 455 18 0 0 0 100
1116 T 496930 320 495705 372 411 0 26 0 0 96
1117 G 502103 488 417 377 500768 0 0 0 26 27
1118 C 573822 381 555 572057 630 0 0 86 1 112
1119 T 552982 531 551245 658 447 0 63 0 0 38
1120 A 554794 552973 418 492 786 40 0 0 0 85
1121 T 533109 370 531476 568 641 0 26 0 1 27
1122 G 545645 372 452 547 544070 0 0 0 154 50
1123 G 549341 461 366 469 547952 0 0 0 39 54
1124 A 519892 518292 493 463 536 63 0 0 0 45
1125 A 522535 520894 283 423 787 73 0 0 0 75
1126 T 469508 497 467636 489 738 1 58 0 0 89
1127 C 442227 512 501 440216 872 0 0 82 1 43
1128 A 436898 434889 588 410 935 39 0 0 0 37
1129 A 433257 431400 495 644 650 48 0 0 0 20
1130 G 437900 477 482 522 436335 0 0 0 50 34
1131 T 416031 454 414142 540 642 0 39 0 0 214
1132 A 409445 407025 300 364 647 46 0 0 0 1063
1133 C 446376 322 342 445014 606 0 1 49 0 42
1134 T 426818 321 425558 399 469 0 39 0 0 32
1135 C 441181 399 497 439649 515 0 1 67 0 53
1136 T 394436 251 393249 420 477 0 16 0 0 23
1137 T 396753 299 395441 402 470 0 99 0 0 42
1138 G 401225 354 364 270 400204 0 0 0 10 23
1139 A 414180 412793 375 381 556 30 1 0 0 44
1140 A 417565 416206 357 370 560 14 0 0 0 58
1141 C 420285 307 326 419168 393 0 0 38 0 53
1142 T 405053 298 403801 459 445 0 28 1 0 21
1143 G 419180 362 325 336 418102 0 0 0 30 25
1144 A 428291 426269 567 529 833 43 0 0 0 50
1145 G 435963 582 654 546 434115 0 1 1 37 27
1146 A 434741 432727 554 634 746 17 0 0 0 63
1147 A 488074 485353 811 583 1150 59 1 1 1 115
1148 G 497299 825 778 774 494850 0 0 1 41 30
1149 C 536325 799 1157 532912 1313 0 0 79 0 65
1150 A 532600 529042 956 783 1710 67 0 0 1 41
1151 G 537185 787 982 676 534592 0 0 0 99 49
1152 G 619272 914 863 775 616546 1 1 0 86 86
1153 T 618021 965 614328 857 1103 0 33 0 0 735
1154 A 622906 619673 922 864 1238 27 0 0 0 182
1155 C 641428 871 922 638218 1269 1 0 67 0 80
1156 T 603981 945 600456 1106 1261 0 164 0 0 49
1157 G 620301 900 815 826 617665 0 2 1 37 55
1158 G 630690 738 666 859 628294 0 1 0 61 71
1159 G 616313 703 313 810 614427 0 0 0 10 50
1160 C 656540 628 662 654003 1031 0 0 71 0 145
1161 C 595011 709 743 592636 821 0 0 62 0 40
1162 A 613261 609784 1142 1108 1063 76 1 2 0 85
1163 T 614009 1163 610626 919 1207 0 51 1 0 42
1164 A 607712 604378 1113 536 1644 22 0 0 0 19
1165 A 625839 622239 1111 830 1564 55 0 1 0 39
1166 G 616190 1069 1373 844 612715 1 1 2 96 89
1167 A 590496 587717 1222 739 725 27 0 0 0 66
1168 A 588308 584306 1247 1102 1327 34 0 1 0 291
1169 C 587975 1018 1224 584411 1283 0 0 18 1 20
1170 C 616661 1215 1334 612590 1385 1 0 93 0 43
1171 A 598350 593303 1691 1349 1870 93 1 0 0 43
1172 G 612284 1300 1666 1304 607884 0 1 0 71 58
1173 A 612698 608337 953 1440 1890 24 1 1 0 52
1174 A 604326 600730 1134 1128 1237 49 0 1 1 46
1175 G 620022 1117 899 1100 616808 0 1 1 55 41
1176 T 585313 1063 581114 1119 1158 0 49 0 0 810
1177 G 588575 521 481 424 587076 0 0 0 48 25
1178 G 599798 494 456 440 598344 0 0 0 39 25
1179 A 598986 596919 401 510 1021 42 1 0 0 92
1180 G 609324 603 691 486 607457 0 1 0 53 33
1181 G 611304 632 609 580 609335 0 1 0 76 71
1182 A 580271 578253 643 493 781 48 0 0 1 52
1183 A 580110 576216 1076 1140 1575 65 2 0 0 36
1184 A 581644 577839 1111 970 1556 42 3 1 1 121
1185 C 594896 979 1279 591179 1389 0 0 38 0 32
1186 A 594081 588951 1449 1437 1793 33 0 0 0 418
1187 C 629381 1292 1435 624773 1773 0 0 49 0 59
1188 T 612793 1358 608021 1423 1872 0 69 0 0 50
1189 A 655187 651467 1131 976 1447 62 0 2 0 102
1190 A 688046 684016 1249 977 1650 93 1 1 0 59
1191 T 685898 1100 681757 1058 1676 1 161 0 1 144
1192 C 694293 1200 1205 690288 1481 0 0 66 0 53
1193 A 669337 665183 879 1348 1730 137 0 2 2 56
1194 A 676501 672629 1391 1306 1038 42 0 1 0 94
1195 C 687910 1067 1248 683550 1833 1 0 109 1 101
1196 A 602042 597558 1185 1240 1970 44 0 1 0 44
1197 G 596855 915 1159 1120 593559 0 0 0 51 51
1198 A 546226 543511 621 669 1331 47 0 0 1 46
1199 G 556575 633 704 614 554517 0 0 0 65 42
1200 G 587448 536 560 699 585412 1 0 0 92 148
1201 G 525695 471 425 595 524137 0 0 0 25 42
1202 C 533750 387 584 531857 823 0 0 32 0 67
1203 C 540626 484 537 538663 876 0 1 34 0 31
1204 T 536065 598 533095 934 1294 0 85 0 0 59
1205 C 562178 611 630 559554 1281 0 0 53 0 49
1206 T 548919 600 546062 1071 1069 0 48 1 0 68
1207 G 551284 789 959 859 548581 0 0 0 46 50
1208 C 547039 740 1114 543961 1141 0 0 26 1 56
1209 A 524775 521621 611 920 1491 61 1 0 2 68
1210 G 559765 606 877 470 557707 0 0 0 42 63
1211 G 559692 627 813 725 557451 0 0 1 23 52
1212 T 563963 592 560640 993 1133 0 33 1 0 571
1213 C 564404 637 434 562771 459 0 0 36 0 67
1214 A 546778 544860 668 856 243 102 0 1 0 48
1215 A 578083 575993 711 619 622 73 0 1 0 64
1216 A 565543 564664 298 261 239 44 1 0 0 36
1217 T 568846 283 567950 352 170 0 31 0 0 60
1218 C 565894 233 311 564967 233 0 0 50 0 100
1219 A 526098 525183 190 162 455 41 0 1 0 66
1220 G 558029 167 248 142 557375 0 0 0 45 52
1221 T 540640 187 539768 247 160 0 35 0 0 243
1222 G 544194 177 165 112 543677 0 0 0 15 48
1223 T 537869 174 536926 221 240 0 49 0 0 259
1224 G 522572 444 162 114 521757 0 0 0 64 31
1225 C 534686 754 1533 530872 1364 0 0 101 0 62
1226 A 527066 523720 979 980 1284 46 0 1 0 56
1227 A 534699 531174 902 972 1374 39 1 0 0 237
1228 C 535580 457 741 533194 1067 0 1 36 0 84
1229 C 534416 629 642 532090 952 0 0 49 0 54
1230 T 484868 606 481969 1004 1175 0 34 0 0 80
1231 G 501961 1000 551 596 499719 0 1 0 55 39
1232 C 541209 619 765 538592 1085 0 1 90 3 54
1233 A 529931 527580 633 705 879 72 1 1 1 59
1234 T 538925 761 535876 527 1593 0 87 0 0 81
1235 T 534894 588 531861 767 1530 1 99 0 2 46
1236 T 505321 657 502618 611 1376 0 36 0 0 23
1237 T 508053 903 504584 833 1640 0 34 0 0 59
1238 C 476441 857 1029 473163 1302 0 1 58 1 30
1239 T 443192 939 439905 937 1303 0 29 0 1 78
1240 G 474443 746 653 718 472212 0 0 0 53 61
1241 T 460125 687 457297 715 1310 0 16 0 0 100
1242 G 473041 702 755 689 470826 0 1 0 31 37
1243 C 479648 503 740 477155 1166 0 0 32 0 52
1244 A 471880 469063 798 717 1181 82 0 0 0 39
1245 A 481165 478422 893 558 1231 36 0 0 0 25
1246 A 478783 475906 801 692 1337 16 1 0 0 30
1247 G 493555 749 818 695 491182 0 2 0 57 52
1248 A 486669 483967 848 606 1146 52 2 1 0 47
1249 A 442808 441111 528 404 692 33 0 0 0 40
1250 A 461763 459077 523 526 749 48 0 0 0 840
1251 C 466666 469 521 464915 663 1 1 57 0 39
1252 C 490442 537 678 488197 916 0 1 86 1 26
1253 T 491678 518 489165 825 1005 0 71 1 1 92
1254 C 489603 466 585 487601 893 0 0 37 1 20
1255 C 515598 846 885 512426 1305 2 1 88 0 45
1256 C 504740 970 915 501533 1272 0 0 28 2 20
1257 A 510498 507335 1006 758 1307 66 0 0 1 25
1258 T 513355 944 509386 1054 1827 0 77 1 0 66
1259 T 487039 893 483636 956 1438 1 63 0 2 50
1260 T 491791 858 488003 1170 1667 1 25 0 0 67
1261 G 490373 699 805 642 488178 0 0 0 13 36
1262 A 499947 497140 797 862 989 45 1 1 0 112
1263 C 498867 713 839 496397 828 0 0 56 1 33
1264 A 476482 473928 698 629 1145 46 1 0 0 35
1265 A 492429 489875 762 587 1128 40 0 0 1 36
1266 A 496871 494348 815 578 958 33 0 0 0 139
1267 C 521685 811 838 518312 1623 2 0 63 0 36
1268 C 516834 898 908 513045 1845 0 0 72 1 65
1269 A 478128 474809 935 853 1433 36 0 1 1 60
1270 A 497348 493357 974 1095 1631 45 0 0 0 246
1271 C 496480 836 1129 492962 1437 2 0 72 1 41
1272 C 528288 932 1189 524579 1502 1 0 32 0 53
1273 A 523676 520490 1010 843 1262 38 0 0 0 33
1274 T 527224 916 524019 932 1169 0 53 0 2 133
1275 C 527575 778 940 524373 1360 1 0 89 0 34
1276 A 507756 504665 873 966 1105 92 1 0 0 54
1277 T 517526 788 514574 938 1115 0 48 0 0 63
1278 G 495235 673 755 814 492887 0 1 0 72 33
1279 G 492606 726 663 761 490357 1 0 0 41 57
1280 C 458851 605 713 456436 1000 1 0 33 0 63
1281 A 437037 434568 640 672 1082 23 0 0 1 51
1282 G 449898 777 635 678 447738 0 0 0 28 42
1283 C 441425 580 772 438945 1053 0 0 31 0 44
1284 A 437233 434856 658 666 1001 10 0 1 0 41
1285 T 439323 817 436428 837 1183 0 29 0 0 29
1286 T 429893 835 426950 758 1304 0 22 0 0 24
1287 C 435175 865 978 431981 1263 1 0 45 0 42
1288 A 429351 427272 625 409 793 46 0 0 0 206
1289 C 409062 467 541 407357 620 0 0 39 0 38
1290 T 411719 462 409741 731 699 0 41 0 0 45
1291 G 447850 678 780 871 445412 1 0 1 57 50
1292 G 458778 1112 567 504 456475 1 0 0 60 59
1293 G 470842 631 688 1048 468400 0 0 2 46 27
1294 A 461147 457432 959 1071 1550 58 1 1 1 74
1295 A 473962 470192 1152 967 1531 67 0 2 1 50
1296 T 452418 867 449152 1008 1264 1 72 0 1 53
1297 A 488670 485939 779 779 938 72 0 0 0 163
1298 C 526936 756 1075 523857 1137 1 0 73 0 37
1299 A 509732 506516 774 822 1471 83 0 0 0 66
1300 G 515679 892 840 756 513112 1 0 0 45 33
1301 A 496589 492814 832 911 1875 51 0 0 1 105
1302 G 533763 875 758 704 531336 0 0 0 51 39
1303 G 523715 626 661 665 521698 0 0 0 31 34
1304 G 525360 730 693 595 523268 0 0 0 44 30
1305 A 524523 521274 710 661 1802 25 0 0 0 51
1306 A 516419 512295 984 873 2158 70 1 1 1 36
1307 G 526996 1056 1136 828 523865 0 0 0 32 79
1308 A 524725 520777 1005 865 1997 39 0 0 0 42
1309 A 536347 532586 987 872 1778 32 0 0 1 91
1310 C 570803 1093 992 566715 1845 1 0 62 0 95
1311 A 548356 544569 957 737 2015 46 0 0 0 32
1312 T 556627 721 553522 753 1514 0 36 0 0 81
1313 C 542752 762 806 539641 1469 0 1 42 1 30
1314 A 536263 532942 683 661 1819 75 0 1 0 82
1315 G 543515 464 516 379 542040 0 0 0 58 58
1316 A 526517 524406 432 467 988 63 0 1 0 160
1317 C 532021 438 440 530202 873 0 1 29 0 38
1318 A 522656 520062 633 661 1203 37 0 0 0 60
1319 T 500796 648 498284 731 1076 0 24 0 0 33
1320 G 509522 682 633 681 507420 0 0 0 49 57
1321 A 489954 488649 283 211 714 47 0 1 0 49
1322 G 497443 347 334 218 496456 1 0 0 47 40
1323 G 502050 237 258 201 501253 0 0 0 45 56
1324 G 494225 659 534 542 492442 0 0 1 23 24
1325 C 494375 521 688 492124 956 0 0 24 0 62
1326 A 486380 484109 653 539 1018 25 1 0 0 35
1327 G 498751 504 492 366 497315 2 0 0 34 38
1328 A 499613 497744 503 389 911 26 0 0 0 40
1329 A 506763 504863 505 422 908 27 1 0 0 37
1330 A 524777 521071 1072 795 1764 27 0 0 1 47
1331 T 533167 925 529524 783 1800 0 47 1 1 86
1332 T 559712 1016 555734 891 1985 0 57 0 0 29
1333 A 565918 561533 1414 955 1900 64 0 0 0 52
1334 T 560613 1378 556259 1087 1794 1 65 2 1 26
1335 A 560558 556056 1237 1063 2054 101 0 0 0 47
1336 A 541906 535325 1875 1814 2834 33 0 0 0 25
1337 G 572553 1580 2057 1716 567073 0 0 2 65 60
1338 G 577365 1458 1678 1597 572483 2 0 0 66 81
1339 A 595658 591027 1207 1117 2017 105 0 0 0 185
1340 T 512719 930 508733 1024 1910 0 61 0 1 60
1341 G 513987 857 1113 1003 510857 0 1 0 81 75
1342 A 502910 500744 605 471 938 94 0 0 1 57
1343 T 507481 535 505438 555 872 0 40 2 0 39
1344 G 498931 619 559 425 497276 0 0 0 26 26
1345 G 507340 501 463 420 505831 0 1 0 70 54
1346 A 476581 474822 427 391 843 29 0 0 0 69
1347 A 487644 485764 374 533 842 58 0 0 0 73
1348 G 496093 624 448 419 494508 0 0 0 56 38
1349 G 564681 473 437 429 563189 0 0 0 88 65
1350 T 548418 416 545597 474 953 0 38 0 0 940
1351 G 537131 1215 673 512 534643 0 0 0 16 72
1352 C 536961 478 1253 534005 1161 0 0 27 1 36
1353 A 527839 525343 562 739 1103 73 0 0 1 18
1354 A 528513 526736 436 568 699 49 0 0 0 25
1355 A 536159 534305 449 580 755 45 0 0 0 25
1356 A 553057 550907 472 687 782 38 0 0 0 171
1357 C 561941 289 330 560768 442 0 0 54 0 58
1358 C 543786 300 314 542619 482 0 0 32 0 39
1359 A 522187 520907 351 314 548 20 0 0 0 47
1360 G 544874 370 401 326 543681 0 0 0 50 46
1361 A 540502 539086 384 327 657 18 0 0 0 30
1362 A 564666 563105 484 410 555 68 0 0 0 44
1363 G 585668 1344 1573 1117 581514 0 0 2 60 58
1364 A 585581 580891 1601 1182 1754 88 0 1 1 63
1365 A 580298 575831 1460 1185 1766 23 0 0 0 33
1366 A 588430 584951 1333 925 1108 26 0 0 0 87
1367 T 592608 1098 589172 969 1253 0 51 0 0 65
1368 G 602787 976 1200 797 599739 0 0 0 21 54
1369 T 589914 1311 585757 1409 1346 0 29 0 1 61
1370 C 602874 1485 1477 598301 1522 1 0 41 0 47
1371 C 596527 1416 1552 592143 1326 1 0 38 0 51
1372 T 618154 1254 613652 928 2179 0 75 0 0 66
1373 T 624102 1145 619514 1122 2233 1 32 0 0 55
1374 C 629581 1365 1345 624833 1944 0 0 68 1 25
1375 C 625998 1094 708 622163 1961 0 0 34 0 38
1376 A 622908 617264 1404 1202 2877 113 0 0 1 47
1377 G 625972 944 1338 1029 622584 0 1 1 46 29
1378 G 629857 788 1031 941 626970 0 0 0 77 50
1379 G 629881 978 1188 834 626756 0 1 0 75 49
1380 G 598449 869 878 1062 595566 0 0 0 29 45
1381 C 561024 668 1036 557179 2034 0 0 43 0 64
1382 G 556838 974 942 1451 553428 0 0 1 21 21
1383 G 575955 934 1003 992 572886 0 0 0 82 58
1384 G 576041 959 1313 1748 571926 0 0 0 45 50
1385 G 584782 1372 1291 1767 580146 1 0 1 88 116
1386 A 547611 529963 1324 1478 2433 69 0 0 3 12341
1387 G 550588 1067 1234 1341 546760 1 1 1 56 127
1388 T 531892 933 516582 1276 1558 0 34 0 1 11508
1389 C 542696 1164 1172 538679 1427 0 0 52 0 202
1390 T 526310 1727 520736 1201 2452 0 12 0 0 182
1391 T 526746 1739 521274 1709 1888 1 86 1 0 48
1392 C 528544 1319 2187 522065 2314 0 0 31 2 626
1393 G 607866 1882 2384 1312 601611 1 2 0 106 568
1394 A 600414 594109 1796 1492 2169 52 2 0 0 794
1395 G 612564 1362 1762 1355 607859 0 1 0 55 170
1396 C 572396 1243 1861 567045 1979 0 0 43 0 225
1397 T 559291 1446 554233 1253 1886 0 49 0 0 424
1398 C 541299 1306 1469 536645 1769 0 0 36 0 74
1399 T 537831 1116 534827 964 781 0 39 0 0 104
1400 C 542569 1029 1377 538713 1359 0 1 29 1 60
1401 G 545217 866 968 774 542496 0 1 0 30 82
1402 G 588403 928 1118 472 585739 0 0 0 82 64
1403 A 631044 626071 986 983 1945 56 0 1 0 1002
1404 C 650196 1069 1457 645934 1511 0 0 82 1 142
1405 G 670509 2016 2106 1628 664606 0 1 0 68 84
1406 A 708273 701913 2333 1678 2084 134 3 0 0 128
1407 A 701278 695153 2315 1989 1753 25 0 0 0 43
1408 A 705841 699080 1803 1934 2911 63 0 0 0 50
1409 G 710741 1759 2118 1801 704530 0 1 1 27 504
1410 G 712684 1595 1716 1720 707471 0 2 1 109 70
1411 G 681926 1456 1334 1866 677164 0 0 0 46 60
1412 C 677310 1159 1761 672003 2109 0 2 57 1 218
1413 A 664818 658884 1418 1373 2973 52 0 0 1 117
1414 G 674756 654 545 340 673089 0 0 0 35 93
1415 C 655200 341 1124 653404 248 0 0 33 0 50
1416 G 697110 663 510 815 694935 1 0 0 78 108
1417 A 696191 694396 420 680 605 34 0 0 0 56
1418 A 696574 694723 343 495 647 60 0 0 1 305
1419 C 692062 443 508 690402 599 0 0 33 0 77
1420 C 685453 456 547 683371 945 0 1 88 2 43
1421 C 653191 498 525 651092 1028 0 0 32 0 16
1422 G 649213 632 463 466 647549 0 0 0 40 63
1423 A 649081 645841 949 569 1606 30 1 0 0 85
1424 T 649425 1070 646073 591 1553 0 25 0 1 112
1425 C 625580 1097 1292 621639 1441 0 0 51 1 59
1426 G 611280 1120 992 811 608256 0 0 0 63 38
1427 T 588818 764 585184 909 1637 0 73 0 0 251
1428 G 560982 1003 681 661 558534 0 0 0 39 64
1429 C 558286 668 736 556002 779 0 0 46 2 53
1430 C 557732 716 750 555427 746 0 0 43 0 50
1431 C 554977 611 915 552636 713 0 0 34 0 68
1432 T 533174 613 530543 796 1157 0 25 0 0 40
1433 C 569224 683 790 566565 1063 1 0 41 1 80
1434 T 558802 653 555871 1185 1019 0 48 1 0 25
1435 T 622593 635 619985 608 1136 0 125 0 1 103
1436 T 553304 584 551314 480 836 0 71 0 0 19
1437 T 557078 642 554562 642 986 0 165 1 3 77
1438 G 546872 508 346 331 545610 0 0 0 27 50
1439 A 541095 539381 353 485 740 39 0 0 0 97
1440 C 556423 436 418 554937 565 0 0 39 0 28
1441 A 550725 548310 741 557 971 65 0 0 0 81
1442 T 470533 604 468355 649 837 1 53 2 1 31
1443 G 579863 639 699 548 577745 0 0 0 116 116
1444 A 571439 568465 614 371 1851 69 0 0 1 68
1445 G 640852 550 617 481 639070 0 0 0 55 79
1446 T 644676 553 641596 562 1428 0 37 0 0 500
1447 A 623312 622125 283 214 492 165 0 0 0 33
1448 A 631307 630203 318 188 533 23 0 1 0 41
1449 T 630630 293 629466 281 439 0 107 0 0 44
1450 G 630993 330 345 297 629943 0 0 1 40 37
1451 A 594912 593635 275 293 573 43 0 0 0 93
1452 A 546627 545427 310 277 528 35 0 0 0 50
1453 G 544798 305 458 292 543633 0 0 0 70 40
1454 G 499814 356 410 274 498669 0 0 0 29 76
1455 A 496540 495352 333 245 535 13 0 0 0 62
1456 T 505838 214 504761 310 436 0 52 0 0 65
1457 C 501524 255 296 500547 368 0 1 28 0 29
1458 T 493072 302 492034 311 348 0 57 0 0 20
1459 T 496851 272 495886 265 360 1 37 0 0 30
1460 A 497267 496270 342 163 395 64 0 0 0 33
1461 T 496223 245 495359 215 366 0 12 0 0 26
1462 T 493196 294 492177 284 340 0 17 0 0 84
1463 T 489303 381 488287 233 350 0 25 0 0 27
1464 C 487849 356 340 486739 348 0 0 18 0 48
1465 T 469953 223 469055 268 360 0 26 0 0 21
1466 T 468062 214 467195 225 355 0 48 0 0 25
1467 C 467610 256 260 466667 360 0 0 36 0 31
1468 G 464629 350 316 267 463615 0 0 0 62 19
1469 G 468390 274 424 268 467375 0 0 0 28 21
1470 A 470111 468877 332 274 525 31 0 0 0 72
1471 G 480393 347 435 260 479284 0 0 1 34 32
1472 A 480553 479023 479 283 602 33 1 0 0 132
1473 C 491492 407 480 490011 512 1 0 32 0 49
1474 A 480724 479800 301 242 297 37 0 0 0 47
1475 A 532482 531369 288 179 491 39 0 0 0 116
1476 T 549972 333 548858 294 400 0 35 0 0 52
1477 G 593876 618 370 406 592311 1 1 0 87 82
1478 C 610759 471 761 608733 680 0 0 63 0 51
1479 A 590390 588257 551 398 895 217 1 1 0 70
1480 G 596731 536 738 729 594608 0 0 0 81 39
1481 A 620692 617404 745 709 1562 158 0 0 0 114
1482 G 535814 640 576 543 533974 0 0 0 47 34
1483 G 565572 536 471 591 563811 0 0 1 60 102
1484 A 478813 476487 432 505 1291 37 1 0 1 59
1485 G 489111 537 454 503 487538 0 0 0 28 51
1486 T 470452 453 467969 511 711 1 63 0 0 744
1487 A 464418 462437 396 379 1047 85 0 0 0 74
1488 C 466148 377 596 464385 729 0 0 23 0 38
1489 G 446490 876 830 749 443977 1 0 0 31 26
1490 A 446730 443230 814 809 1732 36 1 0 2 106
1491 C 434834 699 729 431758 1505 1 0 60 1 81
1492 A 359900 350296 2734 2725 4113 15 0 0 1 16
1493 A 360120 350554 2851 2496 4160 24 1 1 0 33
1494 T 337711 2399 330046 1805 3415 0 25 2 0 19