# amino-acid counts among definitively called codons
# POSITION TOTAL_COUNTS WT N_A N_C N_D N_E N_F N_G N_H N_I N_K N_L N_M N_N N_P N_Q N_R N_S N_T N_V N_W N_Y N_STOP
1 309295 M 0 0 0 0 0 0 0 59 12 14 309148 6 0 0 4 0 31 21 0 0 0
2 312191 K 0 0 0 39 0 0 0 0 312051 0 23 20 0 3 26 0 6 0 0 0 23
3 322945 A 322768 0 0 43 0 10 1 0 0 0 0 0 12 0 0 35 38 38 0 0 0
4 337412 K 0 0 0 28 0 0 0 6 337300 0 0 34 0 3 25 0 2 0 0 0 14
5 351627 L 0 0 0 0 0 0 0 11 0 351555 0 0 40 9 3 1 0 6 0 2 0
6 390024 L 0 0 0 0 0 0 0 1 0 389928 17 0 39 28 3 1 1 5 1 0 0
7 468385 V 77 0 34 1 28 8 0 46 0 14 0 0 0 1 0 4 0 468172 0 0 0
8 591436 L 1 4 0 0 0 0 0 0 0 591109 74 0 184 26 21 3 0 14 0 0 0
9 762078 L 0 0 0 2 46 1 0 43 0 761869 1 0 0 1 1 66 0 31 0 6 11
10 691260 Y 0 64 1 0 49 0 61 2 2 2 6 42 0 0 0 4 2 0 0 690973 52
11 614964 A 614620 1 0 65 0 14 1 0 0 2 0 1 12 0 2 96 77 73 0 0 0
12 627550 F 1 1 0 0 627254 0 1 54 0 83 0 0 0 1 0 126 0 2 0 27 0
13 626720 V 78 0 0 55 0 6 0 42 0 43 0 0 0 0 0 0 1 626494 0 0 1
14 620813 A 620581 0 72 0 0 14 0 0 0 0 0 0 12 0 0 78 22 34 0 0 0
15 623845 T 71 0 0 0 0 0 0 57 34 0 0 0 4 0 18 48 623613 0 0 0 0
16 626864 D 1 1 626586 34 0 45 6 0 0 0 0 113 0 0 0 0 0 35 0 43 0
17 631828 A 631454 0 2 71 0 25 0 0 0 1 0 0 16 0 0 75 88 96 0 0 0
18 634380 D 7 0 634090 62 0 50 19 0 0 0 0 35 0 0 0 2 2 50 0 63 0
19 610996 T 64 0 0 0 0 0 0 65 29 1 0 3 6 3 15 70 610739 0 0 0 1
20 739631 I 0 0 1 1 0 0 0 739368 43 37 59 0 0 6 3 1 51 58 0 2 1
21 767610 C 0 767269 1 0 41 4 1 1 0 2 0 0 0 1 65 64 1 5 5 85 65
22 775862 I 0 2 0 0 0 0 0 775389 60 54 132 0 0 0 8 0 101 116 0 0 0
23 654892 G 20 91 51 0 0 654586 0 0 0 1 0 0 1 0 13 47 0 82 0 0 0
24 630678 Y 0 79 3 0 47 1 65 0 0 2 0 10 0 1 0 7 0 0 0 630408 55
25 634558 H 0 0 21 0 0 0 634245 0 0 34 1 83 5 31 70 1 0 1 0 66 0
26 634854 A 634526 0 0 74 0 38 0 0 0 0 0 0 17 0 1 51 57 90 0 0 0
27 685744 N 0 1 72 0 0 0 3 41 36 0 0 685469 0 0 0 69 4 0 0 49 0
28 694142 N 0 0 76 0 0 0 3 31 17 0 0 693933 0 1 0 51 2 0 0 28 0
29 705982 S 4 0 0 0 0 0 0 0 0 78 0 0 98 0 1 705616 70 0 0 0 115
30 709319 T 62 0 0 0 0 0 0 51 0 0 1 35 2 0 0 51 709117 0 0 0 0
31 716860 D 9 0 716356 63 0 65 28 0 0 0 0 167 0 0 0 1 0 61 0 110 0
32 681595 T 64 0 0 0 0 0 2 42 0 0 1 21 1 2 0 50 681411 1 0 0 0
33 892949 V 82 8 79 0 51 6 0 102 0 23 0 0 0 0 1 1 1 892595 0 0 0
34 865610 D 8 0 865118 61 0 100 29 0 0 4 0 97 0 0 0 1 8 81 0 101 2
35 639494 T 83 0 1 0 0 0 0 65 27 0 0 0 4 1 8 89 639216 0 0 0 0
36 635037 I 0 2 0 1 0 0 0 634811 32 35 46 0 0 2 0 0 52 54 0 2 0
37 562676 L 0 0 0 0 25 0 36 25 0 562505 0 0 69 1 2 0 1 12 0 0 0
38 565001 E 7 0 33 564699 0 64 0 0 83 0 0 0 0 5 4 0 1 41 0 0 64
39 551064 K 0 0 0 55 0 0 0 0 550857 0 34 37 0 2 58 0 1 0 0 0 20
40 553251 N 0 0 46 0 0 0 1 24 27 0 0 553062 0 0 1 59 1 0 0 30 0
41 546691 V 64 0 0 66 0 6 0 0 0 31 61 0 0 0 0 0 0 546461 1 0 1
42 563615 A 561820 0 0 103 0 23 0 0 0 0 0 0 16 2 0 1479 44 128 0 0 0
43 565049 V 54 3 1 42 0 3 1 0 0 1573 36 0 0 1 2 0 0 563333 0 0 0
44 551174 T 75 0 0 2 0 0 0 70 21 1 0 0 1597 0 22 56 549329 1 0 0 0
45 552493 H 0 0 6 0 0 1 552309 0 0 37 0 20 4 17 42 2 3 0 0 52 0
46 496980 S 28 17 0 0 21 0 0 1 0 1 0 0 36 0 0 496805 32 0 0 39 0
47 570277 V 50 7 41 0 20 2 0 56 0 16 0 0 0 0 0 0 0 570085 0 0 0
48 470172 N 0 0 54 0 0 0 0 35 27 1 0 469987 0 0 0 34 9 0 0 25 0
49 361062 L 0 3 0 0 0 0 0 0 0 360925 45 0 58 22 4 0 0 5 0 0 0
50 473300 L 0 0 0 0 31 0 30 45 0 473124 0 0 53 0 1 0 0 16 0 0 0
51 464901 E 0 16 19 464681 0 39 0 0 59 0 0 0 0 8 1 1 1 31 0 0 45
52 497215 D 2 0 496966 40 0 59 49 0 1 0 0 29 0 0 0 0 0 42 0 27 0
53 513067 S 0 62 0 0 1 103 0 80 0 2 0 70 0 0 83 512654 11 0 0 0 1
54 526687 H 0 0 14 1 0 0 526438 0 0 36 0 48 6 30 54 2 4 0 0 54 0
55 538964 N 0 0 87 0 0 0 3 21 28 1 0 538737 0 0 0 60 8 0 0 19 0
56 537375 G 24 0 0 83 0 536870 0 0 0 1 0 0 0 0 119 2 0 59 217 0 0
57 536809 K 0 0 0 75 0 0 1 28 536538 1 0 59 0 1 78 0 2 0 0 0 26
58 476306 L 0 0 0 0 0 0 0 18 0 476194 0 0 75 13 1 0 0 5 0 0 0
59 507166 C 0 506874 0 0 30 3 0 0 0 2 4 1 0 1 66 51 1 1 5 51 76
60 455352 K 0 0 0 52 0 0 0 26 455185 2 0 33 0 2 37 0 1 0 0 0 14
61 425689 L 0 0 0 0 49 0 0 39 0 425536 0 1 0 0 2 36 0 1 0 0 25
62 309734 K 0 0 0 27 0 0 0 4 309644 0 0 21 0 3 24 0 2 0 0 0 9
63 317195 G 18 0 0 30 0 317045 0 0 0 0 0 0 0 0 35 0 0 30 0 0 37
64 333035 I 0 0 0 0 0 0 0 332831 19 15 56 8 0 2 0 0 54 45 0 0 5
65 407694 A 407447 0 51 0 0 18 0 0 0 0 0 0 23 0 0 89 31 34 0 0 1
66 362595 P 12 0 0 0 0 0 4 0 0 34 0 0 362269 78 20 29 149 0 0 0 0
67 422469 L 1 0 0 0 0 0 0 17 0 422359 0 0 67 13 0 0 1 8 0 3 0
68 436668 Q 0 0 0 9 0 0 31 0 17 13 0 2 5 436502 45 0 13 0 0 0 31
69 416319 L 0 0 0 0 106 0 0 19 0 416115 12 0 0 0 0 49 0 0 7 0 11
70 413330 G 12 0 0 41 0 412946 0 0 0 2 0 0 1 0 40 0 0 63 225 0 0
71 382292 K 0 0 0 49 0 0 0 19 382124 0 0 26 0 2 46 0 0 0 0 0 26
72 423038 C 0 422851 0 0 17 2 0 0 0 0 1 0 0 0 43 30 1 2 4 54 33
73 431234 N 0 0 78 0 0 0 0 25 38 1 0 431022 0 0 0 55 6 0 0 9 0
74 410861 I 1 0 0 0 34 0 0 410684 0 3 13 26 1 0 0 2 43 54 0 0 0
75 444169 T 54 0 0 0 0 0 0 46 0 1 0 13 6 5 1 35 444008 0 0 0 0
76 461725 G 11 0 0 40 1 461467 0 0 0 1 0 0 0 0 99 1 0 55 0 0 50
77 442742 W 0 52 0 0 0 0 0 0 0 27 0 0 0 0 70 9 0 0 442467 0 117
78 492373 L 5 1 0 0 34 0 22 75 0 492171 0 0 46 0 1 3 0 15 0 0 0
79 427664 L 0 0 0 0 122 1 0 0 0 427419 16 0 1 0 0 74 2 3 9 0 17
80 398113 G 17 0 0 47 0 397904 0 0 0 0 0 0 0 0 43 0 0 49 0 0 53
81 516668 N 1 1 69 0 0 0 1 34 32 3 0 516475 0 1 0 35 2 0 0 14 0
82 567212 P 5 0 0 0 0 0 0 2 0 74 0 0 566965 57 9 39 61 0 0 0 0
83 577653 E 1 0 31 577421 0 60 0 0 43 0 0 2 0 8 6 0 0 19 0 0 62
84 596337 C 0 596013 0 0 73 4 0 0 0 0 1 1 0 0 71 35 1 0 21 38 79
85 606007 D 7 0 605685 30 0 55 27 0 0 0 0 93 0 1 0 0 0 45 0 64 0
86 595338 S 5 0 0 0 0 0 0 0 0 50 0 0 76 1 0 595062 49 0 0 0 95
87 599760 L 0 0 0 0 0 0 0 0 0 599618 13 0 84 33 2 0 1 9 0 0 0
88 559784 L 2 0 0 0 32 1 8 59 0 559574 0 0 89 0 3 1 1 14 0 0 0
89 547461 P 15 1 0 0 1 0 0 0 0 76 0 1 547178 65 22 40 62 0 0 0 0
90 492926 A 492685 2 0 42 0 12 0 0 0 0 0 0 13 0 0 70 18 84 0 0 0
91 466702 R 0 0 0 0 0 37 0 42 34 1 0 0 0 0 466518 37 14 0 1 0 18
92 452594 S 2 0 0 0 0 0 0 0 0 43 0 0 49 0 0 452447 22 0 0 0 31
93 457960 W 0 36 0 0 1 2 0 0 0 50 0 0 0 0 88 11 0 0 457670 1 101
94 424373 S 3 16 0 0 37 0 0 0 0 0 0 0 58 0 0 424166 48 1 0 44 0
95 541331 Y 0 99 10 0 33 0 102 1 1 1 0 23 1 0 0 1 0 0 0 541017 42
96 514899 I 0 0 0 0 13 0 2 514739 0 3 7 35 0 1 0 2 39 57 0 0 1
97 543247 V 70 2 1 36 0 1 1 61 2 32 0 0 0 0 1 0 0 543035 1 0 4
98 529211 E 5 0 22 528990 0 50 0 0 46 0 0 1 0 18 0 0 0 31 0 0 48
99 559818 T 50 0 0 0 0 0 0 55 24 0 0 0 11 0 13 9 559655 1 0 0 0
100 567842 P 8 0 0 0 0 0 0 0 0 49 0 0 567621 90 13 34 27 0 0 0 0
101 582753 N 0 0 43 0 0 0 1 16 21 1 0 582579 0 0 0 55 21 0 0 16 0
102 606095 S 2 10 0 0 38 0 0 0 0 0 0 0 71 1 0 605908 9 0 0 54 2
103 621274 E 7 1 61 620882 0 108 0 0 67 0 1 0 0 13 4 0 1 46 0 0 83
104 629760 N 0 0 64 0 0 0 1 32 28 0 0 629533 0 1 0 68 1 0 0 32 0
105 641196 G 24 0 0 70 0 640854 0 0 1 0 0 0 0 0 83 0 0 95 0 0 69
106 632719 A 632415 0 0 73 0 11 1 0 0 0 0 0 27 0 1 53 68 70 0 0 0
107 642904 C 0 642654 0 0 30 3 0 0 0 1 1 0 0 0 43 51 0 0 10 62 49
108 617423 Y 0 66 6 0 39 1 61 11 0 2 0 6 0 0 0 2 1 2 0 617169 57
109 562964 P 18 0 0 0 0 0 0 2 0 117 0 0 562620 77 33 37 59 1 0 0 0
110 447192 G 10 2 0 26 0 446966 0 0 0 0 0 0 1 1 58 0 0 56 0 0 72
111 436738 D 3 2 436595 14 0 43 9 0 0 0 0 22 0 1 0 1 0 18 0 30 0
112 531380 L 0 1 0 0 31 0 45 33 0 531152 1 0 111 0 3 1 0 2 0 0 0
113 534616 I 0 0 0 0 32 0 0 534414 0 2 16 52 0 2 0 3 41 54 0 0 0
114 568756 D 1 1 568479 31 0 58 15 0 0 0 0 79 0 0 1 0 1 48 0 42 0
115 583502 Y 0 66 5 0 25 0 48 1 0 3 0 10 0 1 0 1 1 0 0 583296 45
116 618042 E 7 0 81 617601 0 117 0 0 60 0 5 0 1 15 2 0 0 49 2 0 102
117 596537 E 3 0 41 596274 0 67 0 0 42 0 0 2 0 9 0 0 0 42 0 0 57
118 565246 L 0 0 0 0 0 0 0 0 0 565093 24 1 91 23 8 0 3 3 0 0 0
119 554607 R 0 0 0 2 0 79 0 0 31 0 214 0 0 1 554135 100 13 0 31 0 1
120 525132 E 4 0 75 524686 0 87 0 0 144 0 0 0 0 19 0 12 0 24 0 0 81
121 492102 Q 0 0 0 19 0 0 26 0 38 27 0 12 4 491788 54 0 0 1 0 0 133
122 490190 L 0 0 0 0 71 0 0 0 0 489993 30 0 0 0 0 54 0 1 4 0 37
123 398439 S 1 17 0 0 0 48 0 48 0 5 0 37 0 0 70 398197 16 0 0 0 0
124 306813 S 5 0 0 0 0 0 0 0 0 38 0 0 44 1 0 306655 10 0 0 0 60
125 399794 V 42 0 0 39 0 6 0 20 1 22 0 0 0 0 0 0 0 399664 0 0 0
126 403757 S 4 0 0 0 0 0 0 1 0 38 0 0 41 1 0 403571 37 2 0 2 60
127 398196 S 1 0 0 0 0 0 0 0 0 31 0 0 44 0 0 398043 34 0 0 0 43
128 391538 L 1 0 0 0 24 0 2 21 0 391439 0 0 0 0 0 38 0 0 0 0 13
129 444557 E 2 0 17 444375 0 48 0 0 29 1 0 0 0 11 0 1 0 24 0 0 49
130 417991 R 0 0 0 0 0 52 0 29 14 1 0 0 0 0 417853 21 3 0 0 0 18
131 444200 F 0 1 0 0 444007 0 0 14 0 119 0 0 0 0 0 30 0 1 0 28 0
132 465640 E 4 0 23 465404 0 43 0 0 77 0 0 0 0 17 1 0 0 22 0 0 49
133 465325 I 0 0 0 0 0 0 0 465182 10 20 31 3 0 0 0 0 32 46 0 1 0
134 487097 F 0 1 0 0 486903 0 0 26 0 74 0 0 0 0 0 64 0 1 0 28 0
135 491808 P 33 0 1 0 3 0 49 0 0 47 0 0 491566 1 13 50 44 0 0 0 1
136 482992 K 0 0 0 61 1 0 0 0 482767 1 9 53 1 6 71 0 5 0 0 0 17
137 519678 E 2 0 22 519450 0 53 0 0 51 0 0 0 0 24 0 1 2 25 0 0 48
138 491293 S 0 9 0 0 0 91 0 20 0 0 0 35 1 1 26 491097 7 6 0 0 0
139 485512 S 3 0 0 0 10 1 0 0 1 46 0 0 38 0 0 485306 31 0 0 1 75
140 456625 W 0 108 0 0 0 4 0 0 0 39 15 0 0 1 96 8 0 0 456243 0 111
141 363381 P 41 0 0 0 0 0 42 0 0 31 0 0 363141 1 16 51 58 0 0 0 0
142 360439 N 0 0 47 0 0 0 4 27 24 0 0 360277 3 2 0 32 4 0 0 19 0
143 336234 H 0 0 9 0 0 0 336051 0 0 33 0 44 2 18 43 0 5 0 0 29 0
144 326008 T 42 0 0 0 0 0 1 34 20 0 0 0 2 0 6 34 325869 0 0 0 0
145 328001 F 0 3 0 0 327879 0 0 8 0 73 0 0 0 0 0 25 0 0 0 13 0
146 315653 N 0 0 61 0 0 0 0 13 25 0 0 315494 0 0 0 40 5 0 1 14 0
147 294194 G 8 0 0 25 0 294035 0 0 0 0 0 0 0 1 47 0 0 40 0 0 38
148 298142 V 27 0 0 17 0 2 0 23 0 29 0 0 0 0 1 2 0 298041 0 0 0
149 301337 T 20 0 0 0 0 0 0 47 25 0 0 0 1 4 10 26 301204 0 0 0 0
150 307064 V 37 0 0 19 0 2 0 15 0 24 0 0 0 0 1 0 0 306966 0 0 0
151 334054 S 0 0 0 0 0 0 0 0 0 32 0 0 24 2 0 333926 29 2 0 0 39
152 313031 C 0 312838 0 0 30 2 0 0 0 0 0 0 0 0 44 32 1 0 10 35 39
153 291725 S 5 14 0 0 41 0 0 0 0 10 0 0 56 0 2 291536 12 1 0 48 0
154 292691 H 0 0 11 0 0 0 292461 9 0 13 0 107 18 16 22 1 1 0 0 32 0
155 309650 R 0 0 0 0 0 70 0 0 22 0 99 0 0 1 309229 182 7 0 18 0 22
156 326892 G 12 0 0 40 0 326726 0 0 0 0 0 0 0 0 45 0 0 31 0 0 38
157 349433 K 0 0 0 42 0 0 0 20 349289 0 0 24 0 2 42 0 0 0 0 0 14
158 365807 S 4 9 0 0 0 81 0 38 6 0 0 22 0 0 62 365582 3 0 0 0 0
159 378433 S 0 11 0 0 0 46 0 18 0 0 0 13 0 7 49 378286 0 3 0 0 0
160 417570 F 0 4 0 0 417452 0 0 21 0 54 0 0 0 0 0 30 0 3 0 6 0
161 439801 Y 0 59 2 0 63 0 58 0 1 0 0 6 0 2 0 2 2 0 0 439565 41
162 427213 R 0 1 0 1 0 94 0 27 32 1 0 0 0 4 426999 23 12 0 0 0 19
163 418973 N 0 0 43 0 0 0 1 14 32 0 0 418838 0 1 1 36 0 0 0 7 0
164 400871 L 0 0 0 0 73 0 0 0 0 400688 18 0 0 0 2 55 0 5 6 0 24
165 375902 L 0 0 0 0 0 0 0 22 0 375814 1 0 41 9 1 0 2 12 0 0 0
166 355297 W 1 55 0 0 0 3 0 0 0 31 1 0 0 0 65 8 0 0 355065 0 68
167 338135 L 0 0 0 0 0 0 0 0 0 337995 59 0 48 15 0 1 0 15 1 0 1
168 341800 T 34 0 1 0 0 0 0 1 14 0 69 0 3 0 7 23 341648 0 0 0 0
169 275108 K 0 0 1 40 0 0 0 0 274965 0 6 26 0 0 50 0 8 0 0 0 12
170 285388 K 0 0 0 48 0 0 0 0 285163 0 12 114 0 1 39 0 2 0 0 0 9
171 298805 G 8 1 0 27 0 298500 0 0 0 2 0 0 0 1 32 0 0 139 95 0 0
172 278682 D 0 0 278519 19 0 41 6 4 0 0 0 40 0 0 0 0 0 23 0 30 0
173 310163 S 2 1 0 1 4 0 2 0 0 43 0 0 44 0 0 310005 23 0 0 0 38
174 312251 Y 0 43 3 0 20 0 42 4 0 0 0 16 0 0 0 2 2 0 0 312079 40
175 294142 P 9 0 0 0 0 0 0 0 1 38 0 0 293918 92 3 17 64 0 0 0 0
176 381334 K 0 0 0 29 0 0 1 0 381180 1 8 40 0 4 49 1 3 1 0 0 17
177 368195 L 1 0 0 0 0 0 0 0 0 368082 34 0 52 13 3 0 0 9 0 0 1
178 450652 T 62 0 2 0 0 0 0 41 0 0 0 27 8 0 0 71 450441 0 0 0 0
179 492082 N 1 0 64 0 0 0 3 15 19 1 0 491904 0 2 0 45 1 0 0 27 0
180 551763 S 2 21 0 0 41 0 0 1 0 0 0 0 71 0 0 551540 38 0 0 48 1
181 562227 Y 1 57 4 0 28 0 101 0 0 2 0 15 2 0 0 0 0 0 0 561980 37
182 556167 V 85 0 1 59 0 9 0 1 0 44 74 0 0 0 1 0 0 555892 1 0 0
183 562572 N 0 0 66 2 0 0 3 35 34 0 0 562304 0 1 0 80 7 1 0 39 0
184 567065 N 0 0 55 0 0 0 1 28 40 1 0 566852 0 7 0 47 2 0 0 32 0
185 550697 K 0 0 0 69 1 0 0 32 550455 2 0 22 0 4 81 0 5 0 0 0 26
186 585223 G 19 1 0 61 0 584740 1 0 1 0 0 0 0 0 50 1 0 80 269 0 0
187 587054 K 0 0 0 102 0 0 0 25 586782 0 0 40 0 0 71 0 3 0 0 0 31
188 560914 E 2 0 19 560703 0 59 0 0 39 0 0 0 0 12 1 1 0 27 0 0 51
189 503543 V 76 0 32 0 14 8 0 25 0 7 0 0 0 0 0 1 0 503380 0 0 0
190 476139 L 0 0 1 0 30 0 30 42 0 475945 0 0 72 0 4 3 0 12 0 0 0
191 523087 V 51 0 0 38 0 3 0 52 0 25 0 0 0 0 6 0 2 522905 0 5 0
192 512514 L 0 0 0 0 0 0 1 24 0 512411 3 0 46 15 3 0 5 6 0 0 0
193 532834 W 0 255 0 0 1 6 0 0 0 138 9 0 0 0 105 16 0 0 532219 1 84
194 578684 G 14 107 46 0 0 578406 0 0 0 3 0 0 1 0 20 46 0 39 0 2 0
195 636633 V 84 2 22 0 29 5 0 114 0 17 0 0 0 0 1 1 1 636357 0 0 0
196 670515 H 0 0 19 0 0 1 670159 0 0 46 0 64 5 58 92 1 0 1 0 69 0
197 662115 H 0 0 18 0 0 0 661845 1 0 38 0 50 6 38 72 2 0 0 0 45 0
198 649640 P 8 0 0 0 0 0 0 0 0 89 0 0 649152 199 31 53 108 0 0 0 0
199 669137 S 1 17 0 0 45 0 1 0 0 1 0 0 70 0 0 668917 42 0 0 43 0
200 687972 S 0 39 0 0 0 83 0 80 0 0 0 34 0 1 101 687620 14 0 0 0 0
201 635193 S 0 28 0 0 0 97 0 26 0 1 0 31 0 0 58 634946 6 0 0 0 0
202 697103 D 0 2 696769 67 0 67 16 0 0 1 0 60 0 2 0 0 0 56 0 63 0
203 743004 E 5 1 86 742555 0 109 0 0 92 0 0 0 0 24 0 1 0 28 0 0 103
204 733391 Q 1 0 1 29 0 0 67 1 89 43 0 0 8 732962 94 0 0 0 0 0 96
205 649368 Q 0 0 0 20 0 0 86 0 38 52 0 0 11 648953 141 1 2 2 0 2 60
206 592039 S 0 37 0 0 0 81 0 20 0 5 0 36 0 0 54 591796 10 0 0 0 0
207 510254 L 0 0 0 0 29 0 21 45 0 510077 0 0 66 0 1 0 0 15 0 0 0
208 494424 Y 0 60 1 0 28 0 66 0 0 0 0 39 0 0 0 8 0 1 0 494174 47
209 463229 S 0 7 0 0 0 55 0 32 0 1 0 29 0 0 42 463054 7 0 0 0 2
210 389925 N 0 0 35 0 0 0 4 28 25 1 4 389785 0 0 1 33 1 0 0 7 1
211 376026 G 9 0 0 28 0 375827 0 0 0 0 0 0 0 0 61 0 0 50 0 0 51
212 396508 N 0 1 49 0 0 0 2 18 15 0 0 396383 0 4 0 27 0 0 0 9 0
213 412630 A 412455 0 47 1 0 12 0 0 0 0 0 0 8 0 0 49 28 29 0 1 0
214 417192 Y 0 28 2 0 14 0 62 0 0 3 1 3 0 1 0 3 0 0 0 417036 39
215 333592 V 36 0 18 0 14 1 0 32 0 9 2 0 0 0 0 0 0 333480 0 0 0
216 361099 S 1 8 0 0 19 0 0 0 1 1 0 0 53 0 0 360960 21 0 0 35 0
217 367824 V 34 0 0 30 0 4 0 32 0 49 0 0 0 0 0 1 0 367674 0 0 0
218 348699 A 348524 0 0 37 0 9 0 0 0 0 0 0 3 1 0 45 23 56 1 0 0
219 329377 S 0 2 0 0 15 0 0 0 0 0 0 0 34 0 0 329306 8 0 0 12 0
220 333629 S 2 0 0 0 1 0 0 0 1 23 0 0 56 0 0 333491 15 0 0 0 40
221 394166 N 0 1 44 0 0 1 2 16 16 0 0 394037 0 0 1 27 0 0 0 21 0
222 412363 Y 0 40 1 0 29 0 36 3 0 8 0 5 0 0 0 0 0 0 0 412227 14
223 385638 N 0 0 54 0 1 0 2 35 30 0 0 385466 0 0 0 37 3 1 0 7 2
224 366569 R 0 0 0 0 0 64 0 0 25 0 36 0 0 1 366358 45 14 0 26 0 0
225 389071 R 0 0 0 0 0 68 0 44 12 0 0 0 0 0 388891 22 6 0 0 0 28
226 412951 F 0 3 0 0 412722 0 0 27 0 121 0 0 0 0 0 40 0 1 0 37 0
227 439272 T 89 0 3 0 0 0 15 41 0 0 0 20 9 1 0 30 439064 0 0 0 0
228 451842 P 17 0 0 0 0 0 0 1 0 83 0 0 451204 155 76 59 247 0 0 0 0
229 445329 E 3 0 17 445096 0 56 0 0 58 0 0 0 0 13 0 0 0 35 0 1 50
230 433260 I 0 0 0 0 0 0 1 433052 11 18 75 1 1 0 0 0 45 48 0 0 8
231 386824 A 386635 0 45 0 0 17 0 0 1 0 0 0 7 0 0 55 26 38 0 0 0
232 361482 A 361230 0 1 32 0 14 0 2 0 0 0 1 23 0 0 50 79 49 0 0 1
233 400047 R 0 0 0 0 1 71 0 0 32 1 56 0 0 0 399804 61 5 0 16 0 0
234 457775 P 45 0 0 0 0 0 53 0 1 49 0 0 457508 0 13 37 68 0 0 0 1
235 457683 K 0 0 1 60 0 0 0 25 457484 4 0 14 0 33 39 4 1 1 0 0 17
236 484265 V 46 0 0 15 0 1 1 41 1 31 0 2 0 0 1 15 0 484108 0 0 3
237 454547 R 0 2 0 8 0 61 1 51 20 1 0 0 0 1 454351 21 9 1 0 0 20
238 441122 D 2 0 440955 34 0 43 8 0 0 0 0 23 0 1 0 0 0 24 0 32 0
239 441316 Q 0 1 0 12 0 0 34 0 29 11 0 2 6 441120 69 0 0 0 0 0 32
240 426947 H 0 0 13 0 0 0 426784 0 0 31 0 16 2 21 44 1 8 0 0 27 0
241 393521 G 10 0 0 32 0 393246 0 0 0 1 0 0 0 0 42 0 0 65 125 0 0
242 420796 R 0 0 0 0 0 90 0 0 54 2 60 0 0 0 420507 58 5 2 18 0 0
243 422216 M 0 0 1 0 0 0 0 104 25 34 421953 0 0 2 3 0 39 55 0 0 0
244 470241 N 0 0 60 0 0 0 1 37 24 0 1 469998 0 0 0 73 5 0 0 42 0
245 467460 Y 0 42 4 0 19 0 51 1 0 11 0 13 0 0 0 5 0 0 0 467289 25
246 518523 Y 0 58 2 0 42 0 61 0 0 7 0 11 0 0 0 3 8 0 0 518304 27
247 476429 W 0 56 2 0 0 11 0 1 0 64 0 0 0 0 133 16 0 0 476022 0 124
248 458123 T 72 2 2 0 0 0 0 45 0 0 0 14 3 0 0 38 457947 0 0 0 0
249 468065 L 0 2 0 0 57 0 1 0 0 467889 25 0 0 0 0 63 0 4 4 0 20
250 477505 L 4 0 0 0 0 0 0 63 0 477318 0 0 78 23 2 0 0 15 0 0 2
251 509329 E 0 1 16 509172 0 39 0 0 33 0 0 2 0 6 2 0 2 13 0 0 43
252 498151 P 11 0 0 0 0 0 69 0 0 33 0 0 497950 0 19 39 30 0 0 0 0
253 511991 G 16 0 0 31 0 511646 0 0 0 1 0 0 2 1 144 0 0 65 0 0 85
254 502112 D 5 0 501888 22 0 57 16 0 0 1 0 35 0 1 0 1 3 34 0 49 0
255 533059 T 90 0 0 0 0 0 1 57 32 0 0 2 7 5 9 62 532794 0 0 0 0
256 577822 I 0 0 0 0 0 0 0 577574 29 44 55 9 0 2 0 0 52 52 0 0 5
257 611244 I 1 2 0 0 0 0 0 611016 41 37 42 4 0 1 3 0 50 40 0 7 0
258 531381 F 0 2 0 0 531179 0 0 26 0 91 0 0 0 0 0 59 0 2 0 22 0
259 510901 E 6 1 53 510529 0 107 0 0 48 1 0 0 0 21 7 0 0 25 0 0 103
260 453093 A 452876 0 0 62 0 22 0 0 0 0 0 0 13 0 0 35 42 43 0 0 0
261 553416 T 42 0 0 0 0 0 0 27 0 1 0 20 2 2 0 54 553268 0 0 0 0
262 552236 G 22 89 41 0 0 551969 0 0 0 0 0 0 0 0 13 60 0 36 6 0 0
263 565693 N 0 0 67 0 0 0 1 41 26 0 0 565474 0 0 0 56 5 0 0 17 6
264 589064 L 2 0 0 0 0 0 0 48 0 588843 0 0 102 41 4 10 0 13 1 0 0
265 567873 I 0 0 0 0 1 0 0 567633 28 18 72 0 0 1 2 0 71 44 1 0 2
266 553031 A 552812 0 2 58 0 15 1 0 0 0 0 0 13 0 0 41 35 54 0 0 0
267 546971 P 7 1 0 0 0 0 1 0 0 39 0 0 546739 99 10 46 29 0 0 0 0
268 544496 W 0 62 0 0 0 5 0 0 0 79 1 0 0 1 90 13 0 0 544151 0 94
269 526100 Y 0 61 7 0 27 0 55 0 0 4 3 54 0 0 0 0 0 0 0 525871 18
270 506102 A 505895 0 47 0 0 11 0 0 0 1 0 0 10 0 0 53 55 30 0 0 0
271 400935 F 0 3 0 0 400753 0 0 23 0 94 0 0 0 1 0 39 0 0 0 22 0
272 383412 A 383236 0 0 27 0 7 0 0 0 1 0 0 12 0 1 35 64 29 0 0 0
273 375023 L 0 0 0 0 0 0 0 1 0 374890 16 0 92 13 7 0 0 4 0 0 0
274 470681 S 0 25 1 4 0 74 1 27 0 0 0 23 0 0 43 470474 7 1 0 0 1
275 579067 R 0 0 0 1 0 55 0 96 25 0 0 0 0 2 578789 30 11 8 0 0 50
276 549627 G 14 0 0 36 0 549263 0 0 0 0 0 0 0 0 56 2 0 77 179 0 0
277 529634 F 1 2 0 0 529437 3 0 16 0 59 0 1 0 1 0 61 1 27 0 25 0
278 716898 E 8 0 33 716470 0 129 2 0 64 0 0 1 0 24 1 8 2 28 0 2 126
279 717648 S 2 16 0 0 72 0 0 0 0 5 0 0 94 1 0 717318 68 4 0 68 0
280 725232 G 19 72 115 0 0 724700 0 0 0 0 0 1 0 0 25 220 0 80 0 0 0
281 716554 I 0 0 0 0 47 0 0 716286 0 4 9 39 0 0 0 7 65 97 0 0 0
282 745581 I 0 1 0 0 60 0 0 745215 0 4 23 62 0 0 0 1 102 113 0 0 0
283 728644 T 105 0 0 0 0 1 0 43 1 2 0 34 12 0 0 70 728376 0 0 0 0
284 723208 S 6 1 0 0 0 0 0 0 1 65 0 0 118 3 0 722799 47 0 0 0 168
285 754275 N 0 0 73 0 1 0 1 13 52 0 0 753995 0 0 0 71 52 2 0 15 0
286 655340 A 655033 0 0 64 0 15 0 0 0 3 0 0 19 0 2 69 65 69 0 1 0
287 673837 S 1 0 0 0 0 0 0 0 0 64 0 1 77 1 0 673575 35 1 0 0 82
288 734142 M 0 0 0 1 1 0 0 246 41 53 733642 1 0 2 4 0 106 44 0 1 0
289 720441 H 1 1 16 0 0 1 719976 0 1 40 0 121 8 54 118 2 2 0 0 100 0
290 426267 E 2 0 23 426020 0 59 0 0 48 0 0 0 0 10 4 0 0 34 1 0 66
291 490814 C 0 490543 0 0 25 3 1 0 0 1 0 0 0 0 62 48 0 0 6 80 45
292 464207 N 0 0 63 0 0 0 1 26 20 1 0 464023 0 0 0 64 6 1 0 2 0
293 427743 T 31 0 1 0 0 0 0 1 16 0 60 0 2 0 9 17 427606 0 0 0 0
294 428883 K 0 2 0 42 0 0 0 0 428709 0 18 17 0 2 56 0 2 0 0 1 34
295 441004 C 0 440842 0 0 9 5 0 0 0 0 0 0 0 1 50 25 0 3 3 38 28
296 452027 Q 0 0 0 12 0 0 18 0 49 20 0 0 1 451778 107 6 0 1 0 0 35
297 494183 T 71 0 0 0 0 0 7 27 27 1 0 2 28 3 14 12 493991 0 0 0 0
298 566077 P 15 2 0 0 0 0 91 0 0 49 0 0 565813 0 16 41 50 0 0 0 0
299 511708 Q 0 0 0 16 0 0 204 0 135 28 0 0 18 511062 130 1 2 0 0 0 112
300 515603 G 16 1 0 88 0 515326 0 0 0 0 0 0 0 3 52 0 0 56 0 0 61
301 566262 A 565991 1 69 1 0 10 0 0 0 3 0 0 11 1 0 71 43 61 0 0 0
302 834398 I 1 0 0 1 0 0 0 833960 73 76 77 0 0 0 1 1 76 117 0 13 2
303 848769 N 1 1 67 0 0 0 0 39 56 0 0 848463 0 3 0 60 40 0 0 39 0
304 777543 S 1 25 0 0 0 77 0 96 0 4 0 135 0 5 109 777072 19 0 0 0 0
305 761087 N 0 0 83 0 0 0 3 41 37 0 0 760821 0 0 0 50 4 0 0 48 0
306 766465 L 1 0 0 0 60 0 43 66 0 766077 0 0 200 0 4 3 0 11 0 0 0
307 681540 P 11 0 1 0 0 0 255 0 0 40 0 0 681047 2 14 56 114 0 0 0 0
308 683819 F 0 2 0 0 683465 0 0 38 0 176 0 0 0 0 0 93 0 0 0 45 0
309 678370 Q 0 1 0 22 0 0 66 0 67 44 0 1 10 677886 178 0 1 1 0 0 93
310 687347 N 0 0 75 0 0 0 0 49 33 0 0 687088 0 0 0 73 1 1 0 27 0
311 655307 I 0 0 0 0 0 0 0 655007 37 55 91 1 0 0 1 0 59 56 0 0 0
312 657370 H 2 0 28 0 0 0 656969 0 1 49 0 34 12 68 67 0 2 0 0 138 0
313 565652 P 15 0 0 0 0 1 0 0 0 88 0 0 565229 168 25 46 79 1 0 0 0
314 461644 V 51 0 29 0 20 3 0 32 0 5 0 0 0 0 0 2 0 461502 0 0 0
315 453971 T 101 0 0 0 0 0 1 40 26 0 0 6 1 1 6 39 453750 0 0 0 0
316 477934 I 0 0 0 0 0 1 0 477668 32 38 73 2 0 1 5 0 64 45 1 1 3
317 398130 G 8 0 0 27 0 397948 0 0 0 0 0 0 0 0 44 0 1 45 0 1 56
318 558104 E 9 1 24 557860 1 57 1 0 35 0 0 1 0 11 1 0 0 30 0 1 72
319 550210 C 1 549749 0 0 93 15 0 0 0 0 0 0 0 0 63 79 0 5 44 108 53
320 648270 P 29 0 0 0 0 0 0 0 0 67 0 0 647840 173 24 61 76 0 0 0 0
321 699872 K 0 0 0 45 0 0 0 19 699653 1 0 32 0 7 71 0 1 0 0 0 43
322 723128 Y 0 61 1 0 30 0 56 0 0 0 1 10 1 0 0 3 0 0 0 722929 36
323 729079 V 83 1 85 0 26 3 0 66 0 16 0 0 0 1 0 1 0 728797 0 0 0
324 719094 R 0 0 0 0 0 175 0 0 48 2 86 0 1 0 718592 122 18 0 50 0 0
325 694964 S 0 53 0 0 0 107 1 24 0 0 0 62 0 0 46 694658 13 0 0 0 0
326 661986 T 112 0 0 0 0 0 0 54 0 0 0 31 2 0 0 78 661709 0 0 0 0
327 699991 K 1 0 0 92 0 0 0 30 699733 0 0 37 0 13 56 0 2 0 0 0 27
328 680002 L 0 0 0 0 131 1 0 2 0 679726 24 0 0 0 0 99 0 0 7 0 12
329 682454 R 0 0 0 2 0 128 0 0 49 4 120 0 0 0 682005 84 25 0 37 0 0
330 611785 M 0 0 0 1 0 0 0 144 48 53 611411 1 0 1 2 0 45 78 0 0 1
331 433859 V 48 0 34 0 27 6 0 46 0 4 0 0 0 0 0 0 0 433693 1 0 0
332 405526 T 41 0 0 1 0 0 0 91 30 15 0 0 1 5 28 35 405276 0 0 3 0
333 455852 G 16 0 1 33 0 455643 0 0 0 0 0 0 0 0 46 0 0 53 0 0 60
334 455026 L 0 2 0 0 0 0 0 13 0 454918 1 0 58 10 2 0 7 15 0 0 0
335 440057 R 0 0 0 4 0 50 0 30 15 1 0 0 0 0 439915 21 8 0 0 0 13
336 443994 N 0 0 44 0 0 0 1 31 26 1 0 443813 0 0 0 50 9 0 0 19 0
337 428681 I 1 0 0 0 36 0 2 428490 0 3 12 29 0 0 0 3 65 40 0 0 0
338 433348 P 10 0 0 0 0 0 1 0 0 49 0 0 433060 111 16 43 58 0 0 0 0
339 423340 S 1 5 0 0 17 0 0 0 0 0 0 0 54 2 2 423184 32 0 0 43 0
340 481631 I 0 1 0 0 18 0 0 481478 0 4 3 28 0 1 0 1 51 46 0 0 0
341 462038 Q 0 0 0 20 1 0 21 0 32 15 0 3 3 461834 66 0 1 0 0 0 42
342 481200 Y 0 40 2 0 49 1 41 0 0 0 0 15 0 0 1 1 1 0 0 481012 37
343 505064 R 0 0 0 0 0 73 0 77 27 2 0 0 0 8 504784 34 18 0 0 0 41
344 569212 G 13 87 41 1 1 568997 0 0 0 0 0 0 0 0 10 26 0 36 0 0 0
345 601281 L 0 1 0 0 0 0 1 44 0 601125 0 0 74 14 4 5 0 11 0 2 0
346 664319 F 0 0 0 0 664063 0 0 50 0 108 0 0 0 0 0 67 1 2 0 28 0
347 562014 G 21 0 0 47 0 561701 0 0 1 4 0 0 0 0 60 0 0 73 2 0 105
348 566316 A 566005 0 54 0 0 13 0 0 0 0 0 0 22 0 0 82 43 97 0 0 0
349 566122 I 0 1 0 0 23 0 1 565940 0 1 3 38 0 1 0 3 48 63 0 0 0
350 570875 A 570600 2 43 0 0 15 0 0 0 1 0 0 22 0 0 44 92 56 0 0 0
351 589730 G 11 63 26 0 1 589489 0 0 0 0 0 0 0 0 17 68 0 52 3 0 0
352 668668 F 0 4 0 0 668483 1 0 8 0 109 0 0 0 4 0 35 1 5 0 18 0
353 692095 I 0 0 0 0 30 0 0 691722 1 98 2 39 0 2 0 4 61 68 0 68 0
354 622211 E 11 0 242 621392 0 117 0 0 60 4 0 0 0 14 107 0 0 36 1 1 226
355 616614 G 20 0 0 55 0 615992 0 0 0 0 0 0 0 0 56 1 0 241 249 0 0
356 522618 G 9 0 164 67 0 522106 0 0 0 1 3 0 0 0 88 0 0 84 0 1 95
357 495418 W 0 59 1 0 0 106 0 0 0 57 122 1 0 0 71 17 0 0 494839 0 145
358 421779 T 58 0 35 0 0 0 0 38 0 2 0 24 2 1 0 34 421585 0 0 0 0
359 431748 G 6 3 0 31 0 431509 0 0 0 1 0 1 0 0 99 1 0 55 0 0 42
360 330326 M 0 0 0 0 0 0 0 63 24 10 330148 0 0 0 3 0 38 39 0 0 1
361 403409 I 0 1 0 0 0 0 1 403150 35 33 85 0 0 0 0 0 39 64 0 0 1
362 359291 D 0 0 359154 23 0 29 7 0 0 0 0 19 0 0 0 0 0 25 0 34 0
363 460365 G 12 0 1 23 0 460108 0 0 0 0 0 0 0 0 82 0 0 79 1 0 59
364 519626 W 0 58 0 1 0 2 0 0 0 68 3 0 0 1 86 9 1 1 519274 0 122
365 576024 Y 0 72 6 0 42 1 74 0 1 0 2 33 0 1 0 0 0 12 1 575745 34
366 573265 G 17 76 42 1 0 573013 0 0 0 0 0 0 0 0 13 39 0 54 7 3 0
367 526858 Y 0 67 2 0 37 5 51 3 0 0 0 8 0 0 0 3 0 1 0 526629 52
368 529447 H 0 0 10 0 0 0 529172 2 0 32 0 33 2 67 60 2 0 0 0 67 0
369 511278 H 0 0 8 0 0 0 511032 0 0 40 0 33 3 45 76 0 0 0 0 41 0
370 509095 Q 0 0 0 18 0 0 45 0 49 33 0 1 6 508808 80 0 1 0 0 0 54
371 508993 N 0 0 45 1 0 0 1 18 25 0 0 508813 0 1 0 65 1 0 0 23 0
372 496855 E 3 0 31 496599 0 49 0 0 64 0 0 2 0 19 0 0 0 49 1 0 38
373 451085 Q 0 0 0 23 0 0 171 0 47 27 0 0 6 450656 80 0 0 0 0 0 75
374 471655 G 12 1 4 37 0 471413 0 0 0 0 0 0 1 0 56 2 0 32 0 0 97
375 428142 S 5 0 0 0 0 0 0 2 0 84 0 0 48 4 1 427926 29 0 0 0 43
376 468332 G 12 40 45 1 0 468146 0 0 0 0 0 0 0 0 10 38 1 39 0 0 0
377 480513 Y 0 55 3 0 33 0 49 0 0 2 0 12 1 0 0 2 0 0 0 480314 42
378 459838 A 459476 0 0 57 0 14 0 0 1 0 0 0 17 1 0 62 61 147 0 2 0
379 454945 A 454670 3 0 56 0 6 0 0 0 0 1 0 6 4 0 60 35 103 0 1 0
380 454090 D 5 0 453861 29 0 68 8 12 0 0 0 30 0 0 0 0 0 33 0 44 0
381 462326 Q 0 0 0 12 0 0 15 0 44 16 0 0 3 461964 52 187 0 1 0 0 32
382 505317 K 0 0 0 53 0 0 0 6 505197 1 0 18 0 1 30 0 2 0 0 0 9
383 514464 S 19 5 0 0 0 97 0 43 1 3 0 32 0 0 80 514168 16 0 0 0 0
384 537052 T 70 0 0 0 0 0 3 47 28 0 0 1 14 3 17 50 536819 0 0 0 0
385 561374 Q 0 0 0 22 0 0 29 0 21 16 0 0 3 561167 65 0 4 0 0 0 47
386 554865 N 0 2 41 0 0 1 2 26 21 0 6 554704 0 2 0 43 3 0 0 14 0
387 531634 A 531272 4 63 0 0 15 1 0 0 0 0 0 26 0 0 80 74 99 0 0 0
388 477759 I 0 1 0 0 24 0 2 477616 0 8 0 21 0 0 0 2 29 56 0 0 0
389 475659 N 0 0 45 1 0 1 3 27 33 0 0 475474 0 0 0 47 9 0 0 19 0
390 365762 G 16 0 0 23 0 365486 0 0 0 3 0 0 0 1 83 0 0 46 104 0 0
391 373126 I 0 0 1 0 21 0 0 372983 0 3 2 19 0 0 0 1 42 54 0 0 0
392 244786 T 58 0 0 0 0 0 0 31 15 0 0 0 1 3 3 15 244657 0 0 2 1
393 323532 N 0 0 34 0 0 0 3 20 18 0 0 323398 0 1 0 33 16 0 0 9 0
394 332118 K 0 0 0 29 0 0 0 0 331938 1 18 62 0 8 39 0 2 0 0 0 21
395 403145 V 56 1 0 31 0 8 0 0 1 23 37 0 1 0 0 0 0 402986 0 0 1
396 401726 N 0 0 35 1 0 0 2 25 19 1 0 401571 0 0 0 39 4 0 0 28 1
397 452717 S 7 7 1 0 22 0 0 0 0 1 0 0 56 3 0 452536 21 0 0 63 0
398 471995 V 37 1 44 0 27 2 0 50 0 13 0 0 0 0 0 0 0 471821 0 0 0
399 476535 I 0 0 0 0 14 0 0 476385 0 1 5 32 0 0 0 4 51 43 0 0 0
400 470399 E 5 0 33 470161 0 52 0 0 73 0 0 0 0 16 1 1 0 23 0 0 34
401 462691 K 0 0 0 58 0 0 0 23 462526 0 0 9 0 2 53 0 1 2 0 0 17
402 471310 M 0 0 0 0 0 0 0 105 16 28 471064 0 0 0 3 0 55 34 0 0 5
403 446763 N 0 0 51 0 0 0 1 29 33 0 0 446562 0 0 0 56 4 0 0 27 0
404 439247 T 49 0 1 0 0 2 0 29 0 0 0 16 7 0 0 54 439089 0 0 0 0
405 444767 Q 1 0 0 9 0 0 20 0 44 9 0 2 4 444567 73 0 0 0 0 0 38
406 409056 F 0 3 0 0 408875 1 0 14 0 88 0 1 0 0 0 49 0 1 0 24 0
407 332557 T 38 0 0 0 0 0 0 55 21 0 0 0 3 0 2 39 332399 0 0 0 0
408 255668 A 255564 1 32 0 0 5 0 0 0 0 0 0 3 0 0 33 17 13 0 0 0
409 246223 V 21 0 0 20 0 7 0 0 0 25 22 0 0 0 0 0 0 246127 1 0 0
410 227263 G 11 39 20 0 0 227148 0 0 0 1 0 1 0 0 3 14 0 25 0 0 1
411 177778 K 0 0 0 18 0 1 0 5 177716 1 0 8 0 1 16 0 1 0 0 0 11
412 159209 E 0 0 8 159156 0 15 0 0 5 0 0 5 0 2 3 0 1 4 0 0 10
413 138023 F 0 0 0 0 137958 0 0 11 0 32 0 0 0 0 0 16 0 0 0 6 0
414 152004 N 0 0 21 0 0 0 1 15 12 0 0 151933 0 0 0 13 0 0 0 9 0
415 164866 N 0 0 18 0 0 0 0 12 9 2 0 164805 0 0 0 12 3 0 0 5 0
416 176592 L 0 0 0 0 4 1 0 5 0 176553 0 0 0 0 0 22 0 2 0 0 5
417 193507 E 1 0 7 193434 0 19 0 0 21 0 0 0 0 7 5 0 0 2 0 0 11
418 210146 K 0 0 0 23 0 0 0 11 210084 0 0 7 0 1 16 0 0 0 0 0 4
419 210978 R 0 0 1 0 0 156 0 0 46 0 22 0 0 0 210721 23 5 0 4 0 0
420 189735 M 0 0 8 0 0 0 0 60 13 16 189586 0 0 0 0 0 24 21 7 0 0
421 214795 E 1 0 9 214685 0 36 0 0 21 0 0 0 0 9 0 0 0 13 0 0 21
422 192978 N 0 0 15 0 0 0 0 19 14 0 0 192913 0 0 0 10 0 0 0 7 0
423 199834 L 0 0 0 0 33 0 0 4 0 199763 0 0 0 0 0 13 0 0 0 0 21
424 212765 N 0 2 22 0 0 0 1 11 15 0 0 212690 0 0 0 14 1 0 0 9 0
425 223167 K 0 0 0 21 0 0 0 11 223087 0 0 2 0 1 20 0 0 0 0 0 25
426 205088 K 0 0 0 17 0 0 0 4 205042 0 1 4 0 4 12 0 0 0 0 0 4
427 221257 V 19 0 7 0 13 2 0 12 0 0 0 0 0 1 0 1 0 221202 0 0 0
428 211751 D 2 0 211624 29 0 30 8 0 1 0 1 13 0 0 0 0 0 18 0 25 0
429 204628 D 2 0 204515 15 0 25 5 0 0 1 0 23 0 1 0 0 0 13 0 26 2
430 206188 G 4 0 0 12 0 206060 0 0 0 1 0 0 0 0 23 0 0 27 61 0 0
431 190548 F 0 0 0 0 190484 0 0 9 0 28 0 0 0 0 0 17 0 4 0 6 0
432 190976 L 0 0 0 0 0 0 0 0 0 190906 12 0 42 5 0 3 0 8 0 0 0
433 157995 D 0 0 157906 10 0 25 6 0 0 0 0 18 0 0 0 0 0 13 0 17 0
434 158942 I 0 0 0 0 6 0 0 158904 0 0 1 5 0 0 0 1 11 14 0 0 0
435 155799 W 0 17 1 0 0 0 0 0 0 27 0 0 0 0 20 7 0 0 155700 0 27
436 159590 T 35 0 1 0 0 0 0 24 14 0 0 0 3 0 6 17 159490 0 0 0 0
437 223911 Y 0 21 1 0 19 0 22 6 0 0 0 4 0 0 0 1 0 0 0 223823 14
438 219648 N 0 0 17 0 0 0 1 8 11 0 0 219584 0 1 0 17 0 1 0 8 0
439 230178 A 230043 2 0 34 0 5 0 1 1 0 0 0 4 2 0 29 32 25 0 0 0
440 261094 E 2 0 12 261004 0 21 0 0 14 0 0 0 0 4 1 0 0 11 0 0 25
441 254839 L 0 0 0 0 24 0 0 0 0 254770 7 0 0 0 0 28 0 0 0 0 10
442 370105 L 0 0 0 0 17 0 0 33 0 369994 0 0 0 0 1 47 0 4 0 0 9
443 368535 V 59 1 30 0 14 3 0 21 0 6 0 0 0 0 0 1 0 368400 0 0 0
444 382279 L 0 0 0 0 0 0 1 28 0 382152 0 0 63 23 4 0 0 8 0 0 0
445 403895 L 0 0 0 0 0 0 0 0 0 403758 31 0 72 27 4 0 2 1 0 0 0
446 399820 E 3 0 17 399623 0 67 0 0 29 0 1 0 0 8 0 0 1 32 0 0 39
447 403969 N 0 0 45 0 0 0 1 25 12 0 1 403843 0 0 0 26 2 0 0 14 0
448 429667 E 2 0 26 429448 0 56 0 0 41 0 0 0 0 11 0 0 2 38 0 0 43
449 441764 R 0 0 0 0 0 116 0 0 47 1 35 0 0 1 441484 46 10 0 24 0 0
450 421804 T 56 0 5 0 0 0 0 28 0 9 0 11 1 0 0 40 421654 0 0 0 0
451 421383 L 0 1 0 0 57 1 0 0 0 421191 27 0 0 0 0 62 0 1 23 0 20
452 385697 D 2 0 385541 19 0 55 5 6 0 0 0 18 0 0 0 0 0 14 0 37 0
453 307714 F 0 0 0 0 307566 0 0 3 0 77 0 0 0 0 0 56 0 0 0 12 0
454 282300 H 0 0 9 0 0 0 282126 0 0 21 1 30 1 33 46 0 1 0 0 32 0
455 277397 D 0 0 277274 14 0 31 4 0 1 1 0 20 0 0 1 0 0 28 0 23 0
456 285451 L 0 0 0 0 14 1 0 14 0 285363 0 0 0 0 0 35 0 3 0 0 21
457 259584 N 0 0 27 0 0 0 0 10 14 0 6 259500 0 1 0 17 1 0 0 8 0
458 261793 V 37 2 0 30 0 2 0 0 0 17 22 0 0 0 0 0 0 261683 0 0 0
459 263611 K 0 0 0 32 0 0 0 0 263492 0 19 25 0 1 28 0 2 0 0 0 12
460 260178 N 0 0 22 0 0 0 0 12 20 2 0 260081 0 0 0 25 0 0 0 16 0
461 258389 L 0 0 0 0 0 0 0 0 0 258312 18 0 28 19 4 0 0 8 0 0 0
462 262151 Y 0 34 1 0 12 0 30 0 0 0 0 18 0 0 0 1 0 0 0 262028 27
463 258807 E 2 0 28 258643 0 36 0 0 38 0 0 0 0 5 0 0 0 20 0 0 35
464 244989 K 0 0 0 26 0 0 0 19 244909 0 0 9 0 0 17 0 1 0 0 0 8
465 251460 V 31 0 0 13 0 1 0 19 0 14 0 0 0 0 0 0 0 251381 0 0 1
466 245876 K 0 0 0 26 0 0 0 6 245813 0 0 8 0 1 12 0 1 0 0 1 8
467 274701 S 4 8 0 0 0 39 0 32 1 0 0 22 0 1 53 274533 8 0 0 0 0
468 272896 Q 0 0 0 10 0 0 10 0 20 14 0 6 2 272755 40 0 0 0 0 0 39
469 284836 L 0 0 1 0 23 0 0 22 1 284731 0 0 0 0 0 39 0 0 0 0 19
470 300807 K 0 0 0 19 0 0 0 0 300682 1 6 27 0 1 59 0 7 0 0 0 5
471 303466 N 0 0 31 7 0 0 0 21 22 0 0 303329 0 0 0 35 0 0 0 21 0
472 319472 N 0 0 38 0 0 0 0 16 26 0 1 319340 0 0 0 36 0 0 0 13 2
473 338640 A 338433 6 39 0 0 10 0 0 0 0 0 0 15 0 0 54 62 21 0 0 0
474 361534 K 0 1 1 44 0 0 0 22 361397 0 0 9 0 9 31 0 1 0 0 0 19
475 364985 E 0 0 18 364833 0 69 0 1 21 0 0 0 0 3 1 0 0 14 0 0 25
476 369827 I 0 0 0 0 9 0 0 369725 0 1 12 23 0 0 0 2 29 26 0 0 0
477 359106 G 7 0 0 21 0 358944 0 0 0 0 0 0 1 0 70 0 0 29 0 0 34
478 346748 N 0 0 33 0 0 0 1 20 18 0 2 346641 0 1 0 25 0 0 0 7 0
479 358019 G 14 0 0 15 0 357783 0 0 0 1 0 0 0 0 47 0 0 62 97 0 0
480 352168 C 0 351961 0 0 17 5 0 0 0 0 0 0 0 0 44 43 0 18 15 50 15
481 371898 F 0 1 0 0 371784 0 0 10 0 55 0 0 0 2 1 31 0 4 0 9 1
482 379321 E 2 0 19 379091 0 56 0 0 34 0 0 0 0 15 0 11 0 16 0 0 77
483 356881 F 0 2 1 1 356743 0 0 22 0 74 0 0 0 0 0 22 0 4 0 12 0
484 380115 Y 0 55 3 0 24 0 76 0 1 4 0 21 0 0 0 6 1 1 0 379896 27
485 351221 H 0 0 11 0 0 0 350998 0 0 38 0 49 6 24 47 1 6 0 0 41 0
486 418628 K 0 0 0 55 0 0 0 0 418457 1 13 21 0 4 45 4 5 2 0 0 21
487 371251 C 0 371084 0 0 22 8 0 0 0 0 0 0 0 0 46 29 0 1 6 33 22
488 375999 D 5 1 375763 24 0 81 10 0 0 0 0 46 0 1 0 0 0 34 0 33 1
489 384764 N 0 0 50 0 0 0 1 24 32 0 0 384610 0 0 0 28 0 0 0 19 0
490 386412 E 3 0 21 386257 0 38 0 0 34 0 0 0 0 6 0 0 0 23 0 0 30
491 382664 C 0 382443 0 0 49 3 0 0 0 0 0 0 0 0 38 44 0 0 10 39 38
492 404470 M 1 0 0 0 0 0 3 106 32 29 404181 0 1 0 2 0 54 61 0 0 0
493 383375 E 1 0 14 383192 0 57 0 0 27 0 0 0 0 22 0 1 1 20 0 0 40
494 363994 S 0 14 0 0 0 37 0 15 0 0 0 30 0 1 31 363863 3 0 0 0 0
495 400526 V 43 1 0 23 0 0 0 51 1 39 0 0 0 0 0 0 0 400367 0 0 1
496 358494 R 1 1 0 4 0 39 0 18 26 1 0 0 0 0 358358 23 3 1 0 0 19
497 354579 N 0 0 30 0 0 0 0 20 18 0 1 354455 0 0 0 35 3 1 0 16 0
498 354057 G 16 1 0 37 0 353832 0 0 0 1 0 0 0 0 46 0 0 45 78 0 1
499 339517 T 43 0 0 0 0 0 0 16 0 2 0 12 4 0 0 41 339399 0 0 0 0
500 323395 Y 0 35 0 0 9 0 39 0 0 2 2 5 0 0 0 2 0 0 0 323256 45
501 357537 D 0 0 357343 21 0 41 10 0 0 0 0 34 0 0 0 0 0 36 0 50 2
502 360604 Y 0 38 3 0 17 0 28 3 0 2 0 4 0 0 0 0 0 0 0 360482 27
503 406041 P 5 0 0 0 0 0 0 0 0 34 0 0 405869 34 15 42 42 0 0 0 0
504 417554 K 0 0 0 40 0 0 0 6 417411 0 0 39 0 0 34 0 2 0 0 0 22
505 418729 Y 0 33 2 0 33 0 23 4 0 0 0 12 0 0 0 0 0 0 0 418608 14
506 424603 S 3 0 0 0 0 0 0 1 0 37 0 0 44 0 1 424433 31 0 0 0 53
507 403452 E 4 0 30 403311 0 34 0 0 18 0 0 0 0 11 0 0 1 11 0 0 32
508 378133 E 1 0 25 377978 0 40 0 0 19 0 0 1 0 7 0 0 0 38 0 0 24
509 390173 S 1 0 0 0 0 0 0 2 0 28 0 0 28 1 0 390027 18 0 0 0 68
510 356973 K 1 0 0 26 0 0 0 0 356875 0 8 7 0 0 38 3 6 0 0 0 9
511 360142 L 0 0 0 0 45 0 0 0 0 360003 22 0 0 0 0 45 0 8 3 0 16
512 375451 N 0 0 52 3 0 0 3 42 39 0 0 375204 0 0 0 72 3 0 0 33 0
513 337330 R 0 0 0 0 0 69 0 0 21 3 134 0 0 10 337000 58 9 0 26 0 0
514 460311 E 2 0 9 459929 0 221 0 4 45 0 0 0 0 14 0 0 0 31 0 0 56
515 412818 K 0 0 0 35 0 0 0 0 412502 0 19 38 1 4 197 0 6 0 0 0 16
516 473751 I 0 0 0 0 0 0 0 473504 24 37 98 0 0 0 0 0 31 55 0 0 2
517 469717 D 0 0 469541 25 0 39 10 0 0 0 0 21 0 0 0 0 0 29 1 51 0
518 425633 G 14 0 0 34 0 425418 0 0 1 1 0 0 0 2 56 0 2 63 0 0 42
519 440704 V 64 0 0 32 0 8 0 0 0 20 28 0 1 1 0 1 0 440548 1 0 0
520 513009 K 1 0 0 50 0 0 0 29 512825 0 0 20 1 1 44 1 2 1 0 0 34
521 490606 L 0 0 0 0 58 0 0 0 0 490450 17 0 0 1 1 57 0 1 2 0 19
522 517901 E 0 0 16 517661 0 75 0 0 38 0 0 2 0 20 0 0 2 22 0 0 65
523 516239 S 16 0 0 0 0 2 0 15 0 33 0 0 56 3 0 516030 32 0 0 0 52
524 549765 M 0 1 0 0 0 0 0 189 31 37 549366 42 0 3 4 0 49 40 3 0 0
525 565945 G 21 1 0 47 1 565301 0 0 0 1 1 0 0 0 67 0 0 255 250 0 0
526 524881 V 69 14 0 34 1 7 0 0 0 74 56 0 0 0 0 0 0 524625 0 0 1
527 553039 Y 0 47 4 0 35 0 93 12 0 1 0 29 1 0 1 5 0 3 0 552766 42
528 538023 Q 0 0 3 14 0 0 44 1 62 31 0 0 14 537646 160 0 0 0 0 0 48
529 435493 I 0 0 1 0 17 0 0 435375 0 2 2 10 0 1 0 0 49 36 0 0 0
530 419382 L 0 0 0 0 0 0 0 0 0 419226 35 0 71 32 3 1 0 14 0 0 0
531 390399 A 390149 0 0 57 0 19 0 0 0 1 0 0 4 0 0 34 24 111 0 0 0
532 463876 I 2 0 1 0 45 0 0 463700 0 3 6 20 0 0 0 12 38 49 0 0 0
533 557382 Y 0 52 13 0 49 0 107 0 0 3 0 28 0 0 0 2 0 0 0 557085 43
534 600153 S 8 0 0 0 0 0 1 0 0 50 0 0 82 3 0 599835 50 0 0 0 124
535 604417 T 69 0 0 0 0 0 0 39 0 1 0 23 4 0 0 45 604235 1 0 0 0
536 581304 V 53 1 53 0 35 3 1 83 0 21 0 0 0 0 1 2 0 581051 0 0 0
537 630459 A 630046 0 81 0 0 17 0 0 0 0 0 0 18 1 1 94 162 38 0 0 1
538 619711 S 0 26 0 0 0 105 0 10 0 2 0 60 0 0 36 619458 12 1 1 0 0
539 579916 S 2 0 0 0 0 0 2 0 0 69 0 0 54 0 0 579702 23 0 0 1 63
540 583528 L 0 0 0 0 0 0 0 0 0 583400 19 0 72 18 5 1 4 7 1 0 1
541 600698 V 88 5 0 46 0 21 0 1 0 34 44 0 0 2 0 0 1 600456 0 0 0
542 618766 L 139 0 0 0 59 0 11 52 0 618314 0 0 162 0 11 0 1 16 0 1 0
543 544840 L 0 0 0 0 88 2 0 0 0 544520 16 0 0 0 1 62 1 0 109 1 40
544 564133 V 110 0 46 0 30 18 0 45 0 13 0 0 0 0 0 12 3 563856 0 0 0
545 544128 S 15 21 0 0 60 0 0 0 0 19 0 0 133 0 0 543780 22 0 0 78 0
546 665578 L 1 0 0 0 0 2 1 1 0 664833 265 0 347 47 11 1 0 13 56 0 0
547 655763 G 25 0 0 62 0 654979 0 0 0 0 0 0 0 3 69 0 0 301 324 0 0
548 546211 A 545814 0 0 73 0 31 0 0 0 0 0 0 17 19 0 59 110 88 0 0 0
549 552786 I 0 0 0 0 46 0 0 552554 0 3 19 39 0 0 0 3 71 51 0 0 0
550 565522 S 0 14 0 0 0 91 0 19 0 0 0 18 1 2 48 565320 9 0 0 0 0
551 606581 F 0 2 1 0 606325 1 0 26 0 143 0 0 0 0 0 52 1 3 0 27 0
552 612076 W 0 96 0 0 0 10 0 1 1 78 0 0 0 1 156 27 0 0 611583 0 123
553 572395 M 1 0 0 0 0 2 0 87 24 49 572100 0 0 0 2 0 47 83 0 0 0
554 545895 C 0 545660 0 0 28 12 0 0 0 0 0 0 0 0 52 46 0 2 3 48 44
555 574352 S 2 18 0 0 52 0 0 0 0 1 0 0 37 0 0 574163 41 0 0 37 1
556 574527 N 0 0 66 0 0 0 2 37 30 0 8 574324 0 1 0 42 1 0 0 11 5
557 510427 G 17 0 0 34 0 510070 0 0 0 0 0 0 0 0 57 0 0 82 166 0 1
558 483832 S 3 6 0 0 32 0 1 0 0 2 0 0 46 0 0 483666 40 3 0 33 0
559 514725 L 0 10 0 0 80 0 0 0 0 514488 25 0 1 0 0 84 0 2 9 0 26
560 463520 Q 0 0 0 26 0 1 25 0 55 17 0 0 11 463091 103 0 0 1 0 0 190
561 313534 C 0 313315 0 0 31 3 0 0 0 2 0 0 0 0 33 29 0 1 9 82 29
562 380289 R 0 0 0 0 0 75 0 34 17 0 0 0 0 1 380112 23 7 0 0 0 20
563 441808 I 0 0 0 0 0 0 0 441633 13 32 28 1 0 0 0 0 35 65 0 1 0
564 443839 C 1 443547 0 0 53 2 0 0 0 1 0 1 0 0 66 49 0 0 13 60 46
565 404594 I 0 0 0 0 28 0 0 404442 0 3 15 26 0 0 0 1 28 51 0 0 0
