# amino-acid counts among definitively called codons
# POSITION TOTAL_COUNTS WT N_A N_C N_D N_E N_F N_G N_H N_I N_K N_L N_M N_N N_P N_Q N_R N_S N_T N_V N_W N_Y N_STOP
1 780196 M 0 0 0 0 0 0 0 177 69 60 779635 0 0 1 6 0 113 131 4 0 0
2 738937 A 738395 0 0 67 0 28 1 1 0 0 0 0 13 0 1 38 44 348 0 1 0
3 787748 S 93 19 0 0 378 1 26 3 0 245 0 3 175 3 30 786059 56 15 1 641 0
4 794730 Q 745 15 0 34 17308 99 52 1880 345 4835 30 2678 428 729191 18288 14560 730 405 62 2946 99
5 716631 G 427 355 118 0 0 712672 2 3 0 1 0 153 130 6 308 1552 138 36 722 8 0
6 604021 T 138 0 0 0 0 1 6 70 0 2 0 21 24 0 11 37 603711 0 0 0 0
7 601961 K 0 0 1 79 0 0 1 38 601681 0 0 68 1 13 54 0 10 0 0 0 15
8 535221 R 0 0 0 0 0 14 0 0 1 42 0 1 11 264 534750 0 2 1 135 0 0
9 558114 S 156 13 0 0 249 0 1 4 0 991 1 191 81 1 1 556305 38 11 1 69 1
10 612335 Y 873 118 8 0 18 25 387 120 0 153 5 107 19 64 2 16 97 5 0 610233 85
11 566718 E 23 2 33 565548 2 104 2 35 126 4 0 2 1 14 302 379 2 101 1 0 37
12 536940 Q 81 4 7 13 20 15 437 103 5637 317 1 58 127 525522 3572 707 156 52 8 4 99
13 653429 M 1 4 27 1 1 3 0 287 50 58 652778 5 0 1 11 1 85 112 2 0 2
14 643366 E 17 10 30 642880 1 120 4 2 84 1 0 1 0 29 4 14 82 38 0 0 49
15 602886 T 110 2 3 23 0 0 56 108 0 14 0 30 20 0 10 41 602468 1 0 0 0
16 673731 D 11 3 673169 90 0 150 29 2 0 0 1 114 3 19 2 5 7 58 0 52 16
17 664392 G 18 0 0 81 2 663582 4 8 26 3 59 0 222 7 117 28 27 61 84 0 63
18 652081 E 104 0 60 650295 17 172 8 16 119 15 0 47 404 20 36 121 192 104 3 3 345
19 650396 R 6 148 21 0 0 22 227 1 0 33 0 0 39 1 649850 42 6 0 0 0 0
20 664359 Q 0 3 0 21 0 2 67 0 37 45 16 0 2071 661673 320 2 2 1 0 0 99
21 636321 N 2 3 79 4 0 15 14 33 242 20 44 634240 13 16 315 852 388 5 2 28 6
22 650036 A 645544 2 4 62 5 142 8 1 40 181 4 1 208 12 438 2783 293 290 1 4 13
23 673308 T 317 599 2 2 45 41 280 72 125 2598 31 85 26 1975 753 483 665725 50 2 31 66
24 635314 E 28 1 68 632105 5 149 163 5 117 6 5 6 18 606 45 26 17 84 1 0 1859
25 553691 I 31 0 3 4 28 4698 1 548666 1 9 18 39 7 9 9 6 84 73 1 2 2
26 599074 R 3 7 0 4 0 164 5 39 122 10 2 3 10 1 598554 68 31 3 0 0 48
27 572626 A 571941 2 1 64 0 19 111 3 1 12 3 44 23 8 78 40 117 152 3 0 4
28 611972 S 538 43 2 2 31 49 29 1 7 19 4 11 132 32 139 608485 34 1 0 293 2120
29 588344 V 86 3 402 13 96 35 0 782 0 16 0 1 2 2 8 6 2 586887 0 0 3
30 613674 G 41 0 2 88 36 613029 1 1 12 1 5 0 8 5 256 29 3 64 58 10 25
31 607374 K 13 5 0 113 0 9 2 28 606699 10 27 67 93 3 168 2 87 7 0 2 39
32 597674 M 7 1 1 11 4 34 0 156 37 57 583689 13418 10 2 53 7 72 100 8 2 5
33 601559 I 2 21 2 1 49 230 0 600827 6 13 19 63 0 9 27 38 84 161 2 0 5
34 592066 D 1106 26 589198 82 2 431 16 471 9 184 13 157 1 12 35 132 60 97 2 30 2
35 537839 G 96 41 5 83 1 537318 2 6 8 10 0 4 27 1 125 7 1 45 0 16 43
36 567962 I 3 3 8 0 21 1 5 567630 1 39 12 39 14 23 18 5 64 75 0 1 0
37 528861 G 45 0 5 62 0 528487 0 9 1 14 0 0 9 0 94 6 2 28 6 3 90
38 480060 R 1 0 6 0 0 10 55 1 26 35 4 0 345 120 479296 0 19 7 0 4 131
39 529897 F 6 9 2 0 527089 7 28 22 0 176 0 2 124 8 4 65 14 9 2299 32 1
40 512038 Y 4 125 12 3 44 11 285 1 5 31 2 33 3 1 9202 10 13 0 5 502173 75
41 452964 I 65 0 2 19 193 48 9 451505 2 134 18 41 17 177 55 175 190 245 4 61 4
42 440232 Q 3 1 0 17 0 2 25 1 39 18 0 1 41 439927 61 38 1 1 2 1 53
43 428508 M 0 2 5 20 24 0 0 84 18 24 428193 4 13 1 2 2 44 64 0 4 4
44 451942 C 47 448410 0 16 29 5 12 5 0 23 0 0 2 0 76 74 6 0 29 93 3115
45 437724 T 85 9 1 0 0 16 6 48 0 28 2 43 16 7 3 2416 435037 2 1 0 4
46 476890 E 5 167 39 475811 0 67 9 3 67 17 0 3 621 11 2 0 9 22 0 2 35
47 540843 L 3 7 0 0 54 0 22 44 0 540485 0 0 90 0 98 5 18 7 1 2 7
48 542515 K 10 0 0 91 4 1 0 15 541772 14 0 74 3 323 55 4 9 31 0 2 107
49 533479 L 21 13 32 22 66 40 36 34 14 524976 3 11 1502 29 1121 488 4847 28 23 16 157
50 526440 S 1176 377 10 24 8 1870 25 40 4 106 1 52 3124 6144 502 511438 1451 21 22 4 41
51 571712 D 11 25 570390 66 0 175 28 187 2 164 23 68 83 1 6 91 278 68 0 31 15
52 594153 Y 254 127 10 177 37 54 158 56 0 34 20 81 3 7 13 21 52 672 16 592286 75
53 561818 E 68 4 95 561081 1 195 0 1 83 10 7 2 31 36 21 52 15 55 4 6 51
54 500055 G 96 0 1 80 6 499433 3 1 3 8 3 3 24 2 117 79 110 33 49 2 2
55 469563 R 18 0 10 0 3 47 8 8 1545 53 0 9 61 117 467472 3 50 18 0 0 141
56 463830 L 15 4 4 20 10 153 12 8 1 462792 40 265 172 34 18 34 202 26 2 13 5
57 488820 I 18 2 7 5 38 41 11 487315 26 285 9 40 13 6 53 24 93 804 0 20 10
58 471748 Q 10 6 1 17 2 11 53 17 84 37 3 6 182 470998 188 42 18 13 2 2 56
59 453927 N 20 9 73 16 3 22625 7 33 56 19 61 430164 407 17 53 66 37 212 9 26 14
60 367722 S 17 14 2 0 1 55 1 24 2 32 7 53 0 5 644 366819 27 4 2 9 4
61 359105 L 7 5 1624 5 39 5 8 12 0 357166 1 19 24 6 30 74 17 14 2 5 42
62 333068 T 139 34 5 507 24 11 13 36 39 13 1 15 103 7 13 548 331537 8 5 5 5
63 354578 I 4162 70 0 4 2 5 1 349527 31 68 201 0 34 62 7 31 51 63 0 19 240
64 363934 E 14 7 35 363372 4 62 2 5 71 11 0 13 39 110 31 26 29 51 1 24 27
65 345247 R 15 0 2 3 0 64 1 28 34 11 0 16 34 2 344909 36 33 15 0 2 42
66 357629 M 2 0 1 1 0 5 0 69 30 30 357320 4 2 1 6 71 33 53 0 1 0
67 346798 V 62 1 0 42 0 20 0 6 0 30 57 0 4 1 0 1 1 346573 0 0 0
68 373297 L 1 0 4 0 38 4 13 36 2 372828 0 0 142 25 147 4 11 16 3 6 17
69 387653 S 7 11 0 3 25 0 19 2 2 20 0 20 74 0 13 387401 21 0 0 34 1
70 412569 A 410010 13 86 1 7 114 0 5 4 6 0 8 26 1 8 1848 361 43 1 9 18
71 399013 F 20 3 4 5 398538 9 3 15 2 85 0 4 250 4 8 37 4 4 0 16 2
72 400534 D 13 11 400192 34 19 102 10 8 12 3 0 58 4 0 5 6 12 22 0 20 3
73 371646 E 2 17 21 353862 1 72 1 51 111 17359 0 7 6 14 6 35 34 28 1 5 13
74 377969 R 3 0 538 4 3 81 1 32 98 1 0 0 8 1 377135 25 16 1 5 0 17
75 380666 R 0 0 0 0 0 70 0 0 57 0 29 0 10 0 380411 30 5 0 22 21 11
76 404082 N 3 3 60 10 5 38 1 52 43 2 35 403683 9 3 1 77 21 1 15 18 2
77 404314 K 13 28 0 88 0 29 381 35 403284 34 0 62 30 4 208 20 19 44 4 8 23
78 314436 Y 2 44 1 0 28 8 52 7 2 4 0 30 3 0 18 2 6 4 2 314186 37
79 307262 L 25 2 2 0 0 7 0 8 0 307019 20 6 75 16 18 12 14 13 3 2 20
80 282962 E 34 17 32 282451 3 60 7 14 71 21 5 22 1 45 10 47 50 30 5 16 21
81 266351 E 18 22 58 265349 6 66 34 55 59 30 11 45 3 12 34 189 6 310 1 0 43
82 305973 H 4 0 13 1 49 1 304960 42 113 32 24 83 5 207 83 186 67 17 1 61 24
83 401666 P 228 121 3 16 48 22 41 4 3 44 1 17 400282 579 41 99 37 36 1 5 38
84 400800 S 2538 94 3 0 1 227 2 29 3 14 2 1430 13 34 87 396204 74 9 19 4 13
85 420956 A 419198 123 1 45 33 473 4 0 24 94 0 40 23 8 262 139 237 218 8 7 19
86 467864 G 95 4 1 65 0 467150 56 7 19 35 0 44 47 54 124 27 16 42 55 2 21
87 488585 K 7 1 1 194 2 9 2 27 487926 7 25 118 19 7 122 9 47 10 0 10 42
88 498337 D 8 12 497629 42 27 82 12 17 4 49 1 83 25 102 7 105 13 61 2 32 24
89 455993 P 188 105 24 4 8 78 46 195 5 528 3 29 452042 36 24 167 49 381 22 26 2033
90 457847 K 149 7 0 54 14 51 120 61 455081 33 17 64 0 1624 379 18 88 59 5 1 22
91 422837 K 1 1 9 48 0 0 3 23 422333 8 0 17 1 0 212 23 4 1 5 0 148
92 382652 T 52 0 0 0 0 1 0 15 7 26 8 59 24 0 2 31 382425 1 0 1 0
93 380588 G 34 0 0 34 7 380317 0 3 4 5 0 0 6 10 70 8 34 17 3 1 35
94 357400 G 14 0 7 30 0 357216 0 5 1 2 0 8 3 2 49 6 6 18 0 0 33
95 375200 P 18 0 1 0 0 3 43 3 1 27 1 0 374993 2 10 61 26 8 0 1 2
96 413812 I 10 1 1 24 1 4 6 413359 31 113 55 3 23 0 8 18 53 61 5 29 7
97 440492 Y 9 57 3 1 40 2 69 6 6 1 0 48 10 7 3 13 10 6 0 440162 39
98 379588 K 30 0 0 88 1 16 47 11 378791 21 40 41 84 18 113 106 60 66 9 12 34
99 282060 R 1 1 0 4 0 68 2 15 30 2 0 4 3 0 281842 22 28 3 0 1 34
100 278503 V 163 19 4 27 21 162 2007 55 0 70 12 124 118 10 124 133 101 275311 37 1 4
101 332588 D 85 1 331984 36 4 65 6 3 4 63 0 92 54 1 8 10 122 32 0 12 6
102 349478 R 5 6 1 4 16 89 0 20 59 38 1 1 5 2 348917 29 21 3 71 168 22
103 367185 K 0 0 0 52 0 0 0 4 366974 1 6 22 8 1 71 11 13 6 0 0 16
104 377096 W 20 24 4 5 8 8 0 10 0 31 1 2 2 0 63 15 1 11 376790 6 95
105 388385 M 2 2 2 8 17 7 8 109 32 857 387159 0 10 0 13 5 64 85 0 2 3
106 405570 R 2 1 8 4 0 100 0 0 52 4 48 0 14 5 405249 42 5 0 34 2 0
107 402564 E 10 0 28 402092 0 89 0 4 220 2 3 10 10 18 6 12 8 22 0 0 30
108 400778 L 0 1 3 0 32 5 31 15 12 400565 0 0 81 0 2 3 19 7 1 1 0
109 385604 V 77 1 39 1 17 19 0 96 1 76 1 3 5 1 4 5 4 385252 0 0 2
110 411602 L 0 0 3 0 36 3 20 58 0 411333 0 1 102 0 28 2 0 7 0 0 9
111 398282 Y 26 66 22 0 29 8 105 11 0 9 14 12 13 7 0 77 41 5 0 397802 35
112 345381 D 25 0 344908 44 4 98 47 6 1 2 0 116 4 4 3 6 6 43 0 58 6
113 315459 K 0 0 0 37 5 2 5 11 315250 9 1 20 3 17 43 28 10 0 1 3 14
114 370941 E 14 3 22 370572 10 96 31 2 59 22 0 0 3 21 10 1 4 15 35 8 13
115 423319 E 6 0 25 423073 0 63 9 2 54 3 0 2 2 10 25 7 2 24 0 1 11
116 449442 I 6 1 2 8 0 22 1 436465 30 29 106 13 2 3 14 6 52 12455 0 1 226
117 424021 R 2 0 4 8 16 100 4 8 51 13 40 15 7 907 422699 39 33 37 31 1 6
118 408417 R 16 1 2 0 4 17 9 1 0 37 0 0 17 87 408129 8 19 1 0 2 67
119 435435 I 4 2 0 0 12 0 1 435146 0 6 3 31 9 0 5 1 45 169 0 0 1
120 408639 W 2 27 0 0 0 9 0 2 7 38 1 0 8 0 127 10 1 3 408292 0 112
121 419791 R 7 128 1 2 18 30 190 5 86 50 0 3 43 6 419149 48 10 5 1 3 6
122 396877 Q 3 5 1 7 0 1 55 7 43 91 0 0 239 396135 150 12 12 61 0 5 50
123 457080 A 456022 1 36 0 0 481 2 3 0 3 1 0 19 0 27 99 81 147 0 0 158
124 506608 N 8 17 65 1 2 4 32 43 53 8 0 506199 11 9 12 91 8 0 16 23 6
125 495985 N 22 0 72 38 13 41 45 51 72 41 117 495062 1 7 23 158 138 27 0 43 14
126 393318 G 406 208 74 1 1 391569 5 27 22 538 1 8 4 11 247 104 37 52 1 0 2
127 391684 D 34 3 386532 83 57 116 465 5 4 3377 116 268 11 8 45 227 124 66 69 67 7
128 381629 D 1200 0 377954 38 18 318 1330 4 19 308 1 105 4 6 34 128 34 37 0 79 12
129 386425 A 384109 32 1 25 10 1303 10 7 5 20 3 11 26 2 484 22 185 163 0 2 5
130 342545 T 50 1 1 0 13 0 129 49 22 296 13 10 9 5 36 28 341494 375 0 12 2
131 311235 A 310937 4 19 17 0 6 34 0 0 5 1 2 68 2 13 53 51 17 1 0 5
132 382898 G 16 23 35 3 0 382668 0 26 6 1 0 3 15 0 14 41 0 40 1 1 5
133 407073 L 20 1 1 1 2 19 8 67 4 406713 28 3 138 25 12 4 2 25 0 0 0
134 483478 T 126 21 0 1 0 23 1 47 1 5 0 24 22 0 2 107 483077 13 0 3 5
135 508232 H 30 3 15 8 0 9 507772 2 7 44 1 45 48 48 75 11 19 0 0 76 19
136 545159 M 4 10 1 24 1 10 16 187 45 216 544148 28 21 13 16 28 123 223 2 22 21
137 558520 M 1 0 10 5 0 2 3 138 46 42 557989 5 17 3 6 32 96 102 2 2 19
138 502759 I 6 0 0 0 32 1 0 502497 7 15 8 22 22 1 1 1 66 80 0 0 0
139 479097 W 2 47 3 0 3 26 0 8 1 44 0 0 2 1 160 20 14 0 478611 0 155
140 458429 H 4 0 29 0 1 6 458105 5 0 24 0 34 16 29 68 5 0 0 0 103 0
141 455348 S 3 8 8 1 54 0 2 0 2 1 0 1 68 0 5 455138 22 3 0 31 1
142 450874 N 5 2 68 3 1 6 6 18 29 4 0 450630 3 3 16 61 4 0 0 12 3
143 441576 L 0 3 0 1 47 1 16 7 7 441339 18 5 10 1 14 73 0 4 5 1 24
144 421361 N 1 0 101 1 0 0 11 12 37 0 1 421102 0 0 1 66 7 3 0 17 1
145 407772 D 3 0 407538 22 0 49 6 6 0 6 0 55 2 4 0 7 12 34 0 27 1
146 397023 T 427 31 5 1 0 8 1 59 27 8 0 0 20 2 21 235 396163 1 0 2 12
147 493003 T 102 3 0 1 1 1 2 62 30 0 0 5 28 3 12 43 492698 6 0 2 4
148 437712 Y 4 60 2 0 29 2 78 5 0 8 1 18 3 0 0 6 1 1 1 437453 40
149 433690 Q 2 0 1 19 2 0 33 14 31 34 2 0 22 433353 115 2 6 0 0 1 53
150 404425 R 0 0 2 3 0 100 2 0 58 2 29 0 1 0 404153 27 22 2 21 2 1
151 437191 T 77 0 1 1 2 6 1 38 14 8 1 3 6 8 10 50 436962 1 0 0 2
152 456246 R 0 2 8 4 0 78 0 31 71 0 0 0 5 2 455878 20 8 6 0 0 133
153 501467 A 501085 0 25 0 29 48 1 0 2 10 0 1 32 5 14 31 104 58 0 16 6
154 533061 L 1 24 0 10 47 8 18 300 37 532452 1 1 94 1 17 13 8 17 0 2 10
155 542868 V 91 5 45 2 17 29 1 84 7 17 0 1 8 4 4 10 10 542526 0 1 6
156 550722 R 7 148 1 0 1 32 215 1 9 36 1 0 22 212 549921 51 2 14 0 8 41
157 552511 T 445 52 17 0 5 12 8 108 0 1 0 17 27 6 29 144 551466 151 6 1 16
158 561630 G 33 41 141 5 9 561034 7 3 2 14 7 4 16 8 17 213 9 60 0 1 6
159 580835 M 9 2 1 1 0 6 14 248 22 277 579941 3 24 2 18 46 84 128 3 0 6
160 663632 D 5 8 663012 57 1 149 12 12 0 9 0 79 31 4 5 3 6 45 98 73 23
161 588257 P 232 3 8 3 0 132 65 3 26 65 0 0 584990 4 35 2578 67 21 7 1 17
162 554847 R 1 0 9 30 0 262 20 4 74 2 43 11 2 10 554245 40 17 10 38 3 26
163 511474 M 8 24 4 4 0 8 14 174 24 90 510810 3 3 9 15 17 74 156 26 0 11
164 504764 C 936 503063 14 0 30 13 5 215 38 7 1 15 7 0 82 61 17 9 16 202 33
165 478751 S 153 16 0 0 39 11 3 1 1 26 0 59 114 6 7 478232 30 3 1 35 14
166 479187 L 6 0 1 54 3 7 0 19 7 478713 117 2 128 46 27 5 6 20 1 1 24
167 470177 M 1 4 0 0 1 5 3 168 39 64 469688 26 2 1 21 20 74 50 1 5 4
168 441325 Q 1 0 35 15 0 6 63 2 30 17 14 3 16 440765 152 13 30 9 0 2 152
169 407337 G 20 23 49 3 3 407098 2 14 4 7 0 0 4 1 5 43 12 32 10 4 3
170 434126 S 13 3 4 2 2 2 1 0 2 122 1 1 40 4 5 433870 18 0 9 0 27
171 423628 T 88 8 0 2 0 0 0 41 0 9 0 17 6 12 10 54 423369 12 0 0 0
172 452163 L 5 4 0 1 27 2 31 82 2 451828 0 0 146 1 3 2 0 9 0 1 19
173 587462 P 55 3 10 4 4 1 76 7 1 96 3 5 586977 14 29 64 50 21 1 3 38
174 590449 R 1 7 0 8 8 118 2 5 40 16 45 0 4 0 590073 48 20 2 31 1 20
175 468844 R 0 0 0 3 0 105 3 1 114 10 35 1 5 4 468493 23 11 1 23 0 12
176 499391 S 14 2 0 13 40 7 6 1 0 0 0 1 73 0 3 499148 33 3 2 40 5
177 518896 G 5 0 2 49 0 518609 0 1 0 20 0 0 4 3 108 11 2 33 1 0 48
178 495566 A 495065 0 45 1 1 8 22 21 3 32 19 26 46 5 35 75 91 70 0 0 1
179 512330 A 511841 1 1 51 1 20 0 0 5 2 0 0 18 0 3 46 221 114 2 0 4
180 524601 G 15 43 58 0 4 524327 2 2 2 0 0 0 1 1 15 74 10 32 13 0 2
181 521578 A 520872 4 39 2 83 101 3 7 12 25 26 10 14 9 57 61 183 48 0 17 5
182 536777 A 536078 0 0 45 0 27 29 0 1 14 1 0 13 4 15 41 200 298 7 1 3
183 589651 V 95 0 43 17 41 14 1 529 1 22 2 1 2 0 25 23 22 588811 1 0 1
184 601872 K 15 0 0 85 7 12 0 28 601410 3 8 107 18 43 85 5 11 7 0 1 27
185 509448 G 15 1 1 94 0 509098 8 1 1 13 1 5 34 4 76 0 1 31 0 0 64
186 503679 V 65 2 41 2 23 6 10 221 1 16 3 2 9 16 8 17 12 503219 0 1 5
187 499725 G 33 0 5 71 10 499319 0 5 18 13 0 0 2 1 94 10 18 49 69 8 0
188 403575 T 110 2 4 2 0 1 3 49 17 3 0 2 3 3 16 63 403290 3 0 0 4
189 332052 M 7 2 0 0 0 10 6 79 20 50 331257 4 2 271 23 1 38 276 4 0 2
190 324249 V 71 2 0 26 1 32 0 2 0 17 42 0 0 8 14 23 3 323990 0 3 15
191 313024 M 0 0 0 1 3 4 0 64 28 40 312770 6 0 2 10 4 40 51 0 0 1
192 290332 E 7 0 14 290077 4 70 1 0 26 8 0 0 4 7 3 0 0 20 3 67 21
193 360477 L 21 7 0 0 15 14 0 4 7 360233 23 0 13 17 3 82 6 9 6 1 16
194 433641 I 3 0 9 6 4 0 0 433269 21 50 69 1 30 2 2 7 73 74 1 0 20
195 409352 R 2 4 0 0 0 98 1 5 47 4 55 1 17 1 409036 38 10 1 25 1 6
196 423398 M 29 0 0 1 2 4 0 98 36 40 422962 0 4 10 9 3 108 89 2 0 1
197 455685 I 9 0 12 7 35 7 1 455320 1 12 16 49 1 1 1 4 119 89 0 1 0
198 431789 K 0 0 0 52 1 5 1 7 431544 5 3 29 2 20 79 2 16 10 0 0 13
199 404392 R 0 60 0 2 0 7 89 0 3 25 0 0 14 1 404160 21 6 4 0 0 0
200 400231 G 14 1 0 46 7 399983 0 6 0 0 0 1 0 1 96 1 4 36 32 2 1
201 397253 I 19 251 1 1 37 8 0 396552 0 5 12 21 5 3 0 23 71 243 0 1 0
202 408542 N 6 3 73 1 23 4 8 15 29 4 1 408207 20 1 2 82 6 18 1 35 3
203 384331 D 8 4 384122 29 0 54 5 0 0 0 0 54 0 3 2 1 0 25 0 17 7
204 400056 R 2 0 5 1 6 10 8 4 0 81 11 8 12 105 399679 8 7 0 97 2 10
205 418487 N 8 20 50 0 1 4 5 19 38 10 0 418149 5 0 0 127 16 1 3 31 0
206 500328 F 0 3 0 1 499977 1 2 17 2 186 0 5 10 1 6 54 2 13 0 48 0
207 516240 W 0 39 1 0 3 6 10 1 0 53 0 6 3 0 174 28 5 2 515738 0 171
208 381071 R 0 0 0 10 0 111 0 21 36 12 0 9 1 4 380760 58 4 2 5 0 38
209 412997 G 8 39 49 1 22 412783 4 0 1 8 0 0 0 1 23 48 0 8 0 0 2
210 439211 E 2 2 20 438932 0 85 0 0 64 4 0 1 2 8 6 2 1 24 0 0 58
211 426323 N 316 47 135 174 0 0 17 56 36 567 15 424611 52 19 7 170 14 71 0 10 6
212 401040 G 21 2 3 59 1 400786 1 0 1 4 0 0 1 0 89 5 2 25 2 0 38
213 392774 R 0 2 0 1 0 23 0 5 4 26 1 1 12 84 392512 3 9 3 1 4 83
214 384136 K 0 0 0 55 0 0 5 16 383925 2 1 24 0 1 72 3 5 14 3 5 5
215 383073 T 180 1 0 0 0 1 2 21 20 0 0 10 68 31 7 41 382687 3 0 0 1
216 358218 R 5 1 1 1 0 80 1 1 70 0 41 2 0 2 357956 35 5 0 17 0 0
217 332975 S 118 41 1 3 24 66 30 41 1 63 4 66 2 536 55 331844 28 12 0 40 0
218 352266 A 351997 4 31 2 0 15 0 0 0 3 0 0 6 0 10 28 126 44 0 0 0
219 350802 Y 0 55 4 3 21 2 60 2 0 7 0 4 3 0 1 4 21 0 0 350576 39
220 361225 E 1 0 33 360967 0 67 0 0 71 1 2 0 0 10 3 0 0 34 0 0 36
221 322939 R 0 2 5 3 0 61 0 19 42 15 1 0 0 0 322753 10 7 0 0 0 21
222 287763 M 31 0 0 2 4 0 0 71 24 21 287286 9 2 4 4 0 38 39 0 227 1
223 359864 C 0 359575 0 0 28 11 0 0 0 5 0 0 0 1 71 41 0 1 25 77 29
224 371967 N 0 1 65 0 0 0 14 31 30 2 0 371715 0 1 12 47 4 29 0 16 0
225 384889 I 0 0 0 0 16 7 1 384721 0 7 1 19 0 1 1 10 63 41 1 0 0
226 398923 L 1 1 0 0 31 1 43 30 0 398721 0 0 68 1 1 14 1 10 0 0 0
227 410705 K 0 0 0 52 0 0 0 31 410512 2 0 26 0 14 47 3 3 0 0 0 15
228 417333 G 16 0 0 47 0 417151 3 0 0 2 0 5 2 0 52 8 5 19 0 0 23
229 427318 K 3 1 0 60 0 2 0 13 427115 3 0 53 10 2 33 0 9 1 1 0 12
230 445853 F 1 6 0 2 443771 1 1 43 0 1897 0 9 15 6 4 64 1 19 0 13 0
231 419364 Q 99 0 1 12 1 35 15 0 1336 49 6 0 8 417351 382 12 2 4 0 1 50
232 393497 T 59 4 0 0 0 5 1 33 154 3 0 13 23 4 54 15 393086 43 0 0 0
233 388182 A 387677 0 34 1 0 30 36 1 0 1 0 0 236 6 9 20 89 42 0 0 0
234 335434 A 334988 2 2 27 0 17 2 0 1 8 1 0 56 0 3 162 124 41 0 0 0
235 326679 Q 6 0 1 12 0 2 28 1 29 15 0 0 8 326473 51 2 10 3 0 0 38
236 319032 R 1 0 0 4 4 115 0 2 471 0 26 0 5 2 318340 32 4 1 21 3 1
237 314463 A 314044 6 1 24 2 70 5 3 0 1 0 14 11 15 15 98 60 89 4 0 1
238 326436 M 137 8 1 18 0 5 0 89 18 23 326004 15 4 12 3 14 36 35 0 2 12
239 289495 M 14 14 0 3 0 18 0 102 20 42 288726 2 0 1 7 13 56 477 0 0 0
240 343760 D 2 3 343330 52 0 193 52 3 1 2 0 53 2 4 1 5 1 26 0 29 1
241 327723 Q 2 0 1 14 0 4 18 5 25 37 1 1 3 327466 99 3 4 4 1 0 35
242 379031 V 73 1 2 25 0 7 2 0 4 21 61 1 10 5 84 5 2 378724 1 0 3
243 377613 R 6 1 3 5 2 91 0 19 440 1 0 1 4 7 376934 41 18 0 0 0 40
244 373637 E 15 5 26 373393 0 67 0 4 47 1 0 5 2 8 13 5 3 24 0 2 17
245 402804 S 21 9 1 1 0 988 2 8 1 33 3 57 44 0 44 401574 11 5 2 0 0
246 386156 R 1 7 1 5 2 11 21 5 1 42 0 0 10 121 385826 14 0 5 78 5 1
247 391600 N 4 535 56 1 0 2 1 26 45 3 0 390818 0 1 5 63 17 5 0 15 3
248 418094 P 16 9 0 5 2 0 1 3 0 59 0 0 417854 35 18 33 48 0 5 0 6
249 438384 G 6 7 0 75 1 438075 2 4 2 6 0 0 1 3 118 5 1 19 0 1 58
250 419787 N 3 6 58 0 7 6 6 24 47 12 12 419389 6 8 3 119 10 13 7 13 38
251 448433 A 447873 5 52 1 0 12 0 0 1 27 2 1 9 0 0 31 99 317 1 1 1
252 431996 E 14 1 32 431708 0 93 0 0 58 2 0 0 1 8 2 5 0 26 0 0 46
253 451817 I 11 0 1 1 32 6 0 451585 0 1 13 22 0 14 0 4 40 87 0 0 0
254 437273 E 2 0 26 436984 0 62 0 0 121 1 0 0 0 8 0 0 1 35 0 0 33
255 441640 D 4 0 441404 28 4 44 10 4 1 8 2 66 0 0 1 4 1 34 0 25 0
256 421993 L 9 16 1 2 35 6 43 36 0 421697 2 2 93 3 16 4 14 11 0 0 3
257 423854 I 3 3 0 6 61 5 8 423370 0 147 12 28 10 2 2 41 73 67 2 9 5
258 380879 F 0 5 0 15 380635 14 0 21 6 88 0 0 7 4 3 52 1 14 0 14 0
259 366102 L 2 0 2 0 0 9 6 3 0 365914 22 8 43 31 12 14 4 28 3 1 0
260 371908 A 371493 2 0 35 8 52 1 0 0 7 0 0 17 0 7 99 82 104 0 0 1
261 315514 R 0 0 0 0 0 10 1 0 5 22 0 1 5 59 315335 0 1 0 75 0 0
262 393902 S 14 11 1 5 40 5 1 8 4 5 0 4 55 2 12 393656 36 6 2 20 15
263 387244 A 385065 2 0 35 4 39 4 5 2 5 2 1 18 3 26 34 1869 127 0 3 0
264 324799 L 2 1 0 0 37 4 21 24 2 324549 27 0 59 14 3 3 11 29 0 8 5
265 342743 I 21 32 2 1 2 10 7 342308 21 108 58 2 5 8 5 3 81 59 0 0 10
266 355941 L 4 7 5 14 30 3 3 20 8 355623 18 1 1 2 16 84 2 77 3 0 20
267 342311 R 11 0 0 1 0 61 0 22 81 5 0 3 4 1 342054 30 13 0 0 0 25
268 372965 G 10 1 0 38 0 372107 4 2 0 2 0 2 29 4 82 167 22 459 34 2 0
269 392600 S 5 2 28 0 0 11 1 0 0 60 4 0 100 1 14 392282 39 5 1 0 47
270 398426 V 52 3 28 0 31 4 0 45 8 18 2 1 3 2 10 1 20 398191 0 3 4
271 386438 A 386168 0 20 8 0 47 1 0 1 14 0 2 14 0 0 32 77 51 0 1 2
272 387870 H 6 0 10 0 4 15 387565 3 2 38 0 30 33 41 50 15 7 6 0 43 2
273 387886 K 3 0 2 27 0 4 2 21 387644 9 2 54 8 8 47 6 18 6 1 2 22
274 370995 S 6 4 1 2 19 7 0 18 0 34 0 22 60 0 1 370739 41 4 0 28 9
275 334536 C 38 333812 2 1 18 14 0 152 2 25 0 4 11 11 74 258 6 8 5 39 56
276 270081 L 0 6 0 0 0 1 0 1 2 269744 32 3 23 33 12 9 7 7 1 0 200
277 209401 P 24 4 0 2 0 22 28 2 1 47 0 5 209054 1 39 97 67 3 0 3 2
278 183572 A 183118 52 40 1 0 154 0 1 14 4 4 8 24 0 6 38 76 27 4 0 1
279 155649 C 1 155347 0 7 14 11 0 1 2 2 4 3 2 4 127 23 5 3 15 50 28
280 144556 V 29 9 0 15 6 6 0 355 1 37 21 0 3 1 3 1 2 144062 0 0 5
281 95353 Y 1 23 1 33 5 3 22 16 4 5 3 2 3 0 1 2 0 8 4 95191 26
282 57198 G 21 12 1 18 3 57045 0 1 7 9 0 1 2 3 29 8 1 11 10 6 10
283 123516 P 9965 1 1133 5 7 2675 89 5079 331 214 417 7 101901 30 272 158 144 1045 37 3 3
284 268522 A 268052 0 45 7 0 10 44 0 2 1 0 0 36 0 20 36 146 91 31 0 1
285 269211 V 47 2 1 15 0 6 4 104 0 33 0 0 25 5 4 27 10 268923 1 1 3
286 307494 A 307294 2 26 0 1 8 1 4 0 6 0 0 9 39 6 38 30 26 0 3 1
287 389045 S 0 22 0 1 0 71 0 13 0 0 0 89 0 6 132 388694 17 0 0 0 0
288 432452 G 9 17 29 3 0 432150 1 0 0 1 0 0 1 0 172 47 0 22 0 0 0
289 437884 Y 400 61 3 0 28 0 2688 0 27 249 0 15 0 6 8 21 36 8 0 434311 23
290 471431 D 3 1 471106 42 0 68 32 0 0 2 0 99 33 3 1 0 2 23 0 16 0
291 475474 F 0 4 0 0 475197 0 1 21 0 123 2 0 7 0 4 74 0 4 0 37 0
292 480184 E 47 0 9 479479 25 127 42 6 129 121 5 0 7 125 17 6 0 17 0 5 17
293 480723 K 10 0 1 45 0 15 11 8 480501 8 0 29 0 5 75 1 2 2 0 0 10
294 474279 E 1408 28 504 459459 11 183 131 5 156 8 8 1463 4 712 8696 143 1246 87 0 2 25
295 454565 G 10 1 6 72 0 454334 0 1 1 1 0 0 0 0 50 1 4 42 1 1 40
296 403023 Y 4 70 2 0 16 1 43 9 0 7 0 29 3 0 5 1 1 1 0 402793 38
297 364245 S 7 6 0 0 24 3 1 3 7 13 0 1 49 0 3 363798 303 2 0 25 0
298 320644 L 1 0 0 4 10 1 0 4 3 320497 1 2 6 8 10 49 6 5 0 2 35
299 353392 V 39 1 2 26 0 5 4 2 0 32 37 3 11 0 5 17 4 353196 6 0 2
300 263743 G 13 1 0 66 0 263529 7 0 1 3 0 1 1 0 41 3 2 27 0 4 44
301 415978 I 3 0 0 10 1 6 2 415332 28 164 229 2 7 0 38 4 52 91 1 1 7
302 415054 D 70 25 413992 51 4 76 24 4 1 1 0 92 9 538 44 22 10 46 8 35 2
303 398172 P 24 3 1 1 0 4 31 2 8 25 0 0 397996 0 14 37 23 1 0 0 2
304 451757 F 25 16 0 9 451198 19 1 147 5 96 7 1 9 7 12 84 0 51 0 55 15
305 451640 K 14 1 3 80 1 1 23 23 451278 5 1 55 7 17 64 6 10 18 0 7 26
306 444394 L 13 2 3 0 0 11 1 13 1 444121 21 0 73 93 16 9 3 10 1 0 3
307 458202 L 23 7 2 7 42 12 17 19 1 457467 3 0 89 472 14 6 1 12 0 2 6
308 461611 Q 47 27 1 9 1 0 79 2 33 1155 0 0 15 459830 75 15 0 38 239 1 44
309 457955 N 99 0 54 4 62 1578 41 32 347 2357 0 446856 0 24 3542 2807 119 11 12 7 3
310 456515 S 38739 377 3 6 167 101 37 59 0 7 5 76 6 19 55 416454 100 293 0 11 0
311 488444 Q 4 5 17 9 1 19 31 13 106 52 2 4 9 475369 5809 1995 4918 15 4 0 62
312 521090 V 116 2 15 42 0 5 0 202 11 41 2 3 18 5 7 9 66 520542 1 2 1
313 484876 Y 178 98 6 7 90 12 68 16 1 6 3 48 13 7 14 8 9 11 6 484207 68
314 485133 S 75 29 2 2 1 165 21 39 0 6 1 60 11 7 89 484570 44 5 1 2 3
315 480404 L 9 16 4 13 9 16 9 124 38 479809 3 3 171 33 41 4 2 60 0 6 34
316 533056 I 5 5 0 0 17 7 0 532760 0 29 20 47 2 1 0 4 75 82 0 0 2
317 492946 R 13 0 5 0 0 172 0 24 109 8 0 0 3 8 492516 41 15 4 0 0 28
318 489586 P 34 0 6 31 53 45 18 8 34 122 1 0 488970 42 39 61 38 82 1 0 1
319 503636 N 0 15 50 7 0 199 1741 21 570 33 1 499908 8 17 160 456 399 31 0 14 6
320 525532 E 3 0 37 525126 9 119 2 0 76 23 0 0 0 9 9 10 4 57 15 0 33
321 550427 N 9 10 81 1 3 19 3 42 59 12 2 549947 2 17 36 126 6 16 1 16 19
322 556176 P 12 1 15 1 0 44 1 4 0 91 1 2 555807 43 27 51 34 21 1 17 3
323 564401 A 561670 66 1 41 214 35 114 296 1 131 2 170 29 83 1000 50 106 379 0 7 6
324 598881 H 7 0 20 4 2 6 598385 28 1 79 0 58 19 66 107 13 5 0 0 77 4
325 587653 K 4 0 0 172 0 0 0 0 587228 2 29 37 0 6 136 3 20 5 0 0 11
326 490799 S 1 32 0 0 0 78 0 24 1 2 0 76 2 0 56 490517 10 0 0 0 0
327 490383 Q 2 0 0 13 1 3 47 0 41 24 0 7 12 490028 135 1 1 6 0 0 62
328 413617 L 13 8 16 0 5 13 7 101 11 413228 56 1 61 16 17 8 3 26 2 1 24
329 457111 V 67 2 1 35 2 26 0 1 7 24 43 0 8 0 29 15 1 456821 22 3 4
330 449505 W 2 66 14 0 8 15 3 4 1 63 0 4 0 1 87 17 0 33 449032 1 154
331 421241 M 15 1 3 1 0 14 1 149 32 102 420710 0 18 4 12 16 50 67 10 2 34
332 443181 A 442666 0 14 37 3 49 2 9 17 1 0 11 26 0 14 81 136 111 0 1 3
333 481693 C 15 480944 2 2 46 79 0 1 8 19 6 4 5 7 142 184 7 10 35 122 55
334 496128 N 5 19 74 7 0 2 376 39 12 2 0 495388 13 6 2 133 3 1 0 35 11
335 451866 S 4 15 0 17 33 1 2 7 0 22 2 12 66 0 5 451602 33 0 1 39 5
336 428810 A 427832 1 41 0 0 124 3 6 3 536 0 5 20 0 2 61 109 62 1 0 4
337 411303 A 411029 2 6 32 0 28 2 3 0 4 1 0 16 6 2 37 70 60 0 4 1
338 425197 F 5 4 0 0 424954 10 2 32 1 70 7 5 7 0 1 48 3 19 0 24 5
339 418936 E 3 1 50 418656 0 105 1 0 40 1 0 0 0 9 0 1 0 31 0 0 38
340 385503 D 2 1 385283 15 0 59 7 4 1 11 1 45 2 0 0 3 1 26 0 42 0
341 409525 L 0 9 1 0 0 0 0 35 3 409261 3 0 81 24 3 9 82 11 0 0 3
342 397471 R 1 9 0 2 7 68 0 23 45 3 0 0 3 4 397248 31 4 5 0 0 18
343 362306 V 55 0 1 23 0 3 0 627 0 26 0 0 0 1 8 2 0 361558 0 2 0
344 352912 L 0 0 4 0 36 12 4 23 0 352721 0 0 4 0 7 46 12 5 0 6 32
345 307608 S 1 13 2 0 1 291 2 19 4 1 1 32 6 1 30 307128 66 2 1 0 7
346 271430 F 30 3 1 2 271205 1 0 7 0 83 0 0 1 0 1 43 1 12 12 22 6
347 340428 I 0 2 4 0 16 12 0 340180 0 40 10 32 0 0 0 5 48 62 0 0 17
348 319276 R 6 0 1 0 1 86 0 17 34 6 0 0 2 6 319044 28 11 3 0 0 31
349 307222 G 12 0 0 39 0 306968 1 0 0 0 0 0 10 0 133 1 0 28 28 0 2
350 411605 T 99 7 33 0 111 4630 7 51 0 42 1 20 5 1 19 155 406343 63 13 0 5
351 420079 K 18 0 0 53 124 1 0 22 419681 0 0 45 5 39 66 1 3 3 0 0 18
352 443184 V 66 3 4 38 5 4 0 77 1 78 0 0 3 1 2 8 0 442874 0 5 15
353 450165 S 3 2 0 0 67 0 4 20 0 24 7 0 371 0 1 449541 18 34 0 73 0
354 425608 P 15 1 0 2 0 11 0 2 0 39 0 6 425268 74 22 40 51 7 0 1 69
355 413687 R 0 0 0 0 0 98 0 0 74 6 43 0 0 1 413399 34 2 0 28 1 1
356 369666 G 12 0 3 41 0 369510 0 0 0 1 0 1 0 0 50 6 3 16 21 0 2
357 369777 K 3 0 1 86 0 2 0 12 369525 0 0 41 0 1 74 1 7 1 0 2 21
358 375614 L 4 0 1 0 39 1 14 25 0 375443 0 0 61 2 4 0 18 2 0 0 0
359 363139 S 4 12 0 2 47 4 7 1 2 50 0 87 84 0 290 362473 38 0 4 33 1
360 432480 T 65 30 0 1 0 5 1 28 1 6 0 29 8 2 6 63 432228 5 0 0 2
361 412232 R 0 1 0 3 0 49 1 21 52 6 1 2 5 1 412005 38 16 2 5 2 22
362 380074 G 10 0 0 41 0 379900 0 0 0 4 0 1 5 1 48 0 2 28 5 0 29
363 454857 V 92 127 0 33 2 18 0 204 0 117 1 0 6 0 2 2 0 454247 0 2 4
364 450828 Q 81 15 0 9 88 3 33 1 47 43 140 0 8 450238 47 0 14 0 0 4 57
365 468350 I 13 1 0 0 21 21 0 468061 0 25 9 30 0 0 1 24 68 42 3 0 31
366 408656 A 408474 0 23 0 0 8 0 1 0 0 0 0 9 0 0 34 62 36 0 6 3
367 404023 S 37 0 0 2 3 13 0 3 0 35 0 8 38 2 3 403695 144 1 1 1 37
368 412000 N 2 0 43 12 3 12 13 13 26 23 1 411727 1 0 14 44 21 27 2 16 0
369 407007 E 2 1 8 406801 0 65 4 0 49 3 0 2 3 16 4 1 1 17 0 0 30
370 417937 N 1 0 80 2 10 1 7 26 27 28 0 417590 1 0 6 50 82 3 6 16 1
371 415320 M 1 1 7 0 0 6 4 527 15 332 414283 0 1 2 9 5 46 73 2 2 4
372 427997 D 14 1 427659 70 0 114 7 0 0 2 1 73 0 0 2 6 2 17 1 28 0
373 421434 A 420950 16 28 5 2 81 0 2 1 32 0 47 18 1 20 27 85 114 2 3 0
374 467288 M 6 6 0 1 0 3 0 231 28 167 466707 0 12 1 5 2 48 68 0 2 1
375 443590 E 13 1 34 443071 71 113 0 0 59 19 0 5 7 29 5 9 0 63 66 1 24
376 335428 S 43 1 0 7 1 238 14 1 0 38 7 59 38 2 1 334893 26 26 3 2 28
377 339857 S 38 21 0 0 13 58 1 25 0 21 0 82 22 1 1554 338001 8 3 1 5 3
378 310380 T 110 10 1 2 0 6 0 30 13 1 0 9 5 4 12 25 310149 3 0 0 0
379 312483 L 0 5 1 0 20 7 18 13 0 312295 1 2 76 0 10 9 0 19 1 0 6
380 315911 E 12 1 22 315710 0 64 0 0 48 0 1 0 0 7 3 1 4 22 1 0 15
381 317342 L 3 4 0 3 1 14 6 0 0 317157 16 0 51 56 11 0 5 8 2 1 4
382 333168 R 0 1 3 3 8 78 8 20 36 12 3 6 1 0 332945 23 3 3 1 0 14
383 385118 S 28 35 0 0 0 54 0 19 5 5 0 57 1 4 60 384739 95 7 5 1 3
384 409956 R 8 3 0 6 1 201 2 0 58 17 25 0 5 16 409517 38 17 10 28 1 3
385 493927 Y 6 54 9 8 62 1 98 3 2 3 8 51 2 3 13 13 2 27 2 493344 216
386 479242 W 4 46 0 0 0 18 0 0 2 65 0 2 2 4 110 18 2 3 478810 1 155
387 444733 A 444300 0 43 3 1 41 0 0 0 5 0 3 22 5 18 89 101 102 0 0 0
388 494059 I 6 6 5 7 2 8 2 493663 26 52 114 1 5 5 14 4 56 76 0 2 5
389 462777 R 4 4 3 5 3 105 2 18 62 3 0 0 3 3 462478 37 20 7 1 0 19
390 475495 T 51 0 1 8 5 7 3 27 3 7 3 29 5 1 36 53 475246 4 0 0 6
391 483361 R 2 7 7 3 1 119 4 21 70 7 0 5 1 9 483013 27 11 2 0 1 51
392 467152 S 6 23 0 2 3 77 1 38 7 0 0 55 6 0 53 466867 6 1 5 0 2
393 477763 G 7 3 3 42 0 477544 0 0 3 2 0 1 0 3 75 2 1 36 1 0 40
394 454172 G 18 0 1 54 5 453904 0 0 0 1 0 2 2 0 89 11 0 25 13 0 47
395 459105 N 10 0 64 0 3 8 117 23 31 9 0 458434 5 3 91 217 61 2 0 24 3
396 461103 T 85 5 3 13 2 45 192 46 1 346 13 64 33 14 2626 171 457391 30 9 6 8
397 522689 N 52 6 57 1 176 14 289 30 2691 6 50 518721 21 1 312 83 14 19 126 18 2
398 525385 Q 12 0 0 12 16 10 52 96 459 37 0 21 66 522713 1804 4 4 30 0 5 44
399 468229 Q 64 36 6 5 5 81 86 1 861 83 3 4 72 456670 1539 21 72 8541 6 1 72
400 418017 R 3 0 0 9 2 164 0 0 109 3 60 1 8 1 417580 31 10 6 28 0 2
401 396900 A 395436 5 31 11 11 64 0 0 102 2 0 1 28 15 967 57 88 81 0 1 0
402 399397 S 7 27 0 4 28 28 3 1 8 40 0 0 126 11 410 398539 45 66 0 54 0
403 400841 A 400227 12 5 30 10 30 2 1 7 9 0 1 54 11 3 83 194 157 0 2 3
404 419311 G 62 67 56 1 1 418737 1 3 3 2 1 0 4 0 10 333 1 19 1 0 9
405 418100 Q 1 0 7 5 4 0 30 0 27 23 2 1 21 417835 64 10 2 2 0 0 66
406 436214 I 1 0 3 0 32 0 2 435875 0 14 6 26 0 0 3 14 164 72 0 2 0
407 399192 S 3 77 0 0 0 118 0 21 0 1 3 52 0 0 46 398848 13 4 0 5 1
408 406977 V 98 194 0 38 0 8 0 0 0 19 84 0 0 0 0 3 0 406533 0 0 0
409 402467 Q 77 120 0 20 0 59 109 73 28 22 1 2 5 401513 74 56 72 13 22 15 186
410 365575 P 60 41 1 1 0 38 51 0 3 43 0 0 365202 4 7 77 17 29 0 0 1
411 396270 A 395174 5 0 33 0 40 4 13 2 1 1 0 12 0 17 551 323 92 1 0 1
412 411637 F 0 22 2 1 411179 7 2 52 1 228 0 0 4 2 27 58 6 22 4 16 4
413 364451 S 10 12 0 1 35 7 0 4 2 13 0 2 49 2 14 364259 17 1 0 19 4
414 382497 V 94 4 4 41 8 14 0 29 3 45 325 1 4 2 14 16 14 381876 0 0 3
415 394497 Q 21 6 0 17 906 262 514 13 684 1645 3 4 4 389716 186 70 100 140 87 58 61
416 397042 R 0 0 0 17 1 103 0 34 46 19 0 0 1 10 396739 33 21 0 1 2 15
417 366498 N 27 4 61 0 4 170 12 71 67 141 1 362786 222 80 1464 289 205 13 866 15 0
418 389840 L 0 302 1 1 36 1 35 51 0 388988 9 0 119 3 8 7 2 271 2 2 2
419 416780 P 39 7 0 4 2 1 8 32 0 179 1 0 416253 39 24 55 56 76 3 1 0
420 395549 F 177 13 5 1 394280 48 47 307 3 127 137 31 3 24 3 98 16 204 0 21 4
421 404841 D 875 7 396563 46 14 103 591 126 1 2466 0 525 1 15 25 202 432 2609 8 219 13
422 390335 K 19 1 0 103 89 528 27 34 388014 14 6 118 4 185 810 74 175 8 1 101 24
423 377973 P 112 9 147 7 0 457 26 2 98 57 16 14 375181 111 1191 254 195 72 0 24 0
424 397911 T 493 24 11 4 6 48 73 54 0 41 29 28 15 33 5 56 396884 47 47 13 0
425 409783 I 485 7795 0 9 25 1 3 400761 3 5 14 41 3 0 4 13 154 457 1 3 6
426 389437 M 24 981 4 2 25 9 10 154 23 1071 386871 11 4 15 53 0 88 88 0 0 4
427 352896 A 350957 369 19 26 0 208 13 0 0 47 2 19 35 10 135 232 712 109 0 1 2
428 349572 A 347900 103 2 23 38 29 27 7 4 9 2 9 15 3 5 50 1217 98 0 29 2
429 348143 F 4 3 5 7 347437 7 8 16 5 90 5 3 30 0 3 47 1 5 1 465 1
430 317800 T 149 6 3 1 1 681 1 43 2 3 9 95 8 1 51 473 316252 13 6 1 1
431 347829 G 80 0 23 65 194 346767 147 58 0 120 0 4 16 4 128 57 8 91 48 16 3
432 355652 N 182 15 81 13 26 15 105 23 68 35 1 354130 523 22 11 309 53 15 1 22 2
433 378708 T 112 22 0 42 2 46 43 1016 40 145 4 2 67 10 51 51 376831 214 7 2 1
434 388910 E 34 5 56 387901 2 146 7 15 80 13 4 10 8 21 8 270 2 277 6 2 43
435 416332 G 28 2 3 101 1 415933 0 17 1 4 1 3 1 0 84 3 5 50 67 0 28
436 421579 R 5 1 4 7 4 101 25 25 68 3 0 3 0 1 421264 35 4 5 0 1 23
437 432174 T 3133 4 8 6 1 27 8 46 31 20 3 6 117 4 51 672 427794 5 3 0 235
438 458485 S 23 4 10 3 7 556 68 1 4 51 23 59 63 2 10 457502 41 18 2 0 38
439 450689 D 4 2 449511 41 0 59 14 846 0 0 0 42 1 96 3 3 4 40 0 22 1
440 433461 M 35 2 3 3 0 457 23 106 18 191 432351 0 1 8 44 3 86 48 73 5 4
441 418767 R 1 4 1 3 1 104 60 16 52 1 58 0 1 0 418340 77 13 7 28 0 0
442 424484 A 417519 1 2 47 0 2332 1 659 0 82 11 27 13 6 16 384 1630 1725 0 29 0
443 430373 E 4 0 31 430131 0 64 0 2 51 0 0 0 0 10 10 7 2 26 0 0 35
444 429454 I 9 8 3 4 26 41 0 429014 0 74 52 37 4 1 23 7 56 78 8 0 9
445 484887 I 16 13 2 4 2 17 1 484084 29 76 121 6 10 5 6 4 74 392 1 12 12
446 441162 R 56 20 36 795 12 295 73 10 374 27 66 0 15 9 436279 2910 80 37 45 2 21
447 427285 M 11 3 3 8 4 44 3 129 62 111 426432 0 5 13 29 235 58 125 5 1 4
448 435441 M 2 2 9 52 1 10 1 247 47 85 434698 0 4 1 143 1 43 89 3 0 3
449 397511 E 8 0 75 397058 0 127 1 2 54 20 0 76 2 5 8 20 1 27 0 0 27
450 418081 G 9 86 71 2 63 416572 10 0 0 243 4 1 30 6 15 229 654 36 0 50 0
451 465508 A 446904 50 4 81 1 4360 1 48 1 281 3 36 53 9 12336 52 1011 246 29 0 2
452 457899 K 7 4 0 67 0 6 1 17 457448 16 2 125 0 6 153 16 16 0 4 0 11
453 434730 P 4 0 0 1 0 75 89 4 13 114 0 30 433540 50 700 50 35 10 13 1 1
454 443975 E 742 4 34 441412 1 377 2 200 76 910 10 1 15 43 5 17 30 72 1 0 23
455 448157 E 299 524 43 444762 46 352 7 73 132 101 6 101 40 57 524 294 625 141 1 7 22
456 454512 M 30 146 0 0 2 694 34 148 114 54 452315 4 12 1 465 158 77 232 11 1 14
457 432276 S 11 16 388 0 40 100 3 0 0 76 0 7 93 6 77 431375 49 7 0 24 4
458 439589 F 2 11 1 6 438189 22 3 51 1 170 0 0 2 1 6 113 9 11 134 813 44
459 418787 Q 17 0 1 887 8 103 79 1 135 152 1 20 84 412219 4770 1 10 46 202 0 51
460 373965 G 71 52 2 54 3 370183 2 0 10 2 2 0 1 72 1075 2383 3 24 24 0 2
461 358654 R 115 2 5 1 0 57 2 0 1 75 7 0 72 117 357964 5 136 2 92 0 1
462 312949 G 29 7 3 158 0 297011 0 1 1 1 0 0 16 5 15650 8 0 10 2 0 47
463 301155 V 53 1 28 3 13 16 1 189 0 13 0 0 0 1 48 5 1 300706 0 75 2
464 315790 F 0 4 1 27 314923 6 387 27 3 285 9 2 0 0 1 78 7 17 0 12 1
465 381417 E 4 0 33 380252 3 869 0 1 84 0 101 0 0 9 9 1 0 18 3 0 30
466 320800 L 82 178 5 12 68 13 1045 164 6 316496 64 9 133 324 21 62 25 77 1883 108 25
467 341085 S 5 9 0 4 21 65 49 29 5 109 26 21 58 5 31 340521 51 23 9 19 25
468 379178 D 7 2 378903 35 0 87 12 0 0 0 0 76 2 0 0 5 12 18 0 19 0
469 464138 E 22 9 41 463093 3 112 7 7 204 18 0 0 409 26 77 22 13 28 3 1 43
470 504776 R 0 20 0 0 0 115 0 0 124 0 71 0 0 0 504376 39 7 0 24 0 0
471 502884 A 501800 2 1 46 0 42 0 0 0 3 0 0 26 4 3 28 109 190 0 630 0
472 518492 A 516896 0 0 31 0 38 7 0 0 3 0 0 984 0 9 46 292 184 2 0 0
473 567650 N 2 0 71 5 14 36 13 29 40 2 0 567244 6 4 21 81 13 8 35 26 0
474 564209 P 48 1 0 2 0 3 0 0 0 97 1 0 560175 52 43 38 34 3714 1 0 0
475 540262 I 2 2 58 0 30 2 0 539774 0 4 59 57 0 0 3 1 63 207 0 0 0
476 491967 V 193 1 0 30 1 53 0 0 0 39 158 0 7 0 17 0 1 491308 0 90 69
477 481809 P 28 1 1 0 0 0 33 0 0 55 0 2 481598 1 6 64 20 0 0 0 0
478 466675 S 7 11 0 0 58 378 0 0 7 88 0 0 100 0 23 465824 27 0 75 77 0
479 523670 F 5 132 8 0 522946 12 4 186 0 186 0 3 1 2 5 121 0 10 0 49 0
480 528247 D 23 1 527068 50 32 115 28 2 2 2 1 92 6 0 308 304 58 78 0 66 11
481 464210 M 4 0 0 0 0 3 1 116 19 185 463568 7 0 0 36 34 64 152 11 1 9
482 584006 S 0 54 0 9 0 143 0 25 0 0 1 104 0 0 63 583594 10 2 0 0 1
483 665682 N 0 1 93 2 1 13 4 31 67 2 4 665354 0 0 0 67 9 0 0 27 7
484 598631 E 9 0 63 597952 0 73 0 4 104 7 0 1 3 16 0 0 108 235 11 0 45
485 551786 G 28 1 0 48 0 550470 1 1 6 3 0 0 0 1 1018 13 0 58 3 72 63
486 563077 S 5 8 0 0 38 1 0 1 0 457 0 4 71 0 0 562414 31 0 0 47 0
487 564358 Y 1 53 2 0 20 0 117 2 3 5 0 3 0 0 6 3 0 0 0 564114 29
488 555401 F 0 32 1 0 555130 1 0 27 0 100 0 0 0 0 0 83 0 2 0 25 0
489 531296 F 2 2 22 2 530909 0 11 11 0 149 0 1 0 0 4 150 0 6 0 27 0
490 531318 G 14 1 1 32 0 530848 0 0 2 204 0 0 0 0 131 0 0 35 0 1 49
491 541630 D 4 4 539781 497 3 145 18 1 0 3 0 1078 1 1 7 5 0 65 3 14 0
492 551755 N 1 3 154 1 0 163 30 28 53 2 2 551196 1 0 13 73 8 0 1 25 1
493 666107 A 653725 2 2 58 1 2974 0 1 3 2 3 1 24 12 8427 68 498 304 0 0 2
494 560386 E 42 1 62 559534 0 130 2 1 103 187 1 0 9 66 146 0 18 37 0 6 41
495 558965 E 15 1 43 558291 0 124 7 0 137 15 0 0 23 19 9 38 0 220 0 0 23
496 542908 Y 15 203 8 1 385 35 62 7 0 51 0 35 0 0 2 23 2 28 15 541968 68
497 510706 D 705 73 503565 45 237 335 22 27 39 144 23 569 0 0 64 133 30 2548 0 2140 7
498 399380 N 49 21 42 231 19 152 54 100 367 79 43 382895 11 6 14493 265 293 126 44 30 60
