# nucleotide counts
# upper case indicates nucleotide called by both reads
# lower case indicates nucleotide called by one read with other ambiguous
# N indicates disagreement between reads, or both ambiguous
# POSITION WT COUNTS A T C G a t c g N
1 A 615485 615314 37 14 76 2 0 0 0 42
2 T 616686 41 616353 76 8 0 8 0 0 200
3 G 617955 95 183 11 617594 0 0 0 0 72
4 A 619049 618881 37 4 91 3 0 0 0 33
5 A 626025 625803 45 17 99 5 0 0 0 56
6 G 641120 107 129 17 640698 0 0 0 9 160
7 G 642735 81 127 35 642129 0 0 0 1 362
8 C 658772 107 79 658432 69 0 0 8 0 77
9 A 657803 657624 23 26 96 6 0 0 0 28
10 A 671105 670953 21 34 56 4 0 0 0 37
11 A 675718 675578 15 13 73 4 0 0 0 35
12 A 681694 681036 51 52 90 6 0 0 0 459
13 C 703689 54 61 703476 9 0 0 20 0 69
14 T 715929 32 715555 185 2 0 8 0 0 147
15 A 714709 713795 61 13 93 4 0 0 0 743
16 C 743117 83 84 742864 20 0 0 8 0 58
17 T 755021 85 754663 132 18 0 4 0 0 119
18 G 776577 206 421 37 775824 0 0 0 33 56
19 G 889994 134 219 31 889413 0 0 0 100 97
20 T 984261 97 981969 211 50 0 6 0 0 1928
21 C 995735 103 176 995294 37 0 0 45 0 80
22 C 1057675 201 144 1057185 40 0 0 27 0 78
23 T 1054811 56 1054002 565 97 0 9 0 0 82
24 G 1463501 360 581 76 1462143 1 0 0 262 78
25 T 1449000 125 1448122 323 98 0 11 0 0 321
26 T 1473146 74 1472521 239 228 0 24 0 0 60
27 A 1488919 1488037 343 16 294 115 0 0 0 114
28 T 1327335 111 1326813 298 21 0 5 0 0 87
29 A 1348282 1346650 141 54 1295 44 0 0 0 98
30 T 1331136 151 1330356 441 28 0 9 0 0 151
31 G 1330371 439 790 64 1328951 0 0 0 20 107
32 C 1367840 135 288 1367047 76 0 0 162 0 132
33 A 1207377 1206866 72 56 191 10 0 0 0 182
34 T 1200750 115 1200226 276 23 0 25 0 0 85
35 T 1196232 91 1195770 273 37 0 8 0 0 53
36 T 1197198 74 1196810 236 18 0 7 0 0 53
37 G 1199239 155 402 24 1198565 0 0 0 17 76
38 T 1197534 130 1196576 373 15 0 10 0 0 430
39 A 1198881 1198466 33 9 272 9 0 0 0 92
40 G 1201161 129 310 53 1200549 0 0 0 27 93
41 C 1195909 141 87 1195505 32 0 0 15 0 129
42 T 1188763 52 1188279 306 14 0 12 0 0 100
43 A 1190454 1189867 117 10 182 4 0 0 0 274
44 C 1182093 69 144 1181764 37 0 0 11 0 68
45 A 1176313 1175868 68 30 268 10 0 0 0 69
46 G 1191167 108 207 23 1190687 0 0 0 21 121
47 A 1197400 1197042 68 15 128 13 0 0 0 134
48 T 1205730 60 1205214 202 12 0 18 0 0 224
49 G 1203375 269 310 50 1202619 0 0 0 14 113
50 C 1193053 135 236 1192521 60 0 0 9 0 92
51 A 1190294 1189583 77 33 445 8 0 0 0 148
52 G 1209969 167 392 46 1209226 0 0 0 17 121
53 A 1204986 1204266 89 18 198 6 0 0 0 409
54 C 1231130 88 204 1230638 66 0 0 39 0 95
55 A 1214009 1212845 132 29 178 13 0 0 0 812
56 C 1465233 162 206 1464509 44 0 0 156 0 156
57 A 1477111 1476534 133 61 298 24 0 0 0 61
58 A 1510212 1509505 176 165 218 37 0 0 0 111
59 T 1507305 326 1506521 222 55 0 15 0 0 166
60 A 1708914 1707057 118 88 1321 211 0 0 0 119
61 T 1735232 158 1734513 256 91 0 21 0 0 193
62 G 1886828 1383 945 71 1884058 0 0 0 173 198
63 T 1837938 203 1835632 569 71 0 26 0 0 1437
64 A 1885100 1884161 180 34 430 108 0 0 0 187
65 T 1751299 210 1750308 344 98 0 85 0 0 254
66 A 1712160 1711263 162 86 464 46 0 0 0 139
67 G 1705488 233 593 75 1704369 0 0 0 40 178
68 G 1573438 274 434 96 1572364 0 0 0 150 120
69 C 1454825 240 165 1454017 77 0 0 9 0 317
70 T 1439757 40 1438940 366 34 0 151 0 0 226
71 A 1298940 1295826 124 38 199 22 0 0 0 2731
72 C 1307104 103 222 1306652 45 0 0 26 0 56
73 C 1281573 173 151 1281110 53 0 0 23 0 63
74 A 1284371 1283907 88 36 186 11 0 0 0 143
75 T 1277088 92 1276513 231 23 0 4 0 0 225
76 G 1282254 246 266 33 1281604 0 0 0 10 95
77 C 1298630 137 281 1297966 79 0 0 6 0 161
78 G 1312276 400 383 46 1311207 0 0 0 14 226
79 A 1321059 1320582 111 12 158 14 0 0 0 182
80 A 1314733 1313984 110 21 183 9 0 0 0 426
81 C 1338594 53 161 1338112 44 1 0 36 0 187
82 A 1328584 1328320 40 25 138 4 0 0 0 57
83 A 1354987 1353291 108 21 120 33 0 1 0 1413
84 C 1359378 68 117 1359070 26 0 0 8 0 89
85 T 1359668 122 1358446 246 14 0 9 0 0 831
86 C 1372512 127 204 1372010 39 0 0 23 0 109
87 A 1388293 1387898 41 28 240 27 0 0 0 59
88 A 1396846 1395210 65 22 240 7 0 0 0 1302
89 C 1424101 201 196 1423601 41 0 0 17 0 45
90 C 1405414 195 339 1404776 47 0 0 13 0 44
91 G 1407512 529 554 65 1406193 0 0 0 53 118
92 A 1375948 1375074 121 37 192 19 0 0 0 505
93 C 1379735 110 251 1379205 88 0 0 9 0 72
94 A 1378427 1377189 100 29 198 24 0 0 0 887
95 C 1445491 110 131 1445031 51 0 1 127 0 40
96 T 1360859 121 1360387 235 28 0 12 0 0 76
97 G 1676228 380 554 71 1675058 0 0 0 76 89
98 T 1661270 176 1660371 281 58 0 42 0 0 342
99 T 1667117 188 1666310 429 70 0 20 0 0 100
100 G 1667027 453 755 82 1665562 0 0 0 53 122
101 A 1647753 1646596 172 66 315 51 0 0 0 553
102 C 1685183 195 336 1684388 111 0 0 50 0 103
103 A 1635100 1633633 218 68 294 70 0 0 0 817
104 C 1595720 153 263 1594850 64 0 0 261 0 129
105 A 1178582 1178023 110 70 299 36 0 0 0 44
106 A 1161973 1161515 104 38 204 53 0 0 0 59
107 T 1167448 110 1166910 254 46 0 33 0 0 95
108 A 1176090 1173355 97 49 192 8 0 0 0 2389
109 C 1172291 99 131 1171892 47 0 0 73 0 49
110 T 1134630 115 1134081 185 24 0 9 0 0 216
111 C 1085172 167 262 1084608 44 0 0 20 0 71
112 G 1092517 358 405 47 1091602 0 0 0 18 87
113 A 1080397 1079882 96 41 195 10 0 0 0 173
114 G 1088153 248 436 35 1087308 0 0 0 36 90
115 A 1061980 1061687 45 4 153 6 0 0 0 85
116 A 1059280 1058932 70 17 180 4 0 0 0 77
117 G 1080154 199 344 22 1079484 0 0 0 39 66
118 A 1059205 1058876 56 7 171 15 0 0 0 80
119 A 1069401 1069124 52 14 149 13 0 0 0 49
120 T 1055396 91 1055002 163 14 0 6 0 0 120
121 G 1052564 196 308 33 1051958 0 0 0 8 61
122 T 1045691 130 1044478 172 40 0 15 0 0 856
123 G 1049131 232 228 37 1048518 0 0 0 8 108
124 G 1086187 197 214 38 1085655 0 0 0 13 70
125 C 1097402 252 320 1096555 73 0 0 55 0 147
126 A 1047729 1047213 77 44 289 4 0 0 0 102
127 G 1061874 244 162 76 1061306 0 0 0 35 51
128 T 1039769 87 1037942 154 46 0 4 0 0 1536
129 G 1097139 294 335 63 1096268 0 0 0 36 143
130 A 1082751 1081819 121 139 189 4 0 0 0 479
131 C 1094020 73 195 1093548 65 0 0 17 0 122
132 A 1077678 1076043 119 42 192 10 0 0 0 1272
133 C 1086759 91 167 1086290 27 0 0 30 0 154
134 A 1090604 1090051 106 57 170 10 0 0 0 210
135 T 1079822 98 1079252 311 26 0 33 0 0 102
136 T 1031520 67 1031134 168 57 0 5 0 0 89
137 C 1283769 138 147 1283006 43 0 0 245 0 190
138 T 1196152 82 1195606 311 26 0 2 0 0 125
139 G 1202463 360 351 57 1201515 0 0 0 21 159
140 T 1210880 102 1210258 216 64 0 16 0 0 224
141 T 1179474 137 1178470 744 15 0 21 0 0 87
142 A 1162010 1161549 99 23 236 31 0 0 0 72
143 A 1155687 1153378 90 76 153 14 0 0 0 1976
144 C 974402 60 154 974077 26 0 0 7 0 78
145 C 968424 143 112 967883 27 0 0 222 0 37
146 T 688199 48 687774 160 16 0 2 0 0 199
147 G 746174 246 221 39 745481 0 0 0 42 145
148 C 845996 100 79 845542 59 0 0 34 0 182
149 T 847830 50 847050 115 22 0 12 0 0 581
150 C 838556 129 189 837222 50 0 0 8 0 958
151 G 830896 223 362 44 830155 0 0 0 8 104
152 A 841678 841374 55 10 118 11 0 0 0 110
153 A 838301 837995 41 21 146 4 0 0 0 94
154 G 871773 174 318 28 871083 0 0 0 9 161
155 A 855452 854648 78 6 128 13 0 0 0 579
156 C 866424 65 176 866055 49 0 0 28 0 51
157 A 863966 863553 33 34 250 9 0 0 0 87
158 G 870837 186 247 47 870269 0 0 0 15 73
159 C 894720 122 198 894237 45 0 0 10 0 108
160 C 890661 88 114 890316 43 0 0 18 0 82
161 A 883053 882355 76 38 112 4 0 0 0 468
162 C 903381 65 134 903060 28 0 0 24 0 70
163 A 898280 898005 28 20 188 3 0 0 0 36
164 A 964005 963555 52 26 117 65 0 0 0 190
165 C 959287 77 316 958781 48 0 0 6 0 59
166 G 938789 224 395 110 937975 0 0 0 18 67
167 G 931344 209 185 49 930842 0 0 0 11 48
168 G 923328 289 239 42 922685 0 0 0 12 61
169 A 926923 926544 33 14 200 15 0 0 0 117
170 A 926378 926055 68 28 159 17 0 0 0 51
171 A 912479 911855 75 93 128 2 0 0 0 326
172 C 918198 96 145 917734 31 1 0 113 0 78
173 T 775700 56 775312 217 61 0 6 0 0 48
174 A 787532 787171 86 14 165 27 0 0 0 69
175 T 758666 83 758354 103 61 0 5 0 0 60
176 G 755167 219 502 36 754359 0 0 0 8 43
177 T 752860 112 751776 342 122 0 39 0 0 469
178 A 684632 684281 52 14 256 2 0 0 0 27
179 A 690584 690323 108 15 101 13 0 0 0 24
180 A 690491 690070 69 29 228 40 0 0 0 55
181 T 663807 214 663379 137 18 0 11 0 0 48
182 T 654533 95 654225 116 24 0 44 0 0 29
183 A 607644 607205 214 32 143 13 0 0 0 37
184 A 608522 608249 74 61 114 9 0 0 0 15
185 A 609622 609376 35 34 152 2 0 0 0 23
186 A 511182 510427 43 30 651 6 0 0 0 25
187 G 535069 115 237 21 534640 0 0 0 31 25
188 G 590714 154 156 35 590272 0 0 0 67 30
189 A 578930 578675 37 6 137 4 0 0 0 71
190 A 578393 578158 69 11 110 2 0 0 0 43
191 T 638910 123 638561 117 8 0 8 0 0 93
192 A 664167 663808 49 13 255 15 0 0 0 27
193 G 686622 184 215 67 686027 0 0 0 20 109
194 C 725894 75 104 725560 80 0 0 25 0 50
195 C 723080 79 99 722779 59 0 0 19 0 45
196 C 671510 234 67 671077 55 0 0 37 0 40
197 C 698006 170 98 697620 33 0 0 44 0 41
198 A 702083 700898 69 92 124 9 0 0 0 891
199 C 757985 66 83 757732 25 0 0 36 0 43
200 T 756277 90 755849 256 15 0 4 0 0 63
201 A 754665 753741 100 40 146 7 0 0 0 631
202 C 786003 129 234 785509 30 0 0 32 0 69
203 A 775923 775594 60 55 140 14 0 0 0 60
204 A 787429 787177 50 11 89 13 0 0 0 89
205 T 762175 99 761846 89 17 0 31 0 0 93
206 T 723084 76 722734 117 88 0 1 0 0 68
207 G 729528 104 322 67 728951 0 0 0 27 57
208 G 695114 84 374 28 694586 0 0 0 11 31
209 G 705608 118 152 41 705232 0 0 0 7 58
210 G 701901 129 106 41 701538 0 0 0 15 72
211 A 689300 688848 52 13 221 14 0 0 0 152
212 A 695185 694948 43 8 131 8 0 0 0 47
213 A 722454 722164 86 8 104 40 0 0 0 52
214 T 746796 67 746502 110 29 0 5 0 0 83
215 G 744120 143 323 29 743578 0 0 0 7 40
216 T 754422 69 753328 278 30 0 15 0 0 702
217 A 760131 759902 24 9 157 11 0 0 0 28
218 A 763551 763136 67 26 125 6 0 0 0 191
219 C 775411 75 92 775140 26 0 0 21 0 57
220 A 771518 771256 50 21 117 5 0 0 0 69
221 T 813459 62 813036 142 11 0 73 0 0 135
222 C 805466 79 112 805164 34 0 0 19 0 58
223 A 795561 793688 63 39 135 5 0 0 0 1631
224 C 812036 63 119 811754 37 0 0 14 0 49
225 C 806205 139 248 805729 41 0 0 4 0 44
226 G 841224 303 259 38 840551 0 0 0 29 44
227 G 842048 180 188 30 841582 0 0 0 14 54
228 A 832004 831522 71 13 175 5 0 0 0 218
229 T 821567 39 821253 76 19 0 27 0 0 153
230 G 788343 142 169 24 787951 0 0 0 2 55
231 G 864072 217 136 45 863558 0 0 0 55 61
232 C 917763 150 128 917228 73 0 0 45 0 139
233 T 916806 67 916241 204 17 0 7 0 0 270
234 C 932632 134 166 932143 24 0 0 43 0 122
235 T 888769 55 888237 387 31 0 9 0 0 50
236 T 863316 58 862952 197 49 0 10 0 0 50
237 G 821202 168 400 24 820557 0 0 0 10 43
238 G 821671 132 209 29 821262 0 0 0 3 36
239 G 1016995 258 196 39 1016343 0 0 0 96 63
240 A 892851 892280 69 19 271 57 0 0 0 155
241 A 835110 834869 28 20 147 7 0 0 0 39
242 A 878537 878199 81 13 144 39 0 0 0 61
243 T 887018 77 886403 206 10 0 22 0 0 300
244 C 939878 100 101 939595 21 0 0 17 0 44
245 C 935366 134 165 934965 39 0 0 11 0 52
246 A 909255 908661 62 60 406 1 0 0 0 65
247 G 963016 194 260 18 962434 0 0 0 40 70
248 A 941795 941537 37 13 154 3 0 0 0 51
249 A 1005108 1004715 62 31 172 67 0 0 0 61
250 T 1011340 65 1010983 135 15 0 14 0 0 128
251 G 1016898 181 245 31 1016324 0 0 0 26 91
252 C 1009287 111 526 1008488 60 0 0 16 0 86
253 G 1009398 370 449 46 1008444 0 0 0 7 82
254 A 1034241 1032643 104 31 158 17 0 0 0 1288
255 C 1041114 71 99 1040805 31 0 0 21 0 87
256 T 1026820 74 1026354 208 13 0 17 0 0 154
257 C 1050611 135 164 1050146 41 0 0 51 0 74
258 A 1022691 1021422 90 20 133 3 0 1 0 1022
259 C 1026945 66 134 1026671 20 0 0 15 0 39
260 T 1012157 82 1011758 186 22 0 6 0 0 103
261 G 1014311 297 200 37 1013679 0 0 0 22 76
262 C 980830 126 117 980423 33 0 0 44 0 87
263 T 957104 34 956767 201 27 0 6 0 0 69
264 T 957761 73 957278 207 12 0 21 0 0 170
265 C 942145 116 125 941824 36 0 0 12 0 32
266 C 935726 114 201 935304 44 0 0 17 0 46
267 A 918972 918604 41 25 232 4 0 0 0 66
268 G 913302 100 252 26 912856 0 0 0 11 57
269 C 914110 119 317 913506 48 0 0 55 0 65
270 G 832090 205 211 35 831537 0 0 0 45 57
271 A 790632 790248 37 6 168 2 0 0 0 171
272 G 801776 127 192 16 801368 0 0 0 14 59
273 A 806654 806272 63 9 131 12 0 0 0 167
274 T 816654 66 816281 137 16 0 15 0 0 139
275 C 781144 59 114 780893 23 0 0 6 0 49
276 A 775177 774867 61 21 156 5 0 0 0 67
277 T 783046 83 782749 122 13 0 12 0 0 67
278 G 824399 201 326 29 823797 0 0 0 13 33
279 G 1105418 200 239 39 1104588 1 0 0 247 104
280 T 955112 99 953695 170 26 0 24 0 0 1098
281 C 942794 97 125 942462 35 0 0 12 0 63
282 C 940435 155 117 940072 20 0 0 18 0 53
283 T 1079090 56 1078598 347 27 0 3 0 0 59
284 A 1162969 1161860 99 35 252 91 0 0 0 632
285 C 1171523 113 202 1171053 47 0 0 28 0 80
286 A 1187518 1187125 80 46 154 26 0 0 0 87
287 T 1219496 90 1219013 159 20 0 134 0 0 80
288 T 1039696 73 1039340 201 32 0 2 0 0 48
289 G 1085261 240 449 21 1084455 0 0 0 43 53
290 T 1083507 123 1082823 212 44 0 9 0 0 296
291 A 1078346 1077913 75 19 274 5 0 0 0 60
292 G 1078462 213 495 29 1077602 0 0 0 35 88
293 A 1027447 1027174 53 10 149 6 0 0 0 55
294 A 1056899 1056577 52 22 185 17 0 0 0 46
295 A 1059024 1058549 35 107 139 21 0 0 0 173
296 C 1062533 83 303 1062030 57 0 0 19 0 41
297 A 1070584 1067990 95 74 143 14 0 0 0 2268
298 C 1064088 84 109 1063805 33 0 0 14 0 43
299 C 1048481 198 122 1048071 30 0 0 1 0 59
300 A 1050197 1049938 34 49 127 10 0 0 0 39
301 A 1069695 1069505 18 12 101 5 0 0 0 54
302 A 1087656 1086516 42 85 123 21 0 0 0 869
303 C 1100846 58 122 1100560 28 0 0 20 0 58
304 T 1117215 34 1116495 184 7 0 4 0 0 491
305 C 1124222 123 72 1123924 25 0 0 20 0 58
306 T 1113897 50 1113356 362 22 0 4 0 0 103
307 G 1126626 219 364 29 1125960 0 0 0 10 44
308 A 1128928 1128340 89 12 286 5 0 0 0 196
309 G 1188959 213 314 31 1188285 0 0 0 42 74
310 A 1183758 1183393 68 21 179 17 0 0 0 80
311 A 1168229 1167886 68 44 161 11 0 0 0 59
312 T 1165379 101 1164974 147 24 0 5 0 0 128
313 G 1198071 246 451 51 1197235 0 0 0 23 65
314 G 1223709 164 279 43 1223115 0 0 0 24 84
315 A 1213096 1212136 96 16 339 0 0 0 1 508
316 G 1220380 223 252 50 1219734 0 0 0 12 109
317 C 1215339 161 254 1214695 74 0 0 32 0 123
318 A 1254808 1254269 90 29 182 52 0 0 0 186
319 T 1258084 93 1257692 171 16 0 23 0 0 89
320 G 1249075 325 393 44 1248246 0 0 0 10 57
321 T 1266017 144 1265324 189 37 0 62 0 0 261
322 T 1199596 56 1199242 201 23 0 27 0 0 47
323 A 1280135 1279571 130 30 192 74 0 0 0 138
324 T 1276707 115 1275971 350 15 0 20 0 0 236
325 C 1262880 160 139 1262462 40 0 0 19 0 60
326 C 1257326 222 208 1256536 65 0 0 202 0 93
327 A 1037980 1037360 86 58 359 10 0 0 0 107
328 G 840789 100 218 33 840378 0 0 0 14 46
329 G 839886 118 178 26 839479 0 0 0 35 50
330 A 804904 804427 61 17 231 3 0 0 0 165
331 G 858762 165 227 26 858184 0 0 0 71 89
332 A 801901 801513 55 13 128 20 0 0 0 172
333 T 841712 52 841216 151 17 0 9 0 0 267
334 C 930714 83 98 930342 29 0 0 83 1 78
335 T 921274 98 920757 262 12 0 8 0 0 137
336 C 941228 112 131 940874 25 0 0 24 0 62
337 A 940086 939702 72 28 144 4 0 0 0 136
338 T 927544 100 927140 141 14 0 4 0 0 145
339 C 951105 152 259 950584 26 0 0 10 0 74
340 G 974504 485 484 33 973413 0 0 0 15 74
341 A 1083154 1081933 92 26 182 85 0 0 0 836
342 C 1107249 78 114 1106894 35 0 0 53 0 75
343 T 1072487 25 1072126 236 30 0 7 0 0 63
344 A 1170783 1170357 80 14 170 90 0 0 0 72
345 T 1152105 111 1151669 201 24 0 6 0 0 94
346 G 1163736 230 392 31 1163002 0 0 0 25 56
347 A 1160982 1160379 73 9 334 3 0 0 0 184
348 G 1166442 184 449 39 1165689 0 0 0 20 61
349 G 1181220 216 325 44 1180476 0 0 0 68 91
350 A 1137316 1136834 89 24 162 11 0 0 0 196
351 A 1123863 1123219 68 20 232 10 0 0 0 314
352 C 1113570 126 110 1113140 22 0 0 49 0 123
353 T 1052788 50 1052383 233 18 0 5 0 0 99
354 G 1049155 237 237 47 1048560 0 0 0 17 57
355 A 1036373 1035834 75 19 254 1 0 0 0 190
356 G 1033937 188 344 33 1033302 0 0 0 13 57
357 G 1027402 148 196 31 1026936 0 0 0 39 52
358 G 980888 285 147 42 980290 0 0 0 20 104
359 A 965561 964764 47 8 238 2 0 0 0 502
360 G 961738 157 105 35 961279 0 0 0 9 153
361 C 955515 90 343 954859 53 0 0 19 0 151
362 A 934183 933904 59 14 136 16 0 0 0 54
363 A 931807 931529 65 11 121 19 0 0 0 62
364 T 929369 62 929102 100 9 0 18 0 0 78
365 T 918183 74 917872 129 17 0 8 0 0 83
366 G 920035 284 278 18 919272 0 0 0 60 123
367 A 799439 799007 40 16 185 2 0 0 0 189
368 G 832650 159 131 48 832118 0 0 0 14 180
369 C 826473 87 89 826144 39 0 0 34 0 80
370 T 765506 36 765035 155 10 0 8 0 0 262
371 C 796340 112 127 795952 27 0 0 71 0 51
372 A 665887 665611 47 22 127 3 0 0 0 77
373 G 811718 172 100 7 811327 0 0 0 60 52
374 T 835957 72 835116 138 12 0 14 0 0 605
375 A 821335 821003 53 9 152 9 0 0 0 109
376 T 819742 56 819430 138 12 0 16 0 0 90
377 C 782630 77 145 782307 27 0 0 6 0 68
378 A 799171 798820 73 14 143 8 0 0 0 113
379 T 853427 82 852951 120 12 0 98 0 0 164
380 C 812991 100 121 812650 30 0 0 41 0 49
381 A 813013 812570 75 32 140 119 0 0 0 77
382 T 673460 43 673195 127 41 0 20 0 0 34
383 T 676791 41 676553 134 12 0 19 0 0 32
384 A 665771 665524 54 10 147 5 0 0 0 31
385 G 698271 170 324 29 697678 0 0 0 8 62
386 A 693427 693194 38 11 118 3 0 0 0 63
387 A 703929 703697 29 11 112 48 0 0 0 32
388 A 629515 629278 22 16 132 14 0 0 0 53
389 G 625587 107 188 12 625207 0 0 0 22 51
390 A 633407 633088 35 4 105 20 0 0 0 155
391 T 633708 22 633527 76 11 0 7 0 0 65
392 T 648670 41 648522 53 2 0 0 0 0 52
393 C 641746 76 122 641470 25 0 0 4 0 49
394 G 641616 168 215 26 641127 0 0 0 8 72
395 A 651576 651386 40 6 90 7 0 0 0 47
396 A 651816 651654 25 12 88 3 0 0 0 34
397 A 666664 666478 50 16 68 19 0 0 0 33
398 T 658350 38 658163 62 3 0 7 0 0 77
399 A 655408 655207 44 6 92 4 0 0 0 55
400 T 675982 57 675771 92 11 0 3 0 0 48
401 T 677383 43 677189 84 9 0 7 0 0 51
402 T 681834 61 681387 154 11 0 1 0 0 220
403 C 694689 67 128 694374 32 0 0 24 0 64
404 C 686389 105 79 686100 32 0 0 8 0 65
405 C 697590 233 115 697136 27 0 0 18 0 61
406 A 692845 692643 39 14 105 9 0 0 0 35
407 A 690266 690003 40 15 153 8 0 0 0 47
408 G 785404 139 450 19 784671 0 0 0 72 53
409 G 788049 140 256 30 787547 0 0 0 7 69
410 A 782730 782260 106 27 230 10 0 0 0 97
411 A 783991 783670 48 29 188 8 0 0 0 48
412 A 749453 748952 22 19 335 2 0 0 0 123
413 G 895211 233 409 14 894391 0 0 0 91 73
414 T 912078 64 911182 196 63 0 7 0 0 566
415 T 907165 64 906848 149 12 0 16 0 0 76
416 C 906694 96 163 906302 22 0 0 39 0 72
417 A 813083 812579 77 71 247 7 0 0 0 102
418 T 853571 143 853082 172 27 0 34 0 0 113
419 G 863607 211 291 20 862994 0 0 0 15 76
420 G 819159 162 165 50 818565 0 0 0 33 184
421 C 827609 96 189 827052 119 0 0 83 0 70
422 C 671026 72 82 670776 31 0 0 13 0 52
423 C 676188 169 143 675811 20 0 0 10 0 35
424 A 671421 671231 38 25 94 0 0 0 0 33
425 A 708239 707652 35 31 106 35 0 0 0 380
426 C 720065 54 82 719853 13 0 0 16 0 47
427 C 717815 97 95 717546 30 0 0 14 0 33
428 A 668404 667422 63 34 94 13 0 0 0 778
429 C 646618 37 134 646393 19 0 0 7 0 28
430 A 642959 642105 46 16 113 10 0 0 0 669
431 C 648417 42 106 648181 22 0 0 16 0 50
432 A 649433 649217 46 14 98 11 0 0 0 47
433 T 649773 29 649581 86 12 0 14 0 0 51
434 T 634354 38 634165 95 8 0 4 0 0 44
435 C 636826 54 73 636624 19 0 0 6 0 50
436 A 630716 630504 34 10 124 5 0 0 0 39
437 A 633080 632840 31 16 89 1 0 0 0 103
438 C 623956 33 209 623632 24 0 0 11 0 47
439 G 608032 153 135 18 607691 0 0 0 1 34
440 G 627159 86 128 19 626868 0 0 0 26 32
441 A 610347 609955 39 7 173 8 0 0 0 165
442 G 615744 92 85 18 615506 0 0 0 4 39
443 T 619033 38 616893 95 9 0 14 0 0 1984
444 A 606864 606695 28 6 99 5 0 0 0 31
445 A 631882 631610 56 21 78 7 0 0 0 110
446 C 624501 57 104 624254 33 0 0 12 0 41
447 A 646870 646564 39 18 188 3 0 0 0 58
448 G 670403 165 220 8 669861 0 0 0 108 41
449 T 576003 31 575018 257 26 0 3 0 0 668
450 A 595565 595327 65 6 79 25 0 0 0 63
451 T 616863 42 616580 112 15 0 26 0 0 88
452 C 601835 62 100 601617 15 0 0 9 0 32
453 A 602297 601948 50 16 197 31 0 0 0 55
454 T 571055 40 570816 99 13 0 34 0 0 53
455 G 551418 134 118 30 551069 0 0 0 15 52
456 C 555570 60 94 555301 27 0 0 53 0 35
457 T 499505 27 498991 266 11 0 1 0 0 209
458 C 546223 74 115 545921 28 0 0 58 0 27
459 C 514955 91 73 514726 28 0 0 5 0 32
460 C 517031 244 72 516656 28 0 0 4 0 27
461 A 540968 540537 136 114 94 13 0 0 0 74
462 T 508294 241 507842 94 24 0 15 0 0 78
463 A 493778 493262 140 17 308 8 0 0 0 43
464 G 517197 252 308 19 516557 0 0 0 20 41
465 G 512197 79 303 16 511749 0 0 0 9 41
466 G 520622 66 78 28 520370 0 0 0 41 39
467 G 484601 408 93 30 484034 0 0 0 4 32
468 A 481911 481392 20 9 429 7 0 0 0 54
469 A 479238 479012 29 11 155 10 0 0 0 21
470 A 491422 491296 26 8 73 2 0 0 0 17
471 A 498671 498488 29 10 109 10 0 0 0 25
472 A 496993 496310 18 21 607 5 0 0 0 32
473 G 495923 224 102 218 495333 0 0 0 7 39
474 C 496032 96 123 495647 110 0 0 9 0 47
475 A 485617 485311 23 98 146 6 0 0 0 33
476 G 523753 119 123 11 523444 0 0 0 23 33
477 T 521847 33 521333 72 191 0 10 0 0 208
478 T 522824 31 522667 88 3 0 2 0 0 33
479 T 520628 12 520505 62 7 0 16 0 0 26
480 T 517480 26 517304 101 7 0 6 0 0 36
481 T 534434 96 534187 113 8 0 9 0 0 21
482 A 534257 533819 67 93 72 6 0 0 0 200
483 C 535831 127 119 535500 20 0 0 8 0 57
484 A 522306 521973 37 25 237 1 0 0 0 33
485 G 551973 127 210 7 551571 0 0 0 33 25
486 A 544688 544468 26 10 130 5 0 0 0 49
487 A 587684 587474 22 17 101 39 0 0 0 31
488 A 590472 590225 64 15 114 14 0 0 0 40
489 T 547058 65 546802 94 15 0 3 0 0 79
490 T 549997 27 549835 86 16 0 8 0 0 25
491 T 568447 41 568201 95 38 0 26 0 0 46
492 G 576522 160 265 40 575978 0 0 0 14 65
493 C 576475 62 166 576143 23 0 0 18 0 63
494 T 532488 31 532305 79 13 0 3 0 0 57
495 A 518589 518328 47 6 142 20 0 0 0 46
496 T 517656 41 517456 89 16 0 3 0 0 51
497 G 526103 510 138 19 525376 0 0 0 38 22
498 G 537522 103 105 27 537234 0 0 0 11 42
499 C 514354 103 135 513999 32 0 0 19 0 66
500 T 486313 31 486104 94 16 0 9 0 0 59
501 G 523740 283 254 29 523117 0 0 0 25 32
502 A 528082 527706 46 12 131 4 0 0 0 183
503 C 522899 76 196 522537 36 0 0 8 0 46
504 G 541548 174 196 29 541090 0 0 0 14 45
505 A 546658 546305 49 21 137 25 0 0 0 121
506 A 533393 533128 39 21 148 11 0 0 0 46
507 G 509212 210 142 20 508766 0 0 0 15 59
508 A 508026 507774 37 9 153 6 0 0 0 47
509 A 526075 525799 21 21 195 10 0 0 0 29
510 G 553077 245 332 11 552418 0 0 0 35 36
511 G 555970 98 243 19 555579 0 0 0 10 21
512 G 555078 103 348 26 554567 0 0 0 6 28
513 G 539502 92 163 18 539177 0 0 0 7 45
514 G 550639 245 110 11 550211 0 0 0 18 44
515 A 549561 548791 51 2 161 14 0 0 0 542
516 T 588039 45 587765 109 9 0 32 0 0 79
517 T 599750 43 599506 121 8 0 6 0 0 66
518 C 600254 74 125 599957 28 0 0 7 0 63
519 A 602299 602024 34 23 168 6 0 0 0 44
520 T 602675 43 602464 97 8 0 6 0 0 57
521 A 635904 634415 53 6 126 26 0 0 0 1278
522 C 642253 81 98 641993 25 0 0 13 0 43
523 C 628534 119 67 628290 20 0 0 4 0 34
524 C 621478 195 91 621083 22 0 0 36 0 51
525 A 575155 574981 19 42 76 1 0 0 0 36
526 A 679223 679042 37 12 82 8 0 0 0 42
527 A 681021 680585 20 26 319 12 0 0 0 59
528 G 694264 99 149 49 693865 0 0 0 2 100
529 C 696527 83 66 696275 24 0 0 44 0 35
530 T 636351 15 636104 121 16 0 2 0 0 93
531 G 733145 223 285 35 732488 0 0 0 28 86
532 A 743481 742367 88 18 133 14 0 0 0 861
533 C 802771 65 126 802463 30 0 0 10 0 77
534 C 803129 112 116 802753 21 0 0 31 0 96
535 A 787125 786887 46 20 129 2 0 0 1 40
536 A 937329 936944 65 23 121 115 0 0 0 61
537 T 947989 71 947624 199 20 0 12 0 0 63
538 T 958864 70 958423 201 10 0 6 0 0 154
539 C 969396 110 136 969026 32 0 0 29 0 63
540 C 931925 142 103 931605 26 0 0 10 0 39
541 T 941976 42 941577 285 9 0 12 0 0 51
542 A 943029 942719 89 17 134 5 0 0 0 65
543 T 961853 78 961487 166 14 0 5 0 0 103
544 G 1009549 277 280 27 1008796 0 0 0 105 64
545 T 897043 91 896281 170 34 0 10 0 0 457
546 G 906979 185 345 29 906315 0 0 0 16 89
547 A 902440 902093 66 11 156 8 0 0 0 106
548 A 897844 897389 68 26 166 6 0 0 0 189
549 C 942114 91 120 941739 20 0 0 47 0 97
550 A 915227 914972 50 54 113 6 0 0 0 32
551 A 923128 922833 71 13 138 10 0 0 0 63
552 T 923542 135 923166 155 5 0 21 0 0 60
553 A 900664 900348 88 11 191 2 0 0 0 24
554 A 944641 944350 73 20 148 14 0 0 0 36
555 A 931734 931228 55 41 345 14 0 0 0 51
556 G 932736 235 497 23 931928 0 0 0 20 33
557 G 954634 162 264 37 954081 0 0 0 45 45
558 G 918676 201 182 41 918162 0 0 0 20 70
559 A 911130 910640 61 4 294 8 0 0 0 123
560 A 908624 908328 47 12 179 5 0 0 0 53
561 A 906372 905939 51 35 290 5 0 0 0 52
562 G 915421 193 278 19 914828 0 0 0 8 95
563 A 902662 902358 60 11 143 20 0 0 0 70
564 A 881100 880802 50 21 144 6 0 0 0 77
565 G 866076 220 188 17 865501 0 0 0 23 127
566 T 963000 66 960486 173 19 0 75 0 0 2181
567 C 999660 106 113 999299 38 0 0 30 0 74
568 C 1005807 142 81 1005453 41 0 0 19 0 71
569 T 1018697 85 1018239 257 47 0 16 0 0 53
570 T 926669 87 926348 144 38 0 3 0 0 49
571 G 1015355 264 393 24 1014550 0 0 0 70 54
572 T 1027003 101 1026161 175 13 0 12 0 0 541
573 A 1097121 1095932 67 39 197 47 0 0 0 839
574 C 1099977 81 117 1099608 35 0 0 48 0 88
575 T 1017774 57 1017457 188 13 0 5 0 0 54
576 A 1055832 1055441 106 15 161 32 0 0 0 77
577 T 1041265 93 1040889 128 46 0 12 0 0 97
578 G 1065443 184 402 24 1064763 0 0 0 15 55
579 G 1205049 152 483 50 1204179 0 1 0 103 81
580 G 1075075 164 223 66 1074554 0 0 0 13 55
581 G 1130956 156 189 42 1130410 0 0 0 100 59
582 T 1039853 72 1036030 143 109 0 4 0 0 3495
583 G 1182674 289 257 44 1181883 0 0 0 119 82
584 T 1228515 60 1227922 237 48 0 50 0 0 198
585 T 1161783 96 1161232 319 19 0 9 0 0 108
586 C 1175807 115 199 1175350 56 0 0 9 0 78
587 A 1173506 1173043 90 35 206 3 0 0 0 129
588 T 1173098 105 1172520 291 13 0 10 0 0 159
589 C 1174270 113 191 1173832 48 0 0 10 0 76
590 A 1156293 1151100 92 38 167 2 0 0 0 4894
591 C 1178498 73 159 1178157 38 0 0 22 0 49
592 C 1154883 177 174 1154388 39 0 0 54 0 51
593 C 1109416 337 186 1108774 50 0 0 2 0 67
594 G 1192393 366 319 30 1191571 0 0 0 54 53
595 T 1186353 76 1185758 188 14 0 5 0 0 312
596 C 1189779 146 87 1189364 34 0 0 9 0 139
597 T 1249000 67 1248534 281 16 0 24 0 0 78
598 A 1216904 1216543 55 23 210 2 0 0 0 71
599 G 1223393 231 298 38 1222736 0 0 0 13 77
600 C 1215091 149 253 1214513 78 0 0 8 0 90
601 A 1210782 1210382 67 19 236 5 0 0 0 73
602 G 1247856 176 125 22 1247313 0 0 0 154 66
603 T 1085539 107 1084323 179 13 0 6 0 0 911
604 G 1152424 209 206 38 1151878 0 0 0 25 68
605 A 1155811 1155239 115 12 241 42 0 0 0 162
606 T 1131334 101 1130943 141 37 0 10 0 0 102
607 G 1203314 240 294 35 1202596 0 0 0 57 92
608 A 1177552 1176902 65 12 297 7 0 0 0 269
609 G 1209321 306 285 57 1208524 0 0 0 29 120
610 C 1215013 129 237 1214412 52 0 0 54 0 129
611 A 1153206 1152860 86 34 177 0 0 0 0 49
612 A 1174235 1173715 93 20 178 17 0 0 0 212
613 C 1172562 97 173 1172143 51 0 0 32 0 66
614 A 1135699 1135133 95 39 336 8 0 0 0 88
615 G 1088196 172 327 39 1087531 0 0 0 64 63
616 A 1027114 1026579 76 21 205 5 0 0 0 228
617 G 1027159 158 178 28 1026675 0 0 0 41 79
618 T 986890 70 984060 199 31 0 21 0 0 2509
619 C 1027500 112 98 1027081 47 0 0 48 0 114
620 T 939673 62 939325 119 15 0 20 0 0 132
621 C 995057 159 114 994640 34 0 0 31 0 79
622 T 916700 75 916341 204 15 0 12 0 0 53
623 A 923631 923280 62 39 141 9 0 0 0 100
624 T 930040 79 929652 170 57 0 30 0 0 52
625 A 888634 888287 80 17 169 8 0 0 0 73
626 G 904868 188 232 24 904338 0 0 0 42 44
627 T 864017 78 862794 163 14 0 112 0 0 856
628 A 704804 704571 20 35 137 3 0 0 0 38
629 A 715123 714837 77 23 104 39 0 0 0 43
630 T 665452 53 665141 127 39 0 12 0 0 80
631 G 669105 154 204 17 668676 0 0 0 15 39
632 G 650072 124 174 29 649693 0 0 0 15 37
633 A 639782 639443 56 12 160 2 0 0 0 109
634 A 643817 643591 36 23 106 16 0 0 0 45
635 A 628419 628201 48 14 81 15 0 0 0 60
636 T 624795 52 624549 83 24 0 7 0 0 80
637 G 667579 201 224 33 667037 0 0 0 33 51
638 C 666150 65 54 665918 25 0 0 8 0 80
639 T 659067 29 658870 126 15 0 3 0 0 24
640 T 664077 17 663819 187 11 0 10 0 0 33
641 A 661940 661739 40 8 95 10 0 0 0 48
642 T 676070 68 675835 92 11 0 12 0 0 52
643 G 569815 117 98 18 569542 0 0 0 2 38
644 T 647713 42 647251 88 8 0 42 0 0 282
645 C 654295 60 73 654013 26 0 0 30 0 93
646 T 632878 46 632556 110 10 0 19 0 0 137
647 C 662785 81 68 662512 39 0 0 31 0 54
648 T 652745 39 652475 158 16 0 2 0 0 55
649 G 684405 151 134 34 684027 0 0 0 8 51
650 T 685554 75 685095 105 21 0 28 0 0 230
651 A 642716 642420 31 12 176 3 0 0 0 74
652 G 653959 115 155 19 653552 0 0 0 68 50
653 C 559748 74 161 559437 25 0 0 5 0 46
654 G 564543 160 121 22 564169 0 0 0 36 35
655 T 536069 16 535576 96 11 0 37 0 0 333
656 C 501524 41 54 501365 17 0 0 4 0 43
657 T 501370 36 501082 185 33 0 7 0 0 27
658 T 503707 32 503451 173 9 0 4 0 0 38
659 C 535947 69 183 535643 24 0 0 2 0 26
660 A 534163 533949 36 14 117 3 0 0 0 44
661 A 570735 570512 30 15 131 16 0 0 0 31
662 A 578902 578705 31 17 95 17 0 0 0 37
663 T 576691 47 576481 90 14 0 18 0 0 41
664 T 589502 42 589278 141 11 0 12 0 0 18
665 A 586846 586613 62 4 126 12 0 0 0 29
666 T 601925 82 601604 178 7 0 19 0 0 35
667 A 601765 601527 50 22 139 8 0 0 0 19
668 A 559507 559269 45 28 84 10 0 0 0 71
669 C 590516 64 118 590219 36 0 0 45 0 34
670 A 554257 554009 50 21 137 7 0 0 0 33
671 G 583964 84 282 11 583538 0 0 0 15 34
672 G 608381 116 138 13 608073 0 0 0 12 29
673 A 618782 618390 52 6 193 18 0 0 0 123
674 G 641306 157 167 6 640896 0 0 0 23 57
675 A 656096 655671 49 4 138 8 0 0 0 226
676 T 655789 52 655454 142 28 0 10 0 0 103
677 T 703347 69 702987 176 8 0 4 0 0 103
678 C 698404 97 121 698069 41 0 0 18 0 58
679 A 696427 691095 26 42 158 7 0 0 0 5099
680 C 739951 65 123 739641 35 0 0 35 0 52
681 C 726105 101 131 725788 33 0 0 10 0 42
682 C 719758 346 95 719258 28 0 0 12 0 19
683 C 699857 288 156 699223 142 0 0 5 0 43
684 G 745313 336 436 55 744406 0 0 0 36 44
685 G 755357 169 235 22 754889 0 0 0 5 37
686 A 730064 729690 64 7 227 7 0 0 0 69
687 A 728944 728652 47 47 159 9 0 0 0 30
688 A 724555 724245 90 32 139 18 0 0 0 31
689 T 718561 102 718186 134 27 0 31 0 0 81
690 A 742960 742587 33 23 272 5 0 0 0 40
691 G 730872 208 319 55 730196 0 0 0 17 77
692 C 749414 97 128 749067 34 0 0 51 0 37
693 T 662515 51 662146 200 22 0 5 0 0 91
694 G 663429 296 117 35 662915 0 0 0 13 53
695 C 698412 74 111 698102 58 0 0 3 0 64
696 A 672874 672516 47 42 214 6 0 0 0 49
697 A 674209 673905 47 22 164 8 0 0 0 63
698 G 686428 138 122 16 686087 0 0 0 19 46
699 G 800396 152 89 38 799941 0 0 0 79 97
700 C 798165 115 113 797708 140 0 0 8 0 81
701 C 796703 91 101 796430 30 0 0 3 0 48
702 C 819740 238 141 819246 29 0 0 28 0 58
703 A 816307 815923 44 101 204 4 0 0 0 31
704 A 888995 888693 62 9 129 69 0 0 0 33
705 A 891550 891145 37 35 276 7 0 0 0 50
706 G 953954 280 321 32 953224 0 0 0 26 71
707 T 954364 67 953234 208 41 0 49 0 0 765
708 A 879842 879237 50 28 490 4 0 0 0 33
709 A 878955 878649 69 25 178 6 0 0 0 28
710 G 867592 243 576 20 866652 0 0 0 27 74
711 A 856898 856441 52 14 270 4 0 0 0 117
712 G 881841 102 231 20 881327 0 0 0 58 103
713 A 830541 830113 51 14 145 20 0 0 0 198
714 T 832055 53 831195 157 18 0 9 0 0 623
715 C 835612 90 90 835302 24 0 0 35 0 71
716 A 829493 829171 38 23 193 4 0 0 0 64
717 A 893561 892982 55 41 215 42 0 0 0 226
718 C 878691 87 102 878383 27 0 0 11 0 81
719 A 865415 865069 72 45 136 4 0 0 0 89
720 T 846971 73 846574 127 40 0 43 0 0 114
721 G 817325 150 327 27 816784 0 0 0 3 34
722 G 819288 161 164 24 818890 0 0 0 12 37
723 G 801806 173 191 36 801350 0 0 0 16 40
724 A 827089 826474 45 7 275 11 0 0 0 277
725 G 838453 170 190 27 837947 0 0 0 64 55
726 G 788392 123 200 31 787971 0 0 0 10 57
727 A 788080 787462 64 7 177 3 0 0 0 367
728 T 785257 56 784944 105 19 0 9 0 0 124
729 G 776774 188 263 24 776209 0 0 0 6 84
730 A 854050 853624 73 15 195 64 0 0 0 79
731 A 871082 870369 69 29 154 16 0 0 0 445
732 C 917003 83 123 916644 27 0 0 46 0 80
733 T 881959 58 881572 206 13 0 6 0 0 104
734 A 897818 897526 67 9 140 29 0 0 0 47
735 T 1034801 129 1034323 160 13 0 116 0 0 60
736 T 1044904 66 1044484 295 4 0 8 0 0 47
737 A 1054040 1053104 96 34 155 14 0 0 0 637
738 C 1019404 73 143 1019065 27 0 0 46 0 50
739 T 956310 66 955816 285 27 0 10 0 0 106
740 G 951191 214 183 39 950663 0 0 0 28 64
741 G 919023 157 112 27 918626 0 0 0 13 88
742 A 961913 960173 69 34 186 11 0 0 0 1440
743 C 972210 53 171 971754 34 0 0 116 0 82
744 C 830000 117 121 829700 20 0 0 12 0 30
745 T 823885 55 823599 158 13 0 7 0 0 53
746 T 855845 50 855514 188 23 0 32 0 0 38
747 G 862540 185 123 39 862119 0 0 0 15 59
748 C 852360 93 172 851985 41 0 0 9 0 60
749 T 878220 58 877932 158 9 0 19 0 0 44
750 A 870504 870121 74 19 221 6 0 1 0 62
751 G 890903 225 288 16 890295 0 0 0 16 63
752 A 898789 898512 30 17 136 19 0 0 0 75
753 A 875029 873437 39 44 98 15 0 0 0 1396
754 C 897821 71 116 897473 44 0 0 52 0 65
755 C 825955 106 85 825688 21 0 0 19 0 36
756 C 830028 296 199 829452 34 0 0 5 0 42
757 G 828832 330 191 51 828185 0 0 0 4 71
758 G 833769 127 131 30 833412 0 0 0 10 59
759 A 838594 837947 61 10 276 8 0 0 0 292
760 G 837005 138 152 32 836553 0 0 0 18 112
761 A 842988 842439 57 30 195 7 0 0 0 260
762 C 874440 81 147 874036 59 0 0 40 0 77
763 A 850221 849498 76 23 169 5 0 0 0 450
764 C 974550 119 128 974100 35 0 0 99 0 69
765 A 971638 971241 95 59 193 5 0 0 0 45
766 A 963431 963016 123 37 133 41 0 0 0 81
767 T 964176 172 963740 164 11 0 12 0 0 77
768 A 959804 959385 187 19 162 4 0 0 0 47
769 A 1011566 1011071 237 35 140 18 0 0 0 65
770 T 1017203 151 1016740 177 21 0 30 0 0 84
771 A 998889 998455 153 10 187 7 0 0 0 77
772 T 990982 145 990393 202 32 0 136 0 0 74
773 T 813670 59 813361 170 28 0 9 0 0 43
774 T 810325 73 809948 151 64 0 38 0 0 51
775 G 761225 202 261 40 760629 0 0 0 9 84
776 A 753633 753160 86 15 231 6 0 0 0 135
777 G 755997 104 109 24 755699 0 0 0 12 49
778 G 747121 158 104 26 746738 0 0 0 22 73
779 C 750237 97 88 749883 39 0 0 27 0 103
780 A 735401 735153 44 18 115 7 0 0 0 64
781 A 739525 739102 63 14 108 22 0 0 0 216
782 C 845355 85 99 844979 15 0 0 92 0 85
783 T 845084 86 844682 203 29 0 10 0 0 74
784 G 832980 196 265 28 832420 0 0 0 40 31
785 G 833554 156 226 22 833123 0 0 0 3 24
786 T 843721 63 840642 258 45 0 9 0 0 2704
787 A 849255 849034 37 16 128 13 0 0 0 27
788 A 902979 902650 89 11 118 40 0 0 0 71
789 T 982871 83 982366 215 20 0 61 0 0 126
790 C 992497 134 116 992132 30 0 0 42 0 43
791 T 1001691 107 1001161 301 21 0 38 0 0 63
792 A 1006691 1006392 68 33 144 19 0 0 0 35
793 A 1004540 1004254 69 50 122 7 0 0 0 38
794 T 1008711 95 1008310 179 14 0 8 0 0 105
795 A 961249 960939 31 24 193 2 0 0 0 60
796 G 967271 161 346 45 966596 0 0 0 23 100
797 C 959261 102 130 958897 52 0 0 19 0 61
798 A 954424 951556 88 32 180 7 0 0 0 2561
799 C 966850 55 96 966598 28 0 0 24 0 49
800 C 928160 123 107 927844 21 0 0 16 0 49
801 A 937008 936678 69 19 146 14 0 0 0 82
802 T 952037 85 951676 151 28 0 12 0 0 85
803 G 933275 159 270 29 932774 0 0 0 2 41
804 G 943352 130 165 29 942938 0 0 0 48 42
805 T 903281 98 900573 146 16 0 13 0 0 2435
806 A 904724 904432 74 5 135 8 0 0 0 70
807 T 896555 37 896270 153 17 0 26 0 0 52
808 G 921984 201 233 35 921442 0 0 0 11 62
809 C 989957 92 111 989517 49 0 0 126 0 62
810 T 893552 19 893215 222 20 0 23 0 0 53
811 T 863812 51 863574 122 8 0 12 0 0 45
812 T 863077 67 862732 173 18 0 20 0 0 67
813 C 795296 84 250 794853 52 0 0 8 0 49
814 G 814774 259 170 69 814184 0 0 0 23 69
815 C 798344 73 131 798044 24 0 0 3 0 69
816 A 799480 798792 62 28 147 2 0 0 0 449
817 C 812530 69 99 812261 28 0 0 17 0 56
818 T 789173 34 788748 294 45 0 2 0 0 50
819 G 1041034 271 245 39 1040230 0 1 0 198 50
820 A 1050008 1049466 71 14 205 3 0 0 0 249
821 G 1073765 206 180 38 1073240 0 0 0 26 75
822 T 1238228 121 1236047 203 31 0 15 0 0 1811
823 A 1230219 1229746 92 20 257 15 0 0 0 89
824 G 1269067 244 284 40 1268429 0 0 0 20 50
825 A 1290591 1289860 85 16 349 17 0 0 0 264
826 G 1320379 256 542 30 1319447 0 0 0 34 70
827 G 1337454 224 263 36 1336635 0 0 0 209 87
828 G 1101272 191 173 76 1100635 0 0 0 56 141
829 T 1043832 60 1041828 184 90 0 24 0 0 1646
830 T 1206325 62 1205921 234 43 0 13 0 0 52
831 T 1190924 45 1190336 434 28 0 20 0 0 61
832 G 1205297 313 320 51 1204520 0 0 0 10 83
833 A 1204317 1203769 51 18 347 12 0 0 0 120
834 G 1245093 296 185 29 1244431 0 0 0 39 113
835 T 1209381 126 1208140 276 29 0 8 0 0 802
836 C 1200269 126 171 1199824 45 0 0 30 0 73
837 C 1182850 225 458 1182048 53 0 0 7 0 59
838 G 1226690 643 306 55 1225544 0 0 0 37 105
839 G 1231579 308 185 57 1230948 0 0 0 10 71
840 C 1231973 208 235 1231333 69 0 0 10 0 118
841 A 1238446 1237996 92 22 205 12 0 0 0 119
842 T 1271296 66 1270840 203 27 0 43 0 0 117
843 C 1267850 137 215 1267274 33 0 0 18 0 173
844 A 1278835 1278293 117 41 202 6 0 0 0 176
845 T 1268095 104 1267522 246 13 0 8 0 0 202
846 C 1286463 131 227 1285928 38 0 0 50 0 89
847 A 1256559 1252375 77 34 208 12 0 0 0 3853
848 C 1335180 76 193 1334714 45 1 0 92 0 59
849 C 1332729 244 196 1332189 39 0 0 13 0 48
850 T 1301591 113 1300765 408 24 0 19 0 0 262
851 C 1292682 196 160 1292220 43 0 0 13 0 50
852 A 1323861 1323397 65 76 271 8 0 0 0 44
853 A 1318647 1318312 43 20 217 6 0 0 0 49
854 A 1323847 1323124 32 189 189 13 0 0 0 300
855 C 1305752 116 435 1304996 109 0 0 21 0 75
856 G 1302480 342 304 119 1301433 0 0 0 159 123
857 C 1107753 109 209 1107276 49 0 0 15 0 95
858 G 1088121 443 322 54 1087244 0 0 0 5 53
859 T 1103598 69 1102856 270 33 0 12 0 0 358
860 C 1106807 99 171 1106403 45 1 0 23 0 65
861 A 1120473 1120115 73 23 198 5 0 0 0 59
862 A 1221862 1221423 78 16 181 102 0 0 0 62
863 T 1209235 98 1208746 198 44 0 6 0 0 143
864 G 1227129 515 225 55 1226219 0 0 0 17 98
865 C 1237001 148 297 1236377 63 0 0 51 0 65
866 A 1176322 1175812 84 35 276 26 0 0 0 89
867 T 1176561 75 1176131 184 31 0 27 0 0 113
868 G 840296 190 240 25 839731 0 0 0 25 85
869 A 840101 839727 54 13 195 9 0 0 0 103
870 G 1018429 176 134 27 1017830 0 0 0 190 72
871 T 977197 110 976006 138 41 0 6 0 0 896
872 G 995847 277 247 32 995186 0 0 0 26 79
873 T 978761 85 977998 302 27 0 23 0 0 326
874 A 982433 982020 33 35 296 15 0 0 0 34
875 A 951457 951024 53 39 184 9 0 0 0 148
876 C 938868 72 137 938554 34 0 0 6 0 65
877 A 930128 929470 71 36 121 7 0 0 0 423
878 C 926726 62 172 926331 39 0 0 65 0 57
879 G 816629 288 287 32 815960 0 0 0 4 58
880 A 818619 818333 55 16 141 10 0 0 0 64
881 A 809465 809141 53 22 164 1 0 0 0 84
882 G 854253 127 131 21 853864 0 0 0 39 71
883 T 833251 53 831618 93 17 0 3 0 0 1467
884 G 855244 142 177 24 854819 0 0 0 12 70
885 T 850555 71 849730 270 25 0 3 0 0 456
886 C 860152 87 158 859805 37 0 0 7 0 58
887 A 845831 845415 50 33 276 5 0 0 0 52
888 A 859880 859655 37 15 132 6 0 0 0 35
889 A 908348 907886 35 124 146 4 0 1 0 152
890 C 915749 129 143 915328 40 0 0 66 0 43
891 A 849481 844889 33 94 117 8 0 0 0 4340
892 C 1019552 99 126 1019078 60 0 0 127 0 62
893 C 994395 156 113 993963 53 0 0 13 0 97
894 C 1012047 427 143 1011363 36 0 0 10 0 68
895 C 1000901 324 191 1000261 63 0 0 11 0 51
896 A 1004329 1003750 58 76 355 3 0 0 0 87
897 G 946437 166 420 33 945761 0 0 0 7 50
898 G 948467 128 556 48 947674 0 0 0 1 60
899 G 1024576 280 144 357 1023615 0 0 0 60 120
900 A 1018436 1017586 52 39 319 48 0 0 0 392
901 G 1052596 148 144 214 1051890 0 0 0 79 121
902 C 1077226 214 166 1076627 69 0 0 10 0 140
903 T 1067328 107 1066741 296 78 0 10 0 0 96
904 A 1404158 1403330 247 148 290 58 0 0 0 85
905 T 1400223 324 1399407 303 67 0 32 0 0 90
906 A 1453647 1453176 151 75 180 29 0 0 0 36
907 A 1452494 1451784 214 132 242 60 0 0 0 62
908 A 1360630 1359769 111 264 228 7 0 0 0 251
909 C 1383501 190 388 1382603 108 0 0 134 0 78
910 A 1212538 1211978 75 102 247 1 0 0 0 135
911 G 1229468 427 330 79 1228502 0 0 0 28 102
912 C 1231894 143 235 1231287 84 0 0 40 0 105
913 A 1179526 1179126 99 54 166 2 0 0 0 79
914 A 1180389 1179958 85 19 176 20 0 0 0 131
915 T 1162715 78 1162087 191 10 0 7 0 0 342
916 C 1171609 128 221 1171137 24 0 0 18 0 81
917 T 1167729 94 1166857 361 26 0 22 0 0 369
918 C 1157268 139 343 1156674 44 0 1 7 0 60
919 C 1105832 177 123 1105398 44 0 0 3 0 87
920 C 1097402 374 108 1096801 35 0 0 1 0 83
921 T 1094115 64 1093785 175 25 0 7 0 0 59
922 T 1107093 70 1106719 202 11 0 29 0 0 62
923 T 1100795 56 1100303 281 11 0 4 0 0 140
924 C 1108057 141 148 1107648 48 0 0 18 0 54
925 C 1104401 149 166 1103963 47 0 0 16 0 60
926 A 1093129 1092586 67 42 363 3 0 0 0 68
927 G 1109959 164 293 28 1109366 0 0 0 16 92
928 A 1109146 1108658 59 11 340 10 0 0 0 68
929 A 1186516 1185789 239 130 192 89 0 1 0 76
930 T 1192854 248 1192099 354 10 0 39 0 0 104
931 A 1111606 1111207 92 12 203 4 0 0 0 88
932 T 1116368 518 1115518 201 6 0 30 0 0 95
933 A 1076358 1074797 49 305 234 2 0 0 0 971
934 C 1106779 439 309 1105906 44 0 0 22 0 59
935 A 1076341 1071535 77 1020 155 5 0 1 0 3548
936 C 1083373 74 157 1082969 68 0 0 43 0 62
937 C 1030678 176 117 1030138 33 0 0 117 0 97
938 C 865661 260 194 865051 43 0 0 29 0 84
939 A 854779 854400 109 27 164 20 0 0 0 59
940 G 865196 140 174 23 864790 0 0 0 15 54
941 T 765790 82 765177 158 19 0 4 0 0 350
942 C 781498 105 153 781132 44 0 0 16 0 48
943 A 764984 764256 96 23 194 3 0 0 0 412
944 C 949687 95 124 949248 32 0 0 131 0 57
945 A 937879 937524 58 36 212 1 0 0 0 48
946 A 978032 977680 86 21 140 40 0 0 0 65
947 T 987925 106 987446 158 38 0 30 0 0 147
948 A 872576 872176 57 32 244 28 0 0 0 39
949 G 927114 190 244 36 926547 0 0 0 16 81
950 G 927744 165 172 25 927311 0 0 0 22 49
951 A 933040 932370 92 12 321 24 0 0 0 221
952 G 1063297 160 195 28 1062740 0 0 0 80 94
953 A 942675 942268 63 34 162 7 0 0 0 141
954 G 951975 175 215 26 951427 0 0 0 24 108
955 T 933407 79 930773 128 57 0 2 0 0 2368
956 G 988521 368 208 52 987707 0 0 0 43 143
957 C 1036307 102 220 1035709 180 0 0 13 0 83
958 C 1044310 118 196 1043875 35 0 0 4 0 82
959 C 1054293 290 183 1053688 37 0 0 11 0 84
960 A 1066023 1065544 44 228 167 1 0 0 0 39
961 A 1104262 1103972 56 42 116 32 0 0 0 44
962 A 1111434 1111145 53 33 155 3 0 0 0 45
963 A 1115628 1115267 113 33 138 10 0 0 0 67
964 T 1146302 77 1145920 146 11 0 55 0 0 93
965 A 1132782 1132432 65 12 202 20 0 0 0 51
966 T 1147296 96 1146830 253 42 0 15 0 0 60
967 G 1147703 987 96 70 1146444 0 0 0 24 82
968 T 1152933 198 1152036 222 26 0 4 0 0 447
969 C 1161049 151 325 1160428 54 0 0 36 0 55
970 A 1118770 1118247 71 38 347 2 0 0 0 65
971 G 1120138 189 158 28 1119719 0 0 0 8 36
972 G 1124403 203 141 38 1123939 0 0 0 29 53
973 A 1099487 1098940 78 17 192 5 0 0 0 255
974 G 1118632 198 72 31 1118196 0 0 0 47 88
975 T 1091293 69 1086607 245 21 0 22 0 0 4329
976 A 1093740 1091077 106 15 218 22 0 0 0 2302
977 C 1091018 85 196 1090606 32 0 0 18 0 81
978 C 1082892 240 176 1082341 48 0 0 5 0 82
979 A 1090466 1090087 56 30 217 24 0 0 0 52
980 A 1088815 1088557 42 16 147 10 0 0 0 43
981 A 1097088 1096678 129 57 147 10 0 0 0 67
982 T 1096916 103 1096440 158 24 0 76 0 0 115
983 T 1023863 44 1023529 162 55 0 5 0 0 68
984 G 1031545 362 158 27 1030878 0 0 0 31 89
985 A 993057 992403 87 19 315 0 0 0 0 233
986 G 998079 213 190 40 997559 0 0 0 9 68
987 G 1002476 171 105 22 1002079 0 0 0 40 59
988 A 936613 935977 71 19 224 11 0 0 0 311
989 T 952067 80 951614 107 14 0 62 0 0 190
990 G 1077948 245 123 49 1077281 0 0 0 104 146
991 G 1087201 201 75 19 1086765 0 0 0 43 98
992 T 1168342 110 1167267 138 64 0 64 0 0 699
993 T 842756 61 842457 163 29 0 16 0 0 30
994 A 847096 846514 105 39 147 10 0 0 0 281
995 C 826586 112 249 826103 53 0 0 14 0 55
996 A 826427 825849 60 55 406 8 0 0 0 49
997 G 896204 118 239 32 895719 0 0 0 51 45
998 G 890079 204 151 34 889566 0 0 0 53 71
999 A 863577 862576 71 29 208 16 0 0 0 677
1000 C 880969 63 127 880662 22 0 0 44 0 51
1001 T 829795 46 829503 188 13 0 2 0 0 43
1002 A 837058 836803 39 14 154 6 0 0 0 42
1003 A 836520 836280 43 20 128 10 0 0 0 39
1004 G 852955 180 232 32 852426 0 0 0 13 72
1005 A 833893 833605 44 7 139 22 0 0 0 76
1006 A 815945 815735 33 12 107 10 0 0 0 48
1007 A 809505 809019 34 49 105 13 0 0 0 285
1008 C 816168 58 134 815878 19 0 0 25 0 54
1009 A 803417 803107 54 19 108 4 0 0 0 125
1010 T 795544 67 795041 193 8 0 7 0 0 228
1011 C 790989 98 120 790702 30 0 0 4 0 35
1012 C 814954 118 88 814616 39 0 0 25 0 68
1013 C 799871 195 112 799451 30 0 0 19 0 64
1014 A 797894 797601 61 18 107 4 0 0 0 103
1015 T 791482 81 791045 161 8 0 8 0 0 179
1016 C 800750 101 74 800485 22 0 0 16 0 52
1017 C 793421 84 125 793131 43 0 0 6 0 32
1018 A 912608 912264 72 16 101 84 0 0 0 71
1019 T 919483 47 919181 142 13 0 11 0 0 89
1020 T 926640 78 926289 172 8 0 7 0 0 86
1021 C 946857 92 124 946494 40 0 0 43 0 64
1022 A 943419 943098 48 18 196 5 0 0 0 54
1023 A 987954 987683 48 13 112 51 0 0 0 47
1024 T 988528 75 988183 151 10 0 9 0 0 100
1025 A 1047243 1046442 105 11 158 8 0 0 0 519
1026 C 1064668 108 201 1064167 64 0 0 74 0 54
1027 A 982346 981964 81 60 169 3 0 0 0 69
1028 G 980753 207 230 30 980207 0 0 0 17 62
1029 A 961752 961141 56 17 274 16 0 0 0 248
1030 G 1146089 135 204 33 1145527 0 0 0 124 66
1031 G 1185678 153 138 46 1185183 0 0 0 67 91
1032 T 1101801 81 1097126 217 49 0 12 0 0 4316
1033 C 1113710 138 157 1113195 40 0 0 23 0 157
1034 T 1112608 39 1112226 267 26 0 3 0 0 47
1035 A 1197231 1196730 99 23 196 61 0 0 0 122
1036 T 1234972 113 1234584 159 17 0 26 0 0 73
1037 T 1227605 56 1227296 171 14 0 16 0 0 52
1038 T 1205642 94 1205106 211 75 0 100 0 0 56
1039 G 1018625 177 312 49 1018024 0 0 0 3 60
1040 G 1024851 168 218 25 1024386 0 0 0 9 45
1041 A 1002764 1002100 59 6 273 15 0 0 0 311
1042 G 1009622 116 202 45 1009168 0 0 0 15 76
1043 C 1010185 103 196 1009705 38 0 0 44 0 99
1044 C 959845 98 149 959483 22 0 0 4 0 89
1045 A 964401 963939 74 14 149 3 0 0 0 222
1046 T 968126 65 967886 110 12 0 10 0 0 43
1047 T 972017 74 971761 112 18 0 7 0 0 45
1048 G 972350 283 186 39 971789 0 0 0 7 46
1049 C 981756 77 130 981391 41 0 0 5 0 112
1050 T 983032 47 982698 205 25 0 6 0 0 51
1051 G 995783 138 163 25 995408 0 0 0 19 30
1052 G 1128406 128 246 25 1127907 0 0 0 71 29
1053 T 1117303 65 1115791 146 329 0 25 0 0 947
1054 T 1112616 33 1112370 126 29 0 27 0 0 31
1055 T 1103127 40 1102898 133 17 0 15 0 0 24
1056 T 1121747 329 1121170 199 10 0 12 0 0 27
1057 A 1159167 1158129 617 22 211 30 0 0 0 158
1058 T 1155834 441 1155168 130 28 0 12 0 0 55
1059 T 1150792 85 1150024 215 422 0 4 0 1 41
1060 G 1170970 731 718 45 1169289 0 0 0 134 53
1061 A 1025444 1023368 88 54 1438 10 0 0 0 486
1062 G 1034104 941 393 42 1032681 0 0 0 15 32
1063 G 1036640 152 365 39 1036036 0 0 0 15 33
1064 G 1029934 159 331 55 1029333 0 0 0 12 44
1065 G 1054018 265 555 45 1052996 0 0 0 86 71
1066 G 1010315 202 194 64 1009760 0 0 0 12 83
1067 G 920069 731 122 36 919102 0 0 0 4 74
1068 A 913651 910065 598 9 2158 13 0 0 0 808
1069 T 899363 657 897900 138 494 0 8 0 0 166
1070 G 903151 299 714 34 901973 0 0 0 43 88
1071 G 910069 433 157 71 909291 0 0 0 43 74
1072 A 832169 830988 76 240 426 2 0 0 0 437
1073 C 833115 247 152 832544 37 0 0 53 0 82
1074 T 763702 38 763175 404 20 0 17 0 0 48
1075 G 754551 247 174 29 754049 0 0 0 20 32
1076 G 772653 173 122 27 772270 0 0 0 19 42
1077 A 765473 765122 57 19 146 12 0 0 0 117
1078 A 770379 770046 68 26 128 55 0 0 0 56
1079 T 618515 46 618303 88 12 0 20 0 0 46
1080 G 679480 173 180 25 679052 0 0 0 15 35
1081 A 696012 695664 68 9 167 12 0 0 0 92
1082 T 696719 73 696436 121 17 0 21 0 0 51
1083 A 691032 690712 58 13 210 8 0 0 0 31
1084 G 655674 98 180 19 655323 0 0 0 16 38
1085 A 736745 736475 47 10 116 13 0 0 0 84
1086 T 738176 63 737851 94 30 0 16 0 0 122
1087 G 774577 203 196 37 774079 0 0 0 27 35
1088 G 798862 115 147 33 798492 0 0 0 32 43
1089 A 857587 856838 59 22 279 73 0 0 0 316
1090 T 896953 80 896597 120 20 0 20 0 0 116
1091 G 898917 240 180 25 898410 0 0 0 9 53
1092 G 1108295 203 154 45 1107661 0 0 0 172 60
1093 T 1096052 90 1093421 222 61 0 6 0 1 2251
1094 A 1093501 1093067 109 14 187 18 0 0 0 106
1095 T 1084434 125 1084033 144 37 0 16 0 0 79
1096 G 1128082 192 309 44 1127471 0 0 0 31 35
1097 G 1163107 197 197 33 1162565 0 0 0 59 56
1098 T 1151797 93 1150757 145 61 0 14 0 0 727
1099 T 1143272 43 1142958 180 30 0 13 0 0 48
1100 A 1134522 1134059 109 5 199 63 0 0 0 87
1101 T 1018695 81 1018303 159 8 0 9 0 0 135
1102 C 1020809 95 172 1020437 30 0 0 15 0 60
1103 A 1020675 1020324 83 12 143 13 0 0 0 100
1104 T 1018305 87 1017799 181 7 0 30 0 0 201
1105 C 997539 83 123 997244 20 0 0 24 0 45
1106 A 962368 962049 64 12 118 4 0 0 0 121
1107 T 963673 52 963382 121 15 0 3 0 0 100
1108 C 966870 116 125 966512 35 0 0 12 0 70
1109 A 953205 952793 82 23 216 3 0 0 0 88
1110 G 970451 162 183 20 970002 0 0 0 29 55
1111 A 967486 967235 35 12 141 2 0 0 0 61
1112 A 967664 967396 30 12 136 9 0 0 0 81
1113 T 967480 54 967182 136 17 0 6 0 0 85
1114 G 962897 196 165 33 962385 0 0 0 23 95
1115 A 958019 957722 65 10 148 13 0 0 0 61
1116 A 961061 960645 69 13 152 7 0 0 0 175
1117 C 962732 74 223 962278 65 0 0 14 0 78
1118 A 950048 949610 69 28 249 14 0 0 0 78
1119 G 915481 160 354 16 914883 0 0 0 19 49
1120 G 960413 155 209 38 959888 0 0 0 52 71
1121 G 973731 178 142 29 973240 0 0 0 20 122
1122 A 985067 984457 81 12 237 21 0 0 0 259
1123 T 962091 71 961508 121 9 0 8 0 0 374
1124 C 943444 125 209 942983 44 0 0 4 0 79
1125 A 979169 978465 77 58 420 71 0 0 0 78
1126 G 1034538 224 226 27 1033934 0 0 0 41 86
1127 G 1046572 185 115 58 1046095 0 0 0 15 104
1128 C 1042681 180 119 1042132 48 0 0 64 0 138
1129 T 1019300 48 1018953 173 20 0 19 0 0 87
1130 A 1021150 1020753 88 11 186 30 0 0 0 82
1131 T 1110942 101 1110438 217 36 0 13 0 0 137
1132 G 1118091 389 282 49 1117258 0 0 0 11 102
1133 C 1101277 128 434 1100385 68 1 0 178 0 83
1134 A 830371 829825 64 58 287 5 0 0 0 132
1135 G 860768 88 125 26 860426 0 0 0 62 41
1136 C 786574 122 282 785956 89 0 0 29 0 96
1137 G 764956 254 215 39 764406 0 0 0 3 39
1138 G 798879 487 124 36 798126 0 0 0 80 26
1139 A 734707 733423 437 3 605 5 0 0 0 234
1140 T 752982 648 751645 545 9 0 5 0 0 130
1141 C 739747 545 783 738323 28 0 0 11 0 57
1142 A 770921 769782 46 938 125 3 0 0 0 27
1143 A 781818 781574 37 19 141 18 0 0 0 29
1144 A 781364 781198 22 25 88 9 0 0 0 22
1145 A 785138 784990 25 16 82 8 0 0 0 17
1146 A 776137 775913 26 13 141 14 0 0 0 30
1147 A 760077 759463 12 12 544 6 0 0 0 40
1148 G 783925 382 136 157 783132 0 0 0 12 106
1149 C 779638 167 153 779040 216 0 0 6 0 56
1150 A 787360 786462 74 222 128 4 0 0 0 470
1151 C 801561 156 119 801203 26 0 0 14 0 43
1152 A 799742 798693 71 126 156 2 0 0 0 694
1153 C 826756 98 95 826427 59 0 0 19 0 58
1154 A 822120 821905 30 41 110 6 0 0 0 28
1155 A 830570 830358 50 15 110 8 0 0 0 29
1156 A 827328 827080 40 26 135 16 0 0 0 31
1157 A 818214 817863 129 18 154 6 0 0 0 44
1158 T 816228 44 815825 128 66 0 1 0 0 164
1159 G 809736 179 272 91 809068 0 0 0 25 101
1160 C 797027 90 212 796619 51 0 0 15 0 40
1161 C 788162 122 118 787770 34 0 0 56 0 62
1162 A 729016 728740 50 34 119 5 0 0 0 68
1163 T 714941 61 714704 83 19 0 16 0 0 58
1164 T 696463 65 696208 127 19 0 3 0 0 41
1165 A 693383 693161 35 11 143 6 0 0 0 27
1166 A 682874 682533 44 33 98 1 0 0 0 165
1167 C 683527 69 229 683112 43 0 0 31 0 43
1168 G 643292 216 254 15 642717 0 0 0 37 53
1169 G 563784 72 176 27 563453 0 0 0 18 38
1170 G 561432 139 109 26 561105 0 0 0 19 34
1171 A 549965 549524 42 9 148 11 0 0 0 231
1172 T 575339 40 575160 71 7 0 22 0 0 39
1173 T 567553 44 567359 93 18 0 12 0 0 27
1174 A 490617 490197 59 21 152 6 0 0 0 182
1175 C 564057 142 131 563678 31 0 0 34 0 41
1176 A 540328 540089 40 55 119 11 0 0 0 14
1177 A 557172 556977 30 27 65 40 0 0 0 33
1178 A 532173 531875 29 119 73 0 0 0 0 77
1179 C 525301 60 51 525082 30 0 0 40 0 38
1180 A 513352 513194 30 32 65 9 0 0 0 22
1181 A 523347 523153 39 9 115 5 0 0 0 26
1182 G 646943 123 197 11 646506 0 0 0 81 25
1183 G 650157 127 84 22 649888 0 0 0 11 25
1184 T 635121 59 633064 76 28 0 4 0 0 1890
1185 G 665305 205 168 23 664784 0 0 0 29 96
1186 A 676380 676125 54 17 126 3 0 0 0 55
1187 A 691060 690278 46 23 127 17 0 0 0 569
1188 C 741836 48 90 741581 19 0 0 40 0 58
1189 T 740097 44 739634 123 13 0 4 0 0 279
1190 C 789366 93 67 789075 30 0 0 52 0 49
1191 T 770943 47 770605 216 18 0 0 0 0 57
1192 G 789148 234 145 31 788685 0 0 0 20 33
1193 T 788270 77 787948 85 20 0 16 0 0 124
1194 T 796351 25 796133 148 15 0 6 0 0 24
1195 A 797996 797758 44 7 126 9 0 0 0 52
1196 T 793876 58 793581 94 3 0 14 0 0 126
1197 C 776891 83 181 776563 19 0 0 2 0 43
1198 G 779660 266 138 29 779163 0 0 0 14 50
1199 A 755401 755115 49 7 127 5 0 0 0 98
1200 G 756525 139 108 16 756190 0 0 0 21 51
1201 A 746345 746126 40 4 136 3 0 0 0 36
1202 A 742368 742193 41 11 86 7 0 0 0 30
1203 A 751042 750882 27 10 93 12 0 0 0 18
1204 A 757819 757624 72 4 69 6 0 0 0 44
1205 T 759592 50 759330 87 26 0 10 0 0 89
1206 G 758399 181 179 26 757961 0 0 0 1 51
1207 A 755731 755510 53 10 110 6 0 0 0 42
1208 A 751952 751613 49 24 121 2 0 0 0 143
1209 C 749078 83 121 748752 29 0 0 9 0 84
1210 A 752065 750514 77 20 100 8 0 0 0 1346
1211 C 763782 54 70 763558 22 0 0 37 0 41
1212 T 746998 65 746519 194 12 0 4 0 0 204
1213 C 749168 71 111 748898 31 0 0 12 0 45
1214 A 742551 742320 25 14 162 2 0 0 0 28
1215 A 797027 796759 46 13 117 45 0 0 0 47
1216 T 802311 44 802014 114 18 0 11 0 0 110
1217 T 808772 80 808350 134 5 0 18 0 0 185
1218 C 741086 86 107 740778 37 0 0 22 0 56
1219 A 716480 715806 78 26 122 10 0 0 0 438
1220 C 647728 51 148 647430 47 0 0 21 0 31
1221 A 622424 622130 24 59 173 6 0 0 0 32
1222 G 629655 154 159 35 629230 0 0 0 20 57
1223 C 625742 106 72 625402 33 0 0 91 0 38
1224 T 469087 16 468930 83 11 0 1 0 0 46
1225 G 471917 101 103 11 471649 0 0 0 24 29
1226 T 438525 46 438137 60 44 0 5 0 0 233
1227 G 443999 95 167 20 443679 0 0 0 7 31
1228 G 432608 55 77 8 432441 0 0 0 7 20
1229 G 424577 104 83 35 424322 0 0 0 5 28
1230 T 416532 53 415490 46 13 0 70 0 0 860
1231 A 312473 312364 10 17 59 4 0 0 0 19
1232 A 318177 318081 18 11 53 2 0 0 0 12
1233 A 317497 317275 19 12 167 5 0 0 0 19
1234 G 314236 80 45 10 314053 0 0 0 17 31
1235 A 294631 294515 17 7 46 18 0 0 0 28
1236 A 259306 259197 32 7 41 9 0 0 0 20
1237 T 247205 20 247106 38 2 0 5 0 0 34
1238 T 244306 18 244225 28 3 0 1 0 0 31
1239 C 240519 27 28 240431 11 0 0 0 0 22
1240 A 239822 239742 12 4 46 0 0 0 0 18
1241 A 233896 233765 27 3 46 1 0 0 0 54
1242 C 246487 15 41 246388 7 0 0 7 0 29
1243 A 236915 236847 6 11 34 3 0 0 0 14
1244 A 253053 252804 20 37 14 16 0 0 0 162
1245 C 252577 24 57 252461 7 0 0 8 0 20
1246 T 250656 9 250559 49 2 0 3 0 0 34
1247 T 250563 50 250452 34 2 0 6 0 0 19
1248 A 249744 249513 45 3 162 0 0 0 0 21
1249 G 266359 217 66 5 266036 0 0 0 7 28
1250 A 269003 268857 11 0 108 2 0 0 0 25
1251 A 291889 291772 12 5 80 0 0 0 0 20
1252 A 288071 287975 11 7 42 26 0 0 0 10
1253 A 252453 252371 13 4 53 2 0 0 0 10
1254 A 251583 251437 18 5 108 1 0 0 0 14
1255 A 249857 249371 11 5 448 3 0 0 0 19
1256 G 260321 438 36 9 259808 0 0 0 13 17
1257 G 256975 128 42 8 256755 0 0 0 37 5
1258 A 218958 218433 57 6 391 1 0 0 0 70
1259 T 228352 87 228182 28 26 0 1 0 0 28
1260 G 224171 74 160 10 223903 0 0 0 4 20
1261 G 229151 73 71 5 228983 0 0 0 5 14
1262 A 225451 225302 23 2 97 3 0 0 0 24
1263 A 228303 228217 16 3 54 1 0 0 0 12
1264 A 209676 209621 7 6 29 8 0 0 0 5
1265 A 210850 210754 42 4 35 4 0 0 0 11
1266 T 205902 34 205803 25 3 0 2 0 0 35
1267 T 204924 12 204857 31 6 0 4 0 0 14
1268 T 216606 37 216497 40 7 0 3 0 0 22
1269 A 214459 214336 55 6 42 4 0 0 0 16
1270 A 215055 215011 13 4 21 1 0 0 0 5
1271 A 212360 212271 51 6 20 6 0 0 0 6
1272 T 223211 196 222930 43 1 0 11 0 0 30
1273 A 225941 225720 168 7 31 4 0 0 0 11
1274 A 227878 227797 33 6 30 4 0 0 0 8
1275 A 229405 229342 12 11 27 3 0 0 0 10
1276 A 222280 222210 9 12 34 7 0 0 0 8
1277 A 227809 227711 10 5 65 4 0 0 0 14
1278 A 236799 236398 9 16 336 11 0 0 0 29
1279 G 261506 97 70 4 261291 0 0 0 18 26
1280 T 262512 21 262249 42 20 0 6 0 0 174
1281 T 259632 24 259526 46 22 0 0 0 0 14
1282 G 290181 88 87 11 289945 0 0 0 23 27
1283 A 277873 277742 33 6 58 4 0 0 0 30
1284 T 281802 40 281656 50 11 0 6 0 0 39
1285 G 281423 78 73 15 281230 0 0 0 5 22
1286 A 279937 279736 38 4 76 7 0 0 0 76
1287 T 282779 31 282663 31 9 0 9 0 0 36
1288 G 280780 80 103 11 280560 0 0 0 1 25
1289 G 288175 59 62 4 288028 0 0 0 4 18
1290 G 304974 103 60 15 304734 0 0 0 18 44
1291 T 310285 12 309723 39 26 0 13 0 0 472
1292 T 312808 5 312728 45 10 0 3 0 0 17
1293 T 292302 10 292215 45 4 0 5 0 0 23
1294 C 292680 32 58 292532 10 0 0 7 0 41
1295 T 292273 16 292136 82 14 0 0 0 0 25
1296 G 295055 99 83 12 294834 0 0 0 4 23
1297 G 291784 86 60 17 291606 0 0 0 3 12
1298 A 267670 267396 19 7 59 0 0 0 0 189
1299 C 280424 19 44 280299 11 0 0 16 0 35
1300 A 270148 270061 6 5 43 1 0 0 0 32
1301 T 286707 14 286633 29 2 0 8 0 0 21
1302 T 285163 11 285102 30 9 0 2 0 0 9
1303 T 286949 23 286851 46 12 0 3 0 0 14
1304 G 287392 52 50 8 287254 0 0 0 3 25
1305 G 287016 42 57 15 286876 0 0 0 14 12
1306 A 290822 290505 38 15 73 1 0 0 0 190
1307 C 320151 46 67 319966 25 0 0 13 0 34
1308 A 359402 359206 36 27 67 36 0 0 0 30
1309 T 378742 42 378595 69 6 0 7 0 0 23
1310 A 381205 381079 37 8 47 13 0 0 0 21
1311 T 387111 53 386952 72 4 0 4 0 0 26
1312 A 383394 383279 23 6 71 2 0 0 0 13
1313 A 417707 417576 34 12 44 26 0 0 0 15
1314 T 408072 23 407906 69 17 0 2 0 0 55
1315 G 414633 93 94 23 414373 0 0 0 8 42
1316 C 414332 48 93 414106 23 0 0 25 0 37
1317 A 382966 382763 18 16 117 1 0 0 0 51
1318 G 416445 72 82 9 416230 0 0 0 16 36
1319 A 412100 411932 32 3 63 3 0 0 0 67
1320 A 419341 419189 15 3 77 10 0 0 0 47
1321 T 419707 31 419572 53 2 0 14 0 0 35
1322 T 410584 23 410472 54 6 0 10 0 0 19
1323 G 414699 74 100 12 414474 0 0 0 7 32
1324 T 511513 46 511224 78 21 0 4 0 0 140
1325 T 518487 32 518226 85 111 0 9 0 0 24
1326 A 515792 515558 30 15 131 9 0 0 0 49
1327 G 529883 93 136 123 529479 0 0 0 18 34
1328 T 525409 159 524928 79 18 0 8 0 0 217
1329 T 528946 40 528585 244 8 0 7 0 0 62
1330 C 565096 208 58 564687 13 0 0 53 0 77
1331 T 550231 55 549980 128 12 0 4 0 0 52
1332 A 559550 559125 63 5 93 8 0 0 0 256
1333 C 572309 69 53 572132 14 0 0 3 0 38
1334 T 569378 59 569056 205 7 0 3 0 0 48
1335 G 581750 168 238 34 581260 0 0 0 23 27
1336 G 572924 105 114 22 572648 0 0 0 5 30
1337 A 576885 576645 36 9 140 2 0 0 0 53
1338 A 578253 578042 26 24 117 14 0 0 0 30
1339 A 575267 575116 35 4 77 3 0 0 0 32
1340 A 573677 573505 59 9 66 12 0 0 0 26
1341 T 606226 51 605987 92 18 0 20 0 0 58
1342 G 605777 190 154 21 605362 0 0 0 4 46
1343 A 619797 619571 42 8 128 5 0 0 0 43
1344 A 614693 614492 37 14 111 6 0 0 0 33
1345 A 610870 610530 28 45 222 1 0 0 0 44
1346 G 619629 169 126 18 619258 0 0 0 3 55
1347 G 655091 155 81 15 654750 0 0 0 41 49
1348 A 635151 633924 35 17 141 9 0 0 0 1025
1349 C 644472 77 71 644203 21 0 0 28 0 72
1350 T 611763 25 611493 151 19 0 2 0 0 73
1351 T 613265 40 613062 94 16 0 5 0 0 48
1352 T 608541 32 608275 118 72 0 4 0 0 40
1353 G 624304 152 279 23 623791 0 0 0 10 49
1354 G 611055 138 141 14 610712 0 0 0 11 39
1355 A 600602 600149 63 12 138 35 0 0 0 205
1356 T 551576 41 551379 78 17 0 13 0 0 48
1357 T 506471 20 506305 83 12 0 15 0 0 36
1358 T 498220 38 497889 140 12 0 7 1 0 133
1359 C 493645 76 54 493467 15 0 0 2 0 31
1360 C 492288 79 81 492071 23 0 0 3 0 31
1361 A 491856 491650 39 9 105 11 0 0 0 42
1362 T 461024 47 460855 68 11 0 4 0 0 39
1363 G 461488 89 88 5 461268 0 0 0 2 36
1364 A 494538 494006 41 11 93 40 0 0 0 347
1365 C 525796 34 61 525646 13 0 0 18 0 24
1366 T 515583 28 515396 101 10 0 17 0 0 31
1367 T 478158 41 477966 107 4 0 3 0 0 37
1368 A 478217 478022 45 9 121 1 0 0 0 19
1369 A 471004 470862 33 8 65 13 0 0 0 23
1370 A 503145 502975 65 9 52 5 0 0 0 39
1371 T 491852 32 491668 53 33 0 10 0 0 56
1372 G 497214 118 103 17 496860 0 0 0 81 35
1373 T 417992 40 417498 74 23 0 2 0 0 355
1374 G 417336 141 109 21 417026 0 0 0 1 38
1375 A 433904 433748 24 10 94 5 0 0 0 23
1376 A 425166 425015 21 15 87 0 0 0 0 28
1377 G 444671 112 107 20 444322 0 0 0 39 71
1378 A 436338 436191 28 13 69 10 0 0 0 27
1379 A 425441 425290 23 13 69 10 0 0 0 36
1380 T 423158 36 422932 58 3 0 3 0 0 126
1381 C 428137 43 35 427993 12 0 0 23 0 31
1382 T 420090 39 419934 68 12 0 4 0 0 33
1383 G 443200 124 77 22 442919 0 0 0 18 40
1384 T 434689 48 434388 62 6 0 2 0 0 183
1385 A 444146 443813 29 7 86 9 0 0 0 202
1386 C 437138 37 127 436923 15 0 0 8 0 28
1387 G 432625 116 74 8 432381 0 0 0 18 28
1388 A 419869 419675 33 1 67 13 0 0 0 80
1389 G 425561 64 42 11 425361 0 0 0 26 57
1390 A 394143 393997 29 13 73 3 0 0 0 28
1391 A 396690 396594 21 5 48 11 0 0 0 11
1392 A 370765 370604 13 6 121 1 0 0 0 20
1393 G 384254 85 30 14 384085 0 0 0 18 22
1394 T 390944 41 390110 72 61 0 8 0 0 652
1395 A 386482 386306 53 5 101 4 0 0 0 13
1396 A 381629 381514 29 32 37 3 0 0 0 14
1397 A 375391 375321 16 5 39 3 0 0 0 7
1398 A 374137 373991 9 14 104 4 0 0 0 15
1399 A 394692 394415 13 28 201 2 0 0 0 33
1400 G 403875 90 101 102 403492 0 0 0 12 78
1401 C 406818 41 76 406633 21 0 0 12 0 35
1402 C 390648 45 47 390493 19 0 0 14 0 30
1403 A 385136 385009 30 19 56 5 0 0 0 17
1404 A 403169 403040 40 11 43 11 0 0 0 24
1405 T 431460 79 431205 73 22 0 29 0 0 52
1406 T 442539 63 442324 86 9 0 7 0 0 50
1407 A 446955 446690 74 32 124 18 0 0 0 17
1408 A 447230 447037 87 17 58 10 0 0 0 21
1409 A 440369 440026 32 32 258 2 0 0 0 19
1410 G 547714 210 180 24 547188 0 0 0 52 60
1411 A 544332 543995 39 121 126 13 0 1 0 37
1412 A 569460 569177 47 21 150 19 0 0 0 46
1413 T 494404 56 494171 103 5 0 16 0 0 53
1414 A 471033 470873 33 6 105 0 0 0 0 16
1415 A 517025 516808 42 20 99 39 0 0 0 17
1416 T 537608 62 537335 108 19 0 10 0 0 74
1417 G 549015 193 144 34 548564 0 0 0 9 71
1418 C 561225 73 67 560975 56 0 0 20 0 34
1419 C 534941 74 103 534687 28 0 0 8 0 41
1420 A 541122 540864 45 65 117 4 0 0 0 27
1421 A 535796 535627 22 42 83 3 0 0 0 19
1422 A 541837 541571 19 48 168 2 0 0 0 29
1423 G 560446 142 86 12 560115 0 0 0 36 55
1424 A 550872 550630 28 44 118 8 0 0 0 44
1425 A 558077 557910 25 18 78 14 0 0 0 32
1426 A 551582 551404 46 30 66 4 0 0 0 32
1427 T 552881 47 552452 96 16 0 2 0 0 268
1428 C 547885 91 167 547540 43 0 0 5 0 39
1429 G 557782 192 100 36 557413 0 0 0 5 36
1430 G 553657 156 89 29 553336 0 0 0 18 29
1431 A 565883 565603 52 28 131 9 0 0 0 60
1432 A 539021 538864 31 22 82 4 0 0 0 18
1433 A 550483 550303 33 12 73 7 0 0 0 55
1434 T 555684 53 555450 77 16 0 14 0 0 74
1435 G 559864 149 155 14 559505 0 0 0 6 35
1436 G 569202 69 99 28 568980 0 0 0 8 18
1437 G 568397 107 82 31 568138 0 0 0 13 26
1438 T 561338 68 557460 66 74 0 10 0 1 3659
1439 G 590268 133 132 27 589908 0 0 0 26 42
1440 T 590021 54 589580 88 103 0 7 0 0 189
1441 T 643890 22 643668 127 20 0 17 0 0 36
1442 T 612803 33 612616 101 15 0 11 0 0 27
1443 T 608068 49 607833 98 66 0 2 0 0 20
1444 G 626864 279 158 22 626341 0 0 0 26 38
1445 A 617094 616715 36 11 184 2 0 0 0 146
1446 G 647536 137 159 27 647145 0 0 0 29 39
1447 T 647213 59 646651 109 32 0 49 0 0 313
1448 T 611595 48 611373 79 21 0 7 0 0 67
1449 C 638978 80 137 638638 33 0 0 37 0 53
1450 T 654150 72 653777 222 20 0 21 0 0 38
1451 A 667755 666694 54 28 179 17 0 0 0 783
1452 C 692238 79 93 691947 47 0 0 38 0 34
1453 C 673616 115 92 673327 39 0 0 5 0 38
1454 A 671611 670964 75 38 107 17 0 0 0 410
1455 C 711223 94 107 710939 32 0 0 17 0 34
1456 A 719126 718871 43 40 122 23 0 0 0 27
1457 A 720025 719730 35 58 141 14 0 0 0 47
1458 G 773379 146 175 19 772905 0 0 0 87 47
1459 T 677289 94 676251 97 15 0 6 0 0 826
1460 G 698930 165 107 38 698551 0 0 0 32 37
1461 T 678055 54 677139 110 18 0 3 0 0 731
1462 G 689436 208 156 42 688958 0 0 0 13 59
1463 A 691479 691002 70 11 208 14 0 0 0 174
1464 C 698029 69 124 697727 39 0 0 23 0 47
1465 A 705402 705185 58 13 107 3 0 0 0 36
1466 A 703546 703348 46 14 71 16 0 0 0 51
1467 T 691099 51 690882 102 13 0 3 0 0 48
1468 G 693743 177 121 21 693370 0 0 0 8 46
1469 A 692901 692710 34 6 114 3 0 0 0 34
1470 A 697289 697063 38 19 101 16 0 0 0 52
1471 T 711077 53 710764 113 15 0 23 0 0 109
1472 G 713972 118 125 32 713617 0 0 0 18 62
1473 C 716391 66 141 716082 38 0 0 21 0 43
1474 A 726626 726317 65 19 154 7 0 0 0 64
1475 T 724545 91 724261 116 7 0 9 0 0 61
1476 G 720956 228 206 19 720456 0 0 0 11 36
1477 G 720786 194 90 22 720429 0 0 0 7 44
1478 A 709700 709399 48 8 186 5 0 0 0 54
1479 A 700800 700578 34 9 122 24 0 0 0 33
1480 A 676968 676744 27 8 151 9 0 0 0 29
1481 G 729135 138 55 10 728836 0 0 0 57 39
1482 T 704859 53 703201 106 26 0 8 0 0 1465
1483 G 734388 165 122 22 734036 0 0 0 5 38
1484 T 727008 76 726202 116 19 0 8 0 0 587
1485 A 719100 718810 40 35 175 2 0 0 0 38
1486 A 713682 713424 55 18 140 5 0 0 0 40
1487 G 716052 168 70 12 715739 0 0 0 11 52
1488 A 731675 731407 27 1 147 18 0 0 0 75
1489 A 726755 726430 40 29 132 81 0 0 0 43
1490 A 619231 618988 53 38 97 5 0 0 0 50
1491 T 614361 51 614127 82 28 0 5 0 0 68
1492 G 611013 156 329 18 610474 0 0 0 4 32
1493 G 617217 115 131 22 616898 0 0 0 13 38
1494 G 635323 179 76 32 634940 0 0 0 26 70
1495 A 641404 640120 62 35 171 28 0 0 0 988
1496 C 634290 52 85 634044 25 0 0 39 0 45
1497 T 585617 34 585401 106 9 0 12 0 0 55
1498 T 583320 25 583153 103 6 0 10 0 0 23
1499 A 623568 623352 46 10 112 8 0 0 0 40
1500 T 618279 79 618050 79 9 0 13 0 0 49
1501 G 598273 123 138 11 597952 0 0 0 13 36
1502 A 585772 585453 64 19 86 32 0 0 0 118
1503 T 571797 51 571555 94 9 0 51 1 0 36
1504 T 522269 27 522104 92 11 0 9 1 0 25
1505 A 581039 580783 51 8 88 41 0 0 0 68
1506 T 585240 101 584830 125 19 0 4 0 0 161
1507 C 582287 60 109 582060 14 0 0 5 0 39
1508 C 581954 97 81 581689 19 0 0 8 0 60
1509 A 588206 587856 46 126 132 13 0 0 0 33
1510 A 591177 591015 37 26 76 3 0 0 0 20
1511 A 588083 587899 25 32 99 2 0 0 0 26
1512 A 611863 611607 87 25 88 23 0 0 0 33
1513 T 611025 83 610738 99 29 0 26 0 0 50
1514 A 625131 624881 81 12 84 33 0 0 0 40
1515 T 627682 38 627480 107 8 0 5 0 0 44
1516 T 623541 70 623286 118 10 0 5 0 0 52
1517 C 621901 77 128 621603 22 0 0 21 0 50
1518 A 610079 609726 59 21 223 6 0 0 0 44
1519 G 612195 111 127 14 611868 0 0 0 5 70
1520 A 598424 598264 18 2 78 10 0 0 0 52
1521 A 577076 576889 45 12 94 3 0 0 0 33
1522 G 565710 75 116 10 565389 0 0 0 32 88
1523 A 554523 554362 32 7 62 14 0 0 0 46
1524 A 558545 558368 33 7 81 1 0 0 0 55
1525 T 559491 45 559267 67 7 0 4 0 0 101
1526 C 562430 59 62 562237 20 0 0 8 0 44
1527 A 561317 561134 33 17 104 5 0 0 0 24
1528 A 639146 638950 26 13 86 47 0 0 0 24
1529 A 639830 639482 26 28 233 10 0 0 0 51
1530 G 585620 184 101 10 585267 0 0 0 18 40
1531 T 582680 49 582242 101 22 0 12 0 0 254
1532 T 567574 27 567391 84 18 0 0 0 0 54
1533 G 585892 230 143 24 585410 0 0 0 6 79
1534 A 607679 607429 58 8 132 2 0 0 0 50
1535 A 611425 611045 46 32 153 4 0 0 0 145
1536 C 616231 74 134 615883 25 0 0 35 0 80
1537 A 551452 551108 53 63 164 3 0 0 0 61
1538 G 744830 140 557 18 743959 0 0 0 116 40
1539 G 758880 223 270 31 758286 0 0 0 29 41
1540 G 788373 224 117 50 787889 0 0 0 11 82
1541 A 788553 787561 47 17 814 13 0 0 0 101
1542 A 769047 768737 34 39 197 6 0 0 0 34
1543 A 815293 814980 33 32 149 59 0 0 0 40
1544 A 829325 828488 52 40 639 35 0 0 0 71
1545 G 914810 343 181 18 914130 0 0 0 77 61
1546 A 915459 914904 156 11 214 11 0 0 0 163
1547 T 910129 83 909753 133 16 0 32 0 0 112
1548 A 889604 889198 63 26 254 6 0 0 0 57
1549 G 880202 198 177 30 879723 0 0 0 9 65
1550 A 879861 879443 56 9 162 1 0 0 0 190
1551 T 880054 70 879689 104 9 0 27 0 0 155
1552 G 854103 236 158 32 853605 0 0 0 16 56
1553 G 860540 207 164 31 860043 0 0 0 50 45
1554 A 812191 811556 55 16 271 1 0 0 0 292
1555 G 816802 118 73 20 816475 0 0 0 13 103
1556 T 856444 58 853610 139 29 0 3 0 0 2605
1557 G 857566 290 190 27 856889 0 0 0 11 159
1558 A 887077 886776 63 9 156 17 0 0 0 56
1559 A 892236 891944 56 53 128 7 0 0 0 48
1560 A 903859 903584 61 20 114 8 0 0 0 72
1561 T 895626 58 895271 101 19 0 20 0 0 157
1562 T 882762 47 882528 123 16 0 1 0 0 47
1563 G 887043 186 344 35 886406 0 0 0 14 58
1564 G 907965 173 185 38 907498 0 0 0 13 58
1565 A 913015 912666 41 22 219 7 0 0 0 60
1566 A 940985 940648 38 32 167 28 0 0 0 72
1567 T 928567 122 927929 222 50 0 8 0 0 236
1568 C 1082311 138 210 1081747 36 0 0 123 0 57
1569 A 1084143 1083648 59 189 181 19 0 0 0 47
1570 A 1114927 1114482 123 32 159 20 0 0 0 111
1571 T 1106902 285 1106288 186 64 0 10 0 0 69
1572 G 1073806 355 956 34 1072411 0 0 0 5 45
1573 G 1101548 188 599 33 1100655 0 0 0 17 56
1574 G 1143988 254 499 69 1143007 0 0 0 53 106
1575 G 1145938 236 285 50 1145267 0 0 0 14 86
1576 G 1177724 188 234 39 1177054 0 0 0 99 110
1577 T 1028596 94 1023315 159 140 0 2 0 0 4886
1578 G 1112399 394 225 60 1111577 0 0 0 78 65
1579 T 1091756 105 1090701 308 37 0 7 0 0 598
1580 A 1113114 1112619 151 23 198 24 0 0 0 99
1581 T 1118222 139 1117621 247 30 0 20 0 0 165
1582 C 1101961 148 165 1101482 75 0 0 31 0 60
1583 A 1051139 1050510 94 31 422 14 0 0 0 68
1584 G 1089405 216 243 25 1088831 0 0 0 42 48
1585 A 1048801 1048377 61 15 139 13 0 0 0 196
1586 T 1049978 61 1049534 149 22 0 161 0 0 51
1587 T 819560 36 819334 138 10 0 12 1 0 29
1588 C 813063 76 77 812819 22 0 0 29 0 40
1589 T 780104 62 779787 167 21 0 1 0 0 66
1590 G 787085 131 91 33 786761 0 0 0 4 65
1591 G 786647 92 61 16 786404 0 0 0 11 63
1592 C 762173 137 233 761574 50 0 0 13 0 166
1593 G 752750 152 85 30 752414 0 0 0 16 53
1594 A 821681 821260 62 9 121 15 0 0 0 214
1595 T 824847 44 824464 168 59 0 7 0 0 105
1596 C 1061000 133 117 1060478 32 0 0 165 0 75
1597 T 1057038 82 1056548 308 49 0 5 0 0 46
1598 A 1219231 1217291 124 32 175 123 0 0 1 1485
1599 C 1229732 114 198 1229310 43 0 0 8 0 59
1600 T 1229090 137 1228344 331 33 0 6 0 0 239
1601 C 1251342 160 196 1250834 35 0 0 24 0 93
1602 A 1212520 1212081 50 41 258 10 0 0 0 80
1603 A 1296298 1295518 91 34 195 76 0 0 0 384
1604 C 1285920 100 174 1285487 22 0 0 68 0 69
1605 T 1191725 66 1191182 307 41 0 2 0 0 127
1606 G 1209815 372 432 52 1208811 0 0 0 65 83
1607 T 1129972 128 1128913 189 27 0 1 0 0 714
1608 C 1134642 109 248 1134121 48 0 0 9 0 107
1609 G 1177832 345 201 76 1177039 0 0 0 12 159
1610 C 1179120 132 125 1178738 32 0 0 15 0 78
1611 C 1198740 157 255 1198060 48 0 0 83 0 137
1612 A 1118264 1117760 70 35 236 5 0 0 0 158
1613 G 1157339 245 136 15 1156822 0 0 0 52 69
1614 T 1155113 76 1154426 174 39 0 26 0 0 372
1615 T 1127348 78 1126958 195 10 0 14 0 0 93
1616 C 1145140 117 227 1144604 46 0 0 38 0 108
1617 A 1073570 1072294 130 34 196 4 0 0 0 912
1618 C 1082764 77 122 1082446 27 0 0 18 0 74
1619 T 1060640 70 1060243 225 20 0 19 0 0 63
1620 G 1066387 222 212 34 1065858 0 0 0 7 54
1621 G 1131319 164 176 34 1130827 0 0 0 67 51
1622 T 1071117 96 1067350 157 222 0 9 0 1 3282
1623 G 1086758 300 352 57 1085941 0 0 0 42 66
1624 C 1133035 102 293 1131934 483 0 0 58 1 164
1625 T 1120518 34 1119469 895 37 0 7 0 0 76
1626 T 1127927 58 1127587 194 31 0 23 0 0 34
1627 T 1075848 51 1075543 190 30 0 4 0 0 30
1628 T 1079519 82 1078759 188 438 0 7 0 0 45
1629 G 1075370 193 389 29 1074660 0 0 0 16 83
1630 G 1109008 298 359 38 1108217 0 0 0 20 76
1631 T 1100622 94 1099108 408 65 0 6 0 0 941
1632 C 1107048 167 239 1106453 42 0 0 40 0 107
1633 T 1044775 49 1043616 719 52 0 5 0 0 334
1634 C 1329300 184 244 1328517 54 0 0 201 0 100
1635 C 1411132 204 189 1410530 95 0 0 11 0 103
1636 C 1409102 465 391 1408084 57 0 0 24 0 81
1637 T 1398844 88 1397372 957 320 0 16 0 0 91
1638 G 1394003 377 882 76 1392589 0 0 0 24 55
1639 G 1374523 207 496 45 1373706 0 0 0 13 56
1640 G 1446372 206 568 93 1445405 0 0 0 18 82
1641 G 1443131 161 149 66 1442641 0 0 0 28 86
1642 G 1421957 370 178 680 1420364 0 0 3 284 78
1643 C 1027233 160 212 1026483 229 0 0 23 0 126
1644 A 1013938 1013533 85 43 168 11 0 0 0 98
1645 A 1056318 1055913 124 14 133 19 0 0 0 115
1646 T 1057126 96 1056604 235 13 0 16 0 0 162
1647 C 1053741 112 166 1053300 43 0 0 24 0 96
1648 A 1046212 1045810 37 27 223 3 0 0 0 112
1649 G 1165421 218 230 19 1164808 0 0 0 86 60
1650 T 1153046 71 1152304 165 54 0 1 0 0 451
1651 T 1194617 84 1194194 198 35 0 42 0 0 64
1652 T 1178157 88 1177810 178 17 0 7 0 0 57
1653 C 1185260 104 167 1184858 35 0 0 11 0 85
1654 T 1180847 83 1180291 271 114 0 6 0 0 82
1655 G 1177803 236 224 64 1177144 0 0 0 15 120
1656 G 1186901 179 217 39 1186381 0 0 0 21 64
1657 A 1177339 1176528 97 14 226 55 0 0 0 419
1658 T 1112152 83 1111778 144 33 0 4 0 0 110
1659 G 1127840 218 162 34 1127328 0 0 0 38 60
1660 T 1094649 95 1093087 127 36 0 12 0 0 1292
1661 G 1221508 241 202 44 1220824 0 0 0 98 99
1662 T 1194348 98 1193591 232 33 0 2 0 0 392
1663 T 1196856 71 1196530 142 14 0 10 0 0 89
1664 C 1205588 105 114 1205140 51 0 0 36 0 142
1665 T 1189661 77 1189264 242 11 0 17 0 0 50
1666 A 1190120 1189756 43 11 227 8 0 0 0 75
1667 A 1182800 1182405 94 21 158 14 0 0 0 108
1668 T 1168158 76 1167679 157 151 0 5 0 0 90
1669 G 1162028 210 327 45 1161261 0 0 0 119 66
1670 G 1019432 124 179 47 1019004 0 0 0 36 42
1671 G 1018656 166 103 46 1018248 0 0 0 19 74
1672 T 1007213 67 1004462 173 39 0 18 0 0 2454
1673 C 971091 96 119 970732 24 0 0 14 0 106
1674 T 944100 55 943702 233 36 0 3 0 0 71
1675 T 983272 51 982922 197 23 0 23 0 0 56
1676 T 985305 47 984857 196 145 0 5 0 0 55
1677 G 988030 212 277 168 987276 0 0 0 10 87
1678 C 981557 164 455 980672 108 0 0 70 0 88
1679 A 865646 865204 38 25 308 2 0 0 0 69
1680 G 947376 182 138 17 946861 0 0 0 104 74
1681 T 884327 64 883293 137 23 0 16 0 0 794
1682 G 975176 398 164 39 974459 0 0 0 40 76
1683 C 763824 90 135 763406 38 0 0 22 0 133
1684 A 757834 757454 47 33 199 6 0 0 0 95
1685 G 889416 147 189 39 888893 0 0 0 82 66
1686 A 888249 887923 60 8 177 6 0 0 0 75
1687 A 933079 932689 69 8 194 34 0 0 0 85
1688 T 931944 66 931582 122 38 0 42 0 0 94
1689 A 892868 892407 69 113 194 7 0 0 0 78
1690 T 897416 88 896999 180 19 0 26 0 0 104
1691 G 879699 258 195 45 879108 0 0 0 7 86
1692 C 888406 315 241 887736 39 0 0 16 0 59
1693 A 884610 884035 73 38 193 72 0 0 0 199
1694 T 785774 54 785445 106 8 0 7 0 0 154
1695 C 783932 69 72 783637 29 0 0 39 0 86