# amino-acid counts among definitively called codons
# POSITION TOTAL_COUNTS WT N_A N_C N_D N_E N_F N_G N_H N_I N_K N_L N_M N_N N_P N_Q N_R N_S N_T N_V N_W N_Y N_STOP
1 410716 M 0 0 0 0 0 0 0 179 25 31 410380 8 0 0 2 0 48 39 0 3 1
2 414313 K 0 0 0 58 0 0 0 0 413983 0 32 130 0 6 65 0 16 0 0 0 23
3 427536 A 427253 0 0 51 0 30 0 0 0 0 0 0 14 5 0 81 41 61 0 0 0
4 445634 K 0 0 0 39 0 0 0 8 445479 0 0 42 0 1 38 0 14 0 0 0 13
5 460697 L 0 0 0 0 1 0 1 28 0 460544 0 0 86 21 3 0 0 7 0 6 0
6 489180 L 0 0 0 0 0 0 0 0 0 489007 33 0 74 51 4 0 2 7 2 0 0
7 559682 V 94 0 58 0 112 6 0 91 0 15 0 0 0 1 0 7 0 559298 0 0 0
8 662557 L 1 7 1 0 0 0 0 0 0 662054 108 0 285 56 32 5 0 8 0 0 0
9 815803 L 1 21 0 1 58 0 0 59 0 815452 0 0 10 0 2 117 0 39 0 19 24
10 720843 Y 0 714 6 0 55 0 149 0 0 4 12 42 0 0 0 8 0 0 0 719772 81
11 624903 A 624131 8 0 69 0 26 0 2 0 1 2 0 30 0 0 307 180 146 0 0 1
12 645739 F 0 14 0 1 645303 0 2 68 0 155 0 0 27 1 0 122 0 11 0 35 0
13 645524 V 200 1 0 71 0 2 0 88 0 195 0 0 0 0 0 1 1 644963 0 0 2
14 637866 A 637510 0 70 0 0 14 0 0 0 2 0 0 11 0 0 163 57 38 0 0 1
15 638634 T 90 0 0 0 0 0 0 75 58 4 0 0 6 1 13 52 638334 0 0 1 0
16 641151 D 2 1 640806 38 0 77 14 0 0 0 0 45 0 0 0 1 0 39 0 128 0
17 646991 A 646429 0 0 70 0 41 0 0 0 0 1 0 19 0 0 150 153 128 0 0 0
18 651889 D 4 0 651391 86 1 79 14 0 0 0 0 78 0 3 0 0 1 45 0 187 0
19 633728 T 108 0 1 0 0 0 1 63 30 0 0 19 12 2 13 56 633417 0 0 6 0
20 769851 I 4 0 0 0 0 0 1 769333 35 62 168 0 0 25 23 0 96 96 0 7 1
21 813237 C 0 812270 0 0 374 31 0 1 2 3 4 3 0 0 121 80 0 3 13 233 99
22 841133 I 0 0 0 1 0 0 0 840394 86 49 204 0 0 1 23 4 185 181 0 3 2
23 720611 G 8 278 104 0 0 719909 2 0 0 2 0 0 0 0 15 101 1 187 0 2 2
24 682989 Y 0 104 13 0 54 1 175 0 0 4 0 25 0 2 0 13 0 0 0 682524 74
25 688869 H 0 0 20 0 0 1 688461 0 0 34 0 105 16 50 109 0 2 0 0 71 0
26 688003 A 687493 2 1 78 0 34 0 1 0 0 1 0 16 0 0 110 131 136 0 0 0
27 730879 N 0 0 74 2 0 0 5 57 76 0 0 730506 0 0 0 103 12 0 0 44 0
28 739300 N 0 0 85 0 0 0 8 59 49 0 1 738980 0 4 1 81 7 0 0 25 0
29 750640 S 7 1 0 0 1 1 0 0 0 62 0 0 145 1 1 750266 64 0 0 0 91
30 757577 T 104 0 0 0 0 0 0 107 0 0 0 102 7 0 2 71 757183 1 0 0 0
31 755012 D 11 2 754206 116 0 105 24 0 0 1 0 242 1 1 0 0 4 55 0 244 0
32 705518 T 104 3 2 0 0 0 0 47 0 2 1 50 9 0 0 71 705229 0 0 0 0
33 916838 V 115 5 80 0 237 11 0 204 1 41 0 2 0 2 2 2 0 916134 0 0 2
34 885941 D 13 1 884980 123 0 129 35 1 0 11 0 232 0 1 0 0 13 100 1 297 4
35 676017 T 91 0 2 0 0 0 2 94 44 2 0 5 7 3 18 88 675660 0 1 0 0
36 660998 I 0 13 0 0 0 0 0 660562 55 65 76 3 0 6 1 0 134 83 0 0 0
37 612921 L 0 1 0 0 43 0 40 41 0 612692 0 4 74 0 9 1 2 12 0 2 0
38 617798 E 2 0 186 617072 0 112 0 0 178 0 0 0 0 17 2 0 0 52 1 0 176
39 604714 K 0 0 1 82 0 0 0 1 604326 0 17 157 0 3 100 0 8 0 0 0 19
40 607384 N 0 0 93 1 0 0 3 30 44 2 0 607096 0 0 0 91 7 0 0 17 0
41 600714 V 93 2 0 60 0 13 0 0 0 160 106 0 0 0 3 0 0 600276 1 0 0
42 614657 A 614168 0 0 78 1 20 0 1 0 1 0 0 13 4 0 107 85 177 2 0 0
43 618161 V 92 0 1 53 0 4 0 0 0 110 80 0 0 1 3 0 0 617817 0 0 0
44 608757 T 94 0 1 0 0 0 0 102 54 0 0 0 25 0 27 49 608402 0 0 0 3
45 611012 H 4 0 9 0 3 1 610672 0 0 34 0 53 6 40 88 0 5 0 0 97 0
46 542573 S 31 17 0 0 60 1 0 0 0 4 0 0 67 0 0 542300 28 0 0 61 4
47 641828 V 100 11 47 0 141 6 0 163 1 18 2 0 1 0 0 0 1 641334 0 0 3
48 545991 N 0 0 84 0 0 0 2 26 39 0 0 545728 0 1 0 49 23 0 0 37 2
49 406505 L 0 1 0 0 0 0 0 0 1 406337 53 0 81 23 4 0 0 5 0 0 0
50 523974 L 1 0 0 0 36 0 38 53 2 523753 0 0 67 0 3 0 0 21 0 0 0
51 513947 E 4 0 28 513552 0 48 0 0 109 1 0 0 0 14 3 0 1 35 0 0 152
52 544983 D 4 0 544514 83 0 100 13 0 1 0 0 81 0 0 3 2 0 33 0 149 0
53 567535 S 2 24 0 0 0 149 0 149 0 1 6 147 0 2 100 566932 23 0 0 0 0
54 580910 H 1 0 23 0 0 0 580549 0 0 44 3 70 18 67 71 0 2 0 0 62 0
55 591373 N 0 1 121 0 0 0 12 23 63 0 0 591041 0 13 3 70 10 0 0 16 0
56 591872 G 24 1 1 85 0 591154 0 0 0 0 0 0 0 0 176 0 1 108 322 0 0
57 588477 K 0 0 1 117 0 1 0 22 588098 0 0 101 0 4 104 0 6 0 0 0 23
58 499917 L 0 0 0 0 0 0 0 28 2 499740 1 0 102 17 7 0 3 13 1 3 0
59 524659 C 0 524132 0 0 187 8 0 1 1 6 4 0 0 1 67 48 0 2 19 103 80
60 471865 K 0 0 1 90 0 8 0 29 471580 6 0 47 0 6 64 1 11 0 0 1 21
61 439046 L 0 3 1 1 69 0 0 71 0 438762 0 0 9 1 1 85 0 14 0 7 22
62 338934 K 0 0 1 38 0 0 0 16 338757 0 0 37 0 5 60 0 7 0 0 0 13
63 348120 G 16 0 0 87 0 347739 0 0 0 0 0 0 0 0 69 0 0 87 0 0 122
64 370364 I 0 0 0 0 0 0 0 370046 31 22 105 14 0 0 1 0 64 66 0 0 15
65 444600 A 444235 0 54 0 0 18 0 0 0 0 0 0 41 0 0 144 65 42 0 0 1
66 391427 P 35 0 0 0 0 1 5 1 0 51 0 0 390920 132 16 42 224 0 0 0 0
67 457615 L 0 0 0 0 0 0 10 37 3 457386 0 0 129 28 3 0 8 5 0 4 2
68 469423 Q 1 1 0 15 0 0 38 3 30 26 0 6 8 469149 60 0 6 1 0 0 79
69 441148 L 0 1 0 0 197 0 0 25 0 440789 19 0 1 0 0 69 2 8 18 1 18
70 436963 G 16 2 0 77 0 436349 0 0 1 2 0 0 0 0 69 0 0 105 341 0 1
71 410215 K 0 0 0 116 0 0 0 21 409930 1 0 68 0 3 55 0 4 0 0 0 17
72 462499 C 0 462118 0 0 135 8 0 0 0 0 4 0 1 0 55 40 0 5 5 87 41
73 474224 N 0 0 109 0 0 0 2 25 62 0 0 473943 0 0 0 64 14 0 0 5 0
74 455295 I 0 0 0 0 29 0 0 455107 1 8 10 21 1 0 0 4 60 52 2 0 0
75 498315 T 74 1 0 0 0 0 1 85 1 0 0 23 13 1 0 38 498078 0 0 0 0
76 520607 G 12 0 0 106 0 520076 0 0 0 0 0 0 0 0 163 0 0 105 0 0 145
77 498014 W 0 115 1 0 1 5 0 0 0 122 4 0 0 1 91 15 0 0 497473 0 186
78 562510 L 10 0 0 0 66 1 35 91 0 562159 0 0 98 0 3 7 0 40 0 0 0
79 493343 L 0 1 0 0 253 1 0 1 0 492903 24 0 0 2 1 93 2 6 21 2 33
80 455920 G 17 0 1 104 0 455466 1 0 2 1 0 0 0 0 100 1 0 88 0 0 139
81 575865 N 0 0 86 0 0 0 10 56 46 2 0 575580 0 2 1 62 13 0 0 7 0
82 622235 P 17 0 0 0 0 0 0 0 1 104 0 0 621890 84 33 57 48 1 0 0 0
83 638428 E 1 1 33 638042 1 82 0 0 90 0 0 2 0 15 3 0 2 28 0 0 128
84 656619 C 0 656142 0 0 121 6 0 0 0 0 1 0 0 1 84 47 1 0 46 104 66
85 673763 D 5 0 673088 69 0 110 20 0 0 0 0 183 0 1 1 0 2 66 0 218 0
86 664677 S 5 1 0 0 0 0 1 0 0 101 0 1 133 0 0 664251 58 0 0 1 125
87 668790 L 0 0 0 0 0 0 0 0 0 668605 38 0 88 44 6 0 0 9 0 0 0
88 623316 L 1 0 0 1 76 0 23 66 0 623011 0 0 106 1 9 1 0 21 0 0 0
89 602107 P 25 1 0 0 0 1 0 0 0 136 0 0 601682 72 20 82 88 0 0 0 0
90 536396 A 535962 2 0 56 0 19 0 0 1 1 0 0 11 0 0 121 50 173 0 0 0
91 504248 R 0 0 0 0 0 85 0 115 71 2 0 0 0 1 503895 33 14 0 0 0 32
92 490929 S 1 0 1 1 0 0 0 1 0 53 0 0 73 0 0 490705 24 0 1 0 69
93 497010 W 0 105 0 0 3 4 0 2 0 158 0 0 0 0 103 13 1 0 496429 0 192
94 476595 S 6 16 0 0 56 0 0 0 0 2 0 0 82 0 0 476332 49 3 0 48 1
95 597842 Y 0 111 16 0 47 0 167 0 1 3 1 47 0 1 0 5 3 0 0 597370 70
96 557549 I 0 2 0 0 19 0 6 557316 1 16 9 22 0 1 1 3 78 75 0 0 0
97 589561 V 102 6 0 53 1 6 1 133 0 182 0 0 0 1 0 1 0 589074 0 0 1
98 574549 E 5 0 27 574108 0 68 0 0 111 0 0 0 0 16 8 0 0 32 0 0 174
99 600804 T 96 0 1 0 0 0 5 131 43 1 1 1 31 1 17 13 600463 0 0 0 0
100 609813 P 8 0 0 0 0 0 0 0 0 65 1 0 609492 107 20 68 51 1 0 0 0
101 625147 N 0 0 81 0 0 0 3 14 50 0 0 624856 0 0 0 66 57 0 0 20 0
102 644500 S 11 13 0 0 36 0 0 0 0 1 0 0 92 0 0 644233 24 0 0 88 2
103 661087 E 3 0 181 660351 0 166 0 0 138 3 0 0 0 22 2 0 0 54 0 0 167
104 671735 N 0 0 123 4 0 1 8 30 70 1 0 671359 0 0 1 91 14 0 0 33 0
105 684219 G 23 0 0 91 0 683623 0 1 1 0 1 0 0 0 124 0 0 147 4 0 204
106 677034 A 676482 0 0 72 0 35 3 0 0 1 0 0 24 0 3 135 153 126 0 0 0
107 691687 C 0 691112 0 0 165 7 1 2 0 1 3 1 0 0 77 64 0 2 15 151 86
108 652562 Y 1 79 13 0 29 1 92 12 1 10 0 14 0 0 0 16 0 0 1 652239 54
109 591186 P 21 1 0 0 0 0 0 2 0 137 0 2 590757 97 33 66 70 0 0 0 0
110 466443 G 9 2 1 71 0 466067 0 0 0 1 1 0 1 1 58 0 0 106 0 0 125
111 462091 D 2 0 461766 21 1 82 7 1 0 0 0 93 0 1 0 0 0 25 0 92 0
112 549439 L 0 0 0 0 52 0 55 70 0 549080 0 0 157 0 5 2 0 18 0 0 0
113 558348 I 0 0 0 0 52 0 1 558037 0 10 23 62 0 0 1 4 84 74 0 0 0
114 590189 D 3 0 589529 59 0 83 15 0 0 0 0 247 0 0 0 1 1 59 0 192 0
115 615630 Y 0 79 13 0 32 1 132 0 0 1 0 17 0 1 1 4 0 0 0 615290 59
116 667200 E 7 0 279 666358 0 176 0 0 113 0 0 0 0 17 3 0 0 49 1 0 197
117 640243 E 2 0 43 639810 0 95 0 0 95 1 0 2 0 12 1 1 1 40 0 0 140
118 604304 L 0 0 0 0 0 0 1 1 0 604087 49 1 115 24 5 0 3 17 0 0 1
119 591639 R 0 0 0 2 0 115 0 0 88 2 331 0 0 0 590871 165 27 1 37 0 0
120 558147 E 5 0 79 557598 0 133 0 0 173 0 0 0 0 28 1 3 1 28 0 0 98
121 523979 Q 0 0 0 22 0 0 41 0 47 36 0 3 5 523552 74 0 0 0 0 0 199
122 522141 L 0 1 0 0 183 0 0 0 0 521827 28 0 0 2 0 56 0 6 5 0 33
123 436618 S 2 21 1 1 0 96 0 83 1 4 0 70 0 0 56 436268 14 1 0 0 0
124 347433 S 10 0 0 0 0 0 0 0 0 56 0 0 50 0 0 347217 9 0 1 0 90
125 437342 V 90 0 0 34 0 1 0 70 0 94 0 0 0 1 0 0 0 437052 0 0 0
126 439178 S 3 1 0 0 0 1 0 1 0 47 0 0 49 1 1 438986 32 1 0 1 54
127 420398 S 7 2 0 0 1 0 0 0 0 42 0 0 82 1 0 420178 30 0 0 1 54
128 412810 L 0 0 0 0 32 0 1 17 0 412668 0 0 2 0 1 68 0 10 1 0 10
129 471485 E 4 0 24 471111 0 62 0 1 82 0 0 0 0 21 4 0 0 29 0 0 147
130 441562 R 0 0 0 1 1 82 0 93 62 1 1 1 0 0 441263 26 3 0 0 0 28
131 471776 F 0 2 0 0 471534 0 0 17 0 143 0 0 0 0 0 57 1 3 0 19 0
132 491874 E 2 0 28 491523 0 44 0 0 107 0 0 0 0 15 1 1 0 32 0 0 121
133 494739 I 0 0 0 0 0 0 0 494503 18 34 61 7 0 0 0 0 47 67 0 1 1
134 514278 F 0 5 0 0 513990 0 0 42 0 117 0 0 0 1 0 77 1 4 0 41 0
135 519311 P 21 0 1 0 1 0 81 0 0 54 0 1 518990 0 25 73 64 0 0 0 0
136 511865 K 1 0 0 78 2 0 0 1 511323 0 26 304 1 13 82 0 6 0 0 0 28
137 552037 E 11 0 40 551560 0 136 0 0 75 2 0 0 0 21 0 0 1 65 0 0 126
138 524748 S 0 10 1 0 2 186 0 166 2 0 0 100 0 0 49 524207 10 15 0 0 0
139 524251 S 5 0 0 0 21 0 0 0 1 76 0 0 72 0 0 523954 37 0 0 0 85
140 487987 W 0 131 0 0 0 8 0 0 0 133 22 0 0 0 138 10 0 0 487338 0 207
141 401223 P 63 0 0 0 0 1 61 0 0 65 0 0 400870 0 15 90 58 0 0 0 0
142 400160 N 1 0 75 1 0 0 6 26 38 1 0 399919 1 4 0 46 9 1 0 31 1
143 373489 H 0 0 17 0 0 1 373223 0 0 38 0 51 4 50 37 1 6 0 0 61 0
144 362756 T 65 0 0 0 0 0 2 52 24 0 0 1 6 1 4 27 362574 0 0 0 0
145 363531 F 0 1 0 1 363354 0 0 12 0 91 0 0 1 1 0 45 1 6 1 17 0
146 353107 N 0 0 66 0 0 0 4 13 32 0 1 352926 0 0 0 50 3 0 0 12 0
147 329174 G 7 0 0 52 0 328874 0 0 1 0 0 0 0 0 90 0 0 62 0 0 88
148 335285 V 56 0 0 16 0 4 0 60 0 47 0 1 0 0 1 0 1 335099 0 0 0
149 339907 T 45 0 0 0 0 0 0 66 32 0 1 0 5 5 10 26 339714 0 0 0 3
150 332379 V 96 0 1 34 0 2 0 58 0 128 0 1 0 1 1 0 1 332056 0 0 0
151 356630 S 3 3 0 0 0 0 0 0 0 37 0 0 48 1 0 356455 30 2 0 0 51
152 333834 C 2 333558 0 0 51 8 0 0 0 5 2 0 0 0 59 44 0 0 12 69 24
153 313020 S 0 12 0 0 69 0 0 0 0 5 0 0 111 0 0 312754 26 0 0 43 0
154 324404 H 0 0 13 0 0 0 323995 31 0 22 0 157 66 27 50 0 1 0 0 42 0
155 339877 R 0 0 0 0 0 181 0 2 70 1 366 0 0 0 338735 399 4 1 30 0 88
156 355069 G 13 0 0 203 1 354643 0 0 2 0 0 0 0 0 75 0 0 59 0 0 73
157 377265 K 0 0 1 100 0 1 0 10 377053 0 0 25 0 7 45 0 9 0 0 0 14
158 395521 S 26 10 0 0 0 200 0 76 59 0 1 97 0 0 56 394978 18 0 0 0 0
159 410454 S 1 17 0 0 0 78 0 75 0 0 0 62 0 37 75 410094 3 12 0 0 0
160 447500 F 0 7 0 0 447322 0 0 12 1 92 0 0 1 0 0 51 0 5 0 9 0
161 469050 Y 0 55 2 0 55 0 89 0 0 2 0 12 0 0 0 6 38 0 0 468730 61
162 455461 R 0 0 0 4 0 129 0 132 128 1 0 0 0 3 454998 28 4 0 0 0 34
163 456699 N 0 0 65 1 0 0 6 34 24 0 0 456487 0 0 0 62 6 0 0 14 0
164 438324 L 1 13 1 0 148 0 0 1 0 438014 16 0 3 0 0 87 0 7 4 0 29
165 416008 L 2 1 0 0 0 0 0 42 0 415845 1 0 78 13 5 0 2 17 0 2 0
166 394551 W 0 58 0 1 1 17 0 0 0 89 2 0 0 0 77 12 0 0 393905 0 389
167 374198 L 1 0 0 0 0 2 0 0 0 374016 63 0 75 21 3 0 0 16 0 1 0
168 381215 T 85 0 0 1 0 0 0 0 39 1 135 0 1 0 24 23 380904 2 0 0 0
169 314018 K 0 0 1 76 0 0 0 0 313737 0 17 114 0 1 57 1 5 0 0 0 9
170 325420 K 0 0 0 97 0 1 0 0 324910 0 11 303 0 3 65 1 10 0 0 0 19
171 342564 G 8 0 0 65 0 341996 1 0 0 1 0 0 0 0 81 0 2 231 179 0 0
172 327343 D 0 0 327009 23 0 92 10 5 0 0 0 131 0 0 0 1 0 24 0 48 0
173 360274 S 0 0 0 0 5 1 1 0 0 70 0 1 78 0 0 360018 35 0 0 1 64
174 362774 Y 0 64 7 1 13 0 77 5 0 0 0 26 0 1 0 5 2 0 0 362521 52
175 342109 P 11 0 0 0 0 0 0 0 0 30 0 0 341807 137 13 36 75 0 0 0 0
176 418717 K 0 0 0 46 0 1 0 0 418368 0 10 84 0 4 155 17 10 0 1 0 21
177 400487 L 0 0 0 0 0 0 0 0 0 400338 44 0 76 11 6 1 0 9 0 0 2
178 467802 T 83 0 2 0 0 0 0 56 0 0 0 26 1 0 0 58 467575 0 0 0 1
179 503573 N 1 0 87 0 0 1 10 27 31 1 0 503335 0 2 0 44 5 0 0 29 0
180 567027 S 5 19 0 0 73 0 0 2 0 0 0 0 112 1 0 566709 45 0 0 61 0
181 579168 Y 1 85 9 0 40 0 158 0 0 2 3 27 5 1 0 2 0 0 0 578785 50
182 559488 V 108 1 1 71 0 7 0 0 0 124 158 0 0 0 3 0 0 559013 0 0 2
183 566248 N 0 0 79 3 0 0 6 43 38 2 0 565941 1 3 0 91 9 0 0 32 0
184 567834 N 0 0 69 0 0 0 7 35 54 0 0 567564 0 19 0 59 6 0 0 20 1
185 547060 K 0 0 0 86 0 0 0 39 546764 2 0 43 0 4 67 0 5 0 0 0 50
186 575829 G 11 0 0 104 1 575017 0 1 2 0 0 0 0 0 117 0 0 153 423 0 0
187 579009 K 0 1 0 158 1 2 0 22 578612 0 1 48 0 7 106 0 13 0 0 0 38
188 549971 E 2 0 24 549606 0 66 0 0 85 0 0 1 0 10 1 1 0 41 0 1 133
189 508967 V 97 1 38 0 89 8 0 136 0 10 0 0 0 0 0 0 0 508588 0 0 0
190 503729 L 0 0 0 0 49 0 34 68 0 503412 0 0 136 5 10 0 2 13 0 0 0
191 554084 V 101 0 0 36 0 2 0 159 1 168 0 0 0 0 9 0 5 553602 0 1 0
192 548974 L 0 0 0 0 0 0 1 41 0 548809 2 0 69 15 13 0 4 12 0 8 0
193 564300 W 0 394 0 0 0 11 0 0 0 208 4 0 0 0 112 15 0 0 563408 3 145
194 584154 G 17 144 74 0 1 583730 0 0 0 2 0 0 0 6 23 67 1 89 0 0 0
195 633238 V 118 2 33 0 102 12 0 139 0 38 0 0 0 0 0 1 0 632793 0 0 0
196 660022 H 0 0 27 0 3 0 659575 0 0 43 0 90 10 50 106 3 0 0 0 115 0
197 649643 H 0 0 23 0 0 0 649254 2 0 39 1 61 14 69 80 5 0 0 0 95 0
198 632550 P 20 0 0 0 0 0 0 0 0 116 0 0 631944 259 30 61 119 1 0 0 0
199 662665 S 7 17 0 0 81 0 0 0 0 0 0 0 98 0 0 662321 44 0 0 95 2
200 677835 S 1 31 0 0 0 131 0 122 1 0 0 126 0 1 109 677287 25 0 0 0 1
201 604446 S 0 41 0 0 0 126 0 68 0 0 0 66 0 0 49 604088 8 0 0 0 0
202 663123 D 6 1 662599 70 0 133 16 0 1 0 0 106 0 2 0 0 0 54 0 134 1
203 715241 E 9 0 165 714554 0 151 0 0 150 1 0 0 0 17 4 1 0 38 1 0 150
204 704830 Q 2 0 0 44 0 0 63 0 57 72 0 3 11 704350 111 1 1 1 0 0 114
205 642711 Q 0 0 0 28 0 0 180 1 68 59 0 1 15 642102 175 0 3 0 0 2 77
206 586840 S 0 37 0 1 0 96 0 89 0 4 0 81 0 2 62 586457 11 0 0 0 0
207 537791 L 0 0 0 0 47 0 27 62 0 537570 0 0 62 0 5 0 0 18 0 0 0
208 525245 Y 0 62 4 0 37 0 97 2 0 1 0 43 0 0 0 11 0 0 0 524927 61
209 492435 S 0 14 0 0 0 81 0 90 1 0 0 81 0 0 58 492095 12 1 0 0 2
210 406515 N 0 1 53 0 0 0 2 20 36 8 6 406324 0 0 0 49 6 0 1 8 1
211 398431 G 15 0 3 92 0 397991 0 0 0 0 0 1 0 0 125 0 0 110 1 0 93
212 414371 N 0 0 80 0 0 1 8 15 31 0 8 414145 0 1 0 46 12 0 0 24 0
213 435346 A 435034 1 30 0 0 18 0 0 0 2 0 0 15 0 0 110 101 35 0 0 0
214 438545 Y 0 61 7 0 20 0 93 0 0 5 5 7 0 0 0 6 0 0 0 438292 49
215 355185 V 36 0 31 0 57 2 0 69 0 7 4 0 0 2 0 0 0 354977 0 0 0
216 386075 S 7 29 0 0 36 0 0 0 0 2 0 0 59 0 0 385848 29 0 0 65 0
217 396520 V 54 1 0 41 0 4 0 70 0 74 0 2 0 0 0 3 0 396269 0 1 1
218 367042 A 366787 0 0 38 1 11 0 0 0 0 0 0 9 0 0 66 45 84 0 0 1
219 338471 S 4 5 1 0 36 0 0 0 0 1 0 0 42 0 0 338332 20 1 0 29 0
220 343846 S 7 0 0 0 3 0 0 0 0 76 0 0 91 0 0 343610 16 0 0 0 43
221 401389 N 0 0 69 0 0 0 8 14 32 0 0 401198 0 1 0 39 6 0 0 21 1
222 420068 Y 0 66 3 0 24 0 50 3 0 4 0 13 0 0 2 4 0 0 0 419850 49
223 397994 N 0 1 75 0 0 0 1 41 44 0 0 397749 0 0 2 62 5 1 0 13 0
224 390561 R 0 0 0 1 0 64 0 1 53 0 129 0 0 5 390152 119 12 1 24 0 0
225 425597 R 0 0 0 3 0 120 0 84 91 0 0 0 0 0 425214 35 7 0 0 0 43
226 450761 F 0 6 0 0 450395 0 2 31 0 143 0 0 0 0 0 117 1 25 0 41 0
227 480841 T 114 1 1 0 0 0 7 88 0 1 0 36 15 0 0 32 480546 0 0 0 0
228 494952 P 21 0 0 0 0 3 0 0 0 125 0 0 494097 214 94 77 321 0 0 0 0
229 497439 E 6 0 21 497065 0 110 0 1 83 1 1 0 0 10 8 0 0 33 1 0 99
230 480271 I 1 0 0 0 0 0 1 479876 58 38 128 2 0 0 2 7 79 69 0 0 10
231 437874 A 437497 0 54 0 0 15 0 0 0 6 0 0 13 1 0 136 112 39 1 0 0
232 407391 A 407026 3 1 42 0 17 0 0 0 1 0 0 24 0 0 68 168 40 0 0 1
233 446012 R 0 0 0 0 0 91 1 0 77 0 75 0 0 0 445660 72 10 0 26 0 0
234 509309 P 92 0 0 0 0 0 84 0 0 81 1 0 508902 0 13 60 76 0 0 0 0
235 513656 K 0 0 1 113 0 0 0 25 513347 1 0 26 0 59 60 0 12 1 0 0 11
236 540737 V 81 0 0 23 0 4 0 143 1 123 0 0 0 0 1 13 0 540346 0 0 2
237 513742 R 0 3 0 6 1 89 0 286 112 2 1 1 0 1 513167 32 17 0 0 0 24
238 498526 D 4 0 498177 46 0 72 7 0 0 0 0 66 0 4 0 1 0 32 1 116 0
239 501235 Q 0 0 0 17 0 0 45 2 48 20 0 0 7 500928 115 0 0 0 0 0 53
240 493264 H 1 0 17 0 0 3 492964 1 0 31 3 58 9 35 63 1 10 0 3 65 0
241 453180 G 7 1 0 65 0 452695 0 0 0 0 0 0 0 1 106 1 0 83 221 0 0
242 450738 R 0 0 0 1 0 124 0 0 96 1 118 0 0 1 450264 103 7 0 23 0 0
243 450605 M 0 0 3 0 0 0 0 248 34 44 450127 0 0 0 7 1 62 78 0 0 1
244 493570 N 0 1 110 1 0 0 3 43 48 1 0 493236 0 0 0 95 6 2 0 23 1
245 491901 Y 0 69 6 0 28 0 95 0 0 5 1 20 0 1 1 5 0 1 0 491608 61
246 550606 Y 0 87 9 0 47 0 127 0 0 5 0 19 0 0 0 6 6 0 0 550252 48
247 500413 W 0 77 0 0 0 12 0 0 0 119 0 0 0 1 147 23 1 0 499839 1 193
248 467666 T 103 0 1 0 0 0 0 89 0 0 0 33 10 0 0 52 467378 0 0 0 0
249 480225 L 0 2 0 1 79 0 0 0 1 479966 23 0 3 0 1 108 0 8 9 0 24
250 493309 L 3 1 0 0 0 0 0 57 0 493105 0 0 98 14 4 0 0 26 0 0 1
251 526699 E 5 0 37 526308 0 87 0 0 102 1 0 2 0 7 2 0 2 17 0 0 129
252 514217 P 15 0 0 0 0 0 71 0 0 63 0 1 513949 0 9 65 44 0 0 0 0
253 530452 G 13 0 0 92 0 529891 0 0 0 0 0 0 3 0 217 0 0 109 0 0 127
254 521620 D 7 0 521235 59 0 102 18 0 0 1 0 76 0 0 0 0 2 48 0 72 0
255 552587 T 102 0 2 0 0 0 0 73 38 0 0 24 14 10 10 51 552263 0 0 0 0
256 595797 I 0 0 0 1 1 1 0 595382 42 64 96 35 0 3 4 1 92 72 0 0 3
257 615797 I 0 1 0 0 2 0 0 615308 48 103 117 7 0 0 4 0 84 108 0 11 4
258 539687 F 0 3 0 2 539374 0 0 52 0 133 1 0 1 0 1 85 0 9 0 23 3
259 514104 E 9 1 96 513537 0 126 0 1 106 1 0 0 1 18 11 0 0 36 1 0 160
260 460397 A 460054 0 0 84 0 29 0 0 1 0 0 0 10 1 0 63 92 63 0 0 0
261 530221 T 65 0 0 0 0 0 0 47 0 0 0 43 5 1 0 72 529988 0 0 0 0
262 530799 G 22 146 83 0 0 530324 0 0 0 0 0 0 0 2 15 105 0 98 4 0 0
263 544270 N 0 0 94 1 1 2 5 39 36 0 1 543992 0 2 0 69 6 1 0 15 6
264 570033 L 0 0 0 0 0 1 2 57 1 569754 0 1 142 38 13 9 2 13 0 0 0
265 557667 I 7 0 1 0 0 0 0 557298 37 53 128 2 0 3 0 2 68 63 0 0 5
266 544226 A 543811 0 0 54 0 21 1 0 0 1 0 0 18 1 1 149 96 71 0 0 2
267 529144 P 14 0 0 0 0 0 1 0 1 70 0 0 528861 96 12 53 36 0 0 0 0
268 525800 W 0 113 0 0 1 5 0 0 0 135 2 0 0 0 106 5 0 1 525284 0 148
269 508737 Y 0 77 6 0 37 0 109 0 0 1 0 52 0 0 0 1 0 1 0 508426 27
270 492308 A 491982 1 26 0 1 18 1 0 0 0 0 1 21 1 0 88 109 59 0 0 0
271 439248 F 0 4 0 1 439001 0 0 21 0 121 0 0 0 0 0 66 0 1 0 33 0
272 428170 A 427846 0 1 30 0 8 2 0 0 0 0 0 19 0 1 74 135 53 0 0 1
273 421048 L 0 0 0 0 0 1 0 0 0 420809 32 0 157 14 24 0 2 8 0 1 0
274 542995 S 0 41 0 1 0 100 0 89 0 0 0 93 0 0 53 542596 19 1 0 0 2
275 646559 R 0 0 0 3 0 126 0 139 80 0 0 0 0 4 646087 47 15 12 0 0 46
276 583656 G 14 0 1 124 0 582973 0 0 0 0 0 0 0 0 108 0 0 135 301 0 0
277 572406 F 0 9 0 0 572105 0 0 27 1 105 0 0 5 1 0 82 1 48 0 22 0
278 735399 E 7 0 92 734753 0 184 1 0 151 1 0 0 0 22 0 7 0 18 1 0 162
279 733378 S 7 19 0 0 126 0 1 0 0 5 0 0 149 3 0 732927 67 4 0 69 1
280 747126 G 30 154 236 1 1 746195 1 1 0 0 0 0 1 0 26 341 1 138 0 0 0
281 739293 I 2 1 0 0 65 3 1 738925 1 12 21 32 2 0 0 6 107 115 0 0 0
282 774149 I 0 0 0 0 65 0 4 773693 0 21 20 61 0 0 0 11 154 120 0 0 0
283 761669 T 122 0 0 0 0 0 0 95 0 9 0 45 13 1 0 85 761299 0 0 0 0
284 761032 S 9 0 0 0 0 0 1 0 3 97 0 0 207 6 2 760500 44 1 0 0 162
285 786176 N 0 1 105 0 0 0 8 17 94 2 0 785701 0 1 1 97 122 1 0 25 1
286 671056 A 670530 1 0 67 0 20 1 0 1 2 0 0 14 0 1 129 174 116 0 0 0
287 684837 S 14 0 0 0 1 0 0 0 0 77 0 1 172 7 1 684442 43 2 0 0 77
288 738916 M 0 3 0 0 0 0 1 487 62 55 738090 2 0 0 5 0 108 103 0 0 0
289 725916 H 1 0 39 0 0 0 725320 0 0 52 0 91 15 80 165 1 0 0 0 152 0
290 457565 E 6 0 74 457209 0 72 0 1 69 0 1 0 0 7 4 0 0 32 2 1 87
291 522324 C 0 521887 0 0 114 8 0 0 0 3 0 0 1 0 61 56 1 11 5 132 45
292 498972 N 0 0 148 0 0 0 35 29 49 0 0 498587 0 0 1 89 12 4 0 15 3
293 448344 T 67 0 0 1 0 0 2 0 27 0 82 1 3 0 17 26 448118 0 0 0 0
294 446861 K 0 4 0 86 3 0 0 0 446558 0 22 72 0 1 82 2 3 1 0 0 27
295 458051 C 0 457734 0 0 62 5 0 0 0 1 0 0 0 0 64 44 0 0 3 99 39
296 469132 Q 0 0 0 16 0 0 26 0 40 21 0 1 3 468852 96 8 0 2 0 0 67
297 499445 T 71 0 0 0 0 0 10 70 34 0 0 11 43 9 22 14 499160 0 0 0 1
298 577423 P 18 1 0 0 1 0 100 0 0 70 0 0 577111 0 9 52 58 3 0 0 0
299 528734 Q 1 0 0 24 0 2 322 0 198 26 2 0 29 527896 137 4 0 0 0 0 93
300 530440 G 15 0 0 123 0 529822 3 1 0 1 0 0 0 2 85 138 1 86 0 1 162
301 590422 A 589997 0 69 7 0 24 0 0 0 10 1 0 20 59 0 71 79 85 0 0 0
302 803524 I 9 0 0 0 0 1 1 802833 91 125 109 1 1 2 11 8 155 141 0 31 5
303 809866 N 3 2 123 3 0 2 43 61 98 0 0 809229 1 16 2 98 99 2 0 84 0
304 739747 S 3 25 0 0 0 119 0 181 4 17 0 209 0 5 112 739046 24 1 0 1 0
305 718361 N 0 0 77 0 1 0 12 39 34 5 0 718018 0 5 0 114 11 0 0 45 0
306 719197 L 0 0 0 0 93 0 41 54 0 718744 0 0 230 1 8 9 0 17 0 0 0
307 646860 P 7 0 0 0 1 0 306 0 0 57 0 0 646291 0 17 83 98 0 0 0 0
308 649451 F 0 2 0 0 649006 0 0 39 0 191 0 2 0 0 0 169 0 7 0 35 0
309 642264 Q 0 0 0 34 0 0 145 0 53 61 1 0 12 641704 152 0 0 0 0 0 102
310 653293 N 0 0 98 2 0 0 3 40 48 0 0 652904 2 0 0 84 3 83 0 26 0
311 618456 I 1 0 0 0 0 0 0 617826 151 49 111 80 0 0 6 0 120 109 0 3 0
312 614773 H 0 0 34 1 0 0 614090 1 0 50 0 65 36 78 74 1 151 0 0 191 1
313 506963 P 10 0 0 0 0 0 0 0 0 100 0 0 506487 194 21 51 100 0 0 0 0
314 419552 V 68 0 42 0 73 1 0 40 0 8 0 1 0 0 0 3 2 419314 0 0 0
315 411877 T 124 0 0 0 0 0 0 58 44 1 0 5 3 3 10 48 411581 0 0 0 0
316 445438 I 0 0 0 0 0 2 0 445135 29 31 81 3 0 14 11 0 71 58 1 0 2
317 401985 G 12 0 0 56 0 401677 0 0 1 1 0 0 0 1 73 0 0 62 0 0 102
318 573969 E 6 0 115 573479 0 96 0 0 76 0 0 0 0 18 1 0 0 56 0 0 122
319 566139 C 2 565523 0 0 112 11 0 0 0 0 0 0 0 0 71 94 0 3 44 207 72
320 645832 P 38 0 0 0 0 0 0 0 0 123 0 0 645237 203 20 128 83 0 0 0 0
321 691544 K 0 0 0 70 0 0 0 28 691229 1 0 70 1 22 76 0 17 0 0 1 29
322 710187 Y 0 116 12 0 27 0 115 0 0 0 8 18 1 0 0 6 0 0 0 709806 78
323 719571 V 101 1 96 0 51 10 0 556 0 23 0 21 12 0 1 0 1 718698 0 0 0
324 708935 R 0 0 1 0 0 202 0 0 105 2 156 0 0 0 708268 136 21 0 43 0 1
325 682944 S 0 46 0 1 0 139 0 58 0 0 1 93 0 0 65 682517 21 1 0 2 0
326 655510 T 136 0 0 0 0 0 0 103 3 0 0 42 9 1 0 87 655128 0 0 1 0
327 674708 K 0 0 1 94 0 0 0 14 674384 1 1 62 0 16 83 0 7 1 0 0 44
328 651012 L 0 0 0 1 123 0 0 2 0 650699 39 0 1 1 1 91 0 14 12 0 28
329 650316 R 0 0 0 1 0 154 0 0 92 2 140 1 1 0 649774 90 19 1 41 0 0
330 579815 M 0 0 0 1 0 0 0 196 45 60 579337 0 0 0 8 1 58 109 0 0 0
331 443113 V 58 0 46 0 29 20 0 70 0 8 1 0 0 0 0 1 0 442879 1 0 0
332 413620 T 58 0 0 0 0 0 0 118 43 5 0 0 6 6 21 39 413320 0 0 3 1
333 454442 G 20 0 4 124 0 453996 0 0 0 0 1 0 0 0 77 0 0 81 0 0 139
334 451661 L 1 0 1 0 0 0 0 28 0 451492 0 0 99 12 3 0 9 11 0 0 5
335 441499 R 0 0 1 7 0 58 0 90 77 0 0 0 0 0 441203 23 14 0 0 0 26
336 444352 N 0 0 52 0 0 0 8 24 44 1 0 444117 0 0 0 65 22 0 0 19 0
337 433897 I 0 0 0 0 35 0 2 433648 0 10 20 29 0 0 0 3 89 61 0 0 0
338 433713 P 15 0 0 0 0 0 5 0 0 56 0 0 433347 140 15 46 89 0 0 0 0
339 424050 S 2 9 0 0 38 0 0 1 0 0 0 0 79 1 0 423846 29 0 0 44 1
340 478161 I 0 0 0 0 38 1 2 477970 0 6 2 20 0 0 0 3 60 59 0 0 0
341 467102 Q 0 0 0 19 4 0 26 0 35 21 0 1 4 466839 88 2 1 0 0 0 62
342 499249 Y 0 67 5 0 43 0 86 2 0 2 0 41 0 2 1 5 3 0 0 498899 93
343 523061 R 0 0 0 0 0 93 0 148 104 2 1 0 0 7 522623 27 22 0 0 0 34
344 585938 G 18 135 63 0 0 585578 0 0 0 3 0 0 0 0 8 81 0 52 0 0 0
345 617219 L 0 1 0 0 0 0 0 84 0 616941 0 0 138 15 4 9 1 25 0 1 0
346 678231 F 0 8 0 0 677907 0 1 76 0 140 0 0 1 0 0 64 0 7 2 25 0
347 577735 G 14 0 0 75 0 577240 0 0 0 8 0 0 0 0 108 2 0 121 2 0 165
348 578305 A 577887 0 67 0 0 22 1 0 0 0 0 0 22 1 0 128 74 103 0 0 0
349 582041 I 0 1 0 0 43 0 1 581810 0 4 5 31 1 0 0 2 64 79 0 0 0
350 589145 A 588760 0 47 0 0 18 0 0 0 2 0 0 18 1 0 75 166 58 0 0 0
351 606358 G 17 93 52 0 0 605986 0 1 0 0 0 0 0 0 17 103 0 88 0 1 0
352 677730 F 0 2 0 0 677461 0 0 14 0 163 0 0 2 0 0 69 0 2 0 16 1
353 702285 I 0 0 0 1 40 0 0 701748 0 154 8 38 0 0 0 7 72 122 0 93 2
354 637391 E 12 0 324 636156 0 148 0 0 146 0 3 0 0 22 174 1 1 61 4 0 339
355 633520 G 19 1 1 92 0 632710 0 0 0 0 0 0 0 1 111 0 0 271 313 0 1
356 553804 G 14 0 253 134 1 553067 0 1 0 1 5 1 0 0 144 0 0 75 0 1 107
357 518137 W 0 94 25 0 0 158 0 2 0 105 220 0 0 0 112 23 0 3 517179 0 216
358 435569 T 84 0 93 0 1 2 0 48 0 2 2 21 6 0 0 36 435272 0 0 2 0
359 440393 G 11 0 1 100 0 439997 0 0 1 2 0 0 0 0 124 0 0 59 1 1 96
360 347024 M 0 0 0 0 0 0 0 120 20 19 346752 1 0 0 3 0 45 61 0 0 3
361 413057 I 0 0 0 1 0 0 0 412692 48 36 129 1 0 0 2 0 70 78 0 0 0
362 371812 D 6 0 371555 25 0 46 6 0 0 1 0 61 0 0 0 1 0 35 3 73 0
363 461825 G 13 1 1 55 0 461418 1 0 2 1 0 0 6 4 124 0 0 92 1 1 105
364 528598 W 0 90 1 0 0 8 0 0 0 107 4 0 0 2 106 14 1 6 528062 0 197
365 605900 Y 0 96 15 0 30 5 120 0 5 2 3 42 0 2 0 3 1 16 0 605513 47
366 612798 G 11 141 78 0 0 612354 0 0 0 0 1 0 1 1 17 92 1 82 8 11 0
367 575085 Y 0 81 1 0 38 7 87 6 0 1 0 6 0 0 0 5 0 2 0 574793 58
368 576870 H 0 0 10 0 0 0 576544 1 0 44 0 49 10 56 79 0 0 0 0 77 0
369 552348 H 0 0 10 1 0 0 552091 1 0 48 0 45 3 37 69 1 0 0 0 42 0
370 547435 Q 0 0 0 27 0 0 92 0 55 30 0 1 8 547010 133 0 0 0 0 0 79
371 549238 N 0 0 57 0 0 0 4 14 30 0 1 549046 0 0 2 58 4 0 0 22 0
372 531638 E 3 0 52 531274 0 68 0 0 95 0 2 1 1 23 1 1 1 34 0 0 82
373 490361 Q 0 0 0 15 0 6 257 0 46 30 1 0 12 489760 113 0 1 0 0 1 119
374 517764 G 11 0 6 63 0 517414 0 0 1 0 0 0 1 0 72 1 0 63 0 0 132
375 483862 S 6 0 0 1 0 0 0 6 3 110 0 0 56 5 3 483574 29 0 0 0 69
376 539391 G 14 120 107 1 0 538976 0 0 0 0 0 0 0 0 16 101 0 56 0 0 0
377 544363 Y 1 88 8 0 32 0 95 0 0 2 0 14 2 0 0 2 0 0 0 544077 42
378 504085 A 503438 1 0 63 0 29 0 1 1 0 0 0 12 1 1 136 172 228 0 1 1
379 492346 A 491949 2 1 55 0 19 0 0 0 1 1 0 15 2 2 81 52 166 0 0 0
380 482927 D 4 0 482414 34 0 91 12 177 0 0 0 57 0 2 1 0 0 49 0 86 0
381 494868 Q 0 0 0 13 0 0 10 3 298 18 0 1 3 494010 83 373 0 0 0 0 56
382 535495 K 0 0 0 57 0 0 0 11 535288 0 0 24 0 11 86 0 9 0 0 1 8
383 544244 S 44 12 0 0 0 214 0 59 84 0 0 151 0 0 72 543589 19 0 0 0 0
384 566283 T 90 0 0 0 0 0 44 73 45 0 0 1 6 1 19 53 565951 0 0 0 0
385 591306 Q 2 0 0 20 0 0 28 0 56 13 0 1 8 591001 91 1 18 0 0 0 67
386 584091 N 1 4 65 0 1 0 10 56 37 1 39 583769 0 0 1 76 9 0 0 22 0
387 558816 A 558337 5 56 0 0 25 0 0 0 0 0 0 34 1 0 117 106 135 0 0 0
388 501061 I 0 0 0 0 27 0 1 500825 0 20 3 35 0 0 1 6 59 84 0 0 0
389 498008 N 1 0 98 0 0 1 3 26 62 1 0 497708 0 0 0 60 16 1 0 30 1
390 383545 G 11 1 0 54 0 382996 0 1 0 0 0 0 0 0 170 0 0 125 186 1 0
391 388420 I 0 0 4 0 19 1 0 388242 0 12 5 21 0 2 0 4 36 74 0 0 0
392 261786 T 74 0 0 0 0 0 0 44 30 1 0 0 4 7 11 31 261579 0 0 5 0
393 321215 N 0 0 41 0 0 0 5 19 36 0 0 321020 0 6 0 38 35 0 0 15 0
394 327538 K 0 0 0 51 0 0 0 0 327299 1 19 96 0 5 46 0 7 0 1 0 13
395 404605 V 45 0 0 30 0 18 0 0 0 53 63 0 0 0 2 0 0 404394 0 0 0
396 408635 N 0 0 63 1 0 0 4 22 34 0 0 408392 0 0 1 59 12 0 0 47 0
397 461628 S 18 6 0 0 30 0 0 0 0 3 0 0 77 3 0 461422 22 0 0 47 0
398 485954 V 48 4 47 0 91 3 0 102 0 16 0 0 0 0 0 0 0 485643 0 0 0
399 486903 I 0 0 0 0 23 0 0 486700 0 2 19 39 0 1 0 2 46 71 0 0 0
400 479397 E 5 0 80 478923 0 84 0 0 151 1 0 0 0 19 3 2 0 31 0 0 98
401 472984 K 0 0 0 86 0 0 0 22 472761 2 0 20 0 1 69 0 7 0 0 0 16
402 480976 M 0 0 0 3 0 0 0 222 38 26 480529 2 0 0 2 0 80 64 0 0 10
403 460048 N 0 0 70 1 0 1 5 34 58 0 0 459772 0 0 0 65 6 0 0 36 0
404 450548 T 62 0 0 1 0 1 0 47 0 1 0 21 9 0 0 42 450364 0 0 0 0
405 455159 Q 0 1 0 21 0 0 41 0 43 11 0 1 5 454897 73 0 0 0 0 0 66
406 430302 F 0 3 0 0 430037 0 0 24 0 134 0 0 0 0 0 60 1 9 0 34 0
407 355914 T 49 0 0 0 0 0 1 81 33 0 1 0 3 0 9 56 355681 0 0 0 0
408 281212 A 281028 0 29 0 0 5 0 0 0 2 0 0 9 1 0 52 65 21 0 0 0
409 269957 V 41 3 0 22 0 26 0 0 0 52 51 0 0 0 0 0 0 269760 2 0 0
410 251812 G 13 58 46 0 0 251598 0 0 0 0 0 0 0 0 5 34 0 55 0 0 3
411 196753 K 0 0 0 25 0 0 0 12 196658 3 0 19 0 1 23 0 2 0 0 0 10
412 175638 E 2 0 22 175529 0 25 0 0 26 0 0 6 0 3 0 0 0 5 0 0 20
413 156509 F 0 0 0 0 156434 0 0 5 1 42 0 0 0 1 0 10 0 2 0 14 0
414 170336 N 0 0 44 0 0 0 3 20 18 1 0 170214 0 0 0 23 1 0 0 12 0
415 182681 N 0 0 24 0 0 0 5 18 8 4 0 182567 0 0 0 29 23 0 0 2 1
416 196246 L 0 0 0 2 13 0 0 6 0 196158 0 0 1 0 1 30 1 2 0 0 32
417 213861 E 1 0 7 213622 0 31 0 1 119 0 0 0 0 7 21 0 0 5 0 0 47
418 226901 K 0 0 0 30 0 1 1 4 226798 0 0 16 0 2 38 0 6 0 0 0 5
419 227535 R 0 0 0 0 0 262 0 0 236 1 46 1 0 0 226929 42 6 1 11 0 0
420 205859 M 0 0 26 0 0 0 0 108 18 21 205605 0 0 0 1 0 25 44 11 0 0
421 231519 E 0 0 7 231304 0 86 0 0 56 0 0 0 0 6 1 0 0 17 0 0 42
422 209471 N 0 0 20 0 0 0 2 30 22 0 0 209369 0 0 0 16 5 0 0 7 0
423 216879 L 0 0 0 0 31 0 0 7 0 216781 0 0 0 0 0 29 0 3 0 0 28
424 225727 N 0 1 29 0 0 0 2 23 30 0 0 225610 0 0 0 21 1 0 0 8 2
425 236346 K 0 0 0 22 0 0 0 19 236184 0 0 10 0 1 25 0 3 0 0 0 82
426 218194 K 0 0 0 29 0 0 0 6 218097 0 0 8 0 1 42 0 2 0 0 0 9
427 238044 V 31 0 13 0 24 3 0 64 1 8 0 0 0 1 0 10 0 237889 0 0 0
428 233562 D 3 0 233365 42 0 24 1 1 1 0 1 53 0 0 0 2 1 17 0 51 0
429 227049 D 2 0 226862 15 0 46 5 0 0 3 1 48 1 0 4 0 1 20 0 39 2
430 229200 G 9 0 1 28 0 228944 0 6 0 0 0 0 0 0 63 0 0 40 109 0 0
431 214396 F 0 0 0 0 214278 3 0 22 0 47 0 0 0 0 0 28 0 15 0 3 0
432 214778 L 0 0 0 0 0 1 0 0 0 214671 16 0 59 20 1 3 0 4 3 0 0
433 182784 D 2 0 182634 22 0 47 6 0 0 0 0 36 0 0 0 1 0 15 0 21 0
434 183797 I 0 0 0 0 3 0 5 183741 0 2 1 5 0 0 0 2 18 20 0 0 0
435 180537 W 0 37 1 0 0 4 0 0 0 53 0 0 0 1 38 7 1 0 180337 1 57
436 184727 T 33 0 0 0 0 1 3 30 10 0 0 0 0 0 9 25 184616 0 0 0 0
437 248919 Y 0 37 4 0 18 0 40 4 0 0 0 21 0 0 0 1 1 0 0 248766 27
438 241096 N 0 2 26 0 0 1 4 17 18 0 3 240986 0 0 0 22 2 0 0 15 0
439 248839 A 248638 0 0 18 0 11 0 0 0 1 1 0 10 0 1 53 64 42 0 0 0
440 279315 E 3 1 16 279164 0 39 0 0 28 0 0 0 0 10 1 1 0 13 0 0 39
441 270816 L 0 0 0 0 42 0 0 3 0 270720 13 0 0 0 0 24 0 6 0 0 8
442 375463 L 0 0 0 0 13 0 0 29 0 375352 0 0 0 0 0 48 1 10 1 0 9
443 377142 V 60 0 18 0 70 5 0 56 0 7 0 0 0 0 0 0 0 376926 0 0 0
444 391969 L 0 0 0 0 1 1 0 34 0 391838 0 0 57 22 4 1 0 11 0 0 0
445 411198 L 0 0 0 0 0 0 0 0 0 411010 28 0 108 27 7 0 3 14 0 0 1
446 408166 E 4 0 18 407917 0 93 0 0 46 0 1 0 0 8 0 0 0 21 0 0 58
447 414173 N 1 0 41 0 0 0 4 29 22 0 8 414000 0 0 0 45 5 1 0 16 1
448 439633 E 5 0 36 439237 0 92 0 0 113 0 0 0 0 16 0 0 1 32 0 0 101
449 452095 R 0 0 0 0 0 150 0 0 85 0 88 0 0 0 451683 69 8 0 12 0 0
450 437503 T 74 0 19 2 2 0 0 48 0 3 0 29 2 0 0 40 437284 0 0 0 0
451 438737 L 0 0 0 0 146 0 0 0 0 438433 28 0 1 0 0 62 2 4 31 1 29
452 402593 D 3 0 402298 30 0 103 8 5 0 0 0 57 0 0 0 1 0 18 1 69 0
453 334237 F 0 5 0 0 334001 0 0 7 0 113 0 0 0 0 0 86 0 3 0 22 0
454 310677 H 0 0 8 0 0 0 310476 0 0 23 2 40 2 27 60 0 0 0 0 39 0
455 307293 D 9 0 307078 27 0 43 5 0 0 1 0 64 0 0 0 2 0 19 0 45 0
456 317773 L 0 0 0 0 25 0 0 15 0 317645 0 0 0 0 0 64 1 6 0 0 17
457 293145 N 0 1 25 0 0 0 0 15 24 0 14 293032 0 1 0 17 5 0 0 10 1
458 282436 V 46 0 0 20 0 4 0 0 0 51 77 0 0 2 0 1 2 282233 0 0 0
459 283969 K 0 0 0 53 0 0 0 0 283777 0 11 50 0 3 49 0 7 1 0 1 17
460 280273 N 0 0 47 0 0 0 1 11 22 0 0 280131 0 0 0 36 7 0 0 18 0
461 280046 L 0 0 0 0 0 0 2 2 0 279919 44 0 34 32 8 0 0 5 0 0 0
462 283926 Y 0 49 2 0 18 0 55 0 1 0 0 26 0 0 0 6 0 0 0 283733 36
463 279257 E 1 0 36 279038 0 45 0 0 65 0 1 0 0 7 0 0 0 20 0 0 44
464 260821 K 0 0 0 39 0 0 0 14 260711 1 0 6 0 4 30 0 4 0 0 0 12
465 268967 V 48 0 1 21 0 1 0 50 1 26 0 0 0 0 0 6 0 268807 0 0 6
466 262055 K 0 0 0 29 0 0 0 10 261943 0 0 7 0 2 36 0 4 0 0 0 24
467 289296 S 31 12 0 0 0 76 0 153 5 0 0 62 0 0 34 288908 15 0 0 0 0
468 286133 Q 0 0 0 10 0 0 17 0 35 24 0 15 6 285952 43 0 0 1 0 0 30
469 300746 L 0 0 0 0 28 1 0 39 0 300589 0 2 4 0 0 40 0 5 0 1 37
470 317857 K 0 0 0 35 0 1 0 0 317631 0 14 60 1 10 94 0 4 0 0 0 7
471 328676 N 0 0 57 3 0 0 2 25 28 0 0 328488 0 0 0 46 10 0 0 17 0
472 338504 N 0 0 55 1 0 1 5 11 24 2 3 338325 0 0 0 57 6 0 0 13 1
473 364902 A 364569 13 52 0 1 16 0 0 0 0 1 0 24 0 0 86 102 37 0 1 0
474 386952 K 0 1 0 86 0 0 1 19 386728 1 0 19 0 27 58 0 1 0 0 0 11
475 388701 E 4 0 21 388471 0 68 0 1 54 0 0 1 0 5 4 0 1 19 0 0 52
476 393024 I 1 1 0 0 19 0 0 392853 0 5 7 32 0 0 1 7 52 46 0 0 0
477 384892 G 12 0 0 73 0 384538 0 0 2 0 0 1 0 0 143 0 1 60 0 0 62
478 373433 N 0 0 53 0 0 0 15 25 31 0 5 373247 1 0 0 40 5 0 0 11 0
479 383395 G 13 4 0 50 0 383015 0 0 0 1 0 0 0 0 99 0 0 63 150 0 0
480 377872 C 0 377597 0 0 31 8 0 0 0 0 0 1 1 0 39 39 0 18 37 88 13
481 395891 F 0 3 0 0 395687 0 0 9 0 87 0 0 5 1 0 59 0 13 0 27 0
482 400952 E 9 0 65 400538 0 89 0 0 125 1 0 0 0 16 2 14 0 20 0 0 73
483 376457 F 0 1 0 0 376201 0 0 37 0 144 0 1 0 0 0 49 0 9 0 15 0
484 398799 Y 0 84 4 0 23 0 140 1 0 6 0 29 2 0 0 6 0 0 0 398464 40
485 371657 H 0 1 5 0 0 0 371392 0 1 37 0 71 8 44 49 4 9 0 0 36 0
486 445255 K 0 0 0 74 0 1 0 0 444967 0 9 90 0 20 58 2 20 2 0 0 12
487 398212 C 0 397926 0 0 40 6 0 0 0 2 0 0 0 0 56 61 1 1 4 86 29
488 403378 D 3 0 402980 47 1 103 15 0 0 0 0 106 0 6 0 0 0 55 0 61 1
489 412307 N 0 1 67 0 0 0 5 25 27 0 3 412113 1 0 0 46 2 0 0 17 0
490 414178 E 2 0 36 413899 0 53 0 0 87 0 0 2 0 19 0 0 1 24 0 0 55
491 412934 C 0 412637 0 0 58 3 0 0 0 1 0 0 0 0 60 44 0 0 6 83 42
492 434106 M 0 0 0 0 0 0 3 352 35 30 433535 0 0 0 6 0 62 82 1 0 0
493 414562 E 4 0 22 414235 0 96 0 0 113 0 0 0 0 18 0 0 0 26 0 0 48
494 388787 S 0 8 0 0 0 85 0 25 0 0 0 82 0 0 32 388546 6 3 0 0 0
495 425079 V 67 6 1 23 0 0 0 96 1 71 0 0 0 1 0 0 0 424811 0 0 2
496 385877 R 0 1 0 6 0 66 0 35 51 0 0 0 0 0 385682 14 7 0 0 0 15
497 378714 N 0 0 72 1 0 0 4 21 37 0 4 378491 0 0 0 56 5 0 0 23 0
498 377706 G 12 0 1 66 0 377229 0 0 1 0 0 0 0 0 93 0 0 84 220 0 0
499 363868 T 94 1 1 0 0 0 0 41 2 1 0 47 6 1 0 50 363623 0 0 1 0
500 343641 Y 0 49 0 0 14 0 68 1 0 3 9 5 0 0 0 4 0 0 0 343448 40
501 360537 D 3 0 360257 25 0 58 5 0 1 0 0 77 0 0 0 0 1 34 0 72 4
502 361944 Y 1 37 7 0 16 0 55 1 0 4 0 14 0 0 0 3 0 0 0 361764 42
503 401356 P 9 0 0 1 0 0 0 0 0 57 0 0 401095 57 12 85 40 0 0 0 0
504 414632 K 0 0 0 43 0 1 0 9 414428 0 0 66 5 4 55 0 7 0 0 0 14
505 416077 Y 0 38 3 0 23 0 54 21 0 1 0 10 0 0 0 2 0 0 0 415905 20
506 423012 S 3 0 0 0 0 0 0 0 0 73 0 0 49 0 1 422804 22 1 0 0 59
507 402061 E 2 0 24 401828 0 42 0 0 60 0 0 0 0 12 0 1 0 11 0 0 81
508 376010 E 7 0 27 375760 0 47 0 1 53 0 0 0 0 14 0 0 0 33 0 0 68
509 388086 S 3 0 0 0 0 0 0 7 0 48 0 0 47 1 0 387905 31 1 0 0 43
510 373602 K 0 0 0 53 0 0 0 0 373365 0 9 36 0 3 103 3 17 0 0 0 13
511 377745 L 0 0 0 0 81 0 0 0 0 377559 18 0 0 0 0 49 0 8 3 0 27
512 395913 N 0 0 77 4 0 0 5 34 60 0 0 395539 0 1 0 157 8 0 0 27 1
513 355071 R 0 0 0 0 1 97 0 0 67 1 273 0 0 11 354435 150 10 1 25 0 0
514 480613 E 5 1 32 480005 0 351 0 1 107 0 0 0 0 13 0 0 2 32 0 0 64
515 440324 K 0 0 1 78 0 3 0 0 439778 1 30 68 0 15 319 0 24 0 0 0 7
516 501944 I 0 0 1 0 0 1 0 501552 40 45 132 0 0 0 12 1 70 80 0 0 10
517 500406 D 8 0 499954 51 2 102 12 0 0 0 1 91 0 1 1 0 2 32 0 149 0
518 452364 G 17 0 0 120 0 451915 0 0 0 2 0 0 0 0 114 0 0 106 0 0 90
519 470922 V 69 1 0 37 0 4 0 0 0 46 60 0 0 0 0 2 0 470701 1 0 1
520 536728 K 0 0 0 128 0 0 0 17 536387 0 0 55 0 22 73 0 17 0 0 1 28
521 517451 L 0 0 1 1 210 0 0 4 0 517128 22 0 0 0 0 61 0 1 6 0 17
522 544030 E 6 0 24 543699 0 97 0 0 64 0 0 5 0 16 2 0 4 30 0 0 83
523 544109 S 26 0 0 0 0 0 1 20 0 55 0 0 110 19 1 543790 33 0 0 1 53
524 607398 M 0 0 0 1 0 2 0 893 48 44 606131 81 0 3 7 0 83 80 24 1 0
525 622348 G 38 0 1 117 0 621276 0 0 1 1 0 0 0 2 99 0 0 382 430 1 0
526 586011 V 81 19 0 55 0 41 0 0 0 114 99 0 1 0 1 0 0 585599 0 1 0
527 620156 Y 0 101 7 0 51 0 171 21 0 0 0 27 0 0 1 11 1 1 0 619705 59
528 596408 Q 0 0 6 23 0 0 106 1 56 42 0 0 12 595836 244 0 0 0 0 0 82
529 497488 I 0 0 0 0 22 0 0 497294 0 6 6 17 0 0 0 11 65 67 0 0 0
530 475792 L 0 2 0 0 0 1 0 0 0 475574 55 0 104 39 8 1 0 8 0 0 0
531 443659 A 443318 0 3 68 0 31 0 0 0 0 0 0 14 0 0 41 50 133 0 0 1
532 536883 I 0 0 0 0 43 0 0 536621 0 5 13 24 0 0 1 29 66 80 0 1 0
533 647170 Y 0 74 51 0 35 0 192 0 0 15 0 37 1 0 1 9 5 0 0 646689 61
534 706227 S 10 0 0 1 0 0 0 8 0 107 0 0 132 8 0 705767 87 0 1 1 105
535 711536 T 117 0 1 0 0 1 0 73 0 1 0 62 9 1 0 60 711197 1 0 13 0
536 682613 V 116 3 87 0 197 8 1 131 0 23 0 0 0 0 1 1 1 682044 0 0 0
537 721006 A 720435 0 82 2 0 17 0 0 0 0 0 0 30 2 3 134 230 71 0 0 0
538 701449 S 0 33 0 0 1 129 0 83 0 9 0 125 0 0 83 700973 11 2 0 0 0
539 657307 S 6 0 0 0 1 0 3 0 0 123 0 0 97 0 0 656940 36 3 0 2 96
540 656602 L 1 1 0 0 0 1 0 1 0 656379 44 1 123 33 4 0 2 12 0 0 0
541 664177 V 88 7 0 59 0 23 2 0 0 62 124 0 0 3 3 0 0 663806 0 0 0
542 686729 L 194 7 0 0 129 1 14 54 0 686086 0 0 212 0 12 0 1 19 0 0 0
543 613277 L 0 0 0 0 215 5 0 0 0 612702 18 0 0 3 0 100 0 6 189 1 38
544 631123 V 112 1 58 0 106 25 0 140 1 20 0 0 0 0 0 19 5 630636 0 0 0
545 607831 S 32 19 0 0 70 0 0 0 0 40 0 0 319 0 0 607219 35 0 0 97 0
546 769471 L 0 0 0 0 0 2 0 0 0 768436 372 0 462 45 48 2 0 16 86 0 2
547 756113 G 30 0 1 111 0 754925 1 0 1 2 0 0 1 0 134 0 0 511 396 0 0
548 603201 A 602521 4 0 94 0 121 0 0 1 0 2 2 25 32 0 94 173 132 0 0 0
549 621445 I 0 0 0 0 45 1 0 621102 0 3 15 33 0 1 0 15 129 101 0 0 0
550 628916 S 0 22 0 0 0 161 0 98 0 1 0 85 0 2 49 628486 10 2 0 0 0
551 677303 F 0 1 1 0 676953 6 0 31 0 164 0 0 1 0 0 97 0 8 0 41 0
552 681852 W 0 126 3 1 1 66 0 0 0 133 0 0 0 1 201 25 0 1 681058 1 235
553 641728 M 0 0 0 1 0 5 0 208 41 49 641239 0 0 0 11 0 70 104 0 0 0
554 614473 C 0 614065 1 0 79 30 0 0 0 1 0 1 0 0 69 60 1 1 6 126 33
555 658730 S 6 24 0 0 61 0 1 0 0 3 0 0 81 0 0 658438 33 3 0 74 6
556 659536 N 0 0 117 0 2 9 6 44 97 0 9 659165 0 0 0 63 9 0 0 12 3
557 569757 G 23 0 0 65 0 569213 0 0 0 0 0 0 0 1 120 0 0 122 213 0 0
558 544028 S 5 17 0 0 72 0 0 0 0 3 0 0 74 1 0 543727 51 21 0 57 0
559 571094 L 0 53 1 0 147 0 0 0 0 570718 21 0 0 1 0 118 0 7 6 0 22
560 514918 Q 1 0 0 48 0 1 74 0 55 23 0 0 14 514299 139 0 0 0 0 0 264
561 366209 C 0 365879 0 0 65 6 0 0 0 1 0 0 0 1 45 40 0 0 9 125 38
562 434646 R 11 0 0 0 0 94 0 79 63 1 0 4 0 0 434328 24 13 3 0 0 26
563 512533 I 0 0 0 16 0 0 0 512202 21 39 114 1 0 0 3 0 62 75 0 0 0
564 517538 C 0 517069 0 0 105 2 15 0 0 0 0 0 0 0 75 52 0 0 20 142 58
565 474977 I 0 0 0 0 29 0 0 474760 0 8 11 27 0 0 0 3 63 75 0 0 1
