# nucleotide counts
# upper case indicates nucleotide called by both reads
# lower case indicates nucleotide called by one read with other ambiguous
# N indicates disagreement between reads, or both ambiguous
# POSITION WT COUNTS A T C G a t c g N
1 A 411794 411460 26 9 39 3 0 0 0 257
2 T 413029 36 412415 49 3 0 1 0 0 525
3 G 414005 68 116 8 413517 0 0 0 0 296
4 A 415234 414816 23 6 58 2 0 0 0 329
5 A 419237 418883 33 16 71 1 0 0 0 233
6 G 428802 72 132 9 428264 0 0 0 5 320
7 G 429758 41 81 19 429131 0 0 0 6 480
8 C 440249 57 63 439717 39 0 0 5 0 368
9 A 439553 439208 16 17 63 10 0 0 0 239
10 A 447000 446488 13 1 39 1 0 0 0 458
11 A 449841 449582 8 14 38 1 0 0 0 198
12 A 454524 453783 22 23 42 2 0 0 0 652
13 C 466390 29 45 466004 7 0 0 7 0 298
14 T 476145 30 475643 101 3 0 10 0 0 358
15 A 475463 474309 47 13 64 5 0 0 0 1025
16 C 495632 37 52 495294 7 0 0 6 0 236
17 T 504534 53 504030 79 12 0 10 0 0 350
18 G 516931 107 264 20 516263 0 0 0 13 264
19 G 569531 91 120 17 569032 0 0 0 10 261
20 T 625841 72 624039 110 21 0 38 0 0 1561
21 C 632804 81 81 632284 25 0 0 6 0 327
22 C 675409 119 60 674744 11 0 0 15 0 460
23 T 671474 60 670478 295 84 0 22 0 0 535
24 G 842172 248 287 41 841125 0 0 0 31 440
25 T 827688 61 826364 179 41 0 84 0 0 959
26 T 842016 54 840991 131 129 0 45 0 0 666
27 A 850121 848771 192 12 179 17 0 0 0 950
28 T 740565 59 740005 163 8 0 24 0 0 306
29 A 752081 750492 78 11 759 20 0 0 0 721
30 T 737927 83 737248 171 25 0 8 0 0 392
31 G 736823 229 345 53 735583 0 0 0 39 574
32 C 752045 83 170 751385 41 0 0 18 0 348
33 A 663751 663218 30 35 105 12 0 0 0 351
34 T 654681 71 654204 138 12 0 3 0 0 253
35 T 651427 39 650797 154 18 0 5 0 0 414
36 T 652914 41 652202 86 15 0 10 0 0 560
37 G 654054 92 187 11 653423 0 0 0 6 335
38 T 654711 74 653749 208 5 0 3 0 0 672
39 A 655065 654509 12 3 136 8 0 0 0 397
40 G 656368 59 167 19 655858 0 0 0 4 261
41 C 655442 73 41 654255 15 0 0 4 0 1054
42 T 649547 18 648978 171 7 0 6 0 0 367
43 A 654596 653634 53 11 91 2 0 0 0 805
44 C 645704 61 81 645348 14 0 0 2 0 198
45 A 642205 641522 40 37 146 6 0 0 0 454
46 G 650846 45 135 14 650160 0 0 0 3 489
47 A 657300 656474 40 3 84 8 0 0 0 691
48 T 660693 33 660032 114 8 0 3 0 0 503
49 G 658411 155 153 19 657530 0 0 0 2 552
50 C 653504 70 131 653041 42 0 0 1 0 219
51 A 652142 650987 55 19 216 4 0 0 0 861
52 G 664188 81 193 17 663597 0 0 0 5 295
53 A 661538 660576 46 9 86 13 0 0 0 808
54 C 671706 63 82 671031 43 0 0 5 0 482
55 A 659675 658732 66 16 111 22 0 0 0 728
56 C 779405 85 84 778825 22 0 0 13 0 376
57 A 782377 781576 69 41 158 49 0 0 0 484
58 A 800396 799768 66 36 104 13 0 0 0 409
59 T 791855 73 791081 105 38 1 25 0 0 532
60 A 873391 872196 64 13 192 29 0 0 0 897
61 T 890417 66 889367 135 40 0 55 0 0 754
62 G 944227 276 411 32 942773 0 0 0 13 722
63 T 919158 111 916672 281 25 0 77 0 0 1992
64 A 949082 948338 74 6 209 30 0 0 0 425
65 T 888856 95 887349 204 32 0 40 0 0 1136
66 A 882779 881924 72 58 239 13 0 0 0 473
67 G 877885 129 330 31 876646 0 0 0 58 691
68 G 803579 116 203 24 802819 0 0 0 19 398
69 C 771286 135 66 770264 33 0 0 36 0 752
70 T 763205 26 762595 210 16 0 14 0 0 344
71 A 709057 705790 65 23 117 10 0 0 0 3052
72 C 712902 61 101 712494 27 0 0 6 0 213
73 C 696857 110 73 695647 21 0 0 5 0 1001
74 A 699785 699172 34 20 112 1 0 0 0 446
75 T 695274 44 694374 117 9 0 5 0 0 725
76 G 697301 135 113 16 696562 0 0 0 2 473
77 C 724084 82 147 722898 42 1 0 4 0 910
78 G 730011 168 200 30 728929 0 0 0 4 680
79 A 742787 741875 44 8 77 3 0 0 0 780
80 A 739337 738460 57 15 106 2 0 0 0 697
81 C 749576 50 90 748704 32 0 0 2 0 698
82 A 743979 743385 25 13 85 5 0 0 0 466
83 A 757566 755667 60 8 85 6 0 0 0 1740
84 C 760380 46 60 759651 13 0 0 7 0 603
85 T 760878 65 759467 159 9 0 6 0 0 1172
86 C 766261 78 64 765594 25 0 0 6 0 494
87 A 774992 774151 14 17 105 6 0 0 0 699
88 A 778509 776765 44 9 107 13 0 0 0 1571
89 C 797018 111 119 796310 35 0 0 9 0 434
90 C 782964 124 164 782285 26 0 0 8 0 357
91 G 784978 258 256 30 784106 0 0 0 12 316
92 A 769210 768484 57 25 111 7 0 0 0 526
93 C 772164 84 129 771389 55 0 0 5 0 502
94 A 773795 772872 68 14 121 14 0 0 0 706
95 C 794035 58 54 793288 20 0 0 22 0 593
96 T 753081 49 752431 133 14 0 16 0 0 438
97 G 935221 209 256 44 933598 0 0 0 17 1097
98 T 928971 89 927919 122 34 0 27 0 0 780
99 T 932633 104 931638 280 36 0 27 0 0 548
100 G 932041 258 324 40 930798 0 0 0 33 588
101 A 918825 917470 120 43 152 20 0 0 0 1020
102 C 940210 101 194 939001 63 0 0 30 0 821
103 A 907411 905756 132 30 130 56 0 0 0 1307
104 C 888620 81 116 887143 23 0 0 40 0 1217
105 A 696612 695972 57 64 144 22 0 0 0 353
106 A 687647 686974 75 33 100 14 0 0 0 451
107 T 696977 68 696384 145 26 0 11 0 0 343
108 A 709961 707918 78 14 106 11 0 0 0 1834
109 C 685818 60 53 685266 22 0 0 11 0 406
110 T 665084 56 664471 91 16 0 18 0 0 432
111 C 625032 103 120 624555 16 0 0 9 0 229
112 G 633459 182 185 20 632589 0 0 0 7 476
113 A 624343 623849 53 5 119 9 0 0 0 308
114 G 631872 112 173 19 630922 0 0 0 4 642
115 A 615929 615561 20 5 86 6 0 0 0 251
116 A 615890 615268 19 8 103 9 0 0 0 483
117 G 626140 101 157 16 625626 0 0 0 8 232
118 A 618812 618102 18 6 97 10 0 0 0 579
119 A 625548 625066 32 7 93 3 0 0 0 347
120 T 616830 37 616266 93 10 0 8 0 0 416
121 G 614663 111 152 17 614046 0 0 0 6 331
122 T 610639 60 609566 96 23 0 5 0 0 889
123 G 613006 136 128 20 612254 0 0 0 3 465
124 G 646420 94 115 22 645690 0 0 0 14 485
125 C 651875 85 190 651226 23 0 0 9 0 342
126 A 630412 629496 44 21 107 17 0 0 0 727
127 G 632689 84 80 33 632213 0 0 0 6 273
128 T 621321 56 619463 94 10 0 9 0 0 1689
129 G 655699 164 157 29 655007 0 0 0 7 335
130 A 637907 637030 55 25 101 6 0 0 0 690
131 C 645362 58 112 644685 32 0 0 4 0 471
132 A 628519 627358 75 18 120 17 0 0 0 931
133 C 633388 61 106 632818 14 0 0 8 0 381
134 A 641321 640552 38 37 94 18 0 0 0 582
135 T 632416 54 631933 188 8 0 7 0 0 226
136 T 601150 32 600226 82 33 0 21 0 0 756
137 C 713462 78 79 712989 28 0 0 20 0 268
138 T 671572 48 670247 173 14 0 46 0 0 1044
139 G 674297 178 168 19 673345 0 0 0 4 583
140 T 680690 55 679975 108 21 0 24 0 0 507
141 T 658493 64 657763 284 16 0 28 0 0 338
142 A 648757 648156 46 7 115 11 0 0 0 422
143 A 646798 645095 41 35 58 9 0 0 0 1560
144 C 558256 29 87 557450 14 0 0 49 0 627
145 C 554968 81 67 554521 9 0 0 18 0 272
146 T 409472 24 409009 109 7 0 1 0 0 322
147 G 450929 143 113 7 450257 0 0 0 7 402
148 C 535119 55 41 534511 35 0 0 15 0 462
149 T 536446 42 535579 74 3 0 5 0 0 743
150 C 527815 83 105 527169 14 0 0 3 0 441
151 G 522635 112 156 18 522071 0 0 0 5 273
152 A 530086 529638 37 5 55 5 0 0 0 346
153 A 531246 530562 20 12 104 9 0 0 0 539
154 G 571604 87 155 13 570565 0 0 0 3 781
155 A 557825 556224 34 7 104 5 0 0 0 1451
156 C 570790 63 142 569982 32 0 0 7 0 564
157 A 579991 579477 24 12 157 10 0 0 0 311
158 G 578448 152 157 25 577700 0 0 0 5 409
159 C 597902 75 134 597255 42 0 0 12 0 384
160 C 593152 79 65 592447 28 0 0 5 0 528
161 A 589931 589043 48 26 77 4 0 0 0 733
162 C 602225 65 81 601838 24 0 0 7 0 210
163 A 598960 598387 19 31 123 18 0 0 0 382
164 A 632491 631779 27 11 78 5 0 0 0 591
165 C 629897 63 176 629176 39 0 0 22 0 421
166 G 609583 139 332 47 608630 0 0 0 2 433
167 G 606740 89 112 26 606242 0 0 0 7 264
168 G 600485 142 166 22 599924 0 0 0 10 221
169 A 602139 601656 27 4 123 20 0 0 0 309
170 A 601502 600910 22 11 109 3 0 0 0 447
171 A 594754 594071 49 54 101 26 0 0 0 453
172 C 598455 45 66 597941 22 0 0 14 0 367
173 T 540996 33 540481 138 9 0 9 0 0 326
174 A 547286 546780 70 6 73 3 0 0 0 354
175 T 533186 49 532688 74 21 0 9 0 0 345
176 G 531664 110 207 8 531080 0 0 0 9 250
177 T 530880 80 530039 161 35 0 11 0 0 554
178 A 486276 485217 28 19 103 4 0 0 0 905
179 A 491698 491191 38 15 79 8 0 0 0 367
180 A 487810 487224 41 20 74 5 0 0 0 446
181 T 481835 81 481232 134 21 0 15 0 0 352
182 T 474144 46 473776 106 10 0 3 0 0 203
183 A 450494 449965 112 8 88 1 0 0 0 320
184 A 451067 450722 25 8 63 7 0 0 0 242
185 A 451525 451101 20 8 92 1 0 0 0 303
186 A 347934 347285 18 26 340 1 0 0 0 264
187 G 361362 62 124 10 360981 0 0 0 2 183
188 G 388245 92 92 19 387411 0 0 0 9 622
189 A 382942 382462 32 9 84 12 0 0 0 343
190 A 382631 382202 42 5 67 1 0 0 0 314
191 T 420733 71 420234 80 1 0 5 0 0 342
192 A 440051 439658 38 6 150 10 0 0 0 189
193 G 450178 88 123 45 449554 0 0 0 11 357
194 C 471387 59 43 470980 53 0 0 14 0 238
195 C 468661 67 68 468072 27 0 0 14 0 413
196 C 428549 246 44 428029 37 0 0 7 0 186
197 C 437151 143 59 436622 20 0 0 7 0 300
198 A 439743 438463 34 53 75 20 0 0 0 1098
199 C 467634 51 47 467095 5 0 0 5 0 431
200 T 466221 48 465698 147 5 0 13 0 0 310
201 A 464050 463286 63 22 84 14 0 0 0 581
202 C 485392 55 87 485040 19 0 0 14 0 177
203 A 482741 482272 36 30 65 9 0 0 0 329
204 A 493383 492822 43 10 66 12 0 0 1 429
205 T 475559 48 474837 61 10 0 6 0 0 597
206 T 453205 18 452766 79 22 0 16 0 0 304
207 G 459867 54 227 13 459269 0 0 0 6 298
208 G 441538 59 344 15 440934 0 0 0 3 183
209 G 453459 84 115 19 452970 0 0 0 4 267
210 G 451272 79 91 16 450702 0 0 0 5 379
211 A 445608 445094 25 3 136 1 0 0 0 349
212 A 449807 449394 25 4 65 4 0 0 0 315
213 A 450688 450258 67 7 70 12 0 0 0 274
214 T 472078 25 471546 58 15 0 12 0 0 422
215 G 468791 90 147 21 468224 0 0 0 2 307
216 T 477526 50 476395 119 12 0 6 0 0 944
217 A 483285 482831 5 3 112 11 0 0 0 323
218 A 485534 485035 25 19 67 6 0 0 0 382
219 C 492450 60 60 492008 13 0 0 6 0 303
220 A 489679 489170 38 10 60 19 0 0 0 382
221 T 511519 29 510878 75 10 0 6 0 0 521
222 C 515682 61 77 515149 14 0 0 12 0 369
223 A 503743 502246 25 15 77 6 0 0 0 1374
224 C 512717 26 88 512369 17 0 0 3 0 214
225 C 509822 92 127 509370 24 0 0 9 0 200
226 G 531379 152 147 16 530828 0 0 0 9 227
227 G 533033 107 105 13 532488 0 0 0 13 307
228 A 527981 527279 44 6 145 11 0 0 0 496
229 T 520275 31 519502 69 7 0 5 0 0 661
230 G 502709 89 129 17 502189 0 0 0 7 278
231 G 542050 109 106 22 541527 0 0 0 13 273
232 C 574019 93 76 573324 52 0 0 21 0 453
233 T 577638 37 576891 132 4 0 19 0 0 555
234 C 588580 97 88 588028 9 0 0 7 0 351
235 T 565027 31 564386 183 9 0 15 0 0 403
236 T 545964 40 545417 111 25 0 18 0 0 353
237 G 519040 119 286 18 518331 0 0 0 9 277
238 G 519549 90 147 30 518644 0 0 0 26 612
239 G 688171 168 140 24 687387 0 0 0 17 435
240 A 626657 625651 41 8 164 4 0 0 0 789
241 A 598067 597709 12 17 88 5 0 0 0 236
242 A 619543 619031 67 14 77 11 0 0 0 343
243 T 617454 54 616667 157 6 0 11 0 1 558
244 C 658825 53 61 658181 21 0 0 11 0 498
245 C 654487 93 116 653903 35 0 0 11 0 329
246 A 632469 631309 40 36 253 9 0 0 0 822
247 G 662381 105 132 15 661864 0 0 0 10 255
248 A 642044 641295 30 4 90 14 0 0 0 611
249 A 674807 674209 29 10 109 6 0 0 0 444
250 T 682417 40 681703 91 7 0 15 0 0 561
251 G 681229 108 128 17 680493 0 0 0 5 478
252 C 677354 72 300 676562 51 0 0 13 0 356
253 G 676787 188 219 22 675927 0 0 0 12 419
254 A 688943 687324 70 7 114 18 0 0 0 1410
255 C 695463 53 97 694888 21 0 0 7 0 397
256 T 686639 59 685952 144 7 0 17 0 0 460
257 C 699977 110 104 699458 27 0 0 9 0 269
258 A 684407 683312 57 23 67 11 0 0 0 937
259 C 686787 42 80 686327 10 0 0 6 0 322
260 T 677446 45 676845 90 8 0 9 0 0 449
261 G 676346 201 121 25 675704 0 0 0 14 281
262 C 648671 71 80 647976 25 0 0 17 0 502
263 T 633951 25 633369 114 10 0 5 0 0 428
264 T 634482 64 633643 152 5 0 5 0 0 613
265 C 624414 91 85 623823 26 0 0 13 0 376
266 C 621712 78 143 621011 22 0 0 9 0 449
267 A 611482 610925 24 26 157 10 0 0 0 340
268 G 606026 61 139 20 604987 0 0 0 12 807
269 C 609969 71 205 609329 28 0 0 13 0 323
270 G 547500 149 148 18 546023 0 0 0 5 1157
271 A 524642 524192 34 7 92 5 0 0 0 312
272 G 528395 74 120 16 527600 0 0 0 1 584
273 A 525831 525007 28 11 88 6 0 0 0 691
274 T 533215 32 532623 82 3 0 5 0 0 470
275 C 498453 56 56 497958 18 0 0 2 0 363
276 A 495360 494926 42 16 104 2 0 0 0 270
277 T 500051 42 499781 66 5 0 5 0 0 152
278 G 535146 118 187 14 534446 0 0 0 14 367
279 G 663640 121 128 25 662975 0 0 0 19 372
280 T 549533 60 548275 93 9 0 62 0 0 1034
281 C 522865 52 66 522444 19 0 0 4 0 280
282 C 521392 97 49 521037 13 0 0 18 0 178
283 T 601350 54 600651 177 18 0 30 0 0 420
284 A 639644 638700 65 10 119 22 0 0 0 728
285 C 643924 53 90 643081 37 0 0 18 0 645
286 A 655904 655110 30 28 90 32 2 0 0 612
287 T 670651 44 670239 93 8 0 18 0 0 249
288 T 585466 29 584776 110 13 0 12 0 0 526
289 G 605396 139 186 20 604858 0 0 0 10 183
290 T 605582 58 604421 106 26 0 10 0 0 961
291 A 604165 603647 57 9 133 16 0 0 0 303
292 G 606565 122 180 18 605939 0 0 0 4 302
293 A 578612 578197 32 14 77 8 0 0 0 284
294 A 616244 615727 20 13 142 4 0 0 0 338
295 A 617536 616923 15 44 103 6 0 0 0 445
296 C 623705 55 135 622197 18 0 0 4 0 1296
297 A 627399 625555 55 34 80 9 0 0 0 1666
298 C 621929 56 71 621084 10 0 0 5 0 703
299 C 614871 108 67 614468 20 0 0 3 0 205
300 A 617145 616717 19 30 79 6 0 0 0 294
301 A 636409 635822 21 4 87 3 0 0 0 472
302 A 645416 644162 16 61 66 3 0 0 0 1108
303 C 648604 37 78 647911 19 0 0 8 0 551
304 T 663797 24 663067 106 12 0 6 0 0 582
305 C 665247 91 39 664825 16 0 0 0 0 276
306 T 659005 29 658333 204 9 0 3 0 0 427
307 G 665541 141 168 25 664700 0 0 0 4 503
308 A 666638 665872 58 3 176 3 0 0 0 526
309 G 700432 120 170 23 699314 0 0 0 11 794
310 A 696020 695403 33 9 132 13 0 0 0 430
311 A 680761 680288 33 16 98 3 0 0 0 323
312 T 680573 67 679834 99 15 0 5 0 0 553
313 G 696938 115 212 16 696238 0 0 0 15 342
314 G 711272 94 155 24 710134 0 0 0 13 852
315 A 702640 701753 53 7 212 9 0 0 0 606
316 G 705219 160 136 29 704562 0 0 0 12 320
317 C 701965 78 130 701437 42 0 0 8 0 270
318 A 725080 724419 47 27 110 10 0 0 0 467
319 T 727062 52 726376 80 10 0 13 0 0 531
320 G 718744 160 176 20 717275 0 0 0 18 1095
321 T 722287 96 721639 108 25 0 26 0 0 393
322 T 683965 28 683176 109 17 0 21 0 0 614
323 A 724182 723555 59 20 90 14 0 0 0 444
324 T 722102 72 721289 180 12 0 27 0 0 522
325 C 714333 87 74 713458 27 0 0 39 0 648
326 C 707563 123 152 706616 38 0 0 15 0 619
327 A 608575 607863 36 40 198 18 0 0 0 420
328 G 486957 51 131 18 486296 0 0 0 14 447
329 G 486671 75 112 11 486241 0 0 0 4 228
330 A 470818 470024 32 5 134 14 0 0 0 609
331 G 516086 102 105 10 515561 0 0 0 16 292
332 A 496162 495587 28 9 87 5 0 0 0 446
333 T 532698 19 532058 84 15 0 8 0 0 514
334 C 571385 73 57 571004 18 0 0 0 0 233
335 T 566226 57 565313 168 6 0 19 0 0 663
336 C 572218 57 90 571740 15 0 0 7 0 309
337 A 573391 572765 52 12 79 8 0 0 0 475
338 T 562691 63 561824 89 5 0 6 0 0 704
339 C 582174 76 172 581592 28 0 0 5 0 301
340 G 595308 252 195 16 594057 0 0 0 2 786
341 A 644095 643126 63 12 99 17 0 0 0 778
342 C 656203 57 80 655548 20 0 0 19 0 479
343 T 639616 19 639130 144 14 0 7 0 0 302
344 A 683030 682460 37 5 97 12 0 0 0 419
345 T 669151 60 668524 101 11 0 31 0 0 424
346 G 672020 119 199 18 671212 0 0 0 11 461
347 A 669320 668671 49 9 187 8 0 0 0 396
348 G 671863 99 262 19 671086 0 0 0 24 373
349 G 680207 102 146 16 679533 0 0 0 11 399
350 A 659546 658847 44 6 103 5 0 0 0 541
351 A 650777 650108 41 5 102 12 0 0 0 509
352 C 641783 61 47 641251 19 0 0 7 0 398
353 T 610714 27 610218 132 6 0 8 0 0 323
354 G 607000 125 185 32 606194 0 0 0 4 460
355 A 603284 602777 38 12 123 2 0 0 0 332
356 G 600626 90 338 27 599897 0 0 0 8 266
357 G 600384 98 158 14 599721 0 0 0 6 387
358 G 570871 181 101 29 570139 0 0 0 0 421
359 A 563093 561970 29 7 139 3 0 0 0 945
360 G 560920 74 65 21 560291 0 0 0 3 466
361 C 558856 55 216 557975 24 0 0 6 0 580
362 A 542429 541592 38 7 79 6 0 0 0 707
363 A 536339 535880 39 7 66 5 0 0 0 342
364 T 534756 29 533882 46 6 0 5 0 0 788
365 T 526945 34 526542 57 9 0 12 0 0 291
366 G 528375 156 173 18 527611 0 0 0 9 408
367 A 447203 446733 22 13 107 4 0 0 0 324
368 G 471183 81 102 20 470630 0 0 0 11 339
369 C 467334 51 45 466929 14 0 0 12 0 283
370 T 433884 13 433366 74 13 0 9 0 0 409
371 C 449974 89 73 449581 26 0 0 9 0 196
372 A 366175 365763 30 14 74 15 0 0 0 279
373 G 459630 76 88 13 459148 0 0 0 15 290
374 T 477127 39 476243 100 4 1 23 0 0 717
375 A 465383 464747 27 6 86 9 0 0 0 508
376 T 464260 36 464000 54 5 0 14 0 0 151
377 C 444050 46 50 443652 15 0 0 11 0 276
378 A 459035 458477 44 7 84 30 0 0 0 393
379 T 489645 36 489185 103 12 0 15 0 0 294
380 C 486741 49 53 485797 23 0 0 53 0 766
381 A 494853 494344 43 19 79 13 0 0 0 355
382 T 432586 18 432153 75 18 0 11 0 0 311
383 T 443819 9 443533 77 5 0 10 0 0 185
384 A 440984 440650 32 8 105 12 0 0 0 177
385 G 478603 90 154 21 477891 0 0 0 1 446
386 A 479035 478595 30 5 68 6 0 0 0 331
387 A 494756 494281 20 6 70 7 0 0 0 372
388 A 461655 461093 30 16 97 6 0 0 0 413
389 G 461782 66 105 7 461445 0 0 0 4 155
390 A 477973 477184 24 4 63 4 0 0 0 694
391 T 480626 20 480307 63 4 0 1 0 0 231
392 T 501822 23 501150 60 6 0 4 0 0 579
393 C 494658 66 86 494302 22 0 0 8 0 174
394 G 494783 109 123 16 494171 0 0 0 4 360
395 A 501576 501272 33 3 49 2 0 0 0 217
396 A 501747 501361 22 8 59 7 0 0 0 290
397 A 510017 509501 25 12 67 0 0 0 0 412
398 T 502519 34 502043 50 1 0 6 0 0 385
399 A 500039 499381 37 4 61 4 0 0 0 552
400 T 518448 43 518046 67 4 0 3 0 0 285
401 T 518093 42 517741 78 5 0 2 0 0 225
402 T 521654 49 520887 125 11 0 6 0 0 576
403 C 528452 66 76 528100 22 0 0 7 0 181
404 C 523885 85 55 523198 29 0 0 1 0 517
405 C 530959 237 85 530400 18 0 0 2 0 217
406 A 530116 529719 32 18 86 0 0 0 0 261
407 A 518970 518542 30 8 90 6 0 0 0 294
408 G 571138 98 318 13 570459 0 0 0 9 241
409 G 572444 80 134 21 571632 0 0 0 24 553
410 A 564005 563378 69 14 139 3 0 0 0 402
411 A 564698 564231 27 17 97 4 0 0 0 322
412 A 530737 529767 13 12 206 10 0 0 0 729
413 G 596464 113 193 13 595895 0 0 0 14 236
414 T 607982 38 606333 109 29 0 31 0 0 1442
415 T 601975 42 601334 99 6 0 14 0 0 480
416 C 603090 73 106 602367 26 0 0 13 0 505
417 A 535039 534570 32 34 140 12 0 0 0 251
418 T 561114 70 560543 101 9 0 16 0 0 375
419 G 567689 133 171 12 567081 0 0 0 4 288
420 G 516782 101 103 32 515895 0 0 0 24 627
421 C 521661 80 110 520983 68 0 0 15 0 405
422 C 408897 61 67 408519 17 0 0 7 0 226
423 C 412333 129 77 411871 14 0 0 8 0 234
424 A 406681 406332 33 11 80 12 0 0 0 213
425 A 424023 423318 31 15 52 8 0 0 0 599
426 C 430274 44 46 429920 8 0 0 9 0 247
427 C 429313 78 78 428815 20 0 0 7 0 315
428 A 393297 392663 40 16 41 6 0 0 0 531
429 C 376821 39 55 376554 13 0 0 5 0 155
430 A 372492 371666 27 10 68 8 0 0 0 713
431 C 374610 28 54 374187 5 0 0 6 0 330
432 A 374742 374358 27 8 37 6 0 0 0 306
433 T 374492 15 374191 57 7 0 4 0 0 218
434 T 365417 19 365182 49 2 0 4 0 0 161
435 C 368180 29 43 367888 18 0 0 2 0 200
436 A 364702 364322 12 7 68 1 0 0 0 292
437 A 366629 366224 14 6 52 2 0 0 0 331
438 C 357127 29 125 356735 6 0 0 2 0 230
439 G 344637 81 91 13 344144 0 0 0 3 305
440 G 355317 57 66 8 355012 0 0 0 1 173
441 A 345233 344794 22 1 83 7 0 0 0 326
442 G 348638 66 38 11 348296 0 0 0 0 227
443 T 351025 18 349639 60 8 0 9 0 0 1291
444 A 340800 340506 10 2 63 5 0 0 0 214
445 A 358080 357765 26 10 48 5 0 0 0 226
446 C 349193 42 69 348898 14 0 0 10 0 160
447 A 369107 368629 32 13 107 20 0 0 0 306
448 G 381885 66 127 12 381477 0 0 0 12 191
449 T 337125 40 336232 105 4 0 19 0 0 725
450 A 348865 348592 25 1 66 11 0 0 0 170
451 T 372597 30 372242 52 9 0 9 0 0 255
452 C 364172 43 40 363794 13 0 0 8 0 274
453 A 364996 364700 36 9 117 5 0 0 0 129
454 T 351248 40 350701 69 12 0 7 0 0 419
455 G 343309 72 59 12 342921 0 0 0 15 230
456 C 347052 26 51 346723 19 0 0 2 0 231
457 T 333414 28 332814 122 1 0 12 0 0 437
458 C 360357 50 78 360001 12 0 0 6 0 210
459 C 349042 52 41 348671 11 0 0 9 0 258
460 C 351916 211 53 351440 18 0 0 3 0 191
461 A 375432 374961 76 87 62 10 0 0 0 236
462 T 356634 149 356035 72 13 0 6 0 0 359
463 A 352323 351811 118 5 187 6 0 0 0 196
464 G 376763 187 394 5 375782 0 0 0 5 390
465 G 382231 61 434 9 381437 0 0 0 19 271
466 G 387609 68 90 16 387124 0 0 0 6 305
467 G 382772 240 66 15 382154 0 0 0 6 291
468 A 381998 381409 15 1 279 1 0 0 0 293
469 A 380938 380575 14 7 103 3 0 0 0 236
470 A 398194 397897 12 9 51 4 0 0 0 221
471 A 403993 403557 28 1 80 4 0 0 0 323
472 A 403939 403284 10 19 340 5 0 0 0 281
473 G 404340 171 81 126 403726 0 0 0 2 234
474 C 413760 67 105 413270 82 0 0 2 0 234
475 A 414419 413890 18 66 107 2 0 0 0 336
476 G 459076 115 95 4 458460 0 0 0 4 398
477 T 458074 28 457202 58 121 0 8 0 0 657
478 T 458781 13 458485 66 5 0 2 0 0 210
479 T 456487 10 456193 54 7 0 5 0 0 218
480 T 453491 24 453160 87 5 0 3 0 0 212
481 T 473185 62 472518 91 2 0 6 0 0 506
482 A 472697 472047 59 54 57 5 0 0 0 475
483 C 473732 87 99 472929 17 0 0 5 0 595
484 A 463692 463259 36 24 172 3 0 0 0 198
485 G 480491 140 139 4 480011 0 0 0 5 192
486 A 478522 477997 23 7 93 5 0 0 0 397
487 A 500897 500454 18 10 73 10 0 0 0 332
488 A 502648 502051 40 9 67 10 0 0 0 471
489 T 460676 23 460199 63 7 0 6 0 0 378
490 T 462080 18 461757 88 9 0 5 0 0 203
491 T 468073 34 467584 99 18 0 5 0 0 333
492 G 468983 105 150 32 468320 0 0 0 15 361
493 C 468422 55 95 467800 22 0 0 4 0 446
494 T 435065 22 434705 86 6 0 9 0 0 237
495 A 419511 419019 37 3 80 4 0 0 0 368
496 T 429257 36 428909 54 21 0 5 0 0 232
497 G 417117 332 100 13 416396 0 0 0 5 271
498 G 422960 67 59 11 422508 0 0 0 22 293
499 C 398036 66 83 397304 19 0 0 10 0 554
500 T 380538 23 380269 77 6 0 4 0 0 159
501 G 400004 163 140 17 399280 0 0 0 4 400
502 A 401130 400638 24 2 93 9 0 0 0 364
503 C 391120 43 141 390530 25 0 0 4 0 377
504 G 401352 112 134 16 400833 0 0 0 6 251
505 A 396056 395413 13 5 99 7 0 0 0 519
506 A 392063 391691 21 6 72 10 0 0 0 263
507 G 339732 105 119 6 339113 0 0 0 4 385
508 A 337505 337134 20 3 102 10 0 0 0 236
509 A 350809 350476 15 12 81 4 0 0 0 221
510 G 363550 110 341 8 362874 0 0 0 3 214
511 G 365270 69 186 22 364765 0 0 0 15 213
512 G 364194 69 248 11 363541 0 0 0 6 319
513 G 347666 58 196 19 347187 0 0 0 7 199
514 G 352610 148 54 10 352177 0 0 0 5 216
515 A 344184 343494 31 0 97 7 0 0 0 555
516 T 360394 20 359952 64 7 0 8 0 0 343
517 T 367950 38 367508 86 1 0 16 0 0 301
518 C 368100 46 75 367700 25 0 0 2 0 252
519 A 370813 370528 27 16 86 4 0 0 0 152
520 T 367950 35 367566 81 8 0 4 0 0 256
521 A 383245 382123 29 8 69 8 0 0 0 1008
522 C 386970 64 53 386484 14 0 0 10 0 345
523 C 377844 82 38 377470 13 0 0 16 0 225
524 C 373412 151 30 372928 15 0 0 2 0 286
525 A 345480 345141 18 27 36 11 0 0 0 247
526 A 421415 420983 24 4 50 8 0 0 0 346
527 A 423028 422343 10 10 175 5 0 0 0 485
528 G 433508 51 77 28 433001 0 0 0 15 336
529 C 435639 50 38 435326 10 0 0 3 0 212
530 T 403077 11 402733 84 15 0 1 0 0 233
531 G 474256 108 160 24 473567 0 0 0 6 391
532 A 479631 478653 45 3 88 7 0 0 0 835
533 C 533481 36 65 532510 23 0 0 9 0 838
534 C 529342 106 73 528859 15 0 0 2 0 287
535 A 520372 519859 31 17 90 11 0 0 0 364
536 A 584625 584209 36 6 54 9 0 0 0 311
537 T 589423 42 588866 127 9 0 23 0 0 356
538 T 598658 49 597318 119 5 0 13 0 0 1154
539 C 603706 66 85 603171 21 0 0 13 0 350
540 C 580429 68 61 579594 22 0 0 12 0 672
541 T 583414 31 582940 169 10 0 6 0 0 258
542 A 583828 583364 46 9 87 8 0 0 0 314
543 T 600011 46 599301 72 15 0 18 0 0 559
544 G 630121 177 128 17 629514 0 0 0 17 268
545 T 574917 74 574043 119 18 0 10 0 0 653
546 G 575984 102 137 25 575402 0 0 0 6 312
547 A 572439 572071 32 15 86 6 0 0 0 229
548 A 570213 569568 45 15 95 3 0 0 0 487
549 C 590705 37 73 590325 18 0 0 6 0 246
550 A 573465 572879 23 27 72 14 0 0 0 450
551 A 578666 578120 37 7 62 8 0 0 0 432
552 T 579884 79 579454 81 6 0 8 0 0 256
553 A 566429 565884 51 8 92 10 0 0 0 384
554 A 614613 614240 44 12 84 7 0 0 0 226
555 A 608260 607403 27 25 214 1 0 0 0 590
556 G 603092 105 434 15 602196 0 0 0 11 331
557 G 615676 111 162 12 614602 0 0 0 10 779
558 G 596383 130 102 26 595737 0 0 0 10 378
559 A 587243 586524 40 9 162 5 0 0 0 503
560 A 585215 584611 26 13 109 6 0 0 0 450
561 A 583309 582659 29 21 192 0 0 0 0 408
562 G 589446 96 144 10 588296 0 0 0 9 891
563 A 571858 571288 45 5 76 6 0 0 0 438
564 A 553082 552516 15 12 94 5 0 0 0 440
565 G 519863 138 92 10 519358 0 0 0 5 260
566 T 560558 44 558941 108 14 0 16 0 0 1435
567 C 581465 65 89 580900 14 0 0 21 0 376
568 C 582673 89 57 582187 15 0 0 4 0 321
569 T 588814 51 588190 169 15 0 8 0 0 381
570 T 522849 44 522437 103 29 0 16 0 0 220
571 G 556755 175 159 14 556214 0 0 0 11 182
572 T 564576 40 563608 110 21 0 21 0 0 776
573 A 597312 596320 47 15 103 22 0 0 0 805
574 C 599318 53 75 598609 13 0 0 25 0 543
575 T 553187 24 552752 82 16 0 15 0 0 298
576 A 579270 578798 43 13 87 13 0 0 0 316
577 T 571981 47 571291 75 12 0 9 0 0 547
578 G 590518 89 229 18 589857 0 0 0 19 306
579 G 698312 81 467 29 697269 0 0 0 17 449
580 G 634277 76 150 38 633538 0 0 0 24 451
581 G 675564 91 109 29 675062 0 0 0 12 261
582 T 633058 50 630476 67 66 0 8 0 0 2391
583 G 696983 155 127 43 695891 0 0 0 9 758
584 T 720238 37 719381 142 25 0 33 0 0 620
585 T 663765 55 662778 191 14 0 10 0 0 717
586 C 672092 93 123 671055 28 0 0 9 0 784
587 A 671297 670773 47 14 107 9 0 0 0 347
588 T 668402 52 667244 171 4 0 9 0 0 922
589 C 669320 67 102 668875 24 0 0 4 0 248
590 A 658622 654758 42 18 85 6 0 0 0 3713
591 C 669038 56 100 668587 19 0 0 3 0 273
592 C 658213 132 63 657609 22 0 0 9 0 378
593 C 635478 259 117 634706 33 0 0 5 0 358
594 G 671918 235 161 32 671203 0 0 0 6 281
595 T 666143 45 665325 99 10 0 16 0 0 648
596 C 668851 97 82 668274 18 0 0 4 0 376
597 T 709013 30 708560 159 6 0 10 0 0 248
598 A 686045 685273 33 6 135 12 0 0 0 586
599 G 689862 132 127 27 689396 0 0 0 8 172
600 C 683903 88 121 683059 23 0 0 1 0 611
601 A 681353 680794 45 8 146 32 0 0 0 328
602 G 707080 78 88 11 706536 0 0 0 8 359
603 T 632545 43 631598 102 7 0 3 0 0 792
604 G 687011 112 142 18 686166 0 0 0 6 567
605 A 689291 688611 60 6 142 2 0 0 0 470
606 T 685873 65 685314 87 21 0 11 0 0 375
607 G 732606 158 159 18 731693 0 0 0 4 574
608 A 719520 718630 39 12 165 13 0 0 0 661
609 G 735052 158 151 22 734089 0 0 0 9 623
610 C 738117 68 120 737197 48 0 0 15 0 669
611 A 708500 707716 73 18 113 13 0 0 0 567
612 A 719145 717986 59 16 110 7 0 0 0 967
613 C 718007 93 92 717306 33 0 0 12 0 471
614 A 695991 694866 64 19 201 13 0 0 0 828
615 G 651995 129 164 20 651444 0 0 0 6 232
616 A 622308 621637 47 14 106 9 0 0 0 495
617 G 619142 88 94 18 618582 0 0 0 3 357
618 T 596755 54 594995 97 16 0 6 0 1 1586
619 C 616948 76 59 616376 21 0 0 10 0 406
620 T 547345 27 546826 65 7 0 12 0 0 408
621 C 583497 116 76 582934 13 0 0 3 0 355
622 T 531430 46 530924 100 4 0 14 0 0 342
623 A 535452 535029 40 13 68 12 0 0 0 290
624 T 540206 41 539626 91 23 0 11 0 0 414
625 A 518060 517612 28 7 86 9 0 0 0 318
626 G 529539 91 99 12 528855 0 0 0 27 455
627 T 507796 51 506868 110 7 0 12 0 0 748
628 A 438719 438210 12 33 59 10 0 0 0 395
629 A 448137 447798 44 9 55 2 0 0 0 229
630 T 427484 29 427078 67 28 0 3 0 0 279
631 G 429761 124 108 15 429257 0 0 0 3 254
632 G 420577 104 117 17 420154 0 0 0 2 183
633 A 418586 417925 33 9 118 6 0 0 0 495
634 A 428770 428447 26 9 82 1 0 0 0 205
635 A 422635 421797 24 13 49 4 0 0 0 748
636 T 422044 28 421535 62 19 0 4 0 0 396
637 G 443909 103 113 23 443246 0 0 0 9 415
638 C 443349 32 40 442771 21 0 0 10 0 475
639 T 440528 16 440229 78 11 0 0 0 0 194
640 T 445137 14 444746 100 7 0 8 0 0 262
641 A 443383 442953 31 5 65 6 0 0 0 323
642 T 450420 52 450054 69 8 0 7 0 0 230
643 G 359257 73 61 9 358862 0 0 0 7 245
644 T 405659 38 405230 44 4 0 7 0 0 336
645 C 408958 43 40 408489 22 0 1 17 0 346
646 T 395871 29 395552 74 7 0 7 0 0 202
647 C 411411 72 40 410968 30 0 0 10 0 291
648 T 404122 31 403686 97 14 0 10 0 0 284
649 G 426717 89 67 16 426309 0 0 0 10 226
650 T 427770 46 427222 62 16 0 9 0 0 415
651 A 406349 405881 24 12 97 17 0 0 0 318
652 G 418167 52 79 10 417705 0 0 0 9 312
653 C 371203 39 87 370854 12 0 0 7 0 204
654 G 377305 104 74 11 376824 0 0 0 7 285
655 T 362217 20 361807 54 10 0 7 0 0 319
656 C 342579 30 38 342247 5 0 0 4 0 255
657 T 342524 19 342220 100 26 0 2 0 0 157
658 T 347487 16 347134 91 8 0 3 0 0 235
659 C 395049 30 95 394548 20 0 0 2 0 354
660 A 394439 393863 19 14 85 6 0 0 0 452
661 A 410890 410452 22 9 69 6 0 0 0 332
662 A 421501 421068 16 6 44 9 0 0 0 358
663 T 421145 33 420731 63 9 0 6 0 0 303
664 T 438273 19 437783 59 3 0 7 0 0 402
665 A 435309 434885 36 6 74 7 0 0 0 301
666 T 444034 48 443286 97 10 0 9 0 0 584
667 A 443216 442885 17 4 89 5 0 0 0 216
668 A 404914 404500 43 8 66 9 0 0 0 288
669 C 421470 38 79 421091 18 0 0 9 0 235
670 A 396629 396299 26 17 68 12 0 0 0 207
671 G 414271 63 135 13 413607 0 0 0 5 448
672 G 431690 65 119 13 431307 0 0 0 6 180
673 A 437712 437131 45 5 130 5 0 0 0 396
674 G 448872 100 86 8 448476 0 0 0 6 196
675 A 460188 459676 36 4 87 11 0 0 0 374
676 T 459889 34 459460 83 25 0 4 0 0 283
677 T 503438 50 502917 139 9 0 11 0 0 312
678 C 501138 60 95 500379 19 0 0 4 0 581
679 A 498113 494048 20 29 119 4 0 0 0 3893
680 C 521811 53 92 521264 15 0 0 6 0 381
681 C 514535 114 78 514089 16 0 0 13 0 225
682 C 511829 332 84 511073 24 0 0 5 0 311
683 C 501875 216 128 501040 106 0 0 5 0 380
684 G 523567 176 549 29 522284 0 0 0 4 525
685 G 530910 99 112 19 530122 0 0 0 13 545
686 A 509078 508584 37 10 132 2 0 0 0 313
687 A 508043 507575 17 5 94 11 0 0 0 341
688 A 505435 504770 53 6 70 7 0 0 0 529
689 T 500797 72 500335 93 10 0 1 0 0 286
690 A 525582 524820 27 14 167 17 0 0 0 537
691 G 509538 142 155 36 508852 0 0 0 10 343
692 C 524178 65 63 523772 28 0 0 8 0 242
693 T 457536 36 457013 143 18 0 7 0 0 319
694 G 455222 197 76 28 454724 0 0 0 1 196
695 C 484120 52 59 483609 34 0 0 8 0 358
696 A 454123 453542 35 25 164 5 0 0 0 352
697 A 455146 454650 27 16 94 1 0 0 0 358
698 G 459897 78 79 10 459548 0 0 0 4 178
699 G 517012 117 68 22 516445 0 0 0 8 352
700 C 515353 79 61 514760 92 0 0 23 0 338
701 C 515695 87 82 515116 15 0 0 3 0 392
702 C 528676 181 73 527766 17 0 0 9 0 630
703 A 525699 525161 11 61 117 15 0 0 0 334
704 A 554129 553611 28 14 74 8 0 0 0 394
705 A 553243 552762 16 14 180 15 0 0 0 256
706 G 592435 167 139 11 591542 0 0 0 21 555
707 T 593815 38 592843 92 23 0 18 0 0 801
708 A 554364 553746 27 12 106 11 0 0 0 462
709 A 553679 553268 33 17 105 7 0 0 0 249
710 G 533532 128 293 18 532770 0 0 0 7 316
711 A 525732 525165 37 2 154 18 0 0 0 356
712 G 538023 69 126 13 537520 0 0 0 11 284
713 A 511105 510440 33 12 73 9 0 0 0 538
714 T 515834 42 515173 70 15 0 7 0 0 527
715 C 512536 56 56 512047 21 0 0 10 0 346
716 A 510193 509636 23 13 124 9 0 0 0 388
717 A 537332 536773 44 12 119 13 0 0 0 371
718 C 523581 81 74 523070 23 0 0 16 0 317
719 A 515773 515240 36 25 75 13 0 0 0 384
720 T 499225 39 498791 75 18 0 6 0 0 296
721 G 480991 97 236 17 479829 0 0 0 9 803
722 G 481129 70 88 8 480764 0 0 0 6 193
723 G 467585 87 109 15 467011 0 0 0 1 362
724 A 489384 488758 25 9 145 9 1 0 0 437
725 G 496250 105 128 10 495661 0 0 0 7 339
726 G 477085 62 102 11 476256 0 0 0 10 644
727 A 476963 476349 45 4 89 4 0 0 0 472
728 T 473919 39 473494 67 15 0 1 0 0 303
729 G 458153 121 132 16 457615 0 0 0 2 267
730 A 498681 498251 27 4 113 9 0 0 0 277
731 A 510990 509964 48 9 111 12 0 0 1 845
732 C 533417 51 84 532876 12 0 0 7 0 387
733 T 506753 27 506165 108 7 0 8 0 0 438
734 A 510721 510308 39 4 82 6 0 0 0 282
735 T 573437 80 572941 83 10 0 10 0 0 313
736 T 578713 32 578043 136 10 0 34 0 0 458
737 A 584730 583752 56 18 102 15 0 0 0 787
738 C 561083 41 66 560658 12 0 0 8 0 298
739 T 531240 34 530687 143 17 0 23 0 0 336
740 G 526824 116 127 24 526202 0 0 0 12 343
741 G 510918 92 58 22 510514 0 0 0 3 229
742 A 545034 543679 42 19 114 35 0 0 0 1145
743 C 555841 41 99 555293 28 0 0 10 0 370
744 C 490714 94 83 490398 8 0 0 3 0 128
745 T 487929 25 487502 88 9 0 3 0 0 302
746 T 505905 27 505519 116 14 0 4 0 0 225
747 G 507582 106 60 25 506900 0 0 1 12 478
748 C 500859 59 94 500448 29 0 0 11 0 218
749 T 528950 18 528193 110 5 0 3 0 0 621
750 A 525235 524746 31 12 121 12 0 0 0 313
751 G 553268 119 133 9 552623 0 0 0 10 374
752 A 562915 562313 21 10 98 8 0 0 0 465
753 A 547285 545678 18 24 102 19 0 1 0 1443
754 C 562111 49 74 561544 19 0 0 5 0 420
755 C 525770 75 63 525194 9 0 0 7 0 422
756 C 537302 276 122 536467 23 0 0 9 0 405
757 G 538074 200 131 22 537306 0 0 0 3 412
758 G 542452 94 110 17 541694 0 0 0 6 531
759 A 546321 545686 53 4 152 7 0 0 0 419
760 G 545603 85 76 21 545102 0 0 0 0 319
761 A 560268 559544 53 16 118 6 0 0 0 531
762 C 581155 45 85 580726 39 0 0 6 0 254
763 A 568656 567784 54 27 108 15 0 0 0 668
764 C 619595 80 78 619053 16 0 0 10 0 358
765 A 617454 616807 60 20 120 32 0 0 0 415
766 A 602761 602252 60 13 74 10 0 0 0 352
767 T 602742 92 602169 103 5 0 21 0 0 352
768 A 600118 599436 102 12 101 15 0 0 0 452
769 A 639507 638823 109 15 116 12 0 0 0 432
770 T 641536 77 641036 96 8 0 8 0 0 311
771 A 632797 631851 64 15 124 39 0 0 0 704
772 T 628404 64 627984 74 17 0 12 0 0 253
773 T 550036 25 549459 107 12 0 18 0 0 415
774 T 548433 30 547954 92 53 0 8 0 0 296
775 G 521144 118 167 25 520509 0 0 0 6 319
776 A 518269 517292 43 12 145 2 0 0 0 775
777 G 519747 80 92 15 519280 0 0 0 6 274
778 G 515443 106 75 16 514879 0 0 0 5 362
779 C 547266 99 75 546738 34 0 0 5 0 315
780 A 544432 543934 24 9 85 2 0 0 0 378
781 A 541615 540947 55 6 65 3 0 0 0 539
782 C 588862 52 50 588375 17 0 0 7 0 361
783 T 584165 50 583353 126 16 0 22 0 0 598
784 G 543480 105 153 18 542795 0 0 0 8 401
785 G 540689 86 98 22 540142 0 0 0 11 330
786 T 547247 51 544600 139 26 0 6 0 0 2425
787 A 551104 550330 24 7 98 9 0 0 0 636
788 A 574873 574177 44 10 82 9 0 0 0 551
789 T 607383 54 606753 89 17 0 21 0 0 449
790 C 607134 72 66 606677 18 0 0 22 0 279
791 T 609631 49 609090 173 23 0 10 0 0 286
792 A 607310 606826 17 14 100 16 0 0 0 337
793 A 607097 606479 51 19 79 11 0 0 0 458
794 T 609016 55 608587 92 5 0 5 0 0 272
795 A 566925 566282 22 14 135 9 1 0 0 462
796 G 564230 100 155 26 563724 0 0 0 10 215
797 C 559473 58 74 559017 25 0 0 14 0 285
798 A 560200 558228 43 18 94 9 0 0 0 1808
799 C 566783 43 60 566235 15 0 0 9 0 421
800 C 545991 101 76 545495 17 0 0 11 0 291
801 A 547568 547066 38 14 70 8 0 0 0 372
802 T 553960 39 553576 78 8 0 8 0 0 251
803 G 535061 82 142 5 534437 0 0 0 12 383
804 G 540888 77 100 21 540398 0 0 0 8 284
805 T 519767 57 517436 111 7 0 23 0 0 2133
806 A 521932 521501 42 3 78 8 0 0 0 300
807 T 517860 20 517264 78 11 0 5 0 0 482
808 G 542684 117 98 26 541861 0 0 0 21 561
809 C 575197 39 66 574646 33 0 0 19 0 394
810 T 529625 7 528861 122 16 0 17 0 0 602
811 T 507555 27 507085 69 3 0 10 0 0 361
812 T 507916 44 507521 80 8 0 6 0 0 257
813 C 442937 41 128 442391 26 0 0 10 0 341
814 G 452661 146 77 24 452280 0 0 0 7 127
815 C 434673 35 53 434175 12 0 0 5 0 393
816 A 434849 434246 34 20 73 8 0 0 0 468
817 C 447278 49 55 446943 9 0 0 6 0 216
818 T 434077 16 433620 162 51 0 9 0 0 219
819 G 540276 156 113 23 539717 0 0 0 21 246
820 A 545101 544446 44 2 103 45 0 0 0 461
821 G 558879 97 92 19 558369 0 0 0 11 291
822 T 656418 63 654972 115 19 0 18 0 0 1231
823 A 652803 652021 47 10 142 27 0 0 0 556
824 G 680118 98 153 17 679468 0 0 0 22 360
825 A 696809 695984 45 9 203 7 0 0 0 561
826 G 712025 118 341 13 710989 0 0 0 62 502
827 G 721599 151 153 22 720633 0 0 0 27 613
828 G 616578 95 94 43 616051 0 0 0 24 271
829 T 600583 32 598658 92 51 0 20 0 0 1730
830 T 743408 33 742754 121 23 0 12 0 0 465
831 T 732278 19 731426 229 22 0 7 0 0 575
832 G 744510 163 168 26 743718 0 0 0 10 425
833 A 743149 742440 19 8 207 12 0 0 0 463
834 G 774800 176 90 20 774110 0 0 0 11 393
835 T 757048 70 755783 169 18 0 18 0 0 990
836 C 755203 77 137 753455 23 0 0 4 0 1507
837 C 745492 126 271 744069 39 0 0 8 0 979
838 G 757083 346 159 29 756000 0 0 0 8 541
839 G 758634 240 145 36 757306 0 0 0 16 891
840 C 755482 149 149 754768 39 0 0 5 0 372
841 A 755971 755166 70 15 124 8 0 0 0 588
842 T 780973 37 780247 119 11 0 6 0 0 553
843 C 778816 50 132 777837 25 0 0 9 0 763
844 A 788929 788325 67 28 122 10 0 0 0 377
845 T 779385 65 778611 160 11 0 7 0 0 531
846 C 787484 87 168 786842 21 0 0 5 0 361
847 A 773683 770855 61 27 126 8 0 0 0 2606
848 C 807732 52 108 807104 33 0 0 6 0 429
849 C 806583 153 125 805712 28 0 0 12 0 553
850 T 786569 52 785762 241 10 0 7 0 0 497
851 C 783264 155 103 782487 26 0 0 6 0 487
852 A 807012 806455 24 38 163 22 0 0 0 310
853 A 800610 799911 29 13 108 13 0 0 0 536
854 A 805502 804764 21 125 106 6 0 0 0 480
855 C 798181 70 226 797128 56 0 0 38 0 663
856 G 796842 209 148 52 795984 0 0 0 10 439
857 C 711153 76 127 710544 32 0 0 5 0 369
858 G 685981 240 161 35 685195 0 0 0 7 343
859 T 700144 44 699049 183 29 0 5 0 0 834
860 C 700563 65 85 699012 21 0 0 5 0 1375
861 A 719520 718540 41 11 135 10 0 0 0 783
862 A 766030 765106 51 11 110 15 0 0 0 737
863 T 750745 68 749994 110 14 0 27 0 0 532
864 G 764655 323 145 39 763794 0 0 0 15 339
865 C 767393 97 162 766505 46 0 0 11 0 572
866 A 737363 736495 52 23 168 17 0 0 0 608
867 T 736887 72 736048 96 14 0 16 0 0 641
868 G 493956 84 108 9 493300 0 0 0 2 453
869 A 494260 493708 37 16 100 17 0 0 0 382
870 G 555875 84 71 16 555449 0 0 0 15 240
871 T 536982 45 535788 78 23 0 37 0 0 1011
872 G 547249 133 139 20 546803 0 0 0 6 148
873 T 536312 46 535547 149 21 0 9 0 0 540
874 A 538104 537661 19 41 175 14 0 0 0 194
875 A 514658 514127 33 12 95 8 0 0 0 383
876 C 505804 55 77 505443 8 0 0 0 0 221
877 A 503736 503014 32 10 78 20 0 0 0 582
878 C 501612 36 90 501268 19 0 0 7 0 192
879 G 454505 153 118 23 453878 0 0 0 1 332
880 A 455737 455422 38 3 88 0 0 0 0 186
881 A 451258 450719 27 4 92 7 0 0 0 409
882 G 478107 58 79 10 477714 0 0 0 2 244
883 T 463397 30 462187 67 6 0 12 0 0 1095
884 G 478096 105 67 16 477637 0 0 0 3 268
885 T 475407 43 474714 128 8 0 1 0 0 513
886 C 485965 43 77 485609 20 0 0 4 0 212
887 A 475548 474996 23 11 101 4 0 0 0 413
888 A 490972 490635 22 9 66 6 0 0 0 234
889 A 546384 545265 17 68 78 15 0 1 0 940
890 C 550603 70 77 550143 27 0 0 5 0 281
891 A 517145 514063 23 58 77 7 0 0 0 2917
892 C 592878 58 57 592372 21 0 0 12 0 358
893 C 580105 101 74 579438 13 0 0 35 0 444
894 C 591322 350 73 590589 31 0 0 3 0 276
895 C 582031 256 104 581262 28 0 0 5 0 376
896 A 585954 585235 31 33 187 13 0 0 0 455
897 G 539038 86 322 10 538286 0 0 0 9 325
898 G 541407 77 340 21 540666 0 0 0 6 297
899 G 585521 145 97 191 584644 0 0 0 21 423
900 A 585459 584743 43 14 168 13 0 0 0 478
901 G 598955 82 72 137 598295 0 0 0 10 359
902 C 616888 141 97 616333 47 0 0 19 0 251
903 T 611384 89 610606 168 36 0 10 0 0 475
904 A 821581 820861 159 67 154 12 0 0 0 328
905 T 818899 148 817916 170 31 0 30 0 0 604
906 A 860927 860282 63 45 117 24 0 0 0 396
907 A 860190 859462 100 82 151 18 0 0 0 377
908 A 819473 818493 65 150 110 41 0 0 0 614
909 C 831098 99 281 829294 58 0 0 13 0 1353
910 A 760101 759545 35 79 152 6 0 0 0 284
911 G 760647 223 207 44 758499 0 0 0 19 1655
912 C 762091 90 146 761600 49 0 0 14 0 192
913 A 733948 733008 56 29 79 7 0 0 0 769
914 A 732948 732392 45 16 114 5 0 0 0 376
915 T 724178 33 723231 140 12 0 5 0 0 757
916 C 733612 57 104 732877 17 0 0 9 0 548
917 T 731422 42 730472 249 10 0 5 0 0 644
918 C 725530 86 73 724478 28 0 0 4 0 861
919 C 659623 98 86 659091 9 0 0 4 0 335
920 C 655170 308 58 654228 17 0 0 6 0 553
921 T 652308 30 651740 115 5 0 6 0 0 412
922 T 658164 41 657840 102 7 0 4 0 0 170
923 T 652035 37 651178 173 2 0 5 0 0 640
924 C 656876 63 96 656509 31 0 0 8 0 169
925 C 653676 66 102 653010 34 0 0 2 0 462
926 A 648622 648186 63 17 168 2 0 0 0 186
927 G 657955 107 139 22 657371 0 0 0 2 314
928 A 657707 657133 27 5 185 6 0 0 0 351
929 A 696398 695640 135 53 91 13 0 0 0 466
930 T 699887 118 698982 187 5 0 20 0 0 575
931 A 648034 647319 49 9 113 13 0 0 0 531
932 T 651030 253 650367 125 6 0 10 0 0 269
933 A 624539 622448 19 135 112 19 0 0 0 1806
934 C 646656 221 198 645952 36 0 0 9 0 240
935 A 628215 623978 51 630 78 11 0 0 0 3467
936 C 630838 55 96 630357 28 0 0 35 0 267
937 C 605492 117 61 604993 12 0 0 19 0 290
938 C 527848 202 107 527316 21 0 0 2 0 200
939 A 526719 526246 42 20 114 3 0 0 0 294
940 G 529569 58 100 9 529056 0 0 0 5 341
941 T 428540 44 427940 84 10 0 6 0 0 456
942 C 435897 59 84 435187 26 0 0 3 0 538
943 A 421651 421050 48 10 125 7 0 0 0 411
944 C 503158 63 69 502649 14 0 0 8 0 355
945 A 495944 495216 34 14 118 20 0 0 0 542
946 A 516267 515722 40 18 67 9 0 0 0 411
947 T 524453 61 523855 86 20 0 22 0 0 409
948 A 458355 457877 34 5 99 13 0 0 0 327
949 G 495075 83 111 26 494633 0 0 0 10 212
950 G 529538 92 97 16 529025 0 0 0 4 304
951 A 534172 533178 53 9 192 21 0 0 0 719
952 G 632496 84 128 19 631927 0 0 0 5 333
953 A 575254 574620 56 9 98 7 0 0 0 464
954 G 580619 133 114 10 580132 0 0 0 2 228
955 T 569405 60 567562 73 20 0 5 0 0 1685
956 G 597872 216 131 38 597084 0 0 0 4 399
957 C 641549 86 126 640450 96 0 0 17 0 774
958 C 650588 84 132 650065 38 0 0 2 0 267
959 C 660827 209 123 659732 20 0 0 5 0 738
960 A 678107 677664 25 114 78 14 0 0 0 212
961 A 695003 694041 31 23 71 6 0 0 0 831
962 A 702582 702141 29 19 78 7 0 0 0 308
963 A 705151 704048 61 14 65 3 0 0 0 960
964 T 725912 40 725311 120 12 1 8 0 0 420
965 A 718479 717653 37 8 123 13 0 0 0 645
966 T 725916 68 725321 129 21 0 3 0 0 374
967 G 724613 580 57 38 723371 0 0 0 6 561
968 T 730545 121 729586 122 12 0 16 0 0 688
969 C 736596 114 183 735947 35 0 0 5 0 312
970 A 716699 715921 45 21 208 3 0 0 0 501
971 G 715490 108 158 22 714782 0 0 0 9 411
972 G 717658 141 114 25 717127 0 0 0 4 247
973 A 705218 704538 53 9 148 7 0 0 0 463
974 G 715302 98 64 22 714895 0 0 0 8 215
975 T 699168 52 696119 100 12 0 4 0 0 2881
976 A 698049 696666 66 10 146 3 0 0 0 1158
977 C 695339 53 111 694714 33 0 0 4 0 424
978 C 687466 202 105 686768 22 0 0 10 0 359
979 A 689339 688572 48 18 100 7 0 0 0 594
980 A 690410 689892 17 8 90 13 0 0 0 390
981 A 697724 696733 55 12 94 20 0 0 0 810
982 T 697528 45 697047 99 16 0 10 0 0 311
983 T 673982 25 672949 100 29 0 16 0 0 863
984 G 677591 155 121 18 677105 0 0 0 9 183
985 A 656708 654826 42 26 165 5 0 0 0 1644
986 G 659304 97 146 23 658795 0 0 0 11 232
987 G 659934 110 83 15 659019 0 0 0 9 698
988 A 619721 619044 53 18 124 16 0 0 0 466
989 T 617995 49 617387 60 10 0 6 0 0 483
990 G 685477 122 110 14 684676 0 0 0 18 537
991 G 679933 108 44 11 678945 0 0 0 24 801
992 T 713467 69 712480 92 31 0 10 0 0 785
993 T 480639 24 480105 98 11 0 24 0 0 377
994 A 482708 482298 53 19 71 10 0 0 0 257
995 C 461686 62 142 461086 27 0 0 8 0 361
996 A 461724 461172 37 34 233 7 0 0 0 241
997 G 489526 76 142 10 488642 0 0 0 18 638
998 G 484777 132 82 22 484301 0 0 0 10 230
999 A 471405 470580 46 19 116 26 0 0 0 618
1000 C 479421 39 72 479037 13 0 0 9 0 251
1001 T 454889 18 454533 121 7 0 6 0 0 204
1002 A 459071 458595 19 5 85 4 0 0 0 363
1003 A 459043 458709 26 8 71 9 0 0 0 220
1004 G 468121 94 94 16 467607 0 0 0 10 300
1005 A 457064 456628 23 9 94 10 0 0 0 300
1006 A 453146 452836 21 11 52 3 0 0 0 223
1007 A 450360 449578 25 25 63 5 0 0 0 664
1008 C 454063 35 65 453616 15 0 0 5 0 327
1009 A 448164 447457 41 16 62 5 0 0 0 583
1010 T 440137 31 439747 96 1 0 3 0 0 259
1011 C 437656 50 60 437247 20 0 0 5 0 274
1012 C 457481 95 50 457025 16 0 0 2 0 293
1013 C 445326 147 57 444842 15 0 0 3 0 262
1014 A 442947 442396 45 8 65 5 0 0 0 428
1015 T 435269 31 434764 85 3 0 4 0 0 382
1016 C 439365 49 41 439030 10 0 0 3 0 232
1017 C 438480 57 61 438018 30 0 0 7 0 307
1018 A 487955 487701 41 9 61 12 0 0 0 131
1019 T 490194 29 489398 63 4 0 21 0 0 679
1020 T 490470 36 490074 98 8 0 3 0 0 251
1021 C 500187 47 71 499596 20 0 0 10 0 443
1022 A 500984 500596 26 7 108 16 0 0 0 231
1023 A 516343 516005 22 12 63 12 0 0 0 229
1024 T 516857 53 516312 95 6 0 9 0 0 382
1025 A 563335 562510 53 7 84 25 0 0 0 656
1026 C 577856 75 110 577303 45 0 0 13 0 310
1027 A 543174 542732 37 25 100 15 0 0 0 265
1028 G 539820 112 156 23 539326 0 0 0 5 198
1029 A 529738 529219 21 7 165 4 0 0 0 322
1030 G 630239 87 149 14 629436 0 0 0 18 535
1031 G 659010 69 70 23 658160 0 0 0 35 653
1032 T 621128 44 618019 119 27 0 6 0 0 2913
1033 C 627680 90 95 626948 26 0 0 10 0 511
1034 T 631651 16 631242 160 9 0 22 0 0 202
1035 A 676057 675194 63 7 125 11 0 0 0 657
1036 T 704675 79 704079 74 8 0 12 0 0 423
1037 T 702712 29 701660 70 11 0 26 0 0 916
1038 T 692218 36 691441 120 43 0 5 0 0 573
1039 G 605592 89 184 46 604967 0 0 0 13 293
1040 G 613706 81 138 16 613031 0 0 0 7 433
1041 A 601923 600986 45 6 186 0 0 0 0 700
1042 G 609099 79 136 29 608480 0 0 0 13 362
1043 C 610645 72 105 609979 25 0 0 7 0 457
1044 C 592076 63 100 591688 12 0 0 2 0 211
1045 A 596035 595397 47 6 80 2 0 0 0 503
1046 T 593446 34 593058 65 5 0 7 0 0 277
1047 T 598278 45 597521 81 5 0 9 0 0 617
1048 G 597274 169 78 23 596707 0 0 0 2 295
1049 C 612789 50 62 612103 18 0 0 2 0 554
1050 T 614990 26 614550 84 10 0 4 0 0 316
1051 G 620515 108 97 17 619958 0 0 0 4 331
1052 G 700211 62 124 21 699548 0 0 0 7 449
1053 T 690837 38 689395 106 164 0 13 0 0 1121
1054 T 689341 15 688731 74 2 0 3 0 0 516
1055 T 686642 18 686266 72 5 0 4 0 0 277
1056 T 698847 159 698021 129 9 0 9 0 0 520
1057 A 712712 711701 290 4 126 12 0 0 0 579
1058 T 708706 227 708059 74 11 0 14 0 0 321
1059 T 704885 35 703502 116 191 0 30 0 0 1011
1060 G 715194 338 356 29 714193 0 0 0 16 262
1061 A 653128 651650 64 22 697 5 0 0 0 690
1062 G 651330 478 313 21 650077 0 0 0 8 433
1063 G 652595 93 325 21 651853 0 0 0 9 294
1064 G 649784 95 277 19 648906 0 0 0 17 470
1065 G 658637 167 597 20 657515 0 1 0 10 327
1066 G 636961 148 125 37 636169 0 0 0 13 469
1067 G 560769 411 84 14 559867 0 0 0 10 383
1068 A 556582 554445 314 7 1117 7 0 0 0 692
1069 T 550469 338 549222 78 265 0 14 0 0 552
1070 G 542678 174 358 26 541892 0 0 0 13 215
1071 G 546053 224 83 42 544879 0 0 0 15 810
1072 A 487184 486349 45 110 221 20 0 0 0 439
1073 C 487627 126 76 487005 14 0 0 7 0 399
1074 T 453098 29 452500 235 16 0 5 0 0 313
1075 G 448057 114 100 18 447601 0 0 0 5 219
1076 G 457320 105 63 12 456682 0 0 0 7 451
1077 A 452174 451656 34 5 90 14 0 0 0 375
1078 A 454627 454160 25 11 85 8 0 0 0 338
1079 T 367014 21 366714 52 9 0 3 0 0 215
1080 G 414219 89 79 14 413786 1 0 0 6 244
1081 A 425669 425072 38 1 84 5 0 0 0 469
1082 T 423531 55 423051 72 2 0 4 0 0 347
1083 A 420274 419675 32 16 138 7 0 0 0 406
1084 G 381368 63 77 7 381065 0 0 0 9 147
1085 A 451339 450839 38 10 68 11 0 0 0 373
1086 T 452245 40 451808 62 12 0 6 0 0 317
1087 G 476780 115 113 28 475864 0 0 0 9 651
1088 G 490087 68 102 22 489569 0 0 0 8 318
1089 A 514582 513887 44 11 148 14 0 0 0 478
1090 T 540834 48 540270 68 16 0 22 0 0 410
1091 G 540265 106 123 16 539809 0 0 0 9 202
1092 G 634881 105 91 17 633670 0 0 0 21 977
1093 T 627888 53 625832 128 36 0 43 0 0 1796
1094 A 624727 624067 54 4 108 7 0 0 0 487
1095 T 616583 69 615946 81 16 0 10 0 0 461
1096 G 635674 98 169 20 635150 0 0 0 16 221
1097 G 651323 93 86 18 650681 0 0 0 20 425
1098 T 652597 62 651607 76 19 0 13 0 0 820
1099 T 648688 24 648020 100 12 0 18 0 0 514
1100 A 644534 644026 56 6 105 12 0 0 0 329
1101 T 583796 50 583417 92 10 0 8 0 0 219
1102 C 584977 59 79 584629 10 0 0 2 0 198
1103 A 586389 585881 51 10 80 7 0 0 0 360
1104 T 584095 55 583579 89 4 0 7 0 0 361
1105 C 574254 51 42 573782 12 0 0 6 0 361
1106 A 554152 553580 49 7 71 1 0 0 0 444
1107 T 555362 33 554932 71 6 0 1 0 0 319
1108 C 558982 59 81 558541 27 0 0 2 0 272
1109 A 551949 551226 31 9 138 4 0 0 0 541
1110 G 560726 91 87 13 560184 0 0 0 3 348
1111 A 558739 557830 22 5 61 6 0 0 0 815
1112 A 557772 557335 17 4 64 6 0 0 0 346
1113 T 561868 32 561340 80 9 0 5 0 0 402
1114 G 546408 103 86 25 545591 0 0 0 3 600
1115 A 538997 538526 37 5 77 7 0 0 0 345
1116 A 540635 539601 42 13 84 4 0 0 0 891
1117 C 541950 52 141 541370 24 0 0 6 0 357
1118 A 535342 534766 36 17 139 5 0 0 0 379
1119 G 503238 68 250 15 502565 0 0 0 5 335
1120 G 523636 55 134 19 523100 0 0 0 8 320
1121 G 531848 75 63 13 531090 0 0 0 23 584
1122 A 540672 540089 45 5 153 5 0 0 0 375
1123 T 530803 48 530285 66 12 0 9 0 0 383
1124 C 516494 66 123 516079 25 0 0 8 0 193
1125 A 527313 526768 27 32 215 12 0 1 0 258
1126 G 558738 104 126 16 557869 0 0 0 19 604
1127 G 566329 113 59 22 565644 0 0 0 30 461
1128 C 563928 88 85 563380 25 0 0 25 0 325
1129 T 567091 16 566512 105 9 0 29 0 0 420
1130 A 568253 567748 36 6 90 14 0 0 0 359
1131 T 635232 47 634493 132 5 0 20 0 0 535
1132 G 641987 208 155 20 641127 0 0 0 63 414
1133 C 632688 89 250 631496 36 0 0 16 0 801
1134 A 508004 507452 36 42 143 18 0 0 0 313
1135 G 540537 56 100 23 540159 0 0 0 13 186
1136 C 511082 61 172 510308 51 0 0 4 0 486
1137 G 506194 189 142 27 505468 0 0 0 15 353
1138 G 520842 236 92 17 519928 0 0 0 3 566
1139 A 486205 485127 236 6 345 16 0 0 0 475
1140 T 506606 343 505574 314 5 0 2 0 0 368
1141 C 497810 302 429 496871 14 0 0 3 0 191
1142 A 545826 544694 24 482 89 9 0 0 0 528
1143 A 551214 550662 11 7 113 2 0 0 0 419
1144 A 551568 550944 10 12 61 2 0 0 0 539
1145 A 561794 561310 11 12 93 6 0 0 0 362
1146 A 554167 553796 20 6 83 5 0 0 0 257
1147 A 549341 548555 13 4 343 2 0 0 0 424
1148 G 568535 249 63 103 567787 0 0 0 5 328
1149 C 565356 103 128 564480 98 0 0 6 0 541
1150 A 573504 572683 54 115 90 4 0 0 0 558
1151 C 581189 91 74 580744 20 0 0 2 0 258
1152 A 583024 582067 32 75 86 6 0 0 0 758
1153 C 597286 79 68 596768 23 0 0 0 0 348
1154 A 593329 592880 13 36 93 8 0 0 0 299
1155 A 598090 597454 24 10 78 5 0 0 0 519
1156 A 596180 595819 31 11 71 8 0 0 0 240
1157 A 591728 591128 98 11 87 3 0 0 1 400
1158 T 589959 35 589399 105 45 0 6 0 0 369
1159 G 580241 111 128 68 579612 0 0 0 6 316
1160 C 572304 59 137 571549 32 0 0 18 0 509
1161 C 568207 83 98 567446 25 0 0 6 0 549
1162 A 536762 536090 43 19 90 8 0 0 0 512
1163 T 519993 37 519593 64 7 0 7 0 0 285
1164 T 510068 53 509611 92 8 0 6 0 0 298
1165 A 506850 506498 33 4 106 1 0 0 0 208
1166 A 500596 499761 28 22 63 10 0 0 0 712
1167 C 501089 47 164 500225 34 0 0 13 0 606
1168 G 473836 191 226 16 473043 0 0 0 5 355
1169 G 408762 57 133 16 408295 0 0 0 13 248
1170 G 405930 118 64 17 405416 0 0 0 9 306
1171 A 398973 398320 25 10 82 7 0 0 0 529
1172 T 414162 29 413754 41 5 0 9 0 0 324
1173 T 410799 31 410327 78 9 0 9 0 0 345
1174 A 347093 346652 42 16 106 5 0 0 0 272
1175 C 378001 84 60 377700 18 0 0 7 0 132
1176 A 358457 357988 20 26 67 15 0 0 0 341
1177 A 368120 367743 15 14 47 4 0 0 0 297
1178 A 356346 355927 21 49 42 11 0 0 0 296
1179 C 335305 32 31 334824 16 0 0 4 0 398
1180 A 333009 332672 14 9 54 8 0 0 0 252
1181 A 338591 338273 21 8 59 3 0 0 0 227
1182 G 414098 79 118 10 413226 0 0 0 15 650
1183 G 415848 67 41 14 415476 0 0 0 21 229
1184 T 407742 31 406136 45 23 0 8 0 0 1499
1185 G 423109 116 91 18 422725 0 0 0 6 153
1186 A 436738 436312 50 4 71 7 0 0 0 294
1187 A 446521 445759 26 18 69 5 0 0 0 644
1188 C 474284 40 54 473670 14 0 0 8 0 498
1189 T 476206 22 475435 86 18 0 10 0 0 635
1190 C 497998 55 36 497644 7 0 0 4 0 252
1191 T 488840 39 488378 137 14 0 7 0 0 265
1192 G 495562 105 96 16 494976 0 1 0 6 362
1193 T 495019 48 494529 48 7 0 6 0 0 381
1194 T 506170 12 505566 68 3 0 7 0 0 514
1195 A 507043 506678 25 4 73 9 0 0 0 254
1196 T 505474 42 505058 52 2 0 4 0 0 316
1197 C 497048 55 118 496597 23 0 0 3 0 252
1198 G 498687 164 105 24 498221 0 0 0 4 169
1199 A 487540 487003 32 9 94 7 0 0 0 395
1200 G 486127 77 75 11 485674 0 0 0 0 290
1201 A 480995 480441 17 3 88 2 0 0 0 444
1202 A 474528 474181 24 7 71 1 0 0 0 244
1203 A 479217 478911 17 3 57 1 0 0 0 228
1204 A 486340 485766 32 6 68 3 0 0 0 465
1205 T 487537 44 487083 83 13 0 2 0 0 312
1206 G 485327 109 118 12 484301 0 0 0 1 786
1207 A 483562 483179 38 8 74 4 0 0 0 259
1208 A 477273 476689 35 14 68 5 0 0 0 462
1209 C 469673 40 71 469253 25 0 0 3 0 281
1210 A 471427 470110 37 11 67 5 0 0 0 1197
1211 C 472289 25 48 471925 11 0 0 5 0 275
1212 T 463221 45 462516 115 10 0 5 0 0 530
1213 C 461206 45 67 460784 22 0 0 3 0 285
1214 A 456655 456318 11 5 76 5 0 0 0 240
1215 A 484006 483716 30 13 62 3 0 0 0 182
1216 T 486003 26 485244 73 12 0 13 0 0 635
1217 T 490333 51 489896 72 4 0 15 0 0 295
1218 C 438830 45 56 438303 25 0 0 6 0 395
1219 A 424175 423611 51 7 60 18 0 0 0 428
1220 C 376825 35 87 376388 23 0 0 9 0 283
1221 A 363658 363370 14 26 90 2 0 0 0 156
1222 G 368160 76 69 14 367768 0 0 0 32 201
1223 C 366368 44 34 365863 14 0 0 12 0 401
1224 T 287819 9 287618 66 7 0 5 0 0 114
1225 G 290611 57 57 5 290247 0 0 0 7 238
1226 T 271467 22 271043 42 34 0 5 0 0 321
1227 G 274858 64 132 12 274477 0 0 0 10 163
1228 G 267024 36 69 5 266667 0 0 0 7 240
1229 G 262672 49 67 14 262323 0 0 0 19 200
1230 T 256189 38 255421 36 12 0 6 0 0 676
1231 A 198669 198427 10 10 25 4 0 0 0 193
1232 A 207619 207447 15 2 23 2 0 0 0 130
1233 A 207389 207065 15 7 112 6 0 0 0 184
1234 G 206292 48 21 4 206081 0 0 0 8 130
1235 A 195816 195620 8 3 28 3 0 0 0 154
1236 A 178911 178770 23 6 24 3 0 0 0 85
1237 T 172421 9 172253 27 2 0 0 0 0 130
1238 T 174524 17 174351 12 2 0 3 0 0 139
1239 C 175412 18 33 175151 6 0 0 4 0 200
1240 A 175725 175533 12 4 44 2 0 0 0 130
1241 A 171257 171060 21 2 23 2 0 0 0 149
1242 C 188804 13 17 188654 7 0 0 1 0 112
1243 A 185231 185104 6 8 26 1 0 0 0 86
1244 A 196752 196423 23 27 30 0 0 0 0 249
1245 C 197487 9 37 197297 5 0 0 7 0 132
1246 T 200116 8 199860 37 4 0 2 0 0 205
1247 T 199803 34 199597 37 4 0 5 0 0 126
1248 A 200777 200548 28 3 105 7 0 0 0 86
1249 G 216378 144 47 7 215980 0 0 0 4 196
1250 A 220735 220480 6 1 68 5 0 0 0 175
1251 A 249808 249504 9 3 64 7 0 0 0 221
1252 A 247884 247671 6 3 32 3 0 0 0 169
1253 A 232253 232065 4 6 42 3 0 0 0 133
1254 A 232854 232629 19 1 64 1 0 0 0 140
1255 A 232011 231584 11 2 318 2 0 0 0 94
1256 G 240108 250 51 6 239480 0 0 0 4 317
1257 G 238044 73 37 9 237796 0 0 0 4 125
1258 A 217299 216743 34 3 206 3 0 0 0 310
1259 T 233248 53 233043 27 13 0 1 0 0 111
1260 G 229361 62 93 4 229050 0 0 0 4 148
1261 G 235971 59 43 6 235679 0 0 0 3 181
1262 A 232719 232490 17 0 91 3 0 0 0 118
1263 A 239189 238851 4 3 40 5 0 0 0 286
1264 A 220590 220433 9 2 20 4 0 0 0 122
1265 A 227707 227525 35 6 21 3 0 0 0 117
1266 T 222700 24 222343 23 4 0 0 0 0 306
1267 T 222500 7 222316 39 5 0 0 0 0 133
1268 T 242373 30 242053 34 1 0 0 0 0 255
1269 A 239841 239625 44 2 41 1 0 0 0 128
1270 A 241255 241007 11 3 35 3 0 0 0 196
1271 A 230473 230312 27 1 23 3 0 0 0 107
1272 T 236939 84 236590 45 1 0 3 0 0 216
1273 A 241957 241650 84 1 22 3 0 0 0 197
1274 A 241341 241191 20 3 26 2 0 0 0 99
1275 A 242564 242219 3 7 32 3 0 0 0 300
1276 A 226653 226508 9 2 30 1 0 0 0 103
1277 A 227949 227717 6 2 46 1 0 0 0 177
1278 A 231163 230764 7 5 206 5 0 0 0 176
1279 G 244559 77 46 4 244297 0 0 0 5 130
1280 T 245112 18 244570 31 14 0 8 0 0 471
1281 T 243577 13 243372 42 15 0 3 0 0 132
1282 G 262661 70 55 1 262261 0 0 0 2 272
1283 A 238198 237995 21 4 31 9 0 0 0 138
1284 T 240437 45 240196 49 3 0 3 0 0 141
1285 G 237364 57 43 10 237028 0 0 0 3 223
1286 A 232276 232000 24 4 56 2 0 0 0 190
1287 T 235575 26 235291 39 3 0 4 0 0 212
1288 G 231033 64 110 7 230707 0 0 0 0 145
1289 G 235064 30 47 10 234830 0 0 0 2 145
1290 G 245917 53 34 8 245509 1 0 0 2 310
1291 T 247027 28 246309 47 21 0 6 0 0 616
1292 T 248754 5 248494 29 4 0 4 0 0 218
1293 T 220011 6 219854 41 1 0 5 0 0 104
1294 C 218960 16 36 218733 6 0 0 4 0 165
1295 T 218902 20 218666 68 6 0 5 0 0 137
1296 G 220081 58 97 7 219744 0 0 0 4 171
1297 G 216670 45 24 10 216357 0 0 0 2 232
1298 A 185828 185537 15 4 50 2 0 0 0 220
1299 C 193815 24 32 193488 3 0 0 0 0 268
1300 A 187022 186885 3 7 21 5 0 0 0 101
1301 T 199703 12 199539 19 2 0 0 0 0 131
1302 T 197945 10 197776 23 3 0 2 0 0 131
1303 T 198745 12 198581 34 6 0 1 0 0 111
1304 G 197969 30 53 9 197712 0 0 0 3 162
1305 G 190015 36 37 7 189840 0 0 0 0 95
1306 A 192973 192613 25 5 34 5 0 0 0 291
1307 C 219816 14 36 219613 14 0 0 2 0 137
1308 A 240825 240506 30 9 39 9 0 0 0 232
1309 T 252840 27 252605 40 4 1 11 0 0 152
1310 A 253377 253171 24 2 37 8 0 0 0 135
1311 T 257408 30 257174 44 3 0 4 0 0 153
1312 A 254505 254253 18 5 30 13 0 0 0 186
1313 A 274871 274599 22 3 31 2 0 0 0 214
1314 T 268024 14 267622 47 7 0 9 0 0 325
1315 G 272247 77 57 13 271906 0 0 0 13 181
1316 C 272210 18 49 271863 12 0 0 14 0 254
1317 A 259921 259727 27 5 60 4 0 0 0 98
1318 G 285621 30 41 11 285306 0 0 0 3 230
1319 A 284091 283836 14 5 48 5 0 0 0 183
1320 A 286900 286581 15 3 43 10 0 0 0 248
1321 T 285008 16 284797 33 7 0 5 0 0 150
1322 T 281068 9 280845 27 1 0 3 0 0 183
1323 G 283475 46 44 3 283175 0 0 0 3 204
1324 T 380679 33 380252 48 10 0 8 0 0 328
1325 T 385099 6 384536 52 6 0 2 0 0 497
1326 A 382877 382567 13 4 67 2 0 0 0 224
1327 G 389631 57 74 7 389298 0 0 0 5 190
1328 T 386015 18 385558 61 8 0 9 0 0 361
1329 T 394670 30 394259 56 14 0 7 1 0 303
1330 C 413060 39 40 412581 13 0 0 2 0 385
1331 T 402439 22 401647 63 8 0 10 0 0 689
1332 A 407753 407110 28 9 62 3 0 0 0 541
1333 C 417307 32 42 417036 14 0 0 3 0 180
1334 T 416254 29 415860 119 11 0 7 0 0 228
1335 G 422698 102 269 12 422116 0 0 0 2 197
1336 G 417670 50 58 8 417283 0 0 0 1 270
1337 A 424780 424324 22 4 103 5 0 0 0 322
1338 A 426826 426436 21 4 80 3 0 0 0 282
1339 A 429561 429277 17 6 46 5 0 0 0 210
1340 A 421870 421449 40 8 50 1 0 0 0 322
1341 T 447535 29 447261 50 13 0 6 0 0 176
1342 G 446574 120 103 16 445962 0 0 0 12 361
1343 A 460871 460501 34 8 114 1 0 0 0 213
1344 A 458166 457715 30 14 78 1 0 0 0 328
1345 A 454830 454438 14 21 151 2 0 0 0 204
1346 G 460892 87 90 9 460337 0 0 0 4 365
1347 G 480748 77 64 9 480335 0 0 0 6 257
1348 A 462890 461558 36 14 99 20 0 0 0 1163
1349 C 467691 53 54 466967 14 0 0 7 0 596
1350 T 448193 24 447640 103 8 0 7 0 0 411
1351 T 449006 30 448646 77 4 0 3 0 0 246
1352 T 444474 31 444090 65 32 0 3 0 0 253
1353 G 456821 90 151 4 456180 0 0 0 6 390
1354 G 438606 83 72 8 438071 0 0 0 18 354
1355 A 432595 431903 34 4 110 9 0 0 0 535
1356 T 404220 28 403859 52 8 0 9 0 0 264
1357 T 357004 7 356798 54 4 0 3 0 0 138
1358 T 347589 23 347205 88 5 0 0 0 0 268
1359 C 341601 47 45 341253 17 0 0 2 0 237
1360 C 342397 50 47 342038 10 0 0 0 0 252
1361 A 342085 341709 27 4 74 4 0 0 0 267
1362 T 316310 23 316035 48 7 0 2 0 0 195
1363 G 317070 69 47 6 316740 0 0 0 6 202
1364 A 332259 331741 23 11 49 4 0 0 0 431
1365 C 356177 37 37 355788 8 0 0 17 0 290
1366 T 350496 16 350107 69 7 0 6 0 0 291
1367 T 325573 18 325285 68 1 0 2 0 0 199
1368 A 325616 325204 38 5 62 14 0 0 0 293
1369 A 317296 317034 16 1 27 8 0 0 0 210
1370 A 343319 342921 34 8 26 8 0 0 0 322
1371 T 331971 29 331503 45 20 0 19 0 0 355
1372 G 330660 86 56 10 330111 0 0 0 8 389
1373 T 289654 23 289196 60 6 0 5 0 0 364
1374 G 287368 75 61 10 286928 0 0 0 5 289
1375 A 302716 302446 18 3 65 1 0 0 0 183
1376 A 292756 292506 13 8 52 2 0 0 0 175
1377 G 303941 63 46 11 303565 0 0 0 2 254
1378 A 300055 299834 20 1 49 4 0 0 0 147
1379 A 287492 287269 12 7 39 2 0 0 0 163
1380 T 286999 21 286720 33 5 0 3 0 0 217
1381 C 287258 47 23 286856 6 0 0 5 0 321
1382 T 283124 34 282730 36 10 0 9 0 0 305
1383 G 300144 73 62 16 299805 0 0 0 2 186
1384 T 292093 29 291688 57 2 0 2 0 0 315
1385 A 300440 300128 18 6 52 3 0 0 0 233
1386 C 297171 27 75 296818 14 0 0 4 0 233
1387 G 295239 71 49 7 295008 0 0 0 3 101
1388 A 286682 286264 23 1 48 10 0 0 0 336
1389 G 294404 49 33 9 294140 0 0 0 7 166
1390 A 278196 277885 13 7 44 6 0 0 0 241
1391 A 280683 280462 18 5 31 6 0 0 0 161
1392 A 266730 266480 1 5 100 1 0 0 0 143
1393 G 274642 57 26 8 274408 0 0 0 6 137
1394 T 281758 33 280989 49 24 0 12 0 0 651
1395 A 277524 277269 30 5 49 1 0 0 0 170
1396 A 274154 273826 25 4 34 1 0 0 0 264
1397 A 268559 268379 10 6 39 4 0 0 0 121
1398 A 267482 267233 7 0 77 5 0 0 0 160
1399 A 293323 292920 12 9 129 1 0 0 0 252
1400 G 297701 68 157 69 297142 0 0 0 7 258
1401 C 301505 23 50 301195 17 0 0 9 0 211
1402 C 291701 52 30 291456 11 0 0 5 0 147
1403 A 288993 288742 27 8 46 3 0 0 0 167
1404 A 300810 300535 26 8 35 3 0 0 0 203
1405 T 316414 43 315982 48 6 0 4 0 0 331
1406 T 324588 42 324077 50 5 0 17 0 0 397
1407 A 323999 323666 48 7 54 8 0 0 0 216
1408 A 324211 323995 7 13 39 6 0 0 0 151
1409 A 321494 321242 14 5 110 10 0 0 0 113
1410 G 388625 96 74 8 388231 0 0 0 7 209
1411 A 389205 388738 21 7 74 26 0 0 0 339
1412 A 411536 411074 47 15 65 10 0 0 0 325
1413 T 356232 32 355867 62 9 0 5 0 0 257
1414 A 342831 342582 15 7 59 4 0 0 0 164
1415 A 368447 368122 16 7 63 8 0 0 0 231
1416 T 383875 35 383478 77 11 0 6 0 0 268
1417 G 390587 106 105 27 389841 0 0 0 10 498
1418 C 402142 60 46 401802 34 0 0 5 0 195
1419 C 388356 68 72 387884 18 0 0 8 0 306
1420 A 394877 394516 13 28 87 5 0 0 0 228
1421 A 389285 388985 20 2 61 1 0 0 0 216
1422 A 395469 395026 12 12 93 3 0 0 0 323
1423 G 405252 66 53 5 404845 0 0 0 3 280
1424 A 407972 407431 23 8 86 5 0 0 0 419
1425 A 412513 412121 14 9 61 3 0 0 0 305
1426 A 405204 404902 26 7 51 4 0 0 0 214
1427 T 404675 35 404062 64 7 0 4 0 0 503
1428 C 398723 37 134 398304 12 0 0 1 0 235
1429 G 405079 134 68 22 404558 0 0 0 4 293
1430 G 394396 77 60 13 393884 0 0 0 6 356
1431 A 405758 405335 28 6 89 7 0 0 0 293
1432 A 376822 376528 11 16 53 1 0 0 0 213
1433 A 388672 388349 31 7 41 3 0 0 0 241
1434 T 391101 34 390603 56 8 0 1 0 0 399
1435 G 392237 84 159 20 391702 0 0 0 1 271
1436 G 397907 52 67 15 397536 0 0 0 3 234
1437 G 393577 58 41 16 393194 0 0 0 5 263
1438 T 388706 30 385900 41 28 0 3 0 0 2704
1439 G 401745 91 55 12 401342 0 0 0 3 242
1440 T 402138 15 401442 75 68 0 11 0 0 527
1441 T 438097 10 437724 58 13 0 2 0 0 290
1442 T 401949 28 401589 65 4 0 8 0 0 255
1443 T 399577 19 399196 64 25 0 7 0 0 266
1444 G 408664 146 76 16 408258 0 0 0 2 166
1445 A 403218 402762 21 9 114 13 0 0 0 299
1446 G 417343 83 71 13 416763 0 0 0 12 401
1447 T 417806 43 417163 94 12 0 14 0 0 480
1448 T 405276 19 404707 52 8 0 3 0 0 487
1449 C 408997 57 58 408604 21 0 0 12 0 245
1450 T 414138 31 413738 153 6 0 8 0 0 202
1451 A 416301 415162 33 9 92 16 0 0 0 989
1452 C 426554 48 49 426243 10 0 0 8 0 196
1453 C 415253 92 42 414692 7 0 0 18 0 402
1454 A 411078 410508 40 32 57 12 0 0 0 429
1455 C 447276 42 68 446876 22 0 0 10 0 258
1456 A 451168 450626 13 20 79 8 0 0 0 422
1457 A 451803 451400 12 31 73 11 0 0 0 276
1458 G 477356 97 84 15 476912 0 0 0 6 242
1459 T 416438 54 415592 63 8 0 20 0 0 701
1460 G 429965 92 50 13 429406 0 0 0 8 396
1461 T 418009 30 417138 70 10 0 4 0 0 757
1462 G 423649 111 65 26 422899 0 0 0 4 544
1463 A 424627 424129 57 4 112 6 0 0 0 319
1464 C 420112 37 76 419712 18 0 0 6 0 263
1465 A 427188 426814 24 6 70 19 0 0 0 255
1466 A 424561 424190 29 3 52 8 0 0 0 279
1467 T 419524 28 419093 81 5 0 6 0 0 311
1468 G 420779 92 57 19 420378 0 0 0 8 225
1469 A 424685 424322 25 5 59 9 0 0 0 265
1470 A 426690 426212 32 7 71 1 0 0 0 367
1471 T 432809 32 432446 68 6 0 6 0 0 251
1472 G 432726 85 61 13 431967 0 0 0 11 589
1473 C 433075 45 87 432688 11 0 0 6 0 238
1474 A 441438 441005 26 10 87 8 0 0 0 302
1475 T 439419 39 439011 65 7 0 6 0 0 291
1476 G 436387 127 212 23 435828 0 0 0 6 191
1477 G 436344 119 52 19 435904 0 0 0 4 246
1478 A 427173 426777 28 6 101 6 0 0 0 255
1479 A 420265 419808 16 6 88 2 0 0 0 345
1480 A 408313 407824 10 5 95 9 0 0 0 370
1481 G 431925 87 30 8 431504 0 0 0 8 288
1482 T 421384 23 420040 54 13 0 20 0 0 1234
1483 G 440485 100 74 15 440087 0 0 0 4 205
1484 T 435617 29 434913 68 9 0 7 0 0 591
1485 A 427356 426921 13 6 108 7 0 0 0 301
1486 A 423352 422931 17 6 85 4 0 0 0 309
1487 G 424468 73 39 10 424068 0 0 0 3 275
1488 A 435953 435497 14 3 78 18 0 0 0 343
1489 A 432610 432208 30 4 85 9 0 0 0 274
1490 A 391174 390742 26 8 58 3 0 0 0 337
1491 T 389378 33 389047 44 11 0 2 0 0 241
1492 G 387691 88 225 12 387148 0 0 0 4 214
1493 G 389902 70 86 14 389461 0 0 0 3 268
1494 G 399085 104 100 12 398657 0 0 0 6 206
1495 A 398452 397325 44 16 109 19 0 0 0 939
1496 C 394151 54 47 393787 16 0 0 6 0 241
1497 T 370683 24 370313 69 4 0 3 0 0 270
1498 T 376859 15 376443 79 1 0 7 0 0 314
1499 A 412606 412174 31 6 62 11 0 0 0 322
1500 T 404696 42 404165 67 15 0 14 0 0 393
1501 G 390556 97 77 7 390165 0 0 0 14 196
1502 A 385192 384875 41 4 66 13 0 0 0 193
1503 T 390042 35 389644 59 5 0 13 0 0 286
1504 T 373272 17 372969 66 8 0 7 0 0 205
1505 A 415616 415128 23 5 44 3 0 0 0 413
1506 T 417354 64 416704 87 9 0 7 0 0 483
1507 C 412850 41 87 412494 10 0 0 8 0 210
1508 C 412668 60 57 412320 12 0 0 2 0 217
1509 A 416707 416401 24 61 59 3 0 0 0 159
1510 A 419176 418762 16 9 44 7 0 0 0 338
1511 A 416532 416228 9 12 58 4 0 0 0 221
1512 A 428316 427648 60 8 45 3 0 0 0 552
1513 T 430175 45 429820 58 3 0 6 0 0 243
1514 A 436295 435747 52 4 41 2 0 0 0 449
1515 T 438238 21 437985 64 5 0 3 0 0 160
1516 T 435650 27 435336 65 4 0 3 0 0 215
1517 C 434135 46 74 433725 15 0 0 4 0 271
1518 A 429688 429268 35 8 139 3 0 0 0 235
1519 G 430527 63 84 12 429970 0 0 0 4 394
1520 A 416775 416417 12 7 43 3 0 0 0 293
1521 A 406554 406316 22 4 56 4 0 0 0 152
1522 G 392417 55 72 14 391823 0 0 0 2 451
1523 A 387693 387423 35 8 55 0 0 0 0 172
1524 A 390478 389998 28 4 65 3 0 0 0 380
1525 T 391162 38 390851 49 6 0 1 0 0 217
1526 C 393572 33 56 393275 13 0 0 2 0 193
1527 A 392873 392618 19 16 59 5 0 0 0 156
1528 A 443309 442872 17 4 73 7 0 0 0 336
1529 A 443690 442976 12 19 151 16 0 0 0 516
1530 G 391076 93 40 4 390577 0 0 0 6 356
1531 T 389053 18 388450 65 8 0 3 0 0 509
1532 T 379653 24 379387 49 7 0 1 0 0 185
1533 G 390330 133 83 9 389785 0 0 0 7 313
1534 A 407730 407210 28 6 85 9 0 0 0 392
1535 A 409450 408520 34 15 166 13 0 0 0 702
1536 C 410549 54 73 409915 22 0 0 3 0 482
1537 A 363847 363428 26 30 99 10 0 0 0 254
1538 G 469505 98 367 14 468835 0 0 0 12 179
1539 G 479518 135 205 13 478866 0 0 0 30 269
1540 G 499839 112 67 15 499318 0 0 0 7 320
1541 A 499812 498958 33 9 378 6 0 0 0 428
1542 A 485309 484936 17 18 114 11 0 0 0 213
1543 A 496156 495631 9 21 98 10 0 0 0 387
1544 A 491777 491095 36 32 371 27 0 0 0 216
1545 G 523976 192 76 10 522810 0 0 0 12 876
1546 A 524211 523604 108 8 88 28 0 0 0 375
1547 T 520355 54 519668 72 16 0 10 0 0 535
1548 A 511612 511256 31 3 153 9 0 0 0 160
1549 G 504087 95 152 14 503536 0 0 0 7 283
1550 A 503964 503436 35 10 107 9 0 0 0 367
1551 T 504741 49 504224 55 7 0 9 0 0 397
1552 G 492045 115 93 12 491629 0 0 0 11 185
1553 G 500121 140 117 18 499528 0 0 0 7 311
1554 A 474838 474353 48 12 157 1 0 0 0 267
1555 G 476883 64 44 12 476312 0 0 0 1 450
1556 T 514995 37 513120 77 12 0 4 0 0 1745
1557 G 515551 116 75 11 514781 0 0 0 4 564
1558 A 538999 538640 29 22 128 7 0 0 0 173
1559 A 541385 540855 18 17 76 8 0 0 0 411
1560 A 547310 546848 41 16 65 3 0 0 0 337
1561 T 540942 27 540357 55 5 0 9 0 0 489
1562 T 534081 21 533552 67 8 0 6 0 0 427
1563 G 535987 110 209 24 535051 0 0 0 2 591
1564 G 546539 77 83 17 545958 0 0 0 6 398
1565 A 549317 548622 30 18 116 12 0 0 0 519
1566 A 564291 563898 28 6 102 6 0 0 0 251
1567 T 558174 56 557309 138 26 0 10 0 0 635
1568 C 628252 68 97 627818 23 0 0 11 0 235
1569 A 628976 627884 39 89 102 25 0 0 0 837
1570 A 647805 647259 67 13 91 9 0 0 0 366
1571 T 639354 144 638619 90 39 0 10 0 0 452
1572 G 610924 203 776 19 609764 0 0 0 17 145
1573 G 632160 85 435 18 631336 0 0 0 18 268
1574 G 654726 124 401 39 653887 0 0 0 10 265
1575 G 659534 147 164 25 658598 0 0 0 33 567
1576 G 678672 114 151 26 678158 0 0 0 9 214
1577 T 591286 56 587704 86 80 0 14 0 0 3346
1578 G 637280 229 115 28 636682 0 0 0 6 220
1579 T 622854 51 621610 173 11 0 29 0 0 980
1580 A 635912 635263 76 13 103 13 0 0 0 444
1581 T 640323 62 639609 140 7 0 23 0 0 482
1582 C 632345 66 87 631792 29 0 0 21 0 350
1583 A 609931 609245 44 19 254 11 0 0 0 358
1584 G 640160 116 124 12 639495 0 0 0 10 403
1585 A 621520 620418 27 8 88 33 0 0 0 946
1586 T 623339 25 622753 81 16 0 13 0 0 451
1587 T 502894 19 502183 76 7 0 7 0 0 602
1588 C 496661 57 48 496351 9 0 0 8 0 188
1589 T 479974 40 479443 107 14 0 3 0 0 367
1590 G 487097 90 67 17 486690 0 0 0 4 229
1591 G 486513 51 45 17 486031 0 0 0 7 362
1592 C 467908 77 142 467266 35 0 0 2 0 386
1593 G 459473 97 60 20 459004 0 0 0 2 290
1594 A 540501 539844 44 7 81 17 0 0 0 508
1595 T 544571 25 543721 75 50 0 7 0 0 693
1596 C 656741 79 56 656289 17 0 0 17 0 283
1597 T 654264 43 653313 213 52 0 41 0 0 602
1598 A 728939 727794 56 19 85 10 0 0 0 975
1599 C 735994 75 114 735076 24 0 0 37 0 668
1600 T 735941 98 735248 172 12 0 17 0 0 394
1601 C 749323 94 120 747829 29 0 0 21 0 1230
1602 A 723752 723218 25 32 155 14 0 0 0 308
1603 A 766089 765003 56 19 129 26 0 0 0 856
1604 C 759146 79 82 758682 25 0 0 27 0 251
1605 T 718793 30 718040 184 18 0 15 0 0 506
1606 G 727766 148 218 26 727090 0 0 0 11 273
1607 T 689732 88 688641 127 24 0 11 0 0 841
1608 C 692147 72 141 691714 26 0 0 3 0 191
1609 G 729253 237 134 37 728250 0 0 0 5 590
1610 C 730538 87 75 729949 20 0 0 19 0 388
1611 C 751048 82 162 750252 35 0 0 7 0 510
1612 A 710108 709604 38 34 133 4 0 0 0 295
1613 G 730526 129 97 13 729644 0 0 0 9 634
1614 T 728639 59 727914 87 21 0 17 0 0 541
1615 T 712590 40 711524 116 10 0 7 0 0 893
1616 C 726009 89 144 725299 35 0 0 7 0 435
1617 A 674691 673400 73 50 126 14 0 0 0 1028
1618 C 678755 51 74 678189 15 0 0 6 0 420
1619 T 665332 34 664382 133 9 0 9 0 0 765
1620 G 668846 135 138 24 667983 0 0 0 16 550
1621 G 721596 134 100 17 720873 0 0 0 10 462
1622 T 688361 67 685798 103 109 0 11 0 0 2273
1623 G 690340 188 195 32 689176 0 0 0 10 739
1624 C 710294 57 142 709592 219 0 0 9 0 275
1625 T 696092 14 694737 440 21 0 16 0 0 864
1626 T 700337 25 699865 124 9 0 9 0 0 305
1627 T 637054 18 636600 115 13 0 3 0 0 305
1628 T 635795 43 634889 103 217 0 6 0 1 536
1629 G 625025 127 205 21 624444 0 0 0 7 221
1630 G 648141 151 208 25 647340 0 0 0 6 411
1631 T 643706 60 642325 219 34 0 12 0 0 1056
1632 C 650034 120 140 649391 30 0 0 1 0 352
1633 T 615117 35 614309 363 33 0 11 0 0 366
1634 C 744342 111 124 743761 21 0 0 18 0 307
1635 C 788887 142 97 787815 47 0 0 65 0 721
1636 C 787877 383 224 786948 19 0 0 6 0 297
1637 T 781118 46 779475 477 149 0 21 0 0 950
1638 G 778551 226 555 44 777411 0 0 0 25 290
1639 G 767286 101 401 39 766012 0 0 0 15 718
1640 G 817413 125 550 34 815954 0 0 0 9 741
1641 G 815345 97 94 30 814482 0 0 0 63 579
1642 G 804854 221 122 342 803492 0 0 0 22 655
1643 C 616181 132 136 615497 150 0 0 6 0 260
1644 A 610513 609980 66 23 85 6 0 0 0 353
1645 A 645854 645185 74 5 120 1 0 0 0 469
1646 T 646635 39 645966 162 11 0 5 0 0 452
1647 C 645099 85 91 644385 24 0 0 6 0 508
1648 A 640409 639897 24 18 171 8 0 0 0 291
1649 G 699009 95 106 12 698385 0 0 0 10 401
1650 T 690355 45 689413 97 22 0 31 0 0 747
1651 T 710390 34 709409 98 16 0 6 0 0 827
1652 T 695272 42 694168 102 9 0 20 0 0 931
1653 C 699226 58 93 698313 28 0 0 15 0 719
1654 T 696828 39 696027 173 77 0 10 0 0 502
1655 G 690232 170 135 25 689618 0 0 0 3 281
1656 G 694601 79 114 19 693820 0 0 0 21 548
1657 A 687361 686578 52 3 119 10 0 0 0 599
1658 T 652883 42 652370 78 17 0 13 0 0 363
1659 G 659426 118 81 24 658853 0 0 0 5 345
1660 T 641537 42 640431 75 33 0 4 0 0 952
1661 G 704060 143 93 22 703254 0 0 0 6 542
1662 T 680507 36 679724 131 19 0 26 0 0 571
1663 T 681817 33 681296 90 9 0 8 0 0 381
1664 C 685728 85 73 685121 26 0 0 6 0 417
1665 T 675492 48 674948 133 11 0 15 0 0 337
1666 A 675774 675047 22 7 130 3 0 0 0 565
1667 A 670843 670389 56 10 78 3 0 0 0 307
1668 T 664061 49 663399 91 64 0 34 0 0 424
1669 G 659648 121 231 24 658938 0 0 0 15 319
1670 G 597041 67 127 31 596575 0 0 0 6 235
1671 G 595955 112 72 19 595012 0 0 0 5 735
1672 T 588658 56 587168 91 35 0 12 0 0 1296
1673 C 563415 61 97 562734 17 0 0 6 0 500
1674 T 551131 21 550638 144 22 0 9 0 0 297
1675 T 576557 21 575703 97 11 0 11 0 0 714
1676 T 577851 24 577160 118 62 0 20 0 0 467
1677 G 578766 130 123 83 577982 0 0 0 23 425
1678 C 573279 94 280 572266 54 0 0 8 0 577
1679 A 516682 516261 23 20 177 23 0 0 0 178
1680 G 562706 118 75 14 562182 0 0 0 15 302
1681 T 530479 41 529353 85 14 0 17 0 0 969
1682 G 591827 222 102 23 590988 0 0 0 12 480
1683 C 437717 43 76 437305 18 0 0 16 0 259
1684 A 436548 436088 28 12 109 7 0 0 0 304
1685 G 510800 72 93 32 510366 0 0 0 15 222
1686 A 510334 509911 36 4 93 29 0 0 0 261
1687 A 542552 541971 38 4 95 15 0 0 0 429
1688 T 541934 39 541430 67 3 0 10 0 0 385
1689 A 524846 524182 50 7 116 11 0 0 0 480
1690 T 531229 34 530583 94 2 0 10 0 0 506
1691 G 522897 159 106 20 522317 0 0 0 7 288
1692 C 528729 59 154 527789 22 0 0 19 0 686
1693 A 526506 526065 37 23 80 18 0 0 0 283
1694 T 480342 27 479836 70 4 0 11 0 0 394
1695 C 479520 47 43 479254 11 0 0 6 0 159