# nucleotide counts
# upper case indicates nucleotide called by both reads
# lower case indicates nucleotide called by one read with other ambiguous
# N indicates disagreement between reads, or both ambiguous
# POSITION WT COUNTS A T C G a t c g N
1 A 469841 469613 34 7 122 18 0 0 0 47
2 T 471766 42 471608 62 6 0 18 0 0 30
3 G 471858 74 47 9 471696 0 0 0 10 22
4 G 469520 21 39 13 469416 0 0 0 10 21
5 C 448495 32 116 448284 24 0 0 5 0 34
6 G 457324 101 15 11 457145 0 0 0 8 44
7 T 467729 16 467450 80 6 0 13 0 0 164
8 C 470862 13 47 470757 11 0 0 11 0 23
9 C 471996 22 38 471878 15 0 0 8 0 35
10 C 470795 52 52 470632 12 0 0 26 0 21
11 A 468713 468461 45 18 105 50 0 0 0 34
12 A 468985 468652 39 11 220 16 0 0 0 47
13 G 470515 45 35 4 470380 0 0 0 29 22
14 G 480374 49 38 29 480193 0 0 0 27 38
15 C 448399 44 50 448243 16 0 0 19 0 27
16 A 410591 409865 26 19 62 10 0 0 0 609
17 C 401179 10 30 401096 7 0 0 19 0 17
18 C 390809 33 27 390653 9 0 0 44 0 43
19 A 389289 389182 17 4 57 9 0 0 0 20
20 A 386462 386341 11 2 74 13 0 0 0 21
21 A 385587 385392 14 16 82 19 0 0 0 64
22 C 384854 11 94 384701 8 0 0 19 0 21
23 G 356523 45 16 17 356409 0 0 0 15 21
24 G 357855 45 25 11 357746 0 0 0 13 15
25 T 359406 20 358954 58 23 0 11 0 0 340
26 C 376481 15 47 376358 18 0 0 24 0 19
27 T 403898 18 403765 65 6 0 26 0 0 18
28 T 371188 26 371001 64 4 0 61 0 0 32
29 A 372940 372690 32 7 180 15 0 0 0 16
30 T 367062 39 366829 54 24 0 80 0 0 36
31 G 376896 51 31 15 376767 0 0 0 16 16
32 A 387853 387697 24 3 68 38 0 0 0 23
33 A 359352 359179 33 24 65 19 0 0 0 32
34 C 344473 21 62 344357 6 0 0 13 0 14
35 A 305181 305006 21 5 117 16 0 0 0 16
36 G 354064 22 24 10 353971 0 0 0 19 18
37 A 370786 370645 24 3 70 12 0 0 0 32
38 T 372676 31 372526 61 7 0 31 0 0 20
39 G 375161 32 33 7 375061 0 0 0 15 13
40 G 364921 31 23 11 364734 0 0 0 91 31
41 A 366327 366185 24 4 70 9 0 0 0 35
42 A 374255 374081 12 3 98 9 0 0 0 52
43 A 375374 375208 17 8 76 11 0 0 0 54
44 C 406371 14 21 406273 7 0 0 28 0 28
45 T 379168 11 379067 54 9 0 10 0 0 17
46 G 388707 31 35 13 388594 0 0 0 13 21
47 A 386724 386559 21 4 78 4 0 0 0 58
48 T 388403 33 388254 48 5 0 39 0 0 24
49 G 388016 43 58 5 387880 0 0 0 11 19
50 G 394029 34 36 8 393901 0 0 0 23 27
51 G 391816 52 27 13 391693 0 0 0 7 24
52 G 395234 62 11 8 395088 0 0 0 8 57
53 A 381193 381049 23 4 82 7 0 0 0 28
54 A 383326 383094 11 10 106 13 0 0 0 92
55 C 392973 17 75 392829 12 0 0 18 0 22
56 G 393747 125 30 39 393456 0 0 0 9 88
57 C 401333 22 35 401230 14 0 0 8 0 24
58 C 399063 24 63 398938 10 0 0 13 0 15
59 A 397075 396766 26 10 184 30 0 0 0 59
60 G 405854 31 52 23 405705 0 0 0 16 27
61 A 404009 403889 19 0 47 32 0 0 0 22
62 A 416260 416054 31 2 124 15 0 0 0 34
63 T 395222 30 395117 36 6 0 3 0 0 30
64 G 411495 59 25 19 411282 0 0 0 33 77
65 C 419159 25 122 418945 18 0 0 17 0 32
66 A 400248 400068 19 4 90 41 0 0 0 26
67 A 425435 425182 38 10 122 12 0 0 1 70
68 C 421912 13 14 421853 7 0 0 9 0 16
69 T 417458 27 417283 72 7 0 22 0 0 47
70 G 420058 48 36 7 419930 0 0 0 18 19
71 A 393637 393388 31 7 119 50 0 0 0 42
72 G 421904 41 23 8 421781 0 0 0 30 21
73 A 391647 391507 26 7 48 15 0 0 0 44
74 T 428423 31 428234 62 2 0 31 0 0 63
75 C 402974 29 41 402835 13 0 0 41 0 15
76 A 380023 379641 23 14 227 84 0 0 0 34
77 G 394826 32 48 6 394697 0 0 0 16 27
78 A 393177 393016 7 1 85 8 0 0 0 60
79 G 414033 35 40 13 413903 0 0 0 21 21
80 C 404480 28 97 404285 11 0 0 24 0 35
81 A 385324 385125 18 8 66 51 0 0 0 56
82 T 393551 31 393377 53 5 0 7 0 0 78
83 C 394969 34 26 394844 14 0 0 20 0 31
84 C 399149 42 65 398989 12 0 0 16 0 25
85 G 388244 68 16 7 388116 0 0 0 8 29
86 T 390808 32 390615 49 11 0 21 0 0 80
87 C 390113 23 92 389948 12 0 0 16 0 22
88 G 392478 79 24 8 392318 0 0 0 6 43
89 G 394533 50 33 16 394394 0 0 0 26 14
90 G 403511 37 32 18 403402 0 0 0 11 11
91 A 402439 402279 31 1 63 13 0 0 0 52
92 A 401390 401181 21 5 140 14 0 0 0 29
93 G 392324 27 22 3 392232 0 0 0 10 30
94 A 385900 385776 31 2 34 18 0 0 0 39
95 T 381253 27 381138 48 5 0 5 0 0 30
96 G 385903 25 21 8 385771 0 0 0 8 70
97 A 402198 402055 26 1 73 16 0 0 0 27
98 T 401679 34 401553 40 1 0 23 0 0 28
99 T 393284 28 393149 57 10 0 15 0 0 25
100 G 394343 50 27 12 394211 0 0 0 20 23
101 A 392045 391884 32 6 66 11 0 0 0 46
102 T 385292 28 385163 56 3 0 12 0 0 30
103 G 381031 48 24 10 380929 0 0 0 17 3
104 G 391986 32 33 7 391889 0 0 0 8 17
105 A 380588 380437 30 3 79 14 0 0 0 25
106 A 369560 369342 24 2 112 7 0 0 0 73
107 T 371983 24 371869 35 3 0 18 0 0 34
108 T 368105 18 367931 50 8 0 83 0 0 15
109 G 374290 51 26 14 374155 0 0 0 21 23
110 G 369465 30 19 6 369373 0 0 0 17 20
111 A 356278 355986 25 8 123 9 0 0 0 127
112 C 364074 20 68 363927 7 0 0 20 0 32
113 G 321783 41 26 12 321640 0 0 0 24 40
114 A 365412 365286 35 3 26 25 0 0 0 37
115 T 371035 22 370899 70 3 0 20 0 0 21
116 T 344358 26 344258 40 3 0 10 0 0 21
117 C 345490 24 28 345400 12 0 0 8 0 18
118 T 339513 35 339305 82 6 0 61 0 0 24
119 A 352561 352276 47 10 118 27 0 0 0 83
120 C 351288 27 52 351127 11 0 0 26 0 45
121 A 321697 321604 16 5 46 7 0 0 0 19
122 T 328398 31 328270 44 2 0 8 0 0 43
123 C 305837 18 24 305755 5 0 0 23 0 12
124 C 309040 16 49 308946 2 0 0 7 0 20
125 A 307714 307591 16 13 43 33 0 0 0 18
126 A 297488 297408 10 7 40 12 0 0 0 11
127 A 297401 297308 13 0 65 7 0 0 0 8
128 T 285880 12 285793 34 4 0 10 0 0 27
129 G 331880 45 19 9 331735 0 0 0 30 42
130 T 316279 36 315899 66 4 0 32 0 0 242
131 G 317871 53 32 14 317732 0 0 0 9 31
132 C 317786 33 82 317625 15 0 0 8 0 23
133 A 313348 313105 37 5 50 6 0 0 0 145
134 C 311286 10 20 311222 10 0 0 10 0 14
135 T 300033 14 299925 51 4 0 10 0 0 29
136 G 333419 40 19 15 333312 0 0 0 14 19
137 A 349487 349367 15 0 47 16 0 0 0 42
138 A 361400 361177 33 5 68 18 0 0 0 99
139 C 387185 17 33 387089 4 0 0 19 0 23
140 T 386921 6 386794 56 4 0 35 0 0 26
141 T 386336 40 386155 55 3 0 43 0 0 40
142 A 390222 390014 34 1 124 28 0 0 0 21
143 A 390185 389988 12 5 101 34 0 0 0 45
144 A 415956 415676 19 30 77 20 0 0 0 134
145 C 414447 13 46 414343 7 0 0 20 0 18
146 T 385610 14 385491 62 4 0 7 0 0 32
147 C 396096 39 37 395966 7 0 0 9 0 38
148 A 385400 385133 23 13 207 4 0 0 0 20
149 G 419455 25 16 13 419370 0 0 0 22 9
150 T 417323 55 416950 62 12 0 6 0 0 238
151 G 458692 35 27 4 458571 0 0 0 35 20
152 A 471153 470970 24 4 73 17 0 0 0 65
153 T 446479 43 446283 64 1 0 62 0 0 26
154 T 465035 12 464916 65 2 0 17 0 0 23
155 A 466753 466355 37 1 263 64 0 0 0 33
156 T 469311 39 469141 58 12 0 26 0 0 35
157 G 470766 64 49 12 470607 0 0 0 13 21
158 A 440762 440456 44 17 193 11 0 0 0 41
159 G 442869 48 69 10 442705 0 0 0 19 18
160 G 405573 41 33 11 405454 0 0 0 8 26
161 G 395832 53 23 8 395625 0 0 0 12 111
162 G 395215 26 27 10 395083 0 0 0 25 44
163 C 373711 22 96 373498 24 0 0 7 0 64
164 G 377794 68 39 8 377614 0 0 0 4 61
165 A 377823 377523 37 5 39 3 0 0 0 216
166 C 378764 13 40 378687 9 0 0 3 0 12
167 T 376311 30 376143 74 8 0 8 0 0 48
168 G 372526 41 26 14 372413 0 0 0 15 17
169 A 408450 408308 41 0 42 17 0 0 0 42
170 T 396519 32 396381 52 2 0 8 0 0 44
171 C 390989 33 40 390877 6 0 0 5 0 28
172 C 390723 29 45 390602 12 0 0 17 0 18
173 A 377180 376941 23 7 88 96 0 0 0 25
174 G 379583 40 21 6 379476 0 0 0 11 29
175 A 363638 363548 17 4 38 5 0 0 0 26
176 A 363903 363665 27 6 118 5 0 0 0 82
177 C 365753 11 45 365651 8 0 0 20 0 18
178 A 292851 292753 8 9 58 11 0 0 0 12
179 G 299408 13 35 5 299325 0 0 0 10 20
180 C 296804 17 20 296743 8 0 0 2 0 14
181 T 295797 16 295699 46 3 1 18 0 0 14
182 T 298723 30 298604 59 1 0 8 0 0 21
183 A 293957 293787 24 2 90 39 0 0 0 15
184 A 313536 313342 29 13 85 32 0 0 0 35
185 C 327998 39 29 327844 5 0 0 29 0 52
186 A 309954 309850 21 4 39 26 0 0 0 14
187 A 321140 320963 28 3 114 22 0 0 0 10
188 T 291320 33 291175 28 3 0 58 0 0 23
189 A 302484 302217 20 3 214 16 0 0 0 14
190 G 308079 29 26 4 307984 0 0 0 13 23
191 A 314960 314814 18 6 70 30 0 0 0 22
192 G 318164 24 14 7 318071 0 0 0 25 23
193 A 290154 289959 26 3 83 39 0 0 0 44
194 G 306267 33 15 7 306137 0 0 0 31 44
195 A 308474 308333 11 4 57 32 0 0 0 37
196 A 317065 316903 24 1 104 18 0 0 0 15
197 T 319012 40 318814 40 6 0 12 0 0 100
198 G 309779 23 26 10 309614 0 0 0 43 63
199 G 313370 38 13 12 313254 0 0 0 22 31
200 T 294457 28 293901 44 7 0 20 0 0 457
201 G 318422 50 23 14 318292 0 0 0 14 29
202 C 318086 18 27 318004 6 0 0 10 0 21
203 T 318664 17 318515 34 8 0 10 0 0 80
204 C 324844 22 29 324763 6 0 0 5 0 19
205 T 324826 17 324693 54 5 0 13 0 0 44
206 C 348472 20 25 348374 11 0 0 20 0 22
207 T 346634 34 346475 70 3 0 17 0 0 35
208 G 352391 56 37 15 352250 0 0 0 15 18
209 C 352554 21 27 352454 26 0 0 6 0 20
210 T 343634 9 343458 116 9 0 7 0 0 35
211 T 350919 8 350803 81 4 0 9 0 0 14
212 T 345698 13 345586 27 19 0 23 0 0 30
213 T 335288 36 335177 46 18 0 3 0 0 8
214 G 337894 51 15 22 337774 0 0 0 6 26
215 A 333422 333248 16 11 78 4 0 0 0 65
216 C 341147 13 136 340943 17 0 0 7 0 31
217 G 330495 48 30 9 330330 0 0 0 11 67
218 A 316142 316054 16 1 39 7 0 0 0 25
219 A 316962 316860 11 1 68 9 0 0 0 13
220 A 318338 318154 14 2 133 11 0 0 0 24
221 G 321355 35 20 11 321272 0 0 0 4 13
222 A 326253 326159 23 5 40 5 0 0 0 21
223 A 326069 325922 15 4 101 11 0 0 0 16
224 G 341056 36 40 4 340950 0 0 0 10 16
225 G 383701 42 39 12 383559 0 0 0 23 26
226 A 376906 376782 32 3 54 12 0 0 0 23
227 A 393009 392811 38 3 105 24 0 0 0 28
228 T 375318 49 375133 50 4 0 31 0 0 51
229 A 373159 372813 36 1 226 75 0 0 0 8
230 A 374448 374292 33 5 87 12 0 0 0 19
231 A 368593 368472 27 5 50 27 0 0 0 12
232 T 370671 35 370534 53 5 0 24 0 0 20
233 A 332047 331815 24 7 149 19 0 0 0 33
234 T 288688 18 288603 30 3 0 9 0 0 25
235 C 294795 8 24 294722 5 0 0 22 0 14
236 T 277491 25 277358 74 10 0 6 0 0 18
237 G 279213 36 19 7 279111 0 0 0 20 20
238 G 272218 22 21 14 272127 0 0 0 10 24
239 A 267800 267714 16 0 46 9 0 0 0 15
240 A 254632 254385 10 1 209 6 0 0 0 21
241 G 264652 31 20 9 264534 0 0 0 15 43
242 A 257702 257614 19 1 33 15 0 0 0 20
243 A 293143 292905 25 5 108 33 0 0 0 67
244 C 295446 17 33 295358 7 0 0 20 0 11
245 A 284974 284873 12 7 34 34 0 0 0 14
246 T 383323 30 383074 76 1 0 33 0 0 109
247 C 377894 24 35 377775 10 0 0 28 0 22
248 C 396425 22 33 396300 15 0 0 24 0 31
249 C 397120 29 48 396971 10 0 0 22 0 40
250 A 381101 380890 9 10 106 48 0 0 0 38
251 G 412072 33 23 12 411967 0 0 0 14 23
252 C 408512 31 104 408314 30 0 0 10 0 23
253 G 408193 52 50 44 408011 0 0 0 10 26
254 C 413472 22 58 413286 37 0 0 13 0 56
255 G 412979 65 29 49 412787 0 0 0 33 16
256 G 450320 44 47 21 450174 0 0 0 24 10
257 G 445400 43 45 19 445249 0 0 0 15 29
258 G 462163 69 48 8 461991 0 0 0 26 21
259 A 463643 463361 36 4 152 16 0 0 0 74
260 A 460515 460227 23 10 151 78 0 0 0 26
261 G 468596 53 117 9 468369 0 0 0 15 33
262 G 475670 52 44 12 475492 0 0 0 27 43
263 A 474170 473959 55 3 80 6 0 0 0 67
264 T 472974 39 472763 78 4 0 11 0 0 79
265 C 450941 20 42 450852 9 0 0 3 0 15
266 C 443205 35 41 443061 10 0 0 41 0 17
267 T 431412 24 431186 140 4 0 19 0 0 39
268 A 431571 431364 11 4 162 11 0 0 0 19
269 A 431418 430999 13 3 383 8 0 0 0 12
270 G 431284 44 17 5 431180 0 0 0 18 20
271 A 412994 412851 24 3 68 29 0 0 0 19
272 A 404108 403915 6 3 131 12 0 0 0 41
273 A 395335 395197 5 5 100 16 0 0 0 12
274 A 369867 369583 27 22 150 8 0 0 0 77
275 C 373095 10 22 372957 3 0 0 7 0 96
276 T 358720 12 358595 62 12 0 13 0 0 26
277 G 356743 50 19 15 356636 0 0 0 11 12
278 G 355518 37 38 13 355336 0 0 0 9 85
279 A 350833 350616 23 4 109 23 0 0 0 58
280 G 345389 35 40 4 345249 0 0 0 20 41
281 G 341218 35 24 6 341093 0 0 0 11 49
282 A 329733 329298 33 4 52 3 0 0 0 343
283 C 353407 25 27 353307 9 0 0 10 0 29
284 C 346618 20 27 346545 6 0 0 11 0 9
285 C 345481 38 43 345362 12 0 0 11 0 15
286 A 382538 382397 40 6 28 24 0 0 0 43
287 T 374540 43 374346 55 2 0 60 0 0 34
288 A 439810 439647 31 0 77 38 0 0 0 17
289 T 438485 35 438318 80 1 0 33 0 0 18
290 A 394494 394161 52 14 49 134 0 0 0 84
291 C 401369 41 42 401247 4 0 0 28 0 7
292 A 345254 345071 24 10 96 41 0 0 0 12
293 A 346883 346630 24 10 182 16 0 0 0 21
294 G 341811 18 20 8 341690 0 0 0 39 36
295 A 263608 263485 13 3 49 31 0 0 0 27
296 G 267293 18 28 9 267215 0 0 0 12 11
297 A 249799 249691 16 5 48 13 0 0 0 26
298 G 254813 22 12 10 254753 0 0 0 3 13
299 T 260130 22 259190 28 5 0 15 0 0 870
300 A 269805 269564 26 7 176 12 0 0 0 20
301 G 293567 20 26 7 293465 0 0 0 24 25
302 A 290583 290473 21 2 32 12 0 0 0 43
303 T 310576 36 310439 58 4 0 14 0 0 25
304 A 306859 306630 12 2 183 10 0 0 0 22
305 G 314068 30 22 7 313964 0 0 0 34 11
306 A 313252 313157 12 1 55 12 0 0 0 15
307 A 314430 314236 16 3 147 12 0 0 0 16
308 A 313698 313545 8 2 126 5 0 0 0 12
309 G 325655 27 17 2 325569 0 0 0 18 22
310 T 327322 31 326947 45 13 0 12 0 0 274
311 G 334923 39 22 13 334805 0 0 0 14 30
312 G 335729 20 29 14 335616 0 0 0 3 47
313 A 335786 335671 25 2 48 10 0 0 0 30
314 T 339010 38 338882 36 3 0 6 0 0 45
315 G 350349 37 28 5 350252 0 0 0 15 12
316 A 353144 352968 27 5 97 11 0 0 0 36
317 G 354461 45 47 3 354332 0 0 0 3 31
318 G 352397 25 32 13 352282 0 0 0 5 40
319 G 353694 166 45 17 353386 0 0 0 12 68
320 A 355400 355234 14 3 46 15 0 0 0 88
321 A 356991 356587 17 4 80 19 0 0 0 284
322 C 358402 14 25 358331 4 0 0 10 0 18
323 T 356005 29 355840 43 4 0 7 0 0 82
324 C 351060 37 53 350913 10 0 0 24 0 23
325 G 343222 61 21 11 343083 0 0 0 10 36
326 T 353781 31 353569 55 7 0 27 0 0 92
327 C 377275 20 37 377169 8 0 0 14 0 27
328 C 397808 8 28 397709 4 0 0 42 0 17
329 T 416577 18 416428 91 1 0 26 0 0 13
330 T 416826 16 416716 37 4 0 36 0 0 17
331 T 405944 37 405799 68 5 0 23 0 0 12
332 A 381696 381389 57 2 99 107 0 0 0 42
333 T 376859 43 376695 56 24 0 21 0 0 20
334 G 378335 54 27 14 378178 0 0 0 31 31
335 A 337365 337123 37 11 64 10 0 0 0 120
336 C 342945 27 52 342776 11 0 0 20 0 59
337 A 303200 303098 15 11 52 11 0 0 0 13
338 A 307507 307368 24 2 93 11 0 0 0 9
339 A 313840 313571 20 4 201 22 0 0 0 22
340 G 367304 34 35 13 367166 0 0 0 22 34
341 A 380686 380571 14 2 67 9 0 0 0 23
342 A 376435 376258 10 0 130 12 0 0 0 25
343 G 424895 80 20 2 424692 0 0 0 35 66
344 A 446323 446085 22 1 88 84 0 0 0 43
345 A 447488 447355 15 4 86 13 0 0 0 15
346 A 448487 448306 40 0 116 9 1 0 0 15
347 T 443782 56 443546 53 0 0 54 0 0 73
348 A 439251 438939 21 18 246 16 0 0 0 11
349 A 433274 432863 34 22 326 10 0 0 0 19
350 G 431034 43 37 9 430916 0 0 0 8 21
351 G 430920 21 22 7 430839 0 0 0 8 23
352 C 415073 25 69 414892 22 0 0 6 0 59
353 G 412648 45 35 14 412455 0 0 0 15 84
354 A 423467 423363 18 1 36 29 0 0 0 20
355 A 438024 437883 15 2 71 14 0 0 0 39
356 T 436463 21 436184 43 1 0 6 0 0 208
357 C 436385 29 29 436290 6 0 0 9 0 22
358 T 427303 33 427096 67 7 0 16 0 0 84
359 G 432782 48 16 12 432609 0 0 0 25 72
360 G 422526 33 30 10 422419 0 0 0 8 26
361 C 428636 32 118 428358 18 0 0 18 0 92
362 G 428620 101 30 21 428399 0 0 0 11 58
363 C 425587 19 22 425506 4 0 0 17 0 19
364 C 413938 28 53 413688 9 0 0 9 0 151
365 A 413276 413127 25 5 77 20 0 0 0 22
366 A 431771 431608 22 5 94 10 0 0 0 32
367 G 486036 83 23 15 485870 0 0 0 17 28
368 C 485846 38 68 485673 23 0 0 18 0 26
369 C 522751 31 45 522609 12 0 0 31 0 23
370 A 524518 524337 16 14 66 49 0 0 0 36
371 A 534953 534729 40 4 62 82 0 0 0 36
372 T 545334 75 545124 76 5 0 22 0 0 32
373 A 539136 538703 34 2 291 73 0 0 0 33
374 A 543203 542952 38 4 180 15 0 0 0 14
375 T 519685 34 519502 49 14 0 40 0 0 46
376 G 489330 44 42 16 489157 0 0 0 30 41
377 G 448965 31 28 12 448845 0 0 0 31 18
378 T 407108 36 406476 56 9 0 12 0 0 519
379 G 409693 32 26 7 409591 0 0 0 13 24
380 A 406162 406001 35 4 74 17 0 0 1 30
381 T 405206 40 405048 58 2 0 16 0 0 42
382 G 401470 33 31 11 401361 0 0 0 10 24
383 A 403077 402920 33 1 68 12 0 0 0 43
384 T 410139 41 409984 68 7 0 6 0 0 33
385 G 405123 59 31 14 404958 0 0 0 28 33
386 C 399214 25 59 399079 14 0 0 9 0 28
387 A 395528 395357 8 3 95 33 0 0 0 32
388 A 390673 390420 24 8 122 46 0 0 0 53
389 C 373642 14 34 373554 9 0 0 16 0 15
390 A 364193 364005 17 1 133 15 0 0 0 22
391 G 365467 18 31 13 365338 0 0 0 23 44
392 C 348896 28 14 348814 8 0 0 12 0 20
393 T 337062 17 336940 34 5 0 29 0 0 37
394 G 386307 34 17 4 386217 0 0 0 19 16
395 G 395918 29 36 8 395801 0 0 0 18 26
396 T 396473 44 396124 59 1 0 5 0 0 240
397 C 424314 24 36 424171 16 0 0 21 0 46
398 T 412646 16 412444 101 5 0 52 1 0 27
399 G 470952 69 32 20 470752 0 0 0 43 36
400 A 472365 471983 48 7 92 11 0 0 0 224
401 C 499749 26 36 499629 14 0 0 14 0 30
402 T 509846 41 509661 87 2 0 12 0 0 43
403 C 510190 38 50 509960 14 0 0 88 0 40
404 A 508091 507763 46 6 109 18 0 0 0 149
405 C 553362 31 75 553125 17 0 0 61 0 53
406 A 553317 553133 26 10 119 5 0 0 0 24
407 T 567189 55 566984 75 5 0 38 0 0 32
408 G 536362 43 33 12 536237 0 0 0 22 15
409 A 555115 554832 42 5 96 103 0 0 0 37
410 T 536413 53 536191 77 11 0 22 0 0 59
411 G 541871 44 28 9 541747 0 0 0 20 23
412 A 527968 527790 38 6 75 10 0 0 0 49
413 T 523571 38 523378 64 4 0 36 0 0 51
414 C 470999 18 39 470900 12 0 0 13 0 17
415 T 463037 42 462815 104 11 0 21 0 0 44
416 G 447720 71 19 7 447589 0 0 0 6 28
417 G 449313 46 55 17 449163 0 0 0 6 26
418 C 436570 36 94 436372 15 0 0 7 0 46
419 A 434043 433870 30 4 75 10 0 0 0 54
420 T 426032 11 425929 61 0 0 14 0 0 17
421 T 422689 31 422500 74 4 0 10 0 0 70
422 C 423248 29 44 423141 12 0 0 6 0 16
423 C 421623 43 51 421492 10 0 0 6 0 21
424 A 421933 421799 19 6 63 7 0 0 0 39
425 A 419497 419352 26 1 87 5 0 0 0 26
426 T 415163 17 415064 30 2 0 7 0 0 43
427 T 414782 21 414698 36 3 0 10 0 0 14
428 T 410443 13 410324 58 13 0 16 0 0 19
429 G 413333 43 32 15 413169 0 0 0 11 63
430 A 403978 403851 25 4 71 12 0 0 0 15
431 A 403621 403454 11 2 78 16 0 0 0 60
432 T 409546 34 409387 62 8 0 22 0 0 33
433 G 386775 39 24 6 386646 0 0 0 25 35
434 A 418010 417870 28 3 67 20 0 0 0 22
435 T 415759 39 415631 56 3 0 10 0 0 20
436 A 416158 415761 38 2 192 51 0 0 1 113
437 C 446359 29 67 446204 13 0 0 37 0 9
438 A 428121 427874 14 22 104 81 0 0 0 26
439 A 502803 502495 35 13 150 46 0 0 0 64
440 C 507597 32 40 507471 6 0 0 24 0 24
441 A 511514 511274 28 13 73 83 0 0 0 43
442 T 527110 33 526942 61 2 0 45 0 0 27
443 A 448595 447992 34 10 119 97 0 0 0 343
444 C 464503 25 39 464403 9 0 0 17 0 10
445 C 466715 29 48 466571 19 0 0 21 0 27
446 A 465996 465691 38 18 185 34 0 0 0 30
447 G 481731 42 51 8 481579 0 0 0 29 22
448 A 432492 432271 21 10 111 39 0 0 0 40
449 G 476263 65 39 11 476106 0 0 0 19 23
450 G 471110 51 20 8 470967 0 0 0 9 55
451 A 475183 474859 47 8 90 36 0 0 0 143
452 C 482601 11 62 482459 9 0 0 22 0 38
453 A 474328 474028 32 6 169 46 0 0 0 47
454 A 490157 489659 25 10 400 28 0 0 0 35
455 G 506892 33 27 12 506747 0 0 0 22 51
456 A 527632 527430 12 4 102 23 0 0 0 61
457 G 546347 37 44 13 546201 0 0 0 17 35
458 C 569967 41 27 569819 21 0 0 17 0 42
459 T 569519 12 569293 85 4 0 22 0 0 103
460 C 575847 27 47 575709 9 0 0 11 0 44
461 T 574399 37 574207 99 4 0 28 0 0 24
462 T 582577 35 582407 75 7 0 28 0 0 25
463 G 587222 55 17 8 587117 0 0 0 9 16
464 T 594994 54 594731 76 3 0 25 0 0 105
465 T 594296 29 594094 75 8 0 10 0 0 80
466 C 599054 23 122 598830 23 0 0 17 0 39
467 G 596475 175 92 31 596115 0 0 0 10 52
468 C 610355 28 112 610151 13 0 0 5 0 46
469 A 604749 603904 52 12 119 2 0 0 0 660
470 C 607626 17 81 607466 14 0 0 9 0 39
471 C 603269 40 99 603056 12 0 0 17 0 45
472 G 614383 174 26 15 614080 0 0 0 47 41
473 G 620968 140 46 21 620684 0 0 0 14 63
474 C 648250 40 113 647967 34 0 0 26 0 70
475 A 651436 651143 59 8 170 11 0 0 0 45
476 T 686319 41 686021 86 7 0 87 0 0 77
477 G 688002 100 76 19 687675 0 0 0 86 46
478 G 720964 59 126 13 720675 0 0 0 34 57
479 A 753690 753415 42 4 107 31 0 0 0 91
480 T 766136 77 765807 105 7 0 28 0 0 112
481 C 715664 44 74 715451 19 0 0 44 0 32
482 C 679690 45 54 679462 14 0 0 93 0 22
483 C 635280 67 71 635013 19 0 0 74 0 36
484 A 644148 643668 25 12 336 42 0 0 0 65
485 G 676652 59 71 21 676394 0 0 0 72 35
486 G 649428 37 32 11 649250 0 0 0 38 60
487 A 618246 617949 48 2 127 45 0 0 0 75
488 T 548055 22 547865 45 17 0 23 0 0 83
489 G 558789 76 30 12 558586 0 0 0 37 48
490 T 541576 57 541110 97 13 0 38 0 0 261
491 G 542250 109 48 24 542020 0 0 0 11 38
492 C 545943 29 50 545784 21 0 0 20 0 39
493 T 527386 32 527172 77 20 0 25 0 0 60
494 C 544828 32 49 544598 22 0 0 17 0 110
495 T 520861 18 520670 69 7 0 34 0 0 63
496 C 527324 34 40 527193 15 0 0 13 0 29
497 T 525623 42 525402 112 10 0 20 0 0 37
498 G 498975 48 24 10 498810 0 0 0 43 40
499 A 499872 499715 37 5 66 11 0 0 0 38
500 T 492818 46 492612 73 3 0 47 0 0 37
501 G 485837 83 60 24 485645 0 0 0 5 20
502 C 487803 39 76 487586 22 0 0 27 0 53
503 A 461302 461017 15 15 187 13 0 0 0 55
504 G 463885 44 28 7 463784 0 0 0 16 6
505 G 442665 39 14 14 442580 0 0 0 9 9
506 G 464878 54 26 12 464699 0 0 0 18 69
507 T 452277 17 451180 65 11 0 12 0 0 992
508 T 456687 31 456483 50 2 0 67 0 0 54
509 C 458336 38 94 458142 11 0 0 16 0 35
510 G 458482 86 39 13 458255 0 0 0 47 42
511 A 462736 461695 43 5 92 11 0 0 0 890
512 C 459112 16 37 459003 8 0 0 3 0 45
513 T 448118 28 447928 80 3 0 10 0 0 69
514 C 499816 34 33 499689 9 0 0 16 0 35
515 T 515736 27 515451 133 5 0 31 0 0 89
516 C 651034 37 136 650742 14 0 0 64 0 41
517 C 641197 41 62 641018 24 0 0 13 0 39
518 C 639077 45 64 638838 14 0 0 102 0 14
519 T 635643 66 635374 131 4 0 30 0 0 38
520 A 704115 703271 47 5 550 176 0 0 0 66
521 G 672049 49 53 16 671875 0 0 0 36 20
522 G 652796 60 53 11 652611 0 0 0 28 33
523 A 605459 605134 38 10 159 19 0 0 0 99
524 G 611424 42 30 10 611304 0 0 0 19 19
525 G 594879 36 22 7 594775 0 0 0 22 17
526 T 588347 34 587490 70 8 0 27 0 0 718
527 C 583048 24 55 582895 11 0 0 19 0 44
528 T 600963 27 600643 206 10 0 39 0 0 38
529 G 601916 62 39 29 601696 0 0 0 69 21
530 G 603636 32 40 10 603473 0 0 0 23 58
531 A 601906 601636 21 4 132 27 0 0 0 86
532 G 613766 43 36 12 613587 0 0 0 18 70
533 C 608120 41 41 607977 10 0 0 20 0 31
534 T 589428 13 589185 132 6 0 16 0 0 76
535 G 591023 200 48 18 590717 0 0 0 12 28
536 C 593960 39 94 593750 14 0 0 22 0 41
537 A 596253 595778 40 20 366 13 0 0 0 36
538 G 610223 50 41 10 610025 0 0 0 20 77
539 G 617376 38 33 17 617222 0 0 0 28 38
540 C 613831 28 91 613591 37 0 0 11 0 73
541 G 607758 133 36 21 607497 0 0 0 11 60
542 C 611468 36 32 611355 10 0 0 8 0 27
543 T 601383 12 601114 167 11 0 14 0 0 65
544 G 618261 221 48 23 617931 0 0 0 18 20
545 C 608983 52 190 608682 18 0 0 8 0 33
546 A 644006 643672 34 16 202 24 0 0 0 58
547 G 661320 75 30 10 661125 0 0 0 9 71
548 T 669027 45 668650 85 34 0 35 0 0 178
549 C 677132 44 120 676867 18 0 0 23 0 60
550 A 673308 672829 42 34 240 127 0 0 0 36
551 A 669389 668883 44 9 398 36 0 0 0 19
552 A 669481 668570 61 53 689 31 0 0 0 77
553 G 644765 50 53 11 644608 0 0 0 32 11
554 G 664529 69 31 13 664346 0 0 0 47 23
555 A 587192 586917 37 10 115 19 0 0 0 94
556 G 576905 49 35 10 576764 0 0 0 16 31
557 T 560611 42 560123 75 15 0 30 0 0 326
558 T 545443 30 545268 64 16 0 21 0 0 44
559 G 552964 53 55 11 552736 0 0 0 77 32
560 G 554668 63 39 16 554465 0 0 0 35 50
561 G 556674 76 24 15 556501 0 0 0 33 25
562 A 543339 542953 57 26 108 34 0 0 0 161
563 C 477336 30 53 477156 12 0 0 30 0 55
564 A 420505 420302 23 10 71 69 0 0 0 30
565 A 334002 333857 25 4 84 7 0 0 0 25
566 T 336604 23 336525 20 8 0 5 0 0 23
567 G 345922 29 14 5 345850 0 0 0 13 11
568 G 352160 24 26 6 352061 0 0 0 25 18
569 T 320870 40 320141 55 8 0 15 0 0 611
570 G 320878 38 21 10 320740 0 0 0 25 44
571 A 317441 317300 32 4 47 11 0 0 0 47
572 T 317855 39 317719 40 2 0 26 0 0 29
573 G 313178 34 12 7 313100 0 0 0 14 11
574 G 286944 23 32 2 286870 0 0 0 8 9
575 A 342287 342103 27 8 81 34 0 0 0 34
576 G 358637 42 20 7 358498 0 0 0 30 40
577 T 350354 24 350086 40 21 0 11 0 0 172
578 T 401128 27 400952 69 14 0 48 0 0 18
579 G 424201 45 38 10 424084 0 0 0 13 11
580 A 427032 426810 44 0 96 30 0 0 0 52
581 T 416915 33 416763 68 8 0 13 0 0 30
582 A 414258 413904 20 0 233 82 0 0 0 19
583 A 404677 404258 26 11 325 41 0 0 0 16
584 G 430305 36 41 7 430189 0 0 0 21 11
585 G 458213 44 30 11 458088 0 0 0 25 15
586 A 459285 459109 35 4 71 25 0 0 0 41
587 T 421476 34 421320 57 7 0 18 0 0 40
588 G 439683 45 31 6 439536 0 0 0 48 17
589 A 442790 442616 38 5 78 13 0 0 0 40
590 T 444285 65 444081 59 3 0 10 0 0 67
591 C 441955 33 37 441836 19 0 0 11 0 19
592 A 439248 439050 11 6 95 55 0 0 0 31
593 A 424807 424653 8 6 102 20 0 0 0 18
594 A 426290 426004 16 24 154 6 0 0 0 86
595 C 416130 17 57 415988 16 0 0 9 0 43
596 G 408735 55 50 20 408595 0 0 0 5 10
597 T 392974 13 392651 46 9 0 23 0 0 232
598 G 387856 37 37 9 387748 0 0 0 7 18
599 G 392468 43 32 12 392344 0 0 0 15 22
600 G 405849 52 18 7 405739 0 0 0 10 23
601 A 407286 407104 55 0 63 15 0 0 0 49
602 T 410433 21 410310 45 4 0 16 0 0 37
603 C 401935 19 42 401819 10 0 0 22 0 23
604 A 397981 397810 13 5 117 7 0 0 0 29
605 A 398862 398759 24 1 48 6 0 0 0 24
606 T 397811 26 397708 52 5 0 3 0 0 17
607 G 406048 40 21 10 405844 0 0 0 10 123
608 A 398057 397896 33 5 66 17 0 0 0 40
609 T 377392 31 377251 41 1 0 23 0 0 45
610 C 390671 23 60 390551 8 0 0 7 0 22
611 G 389607 80 31 12 389447 0 0 0 23 14
612 G 426975 34 26 22 426850 0 0 0 28 15
613 A 427919 427757 20 2 61 27 0 0 0 52
614 A 416594 416355 19 4 83 10 0 0 0 123
615 C 511456 25 31 511324 5 0 0 37 0 34
616 T 497882 21 497713 88 5 0 27 0 0 28
617 T 487846 14 487686 62 5 0 26 0 0 53
618 C 497242 21 57 497114 13 0 0 22 0 15
619 T 499055 33 498671 141 21 0 159 0 0 30
620 G 501403 80 35 12 501242 0 0 0 10 24
621 G 506434 60 40 16 506283 0 0 0 18 17
622 A 497501 497230 36 3 124 15 0 0 0 93
623 G 476445 34 45 7 476306 0 0 0 36 17
624 A 386375 386133 30 27 105 12 0 0 0 68
625 G 418404 44 29 8 418286 0 0 0 21 16
626 G 445822 29 33 7 445714 0 0 0 19 20
627 T 423635 42 421579 55 38 0 15 0 0 1906
628 G 421017 51 43 11 420884 0 0 0 6 22
629 A 419796 419585 35 3 94 65 0 0 0 14
630 A 423369 423205 18 4 116 19 0 0 0 7
631 A 426332 426092 7 1 125 7 0 0 0 100
632 A 422987 422807 55 1 74 13 0 0 0 37
633 T 409037 13 408931 38 16 0 13 0 0 26
634 G 387104 46 32 10 386963 0 0 0 13 40
635 G 386871 34 33 7 386782 0 0 0 6 9
636 A 387312 387112 23 5 95 9 0 0 0 68
637 C 378313 28 89 378161 16 0 0 1 0 18
638 G 376478 83 16 17 376334 0 0 0 2 26
639 A 377014 376915 13 4 51 7 0 0 0 24
640 A 380387 380267 10 1 81 12 0 0 0 16
641 A 381424 381296 7 1 83 5 0 0 0 32
642 A 378807 378669 8 6 86 8 0 0 0 30
643 A 377168 377001 29 38 61 4 0 0 0 35
644 C 371760 26 21 371658 3 0 0 25 0 27
645 A 370411 370274 15 9 84 14 0 0 0 15
646 A 368430 368144 20 9 209 28 0 0 0 20
647 G 378624 14 29 4 378549 0 0 0 17 11
648 G 358985 35 23 6 358895 0 0 0 14 12
649 A 343478 343355 22 5 65 4 0 0 0 27
650 G 349400 40 10 7 349315 0 0 0 9 19
651 T 330027 32 329132 42 12 0 5 0 0 804
652 G 346851 31 23 15 346737 0 0 0 18 27
653 C 342372 13 26 342294 14 0 0 8 0 17
654 T 337830 15 337696 51 7 0 46 0 0 15
655 T 360617 13 360511 65 1 0 17 0 0 10
656 A 344191 343861 20 15 129 103 0 0 0 63
657 C 377439 18 90 377275 15 0 0 24 0 17
658 G 376723 64 27 11 376546 0 0 0 41 34
659 A 345623 345491 27 12 63 5 0 0 0 25
660 G 385162 30 26 7 385041 0 0 0 43 15
661 A 314864 314734 19 8 68 20 0 0 0 15
662 G 323247 41 17 7 323124 0 0 0 21 37
663 A 316094 315981 14 7 35 27 0 0 0 30
664 A 274839 274736 18 1 53 13 0 0 0 18
665 T 276669 19 276573 30 3 0 21 0 0 23
666 G 287590 41 12 3 287492 0 0 0 14 28
667 T 336315 30 335973 85 7 0 21 0 0 199
668 G 349842 46 50 15 349620 0 0 0 44 67
669 C 351468 18 70 351308 19 0 0 14 0 39
670 A 347022 346880 18 10 57 40 0 0 0 17
671 A 354297 354085 39 8 90 9 0 0 0 66
672 C 379408 17 32 379303 0 0 0 32 0 24
673 A 374719 374612 21 7 45 14 0 0 0 20
674 T 363215 22 363101 58 2 0 11 0 0 21
675 T 363278 16 363171 52 4 0 16 0 0 19
676 C 369174 10 34 369082 5 0 0 9 0 34
677 T 368222 36 368043 88 6 0 6 0 0 43
678 C 382628 34 39 382503 5 0 0 10 0 37
679 A 380971 380812 14 18 66 18 0 0 0 43
680 A 381631 381494 23 1 72 11 0 0 0 30
681 A 381254 381040 13 3 183 3 0 0 0 12
682 G 390548 51 22 6 390431 0 0 0 7 31
683 G 398968 35 20 16 398860 0 0 0 8 29
684 A 395346 395208 28 3 77 8 0 0 0 22
685 A 394124 394010 7 2 89 3 0 0 0 13
686 A 394309 394170 6 4 98 15 0 0 0 16
687 A 417687 417513 34 2 88 14 0 0 0 36
688 T 418515 29 418406 48 3 0 7 0 0 22
689 T 411665 11 411536 62 1 0 12 0 0 43
690 T 411394 28 411240 69 4 0 19 0 0 34
691 C 392443 27 50 392301 8 0 0 43 0 14
692 A 391048 390822 21 10 122 7 0 0 0 66
693 A 390402 390266 14 3 92 7 0 0 0 20
694 A 390849 390676 14 19 78 19 0 0 0 43
695 C 405689 25 37 405594 8 0 0 15 0 10
696 A 379601 379502 18 6 53 5 0 0 0 17
697 G 392113 27 36 14 391992 0 0 0 14 30
698 C 396574 31 33 396467 11 0 0 17 0 15
699 T 365034 14 364822 83 3 0 31 0 0 81
700 G 388777 124 27 19 388539 1 0 0 27 40
701 C 327572 21 35 327440 16 0 0 46 0 14
702 A 329305 329053 35 15 66 9 0 0 0 127
703 C 324227 33 50 324095 5 0 0 11 0 33
704 A 324337 324177 13 15 66 37 0 0 0 29
705 A 323013 322848 29 5 95 22 0 0 0 14
706 A 312932 312755 11 6 132 16 0 0 0 12
707 G 345841 31 23 5 345723 0 0 0 28 31
708 G 345361 53 11 7 345245 0 0 0 15 30
709 G 325548 30 15 25 325414 0 0 0 28 36
710 C 322997 23 73 322826 19 0 0 15 0 41
711 A 319089 318930 15 4 59 59 0 0 0 22
712 A 342535 342391 20 3 62 37 0 0 0 22
713 T 324378 21 324252 36 9 0 19 0 0 41
714 G 326044 32 22 10 325956 0 0 0 13 11
715 A 304584 304444 31 4 54 10 0 0 0 41
716 T 318880 25 318689 34 8 0 69 0 0 55
717 G 317615 39 64 8 317476 0 0 0 17 11
718 G 348292 31 23 9 348193 0 0 0 17 19
719 A 348403 348274 36 5 49 7 0 0 0 32
720 T 342844 28 342690 56 0 0 7 0 0 63
721 C 330299 18 41 330204 8 0 0 8 0 20
722 A 331463 331293 31 3 91 32 0 0 0 13
723 A 375794 375582 28 5 110 17 0 0 0 52
724 G 379820 34 15 2 379751 0 0 0 8 10
725 T 380590 31 380313 61 6 0 8 0 0 171
726 G 385006 39 38 6 384874 0 0 0 22 27
727 A 376218 376009 41 5 94 37 0 0 0 32
728 G 390316 35 24 6 390195 0 0 0 19 37
729 A 389081 388871 36 7 129 8 0 0 0 30
730 G 391869 63 37 7 391703 0 0 0 9 50
731 A 384938 384798 16 1 79 14 0 0 0 30
732 A 375799 375613 15 1 130 23 0 0 0 17
733 A 399633 399394 7 3 179 21 0 0 0 29
734 G 406461 38 13 7 406368 0 0 0 12 23
735 T 406260 30 405949 40 4 0 12 0 0 225
736 C 395536 25 84 395389 5 0 0 7 0 26
737 G 391913 71 37 8 391744 0 0 0 20 33
738 G 395607 48 165 8 395324 0 0 0 16 46
739 A 393881 393763 12 5 53 15 0 0 0 33
740 A 397114 396689 27 8 84 9 0 0 0 297
741 C 403043 21 39 402938 9 0 0 8 0 28
742 C 439940 19 25 439837 12 0 0 27 0 20
743 C 450888 43 54 450736 9 0 0 23 0 23
744 A 450157 449960 25 14 95 25 0 0 0 38
745 G 466968 44 32 12 466809 0 0 0 44 27
746 G 462928 51 17 8 462816 0 0 0 14 22
747 A 460321 460164 15 6 77 24 0 0 0 35
748 A 465467 465266 21 3 89 49 0 0 0 39
749 A 437238 437066 27 1 81 28 0 0 0 35
750 T 462381 38 462135 83 14 0 50 0 0 61
751 G 467621 46 42 21 467471 0 0 0 11 30
752 C 502430 74 61 502224 19 0 0 27 0 25
753 T 487048 13 486859 103 14 0 26 0 0 33
754 G 492177 64 31 6 492007 0 0 0 48 21
755 A 463726 463449 31 20 142 28 0 0 0 56
756 G 470167 56 36 11 470011 0 0 0 25 28
757 A 468243 468055 33 3 78 11 0 0 0 63
758 T 471646 33 471472 50 3 0 24 0 0 64
759 C 460245 37 88 460058 7 0 0 21 0 34
760 G 458046 94 38 28 457790 0 0 0 68 28
761 A 440460 440295 37 2 79 17 0 0 0 30
762 A 437577 437231 15 7 276 15 0 0 0 33
763 G 465662 28 19 11 465571 0 0 0 19 14
764 A 464918 464629 36 2 66 18 0 0 0 167
765 T 445250 23 445093 55 1 0 15 0 0 63
766 C 443159 16 32 443050 6 0 0 20 0 35
767 T 418546 36 418362 68 8 0 33 0 0 39
768 C 426401 30 46 426289 5 0 0 9 0 22
769 A 424846 424676 12 5 120 11 0 0 0 22
770 T 425429 33 425300 47 4 0 7 0 0 38
771 C 421485 11 31 421404 8 0 0 17 0 14
772 T 387188 21 387046 79 4 0 12 0 0 26
773 T 389926 14 389837 54 4 0 3 0 0 14
774 T 390619 21 390472 49 4 0 6 0 0 67
775 C 387005 8 29 386923 10 0 0 10 0 25
776 T 385421 29 385275 54 11 0 21 0 0 31
777 G 375382 47 20 14 375252 0 0 0 29 20
778 G 380260 48 23 17 380140 0 0 0 13 19
779 C 377694 29 81 377490 16 0 0 10 0 68
780 A 376716 376463 31 6 114 7 0 0 0 95
781 C 372759 13 95 372599 7 0 0 30 0 15
782 G 389680 44 22 7 389541 0 0 0 24 42
783 G 396707 44 11 12 396617 0 0 0 11 12
784 T 395546 28 395183 57 4 0 9 0 0 265
785 C 397252 21 41 397156 7 0 0 14 0 13
786 T 404459 9 404188 105 6 0 125 0 0 26
787 G 398327 81 36 23 398120 0 0 0 38 29
788 C 408929 39 76 408740 16 0 0 30 0 28
789 A 394505 394013 41 5 88 29 0 0 0 329
790 C 388902 17 38 388788 5 0 0 31 0 23
791 T 346277 14 346133 73 3 0 23 0 0 31
792 C 376380 34 57 376180 12 0 0 32 0 65
793 A 386286 386136 37 7 50 14 0 0 0 42
794 T 376932 17 376785 58 3 0 51 0 0 18
795 A 366764 366463 23 1 108 9 0 0 0 160
796 T 389528 23 389337 40 6 0 101 1 0 20
797 T 396105 20 395878 73 9 0 31 0 0 94
798 G 446465 71 33 9 446247 0 0 0 47 58
799 A 443961 443570 41 6 109 12 0 0 0 223
800 G 490967 47 53 15 490785 0 0 0 37 30
801 A 456835 454403 21 8 147 10 0 0 0 2246
802 G 465779 80 38 7 465621 0 0 0 17 16
803 G 497490 42 28 9 497362 0 0 0 19 30
804 G 499247 50 32 15 498922 0 0 0 17 211
805 T 502415 35 501700 67 6 0 17 0 0 590
806 C 505595 23 66 505126 17 0 0 19 0 344
807 A 502159 501602 42 11 136 36 0 0 0 332
808 G 513953 34 26 6 513337 0 0 0 12 538
809 T 512949 27 512775 55 6 0 4 0 0 82
810 T 510520 37 510252 84 11 0 13 0 0 123
811 G 516495 66 25 27 516003 0 0 0 13 361
812 C 507544 19 57 507397 18 0 0 10 0 43
813 T 508441 16 507126 98 11 0 8 0 0 1182
814 C 515322 42 49 515158 13 0 0 4 0 56
815 A 514058 513403 77 12 73 3 0 0 0 490
816 C 517461 26 55 514595 11 0 0 9 0 2765
817 A 512918 512789 16 10 76 8 0 0 0 19
818 A 516744 516483 17 2 198 15 0 0 0 29
819 A 516420 515982 34 7 121 8 0 0 0 268
820 T 514655 20 514433 45 0 0 11 0 0 146
821 C 510654 17 17 508600 2 0 0 2 0 2016
822 T 509898 27 509717 59 5 0 57 0 0 33
823 T 494405 12 494218 81 11 0 5 0 0 78
824 G 494349 48 25 14 493747 0 0 0 16 499
825 T 474889 62 474598 74 5 0 6 0 0 144
826 C 475022 37 50 474694 9 0 0 26 0 206
827 T 418120 35 416683 25 15 0 11 0 0 1351
828 G 418101 29 40 18 415898 0 0 1 4 2111
829 C 413461 32 117 413235 31 0 0 19 0 27
830 C 412022 36 76 411810 13 0 0 33 0 54
831 C 346922 38 91 346740 10 0 0 14 0 29
832 G 319972 87 25 28 319718 0 0 0 17 97
833 C 329903 36 26 329812 10 0 0 13 0 6
834 C 328215 31 41 328065 3 0 0 12 0 63
835 T 318068 16 317720 220 25 0 6 0 0 81
836 G 313534 42 25 13 313403 0 0 0 21 30
837 T 302517 24 302210 53 7 0 32 0 1 190
838 G 319299 29 18 6 319178 0 0 0 21 47
839 T 278824 28 278643 43 9 0 17 0 0 84
840 G 303823 61 11 6 303376 1 0 0 69 299
841 T 220200 17 220067 34 3 0 17 0 0 62
842 A 222529 221990 15 3 126 45 1 0 0 349
843 T 219837 18 217909 22 11 0 18 0 0 1859
844 G 217453 29 8 7 217359 0 0 0 43 7
845 G 235587 36 23 11 235210 1 0 0 12 294
846 A 230451 159455 31 10 68 16 0 0 0 70871
847 C 233195 6 46 233074 41 0 0 14 0 14
848 C 231367 25 21 231255 39 0 0 18 0 9
849 T 219196 26 219090 26 7 0 22 0 0 25
850 G 353123 125 37 11 352870 0 0 0 50 30
851 C 355314 21 90 355158 19 0 0 17 0 9
852 C 352939 17 88 352764 8 0 1 21 0 40
853 G 352886 71 23 9 352735 0 0 0 19 29
854 T 361022 26 360776 74 5 0 80 0 0 61
855 A 369883 369656 12 5 179 11 0 0 0 20
856 G 383975 35 25 7 383880 0 0 0 8 20
857 C 384311 19 39 384223 16 0 0 2 0 12
858 C 396396 15 65 396269 9 0 0 8 0 30
859 A 459701 459509 33 17 71 49 0 0 0 22
860 G 465374 48 16 21 465256 0 0 0 15 18
861 T 465208 41 464976 53 16 0 8 0 0 114
862 G 498555 64 22 17 498400 0 0 0 11 41
863 G 497484 31 29 14 497393 0 0 0 0 17
864 C 502260 25 54 502109 17 0 0 27 0 28
865 T 499454 13 499264 135 1 0 20 0 0 21
866 A 502326 501940 33 2 191 52 0 0 0 108
867 C 498298 26 100 498138 11 0 0 3 0 20
868 G 526902 67 18 2 526778 0 0 0 11 26
869 A 526972 526746 34 2 59 9 0 0 0 122
870 C 530366 13 40 530267 8 0 0 12 0 26
871 T 510415 4 510288 77 3 0 6 0 0 37
872 T 512441 26 512320 64 1 0 4 0 0 26
873 C 511272 40 92 511090 19 0 0 3 0 28
874 G 513917 81 21 23 513760 0 0 0 9 23
875 A 514163 514009 34 2 92 1 0 0 0 25
876 A 514137 513983 9 0 114 17 0 0 0 14
877 A 513192 512991 5 7 158 9 0 0 0 22
878 A 513022 512839 16 2 122 11 0 0 0 32
879 A 508346 507923 14 1 348 9 0 0 0 51
880 G 510787 63 33 10 510630 0 0 0 11 40
881 A 499869 499601 39 6 136 20 0 0 0 67
882 G 491414 39 33 18 491244 0 0 0 10 70
883 G 488152 32 40 6 488047 0 0 0 10 17
884 G 483082 61 61 8 482888 0 0 0 36 28
885 A 462053 461771 38 2 64 20 0 0 0 158
886 T 456791 32 456574 65 4 0 35 0 0 81
887 A 395284 393981 20 3 118 20 0 0 0 1142
888 C 392884 21 31 392776 5 0 0 20 0 31
889 T 344280 41 344119 54 3 0 16 0 0 47
890 C 351471 25 25 351391 4 0 0 7 0 19
891 T 365470 15 365289 79 6 0 39 0 0 42
892 T 360270 13 360165 52 1 0 28 0 0 11
893 T 361171 27 361039 50 6 0 30 0 0 19
894 A 362026 361686 17 4 225 78 0 0 0 16
895 G 373873 27 38 5 373770 0 0 0 25 8
896 T 356122 32 355701 52 30 0 15 0 0 292
897 G 347044 30 37 9 346941 0 0 0 18 9
898 G 346054 39 32 17 345882 0 0 0 53 31
899 G 313700 49 34 7 313550 0 0 0 36 24
900 A 384454 384261 37 2 63 34 0 0 0 57
901 A 393739 393565 42 8 66 26 0 0 0 32
902 T 394358 33 394197 55 6 0 39 0 0 28
903 A 388938 388634 13 2 160 108 0 0 0 21
904 G 395714 54 30 13 395564 0 0 0 19 34
905 A 399764 398607 42 20 46 14 0 0 0 1035
906 C 409367 32 36 409238 9 0 0 10 0 42
907 C 403907 16 25 403828 12 0 0 14 0 12
908 C 444707 29 41 444593 6 0 0 29 0 9
909 T 444799 20 444628 118 9 0 8 0 0 16
910 T 452253 31 452105 67 5 0 21 0 0 24
911 T 434683 32 434542 65 1 0 5 0 0 38
912 C 435781 36 65 435571 7 0 0 81 0 21
913 A 434541 434381 10 12 114 9 0 0 0 15
914 A 437262 437125 23 2 83 10 0 0 0 19
915 A 442502 442236 24 15 98 7 0 0 0 122
916 C 443056 10 27 442994 8 0 0 7 0 10
917 T 435318 11 435167 89 11 0 1 0 0 39
918 G 441577 56 31 12 441445 0 0 0 4 29
919 C 445447 24 21 445364 16 0 0 4 0 18
920 T 446399 16 446258 85 4 0 8 0 0 28
921 T 445789 44 445617 69 5 0 5 0 0 49
922 C 450365 25 43 450261 8 0 0 17 0 11
923 A 449097 448883 24 13 107 29 0 0 0 41
924 A 449429 449256 21 1 92 8 0 0 0 51
925 A 449400 449215 6 13 146 4 0 0 0 16
926 A 448747 448423 25 15 149 5 0 0 0 130
927 C 451677 21 51 451558 15 0 0 16 0 16
928 A 439713 439583 17 9 65 20 0 0 0 19
929 G 459769 60 34 19 459613 0 0 0 15 28
930 C 463480 46 59 463335 19 0 0 7 0 14
931 C 483371 24 79 483208 14 0 0 23 0 23
932 A 479046 478846 27 8 61 20 0 0 0 84
933 A 480561 480380 15 3 94 45 0 0 0 24
934 G 547512 53 19 12 547358 0 0 0 41 29
935 T 561308 35 560834 58 4 0 88 0 0 289
936 A 546980 546727 30 2 176 17 0 0 0 28
937 T 537908 27 537750 67 5 0 23 0 0 36
938 A 520454 520013 46 5 161 129 0 0 0 100
939 C 505913 33 152 505664 15 0 0 34 0 15
940 A 492697 492450 17 17 144 27 0 0 0 42
941 G 567008 57 59 19 566810 0 0 0 26 37
942 C 575686 29 46 575526 20 0 0 37 0 28
943 C 504316 19 68 504186 9 0 0 18 0 16
944 T 560769 44 560411 143 6 0 131 0 0 34
945 A 588726 588394 21 4 143 122 0 0 0 42
946 A 592592 592288 43 2 192 34 0 0 0 33
947 T 600456 36 600223 71 4 0 24 0 0 98
948 C 544232 40 62 544057 16 0 0 37 0 20
949 A 502546 502267 18 12 192 33 0 0 0 24
950 G 504449 50 33 14 504276 0 0 0 6 70
951 A 505245 504892 21 6 81 2 0 0 0 243
952 C 516784 22 51 516671 12 0 0 8 0 20
953 C 508594 29 64 508461 11 0 0 8 0 21
954 G 510629 88 36 15 510433 0 0 0 18 39
955 A 521275 521144 29 4 67 12 0 0 0 19
956 A 531017 530663 27 4 221 21 0 0 0 81
957 C 528029 20 153 527729 15 0 0 6 0 106
958 G 528010 61 39 13 527861 0 0 0 8 28
959 A 547187 546937 54 2 89 33 0 0 0 72
960 G 551131 46 39 10 551001 0 0 0 7 28
961 A 560642 560468 19 5 63 28 0 0 0 59
962 A 581334 581133 28 3 130 11 0 0 0 29
963 T 580070 33 579839 78 3 0 17 0 0 100
964 C 579490 28 39 579388 10 0 0 6 0 19
965 C 582520 43 77 582335 24 0 0 12 0 29
966 A 576078 575759 16 11 185 43 0 0 0 64
967 G 591632 71 38 24 591428 0 0 0 19 52
968 C 584820 41 92 584620 20 0 0 6 0 41
969 A 618150 617681 59 11 121 26 0 0 0 252
970 C 645748 30 69 645595 8 0 0 19 0 27
971 A 628670 628207 66 12 106 47 0 0 0 232
972 C 639382 24 77 639230 10 0 0 16 0 25
973 A 636003 635685 18 12 187 66 0 0 0 35
974 A 643193 642735 40 8 349 37 0 0 0 24
975 G 650364 54 36 10 650097 0 0 0 33 134
976 A 612808 612556 33 8 89 23 0 0 0 99
977 G 618187 51 24 7 618022 0 0 0 37 46
978 T 540988 44 540054 62 8 0 50 0 0 770
979 C 566301 37 80 566088 15 0 0 46 0 35
980 A 535385 535037 21 6 256 18 0 0 0 47
981 G 536733 41 45 12 536581 0 1 0 31 22
982 C 536529 47 108 536286 18 0 0 38 0 32
983 T 449524 22 449355 81 6 0 20 0 0 40
984 G 476205 42 24 10 476073 0 0 0 30 26
985 G 483113 36 36 7 482982 0 0 0 24 28
986 T 477616 37 476857 60 23 0 21 0 0 618
987 G 552439 61 59 15 552235 0 0 0 53 16
988 T 537082 36 536634 62 17 0 106 0 0 227
989 G 536190 70 58 19 535966 0 0 0 58 19
990 G 475628 35 36 3 475521 0 0 0 6 27
991 A 472445 472203 33 6 58 13 0 0 0 132
992 T 478495 31 478336 44 4 0 20 0 0 60
993 G 466201 60 18 17 466032 0 0 0 28 46
994 G 462011 91 36 13 461836 0 0 0 14 21
995 C 466133 29 85 465936 25 0 0 11 0 47
996 A 471966 471758 30 10 102 25 0 0 0 41
997 T 488402 36 488212 93 3 0 14 0 0 44
998 G 492205 95 48 24 491964 0 0 0 26 48
999 C 501659 32 81 501490 15 0 0 17 0 24
1000 C 500569 106 71 500274 9 0 0 26 0 83
1001 A 498904 498720 26 1 54 15 0 0 0 88
1002 T 500035 29 499870 79 8 0 13 0 0 36
1003 T 486677 29 486527 40 5 0 50 0 0 26
1004 C 481428 71 50 481250 16 0 0 13 0 28
1005 T 463403 24 463211 91 7 0 36 0 0 34
1006 G 465519 87 38 24 465340 0 0 0 12 18
1007 C 477477 30 52 477311 19 0 0 27 0 38
1008 T 433605 16 433436 96 12 0 21 0 0 24
1009 G 437890 74 41 24 437707 0 0 0 17 27
1010 C 408523 21 60 408379 17 0 0 10 0 36
1011 A 403917 403744 25 4 44 6 0 0 0 94
1012 T 415790 22 415671 51 4 0 16 0 0 26
1013 T 408307 15 408211 45 2 0 18 0 0 16
1014 T 408848 14 408681 93 13 0 21 0 0 26
1015 G 406895 47 25 10 406781 0 0 0 11 21
1016 A 398276 398111 27 4 99 8 0 0 0 27
1017 A 398648 398442 38 7 129 10 0 0 0 22
1018 G 384720 22 16 8 384644 0 0 0 13 17
1019 A 400338 400156 38 3 43 18 0 0 0 80
1020 T 402551 25 402428 41 5 0 13 0 0 39
1021 C 395333 15 23 395250 8 0 0 22 0 15
1022 T 397091 26 396924 97 2 0 21 0 0 21
1023 A 384648 384468 7 1 101 63 1 0 0 7
1024 A 382984 382730 21 3 200 20 0 0 0 10
1025 G 385566 38 24 9 385453 0 0 0 9 33
1026 A 375767 375625 18 7 73 10 0 0 0 34
1027 G 407609 38 15 8 407484 0 0 0 37 27
1028 T 341352 25 340369 47 10 0 10 0 0 891
1029 A 337203 336988 21 2 151 14 0 0 0 27
1030 T 331166 27 331070 36 4 0 9 0 0 20
1031 T 328923 23 328748 51 4 0 76 0 0 21
1032 A 338486 338130 31 5 285 21 0 0 0 14
1033 A 305488 305356 9 4 89 13 0 0 0 17
1034 G 296723 15 23 10 296651 0 0 0 6 18
1035 C 297914 16 22 297817 5 0 0 20 0 34
1036 T 256313 3 256234 48 3 0 5 0 0 20
1037 T 302729 36 302583 38 5 0 48 0 0 19
1038 C 306767 22 29 306674 13 0 0 16 0 13
1039 A 315955 315819 26 3 48 21 0 0 0 38
1040 T 316517 27 316413 39 2 0 9 0 0 27
1041 C 311615 19 27 311507 4 0 0 43 0 15
1042 A 311824 311647 25 5 102 26 0 0 0 19
1043 G 305150 28 34 8 305042 0 0 0 7 31
1044 A 306821 306665 15 4 81 5 0 0 0 51
1045 G 304203 34 16 6 304106 0 0 0 15 26
1046 G 322827 24 18 5 322742 0 0 0 19 19
1047 G 390732 63 29 15 390548 0 0 0 34 43
1048 A 392856 392424 36 9 66 14 0 0 0 307
1049 C 398235 33 55 398091 13 0 0 15 0 28
1050 C 389683 40 23 389548 12 0 0 38 0 22
1051 A 395510 395314 26 21 59 62 0 0 0 28
1052 A 422275 422057 24 3 157 20 0 0 0 14
1053 A 420805 420455 17 14 285 9 0 0 0 25
1054 G 427564 39 30 11 427435 0 0 0 8 41
1055 T 421222 50 420732 53 13 0 17 0 0 357
1056 A 423818 423556 46 3 118 38 0 0 0 57
1057 T 428324 42 428037 86 7 0 24 0 0 128
1058 C 431853 20 43 431736 13 0 0 21 0 20
1059 C 429293 32 36 429180 13 0 0 8 0 24
1060 C 424451 38 28 424323 12 0 0 25 0 25
1061 C 403798 52 39 403671 6 0 0 14 0 16
1062 A 402321 402158 23 16 54 36 0 0 0 34
1063 A 396179 395891 19 6 202 12 0 0 0 49
1064 G 401456 58 40 5 401313 0 0 0 11 29
1065 G 392606 34 32 4 392510 0 0 0 12 14
1066 G 389724 21 23 6 389631 0 0 0 17 26
1067 G 364036 30 24 10 363949 0 0 0 10 13
1068 G 347884 88 12 10 347723 0 0 0 24 27
1069 A 345444 345288 21 0 54 11 0 0 0 70
1070 A 356717 356573 23 3 93 11 0 0 0 14
1071 A 358578 358300 24 33 106 12 0 0 0 103
1072 C 367415 31 25 367321 3 0 0 15 0 20
1073 T 352684 12 352514 128 1 0 7 0 0 22
1074 T 353454 16 353330 57 1 0 5 0 0 45
1075 T 363157 19 362995 71 8 0 20 0 0 44
1076 C 340225 21 33 340126 12 0 0 18 0 15
1077 C 362402 20 37 362297 11 0 0 8 0 29
1078 A 401922 401656 39 21 48 30 0 0 0 128
1079 C 412762 14 41 412656 5 0 0 20 0 26
1080 T 413681 23 413510 74 3 0 25 0 0 46
1081 A 400487 400205 28 7 132 90 0 0 0 25
1082 G 407298 27 26 9 407201 0 0 0 19 16
1083 A 410708 410572 23 1 50 29 0 0 0 33
1084 G 415106 30 22 9 415020 0 0 0 11 14
1085 G 434284 36 30 19 434146 0 0 0 34 19
1086 A 374097 373915 32 5 62 35 0 0 0 48
1087 G 425141 35 19 14 425015 0 0 0 26 32
1088 T 420590 35 419422 85 8 0 30 0 0 1010
1089 A 421889 421537 44 4 144 19 0 0 0 141
1090 C 427517 29 56 427369 9 0 0 26 0 28
1091 A 411370 411140 25 13 67 115 0 0 0 10
1092 A 411323 411123 32 5 119 27 0 0 0 17
1093 A 453516 453290 30 18 106 32 0 0 0 40
1094 T 444292 35 444135 64 2 0 30 0 0 26
1095 T 425287 20 425151 50 12 0 22 0 0 32
1096 G 375975 30 24 16 375877 0 0 0 4 24
1097 C 369492 16 29 369419 10 0 0 2 0 16
1098 T 369216 8 369095 72 5 0 6 0 0 30
1099 T 368758 30 368651 42 5 0 5 0 0 25
1100 C 367620 31 27 367515 14 0 0 11 0 22
1101 A 362587 362430 25 3 96 13 0 0 0 20
1102 A 368828 368686 9 3 87 11 0 0 0 32
1103 A 371818 371653 20 3 95 6 0 0 0 41
1104 T 373717 21 373628 36 3 0 8 0 0 21
1105 G 371325 44 26 15 371217 0 0 0 8 15
1106 A 368391 368287 12 3 53 17 0 0 0 19
1107 A 372876 372778 7 2 49 7 0 0 0 33
1108 A 374028 373924 2 4 72 9 0 0 0 17
1109 A 376044 375794 30 61 108 5 0 0 0 46
1110 C 391988 18 32 391896 3 0 0 13 0 26
1111 A 388901 388790 29 6 42 17 0 0 0 17
1112 T 405309 26 405197 30 7 0 25 0 0 24
1113 G 391812 35 35 11 391710 0 0 0 14 7
1114 G 389003 29 30 6 388881 0 0 0 39 18
1115 A 400208 400041 27 0 61 9 0 0 0 70
1116 T 396081 34 395964 36 6 0 5 0 0 36
1117 G 400205 43 25 11 400073 0 0 0 8 45
1118 C 459953 42 31 459804 20 0 0 31 0 25
1119 T 443651 10 443488 89 3 0 39 0 0 22
1120 A 444536 444341 41 4 103 13 0 0 0 34
1121 T 426875 27 426762 49 5 0 10 0 0 22
1122 G 435830 59 36 9 435610 0 0 0 98 18
1123 G 437828 40 32 18 437694 0 0 0 23 21
1124 A 412482 412322 26 3 59 44 0 0 0 28
1125 A 413141 412916 28 2 123 29 0 0 0 43
1126 T 366865 19 366714 37 2 0 27 0 0 66
1127 C 341401 14 35 341289 1 0 0 48 0 14
1128 A 336126 335915 28 7 152 8 0 0 0 16
1129 A 332888 332628 12 3 208 21 0 0 0 16
1130 G 336074 26 11 9 336003 0 0 0 4 21
1131 T 318688 25 318400 47 3 0 16 0 0 197
1132 A 313398 312345 16 6 148 12 0 0 0 871
1133 C 338816 12 31 338716 6 0 0 23 0 28
1134 T 323803 20 323661 35 3 0 18 0 0 66
1135 C 334676 16 25 334597 3 0 0 19 0 16
1136 T 297796 15 297688 74 3 0 3 0 0 13
1137 T 299491 15 299360 56 2 0 46 0 0 12
1138 G 302655 21 13 7 302595 0 0 0 6 13
1139 A 312528 312415 18 2 45 8 0 0 0 40
1140 A 314630 314504 29 3 49 4 0 0 0 41
1141 C 316139 14 29 316064 3 0 0 7 0 22
1142 T 304409 5 304302 74 5 0 8 0 0 15
1143 G 314678 44 19 6 314592 0 0 0 6 11
1144 A 321458 321294 22 3 68 10 0 0 0 61
1145 G 327689 15 14 11 327619 0 0 0 18 12
1146 A 326482 326367 27 4 57 7 0 0 0 20
1147 A 369538 369343 6 1 128 38 0 0 0 22
1148 G 375964 32 19 8 375873 0 0 0 8 24
1149 C 407811 31 72 407612 15 0 0 23 0 58
1150 A 405385 405130 30 6 171 14 0 0 0 34
1151 G 407369 16 25 5 407235 0 0 0 74 14
1152 G 474004 39 28 8 473857 0 0 0 44 28
1153 T 472900 40 472022 98 27 0 17 0 0 696
1154 A 477840 477405 56 10 213 12 0 0 0 144
1155 C 491481 37 54 491310 20 0 0 34 0 26
1156 T 461641 15 461386 83 26 0 107 0 0 24
1157 G 474057 55 52 13 473897 0 0 0 18 22
1158 G 482311 38 34 22 482172 0 0 0 22 23
1159 G 471287 71 44 34 471057 0 0 0 5 76
1160 C 502673 32 74 502449 23 0 0 30 0 65
1161 C 452412 20 75 452233 5 0 0 43 0 36
1162 A 467664 467478 43 9 60 45 0 0 0 29
1163 T 468236 39 468044 74 5 0 20 0 0 54
1164 A 462994 462576 13 1 376 7 0 0 0 21
1165 A 477595 477194 22 3 348 16 0 0 0 12
1166 G 468689 34 32 6 468563 0 0 0 34 20
1167 A 447748 447634 20 2 50 19 0 0 0 23
1168 A 445337 444953 39 4 74 4 0 0 0 263
1169 C 444501 22 21 444434 7 0 0 3 0 14
1170 C 467534 33 35 467436 6 0 0 16 0 8
1171 A 454950 454732 29 11 96 46 0 0 0 36
1172 G 465517 26 25 8 465412 0 0 0 22 24
1173 A 465903 465748 24 4 78 16 0 0 0 33
1174 A 460971 460790 15 2 136 8 0 0 0 20
1175 G 473815 33 23 7 473714 0 0 0 17 21
1176 T 447771 35 446961 40 19 0 32 0 0 684
1177 G 451043 49 31 14 450921 0 0 0 6 22
1178 G 461038 41 33 14 460916 0 0 0 13 21
1179 A 461302 460984 33 4 164 30 0 0 0 87
1180 G 468930 48 24 11 468813 0 0 0 20 14
1181 G 470169 30 32 13 470008 0 0 0 21 65
1182 A 444954 444772 30 4 74 24 0 0 0 50
1183 A 444313 444095 19 3 137 21 0 0 0 38
1184 A 444745 444481 21 36 102 14 0 0 0 91
1185 C 455025 30 35 454934 8 0 0 10 0 8
1186 A 454511 453970 58 18 80 18 0 0 0 367
1187 C 482289 26 29 482199 3 0 0 16 0 16
1188 T 469779 36 469532 134 13 0 28 0 0 36
1189 A 504191 503872 35 2 223 40 0 0 0 19
1190 A 530998 530791 35 3 134 18 0 0 0 17
1191 T 528418 48 528180 58 4 0 69 0 0 59
1192 C 535068 45 47 534903 9 0 0 39 0 25
1193 A 515758 515501 23 4 107 93 0 0 0 30
1194 A 520823 520554 47 19 125 20 0 0 0 58
1195 C 529509 33 58 529348 14 0 0 32 0 24
1196 A 458137 457817 24 10 248 24 0 0 0 14
1197 G 454173 30 37 14 454027 0 0 0 20 45
1198 A 414393 414183 25 14 125 26 0 0 0 20
1199 G 421541 41 48 9 421404 0 0 0 21 18
1200 G 447980 53 21 10 447848 0 0 0 24 24
1201 G 396733 37 30 27 396602 0 0 0 12 25
1202 C 403374 19 52 403228 18 0 0 7 0 50
1203 C 408512 24 35 408364 10 0 0 25 0 54
1204 T 405513 32 405275 112 9 0 45 0 0 40
1205 C 425741 64 32 425580 14 0 0 10 0 41
1206 T 415703 24 415494 111 11 0 26 0 0 37
1207 G 417410 57 27 18 417267 0 0 0 14 27
1208 C 413968 42 159 413710 21 0 0 18 0 18
1209 A 398278 397989 23 9 185 29 0 0 0 43
1210 G 425278 28 30 8 425181 0 0 0 12 19
1211 G 425084 43 15 6 425001 0 0 0 7 12
1212 T 428866 26 428168 82 13 0 6 0 0 571
1213 C 429460 28 52 429319 8 0 0 12 0 41
1214 A 417943 417708 25 18 90 73 0 0 0 29
1215 A 444825 444645 19 4 105 28 0 0 0 24
1216 A 434438 434239 39 0 113 16 0 0 0 31
1217 T 438036 31 437883 59 5 0 11 0 0 47
1218 C 436488 35 41 436371 5 0 0 16 0 20
1219 A 405553 405350 13 14 135 18 0 0 0 23
1220 G 431350 37 19 8 431252 0 0 0 15 19
1221 T 417566 40 417265 58 12 0 13 0 0 178
1222 G 420177 55 23 10 420015 0 0 0 8 66
1223 T 415039 34 414711 83 8 0 20 0 0 183
1224 G 401324 58 26 19 401143 0 0 0 35 43
1225 C 411766 38 171 411458 20 0 0 47 0 32
1226 A 406207 406044 16 9 72 20 0 0 0 46
1227 A 412480 412015 30 10 173 7 0 0 0 245
1228 C 412750 37 32 412644 7 0 0 11 0 19
1229 C 412791 37 29 412693 2 0 0 19 0 11
1230 T 375939 26 375702 146 14 0 23 0 0 28
1231 G 389021 118 35 14 388815 0 0 0 23 16
1232 C 424228 39 51 424039 30 0 0 33 0 36
1233 A 416144 415956 20 16 56 35 0 0 0 61
1234 T 424328 42 424170 34 2 0 56 0 0 24
1235 T 421606 15 421485 52 4 0 29 0 0 21
1236 T 398107 15 397949 59 2 0 25 0 0 57
1237 T 401124 13 401025 56 2 0 12 0 0 16
1238 C 374892 19 41 374791 9 0 0 16 0 16
1239 T 348324 12 348155 105 11 0 19 0 0 22
1240 G 375100 50 28 8 374981 0 0 0 16 17
1241 T 363927 42 363697 73 22 0 7 0 0 86
1242 G 374754 65 44 22 374579 0 0 0 12 32
1243 C 381610 37 67 381418 41 0 0 18 0 29
1244 A 376638 376458 18 26 71 42 0 0 1 22
1245 A 383965 383736 23 3 170 9 0 0 0 24
1246 A 382479 382222 11 4 216 10 0 0 0 16
1247 G 393994 59 29 11 393810 0 0 0 24 61
1248 A 389488 389374 20 2 54 20 0 0 0 18
1249 A 354371 354201 13 8 131 9 0 0 0 9
1250 A 370479 369555 17 15 126 11 0 0 0 755
1251 C 373377 22 16 373277 7 0 0 28 0 27
1252 C 393475 21 24 393382 6 0 0 17 0 25
1253 T 394648 36 394424 90 3 0 12 0 0 83
1254 C 389992 31 37 389888 13 0 0 12 0 11
1255 C 411514 33 38 411393 12 0 0 23 0 15
1256 C 403113 36 44 402967 13 0 0 11 0 42
1257 A 407519 407384 27 17 48 14 0 0 0 29
1258 T 408493 36 408360 38 5 0 26 0 0 28
1259 T 386701 18 386567 51 2 0 36 0 0 27
1260 T 390787 26 390595 121 17 0 4 0 0 24
1261 G 388690 59 23 10 388561 0 0 0 8 29
1262 A 395914 395701 35 7 94 4 0 0 0 73
1263 C 393227 24 59 393094 7 0 0 18 0 25
1264 A 373641 373463 10 14 86 31 0 0 0 37
1265 A 385982 385688 16 3 246 14 0 0 0 15
1266 A 388805 388383 21 20 230 14 0 0 0 137
1267 C 406667 26 20 406574 10 0 0 14 0 23
1268 C 403364 21 40 403249 11 0 0 25 0 18
1269 A 369794 369663 26 13 39 26 0 0 0 27
1270 A 384028 383733 19 8 59 21 0 0 0 188
1271 C 382283 19 34 382151 11 0 0 20 0 48
1272 C 407407 32 33 407298 9 0 0 14 0 21
1273 A 404666 404539 29 5 50 12 0 0 0 31
1274 T 407458 43 407222 74 4 0 24 0 0 91
1275 C 406847 25 43 406721 9 0 0 21 0 28
1276 A 391159 390949 31 10 95 40 0 0 0 34
1277 T 398058 37 397908 53 10 0 18 0 0 32
1278 G 378093 84 27 9 377930 0 0 0 30 13
1279 G 375140 48 36 14 375011 0 0 0 10 21
1280 C 346863 18 86 346703 22 0 0 9 0 25
1281 A 328120 327955 6 1 116 16 0 0 0 26
1282 G 337100 58 36 8 336964 0 0 0 8 26
1283 C 330538 25 40 330425 10 0 0 12 0 26
1284 A 326702 326508 30 2 91 4 0 0 0 67
1285 T 328265 18 328163 45 2 0 11 0 0 26
1286 T 320807 25 320708 42 4 0 15 0 0 13
1287 C 324685 26 36 324555 7 0 0 29 0 32
1288 A 320304 319996 31 9 95 14 0 0 0 159
1289 C 301882 12 34 301815 5 0 0 5 0 11
1290 T 304246 10 304141 54 8 0 10 0 0 23
1291 G 331558 33 37 14 331432 0 0 0 27 15
1292 G 340287 39 37 5 340168 0 0 0 14 24
1293 G 347797 46 21 7 347672 0 0 0 23 28
1294 A 340121 339982 17 2 62 18 0 0 0 40
1295 A 350308 350085 29 2 152 23 0 0 0 17
1296 T 333211 28 333042 60 4 0 41 0 0 36
1297 A 361860 361334 47 8 359 32 0 0 0 80
1298 C 394242 36 93 394043 9 0 0 38 0 23
1299 A 381676 381350 38 25 196 26 0 0 0 41
1300 G 387439 27 52 4 387324 0 0 0 22 10
1301 A 374618 374303 27 9 192 36 0 0 1 50
1302 G 403685 83 44 5 403520 0 0 0 15 18
1303 G 397022 35 30 11 396920 0 0 0 8 18
1304 G 397193 90 53 13 396973 0 0 0 32 32
1305 A 396549 396378 28 4 89 11 0 0 0 39
1306 A 390828 390384 19 2 350 51 0 0 0 22
1307 G 399752 55 64 17 399380 0 0 0 8 228
1308 A 397994 397828 25 1 65 35 0 0 0 40
1309 A 408688 408329 50 12 176 11 0 0 0 110
1310 C 436171 29 47 436049 9 0 0 14 0 23
1311 A 419232 419013 38 6 114 22 0 0 0 39
1312 T 426472 30 426296 45 6 0 6 0 0 89
1313 C 415665 47 47 415526 9 0 0 15 0 21
1314 A 411441 411149 24 10 189 27 0 0 0 42
1315 G 417188 31 27 12 417080 0 0 0 16 22
1316 A 405501 405261 50 1 57 29 0 0 0 103
1317 C 409864 15 46 409772 6 0 0 12 0 13
1318 A 402700 402564 20 7 50 17 0 0 0 42
1319 T 386505 18 386373 60 5 0 16 0 0 33
1320 G 393293 61 26 12 393157 0 0 0 12 25
1321 A 377926 377724 30 5 126 10 0 0 0 31
1322 G 383522 36 48 11 383394 0 0 0 5 28
1323 G 387024 54 15 11 386861 0 0 0 7 76
1324 G 381394 54 36 16 381254 0 0 0 7 27
1325 C 381821 29 57 381663 24 0 0 9 0 39
1326 A 375933 375723 31 5 119 17 0 0 0 38
1327 G 383966 38 22 9 383868 0 0 0 12 17
1328 A 384866 384779 9 3 52 4 0 0 0 19
1329 A 390515 390185 24 3 259 8 0 0 0 36
1330 A 404184 403959 24 1 130 27 0 0 0 43
1331 T 411279 24 411102 70 4 0 41 0 0 38
1332 T 433661 17 433544 61 10 0 20 0 0 9
1333 A 436924 436206 49 4 607 21 0 0 0 37
1334 T 433171 44 433000 71 4 0 39 0 0 13
1335 A 432872 432392 19 1 378 66 0 0 0 16
1336 A 418848 418324 21 12 466 11 0 0 0 14
1337 G 442824 42 41 17 442683 0 0 0 27 14
1338 G 448497 56 21 12 448377 0 0 0 15 16
1339 A 463866 463644 38 3 71 47 0 0 0 63
1340 T 397318 27 397169 54 7 0 22 0 0 39
1341 G 395623 33 35 13 395456 0 0 0 53 33
1342 A 387496 387293 36 4 81 49 0 0 0 33
1343 T 391035 44 390891 40 3 0 17 0 0 40
1344 G 382826 68 34 11 382689 0 0 0 9 15
1345 G 388849 60 19 11 388695 0 0 0 39 25
1346 A 365198 365056 12 6 79 16 0 0 0 29
1347 A 377458 377113 19 4 259 25 0 0 0 38
1348 G 382460 56 13 4 382344 0 0 0 18 25
1349 G 437945 42 25 10 437819 0 0 0 24 25
1350 T 423755 35 422816 95 40 0 6 0 0 763
1351 G 414889 198 64 18 414586 0 0 0 6 17
1352 C 414759 36 158 414494 38 0 0 8 0 25
1353 A 407878 407664 12 26 76 63 0 0 0 37
1354 A 408001 407805 10 4 113 24 0 0 0 45
1355 A 414441 414194 10 1 209 7 0 0 0 20
1356 A 429841 429244 27 34 376 12 0 0 0 148
1357 C 436872 27 25 436775 5 0 0 17 0 23
1358 C 423607 22 41 423509 8 0 0 10 0 17
1359 A 406377 406157 23 5 167 4 0 0 0 21
1360 G 422999 34 26 8 422898 0 0 0 22 11
1361 A 419335 419072 25 3 203 12 0 0 0 20
1362 A 440182 439181 24 3 926 15 0 0 0 33
1363 G 455652 27 21 12 455543 0 0 0 22 27
1364 A 456278 456004 28 3 148 40 0 0 0 55
1365 A 452080 450971 31 3 1019 7 0 0 0 49
1366 A 458158 457241 30 2 852 10 0 0 0 23
1367 T 460927 26 460781 51 8 0 30 0 0 31
1368 G 467332 72 21 15 467207 0 0 0 11 6
1369 T 457684 55 457433 78 11 0 9 0 0 98
1370 C 468599 26 55 468478 11 0 0 11 0 18
1371 C 462809 24 52 462664 11 0 1 24 0 33
1372 T 482672 20 482475 119 3 0 28 0 0 27
1373 T 487491 47 487296 82 5 0 12 0 0 49
1374 C 491663 34 72 491501 12 0 0 28 0 16
1375 C 489106 52 56 488950 20 0 0 18 0 10
1376 A 490586 489982 44 58 392 67 0 0 0 43
1377 G 492289 97 48 9 492099 0 0 0 20 16
1378 G 495424 11 13 10 495357 0 0 0 26 7
1379 G 496628 47 29 22 496445 0 0 0 28 57
1380 G 468554 31 43 17 468430 0 0 0 11 22
1381 C 435509 31 86 435214 120 0 0 21 0 37
1382 G 433194 82 48 100 432932 0 0 1 13 18
1383 G 447321 47 45 17 447127 0 0 0 72 13
1384 G 446821 60 69 21 446617 0 0 0 6 48
1385 G 453196 136 32 13 452947 0 0 0 23 45
1386 A 425177 413882 22 1 131 14 0 0 0 11127
1387 G 425244 42 21 6 425086 0 0 0 27 62
1388 T 408843 22 397554 55 5 0 11 0 0 11196
1389 C 416252 22 39 416064 8 0 0 22 0 97
1390 T 403834 17 403635 101 12 0 4 0 0 65
1391 T 404261 22 404078 76 3 0 65 0 0 17
1392 C 405778 22 106 405204 10 0 0 16 0 420
1393 G 473191 81 39 7 472754 0 0 0 56 254
1394 A 466937 465634 14 9 138 22 0 0 1 1119
1395 G 475590 36 37 9 475431 0 0 0 23 54
1396 C 439403 17 26 439153 11 0 0 13 0 183
1397 T 431572 12 431199 86 4 0 15 0 0 256
1398 C 414718 22 38 414613 6 0 0 8 0 31
1399 T 412599 13 412458 67 4 0 9 0 0 48
1400 C 415963 29 130 415732 16 0 0 11 0 45
1401 G 417815 63 26 15 417627 0 0 0 13 71
1402 G 452418 44 18 13 452295 0 0 0 34 14
1403 A 487863 486855 30 11 138 23 0 0 0 806
1404 C 502560 50 118 502297 16 0 0 25 0 54
1405 G 518984 129 44 50 518688 0 0 0 32 41
1406 A 550368 549940 26 5 212 83 0 0 0 102
1407 A 543566 542780 25 7 722 11 0 0 0 21
1408 A 546370 545111 32 21 1126 33 0 0 0 47
1409 G 550180 63 63 3 549810 0 0 0 6 235
1410 G 551738 58 23 12 551547 0 0 0 59 39
1411 G 526216 72 32 28 526051 0 0 0 10 23
1412 C 523181 39 211 522751 32 0 1 8 0 139
1413 A 513992 513496 26 11 343 23 0 0 0 93
1414 G 521830 47 128 17 521593 0 0 0 11 34
1415 C 507459 49 215 507095 28 0 0 4 0 68
1416 G 543551 97 40 12 543315 0 0 0 31 56
1417 A 544623 544455 25 6 90 10 0 0 0 37
1418 A 545870 544960 37 6 358 22 0 0 0 487
1419 C 540753 27 71 540564 14 0 0 6 0 71
1420 C 536298 26 29 536161 7 0 0 46 0 29
1421 C 508897 42 83 508719 19 0 0 15 0 19
1422 G 505496 86 29 6 505315 0 0 0 21 39
1423 A 505515 505267 24 6 159 7 0 0 0 52
1424 T 505771 35 505606 56 3 0 12 0 0 59
1425 C 485948 23 83 485730 10 0 0 18 0 84
1426 G 474536 119 23 16 474332 0 0 0 20 26
1427 T 457663 24 457274 78 4 0 29 0 0 254
1428 G 432128 125 40 20 431900 0 0 0 3 40
1429 C 431426 40 47 431262 19 0 0 5 0 53
1430 C 431102 15 39 430990 12 0 0 7 0 39
1431 C 429365 20 36 429260 7 0 0 13 0 29
1432 T 414594 16 414429 69 8 0 10 0 0 62
1433 C 444784 27 45 444658 9 0 0 19 0 26
1434 T 436927 16 436620 243 12 0 10 0 0 26
1435 T 489113 18 488907 84 7 0 37 0 0 60
1436 T 429168 29 429064 38 7 0 15 0 0 15
1437 T 431843 30 431526 80 54 0 105 0 0 48
1438 G 422981 97 35 19 422789 0 0 0 20 21
1439 A 418185 417898 32 48 117 12 0 0 0 78
1440 C 429801 57 80 429623 8 0 0 11 0 22
1441 A 425693 425492 43 6 93 26 0 0 0 33
1442 T 363108 16 362988 58 8 0 18 0 0 20
1443 G 453005 42 51 16 452834 0 0 0 39 23
1444 A 447085 446803 39 3 189 18 0 0 0 33
1445 G 505760 43 46 9 505604 0 0 0 29 29
1446 T 506999 45 506452 69 18 0 13 0 0 402
1447 A 491173 490629 27 5 379 111 0 0 0 22
1448 A 496991 496670 34 3 236 20 0 0 0 28
1449 T 494054 40 493790 58 12 0 74 0 0 80
1450 G 494462 56 29 11 494324 0 0 0 26 16
1451 A 464360 464130 46 6 125 18 0 0 0 35
1452 A 425738 425283 22 5 397 15 0 0 0 16
1453 G 423429 34 21 7 423323 0 0 0 18 26
1454 G 385500 23 19 8 385414 0 0 0 9 27
1455 A 382225 382080 33 3 63 5 0 0 0 41
1456 T 388650 31 388484 41 3 0 5 0 0 86
1457 C 385827 24 34 385724 9 0 0 13 0 23
1458 T 379592 18 379482 70 2 0 8 0 0 12
1459 T 382634 6 382497 70 0 0 11 0 0 50
1460 A 383110 382025 20 1 1027 16 0 0 0 21
1461 T 382125 26 381994 42 0 0 8 0 0 55
1462 T 379975 18 379882 41 1 0 8 0 0 25
1463 T 377000 15 376917 45 2 0 8 0 0 13
1464 C 375552 13 31 375459 9 0 0 15 0 25
1465 T 361006 15 360902 68 4 0 6 0 0 11
1466 T 359305 17 359228 41 1 0 4 0 0 14
1467 C 358583 21 45 358474 5 0 0 10 0 28
1468 G 356739 75 39 9 356586 0 0 0 8 22
1469 G 359888 31 22 7 359773 0 0 0 24 31
1470 A 362050 361887 36 1 73 5 0 0 0 48
1471 G 370562 29 10 10 370475 0 0 0 8 30
1472 A 371585 371399 33 5 65 6 0 0 0 77
1473 C 381380 23 53 381264 8 0 0 12 0 20
1474 A 372517 372381 15 3 68 29 0 0 0 21
1475 A 417794 417594 24 8 97 21 0 0 0 50
1476 T 432527 38 432378 68 8 0 13 0 0 22
1477 G 468938 100 38 30 468684 0 0 0 49 37
1478 C 483645 56 135 483384 15 0 0 35 0 20
1479 A 468709 468276 34 9 186 163 0 0 0 41
1480 G 474099 48 28 11 473970 0 0 0 29 13
1481 A 493768 493521 22 2 108 66 0 0 0 49
1482 G 425454 39 26 13 425350 0 0 0 10 16
1483 G 450988 39 34 7 450851 0 0 0 33 24
1484 A 379533 379384 20 4 65 18 0 0 0 42
1485 G 387540 30 20 7 387455 0 0 0 14 14
1486 T 372237 33 371334 47 5 0 26 0 0 792
1487 A 368192 367607 27 2 396 74 0 0 1 85
1488 C 368696 23 80 368545 11 0 0 15 0 22
1489 G 353713 75 20 6 353549 0 0 0 41 22
1490 A 353408 353183 51 5 74 10 0 0 0 85
1491 C 344000 20 29 343830 9 0 0 25 0 87
1492 A 286261 286167 12 10 52 6 0 0 0 14
1493 A 286769 286573 22 2 133 12 0 0 0 27
1494 T 270444 17 270376 25 4 0 3 0 0 19