# amino-acid counts among definitively called codons
# POSITION TOTAL_COUNTS WT N_A N_C N_D N_E N_F N_G N_H N_I N_K N_L N_M N_N N_P N_Q N_R N_S N_T N_V N_W N_Y N_STOP
1 710776 M 0 0 0 0 0 0 3 198 67 55 710184 0 0 1 10 1 111 142 4 0 0
2 678147 A 677517 0 1 77 0 44 0 0 0 0 0 0 25 0 1 42 50 390 0 0 0
3 709568 S 540 27 2 3 94 1 21 186 4 96 0 132 136 4 9 707873 59 8 53 318 2
4 713128 Q 278 41 16 84 468 2 141 252 181 395 34 869 40 708852 179 358 193 168 16 470 91
5 651158 G 55 83 103 0 0 650366 4 0 0 1 0 6 13 0 229 209 47 42 0 0 0
6 581587 T 97 2 0 0 0 0 9 42 1 1 0 38 10 0 0 38 581349 0 0 0 0
7 581650 K 1 2 0 65 0 0 0 30 581364 0 0 72 0 23 61 0 7 2 0 0 23
8 513933 R 0 0 0 0 0 22 1 0 0 46 0 0 29 93 513596 1 4 1 140 0 0
9 530849 S 20 15 0 3 62 0 2 10 0 91 0 5 51 2 3 530421 75 5 0 57 27
10 577868 Y 21 93 49 1 83 43 261 42 35 124 10 14 44 3 4 16 33 5 0 576908 79
11 519699 E 9 3 50 519295 1 96 0 1 98 6 1 7 10 24 3 5 2 50 0 0 38
12 483987 Q 49 21 4 25 4 42 170 43 107 562 0 26 48 482362 284 75 49 8 9 4 95
13 594598 M 5 3 9 1 2 3 0 188 64 55 594014 34 3 4 19 2 88 98 3 2 1
14 584375 E 10 19 62 583912 0 112 1 0 86 5 1 0 10 35 8 13 5 43 4 0 49
15 551034 T 94 0 0 4 11 2 11 45 0 35 0 47 32 0 1 58 550688 3 0 3 0
16 617076 D 4 1 616647 83 0 97 26 3 0 2 3 72 0 2 2 2 2 47 0 64 19
17 610625 G 19 5 1 67 0 609622 1 51 6 3 0 14 120 275 239 23 10 78 90 0 1
18 602865 E 15 6 98 601954 17 178 12 23 152 11 1 12 194 19 0 25 30 43 6 17 52
19 610710 R 6 167 0 0 20 34 233 1 0 62 0 0 73 0 610055 49 5 2 0 1 2
20 623146 Q 2 1 0 18 0 0 76 6 59 70 0 0 905 621623 267 3 3 2 0 2 109
21 598213 N 28 7 104 2 3 38 30 59 111 46 23 597187 85 5 65 273 59 31 1 21 35
22 613453 A 610820 3 17 77 3 66 145 8 126 20 1 85 217 44 337 298 616 523 0 42 5
23 643307 T 212 29 5 11 15 10 760 80 80 271 17 113 58 90 290 104 641050 38 9 25 40
24 612826 E 32 2 72 610957 0 112 4 2 174 8 8 8 2 478 805 5 11 79 1 9 57
25 544274 I 5 1 3 3 31 17 10 543761 31 115 17 45 4 44 10 24 65 86 0 2 0
26 581605 R 2 13 0 4 0 195 2 61 276 7 2 0 10 17 580594 362 15 0 0 0 45
27 555107 A 552676 15 0 107 2 204 17 39 4 55 372 14 976 26 111 57 165 236 1 24 6
28 596781 S 21 22 0 2 53 522 6 2 15 5 0 111 114 285 39 595365 98 12 6 90 13
29 573855 V 232 1 51 0 38 8 0 256 2 41 0 0 1 0 4 3 29 573176 0 8 5
30 597765 G 83 4 2 74 0 597167 2 0 0 7 0 3 7 5 274 5 0 69 63 0 0
31 595028 K 18 8 3 98 35 20 1 1 594443 8 34 53 1 9 155 49 24 20 0 0 48
32 585805 M 1 19 1 2 1 7 0 172 39 60 584801 1 2 1 12 500 90 91 0 0 5
33 589917 I 686 40 10 3 42 5 0 588527 6 137 11 109 0 8 4 20 94 205 0 0 10
34 585837 D 269 8 583648 93 0 532 24 44 2 463 210 152 4 56 8 120 9 92 6 91 6
35 533714 G 74 9 3 75 0 531646 39 2 1 17 0 5 18 1 310 1339 6 90 3 7 69
36 565628 I 6 1 0 3 25 2 1 563670 1 21 1474 35 10 7 167 13 51 141 0 0 0
37 536447 G 39 5 9 1002 1 534810 1 0 2 1 41 1 2 0 125 217 80 59 0 0 52
38 493070 R 6 0 10 0 1 46 6 9 11 602 0 1 26 152 492030 33 2 1 0 0 134
39 543656 F 49 15 2 6 543087 7 3 40 2 182 16 6 44 1 20 71 35 13 3 53 1
40 525511 Y 10 111 315 1 61 6 176 2 3 9 0 57 0 5 4 14 11 11 3 524585 127
41 474542 I 100 124 4 24 27 205 14 472809 8 302 5 445 9 49 18 51 207 93 7 29 12
42 467237 Q 5 9 2 17 0 2 24 3 60 32 0 7 46 466876 80 8 3 7 1 1 54
43 454727 M 16 3 0 3 4 6 7 137 25 26 454331 49 0 3 8 5 46 56 1 1 0
44 493727 C 38 492722 0 0 51 36 2 0 6 110 0 31 5 0 452 68 18 6 34 96 52
45 477410 T 109 154 4 1 2 24 0 49 3 6 0 34 363 2 88 72 476468 25 0 0 6
46 520014 E 6 1 36 519455 0 67 1 19 72 8 3 31 103 24 5 7 76 57 1 2 40
47 604056 L 2 1 1 1 50 1 15 46 4 603393 10 3 129 6 24 0 37 14 0 311 8
48 610972 K 10 1 27 90 0 12 34 28 610408 34 1 110 3 9 99 9 15 10 0 0 72
49 610718 L 29 16 2 5 73 26 31 142 14 605583 23 19 152 17 18 35 39 217 9 4250 18
50 605445 S 297 63 59 436 9 4354 186 98 154 389 23 147 865 9 297 597643 324 55 0 31 6
51 677628 D 235 2 674213 110 15 220 37 41 1 68 14 601 107 0 14 58 1665 140 0 79 8
52 722106 Y 219 112 63 11 121 40 128 28 4 24 46 27 4 8 14 366 9314 33 3 711427 114
53 687758 E 38 6 400 686065 25 227 47 9 140 13 7 3 7 32 34 13 26 56 6 2 602
54 624698 G 206 6 1 136 0 623804 0 11 0 8 8 0 32 5 152 27 142 51 76 9 24
55 595679 R 15 78 10 3 1 104 32 3 37 116 2 7 65 182 594732 64 35 17 1 2 173
56 590983 L 79 11 2 4 21 462 759 57 5 588191 52 51 140 63 19 33 189 808 5 4 28
57 626318 I 36 5 2 1 54 115 1 624941 2 240 22 45 17 282 143 25 121 253 1 5 7
58 603873 Q 76 5 8 113 4 26 68 2 85 98 1 109 51 602910 162 43 18 7 1 3 83
59 580982 N 41 1 125 21 13 19 7 48 80 17 4 580360 18 3 31 102 12 31 4 29 16
60 468494 S 25 13 3 5 0 156 2 46 1 19 2 252 8 2 82 467811 46 5 0 0 16
61 467505 L 29 3 0 26 54 4 18 176 1 466600 0 66 6 26 33 128 151 94 0 24 66
62 434886 T 64 92 2 11 9 38 18 65 51 151 1 168 23 6 32 925 432963 109 0 153 5
63 458306 I 10 34 13 0 6 3 3 457316 44 84 419 4 26 2 13 13 130 117 7 2 60
64 470216 E 11 0 55 469680 2 95 14 8 55 8 0 3 26 14 92 15 28 21 1 44 44
65 448397 R 7 2 6 5 0 116 4 36 65 38 1 17 26 1 447963 37 28 9 3 3 30
66 462485 M 0 25 0 3 28 1 0 152 48 48 462018 4 1 2 11 4 63 72 3 0 2
67 442836 V 79 1 0 62 1 21 0 4 0 68 92 0 0 0 8 5 0 442493 2 0 0
68 477535 L 5 11 0 5 75 6 623 56 2 476551 1 3 105 12 20 13 5 31 1 1 9
69 494987 S 35 16 0 0 33 21 4 0 1 8 0 10 101 3 3 494597 40 7 0 66 42
70 521870 A 520750 8 262 3 1 111 3 2 11 14 1 16 28 11 4 186 340 80 0 6 33
71 502828 F 62 11 9 1 502071 5 9 20 6 168 0 8 90 1 18 79 61 9 1 115 84
72 501591 D 9 2 501168 92 2 108 8 2 1 18 0 66 2 0 2 3 27 39 1 40 1
73 465903 E 34 0 96 464750 30 127 82 88 314 50 4 2 11 31 66 26 63 87 1 0 41
74 475963 R 18 0 0 5 0 128 8 40 86 6 0 0 6 0 475498 100 29 2 1 0 36
75 486290 R 0 0 0 1 3 89 0 2 101 5 39 1 4 1 485940 55 24 0 23 2 0
76 521944 N 10 15 102 20 1 12 2 70 81 36 36 519966 102 1105 40 147 41 18 83 49 8
77 519541 K 920 41 4 135 19 566 16 73 514986 364 0 80 13 239 401 1324 54 38 8 8 252
78 402878 Y 3 45 4 9 41 23 77 23 2 4 2 31 0 2 6 13 2 4 3 402537 47
79 393879 L 0 4 3 1 3 5 0 112 1 393488 53 2 102 40 18 27 3 11 0 1 5
80 366518 E 62 21 56 365696 10 70 12 38 86 59 0 38 2 26 13 52 128 69 0 14 66
81 345732 E 12 1 60 345199 4 88 7 44 77 15 1 22 1 16 14 57 24 36 0 11 43
82 390770 H 8 24 23 5 196 13 389219 23 46 71 5 133 2 470 188 73 53 31 108 77 2
83 511812 P 255 69 20 42 9 252 142 68 20 87 7 11 509921 196 106 156 150 146 0 48 107
84 512165 S 954 403 1 13 1 449 2 365 0 296 0 1077 112 10 178 507933 284 45 19 6 17
85 544272 A 542545 154 7 92 3 119 29 102 14 146 1 29 118 65 109 163 332 209 8 4 23
86 600798 G 198 4 2 113 14 598003 520 9 9 916 1 66 58 9 340 269 36 121 76 6 28
87 629821 K 0 2 0 224 1 3 3 2 629036 7 32 140 41 5 217 21 16 10 0 3 58
88 643960 D 12 1931 640325 62 0 135 21 18 2 15 3 394 269 1 7 608 12 73 1 48 23
89 586424 P 1294 378 3 3 159 120 126 16 45 409 21 44 582742 10 100 556 117 49 108 44 80
90 588728 K 110 28 10 177 11 408 27 53 585621 190 38 324 0 65 618 324 407 254 5 14 44
91 543999 K 4 0 1 105 2 1 0 15 543599 5 2 18 2 9 177 6 7 5 0 2 39
92 497908 T 79 0 0 0 0 63 1 20 2 10 0 60 23 5 15 55 497551 4 1 0 19
93 494992 G 24 1 1 51 0 494363 1 0 2 4 2 3 3 2 94 335 1 46 11 0 48
94 468821 G 12 6 3 53 1 468536 0 27 23 3 0 1 2 7 72 3 1 23 0 0 48
95 497542 P 476 0 2 0 0 0 94 1 0 40 0 2 496744 13 42 64 52 0 10 0 2
96 549398 I 2 2 0 3 0 3 10 548785 44 152 74 12 11 0 13 16 98 130 3 21 19
97 578028 Y 7 153 11 2 58 11 127 26 2 50 0 43 4 11 128 9 6 24 6 577265 85
98 502424 K 104 0 3 110 0 39 13 19 500347 31 25 173 50 69 1275 7 92 29 1 4 33
99 376255 R 17 5 4 5 0 93 25 37 57 56 0 5 8 3 375780 72 19 22 13 2 32
100 369919 V 127 8 0 38 57 106 88 105 9 304 0 0 265 119 48 186 77 368270 3 91 18
101 430709 D 18 11 430143 58 0 80 11 7 0 31 0 134 21 11 6 17 38 42 0 43 38
102 439421 R 26 32 2 1 34 111 16 43 89 149 10 20 23 5 438616 108 70 4 7 32 23
103 457968 K 52 0 0 65 0 46 12 19 457378 9 10 41 13 18 163 15 61 39 2 1 24
104 466279 W 0 58 1 0 227 16 5 96 0 76 0 2 9 6 79 14 6 21 465519 9 135
105 479890 M 18 18 3 3 61 10 60 174 73 103 478911 7 2 4 9 18 200 181 1 31 3
106 501598 R 3 2 1 2 0 140 10 0 111 4 75 2 2 1 501110 82 11 1 36 4 1
107 496903 E 0 14 50 496213 0 87 176 1 236 2 0 2 0 27 1 4 1 24 0 0 65
108 497211 L 31 1 2 1 59 34 94 64 1 496515 5 0 216 5 18 15 49 97 0 1 3
109 478426 V 175 144 32 1 32 30 14 145 22 51 0 0 49 4 45 14 4 477644 0 4 16
110 502511 L 2 0 1 2 68 4 17 130 7 502078 0 3 113 5 15 2 3 49 10 1 1
111 478622 Y 40 157 12 2 47 4 268 31 6 36 53 20 1 56 126 435 34 7 0 477217 70
112 423492 D 6 24 422655 71 2 102 70 5 3 11 5 361 30 9 11 1 17 65 0 32 12
113 387181 K 1 3 0 60 2 0 19 25 386842 11 5 22 9 23 61 53 15 3 0 1 26
114 461528 E 30 0 48 460331 191 86 25 13 142 21 0 450 14 25 24 18 11 20 0 21 58
115 517632 E 6 8 55 517152 1 109 5 1 131 5 1 1 3 35 28 21 7 38 0 0 25
116 545913 I 2 9 5 2 5 50 1 545198 46 43 120 25 22 8 13 2 97 232 5 7 21
117 524288 R 17 25 1 10 1 312 145 117 70 406 844 8 8 33 521565 70 259 360 30 5 2
118 511289 R 4 6 0 1 2 51 1 11 0 336 0 1 20 161 510575 4 18 10 2 2 84
119 545634 I 0 1 4 0 17 20 0 545294 0 8 14 69 5 0 1 5 94 99 1 0 2
120 513068 W 11 36 1 3 11 21 2 1 2 39 1 2 3 1 140 22 0 0 512591 0 181
121 526685 R 8 201 2 0 9 55 220 34 4 197 0 3 47 1 525611 113 125 38 1 15 1
122 498367 Q 10 89 2 15 0 10 129 1 74 382 1 88 15 496717 216 34 30 451 22 4 77
123 571000 A 570106 93 66 7 7 135 3 6 0 13 3 20 35 9 50 117 216 110 0 1 3
124 629148 N 4 14 95 14 10 26 23 71 72 25 7 628556 12 18 11 115 10 7 6 31 21
125 614373 N 106 25 172 20 117 84 105 74 85 93 76 611482 157 471 27 946 200 23 8 72 30
126 490422 G 209 92 120 3 4 487626 7 12 6 1761 25 2 13 66 35 143 199 79 5 1 14
127 487666 D 513 7 484626 86 1 189 83 18 323 321 1 234 52 79 83 304 241 351 0 151 3
128 473585 D 44 13 472471 66 7 134 22 18 7 29 8 216 92 9 97 100 112 79 0 43 18
129 480873 A 479214 18 1 59 10 138 14 57 7 139 11 3 40 7 231 133 591 179 0 3 18
130 427675 T 87 15 0 0 0 4 3 39 168 31 0 7 51 16 42 63 427124 10 0 5 10
131 397846 A 396601 6 46 65 1 23 34 2 0 7 1 129 43 142 2 611 69 47 8 9 0
132 483527 G 30 57 51 1 4 482607 10 25 1 5 0 1 5 3 20 622 9 68 1 1 6
133 508791 L 2 4 174 11 1 6 6 38 1 508222 70 1 154 20 14 11 20 32 2 0 2
134 598276 T 167 1 2 1 0 20 5 68 4 10 0 68 56 5 3 279 597567 12 0 6 2
135 623496 H 6 0 33 0 9 15 622704 30 10 72 142 90 39 107 124 20 14 3 1 63 14
136 661234 M 20 126 8 13 42 9 25 870 49 188 658658 23 6 46 39 23 165 895 1 0 28
137 676576 M 3 6 4 6 5 4 28 257 65 101 675765 2 25 10 22 2 108 139 3 16 5
138 606999 I 19 3 1 2 43 0 2 606650 2 21 26 31 2 0 5 10 76 98 6 0 2
139 578820 W 5 100 1 0 163 48 4 13 2 63 10 0 11 2 236 29 4 2 577896 5 226
140 552541 H 7 3 36 73 0 9 552014 7 0 26 0 68 9 37 89 0 48 17 0 98 0
141 549025 S 15 26 0 5 49 14 5 6 1 0 0 1 115 0 5 548626 44 47 0 63 3
142 544256 N 0 4 93 0 33 17 21 24 31 5 0 543880 0 5 14 77 15 0 1 24 12
143 533003 L 8 103 1 1 78 6 17 2 3 532566 32 0 6 0 1 81 5 46 7 4 36
144 511159 N 18 2 106 6 0 109 7 15 40 1 3 510632 11 5 2 86 14 37 0 29 36
145 497321 D 4 0 496963 46 2 81 22 7 0 4 0 56 8 0 3 16 4 41 0 63 1
146 481292 T 182 4 0 0 0 14 0 64 59 0 1 2101 12 4 20 101 478637 88 0 2 3
147 610134 T 125 3 1 0 0 2 11 71 57 8 0 2 13 9 25 66 609730 7 0 1 3
148 547160 Y 1 87 0 0 44 5 82 6 1 7 0 61 3 2 2 24 5 21 3 546738 68
149 547637 Q 8 0 0 20 0 4 65 1 63 45 0 0 23 547161 142 10 11 10 0 0 74
150 518436 R 2 1 7 4 0 123 2 5 75 8 35 1 25 1 518023 75 21 0 24 0 4
151 563704 T 124 0 1 2 0 13 5 69 50 56 0 0 15 2 25 61 563268 10 0 2 1
152 594337 R 12 1 2 0 3 126 1 31 115 3 5 0 3 40 593853 59 16 6 0 5 56
153 651048 A 650505 3 74 1 1 34 1 4 1 11 1 1 35 22 19 73 166 49 7 10 30
154 692478 L 5 14 0 3 54 19 36 393 0 691667 22 2 99 7 16 34 29 48 17 1 12
155 703442 V 113 21 63 4 27 33 2 111 2 35 0 4 1 0 21 42 25 702883 0 2 53
156 715913 R 3 156 4 3 3 40 270 11 11 69 5 3 59 2 715036 186 4 12 1 6 29
157 719916 T 308 75 10 1 1 99 8 296 6 18 4 65 25 25 15 287 718314 258 4 1 96
158 737222 G 189 74 226 4 2 735499 10 2 0 228 2 33 20 11 38 747 21 93 0 3 20
159 757975 M 17 17 2 1 5 17 10 564 54 312 756592 48 6 5 21 10 107 168 7 6 6
160 847731 D 14 31 846737 113 27 250 38 10 0 10 1 235 16 6 7 6 25 63 4 98 40
161 753411 P 119 41 13 1 2 81 139 28 10 155 7 6 751626 84 121 708 190 40 3 5 32
162 711436 R 46 1 9 73 16 308 4 11 148 37 98 17 41 28 710303 101 28 11 34 36 86
163 653694 M 8 232 12 6 280 20 63 410 70 174 648420 5 2 95 11 69 1244 2483 70 15 5
164 641107 C 70 639577 11 3 67 23 4 102 23 27 2 91 47 4 113 398 37 108 31 280 89
165 602414 S 357 41 5 0 56 123 1 0 2 30 9 42 144 8 3 601160 308 7 2 98 18
166 597651 L 184 83 12 122 3 33 6 77 6 592136 375 40 141 4234 17 75 46 26 4 3 28
167 584856 M 18 21 3 1 0 2 2 336 39 153 583952 0 22 0 14 16 153 77 43 3 1
168 544457 Q 54 4 9 30 1 7 64 6 91 42 16 5 404 543349 217 14 14 3 1 0 126
169 507410 G 70 27 65 5 4 507088 15 5 1 6 0 13 5 1 7 62 2 33 0 0 1
170 546252 S 17 1 0 0 3 24 3 2 10 160 1 0 83 5 17 545803 34 2 31 0 56
171 534525 T 102 4 4 1 0 37 1 58 0 9 1 53 10 7 1 71 534157 6 0 1 2
172 567928 L 34 26 0 2 70 11 44 1170 8 566118 0 1 148 63 22 43 111 45 1 9 2
173 720541 P 58 40 5 20 30 176 84 9 3 147 5 18 719369 92 48 179 117 75 2 3 61
174 724722 R 3 0 3 2 6 139 0 7 86 9 80 2 42 6 724167 82 21 3 45 3 16
175 578473 R 4 3 2 8 0 130 5 4 87 3 36 16 12 2 577983 97 26 3 49 0 3
176 624987 S 133 32 0 0 55 147 2 33 0 6 0 0 106 1 3 624345 37 6 1 71 9
177 649012 G 24 0 0 95 7 648574 5 2 0 10 1 2 0 1 162 3 0 42 2 0 82
178 621200 A 620365 2 90 2 1 78 39 12 7 26 0 174 70 3 3 77 123 96 1 24 7
179 640999 A 640172 0 2 93 1 42 1 0 3 54 3 0 32 0 23 87 288 132 2 0 64
180 655920 G 19 74 61 3 1 655603 2 0 3 1 1 0 1 1 14 97 3 35 0 1 0
181 650639 A 649473 5 64 9 14 90 69 3 44 214 29 2 28 44 67 117 276 59 18 5 9
182 669177 A 668041 23 7 86 15 67 35 2 2 25 1 5 42 7 9 160 266 350 8 22 4
183 724986 V 223 2 113 1 37 28 2 270 0 25 11 7 5 15 24 29 20 724119 0 13 42
184 738809 K 4 5 0 132 3 45 28 52 737914 70 2 215 13 58 170 16 25 1 2 7 47
185 632579 G 72 13 7 120 0 632049 0 3 0 17 4 3 2 2 122 15 7 57 1 16 69
186 628902 V 133 12 34 14 89 17 1686 210 180 130 50 324 26 267 8 29 111 625555 0 5 22
187 622923 G 115 3 10 124 1 622243 2 6 3 4 3 4 39 0 118 80 10 75 77 0 6
188 504087 T 166 1 2 5 0 28 21 95 37 5 1 1 9 18 45 212 503438 2 0 0 1
189 426661 M 5 1 0 7 9 20 5 181 32 361 425664 6 22 53 14 29 74 105 8 5 60
190 410576 V 501 1 27 56 0 22 10 0 1 47 76 10 3 20 23 18 150 409574 3 2 32
191 396425 M 16 3 1 3 1 9 42 120 36 514 395497 2 10 25 8 11 45 75 3 2 2
192 363042 E 10 2 35 362725 0 114 0 0 50 3 0 3 1 9 1 1 15 33 0 0 40
193 446755 L 9 4 3 91 98 890 2 2 5 444477 35 769 22 6 9 127 109 59 4 6 28
194 532190 I 21 7 11 5 16 5 6 530776 43 799 126 9 13 8 20 17 172 102 6 8 20
195 502305 R 1 2 4 4 0 108 7 7 73 5 68 2 99 1 501782 73 21 10 30 0 8
196 527351 M 13 0 3 3 2 57 4 205 54 53 526641 2 28 17 16 51 97 93 2 2 8
197 576110 I 90 24 18 1 37 6 0 574522 0 12 29 86 75 30 6 42 995 124 0 0 13
198 546676 K 0 1 0 89 0 1 0 10 546309 9 1 90 15 23 93 1 13 2 0 1 18
199 515223 R 17 75 0 0 0 28 116 3 1 36 28 3 22 0 514798 59 15 17 3 2 0
200 509870 G 23 0 1 116 1 509408 0 1 1 1 0 0 9 1 157 9 3 68 64 0 7
201 508606 I 26 3 9 1 48 4 5 508048 0 46 21 24 23 2 2 11 109 219 5 0 0
202 519526 N 6 1 112 0 0 2 9 19 52 37 4 519088 14 7 2 94 47 3 5 24 0
203 488018 D 9 8 487719 52 1 49 13 2 0 4 0 63 3 5 1 2 3 28 0 52 4
204 505797 R 1 5 1 2 1 21 7 0 0 83 1 8 20 123 505413 2 2 1 91 0 15
205 524756 N 61 18 95 3 4 69 4 198 60 40 2 523788 4 50 4 264 14 8 3 55 12
206 622061 F 36 2 1 0 621399 0 11 36 0 307 0 1 8 83 6 100 16 24 2 26 3
207 638641 W 23 60 1 5 7 12 0 0 0 96 0 1 17 0 258 30 6 30 637821 13 261
208 475878 R 0 2 0 2 1 147 5 44 60 7 2 4 17 10 475429 59 23 2 0 8 56
209 508671 G 38 53 64 5 1 508269 0 1 10 11 0 3 33 2 23 97 4 44 0 7 6
210 548152 E 6 15 42 547626 8 127 4 0 137 4 1 6 3 14 1 14 13 37 0 0 94
211 531495 N 1739 7 367 31 33 208 5 179 46 10918 37 517144 20 9 9 121 27 568 3 24 0
212 492417 G 27 8 11 69 0 491947 0 22 5 32 0 3 9 13 110 1 1 46 3 4 106
213 479606 R 1 0 2 5 2 29 0 8 0 46 0 2 14 139 479199 14 18 0 0 0 127
214 473531 K 15 11 6 98 13 7 19 103 472988 78 0 49 2 11 64 6 9 4 15 4 29
215 473631 T 75 6 3 2 1 8 1 56 46 8 0 5 105 39 11 117 473117 28 0 1 2
216 446100 R 5 0 0 2 0 93 1 1 105 2 42 0 3 0 445624 41 157 2 20 0 2
217 414575 S 139 27 4 2 33 87 11 947 15 38 68 90 14 63 54 412460 17 502 0 3 1
218 435273 A 434682 5 63 8 0 23 1 6 0 0 3 1 30 3 2 247 131 64 4 0 0
219 431384 Y 28 112 4 2 20 1 90 0 0 3 0 7 1 0 3 124 14 3 18 430874 80
220 435803 E 16 0 125 435331 2 112 0 4 86 3 1 0 5 15 7 2 5 30 17 0 42
221 388568 R 2 1 1 31 0 101 0 39 64 3 0 0 1 3 388256 31 9 0 0 0 26
222 347168 M 7 2 1 2 38 26 8 119 40 30 346284 4 1 0 7 478 47 57 13 3 1
223 427827 C 0 427381 0 0 58 19 0 0 0 8 0 0 0 1 75 79 3 7 31 138 27
224 444073 N 0 1 87 1 0 0 19 45 47 0 1 443737 0 1 1 82 11 12 0 28 0
225 454700 I 0 0 0 0 26 47 1 454359 0 11 5 90 4 0 0 27 74 56 0 0 0
226 473039 L 0 0 0 0 40 0 45 83 0 472733 0 0 103 6 4 9 1 15 0 0 0
227 487304 K 0 0 0 88 0 0 0 41 487017 1 0 25 0 20 79 1 11 0 1 0 20
228 496941 G 48 2 2 94 0 496385 4 3 1 9 0 47 147 3 101 6 3 46 0 0 40
229 506026 K 1 0 1 77 0 17 1 11 505639 1 0 76 18 8 107 2 4 0 47 0 16
230 527214 F 9 128 0 0 526439 14 0 62 1 142 0 1 3 1 5 89 249 27 28 16 0
231 500814 Q 4 2 14 24 9 4 378 206 67 134 0 3 27 499309 419 125 12 5 0 0 72
232 473511 T 80 98 0 0 2 26 16 63 47 55 10 40 38 15 35 54 472850 33 0 48 1
233 472111 A 471476 5 61 3 1 73 1 0 0 6 1 10 105 1 19 47 185 116 0 1 0
234 421279 A 420569 1 101 63 0 47 7 9 0 2 0 1 45 1 22 51 262 95 0 0 3
235 413328 Q 39 1494 2 11 1 6 66 3 51 85 1 0 94 411137 67 82 32 103 0 3 51
236 406407 R 43 27 0 0 0 178 1 3 446 5 40 2 16 5 405563 52 11 1 12 1 1
237 407265 A 406312 12 1 44 2 182 1 3 0 3 1 1 31 25 4 392 92 157 0 2 0
238 424055 M 15 74 4 51 4 532 0 284 39 3475 419256 53 16 7 13 48 71 89 0 0 24
239 371854 M 95 14 4 5 2 4 10 183 46 34 371155 0 1 4 17 29 61 181 7 1 1
240 442295 D 5 1 441804 62 0 139 37 7 0 28 1 101 0 0 2 9 6 44 2 46 1
241 420437 Q 1 0 2 27 0 5 29 55 34 52 1 1 4 420064 102 11 2 2 0 0 45
242 483913 V 92 0 3 47 29 21 0 77 3 80 159 1 11 8 8 19 8 483330 17 0 0
243 483808 R 16 3 0 2 4 145 0 48 109 6 5 5 12 4 483308 64 19 4 1 1 52
244 477139 E 21 0 27 476646 0 160 4 24 69 10 2 56 39 11 8 8 7 17 1 0 29
245 507096 S 58 14 1 2 3 728 2 23 1 3 0 78 791 28 73 505246 30 12 1 0 2
246 495794 R 0 7 0 0 0 20 42 2 0 76 2 12 42 189 495276 6 14 2 99 4 1
247 500720 N 15 3 92 2 5 51 14 50 83 3 0 500099 60 1 8 108 98 11 1 15 1
248 515415 P 35 1 3 4 1 7 16 1 5 114 0 0 514898 94 29 150 56 1 0 0 0
249 539570 G 52 5 2 118 1 539050 11 3 1 3 2 3 0 0 168 3 6 49 23 1 69
250 518222 N 230 10 102 4 11 107 65 34 52 25 25 517339 11 19 14 85 28 22 9 21 9
251 550310 A 549790 5 106 7 0 28 0 2 0 27 2 0 26 0 0 68 166 81 1 1 0
252 529011 E 16 14 55 528521 0 126 0 1 99 4 0 25 3 20 13 11 2 41 1 13 46
253 555329 I 14 0 4 1 41 5 4 554934 1 11 36 43 1 17 1 8 70 126 8 0 4
254 541127 E 4 0 34 540621 3 86 0 2 219 0 0 2 0 26 6 0 2 60 0 0 62
255 551932 D 2 0 551633 40 0 81 17 0 0 6 0 47 1 0 1 1 0 57 0 46 0
256 528601 L 341 15 0 10 44 24 56 59 1 527418 20 217 123 1 11 183 30 36 0 10 2
257 532557 I 16 186 0 0 26 0 3 531562 0 409 15 45 7 3 14 53 91 120 1 5 1
258 490914 F 1 6 0 2 490560 5 1 25 6 119 0 0 14 2 0 71 8 33 1 57 3
259 482135 L 19 2 0 97 6 114 15 40 1 481423 61 2 88 52 13 78 56 64 3 0 1
260 490230 A 489238 5 2 68 0 63 6 2 0 3 0 0 35 1 0 103 167 510 0 0 27
261 424101 R 0 0 0 0 1 25 0 1 33 34 0 0 8 106 423787 0 2 0 102 0 2
262 520563 S 69 28 0 0 58 165 2 0 1 7 0 27 78 5 2 519961 62 20 0 73 5
263 513116 A 509704 168 11 64 1 36 36 2 3 5 2 5 35 5 6 116 2388 500 1 3 25
264 441972 L 32 1 1 14 520 34 79 36 2 440957 2 4 94 124 2 9 14 28 1 16 2
265 473258 I 18 16 0 2 0 46 19 471680 28 180 100 5 683 5 9 131 180 124 3 4 25
266 498061 L 114 4 4 53 88 36 7 113 32 495365 37 12 20 233 804 143 36 797 45 70 48
267 477956 R 16 0 1 5 0 99 8 39 608 87 0 20 12 3 476880 102 20 1 0 0 55
268 535262 G 31 170 0 99 8 534155 11 38 0 4 1 15 188 17 105 240 63 61 54 0 2
269 562534 S 33 2 1 0 1 4 7 15 1 91 0 0 377 8 11 561820 57 10 0 1 95
270 574208 V 107 3 40 0 41 27 27 102 1 51 0 2 2 4 34 20 42 573695 1 0 9
271 557255 A 556589 2 60 2 6 153 3 3 1 13 0 7 28 0 40 126 130 78 0 3 11
272 560437 H 7 1 21 40 0 39 559802 4 4 59 0 76 30 114 97 32 13 4 0 84 10
273 565512 K 6 0 2 53 3 2 4 44 565100 20 0 96 4 18 75 5 13 14 0 6 47
274 543141 S 51 9 12 3 30 9 1 2 0 41 0 6 75 2 3 542465 359 14 0 57 2
275 506078 C 309 503355 11 5 31 387 3 248 4 26 4 147 68 0 140 245 517 421 12 78 67
276 423210 L 19 90 0 0 3 7 183 20 5 422508 95 4 78 85 11 41 12 16 5 1 27
277 356739 P 100 10 13 7 4 13 82 0 4 62 3 1 356066 61 35 170 89 7 1 0 11
278 324050 A 322926 42 59 1 41 87 1 2 5 207 1 2 53 1 2 135 187 283 5 1 9
279 286828 C 76 286115 1 2 63 21 0 3 0 92 0 5 33 4 211 71 4 11 9 76 31
280 261999 V 74 22 1 40 1 19 0 38 27 61 59 1 0 3 7 11 32 261436 20 3 144
281 175510 Y 4 44 3 7 10 2 37 3 0 8 0 15 1 3 5 8 2 6 22 175278 52
282 133671 G 88 5 3 65 16 133245 5 2 14 23 3 7 4 4 77 36 7 25 6 1 35
283 182491 P 487 80 3 0 4 1243 42 80 161 303 0 32 177627 907 221 210 278 530 255 27 1
284 365426 A 364346 4 42 1 80 65 0 1 1 148 8 1 35 1 31 112 292 254 0 4 0
285 365838 V 111 3 3 116 1 32 17 172 4 77 0 8 26 5 53 51 5 365125 1 24 4
286 414866 A 414570 6 45 5 1 14 0 0 1 4 0 2 24 4 20 58 65 46 0 0 1
287 516214 S 0 38 0 0 0 84 3 45 0 2 0 160 5 13 147 515677 40 0 0 0 0
288 574125 G 25 99 95 2 0 571345 1 1 0 0 0 5 1 0 2408 84 0 51 7 1 0
289 577692 Y 6 120 8 2 89 26 341 56 2 32 0 30 1 6 1 29 2 97 1 576760 83
290 621537 D 6 6 621089 59 0 70 14 0 0 3 0 169 18 9 5 0 4 42 0 41 2
291 613153 F 89 373 4 7 611613 184 104 30 0 251 9 3 24 2 51 133 8 14 221 32 1
292 619100 E 24 6 26 618025 2 301 0 2 149 28 0 14 262 24 125 15 3 46 1 1 46
293 613391 K 11 5 6 82 1 22 5 45 612672 7 21 43 54 165 61 20 19 7 1 130 14
294 604172 E 141 5 157 601675 0 993 469 17 141 36 5 36 4 6 39 37 18 345 2 4 42
295 580953 G 23 0 4 100 0 580586 0 1 1 1 0 0 0 0 88 4 3 83 0 0 59
296 510940 Y 328 124 10 0 43 46 69 2 1 16 0 30 2 6 1 123 4 4 0 510044 87
297 459746 S 35 11 0 1 16 6 0 2 1 13 0 0 71 1 8 459312 219 6 3 39 2
298 432464 L 3 3 0 2 34 3 5 13 15 432182 0 1 1 5 4 78 2 26 15 0 72
299 479335 V 74 2 0 40 2 15 1 18 13 62 95 1 0 4 12 20 7 478923 29 0 17
300 354394 G 19 1 1 104 0 354051 0 2 0 0 0 3 4 0 67 41 1 51 1 1 47
301 577863 I 79 2 2 12 1 13 2 576003 103 471 181 17 3 7 580 21 143 130 70 7 16
302 575030 D 375 128 572789 103 11 131 52 12 5 74 0 282 220 41 110 419 43 93 44 92 6
303 555675 P 32 253 0 4 10 74 75 0 2 47 3 4 555019 19 23 49 57 0 0 0 4
304 630014 F 18 33 5 4 629062 68 15 216 2 222 1 5 2 1 3 144 1 143 1 68 0
305 630210 K 36 5 3 93 16 32 5 33 629418 15 1 89 1 48 226 79 9 31 11 35 24
306 624989 L 26 17 0 10 0 33 14 21 8 624187 62 1 113 39 185 80 153 21 7 2 10
307 645821 L 152 12 0 2 42 8 34 55 0 645258 5 2 106 1 10 33 62 33 0 2 4
308 651486 Q 36 4 3 37 3 5 22 930 61 488 4 4 17 649363 124 105 52 132 49 1 46
309 646656 N 154 1 97 18 9 200 208 49 201 38 27 644200 89 37 258 159 857 22 19 12 1
310 630896 S 854 93 0 13 1 344 3 101 2 218 16 190 160 5 133 628369 285 75 15 15 4
311 677755 Q 9 0 0 30 3 39 26 1 91 51 1 8 16 676980 263 69 52 21 2 1 92
312 737627 V 162 2 1 77 17 34 3 981 3 580 1 20 11 6 10 61 47 735594 6 9 2
313 683561 Y 29 127 19 1 53 67 206 7 2 62 1 36 5 4 65 104 4 19 25 682592 133
314 676493 S 645 344 8 5 5 729 0 98 1 15 2 120 1 15 146 673801 475 45 0 8 30
315 650597 L 6 75 2 3 195 75 4 204 2 649287 92 7 210 50 26 19 9 306 0 9 16
316 689205 I 11 47 23 2 36 17 6 688043 1 89 381 52 3 2 11 33 133 312 0 3 0
317 638564 R 2 0 3 1 0 248 0 50 92 6 1 1 1 1 638047 51 16 4 0 0 40
318 639558 P 69 73 15 8 37 121 18 1 12 165 3 18 637851 295 58 549 120 22 25 90 8
319 648644 N 23 4 70 17 6 119 72 30 177 56 1 646420 25 61 797 518 84 110 1 47 6
320 669923 E 29 1 106 669378 0 123 0 1 103 1 1 2 3 17 4 29 7 54 4 0 60
321 705985 N 14 2 113 4 14 143 9 27 85 5 0 705056 9 17 138 96 17 155 13 63 5
322 720550 P 454 33 0 7 1 16 15 7 2 119 13 2 719402 97 52 167 128 15 9 7 4
323 730894 A 726583 893 4 90 7 262 10 25 2 113 8 2 46 7 319 114 321 2024 2 50 12
324 778374 H 6 7 34 2 2 40 777635 1 4 92 1 67 46 160 110 10 11 5 0 104 37
325 780725 K 1 0 0 252 15 3 0 2 780038 3 50 64 0 25 229 2 15 1 0 0 25
326 655322 S 0 59 2 1 4 128 0 36 0 6 0 160 0 2 88 654811 23 1 0 1 0
327 645188 Q 0 1 5 34 0 1 78 0 363 53 0 0 16 644346 178 10 3 4 0 2 94
328 529721 L 15 0 2 1 3 10 7 41 2 529251 67 26 80 58 34 12 20 38 0 2 52
329 579935 V 107 7 86 40 69 34 2 6 1 162 77 4 6 1 31 23 48 579186 27 8 10
330 578515 W 2 98 26 0 4 22 0 5 3 113 2 2 4 0 126 18 1 11 577752 4 322
331 549740 M 34 39 2 34 4 20 3 221 54 857 548058 0 8 35 15 71 94 137 5 43 6
332 570294 A 569183 15 5 69 2 138 1 34 43 5 2 1 42 9 16 284 288 131 7 5 14
333 602526 C 143 601110 3 1 77 135 0 6 3 40 1 21 28 25 130 260 83 78 34 252 96
334 615956 H 10 60 40 0 9 20 615244 3 1 76 6 102 30 42 85 21 31 10 6 147 13
335 581264 S 15 60 19 1 59 67 3 1 3 14 0 5 61 8 17 580777 68 8 1 67 10
336 539923 A 538279 8 131 0 0 238 3 2 1 714 0 1 30 1 183 64 184 83 0 0 1
337 518145 A 517031 150 1 60 2 368 2 2 1 7 0 19 150 0 7 152 115 74 2 1 1
338 527493 F 726 11 2 0 525117 260 264 74 2 127 0 69 49 65 156 160 152 153 47 21 38
339 516811 E 7 0 92 516400 1 121 0 0 50 2 0 0 4 25 2 1 5 38 0 0 63
340 481612 D 161 8 480681 35 0 137 14 1 2 9 0 146 2 3 0 313 5 55 0 38 2
341 513715 L 3 0 0 0 0 5 2 72 1 513323 1 0 184 39 11 21 1 50 0 1 1
342 499676 R 12 2 0 16 4 168 3 26 116 22 1 14 27 3 499129 79 17 15 0 2 20
343 454877 V 82 3 0 34 0 5 0 84 1 72 1 1 1 0 1 88 2 454496 0 0 6
344 446636 L 1 4 1 4 38 14 0 33 0 446387 0 1 10 1 0 72 7 17 0 0 46
345 405021 S 6 8 0 20 9 147 0 78 3 6 0 67 4 29 115 404484 31 8 4 0 2
346 355282 F 33 83 0 58 354434 109 6 14 13 173 4 12 1 21 49 124 72 35 1 37 3
347 430280 I 456 0 0 0 35 2 4 429362 0 176 12 47 2 2 38 12 69 60 1 1 1
348 415451 R 1 0 2 2 0 89 0 46 73 2 2 2 1 2 415142 30 15 4 1 3 34
349 400065 G 17 0 3 66 0 399773 10 0 0 2 4 0 10 15 86 2 3 39 35 0 0
350 507304 T 242 6 24 0 2 118 98 90 25 184 1 46 29 15 37 172 506087 74 52 0 2
351 514462 K 0 1 0 79 6 3 4 26 513952 68 2 40 79 49 97 14 4 1 1 1 35
352 543777 V 114 4 0 43 0 18 0 81 1 71 0 2 16 0 0 9 15 543388 0 15 0
353 551612 S 216 10 0 0 48 2 3 438 3 125 3 34 871 48 43 549580 41 48 19 78 2
354 518028 P 35 18 4 2 6 65 1 66 6 99 0 4 517035 83 341 69 58 27 1 1 107
355 502178 R 0 1 0 0 0 113 0 0 127 11 63 1 0 0 501763 60 15 0 24 0 0
356 449090 G 15 0 0 52 1 448868 0 1 1 2 0 0 0 0 60 0 1 37 52 0 0
357 449240 K 4 1 0 137 0 8 1 18 448840 0 0 105 0 3 82 2 6 7 0 0 26
358 456798 L 0 5 0 11 49 0 13 40 0 456352 1 4 92 0 22 0 28 179 0 0 2
359 436180 S 28 16 0 0 73 3 2 0 1 2 1 3 129 2 552 434519 37 751 1 50 10
360 514427 T 88 53 0 0 1 1 1 41 12 2 1 37 9 0 4 91 514079 3 0 3 1
361 488857 R 0 0 1 4 0 81 4 42 103 14 0 0 4 0 488483 38 10 20 2 0 51
362 464817 G 14 1 62 46 0 464508 0 0 0 19 0 0 3 0 59 2 2 49 1 0 51
363 548836 V 215 58 13 46 3 10 0 127 0 141 7 0 3 0 2 3 5 548201 1 0 1
364 546302 Q 78 68 0 32 1 26 55 10 67 59 4 2 29 545665 72 11 41 4 2 7 69
365 565527 I 29 7 1 1 28 6 1 565175 6 39 20 42 0 2 3 10 70 75 1 0 11
366 493943 A 493619 1 37 0 0 23 5 5 0 9 0 5 24 0 1 88 81 42 1 0 2
367 487769 S 81 6 1 2 4 63 20 1 27 70 2 9 65 3 37 487206 84 10 3 1 74
368 498193 N 2 0 57 9 0 598 14 17 40 9 2 497110 3 8 25 180 19 75 0 18 7
369 492441 E 8 1 20 491768 4 105 142 22 76 2 0 0 0 18 2 77 18 43 1 85 49
370 506254 N 39 3 87 9 14 5 74 39 62 57 3 505434 153 1 27 72 115 48 0 9 3
371 504996 M 2 38 2 8 0 12 9 270 28 255 503928 19 18 31 16 136 66 153 1 2 2
372 523656 D 13 1 523265 54 22 106 11 2 0 0 1 91 2 1 2 7 0 20 3 51 4
373 515527 A 513146 23 69 1 58 31 3 99 4 69 25 0 39 1 39 1091 616 187 1 25 0
374 566158 M 29 157 26 1 1 3 0 412 36 76 565044 91 15 10 19 1 149 73 9 4 2
375 541716 E 3 1 39 541147 2 132 3 1 100 64 4 32 8 49 1 17 27 40 2 1 43
376 419200 S 23 8 16 0 28 209 2 4 6 32 0 36 127 4 1 418416 177 52 3 0 56
377 421095 S 27 29 2 2 8 120 7 40 1 9 13 88 18 2 89 420593 35 7 0 1 4
378 383987 T 85 3 1 0 0 42 0 39 7 16 3 25 4 1 146 470 383133 9 1 0 2
379 388230 L 26 4 2 0 27 4 28 134 0 387720 133 3 75 0 21 3 16 32 0 0 2
380 392759 E 5 3 33 392358 0 65 0 2 57 1 1 1 2 151 8 4 6 33 0 2 27
381 396593 L 0 2 0 2 4 7 8 7 0 395659 176 492 78 10 11 12 44 78 0 1 2
382 418408 R 1 0 0 4 0 122 1 23 63 9 0 0 0 0 418068 47 17 18 0 1 34
383 484815 S 234 16 1 4 0 299 3 30 5 16 12 113 11 1042 107 482664 51 115 28 7 57
384 517120 R 51 21 11 4 96 565 1 67 1162 89 106 9 1 12 514625 165 41 27 44 20 3
385 614202 Y 18 164 15 10 44 20 199 2 67 112 1591 77 8 9 1082 49 115 50 5 610475 90
386 596584 W 15 78 1 4 0 43 2 12 10 131 2 5 0 6 194 32 15 24 595765 43 202
387 548821 A 548119 2 67 2 0 151 1 0 0 3 0 0 89 0 2 62 143 175 0 1 4
388 604506 I 1 3 81 1 0 5 5 603838 29 101 141 10 12 3 50 13 105 76 4 13 15
389 571630 R 14 3 1 5 2 83 0 32 127 2 2 2 3 0 571254 42 11 1 0 0 46
390 588797 T 79 14 2 0 0 3 1 39 8 4 1 95 3 1 7 69 588455 3 3 0 10
391 600567 R 0 4 0 15 1 134 5 53 129 17 0 0 6 2 600088 37 23 6 2 1 44
392 579553 S 79 49 1 0 3 296 4 52 1 6 1 110 4 8 69 578789 56 11 3 3 8
393 595076 G 237 6 1 65 0 594372 0 2 1 0 0 2 1 2 120 123 1 77 2 0 64
394 566185 G 22 0 0 84 2 565854 1 0 1 2 0 6 0 0 104 2 2 57 0 0 48
395 573045 N 58 7 111 1 1 78 60 31 140 5 1 571745 1 17 453 143 83 13 4 80 13
396 574437 T 258 49 29 1 99 903 52 66 30 95 5 129 45 126 567 116 571336 98 275 150 8
397 659378 N 20 89 85 3 95 53 69 59 86 100 1 656817 4 10 1500 202 94 32 19 24 16
398 665996 Q 84 2 15 33 95 14 136 80 162 64 0 29 23 664468 496 80 12 131 0 2 70
399 600641 Q 130 4 182 46 2 752 185 39 178 294 2 2 1227 592332 4598 207 103 218 6 67 67
400 538192 R 15 10 0 17 0 215 0 12 145 13 59 1 18 1 537522 76 41 6 38 1 2
401 517539 A 515289 20 63 71 6 149 31 1 16 2 0 839 123 11 429 210 128 112 32 7 0
402 520243 S 45 39 0 2 50 61 56 14 366 50 0 2 150 27 302 518912 47 30 0 87 3
403 525792 A 522621 6 20 53 7 230 45 8 11 12 0 2 57 24 178 1838 358 232 0 87 3
404 548975 G 96 82 91 3 17 548093 1 15 2 8 56 3 4 0 93 182 28 183 6 6 6
405 547132 Q 7 2 0 24 0 0 35 6 54 33 3 0 47 546752 76 21 5 1 0 8 58
406 564867 I 1 1 3 1 27 0 0 564405 0 8 15 50 18 1 19 29 153 136 0 0 0
407 512330 S 2 99 5 0 1 148 0 16 0 2 0 86 0 0 72 511873 23 3 0 0 0
408 517247 V 110 19 0 51 0 7 0 1 0 95 160 0 1 0 0 46 7 516748 0 0 2
409 509627 Q 132 746 1 39 2 20 86 29 43 65 0 8 8 506144 96 858 641 485 0 4 220
410 466917 P 135 27 1 2 1 17 94 1 0 44 5 4 466368 1 9 110 88 6 0 0 4
411 499772 A 493484 2606 2 64 0 33 1 2 6 35 0 1 20 1 5 2898 403 209 0 1 1
412 506855 F 9 2 2 1 506355 22 4 62 0 176 1 1 0 0 2 59 0 25 54 74 6
413 446947 S 16 22 2 1 66 24 1 3 4 8 0 6 60 1 49 446612 29 10 1 32 0
414 470823 V 99 845 1 60 1 21 3 12 1 252 205 1 1 1 5 20 28 469266 0 0 1
415 483036 Q 4155 61 21 211 77 419 31 8 251 441 15 1 19 476308 453 281 1 158 25 1 99
416 487573 R 7 0 0 16 1 191 5 29 78 6 1 1 1 4 487145 31 17 1 0 2 37
417 452224 N 26 5 76 0 7 8 220 165 1757 2849 0 445687 43 169 108 256 163 611 13 53 8
418 474680 L 15 88 1 0 43 2 35 84 0 473006 204 0 138 2 11 14 13 1017 5 0 2
419 502270 P 56 16 0 28 0 10 16 11 27 95 17 1 501503 65 87 71 83 161 0 0 23
420 474340 F 126 44 3 2 472882 39 54 61 0 194 12 1 3 10 2 191 513 142 27 26 8
421 485643 D 938 48 480788 87 30 128 28 7 5 497 2 429 1 4 66 217 935 1323 0 71 39
422 469347 K 221 4 7 95 53 375 27 60 467409 427 8 113 0 59 164 63 132 29 1 53 47
423 470795 P 67 4 20 112 1 869 33 3 198 74 4 62 462764 110 648 133 569 5072 31 11 10
424 492777 T 1019 29 80 9 15 14 49 115 17 4095 36 164 160 4 19 281 485763 833 10 58 7
425 503245 I 42 34 0 3 55 2 4 494650 2 26 23 179 6 0 12 11 7996 182 14 2 2
426 482575 M 79 33 3 7 6 8 17 345 55 123 480956 13 2 29 133 41 120 594 9 2 0
427 442598 A 436701 157 5 59 11 2231 20 21 2 2392 9 10 111 10 112 258 293 175 16 1 4
428 438547 A 437539 90 1 106 26 58 30 26 1 12 23 57 37 32 42 97 259 87 1 21 2
429 433701 F 5 41 2 7 433136 47 0 38 2 201 2 3 1 1 28 80 4 14 18 70 1
430 400211 T 164 13 0 1 5 316 2 41 32 29 2 79 20 4 456 417 398612 14 0 0 4
431 434840 G 45 96 14 68 7 433167 5 25 6 307 0 21 66 1 145 65 12 67 64 657 2
432 445278 N 85 570 97 4 251 174 89 79 30 23 0 443448 82 5 60 85 71 70 10 37 8
433 478399 T 130 16 64 38 33 16 13 1073 62 187 1 11 34 72 2976 104 472881 680 4 0 4
434 492830 E 61 14 90 491590 0 230 3 17 112 116 8 10 48 51 23 246 68 79 5 2 57
435 529557 G 35 0 13 183 0 529081 0 5 2 1 0 3 1 0 118 12 0 57 3 0 43
436 537890 R 8 2 9 17 8 153 0 43 111 12 1 1 2 0 537398 46 33 3 1 0 42
437 547075 T 429 8 139 18 11 41 0 89 65 14 6 44 12 22 13 52 546058 23 1 7 23
438 573594 S 173 8 13 4 2 4871 0 11 1 82 0 858 227 25 12 567070 67 40 32 8 90
439 555989 D 11 2 555267 77 0 93 13 232 0 20 1 159 0 5 12 11 3 44 0 36 3
440 531773 M 181 0 98 11 0 146 5 147 42 47 530620 1 11 9 20 169 120 104 15 21 6
441 518210 R 4 0 1 0 0 114 6 1 66 2 60 0 0 0 517833 77 15 2 26 0 3
442 526266 A 522006 64 5 118 4 827 3 16 11 234 1 65 31 23 142 951 1204 551 5 4 1
443 535781 E 13 0 43 535286 0 109 0 2 108 1 1 3 0 26 15 17 0 31 1 1 124
444 538142 I 24 76 5 5 32 28 8 537069 6 248 42 35 1 2 35 43 203 227 32 6 15
445 602859 I 15 74 5 7 4 56 1 601546 43 67 170 58 3 4 15 20 75 136 19 15 526
446 544326 R 579 103 2257 277 44 1007 107 106 404 141 101 245 11 53 537244 1102 168 267 98 3 9
447 527599 M 158 365 8 58 38 283 104 690 108 71 524532 11 7 194 190 235 64 278 198 0 7
448 525442 M 34 0 11 5 0 31 1 212 95 165 524488 0 4 136 15 31 91 119 1 0 3
449 476937 E 33 8 43 476244 6 151 2 5 75 2 7 14 194 32 9 24 5 39 0 1 43
450 487693 G 16 191 142 5 0 485611 38 28 2 422 1 213 83 17 267 400 137 36 3 80 1
451 538706 A 532049 59 211 212 579 1651 38 524 9 600 189 16 42 5 527 81 547 1281 71 9 6
452 529242 K 24 0 3 91 9 103 40 26 528403 6 5 189 34 15 227 7 19 32 0 2 7
453 497791 P 24 0 77 3 6 159 0 0 28 68 29 0 497001 63 82 143 51 47 3 7 0
454 518406 E 249 73 22 516192 1 114 19 2 101 150 3 1 14 27 25 92 129 1124 2 32 34
455 529288 E 67 39 58 522246 87 1254 644 44 249 1877 35 38 45 77 921 61 146 1315 9 36 40
456 536045 M 62 85 5 7 13 1681 9 159 642 137 530651 12 5 28 528 120 73 681 894 251 2
457 510027 S 33 24 48 0 44 199 22 4 0 362 0 118 112 64 32 508749 141 22 0 42 11
458 529141 F 5 13 2 5 528356 43 1 65 2 334 3 1 0 13 7 144 11 12 11 113 0
459 503711 Q 63 3 103 86 0 1737 264 14 159 256 174 5 301 495566 4827 12 30 30 3 0 78
460 457101 G 142 5 2 74 7 456411 3 0 47 8 21 16 22 4 242 30 9 49 9 0 0
461 431369 R 179 4 0 8 1 84 2 0 1 113 0 1 24 196 430638 7 1 1 109 0 0
462 380450 G 51 5 1 159 13 379868 0 0 0 3 0 0 46 3 94 24 67 28 1 10 77
463 369233 V 74 1 14 0 15 70 1 155 3 12 0 3 0 0 47 11 23 368802 0 1 1
464 390588 F 3 5 0 1 390213 5 1 23 0 153 0 1 0 2 1 103 16 33 0 28 0
465 445982 E 4 1 59 445540 0 200 1 0 89 0 0 0 0 16 24 1 0 16 0 0 31
466 371987 L 8 36 10 18 1863 11 131 472 6 363404 40 6 604 461 191 58 125 237 21 4240 45
467 390995 S 0 22 11 62 14 50 2 1 5 121 128 4 68 29 98 390195 44 75 7 1 58
468 429959 D 11 2 429612 48 0 108 14 1 0 0 0 82 0 1 1 4 24 35 0 16 0
469 497836 E 30 0 52 497138 1 148 0 2 206 11 3 11 2 68 40 22 3 53 0 3 43
470 535063 R 0 1 0 1 0 138 0 0 126 0 67 0 0 0 534652 43 14 0 21 0 0
471 523215 A 522732 5 0 47 0 69 1 0 0 1 0 0 19 3 0 50 110 178 0 0 0
472 538391 A 537436 0 6 87 0 29 0 2 0 3 0 0 26 2 4 181 384 231 0 0 0
473 589116 N 2 4 72 1 1 0 60 18 69 231 1 588174 14 32 94 105 210 3 2 22 1
474 579317 P 311 1 0 0 0 2 0 0 0 113 0 1 577944 66 706 46 113 0 13 0 1
475 553551 I 157 2 1 2 44 156 0 552801 5 6 53 42 0 0 26 11 90 141 0 14 0
476 507627 V 388 1 0 39 0 168 0 0 0 91 157 0 2 2 25 3 4 506746 1 0 0
477 499923 P 30 1 0 0 1 2 27 0 0 44 0 0 499688 0 11 57 62 0 0 0 0
478 482210 S 11 15 0 0 46 2 7 6 4 37 0 0 116 4 14 481872 16 0 0 60 0
479 543290 F 14 69 8 0 542255 107 101 21 1 305 0 0 14 1 149 78 117 19 2 27 2
480 548748 D 19 3 547115 67 91 124 46 1 455 114 3 221 51 10 46 76 121 90 2 92 1
481 477673 M 12 10 0 0 0 13 23 162 25 98 476973 0 0 3 125 0 63 153 4 9 0
482 599277 S 0 51 179 2 0 123 0 43 0 1 0 153 0 0 71 598612 40 1 0 0 1
483 675973 N 1 0 101 4 0 0 2 75 80 1 8 675580 2 1 1 84 4 0 0 23 6
484 606261 E 9 0 43 605186 10 194 0 0 86 0 0 1 67 27 5 21 14 492 31 2 73
485 549832 G 16 4 3 56 34 548562 0 1 0 1 4 1 1 7 467 9 2 45 555 1 63
486 558885 S 4 10 0 0 27 3 0 5 0 1 0 0 78 0 3 558675 31 0 0 48 0
487 559151 Y 0 54 0 0 23 0 97 7 0 3 0 7 0 0 1 2 0 0 0 558918 39
488 547991 F 0 4 0 0 547738 0 0 33 0 101 0 0 0 0 0 72 0 4 0 39 0
489 525197 F 0 2 0 0 524915 1 0 17 0 161 0 0 1 0 2 55 0 5 0 38 0
490 524548 G 25 0 1 43 2 524246 0 0 1 0 0 0 0 1 120 0 0 51 0 0 58
491 534014 D 12 10 533533 66 0 154 19 3 0 0 0 45 0 1 5 9 1 117 1 38 0
492 543538 N 0 2 90 1 0 0 3 34 91 0 5 543172 0 7 25 79 6 0 0 22 1
493 641294 A 639606 2 0 90 45 48 1 4 1 33 7 0 60 8 139 87 587 338 4 231 3
494 527023 E 75 0 88 526424 0 122 1 46 83 0 0 3 6 19 14 7 7 53 1 4 70
495 506244 E 19 0 71 503649 2 818 0 1 126 9 0 159 11 17 6 589 638 76 3 0 50
496 485603 Y 20 156 4 1 551 27 64 12 40 6 7 32 0 0 19 45 1 129 102 484314 73
497 449903 D 111 5 446146 241 80 900 12 307 4 77 4 687 0 0 3 137 26 1052 2 86 23
498 343938 N 171 9 41 4 33 731 11 892 921 181 64 336999 16 16 1467 517 1355 226 13 243 28
