# amino-acid counts among definitively called codons
# POSITION TOTAL_COUNTS WT N_A N_C N_D N_E N_F N_G N_H N_I N_K N_L N_M N_N N_P N_Q N_R N_S N_T N_V N_W N_Y N_STOP
1 369539 M 0 0 0 0 0 0 0 169 14 20 369246 17 0 0 2 0 41 29 0 0 1
2 372654 K 100 54 41 128 34 94 64 65 370669 137 72 239 142 51 252 137 151 64 25 46 89
3 388498 A 387108 29 27 189 27 107 39 54 23 102 15 30 130 36 82 182 122 121 10 26 39
4 408545 K 68 39 39 55 38 66 49 94 407171 122 26 90 105 43 149 104 87 80 17 35 68
5 427587 L 74 42 33 40 47 61 50 92 52 426146 28 56 158 71 209 116 105 69 20 35 83
6 454074 L 92 48 48 52 52 134 56 79 62 452363 76 46 178 117 164 141 108 111 31 40 76
7 552043 V 228 56 126 57 137 216 57 183 90 247 29 87 142 70 212 154 142 549627 31 71 81
8 662458 L 418 248 174 220 205 493 202 300 224 654202 1013 173 1171 351 847 545 413 468 156 247 388
9 903015 L 242 153 132 110 263 200 140 273 147 898718 64 131 339 120 394 536 272 295 79 179 228
10 831946 Y 114 265 116 107 214 240 252 304 184 499 102 260 284 134 437 470 341 261 75 827035 252
11 742177 A 737285 114 91 321 144 248 99 197 123 397 61 95 343 143 397 795 415 551 47 100 211
12 775313 F 74 56 108 93 772328 150 123 228 139 400 55 106 139 96 332 381 98 179 34 78 116
13 775993 V 162 43 46 121 62 42 77 186 100 280 27 68 228 68 201 196 146 773723 24 71 122
14 769403 A 768450 7 253 15 7 61 12 13 11 22 9 11 57 7 36 258 78 71 4 10 11
15 770134 T 114 20 22 34 27 58 46 165 93 92 16 50 142 40 127 215 768754 34 14 28 43
16 776596 D 93 38 775200 91 38 169 19 9 1 77 7 241 56 18 93 68 26 131 21 150 50
17 782016 A 779885 21 18 247 41 84 58 41 36 113 15 36 133 46 112 285 398 353 5 49 40
18 792638 D 23 72 789962 176 66 302 109 91 57 226 38 124 37 75 215 132 61 217 38 519 98
19 780784 T 309 91 137 189 121 271 121 251 170 383 51 110 279 155 364 448 776650 261 83 104 236
20 970342 I 302 143 185 162 168 433 180 964240 277 652 207 221 399 223 592 402 453 456 79 179 389
21 1049736 C 446 1041434 175 172 415 594 310 313 154 823 124 181 627 243 847 908 462 448 163 474 423
22 1065119 I 371 152 169 253 179 443 183 1057346 410 638 626 300 555 227 697 596 693 485 108 252 436
23 904254 G 365 749 288 97 129 899131 141 141 116 374 39 110 406 106 461 477 258 602 25 113 126
24 834019 Y 225 235 121 117 207 254 332 141 82 416 37 157 353 122 444 353 239 248 68 829575 293
25 836602 H 185 127 148 70 107 258 831846 161 75 488 62 566 448 221 601 352 241 185 70 237 154
26 836152 A 832133 99 95 356 59 327 56 130 104 253 61 100 297 111 308 597 331 491 69 52 123
27 860234 N 319 123 188 111 92 275 163 264 164 375 68 855787 356 114 392 496 328 229 47 195 148
28 874175 N 207 111 205 121 102 297 153 236 232 311 78 870008 253 144 342 436 302 239 52 142 204
29 888488 S 307 167 160 189 161 367 159 255 211 600 78 176 647 208 460 882185 436 315 86 192 1129
30 901893 T 546 142 161 167 123 365 127 511 178 424 83 268 382 179 555 557 896315 324 54 180 252
31 891357 D 322 169 884900 321 161 573 216 221 149 407 72 710 326 183 471 329 306 459 96 705 261
32 824706 T 366 85 122 130 116 353 153 352 170 365 57 221 160 119 372 437 820528 220 73 138 169
33 1063122 V 573 251 370 312 337 743 236 677 323 698 145 332 452 247 703 721 558 1054679 123 276 366
34 1026499 D 416 181 1018621 342 222 693 275 371 300 469 71 421 403 211 531 494 421 539 91 1121 306
35 756454 T 358 153 116 146 129 410 107 340 293 443 77 160 288 184 465 475 751497 365 89 104 255
36 745911 I 284 75 144 191 98 360 189 740556 307 460 156 225 406 225 483 435 440 270 61 197 349
37 713909 L 145 89 65 60 128 161 206 200 86 710976 34 135 387 119 245 240 195 155 37 115 131
38 717768 E 126 69 405 713910 83 290 74 96 305 221 39 63 144 128 243 225 131 233 42 66 875
39 703794 K 74 45 45 127 47 88 40 66 701882 187 69 336 112 64 208 77 96 58 34 34 105
40 700348 N 97 45 157 49 45 123 71 114 90 165 40 698339 169 44 143 260 123 100 29 80 65
41 695061 V 155 24 38 125 75 80 31 37 42 161 185 52 91 41 104 113 107 693498 16 40 46
42 687008 A 682808 5 14 945 7 86 15 24 11 32 4 12 53 20 28 2368 166 391 2 9 8
43 693747 V 123 15 12 47 17 46 10 16 7 2413 147 6 4 12 32 15 17 690778 5 13 12
44 699788 T 241 94 93 67 101 179 62 360 178 231 48 119 2378 66 306 283 694600 174 38 98 72
45 698352 H 178 111 107 83 73 121 695194 219 104 321 52 167 183 78 290 295 222 162 53 204 135
46 618562 S 131 79 37 36 132 89 31 69 40 171 27 44 164 32 103 616600 130 73 21 482 71
47 767236 V 420 226 229 162 335 422 128 536 146 630 90 181 334 135 440 453 316 761465 107 196 285
48 650577 N 259 127 313 115 138 218 193 225 202 270 56 646994 69 73 265 246 273 220 4 228 89
49 470362 L 146 42 47 69 40 174 67 74 58 467904 369 70 299 97 209 198 148 161 55 47 88
50 564467 L 176 98 130 96 184 217 154 395 94 560941 58 137 357 98 360 269 199 229 25 145 105
51 555581 E 281 124 185 550919 91 436 112 182 352 324 83 139 294 165 407 316 241 275 69 130 456
52 566987 D 228 89 562775 222 128 329 224 217 125 382 53 172 261 121 291 286 204 245 48 386 201
53 575071 S 210 229 89 73 89 553 126 1499 106 260 43 325 199 103 587 569871 215 164 79 93 158
54 586540 H 153 94 124 86 154 176 582746 166 102 443 40 578 201 193 292 266 192 172 36 187 139
55 592728 N 197 92 274 75 68 195 96 135 178 205 28 589727 158 77 273 297 180 168 47 128 130
56 605373 G 185 68 66 254 67 600436 65 118 98 240 35 89 113 75 442 200 159 842 1601 96 124
57 599829 K 125 56 89 229 85 263 59 211 596783 196 64 154 124 82 352 224 184 236 16 96 201
58 494542 L 183 90 116 119 109 185 141 250 146 491188 56 107 300 179 309 258 193 264 51 108 190
59 507292 C 274 502271 97 129 246 337 126 323 188 533 90 144 272 140 409 419 294 336 95 245 324
60 457922 K 448 164 248 386 189 427 213 328 451138 559 106 234 382 236 642 573 412 459 142 271 365
61 408319 L 436 279 183 220 263 408 208 423 211 401961 106 214 365 161 571 676 427 437 123 296 351
62 348615 K 150 73 73 105 84 160 119 126 345937 268 35 192 234 109 240 222 174 94 32 70 118
63 355980 G 93 38 59 152 47 352843 74 95 62 172 21 56 114 76 196 144 135 323 15 45 1220
64 386189 I 143 60 56 46 48 133 76 383698 91 219 277 79 231 73 220 185 205 157 33 46 113
65 457839 A 454373 83 238 49 54 204 87 117 79 233 40 96 240 100 187 920 255 245 54 83 102
66 415246 P 109 47 34 58 41 107 94 68 46 270 12 44 411620 1044 180 201 1000 95 24 59 93
67 498209 L 154 70 69 59 65 136 98 100 27 495951 6 45 444 115 210 172 136 134 34 85 99
68 509922 Q 173 91 97 98 88 162 108 188 179 398 32 137 278 506508 363 259 203 172 24 106 258
69 486398 L 179 110 111 95 1257 158 144 278 113 481878 75 155 277 109 290 403 264 83 59 144 216
70 477136 G 336 138 140 433 148 469739 158 251 160 477 79 147 416 207 558 433 378 1037 1507 167 227
71 454199 K 55 28 31 110 50 46 26 62 453147 72 9 62 64 47 125 82 44 48 8 28 55
72 510616 C 204 506269 119 93 185 192 180 199 112 408 75 119 408 123 375 505 298 245 47 250 210
73 521415 N 181 119 269 86 120 164 157 195 185 308 39 517542 325 110 316 421 323 199 46 169 141
74 498091 I 275 153 130 91 161 231 183 493657 134 429 91 198 294 146 419 445 318 307 54 169 206
75 547008 T 424 198 217 159 219 371 214 365 190 581 110 214 316 179 575 539 541085 413 115 240 284
76 572893 G 222 100 120 204 108 567901 106 184 110 329 50 123 252 106 731 310 248 445 40 129 1075
77 545827 W 206 352 76 88 71 159 100 163 105 982 81 96 252 100 330 306 216 238 541329 101 476
78 623119 L 249 85 90 92 212 217 154 1377 81 618606 19 85 366 121 347 261 163 304 54 97 139
79 559378 L 283 204 128 195 1486 343 200 312 210 552231 161 225 459 190 447 711 413 379 130 267 404
80 505268 G 336 129 194 447 171 498830 180 255 177 517 93 213 330 206 536 391 303 500 87 193 1180
81 582094 N 418 299 301 163 425 551 227 538 181 1088 180 573343 677 209 711 829 562 530 140 350 372
82 643220 P 528 244 279 207 324 551 330 360 240 986 105 321 633880 1287 724 794 710 527 135 262 426
83 669876 E 656 339 273 659062 418 650 361 496 393 1245 166 295 728 320 719 920 508 765 142 407 1013
84 686965 C 267 680283 178 140 728 261 221 301 137 601 87 203 484 156 523 661 381 375 128 296 554
85 709968 D 408 240 701743 268 236 485 342 342 203 739 95 620 574 239 522 618 491 504 110 807 382
86 698426 S 227 119 89 112 118 189 173 159 150 528 51 158 457 176 384 693460 317 185 45 149 1180
87 705130 L 219 114 112 113 113 264 204 201 160 700870 163 175 512 223 377 366 344 267 65 117 151
88 665760 L 360 112 108 105 280 285 225 534 179 660643 61 182 563 185 421 329 421 354 62 145 206
89 639187 P 362 165 183 123 189 391 234 345 233 848 98 259 630925 1554 575 664 986 370 86 260 337
90 584785 A 579105 92 175 387 163 345 171 239 145 404 50 176 356 144 436 918 340 708 69 149 213
91 550643 R 185 73 71 88 66 301 87 212 189 218 41 79 181 86 547883 256 166 164 46 83 168
92 546555 S 172 72 83 100 94 167 85 182 80 402 43 96 302 41 237 543664 217 158 40 99 221
93 550510 W 150 137 57 56 85 121 102 90 105 682 45 74 187 100 366 227 178 118 547268 71 291
94 602169 S 205 80 71 78 153 181 128 188 74 401 63 96 446 156 346 598293 322 200 44 473 171
95 731095 Y 372 358 228 133 227 393 548 305 185 569 63 300 489 199 564 552 424 344 91 724387 364
96 663169 I 249 144 135 126 141 245 198 658175 232 430 109 204 397 190 455 426 456 365 80 145 267
97 711148 V 401 128 137 224 125 210 207 342 176 459 56 197 425 129 396 431 398 706255 37 146 269
98 682408 E 214 91 125 678291 110 264 181 167 267 341 43 183 243 165 349 315 256 213 49 128 413
99 691431 T 265 68 65 85 56 149 100 350 159 252 38 102 42 94 304 279 688537 158 62 90 176
100 698078 P 206 83 91 104 77 171 136 140 116 379 34 126 694584 504 316 272 280 177 44 97 141
101 708742 N 97 10 111 49 32 126 58 87 116 113 8 707076 101 34 150 177 127 124 5 50 91
102 731234 S 139 87 75 82 147 148 88 121 105 289 28 91 287 98 235 728107 178 165 34 604 126
103 755429 E 199 78 531 750792 90 549 95 151 260 246 57 111 175 132 290 261 200 249 46 87 830
104 774563 N 242 107 220 186 79 256 174 342 237 382 87 770028 192 146 394 406 311 249 65 228 232
105 792960 G 348 141 119 267 100 785391 172 246 262 410 69 233 322 189 708 466 421 1120 68 137 1771
106 780683 A 775908 106 113 548 68 254 175 175 137 326 63 123 327 159 320 614 507 430 49 117 164
107 812640 C 261 807943 128 107 192 282 146 220 157 433 79 136 274 167 459 428 253 273 103 310 289
108 771676 Y 257 215 178 194 137 439 271 302 224 452 62 221 347 201 468 420 328 377 105 766157 321
109 686989 P 383 144 129 157 127 314 176 220 220 713 73 181 679658 1722 580 526 893 239 103 150 281
110 559772 G 280 49 72 160 49 555526 111 100 84 283 22 82 311 108 452 226 197 634 14 74 938
111 534122 D 249 81 530138 123 53 377 164 130 108 306 50 197 394 173 326 319 265 265 75 188 141
112 623059 L 233 103 78 82 142 247 154 219 73 619676 43 34 581 96 302 308 210 196 58 88 136
113 635450 I 288 78 92 79 158 158 166 631928 111 315 54 154 402 68 221 243 381 289 29 110 126
114 665089 D 317 162 658920 219 162 394 223 316 241 525 85 417 373 154 501 402 460 369 61 515 273
115 708008 Y 361 280 158 145 279 467 361 361 187 732 105 234 555 222 678 662 480 347 142 700855 397
116 783129 E 411 103 1399 775226 123 840 192 237 265 408 72 163 438 226 437 375 399 343 83 152 1237
117 746323 E 131 65 174 743581 62 305 82 18 191 182 2 84 116 119 168 76 113 211 34 90 519
118 703395 L 238 95 75 90 67 265 140 194 127 699447 132 126 579 199 390 334 357 215 43 119 163
119 683436 R 188 54 69 105 77 454 96 100 231 262 1206 85 204 97 678631 936 146 146 134 99 116
120 643384 E 83 41 222 640882 21 318 53 83 298 85 21 37 127 68 143 92 97 135 12 20 546
121 612853 Q 139 40 46 104 60 110 112 94 320 260 24 70 237 609689 360 156 128 104 42 51 707
122 611481 L 110 88 63 74 659 217 92 132 94 608505 78 91 130 91 185 260 135 162 49 79 187
123 530837 S 97 97 52 67 40 283 41 284 70 146 32 182 55 59 502 528401 104 126 48 56 95
124 432960 S 143 49 62 79 59 179 70 104 57 247 22 72 241 65 190 430357 144 126 35 60 599
125 524292 V 210 54 96 126 45 182 114 136 90 276 35 82 206 81 227 219 138 521731 48 72 124
126 520418 S 167 83 97 95 98 170 129 147 124 376 58 115 260 95 238 517158 223 177 38 124 446
127 483431 S 86 38 56 53 43 88 45 109 47 217 24 65 160 28 115 481692 165 94 25 52 229
128 432703 L 87 74 57 48 100 159 64 143 95 430635 32 82 159 72 157 208 133 111 38 95 154
129 462557 E 137 57 56 459974 40 228 70 135 137 202 33 74 137 86 191 177 182 157 40 65 379
130 405803 R 44 24 25 20 32 111 41 155 84 75 12 33 75 25 404698 92 66 53 22 41 75
131 424660 F 39 32 22 19 423398 50 31 74 31 412 14 27 63 36 70 115 64 48 2 59 54
132 434619 E 72 12 73 432907 24 142 37 67 199 109 20 48 122 52 127 99 66 116 14 35 278
133 442649 I 34 18 12 27 25 41 22 441756 56 87 63 24 49 36 62 79 85 88 8 34 43
134 458901 F 65 48 46 32 457133 151 71 127 51 206 13 66 141 67 157 192 94 60 15 98 68
135 468981 P 282 102 106 100 127 167 907 152 135 424 32 122 464319 150 381 455 459 202 52 131 176
136 468935 K 370 180 116 205 162 337 133 274 462383 553 104 965 508 165 751 481 377 346 90 158 277
137 531983 E 445 279 330 522864 267 612 309 486 346 806 119 287 664 254 640 793 634 607 122 378 741
138 514651 S 630 358 299 290 341 651 370 436 366 985 142 457 774 328 897 505230 615 540 123 339 480
139 548344 S 426 191 174 138 325 300 190 370 194 727 73 240 435 244 494 541993 490 326 66 271 677
140 527255 W 350 831 119 168 118 497 187 243 199 1021 141 183 379 209 808 500 348 311 520003 169 471
141 462518 P 412 119 79 115 133 313 690 192 111 537 41 114 457073 165 423 499 918 227 65 120 172
142 467572 N 267 126 198 108 157 253 200 263 197 419 59 462967 304 172 354 467 300 296 68 180 217
143 453577 H 162 77 108 87 59 154 450119 177 114 325 49 388 252 174 328 290 244 158 10 209 93
144 447601 T 257 52 92 78 104 191 93 222 153 239 60 126 209 115 281 315 444565 178 44 97 130
145 449985 F 213 146 78 85 446493 230 90 191 97 542 40 101 176 95 276 348 189 196 53 169 177
146 442045 N 237 68 270 150 126 330 128 222 202 278 16 437984 259 143 389 394 281 186 58 154 170
147 416502 G 195 57 65 123 55 413310 72 96 71 212 26 57 161 72 331 206 131 505 40 60 657
148 428082 V 218 92 92 114 92 251 103 226 87 293 46 69 246 93 275 257 181 425087 60 89 111
149 436006 T 182 24 43 70 69 114 65 256 154 243 33 107 151 117 237 208 433592 128 27 77 109
150 408521 V 231 82 94 106 75 183 91 186 100 285 36 90 220 85 190 195 167 405871 31 68 135
151 420826 S 156 35 61 61 84 138 73 98 76 287 39 63 217 86 173 418463 183 117 35 79 302
152 384576 C 94 381762 82 73 205 171 51 124 75 206 34 77 122 70 265 241 124 130 61 255 354
153 332350 S 184 114 45 71 328 262 103 135 85 334 46 84 271 84 325 328649 191 196 65 662 116
154 342454 H 104 61 52 74 86 122 338828 137 76 284 19 1269 226 109 245 202 137 111 48 146 118
155 338996 R 75 46 35 57 57 285 41 105 123 177 835 66 71 59 335316 1161 99 94 50 77 167
156 330959 G 111 29 49 146 41 328547 74 78 54 129 20 40 114 50 230 116 116 265 31 48 671
157 341158 K 34 43 36 72 70 57 53 136 339483 174 20 78 133 47 158 174 102 74 16 73 125
158 348390 S 99 68 37 26 34 319 56 183 48 125 11 101 133 34 354 346485 98 53 25 44 57
159 345729 S 175 65 37 32 73 237 86 136 6 247 30 45 247 61 188 343611 145 139 36 64 69
160 364033 F 230 111 91 93 360308 285 158 163 87 342 45 109 355 120 315 344 299 232 51 138 157
161 378676 Y 263 151 130 112 141 313 189 272 169 378 63 182 264 113 282 341 349 279 66 374417 202
162 360858 R 180 35 59 65 115 479 125 260 93 332 42 102 374 73 357520 293 233 191 41 103 143
163 384368 N 207 131 164 124 156 315 145 240 156 476 88 379812 400 112 380 480 312 263 78 154 175
164 375898 L 291 150 103 149 333 375 163 254 151 371086 120 174 394 143 423 429 339 287 105 147 282
165 365949 L 158 75 54 54 73 122 139 203 89 363247 40 92 469 102 203 252 218 141 38 71 109
166 347186 W 164 269 64 58 75 110 134 163 84 653 77 130 278 107 364 335 282 124 343342 119 254
167 344512 L 214 87 75 57 120 150 245 132 62 339883 1204 126 623 132 330 345 275 178 31 129 114
168 362901 T 270 87 96 69 81 237 141 116 109 320 312 61 288 93 306 301 359593 181 56 94 90
169 336334 K 197 115 109 175 123 207 132 164 332472 360 62 322 245 104 402 347 267 198 57 116 160
170 356512 K 233 98 106 192 70 271 137 156 351544 287 91 1204 348 132 515 294 274 193 63 125 179
171 385890 G 322 120 106 242 120 379269 153 172 98 440 70 118 460 144 519 379 298 1445 1133 119 163
172 381521 D 309 117 376604 132 100 444 206 185 134 398 63 324 447 110 421 376 244 319 76 358 154
173 421186 S 207 95 76 77 123 145 121 194 100 437 56 113 414 113 246 417722 262 153 27 113 392
174 427401 Y 114 214 54 33 100 141 169 128 80 237 40 114 235 56 180 212 189 109 30 424803 163
175 409657 P 203 68 67 51 83 130 140 104 58 316 30 62 406024 955 262 260 529 115 28 79 93
176 476603 K 224 92 92 175 140 212 148 156 472449 397 53 309 271 139 445 380 258 241 51 159 212
177 447124 L 213 65 52 53 80 221 133 96 64 444132 264 73 388 106 312 280 202 157 52 78 103
178 508877 T 202 70 69 56 62 160 77 176 48 214 14 96 194 70 202 328 506484 124 50 84 97
179 532075 N 183 106 167 105 88 261 159 236 131 330 65 528292 316 110 332 372 227 230 48 150 167
180 623373 S 323 176 127 126 274 276 147 277 179 488 81 160 458 174 428 618084 355 344 95 550 251
181 640272 Y 214 184 149 90 137 235 537 189 98 294 77 193 407 94 278 370 276 209 71 635944 226
182 599053 V 259 119 133 174 147 308 110 192 151 412 172 155 187 127 291 352 232 595138 50 139 205
183 610553 N 180 94 205 107 128 270 108 178 180 308 43 607146 162 77 241 357 231 180 51 141 166
184 618524 N 171 81 165 90 105 168 89 200 141 286 56 615438 196 110 242 318 154 209 30 139 136
185 589722 K 157 83 44 284 76 163 66 196 586522 282 53 167 166 90 379 242 180 190 46 113 223
186 603299 G 180 76 71 214 66 598315 46 140 64 174 26 76 171 66 328 190 146 1194 1586 77 93
187 612102 K 161 83 58 258 97 187 80 180 609179 226 39 143 151 76 336 220 162 149 43 89 185
188 600096 E 249 107 125 595765 89 296 118 216 278 351 55 135 237 142 360 389 253 233 56 173 469
189 586331 V 227 113 130 105 144 225 116 293 122 327 57 113 197 85 247 219 205 583095 56 107 148
190 618214 L 164 83 93 85 147 235 162 706 107 614407 39 102 537 102 304 277 164 180 51 113 156
191 698496 V 306 101 162 253 57 304 108 339 157 443 62 156 174 112 386 254 242 694513 57 91 219
192 705133 L 203 83 102 114 102 170 125 266 175 701503 55 133 425 164 362 277 273 243 65 137 156
193 719590 W 187 1722 86 103 140 347 110 201 148 1960 96 140 173 94 420 358 198 202 712419 146 340
194 693878 G 283 997 252 99 215 687848 140 266 157 476 76 173 376 114 342 932 321 312 72 168 259
195 782547 V 567 180 136 77 291 223 235 711 204 684 89 178 529 198 502 585 383 776207 103 201 264
196 818002 H 253 109 169 118 139 316 812255 279 128 659 100 556 491 223 619 454 338 252 62 329 153
197 808038 H 292 138 185 119 246 294 802080 362 175 566 102 571 379 155 376 516 402 357 61 454 208
198 779451 P 54 7 23 17 18 46 29 69 40 323 7 25 775769 1984 146 230 564 55 4 14 27
199 829919 S 28 33 16 19 86 35 3 47 17 42 10 25 140 4 18 828812 92 48 5 403 36
200 843551 S 28 55 21 14 36 168 8 385 18 52 12 107 21 16 326 842125 72 18 8 23 38
201 738784 S 62 67 48 55 83 199 62 200 118 279 55 152 124 63 195 736580 126 72 25 72 147
202 783055 D 415 214 775743 263 270 567 232 403 211 687 117 405 378 169 470 565 371 679 120 447 329
203 821936 E 428 265 442 813617 245 830 179 359 381 597 115 162 419 243 630 522 383 538 175 205 1201
204 799742 Q 284 137 103 146 130 275 253 210 500 571 69 155 451 794420 526 405 232 257 56 126 436
205 744005 Q 104 37 23 121 15 142 724 25 173 278 84 28 132 740614 657 192 143 86 100 32 295
206 671278 S 215 116 114 115 155 407 98 220 96 315 61 181 215 112 294 667689 200 261 95 130 189
207 642938 L 260 88 121 103 215 257 201 538 101 638677 54 119 445 139 385 335 277 270 56 132 165
208 635859 Y 213 348 99 90 159 213 288 153 86 337 25 154 267 104 301 262 211 214 57 631999 279
209 591167 S 129 118 85 71 125 268 113 206 97 309 51 196 215 89 332 588040 251 159 35 123 155
210 463090 N 166 93 103 56 105 94 73 184 111 253 46 460431 228 64 210 284 172 170 34 89 124
211 450823 G 168 76 70 107 82 447827 75 108 55 197 36 73 165 61 269 191 128 345 35 69 686
212 447593 N 186 99 105 50 136 127 127 194 102 306 46 444449 254 86 286 305 228 153 46 150 158
213 471532 A 469145 67 256 67 80 176 53 132 69 135 19 83 145 44 169 341 205 182 26 66 72
214 473830 Y 55 81 56 52 58 72 159 12 45 72 44 56 19 27 55 47 20 40 36 472706 118
215 419115 V 154 49 67 47 108 139 59 160 52 182 35 59 170 45 121 186 109 417200 20 71 82
216 458689 S 142 89 58 62 103 131 31 135 57 239 33 77 324 29 186 455953 227 137 39 538 99
217 467085 V 162 54 57 87 31 133 54 182 56 211 24 53 113 60 161 149 105 465234 27 54 78
218 415687 A 413176 48 38 209 50 140 88 48 59 130 27 65 161 54 149 707 144 276 25 33 60
219 380272 S 124 74 63 66 102 191 59 89 55 180 24 76 237 46 207 378089 111 156 45 142 136
220 384355 S 203 116 102 65 136 204 124 148 84 380 41 120 385 99 348 380880 225 161 47 115 372
221 422990 N 252 73 141 96 111 232 129 210 167 331 67 419276 261 142 339 357 224 216 40 168 158
222 431283 Y 597 194 276 252 299 537 220 562 369 899 132 397 504 338 623 794 719 510 143 422473 445
223 417227 N 540 207 264 179 313 303 306 516 358 787 164 408995 658 295 672 838 618 449 104 269 392
224 414399 R 301 134 133 146 141 343 203 273 217 424 649 220 389 238 408665 908 359 260 69 158 169
225 451978 R 152 63 62 113 43 284 95 377 189 214 35 92 319 98 449031 243 220 80 28 84 156
226 476836 F 340 165 137 110 470529 308 265 432 148 1039 97 221 538 165 398 602 461 314 86 256 225
227 497562 T 394 135 105 83 149 216 236 281 132 246 44 224 325 96 275 351 493681 204 57 136 192
228 518177 P 516 211 209 159 237 453 339 338 196 1092 74 171 506997 2241 1162 797 1951 428 103 193 310
229 535967 E 593 215 377 526094 322 813 311 454 394 939 141 303 443 337 912 791 629 620 170 339 770
230 514113 I 489 259 220 242 268 543 258 506160 256 786 300 269 672 248 632 664 490 536 47 291 483
231 489543 A 482331 244 377 182 241 502 286 327 203 598 81 257 561 197 582 944 536 425 99 273 297
232 481529 A 474398 196 191 351 184 481 259 340 198 700 115 246 311 266 596 729 824 415 102 260 367
233 515408 R 478 322 237 295 382 938 219 520 422 1019 733 331 542 282 505061 1310 573 652 222 393 477
234 601458 P 395 140 130 116 197 300 581 238 103 563 84 160 595833 145 409 522 716 334 63 179 250
235 613398 K 321 145 174 312 238 345 122 330 607434 644 23 241 472 288 557 485 354 364 78 179 292
236 648019 V 464 235 250 241 339 386 339 607 286 900 107 356 824 269 747 744 567 639449 105 436 368
237 627468 R 393 155 158 193 244 549 236 923 291 671 99 262 529 229 620332 634 543 353 57 253 364
238 615369 D 223 77 611355 127 124 289 196 201 116 372 43 218 392 139 296 297 270 247 33 205 149
239 616220 Q 445 301 235 245 253 457 244 478 380 788 124 334 542 607852 859 772 570 462 107 258 514
240 625452 H 137 41 64 54 59 123 622964 106 66 263 44 152 241 112 317 170 194 125 24 122 74
241 588292 G 116 51 35 123 49 584515 38 71 40 130 29 42 100 40 248 132 90 841 1512 26 64
242 560792 R 167 90 81 102 90 522 94 132 284 231 763 83 215 57 556678 474 199 193 106 98 133
243 573549 M 287 168 121 130 178 249 140 709 175 443 568236 133 385 169 428 370 427 374 79 133 215
244 630793 N 315 177 264 142 215 289 179 348 226 479 98 625213 416 147 437 550 402 327 68 231 270
245 632887 Y 318 268 169 195 262 334 330 376 236 685 118 227 397 204 489 548 425 438 100 626429 339
246 724831 Y 485 320 219 221 246 564 313 486 368 733 122 278 426 270 708 725 509 510 119 716644 565
247 654434 W 634 699 336 349 384 649 329 633 442 1600 185 461 816 366 1302 1014 697 726 641608 382 822
248 587739 T 410 178 157 143 146 185 159 381 234 434 110 341 380 158 428 535 582562 220 68 208 302
249 591026 L 407 196 179 166 348 341 194 289 157 585245 145 192 478 165 510 651 413 396 98 192 264
250 608825 L 290 76 114 111 165 209 187 478 176 604328 94 167 534 184 459 387 215 305 35 125 186
251 616285 E 199 131 168 611730 108 234 181 200 231 401 56 180 285 175 333 370 308 236 48 153 558
252 587451 P 209 117 77 87 53 203 559 81 40 387 55 55 583791 121 438 422 328 165 72 69 122
253 598117 G 304 65 113 245 110 592359 72 212 115 456 86 108 286 125 823 301 251 960 70 66 990
254 584894 D 306 36 580254 261 97 220 208 120 89 478 76 199 595 202 260 247 259 340 33 464 150
255 605365 T 298 91 68 75 53 219 167 311 155 247 21 152 299 158 504 384 601844 90 3 128 98
256 690908 I 746 215 241 402 273 794 462 679342 322 1170 281 407 913 402 1125 978 817 756 261 277 724
257 703404 I 869 397 426 420 283 932 536 690491 450 1145 194 482 931 512 1323 1049 832 850 223 448 611
258 590378 F 314 205 202 139 583768 327 244 426 196 789 95 290 447 185 515 651 441 432 95 299 318
259 551271 E 158 71 255 547636 41 446 68 77 141 201 67 48 249 107 300 157 186 148 74 74 767
260 494121 A 492385 29 20 401 19 83 43 23 14 162 11 21 145 48 115 190 136 186 9 27 54
261 539106 T 384 230 129 192 159 384 266 227 204 354 80 263 680 245 631 622 533020 279 146 191 420
262 602324 G 533 593 316 172 282 594647 287 237 156 711 85 227 728 205 639 782 508 678 76 269 193
263 621415 N 205 340 327 199 353 413 574 486 261 1063 122 611590 530 312 1017 1101 798 410 164 554 596
264 681738 L 605 82 265 280 35 441 351 492 253 674263 78 263 1024 350 686 549 595 492 80 200 354
265 690825 I 264 169 139 212 200 452 181 684683 282 690 253 246 368 166 470 555 473 382 114 177 349
266 683826 A 680341 94 68 244 66 267 84 90 59 275 62 83 252 48 235 689 413 226 56 64 110
267 668344 P 200 103 96 91 67 288 219 57 44 252 2 111 664632 752 372 341 279 96 58 161 123
268 683074 W 209 205 125 141 179 320 138 207 117 983 82 130 330 125 544 401 263 207 677809 151 408
269 664356 Y 271 245 176 163 256 294 358 340 219 709 132 282 446 169 403 496 386 377 84 658250 300
270 630529 A 621975 256 377 222 342 491 252 438 303 730 187 162 743 288 709 994 704 597 136 198 425
271 608100 F 267 148 121 105 602902 217 237 134 69 988 17 92 806 189 452 652 208 217 57 122 100
272 608615 A 604216 112 153 331 122 283 133 171 66 375 28 120 412 140 301 505 458 354 53 114 168
273 601063 L 254 94 105 72 141 210 185 182 145 596854 81 96 991 180 385 351 217 210 47 85 178
274 788952 S 500 288 246 148 409 467 300 564 250 901 98 444 893 214 685 780859 547 466 91 285 297
275 894159 R 446 343 246 326 429 537 313 1611 525 1035 141 422 1004 354 882467 1221 770 644 126 438 761
276 792238 G 517 204 280 376 229 781128 308 475 293 785 145 318 904 271 869 819 704 1120 1801 315 377
277 757467 F 605 292 253 260 745526 693 527 594 360 1378 156 330 1082 473 876 1230 746 857 197 452 580
278 878619 E 638 322 410 864119 472 1313 344 778 718 1089 188 565 980 431 934 1044 1017 995 180 463 1619
279 863885 S 82 113 30 19 219 34 188 140 91 366 12 111 706 212 306 860127 284 43 29 614 159
280 895861 G 591 1102 510 149 315 884516 423 438 210 977 95 278 1184 269 863 1727 667 739 97 361 350
281 890010 I 551 282 250 256 509 727 294 880672 352 1037 203 374 611 256 744 685 522 688 121 384 492
282 926603 I 160 224 162 152 358 371 194 921144 178 563 111 291 205 101 421 414 393 515 68 249 329
283 911322 T 518 409 138 245 533 556 307 934 470 1523 181 400 715 440 929 1073 900018 647 221 385 680
284 921573 S 756 437 600 448 1024 499 681 1298 693 2390 264 765 1350 585 882 902516 1117 1600 165 832 2671
285 941766 N 681 175 558 445 607 881 461 1086 681 1365 268 927246 778 486 1208 1270 999 1106 138 673 654
286 781755 A 774222 105 256 860 215 167 228 476 329 616 64 335 345 232 379 1278 534 525 62 254 273
287 790268 S 203 179 216 156 318 160 258 369 242 626 15 255 482 196 414 784361 424 151 58 312 873
288 860072 M 314 274 213 227 309 456 235 1155 341 629 851445 293 494 318 656 820 525 512 134 292 430
289 837839 H 548 243 201 156 203 385 829312 417 274 811 120 621 636 307 849 741 548 470 86 560 351
290 612121 E 308 134 237 606073 148 444 144 236 258 475 58 160 449 151 357 440 353 376 86 206 1028
291 705904 C 350 698640 173 115 251 388 153 342 218 724 91 245 438 180 502 840 388 538 130 676 522
292 685276 N 242 118 379 73 159 172 242 274 228 313 2 680375 471 167 351 691 394 258 7 226 134
293 599946 T 361 218 138 143 277 271 194 343 306 631 222 202 505 231 448 607 593920 330 57 254 288
294 598469 K 234 132 114 225 283 145 181 357 592978 656 140 283 309 162 478 496 421 290 39 219 327
295 610199 C 256 604348 103 114 380 295 174 327 173 666 82 162 370 163 479 579 298 337 130 385 378
296 618350 Q 70 74 20 105 50 120 100 129 444 389 53 57 241 614976 612 302 180 54 51 39 284
297 603228 T 276 102 76 71 132 174 130 360 167 343 63 115 333 117 265 332 599539 255 61 146 171
298 721569 P 154 73 42 46 105 106 659 117 63 463 28 63 718428 59 215 312 317 129 23 69 98
299 680119 Q 318 140 169 185 108 263 1832 217 1864 621 99 189 659 670789 919 445 349 287 83 135 448
300 682651 G 372 175 181 419 126 675882 193 87 155 570 30 95 451 210 593 533 326 1052 94 164 943
301 762097 A 750623 362 554 112 456 452 437 604 344 1087 198 417 928 338 1092 1288 909 778 169 392 557
302 981362 I 214 32 274 246 196 488 265 973414 447 960 230 365 738 354 689 437 796 623 12 229 353
303 963376 N 502 278 327 281 330 816 209 516 434 680 140 954699 462 157 633 879 575 473 159 382 444
304 859060 S 206 188 73 104 89 674 60 421 97 256 54 452 139 108 738 854715 203 298 44 36 105
305 834058 N 208 151 186 68 89 337 63 213 78 202 14 831073 108 35 303 323 155 221 23 80 128
306 831543 L 286 145 128 117 358 578 159 483 176 826162 37 156 621 132 562 378 272 325 135 129 204
307 785830 P 321 126 115 158 153 350 2088 236 139 617 45 149 777774 170 602 498 1581 313 74 134 187
308 792734 F 211 182 108 94 788049 216 111 256 123 1014 54 134 209 107 406 560 189 246 76 180 209
309 780144 Q 324 114 155 221 157 379 499 229 1328 678 91 154 388 772665 1051 413 258 346 132 133 429
310 792456 N 243 85 224 126 133 265 136 332 201 391 69 788114 244 132 376 464 265 229 71 146 210
311 772454 I 322 153 126 173 110 551 157 767017 250 395 335 177 275 157 515 441 378 377 134 177 234
312 767750 H 414 252 232 222 183 654 760433 285 216 641 133 287 390 324 786 515 319 385 132 652 295
313 607224 P 206 94 98 134 67 430 101 110 117 493 68 87 601142 1984 589 275 703 225 93 71 137
314 565261 V 561 264 217 140 348 540 275 413 239 659 89 228 570 206 624 698 412 558100 139 238 301
315 556319 T 518 271 184 217 278 486 317 476 479 843 92 323 579 294 770 571 548311 449 121 260 480
316 637002 I 329 198 157 152 244 333 292 630154 282 653 418 289 433 262 452 662 494 476 106 249 367
317 562471 G 371 210 220 276 195 554349 253 470 279 668 106 327 346 220 666 614 328 1009 42 319 1203
318 680860 E 445 351 245 670896 396 498 294 533 430 837 151 303 619 310 635 971 558 521 158 362 1347
319 675139 C 244 670261 84 69 549 274 86 138 72 328 55 84 238 97 395 515 173 246 108 586 537
320 747729 P 299 214 147 130 287 296 224 254 143 703 32 153 740732 1376 535 633 747 261 97 224 242
321 792202 K 365 66 167 249 308 340 195 500 785519 674 73 359 351 243 498 681 399 567 36 268 344
322 804614 Y 581 218 214 223 375 532 288 523 296 946 134 250 560 221 710 893 557 473 115 796003 502
323 819370 V 526 331 264 147 390 311 290 610 294 822 71 360 606 210 656 908 626 811076 98 331 443
324 801004 R 527 318 238 246 391 1112 308 445 357 1158 1324 292 785 354 789056 1859 564 543 277 327 523
325 767639 S 608 491 288 281 430 1001 344 569 331 1106 175 544 687 338 1045 756872 590 794 221 393 531
326 747362 T 376 83 67 89 170 409 73 317 100 405 72 196 304 92 295 417 743340 231 53 121 152
327 765264 K 309 171 189 398 225 612 177 241 758415 621 92 277 544 191 705 554 362 402 162 198 419
328 728014 L 698 444 321 322 1356 898 326 584 414 715796 113 415 666 378 1091 1166 798 721 285 455 767
329 717661 R 510 252 179 287 174 1128 199 245 344 520 1056 167 417 206 709534 786 371 326 283 223 454
330 631009 M 353 147 141 167 131 473 207 868 111 439 625132 131 287 136 447 318 245 625 143 165 343
331 561623 V 378 119 138 147 145 438 117 286 94 319 53 97 267 119 399 307 198 557550 75 103 274
332 554605 T 298 80 102 155 51 279 106 390 257 184 74 181 271 96 253 322 550892 183 53 108 270
333 595552 G 233 96 107 161 79 591245 118 186 149 286 35 124 185 102 397 249 235 431 44 114 976
334 587772 L 252 92 154 154 161 359 166 320 126 583101 76 123 464 199 543 377 249 332 33 165 326
335 577055 R 92 70 49 72 51 319 54 313 128 169 40 74 129 73 574792 205 113 83 33 83 113
336 571877 N 207 97 158 94 72 317 101 183 172 244 68 568580 167 101 266 305 203 181 61 126 174
337 562914 I 129 60 60 57 71 218 57 560581 76 158 69 103 116 65 255 165 209 220 64 66 115
338 558890 P 146 75 73 100 77 229 87 96 104 339 51 74 554123 1514 282 266 749 186 43 92 184
339 552529 S 149 123 86 83 141 257 86 182 87 278 42 79 245 94 232 549417 185 199 60 286 218
340 640709 I 107 112 70 76 153 182 94 637985 132 201 47 120 103 72 202 208 222 215 61 99 248
341 646221 Q 235 106 94 118 110 231 147 199 430 354 59 138 215 641960 501 323 192 182 83 148 396
342 692974 Y 197 237 103 99 325 217 213 295 164 550 51 173 212 146 335 439 274 285 42 688125 492
343 680252 R 439 242 179 217 285 669 244 934 390 745 6 260 586 240 671778 866 644 460 143 289 636
344 759015 G 316 687 241 196 148 753097 178 285 219 470 83 188 319 171 500 577 280 470 23 173 394
345 789012 L 388 171 242 234 216 258 264 865 322 781603 109 297 607 290 580 495 510 475 86 357 643
346 853913 F 220 140 180 166 847933 230 183 498 257 811 105 212 327 183 421 559 373 317 73 250 475
347 726309 G 216 114 140 238 96 720673 135 167 115 362 54 148 262 109 512 347 258 820 90 102 1351
348 711494 A 706822 96 361 100 51 211 119 100 46 229 45 85 203 78 191 1783 245 480 34 89 126
349 716077 I 289 131 136 144 204 326 141 710879 203 444 110 203 388 163 482 470 434 373 90 162 305
350 723658 A 714152 232 555 193 291 409 290 346 154 982 117 239 1269 242 812 1142 949 624 102 223 335
351 738496 G 713 662 284 158 71 732133 204 169 114 417 79 126 409 163 579 756 483 511 92 126 247
352 811213 F 1131 470 705 625 793241 1344 784 667 555 1836 179 604 1357 641 1506 1240 1254 1239 244 676 915
353 844753 I 789 330 415 388 432 923 500 829949 645 1629 259 620 1261 520 1197 1256 1089 831 210 715 795
354 755558 E 533 314 1902 742409 317 1043 273 386 463 795 197 293 281 256 1256 685 615 711 204 325 2300
355 750267 G 1022 264 416 584 232 734708 445 512 232 1008 169 333 1097 429 1312 972 858 2788 2046 313 527
356 681768 G 810 260 1075 666 254 668763 266 394 379 753 153 310 1028 329 1446 942 759 897 164 238 1882
357 642077 W 694 592 261 318 209 1290 410 320 363 1587 650 306 1152 342 1269 911 710 571 628966 262 894
358 560815 T 829 303 473 326 271 690 425 541 391 828 203 489 815 456 1063 960 550137 580 194 333 508
359 565940 G 458 59 179 327 26 560043 187 121 125 382 56 84 459 190 695 271 214 649 39 45 1331
360 460241 M 334 159 130 339 320 370 174 738 438 747 452423 329 407 288 804 553 374 522 105 197 490
361 526222 I 584 241 287 410 389 577 203 516384 433 767 424 490 739 289 964 999 676 563 131 200 472
362 496297 D 150 159 492105 125 173 254 205 131 67 505 60 148 317 146 419 306 59 315 67 403 183
363 566842 G 395 212 199 191 109 561759 245 138 85 121 9 183 315 37 568 487 313 448 18 227 783
364 649565 W 458 322 165 180 333 409 202 357 188 1576 212 193 656 258 784 738 457 507 640298 268 1004
365 755291 Y 398 236 187 116 259 257 500 316 151 674 125 212 572 165 568 664 465 407 25 748799 195
366 760202 G 283 698 155 152 120 755766 71 87 64 352 95 15 194 145 521 372 175 495 133 70 239
367 707890 Y 373 211 113 117 200 385 252 75 91 398 19 98 378 178 441 348 156 177 85 703541 254
368 715604 H 206 174 105 109 247 242 710750 206 152 570 61 308 270 217 508 349 157 222 116 335 300
369 684036 H 248 148 112 118 158 280 679725 237 121 417 58 263 245 149 469 326 190 269 84 205 214
370 673078 Q 272 128 105 162 195 326 346 222 339 580 79 103 277 667715 603 377 230 330 98 130 461
371 678860 N 251 128 241 189 142 504 65 215 225 324 105 674277 87 74 421 556 256 317 80 144 259
372 678356 E 271 115 176 673585 132 406 104 212 256 371 76 131 302 145 348 373 298 329 96 127 503
373 639755 Q 176 99 62 97 112 201 1357 165 182 397 71 126 349 634428 602 317 260 185 53 111 405
374 679786 G 283 188 159 310 185 674091 201 256 191 452 71 217 309 169 591 469 343 424 67 199 611
375 638958 S 276 178 162 168 153 325 216 257 163 789 116 199 515 185 495 633111 428 325 120 232 545
376 712249 G 294 720 343 265 124 705017 233 257 204 612 86 186 454 239 675 626 424 741 126 206 417
377 690517 Y 488 339 245 246 243 601 459 490 365 843 128 299 778 318 880 725 690 475 140 681283 482
378 610730 A 597894 356 346 657 209 848 326 526 455 931 164 432 886 363 1026 1443 993 1615 205 385 670
379 564967 A 553487 404 235 690 374 617 358 521 359 909 176 346 439 392 1090 1713 571 1105 170 323 688
380 553211 D 367 135 547449 149 203 663 161 234 124 557 72 212 337 125 517 443 305 470 153 287 248
381 556398 Q 352 331 259 230 384 582 224 599 420 817 97 387 336 546164 822 2158 491 677 130 343 595
382 571795 K 534 258 217 237 272 519 220 341 564182 698 109 227 486 370 745 656 385 414 136 265 524
383 562250 S 501 183 123 109 121 643 116 364 156 338 44 248 314 115 646 557235 283 226 102 148 235
384 576742 T 583 323 202 211 197 482 252 426 285 752 131 186 598 242 773 679 569109 553 113 181 464
385 608043 Q 757 463 294 340 307 849 339 457 287 968 129 246 801 597459 1276 1027 506 595 194 236 513
386 596599 N 293 153 229 184 237 404 113 379 265 518 183 591022 202 116 433 509 244 415 95 245 360
387 567832 A 562021 160 410 96 130 449 80 229 189 377 64 151 265 89 451 1245 369 567 84 147 259
388 509052 I 511 293 243 237 231 625 253 501833 187 590 135 204 415 211 755 606 294 572 186 234 437
389 505914 N 533 225 280 211 355 376 199 524 310 827 75 498034 510 195 508 846 516 619 64 288 419
390 404308 G 220 114 90 127 114 399252 116 164 100 293 59 90 167 106 379 223 152 751 1448 124 219
391 405017 I 259 175 85 41 200 179 149 401211 82 380 64 100 237 135 318 305 197 452 54 166 228
392 320720 T 422 213 142 120 248 353 167 353 199 582 51 133 329 177 539 442 315255 360 106 212 317
393 382823 N 267 160 143 68 228 313 150 248 185 466 51 378066 277 154 475 452 242 299 110 185 284
394 387674 K 246 159 119 165 164 318 166 214 382446 539 55 665 243 168 529 416 247 275 107 192 241
395 465031 V 643 388 279 226 355 573 235 489 281 1109 118 270 525 282 801 882 466 456045 198 295 571
396 470322 N 254 133 158 53 106 187 132 165 107 297 26 466985 261 82 283 344 155 177 67 161 189
397 508167 S 124 100 44 23 94 108 70 66 25 170 12 58 290 37 229 505688 139 92 56 560 182
398 546483 V 269 152 118 71 164 273 103 223 54 332 7 75 213 84 310 251 129 543274 75 77 229
399 541578 I 354 183 120 130 150 325 127 537025 167 360 44 158 283 164 528 336 252 357 122 140 253
400 530489 E 194 104 229 527366 42 474 85 13 190 84 5 41 183 111 277 225 103 137 73 61 492
401 526712 K 211 25 56 178 58 218 79 127 524102 212 34 103 151 81 274 204 160 180 24 76 159
402 536579 M 237 96 85 135 118 540 96 483 135 324 532068 111 203 120 404 332 256 305 111 110 310
403 524948 N 295 141 217 114 147 359 103 193 199 289 68 520811 200 101 312 403 197 299 91 138 271
404 513214 T 260 95 75 84 109 308 117 211 85 303 31 136 240 95 342 335 509712 246 72 86 272
405 520389 Q 200 169 126 207 184 362 194 176 558 460 81 112 243 515092 660 349 195 278 129 125 489
406 507406 F 123 119 88 80 503735 345 61 211 62 700 35 85 110 82 252 328 121 271 102 137 359
407 427603 T 182 14 25 31 9 82 38 226 99 93 24 50 117 73 266 179 425950 36 16 14 79
408 325165 A 323049 74 281 66 46 232 33 61 40 108 39 50 82 47 212 277 112 162 36 37 121
409 306977 V 199 59 65 111 54 297 81 69 59 230 97 56 172 54 271 180 116 304459 71 51 226
410 285760 G 130 211 178 72 39 283764 50 62 72 118 29 26 116 50 210 180 67 182 53 28 123
411 222368 K 153 11 53 94 35 235 36 74 220458 159 25 62 136 44 206 129 116 136 32 29 145
412 186930 E 81 60 36 185579 21 209 12 43 41 108 30 35 61 46 137 71 62 100 31 20 147
413 164127 F 97 99 44 54 162255 191 25 97 40 271 12 44 63 39 178 152 72 124 57 82 131
414 166648 N 102 80 120 52 59 225 29 70 38 128 23 164792 73 43 186 185 67 158 35 54 129
415 163518 N 74 63 45 38 52 101 26 74 56 151 17 162070 70 41 125 150 73 85 28 57 122
416 169809 L 78 61 23 20 78 50 29 54 27 168706 17 29 43 22 86 148 65 86 34 46 107
417 180414 E 42 27 34 179329 38 65 15 60 125 67 17 34 26 23 132 66 47 75 20 29 143
418 170201 K 67 27 17 60 38 79 30 59 168968 91 23 49 57 35 128 109 66 99 17 47 135
419 167539 R 18 7 11 11 9 645 5 12 299 34 212 15 24 10 166019 91 20 26 26 14 31
420 143047 M 30 11 49 16 11 42 16 368 18 44 142081 19 38 11 71 48 41 48 28 21 36
421 156769 E 39 35 26 155811 19 142 11 30 55 71 15 15 43 16 82 59 36 77 20 14 153
422 139280 N 50 42 37 21 24 81 15 51 29 59 4 138409 50 21 80 74 38 64 20 40 71
423 141464 L 13 14 16 12 50 20 30 48 33 140773 2 29 48 28 69 77 60 14 11 28 89
424 146153 N 41 2 34 13 35 56 19 53 40 57 7 145465 93 16 46 61 30 31 5 14 35
425 159537 K 85 70 41 28 179 90 89 218 156480 310 15 127 313 66 226 374 281 89 22 142 292
426 156748 K 145 65 61 63 75 84 71 76 154658 179 12 50 146 66 197 199 148 159 26 77 191
427 181059 V 86 20 40 23 52 63 55 94 59 132 24 48 73 50 116 131 89 179690 17 51 146
428 192707 D 169 66 190210 65 71 171 74 128 67 255 38 119 158 70 202 222 138 213 23 150 98
429 193287 D 113 51 191550 62 50 131 41 67 56 114 22 81 131 47 109 173 90 90 18 150 141
430 198655 G 69 32 23 91 48 195934 47 95 72 160 18 73 106 53 212 163 128 268 880 43 140
431 201778 F 64 50 28 15 200650 30 28 61 33 112 17 32 72 44 71 141 74 78 26 48 104
432 204750 L 92 43 21 43 31 114 38 40 53 203333 72 40 205 53 149 114 95 68 31 26 89
433 190065 D 86 19 188954 30 42 114 28 32 22 69 14 60 65 21 60 84 74 77 6 136 72
434 192171 I 55 37 30 29 47 79 47 191047 40 101 14 43 66 26 94 123 66 80 25 26 96
435 196454 W 64 162 26 31 44 131 38 43 37 297 14 45 90 45 179 127 85 67 194718 45 166
436 200677 T 131 13 39 32 33 54 31 73 48 86 13 48 88 36 76 85 199670 49 11 10 51
437 260847 Y 48 69 33 16 61 60 97 80 31 148 20 47 68 32 96 94 56 89 15 259538 149
438 255302 N 94 50 97 41 68 91 53 93 65 152 26 253535 108 39 151 175 89 69 34 77 195
439 255915 A 254541 41 22 124 40 95 28 48 39 70 9 37 76 33 103 201 140 134 16 30 88
440 278873 E 73 55 48 277246 67 121 43 78 81 102 20 49 76 38 125 110 70 77 28 57 309
441 272253 L 64 67 28 38 98 100 43 81 47 270869 37 35 55 18 114 140 60 87 27 79 166
442 343523 L 68 46 30 30 70 88 44 101 58 342024 26 59 62 55 131 194 85 125 16 40 171
443 345400 V 105 43 59 39 74 85 30 93 26 132 25 40 82 22 93 113 72 344072 15 49 131
444 364275 L 154 87 84 84 59 204 87 224 124 361547 36 103 227 124 263 248 110 145 43 77 245
445 382409 L 88 20 24 53 45 76 34 24 39 380946 70 28 299 72 134 141 78 77 39 33 89
446 382705 E 95 53 70 380667 63 296 28 38 92 169 17 31 69 50 161 102 57 138 44 24 441
447 382098 N 128 53 96 32 75 88 50 94 57 174 51 380132 117 38 160 192 95 148 42 87 189
448 404966 E 42 51 72 403370 49 201 9 60 144 80 22 45 36 22 75 104 61 106 24 43 350
449 411257 R 94 75 38 53 86 387 56 74 170 205 367 33 111 61 408557 296 96 150 85 59 204
450 402563 T 185 99 90 74 75 124 73 142 84 207 37 113 112 89 198 187 400079 147 61 91 296
451 406766 L 171 58 69 61 623 200 44 90 48 403966 77 67 118 56 228 219 99 172 96 61 243
452 374514 D 97 32 372928 76 53 251 35 59 22 128 14 43 47 43 96 85 58 125 28 179 115
453 329766 F 68 53 22 24 328408 78 19 68 25 366 0 28 54 34 93 147 53 73 42 26 85
454 312417 H 99 48 56 21 22 69 310455 48 18 172 8 427 104 81 268 115 72 112 25 96 101
455 307887 D 111 61 306043 102 43 215 45 77 38 139 15 78 56 42 160 123 71 169 36 153 110
456 317644 L 124 56 53 51 88 172 37 85 30 315971 15 30 79 24 168 196 75 135 39 58 158
457 298741 N 98 54 79 23 63 109 45 93 56 153 52 297024 100 43 133 170 91 107 40 72 136
458 276927 V 168 54 53 92 56 173 20 99 47 166 97 52 51 28 156 99 69 275204 43 67 133
459 281652 K 99 51 40 128 67 180 37 82 279464 183 59 233 81 53 252 157 94 153 49 30 160
460 279412 N 68 46 50 32 47 89 30 87 50 94 19 278171 52 26 95 100 62 66 22 65 141
461 281392 L 43 17 19 35 14 76 13 40 40 280454 101 30 77 53 82 63 45 62 27 16 85
462 284975 Y 79 119 30 38 85 93 65 59 52 132 15 86 63 42 108 139 64 119 25 283360 202
463 277850 E 76 41 146 276180 34 131 29 50 97 98 9 28 48 36 107 97 49 109 24 32 429
464 250995 K 45 22 28 45 28 35 16 52 250177 78 15 35 26 19 88 71 36 52 15 17 95
465 261075 V 82 25 24 38 36 91 22 114 32 86 3 31 32 29 77 77 39 260093 21 40 83
466 255169 K 48 47 27 41 34 76 17 52 254148 79 11 41 53 29 82 79 66 66 15 44 114
467 269055 S 90 31 39 52 48 126 33 479 57 104 3 77 32 30 309 267272 54 72 24 34 89
468 264212 Q 117 69 53 70 75 106 60 91 336 172 3 52 115 262025 172 158 98 156 24 65 195
469 287864 L 59 51 46 39 99 64 31 120 58 286436 12 54 54 27 114 131 59 81 54 80 195
470 301243 K 95 92 50 97 70 196 27 78 298906 168 47 220 53 67 340 147 84 190 56 67 193
471 319427 N 105 92 99 60 87 171 82 125 89 189 22 317060 90 41 176 274 82 188 44 99 252
472 320875 N 134 89 148 59 74 225 67 130 90 245 59 317935 127 82 273 325 168 198 56 106 285
473 352376 A 348017 149 216 98 192 226 103 225 131 358 48 107 184 109 255 805 284 339 54 171 305
474 369703 K 184 128 48 132 177 130 86 203 365844 444 78 108 171 144 363 368 214 236 65 121 459
475 369813 E 172 106 87 366984 99 187 26 123 147 285 36 61 121 62 145 241 95 248 46 117 425
476 378491 I 100 96 56 54 129 101 54 376208 103 244 51 127 63 52 141 220 120 150 54 104 264
477 378024 G 158 119 95 144 109 374086 77 147 69 305 42 103 93 73 479 219 97 424 66 114 1005
478 374397 N 103 79 78 39 112 46 71 179 119 281 58 371962 163 63 157 280 95 116 22 117 257
479 388386 G 136 70 60 106 81 385128 60 131 85 207 35 67 119 64 243 199 120 457 784 65 169
480 385207 C 114 382592 70 63 124 162 63 107 63 208 24 48 120 71 162 228 105 264 59 304 256
481 423479 F 202 69 75 62 419932 35 137 169 76 582 20 87 233 119 303 390 248 175 55 165 345
482 432375 E 192 115 119 427726 122 884 60 193 181 256 16 74 92 97 322 286 190 255 127 112 956
483 409332 F 146 77 57 65 406477 190 47 141 84 498 12 86 105 58 187 233 91 216 106 115 341
484 448485 Y 209 195 113 115 259 547 309 212 103 485 73 139 225 110 438 379 141 342 127 443553 411
485 431973 H 206 104 106 105 143 503 427978 95 86 324 49 520 137 131 325 187 161 290 104 194 225
486 490819 K 201 95 99 193 115 341 48 121 487388 292 80 152 147 109 381 231 153 259 73 79 262
487 447819 C 141 444919 87 78 190 125 59 128 66 315 65 87 124 66 261 265 129 219 76 216 203
488 459141 D 176 111 455769 135 93 483 73 125 94 257 60 193 104 58 231 187 110 342 56 291 193
489 467497 N 182 100 166 65 100 146 89 147 128 248 44 464622 128 84 208 250 118 265 79 104 224
490 468469 E 152 87 109 465322 95 431 52 123 173 232 42 78 108 74 223 187 112 226 84 101 458
491 466573 C 87 464938 32 27 172 148 19 41 23 83 7 46 36 27 177 153 43 87 53 140 234
492 485779 M 133 91 57 42 65 129 56 853 91 250 482654 68 85 53 206 172 189 279 68 56 182
493 469623 E 178 115 154 466429 114 293 74 122 106 301 29 60 178 94 158 224 119 233 54 93 495
494 433848 S 134 99 53 64 83 246 32 137 51 152 32 79 77 38 182 431894 83 152 67 68 125
495 480338 V 167 97 61 95 103 239 60 263 76 267 46 55 38 64 119 194 103 478012 27 77 175
496 447620 R 116 60 40 85 81 364 33 201 149 221 44 57 50 26 445307 191 89 198 51 58 199
497 406769 N 154 102 112 65 121 200 71 192 118 272 57 403779 138 82 184 303 190 238 36 104 251
498 403449 G 110 55 35 96 57 400458 31 47 66 131 18 48 60 37 270 137 80 557 981 38 137
499 383563 T 133 32 47 24 65 87 44 106 45 84 28 65 28 18 78 128 382270 109 23 54 95
500 363364 Y 102 127 57 61 75 240 155 57 49 187 38 28 112 49 170 138 80 145 69 361233 192
501 361255 D 96 51 359696 63 27 231 47 47 43 107 23 58 42 23 118 87 70 127 30 159 110
502 339397 Y 78 66 45 35 55 150 63 78 23 120 5 38 43 28 103 103 66 95 36 338063 104
503 375496 P 112 84 47 48 121 211 68 96 48 286 35 76 372670 503 237 275 186 129 67 62 135
504 390039 K 201 111 82 135 57 307 62 110 387159 220 45 156 102 95 305 178 105 236 107 58 208
505 389065 Y 76 60 35 15 39 103 61 63 15 76 10 43 34 20 84 65 18 103 36 388031 78
506 399146 S 60 56 21 27 82 124 38 55 43 241 29 53 125 51 145 397342 85 93 48 67 361
507 380892 E 47 34 59 379617 38 178 28 30 54 110 12 21 50 39 92 69 37 81 25 17 254
508 358185 E 111 50 73 356212 69 190 48 82 52 157 35 29 89 48 174 157 72 192 36 50 259
509 371313 S 124 88 62 55 153 179 45 120 45 276 21 49 117 48 161 368986 118 192 57 108 309
510 373852 K 75 52 36 71 93 128 30 49 372339 148 27 70 79 31 198 84 60 114 25 48 95
511 378693 L 76 60 38 27 292 144 27 51 31 377145 39 16 61 28 112 182 39 114 48 68 95
512 399837 N 127 81 149 46 164 140 75 122 92 181 10 397517 119 29 120 369 103 190 7 107 89
513 365636 R 127 147 60 45 219 298 89 174 81 352 1003 81 140 112 360924 1004 140 214 99 121 206
514 511480 E 236 155 128 506188 253 1394 109 149 226 461 26 76 174 97 258 271 120 357 96 155 551
515 503638 K 181 140 97 211 109 259 81 156 499346 318 96 293 171 64 989 254 170 293 77 123 210
516 585640 I 198 135 120 74 199 242 68 581481 133 495 356 84 226 92 279 359 258 396 84 112 249
517 593632 D 252 108 589074 160 199 389 121 207 117 428 56 157 250 119 378 444 226 312 75 318 242
518 534222 G 154 110 39 137 139 529951 62 159 86 326 16 96 118 91 449 203 154 804 54 60 1014
519 554875 V 252 69 63 94 74 222 49 86 35 225 99 50 166 40 171 205 103 552689 47 57 79
520 604949 K 218 124 118 190 121 244 116 199 601252 289 62 174 223 106 326 316 235 222 71 119 224
521 593214 L 98 61 22 37 1023 137 47 100 60 590429 74 52 141 52 148 256 95 113 54 63 152
522 619594 E 130 69 103 616574 84 261 63 122 145 192 31 98 159 103 180 256 156 160 28 67 613
523 622991 S 114 62 56 39 74 95 72 144 67 252 31 91 183 89 176 620690 181 85 27 105 358
524 727754 M 306 141 130 125 195 394 122 2518 239 520 719930 309 271 152 438 461 436 447 123 151 346
525 742297 G 273 74 123 505 69 733808 69 154 115 277 48 79 168 119 403 221 216 2670 2581 99 226
526 706594 V 443 229 194 173 177 430 162 235 146 693 323 133 275 122 392 399 235 701193 97 175 368
527 756417 Y 282 285 171 139 289 488 475 387 172 589 90 241 339 186 429 488 341 392 90 750037 507
528 723539 Q 178 81 90 106 72 146 336 135 451 367 38 96 255 719183 822 289 205 175 29 112 373
529 589206 I 133 57 85 50 103 190 91 586806 70 162 56 131 137 75 172 224 209 183 34 96 142
530 569191 L 277 103 73 77 111 328 152 121 103 564856 363 110 730 138 319 457 285 181 92 93 222
531 537359 A 529047 208 175 1265 309 571 244 306 151 737 105 184 598 209 513 906 432 744 113 213 329
532 593754 I 24 31 13 3 110 20 35 592901 9 84 16 70 59 10 50 71 71 87 3 38 49
533 732575 Y 46 103 51 6 85 31 392 36 17 139 2 106 114 26 55 117 67 35 12 731002 133
534 816318 S 48 17 12 12 34 75 35 32 14 248 8 23 316 38 93 813744 148 70 12 34 1305
535 819582 T 152 69 55 34 118 135 55 241 35 141 35 116 109 43 112 207 817660 93 30 53 89
536 785386 V 593 344 291 274 383 587 218 623 287 995 175 218 533 298 776 729 514 776252 205 298 793
537 815599 A 804500 297 952 246 390 640 192 420 193 799 123 248 445 171 624 2723 931 700 142 318 545
538 776726 S 316 263 176 140 206 515 178 327 156 482 85 313 249 134 540 771166 304 374 96 268 438
539 733384 S 295 154 125 140 163 400 133 225 114 696 92 108 365 136 461 728201 302 311 78 173 712
540 735078 L 414 186 182 209 201 515 221 267 191 728917 182 168 611 238 606 518 351 342 149 167 443
541 735377 V 467 301 240 262 288 591 246 357 286 927 193 228 720 290 853 752 631 726632 193 299 621
542 775726 L 1317 292 283 266 597 661 389 760 344 764657 119 263 1187 348 779 878 584 611 166 422 803
543 737324 L 181 62 56 138 711 185 44 73 127 733285 102 47 150 79 210 347 156 211 805 63 292
544 755814 V 383 179 152 99 296 433 173 205 144 558 64 142 291 172 412 514 324 750638 94 218 323
545 726341 S 215 151 86 59 431 179 133 210 56 522 75 169 564 118 351 721233 340 190 61 990 208
546 941817 L 547 250 243 236 408 716 225 481 263 929089 2876 293 2021 318 809 880 543 691 316 270 342
547 928482 G 283 117 90 428 102 919979 99 141 81 254 45 78 250 77 604 368 231 2215 2555 181 304
548 716274 A 708102 300 137 708 318 661 94 377 164 725 114 171 411 201 581 804 826 789 132 219 440
549 732511 I 208 151 116 98 208 244 121 728262 108 482 65 194 252 88 269 316 448 392 76 190 223
550 731283 S 129 111 90 79 134 297 124 260 139 310 32 212 180 81 348 727936 244 191 26 174 186
551 817349 F 261 227 158 132 810734 331 198 427 200 1078 78 231 306 178 533 773 343 355 104 369 333
552 816527 W 549 555 161 212 277 489 177 298 173 1833 96 191 407 204 977 680 453 355 807624 219 597
553 771421 M 423 193 154 167 209 316 165 563 280 549 764569 232 433 198 600 666 474 560 117 175 378
554 741975 C 160 738479 75 95 236 217 103 153 87 295 42 106 166 76 333 358 173 250 67 341 163
555 800851 S 197 84 101 97 206 334 66 164 104 263 48 115 299 78 435 797208 199 253 59 422 119
556 796462 N 95 78 212 101 58 168 92 133 197 128 61 793401 172 84 321 349 242 139 30 150 251
557 666749 G 191 69 76 190 62 661563 77 99 144 173 44 127 193 132 553 345 225 529 1582 101 274
558 635389 S 211 73 93 109 140 254 67 81 112 192 37 94 279 119 282 632171 209 213 39 388 226
559 661269 L 215 165 155 176 358 512 103 198 179 656601 91 160 199 128 486 510 229 368 76 120 240
560 585233 Q 97 29 41 103 44 133 119 66 269 130 27 67 116 582225 444 163 98 105 13 50 894
561 450430 C 79 448337 40 28 136 104 40 62 37 119 17 51 71 50 172 231 50 90 39 426 251
562 507046 R 108 27 93 133 69 270 47 326 166 157 17 57 46 68 504696 194 125 172 32 65 178
563 573294 I 119 51 85 85 78 225 43 570626 144 255 102 106 106 94 277 221 186 229 36 66 160
564 567982 C 118 565275 55 53 274 298 52 69 43 133 19 49 99 23 281 228 105 134 86 299 289
565 500813 I 158 50 74 87 68 318 48 498225 83 186 55 104 131 80 324 204 111 257 53 59 138
