# amino-acid counts among definitively called codons
# POSITION TOTAL_COUNTS WT N_A N_C N_D N_E N_F N_G N_H N_I N_K N_L N_M N_N N_P N_Q N_R N_S N_T N_V N_W N_Y N_STOP
1 242829 M 0 0 0 0 0 0 0 130 10 17 242602 3 0 0 1 0 34 32 0 0 0
2 245555 K 9 35 0 50 81 58 7 175 244364 105 20 164 65 33 87 104 135 36 1 5 21
3 255398 A 254047 13 13 23 54 27 0 12 2 717 0 2 12 5 3 111 64 271 4 11 7
4 267668 K 40 12 2 50 0 3 68 33 266807 112 2 33 60 57 220 44 21 55 26 16 7
5 281666 L 40 1 9 0 82 1 26 48 1 281318 2 2 84 11 5 16 4 8 0 1 7
6 304554 L 12 17 0 1 6 1 4 286 3 303650 60 0 74 36 7 29 23 15 323 6 1
7 361739 V 97 42 75 16 253 39 2 391 1 184 13 20 2 1 2 9 46 360493 43 3 7
8 451463 L 15 11 6 4 37 22 16 71 16 449914 248 7 290 35 83 369 104 51 8 25 131
9 572858 L 1 249 7 3 51 103 2 62 14 570993 265 97 9 2 28 105 12 244 0 555 56
10 528325 Y 12 451 13 6 50 32 137 418 764 230 14 62 49 47 86 228 138 32 24 525154 378
11 475240 A 471689 33 16 40 327 49 1 94 39 1163 14 5 82 9 49 489 671 166 26 56 222
12 493058 F 38 47 1 8 490799 1245 3 187 20 241 21 11 6 45 16 217 8 70 0 34 41
13 493748 V 280 10 16 436 17 6 2 200 1 203 0 20 33 35 30 15 9 492401 0 13 21
14 489605 A 489252 0 65 5 4 13 0 0 0 2 2 0 19 1 2 161 36 40 0 1 2
15 491656 T 72 29 0 0 0 0 0 125 33 6 1 2 292 1 11 63 491018 3 0 0 0
16 493648 D 19 4 493261 40 0 52 12 0 0 1 0 40 0 2 16 8 8 54 1 126 4
17 497455 A 496919 0 9 44 0 35 9 0 3 0 0 1 20 3 3 206 125 75 0 0 3
18 501941 D 13 3 501319 57 0 103 25 2 0 2 3 114 1 1 37 4 2 44 4 203 4
19 484361 T 96 2 6 91 19 32 22 148 228 3463 4 33 10 40 460 105 479205 336 0 40 21
20 589295 I 7 0 24 28 2 4 2 588528 35 135 141 12 4 70 54 4 93 112 0 13 27
21 618283 C 13 617097 7 1 456 46 2 2 0 18 3 3 27 1 108 85 12 55 54 201 92
22 641912 I 38 3 3 0 6 0 4 640980 63 140 129 0 0 4 14 6 115 209 3 173 22
23 549558 G 25 249 83 1 1 548809 9 1 0 15 0 1 42 0 25 113 0 182 0 1 1
24 521055 Y 15 66 11 10 116 2 119 7 16 8 0 13 6 51 9 20 19 97 46 520368 56
25 522991 H 102 4 16 1 4 12 522191 75 27 153 1 49 42 81 69 14 59 40 1 49 1
26 521814 A 520295 318 1 59 2 41 3 2 3 5 1 2 9 1 4 175 85 804 1 0 3
27 556125 N 45 0 62 0 47 3 11 63 49 0 0 555666 3 3 3 92 11 2 4 46 15
28 561054 N 2 0 56 0 1 7 7 44 37 10 0 560757 2 2 3 87 10 3 1 17 8
29 569419 S 77 13 2 3 4 12 3 10 41 52 2 16 126 13 8 568874 55 11 3 10 84
30 572871 T 75 0 3 10 0 20 13 88 7 8 2 84 29 5 19 73 572387 1 11 1 35
31 571310 D 12 7 570331 109 0 90 41 10 38 6 0 213 8 14 4 4 85 54 4 265 15
32 531011 T 68 2 0 25 0 13 6 54 11 78 1 44 5 3 46 79 530544 4 0 1 27
33 691645 V 150 5 65 8 254 8 3 305 161 541 3 5 1 8 11 34 16 690036 0 1 30
34 664315 D 21 1 663301 119 0 136 33 5 0 17 11 170 1 7 34 6 14 61 1 365 12
35 500024 T 87 0 0 0 4 1 5 58 36 4 1 6 13 20 20 80 499651 1 0 0 37
36 487170 I 12 26 0 3 20 28 0 486583 46 53 87 17 38 7 28 14 105 76 2 20 5
37 447581 L 38 69 3 1 107 7 34 38 2 446480 3 16 89 7 125 331 186 27 0 9 9
38 451723 E 18 0 206 450934 1 71 3 7 125 3 0 13 0 13 16 30 9 39 16 1 218
39 442357 K 4 4 0 62 1 3 7 1 441961 2 22 159 1 4 88 1 19 0 0 2 16
40 443917 N 13 2 62 1 0 7 3 16 35 2 0 443637 0 0 35 66 0 9 0 26 3
41 438097 V 51 0 0 60 1 17 0 10 2 150 77 9 0 12 1 1 7 437692 2 0 5
42 445090 A 444250 1 3 37 0 19 1 0 13 0 0 0 16 1 21 153 86 489 0 0 0
43 446719 V 58 1 2 30 1 4 9 4 0 175 75 0 0 2 2 0 2 446354 0 0 0
44 436709 T 63 0 10 3 27 6 2 52 30 33 3 0 70 0 21 51 436322 0 0 2 14
45 434645 H 1 0 14 6 15 2 434093 3 1 43 24 33 3 32 59 238 3 0 9 58 8
46 384998 S 47 14 0 0 43 0 30 4 8 12 0 4 47 0 1 384715 30 2 7 32 2
47 452489 V 89 10 38 8 204 38 3 322 82 50 33 1 11 32 115 7 15 451340 11 62 18
48 378523 N 0 0 66 17 5 2 3 27 45 3 0 378165 12 0 31 68 21 8 0 28 22
49 276447 L 1 1 0 3 3 3 1 6 0 276290 33 0 67 19 1 1 3 8 1 0 6
50 359721 L 2 5 116 1 33 14 21 29 2 359365 1 0 60 3 10 5 3 29 0 7 15
51 353444 E 373 15 20 352053 25 57 13 7 92 223 2 1 1 17 108 13 130 91 1 1 201
52 376559 D 161 9 375415 59 1 88 80 6 22 62 10 117 7 3 5 89 214 55 0 139 17
53 392198 S 457 25 4 344 51 125 138 262 28 30 38 118 3 10 359 389972 49 132 27 4 22
54 402536 H 9 4 13 7 3 3 401652 8 4 73 0 33 60 100 163 14 33 12 2 340 3
55 409284 N 4 2 82 24 162 12 10 28 38 0 0 408793 0 3 6 71 18 3 3 13 12
56 409008 G 23 0 1 77 1 408400 2 63 1 3 0 2 1 2 153 2 31 107 135 2 2
57 408525 K 18 1 0 88 5 24 17 22 407933 41 2 80 2 12 130 3 8 54 1 2 82
58 351494 L 1 5 0 7 0 0 0 112 6 350563 0 0 81 19 16 3 3 10 0 7 661
59 370554 C 4 369889 0 19 220 21 1 22 3 24 2 16 3 15 52 44 6 7 14 140 52
60 336668 K 126 0 6 109 39 13 86 37 335176 46 6 197 1 105 127 332 67 12 1 159 23
61 316345 L 4 4 4 2 72 9 2 110 8 315513 2 6 11 2 12 66 0 245 2 7 264
62 239469 K 29 0 77 25 11 86 107 7 238667 26 5 46 1 125 159 14 6 1 0 62 15
63 244631 G 10 2 16 85 2 244069 17 1 8 5 1 5 1 1 67 15 1 90 0 0 235
64 257578 I 2 21 0 1 10 9 31 256772 83 122 123 17 2 0 16 23 92 214 0 0 40
65 308236 A 307145 10 41 73 25 38 3 1 45 44 56 43 114 77 28 346 83 38 2 12 12
66 266901 P 29 1 0 1 0 5 2 0 2 26 1 0 266660 49 7 21 50 1 0 0 46
67 310249 L 1 1 0 0 0 1 7 22 0 310052 0 0 77 16 13 3 6 35 5 1 9
68 318409 Q 11 1 112 30 21 47 53 47 44 188 2 20 24 317307 67 145 84 63 17 54 72
69 299833 L 0 0 3 1 101 4 1 25 0 299459 14 4 1 0 119 58 5 5 7 3 23
70 297995 G 37 6 4 237 19 296995 90 3 44 89 5 18 1 50 99 85 48 59 97 0 9
71 278602 K 20 0 1 52 0 23 0 52 278096 15 0 35 215 12 40 2 21 1 0 1 16
72 313957 C 4 313437 1 0 140 5 1 0 5 3 3 2 4 2 38 24 1 4 5 56 222
73 320495 N 1 6 158 21 2 26 17 23 34 7 13 319608 12 3 29 269 193 5 1 15 52
74 306254 I 6 14 0 0 103 5 12 305541 1 114 11 17 246 5 5 6 62 96 0 2 8
75 335575 T 77 114 2 9 6 27 17 123 21 189 3 28 62 11 62 114 334638 58 0 7 7
76 349996 G 35 1 2 53 0 349444 0 1 12 18 2 0 2 0 114 10 3 112 1 1 185
77 334944 W 1 102 1 1 2 12 6 6 0 114 2 3 2 1 60 12 0 11 334421 4 183
78 385141 L 10 0 0 0 52 12 17 47 1 384738 10 2 79 1 87 8 1 76 0 0 0
79 340111 L 5 1 0 7 150 0 1 20 1 339657 16 23 3 2 45 78 24 27 12 4 35
80 313998 G 24 1 0 63 2 313612 2 0 1 2 1 0 2 3 67 4 1 73 3 4 133
81 405336 N 18 12 70 5 2 9 16 40 70 51 1 404836 1 3 17 114 27 19 2 17 6
82 438211 P 26 1 16 22 3 16 2 7 14 69 7 3 437810 54 30 54 66 3 1 2 5
83 447014 E 394 26 43 445000 67 121 22 47 102 196 36 117 6 42 31 239 47 132 3 121 222
84 458267 C 6 457597 1 4 170 12 1 2 4 2 3 2 3 3 125 36 7 31 31 99 128
85 469712 D 42 15 468747 116 12 89 36 4 1 63 0 149 7 14 8 27 102 46 1 229 4
86 463505 S 34 3 293 355 42 116 12 5 24 435 14 56 104 49 380 460909 183 375 0 49 67
87 465982 L 9 2 9 0 0 2 18 37 1 465626 25 2 94 37 23 14 33 38 0 1 11
88 436026 L 23 0 0 11 62 10 31 254 75 435292 6 6 95 15 27 34 30 26 7 3 19
89 422455 P 78 1 129 7 6 224 118 127 127 843 37 284 419308 161 191 142 431 111 0 114 16
90 374959 A 372985 23 20 249 57 86 45 248 198 299 0 11 58 42 41 220 142 182 19 21 13
91 351226 R 22 2 8 8 0 55 20 149 50 120 22 15 10 19 350515 53 39 56 2 30 31
92 342265 S 11 7 8 23 55 4 148 68 56 198 1 7 150 69 7 341366 41 11 0 5 30
93 345436 W 1 211 44 0 2 8 0 1 4 149 2 5 4 0 90 10 1 2 344769 2 131
94 327071 S 8 13 2 0 34 68 0 0 0 3 0 0 53 9 2 326751 34 4 0 20 70
95 417688 Y 5 65 25 0 38 10 133 0 1 7 0 22 2 11 6 16 9 0 0 417189 149
96 392736 I 3 28 0 1 20 5 4 392273 4 51 10 19 4 1 12 50 49 181 10 3 8
97 418847 V 92 5 1 39 0 8 2 271 2 226 1 12 3 8 2 3 28 418139 0 1 4
98 410942 E 5 1 20 410440 22 50 3 30 82 9 2 3 1 8 6 23 16 43 0 1 177
99 437055 T 228 5 105 17 7 107 17 71 43 74 2 7 23 13 120 134 436011 51 2 7 11
100 442472 P 125 1 14 31 53 47 27 109 22 107 6 22 441548 86 170 46 47 4 0 6 1
101 454296 N 19 1 133 0 28 311 14 50 49 106 0 453350 5 8 42 108 49 3 0 18 2
102 468420 S 87 12 1 10 40 116 7 7 1 3 1 9 140 40 3 467850 55 13 3 17 5
103 480465 E 29 0 144 479443 4 236 7 0 94 30 28 2 52 36 18 50 19 64 0 19 190
104 484512 N 34 43 146 260 46 20 448 42 62 75 10 482847 4 35 39 137 64 93 15 83 9
105 490786 G 53 3 4 53 0 489976 4 4 58 2 7 4 8 1 115 73 0 129 1 0 291
106 484488 A 483366 3 1 267 12 27 4 7 1 212 0 0 177 1 6 179 102 123 0 0 0
107 493347 C 3 492672 0 0 191 8 2 2 1 6 5 0 2 0 73 56 5 1 10 135 175
108 468749 Y 9 73 8 5 25 21 59 14 2 3 0 7 3 2 9 12 9 23 1 468383 81
109 427494 P 19 1 0 0 0 2 1 0 1 44 1 0 427178 63 21 31 35 79 1 0 17
110 329341 G 13 2 1 47 3 328973 1 0 2 0 0 1 10 1 58 0 5 92 1 5 126
111 323520 D 564 4 321746 30 0 316 7 31 6 51 18 112 127 13 57 42 157 89 0 147 3
112 385405 L 3 4 3 0 59 2 29 392 0 384494 123 1 94 0 12 11 82 28 66 0 2
113 389300 I 51 2 4 12 35 20 486 387306 55 38 22 59 1 304 10 67 741 67 0 20 0
114 411849 D 88 4 410829 84 12 77 90 1 7 30 11 215 16 19 11 57 20 39 3 233 3
115 429396 Y 35 60 15 12 36 60 103 101 11 302 7 29 122 90 15 376 87 11 6 427865 53
116 463850 E 35 1 262 462204 7 339 4 0 83 8 5 0 371 130 11 88 16 41 8 11 226
117 443637 E 6 0 35 443271 1 57 0 0 77 1 0 2 0 8 1 1 0 23 1 0 153
118 418711 L 0 0 0 0 5 2 1 11 1 418523 33 1 79 20 9 2 6 13 1 0 4
119 409395 R 3 0 0 3 7 81 2 13 42 8 89 3 6 2 408946 111 23 7 34 12 3
120 386610 E 6 0 65 386214 0 91 0 0 136 1 0 0 0 16 3 2 3 24 0 0 49
121 363553 Q 5 0 0 16 0 1 62 0 33 44 0 2 4 363064 97 12 34 8 0 0 171
122 361943 L 2 0 0 1 137 0 3 36 2 361626 24 0 0 2 2 53 2 19 2 0 32
123 302938 S 2 21 1 6 89 561 17 68 7 12 2 120 0 5 78 301893 28 21 0 6 1
124 237959 S 44 2 7 3 13 32 14 31 0 44 0 0 32 9 24 237611 26 7 0 26 34
125 299547 V 70 21 0 28 7 17 3 158 1 107 1 2 1 0 0 44 23 299050 7 2 5
126 301536 S 32 8 3 42 65 1 2 10 37 331 3 16 54 25 326 300348 163 29 2 12 27
127 288831 S 39 0 40 18 3 16 0 0 2 45 0 0 39 79 23 288435 39 8 0 2 43
128 281414 L 194 2 0 0 29 3 2 15 2 280854 22 0 1 17 0 60 106 59 6 31 11
129 324721 E 7 0 15 324224 0 57 12 6 67 8 26 3 13 20 4 27 48 14 0 0 170
130 306745 R 0 1 0 1 0 50 2 97 42 3 0 0 2 0 306499 19 10 1 0 0 18
131 328736 F 1 3 0 1 328543 6 1 13 1 96 0 0 0 0 0 28 2 15 0 26 0
132 345261 E 6 4 31 344876 0 46 0 0 80 2 0 0 0 12 1 13 1 28 0 0 161
133 347169 I 1 0 0 0 0 0 0 346973 14 26 79 1 0 0 2 0 29 39 0 3 2
134 360217 F 1 6 0 1 360000 0 0 22 0 81 0 0 0 0 1 55 0 0 0 49 1
135 363927 P 28 8 13 15 1 16 102 17 234 35 1 37 362767 85 200 252 52 47 2 11 4
136 359548 K 17 4 23 89 82 80 12 22 357517 352 29 260 44 26 272 143 116 264 0 177 19
137 387652 E 186 4 389 385480 56 192 33 43 75 145 63 318 24 34 12 246 28 80 0 54 190
138 367174 S 88 7 37 104 125 1040 29 498 48 261 177 178 90 78 130 363895 55 300 12 9 13
139 369005 S 123 25 13 6 78 82 2 19 12 111 33 1 48 104 32 367582 521 107 28 31 47
140 341956 W 6 111 0 1 66 9 4 3 0 145 10 0 2 0 90 16 2 23 341266 22 180
141 279948 P 56 2 4 20 3 79 32 25 12 177 1 25 279012 179 97 124 64 21 0 11 4
142 279504 N 0 0 44 5 1 1 9 10 20 6 0 279326 1 1 11 32 14 3 2 17 1
143 258751 H 13 0 8 1 2 1 258131 11 3 57 1 51 3 23 46 26 76 23 0 267 8
144 252809 T 85 0 10 5 1 76 1 31 23 22 2 0 5 7 8 52 252475 0 0 3 3
145 253871 F 25 10 13 159 253271 9 4 39 1 114 10 26 10 12 9 54 14 17 37 23 14
146 246885 N 107 2 111 44 98 154 35 22 35 18 2 245496 27 242 42 97 99 16 12 220 6
147 231189 G 24 0 0 23 0 230754 7 1 3 11 0 10 6 2 200 8 2 56 0 0 82
148 234121 V 34 0 0 20 2 20 15 105 3 55 11 15 7 14 208 38 103 233468 0 1 2
149 236302 T 42 4 0 1 0 1 3 45 45 2 1 6 4 2 7 407 235727 0 0 5 0
150 227487 V 275 1 3 37 291 13 1 77 21 282 4 39 10 136 39 222 20 225618 389 2 7
151 241367 S 156 1 0 2 2 8 1 1 5 160 0 1 33 0 1 240924 44 0 0 2 26
152 223365 C 2 223095 1 0 55 16 0 0 0 6 0 0 0 2 32 55 4 0 13 56 28
153 207262 S 207 6 44 12 47 566 9 589 12 81 3 506 122 163 79 204506 183 58 13 49 7
154 212362 H 240 62 50 2 2 1 211216 54 6 105 0 151 31 36 58 97 171 13 15 46 6
155 225912 R 67 0 0 7 18 110 78 5 60 51 402 1 2 51 224342 312 89 9 18 237 53
156 235957 G 218 0 36 106 0 234991 3 0 125 1 21 60 0 16 105 146 14 59 0 0 56
157 253459 K 2 7 0 65 3 3 2 44 252987 24 28 17 11 9 85 93 28 30 2 0 19
158 267471 S 52 7 3 0 0 140 5 93 37 12 7 88 98 5 95 266595 214 11 3 4 2
159 278982 S 10 19 15 1 5 555 4 89 0 6 0 41 4 24 51 278133 19 4 0 2 0
160 304183 F 2 5 0 0 304007 0 7 12 0 57 2 1 4 1 1 50 4 14 0 13 3
161 318825 Y 4 42 3 28 57 4 61 13 1 9 1 14 5 0 0 16 20 8 8 318499 32
162 310578 R 6 3 0 4 1 96 10 151 78 1 0 0 3 3 310140 39 21 5 0 4 13
163 311501 N 0 5 62 0 1 3 14 28 24 0 0 311225 8 4 2 86 26 1 0 7 5
164 300457 L 2 7 1 0 142 9 0 3 2 300162 8 3 5 1 3 77 1 5 6 0 20
165 284119 L 65 1 5 1 112 11 10 62 15 283730 1 5 41 10 4 16 10 19 0 0 1
166 267351 W 0 75 1 0 0 6 0 4 0 66 6 0 5 2 100 13 4 1 266759 2 307
167 254828 L 4 9 0 0 0 0 3 8 0 254453 35 0 62 18 7 2 8 211 0 5 3
168 257992 T 50 2 2 2 1 26 4 15 31 8 101 1 3 28 30 30 257642 5 1 9 1
169 206250 K 33 4 0 191 0 28 20 37 204973 62 36 72 4 148 225 103 216 85 0 0 13
170 214844 K 48 9 31 100 3 31 11 7 214042 10 14 301 7 10 153 16 11 7 1 21 11
171 226832 G 40 0 41 90 15 224609 25 18 9 91 56 355 27 708 58 41 210 202 221 6 10
172 217293 D 60 2 215722 276 6 73 17 271 1 24 21 113 327 8 8 40 208 76 1 37 2
173 240297 S 147 0 324 196 28 4 6 68 3 128 10 11 58 4 70 238798 253 8 2 140 39
174 244042 Y 0 33 11 0 31 0 51 2 0 3 2 9 0 1 0 9 4 0 1 243857 28
175 233063 P 348 3 3 251 2 20 39 105 328 42 35 32 231394 39 177 93 61 34 44 9 4
176 291106 K 38 1 30 35 60 24 62 175 289638 251 9 93 36 70 145 239 62 53 15 56 14
177 281278 L 79 5 0 2 22 3 7 21 0 280632 16 0 65 7 18 33 53 301 0 8 6
178 332417 T 290 13 2 15 3 37 3 106 9 125 0 31 6 1 35 202 331392 135 9 3 0
179 363157 N 251 10 100 2 4 17 14 104 27 48 35 361405 73 124 87 609 39 173 0 34 1
180 408228 S 65 24 8 12 126 49 3 79 0 108 8 64 93 7 42 407028 79 202 64 156 11
181 417513 Y 4 34 9 1 35 0 136 3 0 3 1 16 2 0 1 5 0 4 3 417199 57
182 407489 V 128 156 2 66 20 40 8 145 29 213 200 75 28 14 60 44 141 405943 156 19 2
183 412400 N 1 46 63 5 1 0 2 27 33 0 0 412105 2 0 1 65 9 2 1 33 4
184 412535 N 14 4 54 52 4 6 61 81 195 53 66 410383 8 338 135 319 78 307 10 362 5
185 398505 K 96 0 0 95 135 24 5 50 397682 83 15 59 0 15 78 12 19 89 0 4 44
186 418795 G 14 0 31 95 0 417757 16 1 109 14 7 0 2 4 120 121 175 140 189 0 0
187 420549 K 2 7 2 154 4 38 2 48 419468 136 15 52 0 72 451 13 28 15 0 1 41
188 399773 E 23 5 63 398791 19 61 6 10 91 126 0 10 177 55 31 73 43 50 0 15 124
189 373951 V 90 0 40 1 102 4 2 247 0 75 5 0 1 0 0 5 0 373375 0 0 4
190 362448 L 24 0 0 1 30 0 29 47 0 362189 0 1 85 9 9 2 3 17 0 0 2
191 400533 V 74 4 0 38 0 1 0 348 0 344 4 0 0 0 19 3 1 399695 0 1 1
192 398871 L 3 1 0 1 7 5 3 186 0 398510 13 0 64 12 12 4 8 34 0 3 5
193 409636 W 0 94 0 0 124 17 1 1 0 104 2 0 2 0 75 11 1 2 409080 3 119
194 428997 G 67 87 48 0 0 428604 0 0 1 5 0 2 10 6 10 62 1 90 1 1 2
195 467522 V 118 3 24 0 135 13 0 148 0 39 1 1 3 1 0 3 8 467007 11 1 6
196 486607 H 5 0 24 0 3 3 486260 0 0 33 0 64 13 49 79 2 2 0 0 67 3
197 479490 H 48 12 19 1 142 6 477935 130 4 84 1 331 9 283 77 175 44 84 7 97 1
198 466409 P 29 0 0 0 0 0 12 2 0 67 0 1 466121 76 19 43 39 0 0 0 0
199 488462 S 6 12 1 0 295 0 0 1 1 1 0 0 80 0 0 487977 30 9 0 48 1
200 499839 S 0 20 0 0 1 76 2 156 9 1 0 90 0 0 68 499396 19 0 0 0 1
201 446957 S 10 31 58 10 17 100 199 134 15 176 37 59 22 8 49 445905 103 15 2 6 1
202 491977 D 74 8 490074 183 16 127 120 516 39 31 7 138 3 9 29 40 25 388 0 135 15
203 528426 E 36 12 158 527437 1 126 14 23 103 4 10 3 1 29 114 7 117 36 22 7 166
204 520181 Q 5 0 0 29 1 0 55 0 43 47 0 4 12 519831 75 6 6 1 0 0 66
205 470911 Q 231 1 2 311 0 17 214 0 43 226 53 3 10 469337 169 17 58 154 10 8 47
206 431739 S 97 26 0 15 4 222 18 168 1 64 2 91 0 6 49 430664 193 37 3 76 3
207 397141 L 3 33 0 1 30 2 36 39 12 396850 26 1 55 4 4 4 12 23 0 2 4
208 387333 Y 0 49 4 1 28 0 69 1 1 1 0 38 6 0 1 18 0 1 0 387053 62
209 366600 S 109 16 75 3 43 256 35 131 9 275 70 527 9 1 60 364620 267 56 1 34 3
210 306185 N 100 0 32 3 1 2 8 82 43 26 3 305097 47 29 232 81 20 307 0 68 4
211 296408 G 192 4 28 56 18 295506 23 20 44 141 3 3 45 2 87 43 7 84 0 7 95
212 306396 N 10 3 86 305 24 5 45 17 47 126 9 305285 144 106 94 45 15 8 0 21 1
213 319043 A 318569 11 33 0 0 26 20 4 27 3 0 12 24 0 7 168 92 44 0 0 3
214 319965 Y 0 52 3 131 15 0 130 2 4 1 6 5 0 0 3 3 1 0 6 319568 35
215 257542 V 35 1 18 0 84 2 0 55 0 23 1 0 0 3 0 0 1 257314 0 1 4
216 276144 S 77 19 1 0 111 20 0 35 7 51 0 8 46 3 21 275522 88 48 0 71 16
217 283633 V 39 0 2 27 0 3 0 74 0 77 2 0 0 1 0 1 0 283404 0 0 3
218 265211 A 264397 44 5 52 36 25 44 12 2 32 0 0 6 1 3 142 67 171 170 0 2
219 243741 S 27 15 2 1 22 12 17 2 2 5 0 0 34 1 8 243541 28 5 4 15 0
220 247767 S 128 7 37 0 91 45 131 22 132 88 80 161 309 74 500 245747 47 80 2 39 47
221 287428 N 29 22 161 1 1 199 21 30 30 19 13 286535 3 10 74 91 36 59 5 87 2
222 300314 Y 40 67 25 9 72 10 134 32 4 84 73 20 2 11 96 167 94 37 2 299301 34
223 286172 N 89 89 152 58 105 86 168 458 58 445 29 283903 0 18 33 120 35 109 2 177 38
224 277327 R 18 13 10 29 4 227 39 14 116 66 131 33 14 10 276355 148 23 34 37 6 0
225 297211 R 1 1 0 3 2 88 0 101 123 66 1 1 2 8 296735 23 6 11 0 13 26
226 316077 F 17 26 12 2 315163 6 72 145 8 182 76 11 7 35 10 86 26 140 16 30 7
227 336329 T 108 26 12 110 83 4 64 1278 92 78 13 27 11 1 120 23 333748 474 29 21 7
228 346217 P 168 20 0 3 2 104 5 297 3 211 4 1 344643 71 115 88 387 52 4 34 5
229 344542 E 312 9 48 341695 209 275 149 6 64 260 2 18 43 138 235 301 355 258 1 62 102
230 336106 I 46 7 8 2 13 16 16 334418 39 422 140 3 40 61 59 90 134 553 0 15 24
231 311466 A 308548 19 41 1 135 64 123 15 30 517 8 41 20 33 58 317 511 941 5 34 5
232 286454 A 281409 166 34 43 109 235 115 462 227 935 111 77 198 163 165 293 391 457 7 844 13
233 317228 R 38 4 41 1 25 79 21 5 162 12 68 35 6 8 316636 35 8 10 22 0 12
234 358765 P 116 5 1 20 9 18 152 27 88 222 1 60 357624 18 247 63 51 16 4 3 20
235 361447 K 141 6 49 118 13 2 15 224 358384 1066 2 60 79 90 317 242 126 470 0 26 17
236 385833 V 240 21 11 26 140 15 37 900 30 317 87 12 24 20 84 152 29 383665 1 9 13
237 368891 R 98 2 30 18 28 74 78 285 176 984 102 345 6 80 366259 234 44 10 1 9 28
238 358157 D 23 0 357560 99 11 88 20 7 17 10 0 44 2 7 4 14 109 27 0 106 9
239 361640 Q 78 6 3 14 11 6 65 48 77 36 0 60 14 360655 388 33 76 21 1 2 46
240 361610 H 25 2 12 0 14 38 358451 1432 9 77 2 143 644 56 193 281 186 6 0 32 7
241 336106 G 13 0 2 59 0 335823 0 0 0 1 0 4 1 0 75 0 1 53 73 1 0
242 331666 R 0 0 0 2 0 116 0 5 84 9 115 0 0 4 331177 116 5 11 21 0 1
243 331174 M 0 2 1 4 8 2 1 246 23 38 330701 13 0 4 4 0 60 62 0 3 2
244 359752 N 110 2 80 17 34 34 65 44 52 61 0 358876 23 29 60 127 20 14 3 100 1
245 355706 Y 12 37 10 1 36 9 74 9 9 14 8 12 18 1 28 19 8 7 2 355349 43
246 392185 Y 40 61 4 14 26 28 107 47 2 307 1 15 6 3 2 6 11 8 13 391439 45
247 348983 W 4 51 0 1 12 17 0 2 0 49 1 7 3 2 102 15 3 1 348597 11 105
248 326709 T 253 56 3 28 31 0 20 92 22 44 28 36 5 5 43 112 325672 67 16 157 19
249 333662 L 9 3 0 1 68 2 4 202 3 332923 100 4 5 0 49 74 47 137 3 0 28
250 343955 L 4 0 0 3 0 0 2 124 2 343447 2 0 61 17 3 9 1 278 0 1 1
251 371503 E 59 13 35 368759 18 415 6 60 131 307 2 76 56 79 577 265 234 251 0 17 143
252 358200 P 47 0 0 11 5 42 87 1 1 37 2 3 357758 77 40 58 29 0 0 0 2
253 368570 G 58 0 0 220 18 367629 2 3 2 125 54 1 4 2 233 21 50 63 5 6 74
254 363329 D 134 1 361811 317 0 166 68 0 18 14 7 66 3 80 6 502 7 45 2 75 7
255 386052 T 161 3 0 144 11 2 68 75 41 43 3 13 20 23 125 365 384926 15 1 4 9
256 418093 I 3 2 1 0 19 12 1 416669 31 667 123 27 3 13 11 5 63 426 0 1 16
257 434027 I 285 124 38 164 268 67 195 431261 57 296 170 53 9 32 63 371 174 139 118 116 27
258 382123 F 1 3 0 0 381379 3 4 150 1 344 0 2 2 4 3 95 0 60 0 56 16
259 365923 E 7 6 72 365370 1 124 19 3 90 1 0 0 1 11 41 32 2 37 1 0 105
260 330909 A 330633 2 0 26 0 30 10 0 0 33 0 0 11 1 0 63 73 26 0 0 1
261 382255 T 117 6 0 34 154 72 26 44 9 50 14 36 25 56 29 265 381272 23 5 12 6
262 383465 G 51 125 66 0 0 382945 9 0 1 4 0 0 25 0 18 88 0 123 8 1 1
263 393090 N 1 3 80 17 2 3 8 39 22 2 0 392800 4 0 0 77 9 2 0 14 7
264 415555 L 15 0 1 5 3 2 3 53 2 415160 6 3 94 30 4 4 3 14 123 17 13
265 405615 I 2 0 0 0 1 1 0 404268 37 788 94 2 8 3 1 7 62 327 1 0 13
266 395033 A 394605 17 3 29 0 24 5 0 0 5 2 0 21 2 2 194 78 36 8 1 1
267 383404 P 11 2 2 0 0 1 4 0 0 50 1 0 383179 53 47 36 18 0 0 0 0
268 381970 W 59 119 0 30 7 65 153 29 9 532 71 15 3 1 111 27 2 36 380580 17 104
269 371714 Y 9 59 5 4 41 2 354 28 10 29 7 42 4 4 11 8 5 12 2 371056 22
270 359310 A 358513 2 30 0 0 310 1 2 0 3 0 9 20 9 0 238 100 44 14 0 15
271 317343 F 2 3 0 0 316902 0 96 26 0 145 5 0 1 1 3 60 7 7 51 34 0
272 309068 A 307631 2 1 44 7 29 10 28 7 160 0 0 29 19 59 230 728 75 0 9 0
273 306388 L 16 3 3 1 38 2 0 40 2 305936 39 0 115 18 13 5 12 141 0 0 4
274 398225 S 50 35 92 22 85 141 344 207 34 285 29 115 4 36 249 394769 271 1414 0 37 6
275 471565 R 3 0 5 5 32 71 4 115 210 23 21 50 45 36 470716 81 26 13 2 59 48
276 431457 G 313 9 21 80 39 428815 13 37 79 49 7 36 9 160 346 665 280 254 210 12 23
277 423917 F 475 12 109 29 418018 188 130 99 358 693 10 323 617 100 389 1091 368 393 60 435 20
278 551521 E 120 4 183 544988 79 1304 496 263 304 809 14 235 196 127 589 208 334 99 15 1005 149
279 547130 S 60 16 1 0 82 3 238 22 0 48 0 499 123 30 7 545757 134 62 14 34 0
280 559688 G 75 155 156 9 1 558475 6 2 2 80 3 42 38 7 54 296 133 125 3 20 6
281 555254 I 17 3 16 0 74 8 1 554545 2 249 20 30 3 3 8 26 107 119 0 0 23
282 581233 I 3 3 13 14 49 2 1 580780 5 53 27 64 0 3 8 11 94 87 0 7 9
283 574408 T 205 38 12 7 35 27 9 180 59 728 5 216 26 37 101 422 571862 407 1 12 19
284 572810 S 57 0 6 3 8 14 20 45 17 88 2 11 185 14 14 571539 506 107 1 15 158
285 592272 N 124 7 150 43 102 121 279 200 210 124 2 588054 97 46 133 300 607 1457 15 180 21
286 506966 A 504558 0 23 70 19 19 39 71 287 782 21 27 17 106 144 142 515 82 2 24 18
287 514324 S 77 0 11 365 29 22 3 203 31 563 1 20 381 9 95 512214 200 23 5 8 64
288 551375 M 157 51 3 30 223 62 33 897 43 525 548210 16 57 15 78 201 255 187 1 331 0
289 540103 H 66 8 87 7 81 114 538558 16 49 210 6 78 23 115 180 199 129 7 1 142 27
290 340957 E 29 0 153 339664 15 89 6 8 60 79 5 201 148 120 3 75 146 25 7 11 113
291 385628 C 1 385190 1 4 131 12 0 7 1 15 0 2 2 1 49 45 2 10 6 114 35
292 363364 N 6 0 164 17 7 1 58 25 30 3 0 362524 3 14 5 206 157 25 0 117 2
293 322531 T 111 2 2 0 5 6 4 1 31 4 69 1 3 0 17 79 322117 73 0 2 4
294 321524 K 462 2 6 63 58 7 159 11 319424 178 14 284 72 9 126 410 95 86 0 24 34
295 329832 C 1 329537 1 1 71 8 0 2 1 12 0 1 3 11 34 47 5 10 2 50 35
296 334907 Q 0 0 0 22 1 2 21 1 35 21 1 3 5 334635 102 5 2 0 2 0 49
297 361742 T 107 7 0 3 4 9 4 33 29 8 0 12 35 9 13 286 361174 5 0 1 3
298 418881 P 25 0 0 3 0 6 33 0 1 36 0 1 418609 2 15 83 53 3 0 10 1
299 382642 Q 104 68 32 20 17 36 280 220 226 308 127 12 77 379933 220 434 368 64 0 50 46
300 384147 G 16 0 1 81 0 383714 6 1 1 9 0 0 15 5 57 87 5 55 0 0 94
301 430827 A 430108 1 42 9 7 33 2 15 1 29 0 15 29 22 37 281 80 97 1 13 5
302 599613 I 12 0 6 0 4 9 3 598779 194 185 64 4 9 5 24 11 160 107 8 22 7
303 604029 N 803 7 243 29 294 105 12 58 68 183 6 601366 34 92 160 223 118 127 38 60 3
304 551566 S 11 29 0 5 0 575 3 165 3 4 0 190 4 2 90 550448 29 6 0 1 1
305 537507 N 523 4 138 1 10 865 11 119 30 18 0 535255 5 1 262 218 7 7 0 32 1
306 539159 L 28 2 1 0 87 2 37 49 5 538290 0 5 172 12 77 302 11 30 1 23 25
307 483546 P 41 0 0 4 1 2 69 4 1 58 3 2 483234 1 14 59 45 5 1 0 2
308 484804 F 3 4 0 3 484414 8 0 34 0 141 15 0 6 0 5 111 4 8 5 39 4
309 478865 Q 8 1 0 22 0 1 126 2 43 33 5 2 12 478372 131 13 3 2 0 1 88
310 485623 N 6 6 70 1 4 4 2 39 45 4 1 485218 18 2 11 84 7 71 0 30 0
311 458980 I 0 79 0 1 0 1 11 458277 117 47 96 57 3 0 13 2 94 174 0 1 7
312 457835 H 268 2 73 2 11 40 456657 4 2 49 1 57 29 53 73 267 114 2 1 124 6
313 377419 P 17 1 0 2 0 26 7 0 79 61 0 0 376773 78 243 39 53 3 19 16 2
314 303134 V 138 1 226 7 113 26 202 117 52 85 1 232 3 39 162 135 48 301379 14 140 14
315 298350 T 154 69 1 1 30 60 31 73 32 15 1 16 11 43 43 191 297330 79 0 165 5
316 321374 I 3 4 21 0 6 13 2 320810 21 78 94 4 16 14 13 13 35 216 0 2 9
317 285932 G 12 4 5 36 1 285591 2 12 0 4 0 1 5 0 49 3 16 54 0 2 135
318 412745 E 69 17 301 409892 67 97 31 108 247 91 88 167 2 43 485 667 162 51 6 24 130
319 408798 C 29 408242 6 1 112 16 0 4 2 16 1 1 3 1 61 73 0 11 28 147 44
320 466746 P 28 0 0 0 2 27 0 0 2 81 1 1 466371 58 19 82 37 28 0 5 4
321 500733 K 30 0 4 56 24 16 2 222 499243 102 3 84 6 39 626 47 97 104 0 1 27
322 515299 Y 14 93 9 13 257 4 69 53 3 7 9 9 7 2 7 13 17 2 0 514662 49
323 521905 V 84 9 59 0 51 29 1 1322 7 86 1 9 17 0 6 29 40 520111 1 2 41
324 513556 R 45 4 0 6 13 173 6 8 374 178 112 15 25 33 512302 110 77 18 33 10 14
325 498915 S 92 108 3 0 14 99 3 72 26 47 0 95 7 11 48 498180 34 10 1 41 24
326 479743 T 184 13 5 4 32 241 9 189 69 79 166 46 69 99 79 118 478302 27 0 12 0
327 495872 K 878 3 0 61 0 12 9 17 494506 27 2 64 0 49 138 22 36 11 3 2 32
328 476967 L 2 9 0 17 72 7 3 134 4 476477 35 3 7 4 9 99 4 24 5 12 40
329 473971 R 16 26 0 4 1 140 16 1 93 11 72 3 2 1 473414 91 30 9 37 0 4
330 421536 M 9 1 10 2 2 15 1 175 24 102 421026 0 2 2 7 5 52 88 1 1 11
331 314130 V 422 5 31 2 24 19 3 70 0 22 0 1 8 5 0 3 5 313488 0 2 20
332 293331 T 47 0 1 0 0 1 0 65 33 17 0 0 6 6 12 22 293077 35 4 3 2
333 321160 G 14 1 4 82 1 320800 1 4 0 1 1 0 2 1 53 2 0 81 0 1 111
334 319145 L 0 2 1 0 2 3 2 28 0 318874 9 5 79 17 9 0 7 99 1 1 6
335 311309 R 0 0 0 1 0 42 0 79 83 3 0 1 0 0 311049 17 9 0 1 1 23
336 313197 N 0 1 41 5 0 2 4 15 37 4 0 313011 0 1 3 37 13 1 1 18 3
337 305167 I 159 8 2 46 22 54 2 304117 142 57 28 68 0 7 99 106 131 106 0 11 2
338 305007 P 53 0 9 15 0 4 38 4 0 55 0 19 304372 110 30 41 31 21 1 198 6
339 298000 S 82 14 0 13 29 200 12 91 4 28 14 2 201 12 197 296935 61 68 0 35 2
340 337568 I 11 4 1 5 72 2 42 336862 20 141 26 11 6 49 183 6 54 68 0 2 3
341 328521 Q 18 0 0 29 5 6 30 1 23 22 0 23 3 328115 128 25 42 2 0 5 44
342 347926 Y 4 44 2 0 74 1 90 20 11 68 2 27 0 1 89 6 33 28 1 347349 76
343 360559 R 4 7 0 2 1 58 0 107 447 17 0 3 36 10 359727 26 71 1 5 2 35
344 412951 G 75 93 59 26 7 412503 1 3 3 12 0 7 1 6 16 53 2 78 0 6 0
345 437073 L 2 1 0 6 9 0 1 409 1 436250 37 6 102 18 14 15 30 155 1 10 6
346 483401 F 4 3 0 0 482883 1 5 65 1 245 0 7 1 1 3 71 4 77 0 27 3
347 417754 G 116 13 1 58 4 416876 52 1 40 62 1 37 3 1 156 77 4 98 2 8 144
348 419209 A 418786 2 37 0 0 24 1 0 0 9 18 2 19 1 3 94 59 152 0 0 2
349 420686 I 27 9 0 7 33 6 5 420140 1 26 42 18 0 1 4 12 56 284 1 4 10
350 425858 A 425176 10 39 4 22 27 0 14 3 17 3 3 61 1 13 251 143 50 2 17 2
351 440804 G 19 74 50 0 1 440417 1 1 1 2 2 1 11 0 34 85 2 92 7 2 2
352 493541 F 30 7 6 8 492977 48 14 28 1 154 5 2 43 7 16 77 11 33 19 26 29
353 509996 I 17 11 36 6 35 19 2 508967 6 248 53 34 9 10 18 15 95 347 2 53 13
354 462368 E 18 4 101 461409 7 132 2 3 134 29 13 3 2 24 128 17 10 59 6 4 263
355 458939 G 39 1 11 98 13 458318 2 7 2 6 1 17 8 12 154 22 17 110 79 6 16
356 400168 G 21 1 198 97 1 399510 0 4 6 3 6 3 0 0 121 44 5 57 0 3 88
357 375216 W 0 80 26 1 8 127 2 10 0 73 172 1 30 1 85 11 1 5 374377 20 186
358 321360 T 98 18 78 3 2 2 114 166 2 173 2 41 262 3 23 131 320100 121 0 17 4
359 326049 G 103 0 4 101 1 325513 1 7 4 6 0 0 2 3 143 4 10 77 1 2 67
360 251949 M 3 0 3 5 4 3 6 122 15 766 250894 3 6 2 6 1 35 59 6 0 10
361 302249 I 49 20 15 52 40 7 232 299673 420 358 125 8 13 22 220 123 309 498 23 18 24
362 270337 D 3 3 270030 37 9 46 2 0 2 6 0 49 2 6 11 5 0 15 4 105 2
363 337866 G 16 1 2 58 3 337459 1 5 1 0 1 0 1 10 106 20 9 64 1 1 107
364 384623 W 5 129 3 2 31 6 0 14 8 134 3 1 0 1 63 18 21 5 383937 45 197
365 439807 Y 0 68 6 0 45 15 78 10 3 10 2 43 2 2 1 6 9 9 1 439460 37
366 442841 G 9 108 62 4 5 442412 1 1 1 3 0 0 2 15 19 58 0 98 8 20 15
367 415558 Y 1 79 3 4 31 10 74 0 0 20 20 13 0 0 1 11 3 0 0 415239 49
368 420472 H 16 46 20 0 112 9 419794 2 4 71 12 30 8 65 84 15 4 2 2 168 8
369 404911 H 7 79 11 0 67 16 404155 68 10 33 105 31 7 39 63 18 103 28 2 66 3
370 401012 Q 18 19 0 131 11 3 118 11 168 116 11 26 14 399305 303 357 119 111 0 111 60
371 401774 N 9 1 66 4 1 6 3 17 33 6 0 401489 0 2 3 75 5 36 0 14 4
372 390069 E 125 0 191 389229 5 114 3 10 89 4 2 1 2 15 2 142 12 27 0 1 95
373 356195 Q 13 3 4 22 18 5 104 0 27 56 0 4 14 355776 79 4 2 1 1 3 59
374 370552 G 13 3 4 48 2 370205 0 4 1 2 0 29 1 5 65 19 10 51 1 2 87
375 343227 S 147 7 30 178 5 7 24 12 48 77 16 12 38 21 17 342303 137 80 1 12 55
376 379508 G 31 112 72 3 25 378872 7 1 1 18 23 7 1 24 48 122 18 115 3 4 1
377 381226 Y 2 53 10 0 151 10 66 12 4 14 3 15 7 0 4 10 7 8 3 380796 51
378 356735 A 355152 49 2 44 19 41 27 224 6 12 7 2 41 5 10 378 146 517 3 35 15
379 346628 A 346198 12 2 38 6 24 1 7 1 7 2 3 20 5 11 106 45 129 0 2 9
380 344266 D 10 2 343828 28 5 64 24 119 0 3 0 44 4 6 4 7 6 41 3 61 7
381 353276 Q 297 18 5 27 34 3 231 116 346 202 97 3 12 350626 220 271 51 446 55 160 56
382 380212 K 515 19 3 52 21 60 21 31 377734 96 40 24 65 566 752 26 26 135 4 10 12
383 384160 S 96 27 0 14 0 137 3 83 66 8 1 108 4 6 59 383465 77 5 0 1 0
384 397733 T 68 8 1 6 0 5 48 50 18 20 5 6 18 1 38 175 397234 17 1 3 11
385 412358 Q 79 3 2 110 8 10 30 5 42 31 2 9 30 411752 85 44 19 17 6 9 65
386 407362 N 62 37 260 21 6 211 70 69 113 310 40 405427 3 3 253 190 91 138 2 54 2
387 390465 A 390064 8 40 4 0 21 0 2 3 5 0 8 35 1 8 106 83 73 1 2 1
388 351128 I 5 16 9 0 38 0 8 350601 0 58 21 28 0 4 1 16 36 267 9 6 5
389 349967 N 89 15 81 21 74 6 13 200 65 184 6 347806 1 52 39 532 668 15 2 59 39
390 270303 G 236 59 4 47 21 267696 28 368 57 268 1 21 2 202 210 329 40 556 152 4 2
391 273067 I 8 0 3 0 14 1 0 272714 11 20 10 13 1 2 1 6 33 229 0 0 1
392 182675 T 226 1 4 4 5 17 39 49 24 35 0 24 4 14 97 43 182003 9 1 70 6
393 229987 N 3 17 29 0 1 5 19 15 25 13 1 229452 2 16 141 64 115 55 1 10 3
394 233916 K 2 0 4 42 1 11 0 1 233418 21 20 76 0 7 227 4 16 3 6 0 57
395 287533 V 53 3 2 28 4 30 3 165 4 135 72 3 14 12 26 2 3 286948 0 15 11
396 287404 N 3 1 50 1 1 2 36 28 23 36 0 287028 0 1 30 90 28 22 0 21 3
397 321779 S 25 83 1 5 38 7 1 0 0 7 0 1 63 0 9 321422 57 0 1 50 9
398 339939 V 34 16 25 3 79 11 1 95 0 11 0 31 0 2 1 0 2 339619 1 7 1
399 341228 I 1 2 0 1 10 1 1 340977 1 23 25 32 17 2 7 10 35 81 0 0 2
400 337351 E 14 0 119 336461 5 197 0 0 108 0 1 22 6 191 34 67 6 34 0 3 83
401 333431 K 72 3 0 51 0 5 3 47 332894 15 29 14 11 7 119 16 22 110 0 0 13
402 338373 M 7 0 0 0 7 6 0 248 31 196 337697 22 1 0 22 2 54 44 8 15 13
403 323042 N 75 1 51 1 6 4 8 23 33 6 5 322618 1 12 49 76 26 28 1 16 2
404 313953 T 149 22 0 2 5 94 14 85 2 104 42 73 96 47 76 89 313037 9 2 3 2
405 313289 Q 43 8 15 26 81 275 33 4 25 8 7 4 3 312423 224 10 7 53 0 0 40
406 288491 F 17 3 2 3 287952 64 3 29 0 209 2 26 0 1 4 83 2 9 3 76 3
407 233143 T 67 3 0 0 1 20 14 40 18 28 0 162 124 22 220 109 232310 1 0 1 3
408 180182 A 178996 4 18 18 5 31 1 0 5 56 609 1 10 9 11 61 73 270 1 0 3
409 170933 V 60 12 6 15 0 100 2 5 0 91 35 0 2 8 175 12 1 170381 1 10 17
410 156912 G 11 28 69 2 9 156365 2 7 6 12 2 1 16 3 129 171 20 49 2 5 3
411 121781 K 33 0 1 14 5 116 2 26 121457 14 8 6 3 22 24 6 6 22 4 3 9
412 107046 E 20 13 13 106335 4 65 2 90 26 37 3 4 0 31 65 39 10 254 0 9 26
413 94110 F 1 2 0 0 94033 3 0 5 1 19 0 1 0 1 3 11 0 0 1 26 3
414 102041 N 17 3 32 0 0 81 6 11 12 0 1 101791 1 6 6 49 9 6 1 8 1
415 109203 N 28 6 43 27 6 6 12 15 10 74 11 108541 1 7 142 45 28 128 0 70 3
416 116927 L 5 0 0 0 12 2 1 22 18 116770 21 4 0 0 13 12 1 12 2 6 26
417 127788 E 0 1 4 127625 0 16 0 0 93 2 0 0 0 4 8 0 0 4 0 0 31
418 138212 K 2 6 0 12 23 2 2 6 138077 7 0 9 0 2 38 4 11 0 0 3 8
419 138623 R 0 0 0 4 0 165 0 1 171 0 22 0 0 0 138204 26 22 0 8 0 0
420 125735 M 0 0 10 0 12 0 0 150 7 22 125473 0 0 1 4 0 18 29 8 0 1
421 142556 E 4 1 8 142338 2 84 3 0 51 2 0 1 0 10 6 3 0 12 0 0 31
422 129300 N 21 0 24 2 2 1 8 16 15 6 2 129152 0 0 3 36 4 2 1 4 1
423 132972 L 0 0 0 0 28 0 0 4 3 132894 1 0 0 0 0 25 0 3 1 0 13
424 139786 N 2 0 19 0 1 1 1 39 14 5 0 139641 0 0 3 22 1 0 8 27 2
425 146213 K 2 1 4 17 0 0 5 23 145851 16 0 9 2 13 161 37 17 0 0 0 55
426 135304 K 4 0 0 17 3 0 3 5 135199 2 1 7 1 5 45 2 9 1 0 0 0
427 147431 V 21 0 5 0 21 4 0 105 2 17 7 0 0 0 6 9 1 147221 0 9 3
428 143205 D 8 1 142965 28 7 22 4 2 2 4 3 43 3 3 7 8 30 17 0 47 1
429 138579 D 4 1 138371 13 0 34 12 1 1 4 0 59 0 8 2 7 4 20 0 35 3
430 139116 G 11 0 0 29 0 138924 0 6 0 12 0 0 1 2 41 11 0 34 37 1 7
431 128575 F 1 3 0 1 128509 3 0 6 0 26 0 0 2 0 0 12 0 5 1 3 3
432 128937 L 3 2 0 0 15 5 26 10 1 128766 7 2 44 3 12 9 9 7 6 10 0
433 109209 D 6 1 109046 16 0 27 1 2 0 1 0 24 1 0 1 44 7 12 0 20 0
434 109977 I 2 1 1 1 8 0 0 109871 1 35 8 2 1 0 1 1 11 29 3 0 1
435 108554 W 0 24 3 2 1 4 1 1 0 27 0 0 0 0 26 5 1 0 108412 1 46
436 110598 T 29 0 0 12 0 1 0 22 6 1 1 0 1 10 15 14 110485 0 0 0 1
437 151627 Y 6 21 3 0 14 1 23 2 0 5 0 10 4 0 4 8 1 2 1 151505 17
438 148374 N 2 0 26 0 2 2 1 12 9 19 1 148181 2 59 3 35 8 2 0 9 1
439 152391 A 151951 2 0 142 0 9 0 114 0 1 0 0 15 1 4 39 62 45 0 0 6
440 172876 E 1 0 7 172749 1 17 0 2 22 0 0 4 0 11 0 11 0 9 0 0 42
441 168564 L 0 4 0 2 68 0 1 8 0 168406 10 1 0 1 1 32 3 14 1 3 9
442 242555 L 35 0 0 0 20 1 0 97 0 242337 0 0 3 2 2 43 3 6 0 0 6
443 243609 V 44 1 18 2 76 5 0 173 53 19 3 0 1 2 4 0 12 243191 0 2 3
444 254563 L 5 1 2 1 0 5 0 18 2 254423 0 5 40 29 7 0 8 14 0 0 3
445 268160 L 9 1 1 1 1 1 1 31 0 267917 39 0 87 20 6 12 10 5 14 2 2
446 266823 E 1 0 15 266583 1 90 1 0 41 0 1 1 1 11 0 1 3 15 1 0 57
447 271067 N 0 1 36 0 0 11 3 19 23 2 14 270910 1 1 0 32 4 0 2 8 0
448 288896 E 2 1 30 288422 1 57 5 2 97 2 1 0 0 10 3 9 60 51 0 57 86
449 297307 R 0 2 3 0 4 112 7 2 84 3 75 2 3 5 296709 58 48 0 184 5 1
450 286606 T 68 0 13 0 2 2 3 34 0 4 4 16 0 0 5 26 286422 1 0 1 5
451 287464 L 1 0 0 11 153 2 0 0 0 287099 30 31 0 1 4 57 3 26 18 0 28
452 265808 D 5 0 265555 18 0 65 5 27 0 1 0 41 2 0 1 4 4 25 1 54 0
453 215964 F 1 1 0 0 215744 0 0 10 0 101 4 0 3 1 3 61 2 4 8 19 2
454 200134 H 3 0 10 0 0 0 199973 4 0 16 0 21 4 20 47 1 0 5 0 27 3
455 197445 D 8 0 197100 51 5 45 4 1 2 4 1 48 1 2 13 38 1 23 2 39 57
456 203789 L 4 2 3 0 29 27 4 84 0 203443 5 40 2 2 37 56 1 18 1 9 22
457 185351 N 17 0 25 0 1 5 3 6 15 0 12 185182 0 35 0 26 8 0 0 5 11
458 179094 V 39 1 1 14 1 2 2 27 10 157 38 0 4 1 0 0 1 178794 0 0 2
459 180503 K 4 1 1 34 1 19 4 0 180257 22 10 56 0 2 70 4 5 0 0 0 13
460 177608 N 11 2 24 11 1 3 10 5 231 3 0 177073 4 10 6 50 138 18 0 7 1
461 177414 L 0 0 0 0 2 0 0 4 0 177347 13 0 22 13 4 0 1 3 0 0 5
462 180831 Y 0 36 2 0 49 2 25 4 2 2 0 15 1 2 1 2 0 1 1 180661 25
463 178282 E 10 2 62 177983 4 31 0 8 51 1 0 0 0 38 2 3 14 16 1 29 27
464 167128 K 17 0 0 25 0 4 0 17 166960 0 0 15 0 20 48 3 9 1 1 1 7
465 172350 V 25 0 0 16 5 4 1 35 0 29 0 0 0 0 3 8 28 172192 0 0 4
466 167775 K 4 13 0 17 5 6 3 6 167654 3 0 9 0 4 19 7 8 0 1 8 8
467 187297 S 27 27 4 26 0 141 0 140 38 78 0 53 5 1 69 186492 76 97 12 10 1
468 186373 Q 19 22 2 10 2 4 7 9 14 117 0 35 1 185845 30 212 10 2 0 7 25
469 196165 L 0 0 2 0 23 1 0 24 0 196019 0 2 1 2 2 38 3 14 5 2 27
470 207387 K 9 2 17 28 72 62 4 31 206683 19 7 50 3 27 307 6 29 8 5 5 13
471 217143 N 7 5 52 5 0 37 8 15 29 46 2 216760 0 16 5 56 20 30 0 50 0
472 224741 N 2 84 58 0 2 10 4 18 30 0 3 224459 2 0 1 39 4 0 1 14 10
473 241081 A 240336 13 23 2 4 47 1 3 7 5 0 2 22 0 32 69 103 100 0 312 0
474 256025 K 276 1 9 60 32 71 1 34 254799 35 71 227 45 171 80 15 3 48 6 28 13
475 258293 E 11 2 19 257922 13 51 1 22 37 40 0 34 7 10 8 24 12 41 0 0 39
476 262753 I 8 12 0 0 39 5 29 262083 1 296 13 35 0 25 11 34 65 84 0 11 2
477 256855 G 10 2 2 50 16 256409 8 1 16 12 0 0 4 1 112 14 37 43 3 3 112
478 247866 N 8 4 44 0 2 0 38 15 35 12 4 247538 4 3 40 56 39 0 0 15 9
479 255769 G 6 1 0 36 4 255373 0 55 1 13 2 5 0 1 95 4 2 50 65 53 3
480 253371 C 0 253091 0 0 46 20 0 0 0 7 0 2 10 0 61 30 4 15 19 47 19
481 265632 F 5 2 1 0 265080 1 1 13 1 195 6 1 11 2 186 66 8 7 0 45 1
482 269923 E 26 2 97 269044 10 128 1 52 121 20 2 5 0 25 57 27 123 88 28 0 67
483 254249 F 0 1 2 6 253744 12 0 15 0 98 0 1 4 26 11 49 9 14 6 22 229
484 273747 Y 3 63 28 21 72 139 137 14 1 55 275 49 2 7 18 16 54 6 39 272705 43
485 257047 H 2 0 11 3 5 19 256738 1 1 57 1 21 22 34 72 10 6 12 2 27 3
486 307215 K 108 1 5 70 48 88 18 42 306018 270 13 95 2 20 257 48 17 54 1 21 19
487 277560 C 10 277149 0 4 49 28 0 6 0 6 0 3 1 3 39 95 69 2 5 70 21
488 280418 D 11 4 279813 27 0 114 13 3 5 10 0 189 11 4 3 87 15 36 0 72 1
489 287983 N 2 0 42 0 5 0 6 21 25 0 0 287780 29 0 4 32 11 10 2 14 0
490 289509 E 263 25 36 288445 4 169 2 9 86 148 10 1 59 17 14 65 23 35 27 5 66
491 289047 C 3 288810 0 0 48 5 0 0 0 2 0 0 1 0 35 28 1 0 14 55 45
492 303980 M 2 0 1 0 0 1 4 278 29 31 303506 0 0 0 3 11 60 54 0 0 0
493 291377 E 193 2 32 290418 13 294 4 16 58 27 15 12 4 20 17 140 9 31 13 18 41
494 274593 S 64 14 2 5 19 109 3 36 4 18 0 68 4 3 52 274156 32 1 0 3 0
495 301588 V 44 3 0 17 0 12 1 121 1 74 1 1 0 1 41 2 5 301260 0 0 4
496 273504 R 18 0 1 9 1 48 1 36 100 1 0 3 3 1 273207 19 12 26 1 3 14
497 268351 N 104 60 86 0 5 634 20 33 46 249 292 265923 0 24 190 315 58 87 0 29 196
498 268123 G 83 1 7 52 0 267572 0 2 15 37 25 3 0 5 104 9 3 64 103 38 0
499 255198 T 74 13 2 7 16 36 0 72 2 118 2 19 4 0 14 87 254612 117 0 0 3
500 242592 Y 0 40 2 0 18 2 37 0 0 29 2 5 17 1 1 6 0 2 0 242390 40
501 262355 D 18 8 261773 22 4 56 16 7 20 5 58 114 1 0 30 81 4 76 0 55 7
502 263675 Y 42 32 4 5 36 33 35 6 1 12 0 36 1 30 1 20 55 34 2 263256 34
503 291842 P 25 2 20 68 9 10 3 108 47 70 0 1 290981 56 263 77 91 6 1 4 0
504 301313 K 75 8 0 43 7 124 0 29 300463 38 3 59 4 3 317 68 13 32 3 9 15
505 301322 Y 1 29 5 0 35 6 43 6 1 1 3 9 1 0 4 2 20 0 1 301132 23
506 307897 S 12 4 0 12 2 7 3 23 4 76 0 37 67 37 53 307408 29 44 2 46 31
507 292163 E 48 27 21 291611 2 105 0 2 66 16 1 3 0 11 103 8 1 25 12 2 99
508 274570 E 10 2 64 273998 31 42 0 72 38 117 3 4 3 36 8 10 6 61 0 3 62
509 283474 S 17 49 5 0 3 317 0 44 10 71 0 0 40 0 4 282787 33 56 0 9 29
510 267695 K 32 2 4 46 27 175 2 5 267094 20 8 52 5 12 85 75 15 18 4 1 13
511 270899 L 38 0 0 0 176 190 1 5 8 270093 51 1 5 2 0 262 29 17 10 1 10
512 280601 N 31 15 64 4 4 103 8 275 29 132 18 279524 0 18 87 147 21 85 0 36 0
513 253329 R 23 2 4 0 29 97 45 17 48 44 160 3 11 11 252394 237 27 34 69 63 11
514 347880 E 6 0 47 342780 253 287 6 4025 100 144 0 2 6 81 33 17 4 25 3 2 59
515 323173 K 71 1 90 72 4 63 21 1 321138 153 26 587 128 94 413 21 42 162 44 35 7
516 367925 I 2 0 1 5 0 2 2 367431 26 64 108 8 1 5 2 3 45 215 0 2 3
517 368374 D 57 4 366813 38 18 96 10 53 71 99 6 100 7 4 85 514 13 181 0 199 6
518 334216 G 114 1 0 80 6 332500 50 40 5 96 0 108 152 190 472 25 127 66 80 34 70
519 348942 V 70 3 0 31 4 8 1 5 1 53 52 0 5 4 43 3 4 348647 0 1 7
520 401927 K 153 28 3 248 3 12 103 28 399337 72 3 332 202 20 692 371 127 138 0 31 24
521 388536 L 5 1 3 0 141 8 3 19 1 387317 27 11 22 1 22 356 29 539 8 7 16
522 408074 E 21 2 41 406796 8 100 7 2 85 425 0 9 1 18 18 76 198 16 44 97 110
523 408781 S 42 6 4 0 7 0 154 92 1 60 0 19 167 45 91 407946 41 19 0 27 60
524 453809 M 76 35 9 16 43 45 5 1288 55 463 450406 117 67 424 57 45 208 372 38 38 2
525 465332 G 85 98 180 117 210 463391 0 4 5 17 5 2 596 7 122 36 39 238 178 0 2
526 439941 V 149 22 12 50 53 93 35 151 16 612 116 3 71 27 66 54 26 438098 48 234 5
527 465147 Y 1 80 13 16 82 25 374 150 5 29 21 74 17 2 5 64 6 190 8 463922 63
528 449587 Q 13 2 429 61 132 98 137 0 75 42 3 68 52 447848 256 187 12 70 0 5 97
529 375665 I 10 1 0 1 54 35 49 375256 4 33 7 25 12 0 2 6 84 68 2 16 0
530 359265 L 1 35 0 3 5 1 9 11 1 358997 41 0 68 27 11 1 12 31 3 4 4
531 333824 A 333154 13 4 85 0 62 27 30 0 55 0 0 34 8 9 89 114 124 1 3 12
532 404959 I 0 4 1 0 52 0 46 404661 0 8 10 20 1 0 1 20 62 71 2 0 0
533 483498 Y 0 62 63 0 40 0 190 0 0 25 0 33 31 0 0 15 5 11 1 482974 48
534 527133 S 13 1 0 11 2 13 0 23 1 82 9 0 142 8 2 526707 58 3 0 0 58
535 527540 T 87 0 2 12 29 4 1 65 98 16 2 42 5 1 0 73 527056 45 0 0 2
536 506014 V 103 59 56 0 479 14 90 162 0 138 6 4 0 0 34 14 103 504744 2 3 3
537 537421 A 536500 33 35 1 1 25 4 40 0 159 8 2 22 4 2 259 256 64 0 4 2
538 524090 S 44 42 17 0 2 97 0 72 14 277 0 132 17 2 63 523247 17 26 2 2 17
539 490979 S 293 2 1 1 0 10 1 3 7 81 0 1 121 7 3 490265 118 5 3 0 57
540 491219 L 117 9 0 10 19 51 1 126 1 490021 34 8 117 29 249 55 141 62 121 2 46
541 505742 V 84 160 61 57 100 41 33 572 6 176 115 4 101 16 71 11 296 502727 1 16 1094
542 520287 L 610 34 7 190 219 534 113 412 1 515078 48 2 385 12 21 114 913 223 1 1353 17
543 461514 L 2 0 0 2 151 14 0 59 260 460523 54 15 3 1 3 130 20 121 132 6 18
544 476986 V 175 8 46 0 110 73 1 147 0 22 8 1 23 0 6 54 5 476305 1 0 1
545 459878 S 49 17 22 0 65 0 0 0 0 142 0 3 266 5 39 459104 101 1 1 62 1
546 590071 L 18 2 1 0 25 15 0 11 0 589262 82 0 348 41 66 9 10 114 62 5 0
547 582473 G 159 1 1 170 0 581735 0 0 0 1 1 0 4 0 101 3 5 187 97 8 0
548 478283 A 477732 2 0 38 0 99 1 7 0 1 0 0 29 13 4 81 144 92 36 1 3
549 497149 I 8 114 0 2 148 0 355 495205 1 780 21 31 1 3 6 19 146 286 2 10 11
550 505166 S 5 20 0 2 1 663 5 140 1 403 139 141 0 8 49 503492 63 25 3 1 5
551 542755 F 18 23 1 29 540933 25 71 105 36 376 2 194 13 53 1 127 19 624 2 84 19
552 545678 W 77 110 4 18 43 206 7 8 7 132 60 7 8 56 149 33 18 56 544471 9 199
553 515262 M 215 8 3 2 3 80 101 239 31 39 514119 38 4 4 15 96 133 125 1 2 4
554 493564 C 26 492762 0 0 103 58 2 235 0 65 6 1 0 3 50 85 7 19 8 94 40
555 523532 S 37 14 54 4 49 71 1 9 3 32 11 1 83 18 22 522920 91 48 0 53 11
556 521346 N 1 2 111 2 2 7 8 47 102 22 74 520595 1 12 83 186 24 55 0 5 7
557 447614 G 64 0 0 51 1 447164 5 2 10 5 0 0 2 17 113 22 3 59 95 0 1
558 425170 S 4 13 0 110 54 11 0 44 19 8 9 4 50 726 17 423887 130 22 0 58 4
559 445296 L 9 49 0 2 143 6 2 0 7 444782 20 1 1 0 1 92 33 115 7 0 26
560 399841 Q 13 0 2 66 0 236 86 0 32 58 0 0 19 398743 123 44 0 236 0 0 183
561 268236 C 6 267704 1 0 226 8 0 1 0 52 0 0 0 0 47 32 2 17 13 105 22
562 316923 R 18 0 1 26 1 82 3 146 52 5 0 1 0 73 316411 29 39 14 0 1 21
563 364324 I 48 2 0 10 4 1 0 363984 20 31 89 2 0 1 7 2 43 79 0 1 0
564 365351 C 17 364892 4 3 108 8 5 0 2 2 3 0 5 0 63 52 3 8 26 110 40
565 330736 I 26 6 0 2 24 1 0 330381 0 73 8 27 1 5 10 10 50 112 0 0 0
