# nucleotide counts
# upper case indicates nucleotide called by both reads
# lower case indicates nucleotide called by one read with other ambiguous
# N indicates disagreement between reads, or both ambiguous
# POSITION WT COUNTS A T C G a t c g N
1 A 242977 242899 11 6 32 3 0 0 0 26
2 T 243944 14 243819 34 1 0 4 0 0 72
3 G 244681 47 83 8 244498 0 0 0 7 38
4 A 245749 245026 279 209 154 1 0 0 0 80
5 A 248321 247382 420 299 202 7 0 0 0 11
6 G 255359 394 323 340 254227 0 0 0 11 64
7 G 256221 107 185 727 255082 0 0 0 4 116
8 C 263488 65 1108 262184 88 0 0 11 0 32
9 A 263133 262038 57 868 135 3 0 0 0 32
10 A 267931 267356 93 307 150 6 0 0 0 19
11 A 269865 269187 208 151 286 11 0 0 0 22
12 A 274958 274181 183 200 232 2 0 0 0 160
13 C 284330 61 152 284007 58 0 0 9 0 43
14 T 292538 66 292234 150 15 0 6 0 0 67
15 A 292368 291844 142 91 124 4 0 0 0 163
16 C 307701 391 421 306830 29 0 0 6 0 24
17 T 317257 56 316593 160 419 0 3 0 0 26
18 G 326454 132 340 336 325607 0 0 0 8 31
19 G 366481 480 362 198 365348 0 0 0 20 73
20 T 411680 132 410769 190 158 0 6 0 0 425
21 C 416991 297 385 416063 167 0 0 11 0 68
22 C 458957 576 694 457545 103 0 0 16 0 23
23 T 456796 123 455450 769 385 0 9 0 0 60
24 G 587673 461 920 451 585692 0 0 0 64 85
25 T 578729 541 577336 246 487 0 22 0 0 97
26 T 589311 745 587770 171 566 0 17 0 0 42
27 A 597837 595987 261 899 537 42 0 0 0 111
28 T 539449 1556 537360 389 109 0 5 0 0 30
29 A 547933 545819 765 465 780 47 0 0 0 57
30 T 540172 991 537575 526 1017 0 15 0 0 48
31 G 542572 1092 1108 1308 539010 1 0 0 17 36
32 C 554156 397 1838 551399 365 0 0 28 1 128
33 A 504412 502619 317 786 639 5 0 0 0 46
34 T 498231 270 496205 298 1386 0 8 0 0 64
35 T 496293 175 494464 257 1344 0 14 0 0 39
36 T 497993 311 495706 1759 143 0 6 1 0 67
37 G 498679 245 274 113 497979 0 0 0 7 61
38 T 499776 552 498658 345 50 0 8 0 0 163
39 A 499817 499432 100 48 188 8 0 0 0 41
40 G 500831 38 183 31 500414 0 0 0 11 154
41 C 501903 81 56 501667 16 0 0 8 0 75
42 T 497800 28 497532 113 12 0 6 0 0 109
43 A 502343 501743 95 303 75 12 0 0 0 115
44 C 495635 38 137 495378 41 0 0 6 0 35
45 A 493475 492247 84 439 648 18 0 0 0 39
46 G 499360 65 147 17 499068 0 0 0 11 52
47 A 504582 504263 61 41 85 12 0 0 0 120
48 T 506911 57 506587 130 60 0 10 0 0 67
49 G 504918 177 173 33 504468 0 0 0 11 56
50 C 501156 76 76 500871 82 0 0 6 0 45
51 A 500129 499549 48 255 198 6 0 1 0 72
52 G 511294 128 218 69 510798 0 0 0 8 73
53 A 508953 508591 54 28 169 12 0 0 0 99
54 C 514953 105 105 514634 31 0 0 4 0 74
55 A 504053 498953 3626 663 575 8 1 0 0 227
56 C 595122 591 4781 589025 635 0 0 16 0 74
57 A 599225 593432 730 168 4817 22 0 0 0 56
58 A 611475 610912 88 218 198 16 0 0 0 43
59 T 604411 220 603882 113 106 0 29 0 0 61
60 A 665894 665327 173 24 220 31 0 0 0 119
61 T 675717 83 675198 161 148 0 45 0 0 82
62 G 715443 230 562 96 714421 0 0 0 34 100
63 T 697665 134 696688 353 147 0 38 0 0 305
64 A 719503 718697 270 130 267 29 0 0 0 110
65 T 678049 274 677373 177 35 0 58 0 0 132
66 A 672569 671778 352 173 174 15 0 0 0 77
67 G 668572 122 324 106 667886 0 0 0 34 100
68 G 612077 102 208 104 611555 0 0 0 21 87
69 C 587416 112 196 586865 140 0 0 17 0 86
70 T 581791 73 581174 218 185 0 21 0 0 120
71 A 539264 537636 235 82 141 12 0 0 0 1158
72 C 542523 94 169 542064 143 0 0 12 0 41
73 C 527380 227 113 526827 175 0 0 7 0 31
74 A 529722 529028 277 217 97 9 0 0 0 94
75 T 526561 271 525743 365 74 0 5 0 0 103
76 G 527567 146 488 23 526763 0 0 0 8 139
77 C 549929 80 933 548393 439 0 0 17 1 66
78 G 553728 197 560 841 552043 0 0 0 6 81
79 A 563994 563561 137 97 117 8 0 0 0 74
80 A 561473 560986 123 72 114 11 0 0 0 167
81 C 567730 76 91 567442 32 0 0 16 0 73
82 A 563393 563191 47 19 69 6 0 0 0 61
83 A 572437 571719 59 24 89 24 0 0 0 522
84 C 574363 54 58 574101 24 0 0 7 0 119
85 T 575165 130 574483 163 108 0 9 0 0 272
86 C 578656 153 79 578244 63 0 0 15 0 102
87 A 585694 585011 187 49 376 8 0 0 0 63
88 A 587363 586541 101 64 117 12 0 0 0 528
89 C 600836 177 102 600414 92 0 0 16 0 35
90 C 590421 155 217 589846 88 0 0 14 0 101
91 G 591761 363 305 77 590954 1 0 0 11 50
92 A 580524 580049 73 114 115 13 0 0 0 160
93 C 581943 114 279 581352 168 0 0 9 0 21
94 A 582459 581852 101 136 116 11 0 0 0 243
95 C 596913 121 145 596477 93 0 0 30 0 47
96 T 564571 223 563880 243 99 0 9 0 0 117
97 G 703368 505 335 556 701873 0 0 0 21 78
98 T 698662 267 698013 202 55 0 11 0 0 114
99 T 701595 158 700274 326 732 0 41 0 0 64
100 G 700907 245 530 69 699992 0 0 0 28 43
101 A 684912 684359 99 51 191 12 0 0 0 200
102 C 699484 165 158 699031 72 0 0 26 0 32
103 A 675749 675072 157 79 126 19 0 0 0 296
104 C 664068 96 79 663744 67 0 0 42 0 40
105 A 513147 512597 132 142 221 11 0 0 0 44
106 A 505401 504987 129 90 139 20 0 0 0 36
107 T 511109 102 510661 178 96 0 8 0 0 64
108 A 524124 523035 149 68 175 7 0 0 0 690
109 C 502777 431 579 501580 99 0 0 17 0 71
110 T 488387 96 487130 726 368 0 5 0 0 62
111 C 455337 168 295 454530 287 0 0 8 0 49
112 G 461635 174 272 34 461110 0 0 0 10 35
113 A 455221 454942 56 63 114 6 0 0 0 40
114 G 461809 166 250 33 461308 0 0 0 6 46
115 A 450320 450087 27 42 77 5 0 0 0 82
116 A 449729 449515 26 29 109 17 0 0 0 33
117 G 457319 134 165 28 456805 0 0 0 3 184
118 A 451480 451269 40 44 101 5 0 0 0 21
119 A 456213 456009 33 19 115 7 0 0 0 30
120 T 449720 50 449440 121 53 0 6 0 0 50
121 G 447497 110 164 24 447173 0 0 0 8 18
122 T 443666 87 443287 64 22 0 7 0 0 199
123 G 444809 118 213 23 444384 0 0 0 11 60
124 G 466186 115 153 40 465824 0 0 0 22 32
125 C 469445 56 507 468726 59 0 0 0 0 97
126 A 454461 454120 60 115 118 4 0 0 0 44
127 G 455416 86 111 81 455086 0 0 0 5 47
128 T 448134 43 447520 64 22 0 4 0 0 481
129 G 469936 118 167 31 469543 0 0 0 9 68
130 A 457007 456551 94 107 93 7 0 0 0 155
131 C 461541 63 125 461252 48 0 0 7 0 46
132 A 448353 447639 107 56 113 10 0 0 0 428
133 C 450445 279 140 449933 26 0 0 6 0 61
134 A 455046 454491 91 71 289 9 0 0 0 95
135 T 447885 75 447305 401 74 0 6 0 0 24
136 T 424302 73 424019 105 50 0 7 0 0 48
137 C 501121 103 74 500730 33 0 0 42 0 139
138 T 471565 76 471204 199 25 0 13 0 0 48
139 G 474108 540 345 142 473005 0 0 0 9 67
140 T 480886 256 480194 136 192 0 47 0 1 60
141 T 465469 502 464516 196 212 0 6 0 0 37
142 A 459499 459141 70 77 135 23 0 0 0 53
143 A 459180 458374 58 52 129 9 0 0 0 558
144 C 386633 41 175 386302 68 0 0 17 0 30
145 C 384234 56 64 383966 20 0 0 27 0 101
146 T 278185 28 277938 125 12 0 6 0 0 76
147 G 307506 302 127 31 306957 0 0 0 12 77
148 C 366747 47 134 366302 204 0 0 13 0 47
149 T 368502 180 367898 71 43 0 4 0 0 306
150 C 362655 135 113 362217 121 0 0 8 0 61
151 G 359293 251 275 376 358300 0 0 0 8 83
152 A 363878 362666 373 547 238 9 0 0 0 45
153 A 364145 363129 120 211 628 10 0 0 0 47
154 G 393859 418 319 105 392898 0 0 0 2 117
155 A 383590 382510 135 459 137 10 0 0 0 339
156 C 393608 186 396 392888 101 0 0 5 0 32
157 A 400311 398669 218 214 1151 5 0 0 0 54
158 G 398616 673 515 568 396815 0 0 0 15 30
159 C 413064 568 884 410948 596 0 0 9 0 59
160 C 409896 217 371 409213 47 0 0 7 0 41
161 A 407877 407322 101 113 190 13 0 0 0 138
162 C 415920 210 83 415462 116 0 0 2 0 47
163 A 413655 413245 227 21 127 9 0 0 0 26
164 A 434723 434266 206 41 90 12 0 0 0 108
165 C 433506 90 167 433036 41 0 0 10 0 162
166 G 419929 232 152 61 419434 0 0 0 18 32
167 G 418398 92 184 85 417974 0 0 0 15 48
168 G 414744 125 225 45 414269 0 0 0 4 76
169 A 415971 415509 138 63 191 15 0 0 0 55
170 A 415476 415043 126 43 230 9 0 0 0 25
171 A 412352 411845 99 85 189 9 0 0 0 125
172 C 415410 147 789 414381 22 0 0 25 0 46
173 T 379955 63 379017 137 705 0 6 0 0 27
174 A 385409 385039 73 112 104 9 0 0 0 72
175 T 376356 87 376051 91 62 0 11 0 0 54
176 G 375369 203 282 25 374824 0 0 0 5 30
177 T 374873 120 374294 242 38 0 17 0 0 162
178 A 344445 343450 401 307 270 2 0 0 0 15
179 A 348560 347664 149 374 339 6 0 0 0 28
180 A 347326 346178 486 422 210 6 0 0 0 24
181 T 345126 149 344123 548 279 0 3 0 0 24
182 T 340314 294 339829 86 68 0 9 0 0 28
183 A 324014 322894 285 494 313 5 0 0 0 23
184 A 324130 323114 151 492 337 4 0 0 0 32
185 A 324256 323711 71 57 406 2 0 0 0 9
186 A 245287 244000 154 366 739 6 0 0 0 22
187 G 253792 72 262 36 253387 0 0 0 10 25
188 G 269841 140 102 27 269520 0 0 0 18 34
189 A 265688 265476 52 40 81 11 0 0 0 28
190 A 265496 264952 211 67 237 10 0 0 0 19
191 T 293225 230 292722 165 58 0 8 0 0 42
192 A 304796 303860 106 127 644 6 0 0 0 53
193 G 311785 301 348 265 310788 0 0 0 21 62
194 C 324672 305 173 323979 163 0 0 12 0 40
195 C 322824 311 202 322019 250 0 0 10 0 32
196 C 292208 55 71 291987 42 0 0 11 0 42
197 C 296128 91 31 295946 27 0 0 12 0 21
198 A 297498 297087 41 33 92 7 0 0 0 238
199 C 316624 33 50 316456 40 0 0 17 0 28
200 T 315621 33 315424 100 24 0 9 0 0 31
201 A 314095 313675 60 21 152 7 0 0 0 180
202 C 329546 219 354 328641 284 0 0 10 0 38
203 A 327059 326273 334 278 154 5 0 0 0 15
204 A 334408 333506 222 411 210 9 0 0 0 50
205 T 321931 203 321575 80 14 0 9 0 0 50
206 T 307570 38 307278 51 166 0 5 0 0 32
207 G 311919 185 151 32 311512 0 0 0 7 32
208 G 300489 248 212 209 299805 0 0 0 2 13
209 G 308258 491 192 103 307435 0 0 0 4 33
210 G 307020 267 453 255 306008 0 0 0 15 22
211 A 302942 302437 30 258 115 8 0 0 0 94
212 A 305525 305043 81 276 81 4 0 0 0 40
213 A 305858 305410 60 305 50 12 0 0 0 21
214 T 319733 24 319615 49 16 0 7 0 0 22
215 G 317505 257 152 21 317047 0 0 0 7 21
216 T 323133 43 322529 114 208 0 7 0 0 232
217 A 326481 325910 296 38 213 6 0 0 0 18
218 A 327734 327048 52 435 137 9 0 0 0 53
219 C 332152 149 139 331747 80 0 0 8 0 29
220 A 330475 329792 169 360 117 7 0 0 0 30
221 T 344808 51 344296 348 31 0 11 0 0 71
222 C 347589 76 470 346923 61 0 0 5 0 54
223 A 338741 337654 336 143 176 10 0 0 0 422
224 C 344846 101 382 344053 269 0 0 6 0 35
225 C 343152 392 387 342127 196 0 0 6 0 44
226 G 357496 126 215 16 357100 0 0 0 10 29
227 G 358421 70 135 51 358109 0 0 0 13 43
228 A 354651 354358 48 81 122 9 0 0 0 33
229 T 348608 32 348377 69 27 0 7 0 0 96
230 G 337323 96 136 15 337044 0 0 0 2 30
231 G 367584 122 112 55 367202 0 0 0 18 75
232 C 391549 63 76 391229 101 0 0 6 0 74
233 T 394489 22 394179 114 102 0 11 0 0 61
234 C 401695 87 69 401363 111 0 0 23 0 42
235 T 387113 188 385934 908 50 0 12 0 0 21
236 T 374409 93 374065 124 82 0 7 0 0 38
237 G 356279 178 352 49 355664 0 0 0 9 27
238 G 356748 69 154 25 356472 0 0 0 5 23
239 G 478637 141 124 52 478239 0 0 0 20 61
240 A 436769 435968 430 51 245 15 0 0 0 60
241 A 419613 419251 87 78 132 3 0 0 0 62
242 A 434949 434523 127 72 153 14 0 0 0 60
243 T 433842 122 433284 229 88 0 14 0 0 105
244 C 462490 122 71 462157 92 0 0 16 0 32
245 C 459621 128 95 459303 60 0 0 9 0 26
246 A 444301 441945 100 1344 874 3 0 0 0 35
247 G 462920 445 668 256 461506 0 0 0 12 33
248 A 448697 447297 478 618 277 6 0 0 0 21
249 A 469562 468133 445 449 467 7 0 0 0 61
250 T 476063 47 475741 140 58 0 6 0 0 71
251 G 474182 116 209 37 473777 0 0 0 7 36
252 C 471826 155 526 471019 50 0 1 19 0 56
253 G 470921 264 323 91 470190 0 0 0 6 47
254 A 478618 477800 129 178 119 10 0 0 0 382
255 C 482802 276 87 482326 64 0 0 8 0 41
256 T 476698 647 474275 524 1199 0 10 0 0 43
257 C 485423 908 906 483007 532 0 0 9 0 61
258 A 475939 473973 570 201 922 9 0 0 0 264
259 C 477407 122 148 476965 64 0 0 9 0 99
260 T 471448 77 471104 150 39 0 9 0 0 69
261 G 471310 332 194 70 470654 0 0 0 14 46
262 C 451302 388 263 450500 76 0 0 6 0 69
263 T 442621 164 442186 185 54 0 7 0 0 25
264 T 443040 513 442031 225 186 0 14 0 0 71
265 C 436433 1063 352 434411 564 0 0 16 0 27
266 C 435922 1006 1154 433267 450 0 0 19 1 25
267 A 428917 426331 1037 933 568 8 0 0 0 40
268 G 425176 700 522 372 423541 0 0 0 7 34
269 C 427612 700 922 425735 221 0 0 9 0 25
270 G 381554 658 358 592 379902 0 0 0 13 31
271 A 364205 363723 86 181 155 6 0 0 0 54
272 G 366784 153 355 85 366149 0 0 0 6 36
273 A 365174 364542 229 120 230 3 0 0 0 50
274 T 369952 201 369086 543 62 0 8 0 0 52
275 C 346894 341 338 346143 32 0 0 7 0 33
276 A 344733 343861 253 277 310 8 0 0 0 24
277 T 347539 52 347310 61 56 0 9 0 0 51
278 G 372356 138 182 20 371996 0 0 0 8 12
279 G 461190 85 285 39 460605 0 0 0 35 141
280 T 377636 43 377066 80 141 0 13 0 0 293
281 C 360591 66 48 360265 178 0 0 8 0 26
282 C 359845 233 390 359065 95 0 0 25 0 37
283 T 419312 35 419034 173 40 0 3 0 0 27
284 A 445994 445517 55 63 124 40 0 0 0 195
285 C 448900 105 76 448572 98 0 0 9 0 40
286 A 458463 458065 85 59 217 7 0 0 0 30
287 T 469383 44 468978 68 113 1 29 0 0 150
288 T 413673 50 413126 426 50 0 6 0 0 15
289 G 428698 328 212 59 428051 1 0 0 15 32
290 T 429629 74 429288 129 35 0 11 0 0 92
291 A 429493 429013 68 241 149 7 0 0 0 15
292 G 431327 170 207 22 430884 0 0 0 10 34
293 A 413124 412833 115 38 87 6 0 0 0 45
294 A 444311 444012 54 85 117 12 0 0 0 31
295 A 446181 445213 170 190 522 5 0 0 0 81
296 C 451506 227 210 450788 241 0 0 8 0 32
297 A 454188 452731 198 208 363 6 0 0 0 682
298 C 450701 267 106 450065 225 0 0 5 0 33
299 C 445230 216 289 444458 233 0 0 3 0 31
300 A 446951 446040 176 272 413 25 0 0 0 25
301 A 460854 460032 73 161 515 4 0 0 0 69
302 A 467277 466322 196 96 478 5 0 0 0 180
303 C 469410 76 290 468610 383 0 0 6 0 45
304 T 480818 77 480139 216 239 0 7 0 0 140
305 C 482132 90 65 481771 147 0 0 23 0 36
306 T 477732 103 477106 364 104 0 9 0 0 46
307 G 482645 185 245 123 482012 0 0 0 10 70
308 A 483291 482696 127 121 290 16 0 0 0 41
309 G 506520 194 175 149 505947 0 0 0 5 50
310 A 501215 499682 279 615 586 15 0 0 0 38
311 A 490224 489550 269 168 196 6 0 0 0 35
312 T 489864 313 488646 617 199 0 9 0 0 80
313 G 499653 235 307 37 499041 0 0 0 9 24
314 G 508203 134 144 71 507778 0 0 0 9 67
315 A 501957 501313 133 117 245 5 0 0 0 144
316 G 503832 122 242 350 503064 0 0 0 8 46
317 C 500989 278 356 500238 53 0 0 12 0 52
318 A 517062 516404 243 123 184 14 0 0 0 94
319 T 517728 65 517521 76 12 0 10 0 0 44
320 G 511594 281 213 24 511054 0 0 0 4 18
321 T 513492 195 512838 296 28 0 18 0 0 117
322 T 489308 38 489083 79 70 0 8 0 0 30
323 A 518758 518392 77 41 151 21 0 0 0 76
324 T 517564 112 517119 185 28 0 20 0 0 100
325 C 512481 47 61 512205 137 0 0 9 0 22
326 C 508001 91 133 507636 30 0 0 42 0 69
327 A 438693 438033 39 229 339 6 0 0 0 47
328 G 343437 55 141 27 343180 0 0 0 17 17
329 G 343341 77 95 32 343109 0 0 0 10 18
330 A 331735 331250 226 42 148 5 0 0 0 64
331 G 363036 389 208 270 362113 0 0 0 10 46
332 A 347261 345535 205 998 455 3 0 0 0 65
333 T 373131 1092 371468 291 199 2 5 0 0 74
334 C 401405 671 169 400475 42 0 0 11 0 37
335 T 397732 36 397333 197 106 0 6 0 0 54
336 C 400049 99 391 399229 282 0 0 13 0 35
337 A 400340 399070 151 875 163 10 0 0 0 71
338 T 391358 943 389449 856 42 0 6 0 0 62
339 C 405131 685 870 403408 114 0 0 15 0 39
340 G 414517 263 324 149 413750 0 0 0 8 23
341 A 449122 448447 96 179 117 15 0 0 0 268
342 C 457594 144 149 457112 109 0 0 8 0 72
343 T 445419 295 444377 547 145 0 8 0 0 47
344 A 474449 473049 511 615 198 27 0 0 0 49
345 T 464588 486 463372 403 288 0 11 0 0 28
346 G 466494 117 343 515 465452 0 0 0 14 53
347 A 464573 463568 61 511 367 13 0 0 0 53
348 G 466337 368 361 178 465356 0 0 0 8 66
349 G 471076 90 162 13 470728 0 0 0 21 62
350 A 456114 455931 26 14 64 8 0 0 0 71
351 A 450067 449738 30 12 95 11 0 0 0 181
352 C 444233 71 136 443940 18 0 0 12 0 56
353 T 422812 27 422560 105 12 0 7 0 0 101
354 G 419760 162 195 35 419345 0 0 0 3 20
355 A 417261 416997 61 45 98 8 0 0 0 52
356 G 414699 69 125 36 414442 0 0 0 4 23
357 G 414231 139 124 43 413877 0 0 0 16 32
358 G 394173 147 50 20 393890 0 0 0 11 55
359 A 389147 388854 25 10 101 2 0 0 0 155
360 G 387652 132 50 23 387375 0 0 0 6 66
361 C 386323 84 194 385967 35 0 1 6 0 36
362 A 375180 374908 55 52 110 5 0 0 0 50
363 A 371039 370744 95 65 90 9 0 0 0 36
364 T 369969 67 369779 54 25 0 6 0 0 38
365 T 364525 39 364398 60 5 0 6 0 0 17
366 G 365425 111 145 52 365058 0 0 0 15 44
367 A 309531 308644 173 48 625 4 0 0 0 37
368 G 325580 181 221 94 325026 0 0 0 10 48
369 C 323254 85 140 322438 527 0 0 5 0 59
370 T 300547 164 300046 126 140 0 6 0 0 65
371 C 311275 136 125 310774 172 0 0 20 0 48
372 A 250244 249822 100 128 155 0 0 0 0 39
373 G 313938 202 166 33 313473 0 0 0 18 46
374 T 327476 44 327049 151 60 0 10 0 0 162
375 A 319489 319026 172 90 147 12 0 0 0 42
376 T 318695 322 317503 695 118 0 22 0 0 35
377 C 304140 158 438 303094 412 0 0 7 0 31
378 A 314714 313497 509 462 196 6 0 0 0 44
379 T 335444 72 334996 158 134 0 19 0 0 65
380 C 334075 186 65 333718 75 0 0 15 0 16
381 A 340382 339964 46 97 205 23 0 0 0 47
382 T 295185 174 294569 114 296 0 8 0 0 24
383 T 302094 68 301600 381 28 0 3 0 0 14
384 A 300223 299654 55 278 199 17 0 0 0 20
385 G 328646 175 184 56 328200 0 0 0 9 22
386 A 329385 329129 55 84 80 4 0 0 0 33
387 A 341103 340851 71 52 87 5 0 0 0 37
388 A 318959 318781 22 37 58 8 0 0 0 53
389 G 319107 51 105 18 318891 0 0 0 11 31
390 A 332440 332281 27 19 63 6 0 0 0 44
391 T 334076 18 333923 49 24 0 3 0 0 59
392 T 351018 31 350896 37 9 0 13 0 0 32
393 C 346301 43 101 346088 17 0 0 5 0 47
394 G 346734 89 172 15 346402 0 0 0 15 41
395 A 351050 350913 31 15 68 6 0 0 0 17
396 A 351153 350988 17 48 59 4 0 0 0 37
397 A 356112 356010 27 5 41 11 0 0 0 18
398 T 351857 23 351749 30 3 0 3 0 0 49
399 A 350486 350272 27 39 84 5 0 0 0 59
400 T 362459 24 362332 49 2 0 15 0 0 37
401 T 362203 52 361984 56 9 0 3 0 0 99
402 T 364469 33 364219 124 5 0 11 0 0 77
403 C 369307 372 262 368475 122 0 0 4 0 72
404 C 366857 503 105 365959 260 0 0 8 1 21
405 C 371596 369 408 370497 268 0 0 9 0 45
406 A 371595 370113 446 503 500 8 0 0 0 25
407 A 364569 363036 759 295 410 11 0 0 0 58
408 G 399816 743 670 585 397762 0 0 0 18 38
409 G 401377 585 563 211 399977 0 0 0 7 34
410 A 394734 393528 416 501 250 4 0 0 0 35
411 A 395329 393530 572 930 261 10 0 0 0 26
412 A 369871 366838 957 461 1574 6 0 0 0 35
413 G 414855 502 1374 955 411936 0 0 0 28 60
414 T 423893 671 421131 658 1240 0 10 0 0 183
415 T 419769 679 418455 238 360 0 11 0 0 26
416 C 420597 249 390 419674 221 0 0 22 0 41
417 A 376221 374743 593 412 425 6 0 0 0 42
418 T 394407 72 394122 102 45 0 19 0 0 47
419 G 398648 134 283 32 398159 0 0 0 8 32
420 G 361315 99 107 142 360862 0 0 0 11 94
421 C 364838 305 338 363858 252 0 0 15 0 70
422 C 285063 286 227 284330 201 0 0 4 0 15
423 C 287171 385 137 286365 246 0 0 6 0 32
424 A 283287 283160 29 23 55 6 0 0 0 14
425 A 296127 295908 23 20 51 6 0 0 0 119
426 C 301182 39 91 301012 15 0 0 7 0 18
427 C 300148 214 430 299418 61 0 0 12 0 13
428 A 273753 273264 102 126 61 5 0 0 0 195
429 C 261031 47 229 260693 41 0 0 9 0 12
430 A 258437 257980 63 29 182 8 0 1 0 174
431 C 259747 54 56 259508 93 0 0 4 0 32
432 A 260329 260043 91 101 64 6 0 0 0 24
433 T 260614 110 260155 90 226 0 7 0 0 26
434 T 254821 246 254356 96 84 0 7 0 0 32
435 C 256443 239 138 255929 107 0 0 6 1 23
436 A 254244 252916 435 361 464 3 0 1 0 64
437 A 255652 254827 174 325 282 10 0 0 0 34
438 C 249250 455 300 248156 306 0 0 4 0 29
439 G 240955 79 90 178 240583 0 0 0 4 21
440 G 246971 48 72 38 246770 0 0 0 7 36
441 A 240349 240024 51 52 132 3 0 0 0 87
442 G 242250 349 68 192 241623 0 0 0 3 15
443 T 243047 72 241894 167 265 0 14 0 0 635
444 A 236737 236139 180 118 278 2 0 0 0 20
445 A 247403 246905 392 17 45 6 0 0 0 38
446 C 242227 63 48 242038 40 0 0 12 0 26
447 A 253805 253535 68 56 116 7 0 0 0 23
448 G 261292 203 1087 325 259626 0 0 0 10 41
449 T 230106 243 228707 543 459 0 5 0 0 149
450 A 236462 234944 137 549 812 1 0 0 0 19
451 T 252043 66 251616 126 179 0 9 1 0 46
452 C 246293 32 167 246045 30 0 0 5 0 14
453 A 246677 246186 116 35 281 9 0 0 0 50
454 T 235933 45 235784 46 23 0 6 0 0 29
455 G 229998 62 65 26 229818 0 0 0 5 22
456 C 231027 34 85 230837 28 0 0 10 0 33
457 T 220606 1325 217826 472 901 0 7 0 0 75
458 C 237525 814 785 235191 686 0 0 15 0 34
459 C 230333 503 1056 228125 627 0 0 10 0 12
460 C 232708 471 294 231524 387 0 0 7 0 25
461 A 250081 248916 225 716 192 8 0 0 0 24
462 T 236775 501 235906 264 68 0 3 0 0 33
463 A 233914 233131 366 185 198 10 0 0 0 24
464 G 250468 529 541 207 249168 0 0 0 9 14
465 G 254986 188 537 247 253976 0 0 0 9 29
466 G 258192 291 218 70 257578 0 0 0 11 24
467 G 255214 396 92 442 254249 0 0 0 3 32
468 A 256175 255257 109 305 466 1 0 0 0 37
469 A 255549 255207 145 72 104 5 0 0 0 16
470 A 267780 267343 145 151 109 4 0 0 0 28
471 A 272404 271970 200 37 143 10 0 0 0 44
472 A 272726 272222 50 135 288 1 0 0 0 30
473 G 273018 160 124 464 272249 0 0 1 5 15
474 C 280077 346 107 279462 120 0 0 6 0 36
475 A 280822 280033 84 69 604 0 0 0 0 32
476 G 311706 101 123 114 311334 0 0 0 7 27
477 T 311059 28 310676 131 119 0 2 0 0 103
478 T 311103 20 310971 57 17 0 8 0 0 30
479 T 309613 24 309488 60 11 0 15 0 0 15
480 T 307239 18 307054 131 14 0 6 0 0 16
481 T 320875 64 320669 70 48 0 4 0 0 20
482 A 320191 319901 88 38 67 5 0 0 0 92
483 C 320859 53 130 320583 60 0 0 3 0 30
484 A 315377 314919 44 242 130 3 0 0 0 39
485 G 325656 102 161 52 325291 0 0 0 5 45
486 A 324482 324040 34 41 321 6 0 0 0 40
487 A 338401 338209 51 34 71 9 0 0 0 27
488 A 339397 339155 35 79 80 9 0 0 0 39
489 T 313412 55 313238 76 12 0 5 0 0 26
490 T 314316 24 314124 117 17 0 14 0 0 20
491 T 318749 29 318561 83 37 0 6 0 0 33
492 G 320439 100 209 38 320045 0 0 0 13 34
493 C 319836 103 232 319318 121 0 0 12 0 50
494 T 297160 52 296876 149 20 0 10 0 0 53
495 A 285839 285269 222 237 66 7 0 0 0 38
496 T 291187 87 290980 46 8 0 8 0 0 58
497 G 281539 266 83 22 281138 0 0 0 7 23
498 G 286458 143 69 29 286202 0 0 0 5 10
499 C 269143 58 86 268743 218 0 0 6 0 32
500 T 258254 30 258093 76 21 0 6 0 0 28
501 G 272585 253 168 68 272057 0 0 0 4 35
502 A 272944 272677 50 61 89 9 0 0 0 58
503 C 264873 81 132 264566 65 0 0 7 0 22
504 G 271384 124 546 98 270579 0 0 0 9 28
505 A 267781 266707 145 412 458 7 0 0 0 52
506 A 265484 264300 296 495 368 1 0 0 0 24
507 G 224517 720 257 314 223196 0 0 0 13 17
508 A 223499 223095 60 86 227 5 0 0 0 26
509 A 232403 232022 43 87 228 6 0 0 0 17
510 G 241144 183 416 137 240378 0 0 0 7 23
511 G 242143 734 325 884 240181 0 0 0 2 17
512 G 241506 1316 405 308 239452 0 0 0 6 19
513 G 230348 509 670 138 229000 0 0 0 7 24
514 G 233327 666 86 408 232134 0 0 0 4 29
515 A 228056 226673 425 656 105 6 0 0 0 191
516 T 238543 581 237118 524 242 0 7 0 0 71
517 T 244558 404 243258 180 686 0 5 0 0 25
518 C 244701 716 247 243617 91 0 0 10 0 20
519 A 247560 245986 528 570 438 4 0 0 0 34
520 T 246590 17 246471 56 11 0 5 0 0 30
521 A 257206 256754 48 13 37 16 0 0 0 338
522 C 259814 38 47 259691 9 0 0 11 0 18
523 C 254536 680 115 253001 715 0 0 8 0 17
524 C 252054 761 239 250670 337 0 0 17 0 30
525 A 235105 233825 305 417 532 1 0 0 0 25
526 A 292051 291035 427 350 181 12 0 0 0 46
527 A 293392 292232 559 337 231 3 0 0 0 30
528 G 301191 386 495 322 299951 0 0 0 7 30
529 C 303840 118 91 303173 387 0 0 9 0 62
530 T 282492 25 282141 217 56 0 3 0 0 50
531 G 335554 110 384 302 334702 0 0 0 7 49
532 A 338940 337897 147 159 498 6 0 0 0 233
533 C 380485 86 447 379668 230 0 0 6 0 48
534 C 378125 478 210 377116 255 0 0 12 0 54
535 A 373278 371740 561 364 574 6 0 0 0 33
536 A 418459 416827 392 889 275 24 0 0 0 52
537 T 421605 257 420268 551 472 0 12 0 0 45
538 T 427809 273 426914 187 364 0 4 0 0 67
539 C 431424 276 556 430341 193 0 0 19 0 39
540 C 416567 204 461 415621 259 0 0 6 0 16
541 T 419501 22 419252 143 18 0 22 0 0 44
542 A 419979 419840 46 11 41 7 0 0 0 34
543 T 431450 60 431243 69 21 0 11 0 0 46
544 G 455698 650 587 144 454236 0 0 0 19 62
545 T 417508 226 416299 363 442 0 9 0 0 169
546 G 418827 340 345 440 417592 0 0 0 6 104
547 A 416152 415918 88 8 80 14 0 0 0 44
548 A 414976 414746 30 15 118 2 0 0 0 65
549 C 429371 38 63 429138 16 0 0 17 0 99
550 A 416287 414566 665 560 452 11 0 0 0 33
551 A 419853 418605 538 334 260 13 0 0 0 103
552 T 420410 207 418788 248 1116 0 11 0 0 40
553 A 411388 410709 255 46 313 10 0 0 0 55
554 A 446472 445570 533 179 134 21 0 0 0 35
555 A 441785 440794 111 467 385 9 0 0 0 19
556 G 436591 406 326 45 435794 0 0 0 2 18
557 G 445535 273 166 333 444712 0 0 0 16 35
558 G 432837 376 290 61 432077 0 0 0 8 25
559 A 426068 425115 84 581 222 6 0 0 0 60
560 A 424200 423409 219 41 503 12 0 0 0 16
561 A 422682 421458 38 390 757 5 0 0 0 34
562 G 426865 195 277 380 425974 0 0 0 8 31
563 A 413873 413180 213 310 122 3 0 0 0 45
564 A 400907 400051 126 127 497 1 0 0 0 105
565 G 380826 255 149 43 380339 0 0 0 9 31
566 T 409268 45 408562 102 11 0 10 0 0 538
567 C 424341 332 177 423722 65 0 0 8 0 37
568 C 424912 67 177 424587 46 0 0 8 0 27
569 T 426446 50 426200 139 12 0 13 0 0 32
570 T 375990 126 375589 89 159 0 9 0 0 18
571 G 401776 372 248 108 400986 0 0 0 16 46
572 T 407329 42 407017 81 43 0 5 0 0 141
573 A 431814 430967 121 357 140 11 0 0 0 218
574 C 433157 228 78 432694 44 0 0 20 0 93
575 T 401222 25 401065 82 20 0 3 0 0 27
576 A 419512 419091 45 198 113 26 0 0 0 39
577 T 414486 34 414320 53 20 0 3 0 0 56
578 G 428364 80 257 13 427978 0 0 0 20 16
579 G 508357 64 150 181 507893 0 0 0 18 51
580 G 463343 58 106 40 463105 0 0 0 6 28
581 G 493465 75 106 100 493133 0 0 0 16 35
582 T 464234 41 462953 68 85 0 8 0 0 1079
583 G 512474 171 188 41 512010 0 0 0 16 48
584 T 527878 38 527548 146 45 0 17 0 0 84
585 T 487240 91 486721 269 96 0 6 0 0 57
586 C 493308 69 76 493066 33 0 0 16 0 48
587 A 493786 493562 36 25 84 15 0 0 0 64
588 T 492000 49 491211 654 11 0 22 0 0 53
589 C 492220 661 326 491009 165 0 0 12 0 47
590 A 485515 483158 446 160 231 10 0 0 0 1510
591 C 492794 374 522 491741 81 0 0 13 0 63
592 C 485719 50 47 485546 31 0 0 18 0 27
593 C 467883 89 69 467641 34 0 0 5 0 45
594 G 494943 157 128 39 494545 0 0 0 16 58
595 T 490593 34 490347 80 16 0 14 0 0 102
596 C 492466 51 310 492006 17 0 0 4 0 78
597 T 521129 41 520560 438 10 0 25 0 0 55
598 A 504795 504606 58 8 78 8 0 0 0 37
599 G 507731 105 160 56 507248 0 0 0 19 143
600 C 503649 94 99 503394 19 0 0 13 0 30
601 A 501921 501115 124 360 202 11 0 0 0 109
602 G 520444 390 437 157 519370 0 0 0 28 62
603 T 466860 127 465907 425 179 0 7 0 0 215
604 G 509227 757 248 175 508005 0 0 0 5 37
605 A 510613 509231 983 143 188 11 0 0 0 57
606 T 509385 664 507814 613 224 0 5 0 0 65
607 G 540353 336 218 88 539643 0 0 0 16 52
608 A 530739 530154 77 165 283 5 0 0 0 55
609 G 541782 534 235 73 540875 0 0 0 13 52
610 C 543895 59 76 543640 36 0 0 20 0 64
611 A 521490 521244 50 40 80 4 0 0 0 72
612 A 528800 528528 55 24 94 15 0 0 0 84
613 C 528229 190 210 526958 835 0 0 6 0 30
614 A 508410 507289 482 361 224 10 0 0 0 44
615 G 477781 161 217 22 477328 0 0 0 17 36
616 A 457321 456591 175 66 399 12 0 0 0 78
617 G 455037 217 279 312 454177 0 0 0 4 48
618 T 438696 192 437391 289 182 0 6 0 0 636
619 C 455419 109 246 454953 34 0 1 11 0 65
620 T 403338 62 403098 78 39 0 7 0 0 54
621 C 430260 220 79 429543 383 0 0 9 0 26
622 T 391406 44 391149 80 6 0 12 0 0 115
623 A 394339 394174 32 20 55 8 0 0 0 50
624 T 399515 44 399261 82 28 0 21 0 0 79
625 A 384273 383206 434 75 518 4 0 0 0 36
626 G 392191 731 614 465 390327 0 0 0 11 43
627 T 376677 398 375218 558 206 0 18 0 0 279
628 A 328495 327554 102 326 477 9 0 0 0 27
629 A 334322 333298 460 205 321 9 0 0 0 29
630 T 319241 282 318215 249 463 0 3 0 0 29
631 G 320717 152 268 198 320068 0 0 0 16 15
632 G 311444 172 290 310 310652 0 0 0 2 18
633 A 309675 308925 471 121 121 3 0 0 0 34
634 A 316436 315396 176 409 421 2 0 0 0 32
635 A 312250 311688 193 178 150 7 0 0 0 34
636 T 311376 519 310588 102 128 0 3 0 0 36
637 G 325023 145 180 52 324597 0 0 0 5 44
638 C 324295 94 54 324069 53 0 0 3 0 22
639 T 321838 97 321596 83 33 0 4 0 0 25
640 T 324375 20 324055 137 135 0 9 0 0 19
641 A 323893 323762 24 6 64 5 0 0 0 32
642 T 328146 176 327856 38 21 0 6 0 0 49
643 G 259989 57 102 16 259794 0 0 0 4 16
644 T 290875 31 290668 50 4 0 9 0 0 113
645 C 292940 39 60 292749 36 0 0 14 0 42
646 T 283236 147 282757 111 154 0 3 0 0 64
647 C 294058 112 268 293530 72 0 1 20 0 55
648 T 289328 122 288740 360 83 0 3 0 0 20
649 G 305118 87 80 12 304894 0 0 0 17 28
650 T 306748 35 306566 41 7 0 6 0 0 93
651 A 294799 294652 15 7 74 5 0 0 0 46
652 G 303595 136 381 82 302941 0 0 0 12 43
653 C 267880 104 255 267196 295 0 0 6 0 24
654 G 272107 122 95 228 271617 0 0 0 9 36
655 T 259809 98 259488 67 53 0 2 0 0 101
656 C 246740 38 36 246540 101 0 0 4 0 21
657 T 246546 50 246239 204 43 0 4 0 0 6
658 T 249826 619 247978 907 299 0 2 0 0 21
659 C 282099 695 406 280312 658 0 0 5 0 23
660 A 282064 279984 992 435 620 3 0 0 0 30
661 A 293393 292671 141 80 453 10 0 0 0 38
662 A 300772 300132 131 98 382 11 0 0 0 18
663 T 300597 90 299828 509 139 0 10 0 0 21
664 T 312431 255 311694 308 129 0 12 0 0 33
665 A 311231 310372 311 315 189 0 0 0 0 44
666 T 317114 218 316296 286 281 0 17 0 0 16
667 A 316804 314741 876 523 643 5 0 0 0 16
668 A 290199 288550 1149 193 267 10 0 0 0 30
669 C 300411 627 599 298869 271 0 0 1 0 44
670 A 281406 280743 115 186 332 13 0 0 0 17
671 G 291616 255 256 101 290979 0 0 0 10 15
672 G 301793 314 347 119 300968 0 0 0 6 39
673 A 305485 305167 46 100 105 9 0 0 0 58
674 G 312615 162 188 11 312206 0 0 0 9 39
675 A 321636 321220 27 36 243 6 0 0 0 104
676 T 321564 275 320818 235 184 0 8 0 0 44
677 T 350037 215 349506 160 72 0 6 0 0 78
678 C 348765 249 329 347914 242 0 0 8 0 23
679 A 347005 343906 191 257 724 6 0 0 0 1921
680 C 362775 343 1960 360245 195 0 0 10 0 22
681 C 358233 1393 124 356027 663 0 0 8 0 18
682 C 356978 726 163 355723 332 0 0 6 0 28
683 C 351111 121 573 350126 255 0 0 10 0 26
684 G 365619 752 1078 453 363252 0 0 0 7 77
685 G 369751 801 815 593 367510 0 0 0 11 21
686 A 351801 349404 754 965 637 6 0 0 0 35
687 A 351717 349732 819 610 517 13 1 0 0 25
688 A 351021 349658 401 296 630 7 0 0 0 29
689 T 350761 163 350125 285 125 0 7 0 0 56
690 A 369326 367851 541 495 407 8 0 0 0 24
691 G 360593 893 862 477 358324 0 0 0 7 30
692 C 370158 396 2012 367352 336 0 0 14 0 48
693 T 325130 485 322984 759 860 0 3 0 0 39
694 G 322557 1739 2469 1008 317301 0 0 0 9 31
695 C 345628 2655 3282 338630 1030 0 0 2 0 29
696 A 322872 317875 2510 1510 949 8 0 0 0 20
697 A 323714 323220 68 193 172 5 0 0 0 56
698 G 326306 281 122 55 325825 0 0 0 3 20
699 G 364214 230 189 140 363544 0 0 0 22 89
700 C 362543 434 122 361768 173 0 0 5 0 41
701 C 363209 364 282 362217 300 0 0 7 0 39
702 C 372295 208 319 371258 448 0 0 9 0 53
703 A 370454 367934 241 1455 799 8 0 0 0 17
704 A 389758 386940 1812 529 421 17 0 0 0 39
705 A 388347 385896 788 756 873 9 0 0 0 25
706 G 418649 1180 435 332 416660 0 0 0 10 32
707 T 421100 175 420051 428 179 1 16 0 0 250
708 A 396427 395082 391 478 432 7 0 0 0 37
709 A 395798 393908 1324 280 260 13 0 0 0 13
710 G 381408 746 1419 331 378848 0 0 0 8 56
711 A 376656 375347 571 302 384 11 0 0 0 41
712 G 383807 191 145 42 383358 0 0 0 8 63
713 A 366960 366556 56 158 106 4 0 0 0 80
714 T 369587 202 368998 174 45 0 9 0 0 159
715 C 368976 309 112 368374 128 0 0 12 0 41
716 A 367609 366833 119 203 425 6 0 0 0 23
717 A 387555 386854 246 71 242 20 0 0 0 122
718 C 379230 2207 103 376781 87 1 0 14 0 37
719 A 374985 371827 1649 924 545 7 0 0 0 33
720 T 365311 448 363894 798 105 0 17 0 0 49
721 G 354352 71 76 19 354151 0 0 0 3 32
722 G 354822 75 62 16 354642 0 0 0 13 14
723 G 345639 65 166 10 345372 0 0 0 4 22
724 A 359474 359177 31 30 136 6 0 0 0 94
725 G 363540 97 142 7 363244 0 0 0 11 39
726 G 348571 74 137 28 348257 0 0 0 5 70
727 A 349195 348920 50 14 70 9 0 0 0 132
728 T 347033 54 346862 63 12 0 2 0 0 40
729 G 335953 100 154 50 335612 0 0 0 3 34
730 A 363037 362297 212 205 257 13 0 0 0 53
731 A 370591 369903 159 225 172 4 0 0 0 128
732 C 385126 182 401 384326 141 0 0 11 0 65
733 T 365920 85 365605 113 40 0 19 0 0 58
734 A 369443 369167 76 50 98 11 0 0 0 41
735 T 410139 98 409788 124 54 0 20 0 0 55
736 T 412996 87 412347 434 101 0 7 0 0 20
737 A 415280 414489 416 71 112 7 1 0 0 184
738 C 398466 122 145 398073 74 0 0 25 0 27
739 T 373879 43 373658 113 27 0 4 0 0 34
740 G 365909 77 65 23 365705 0 0 0 13 26
741 G 355674 72 69 31 355466 0 0 0 6 30
742 A 379133 377835 390 97 362 11 0 0 0 438
743 C 385445 300 287 384578 170 0 0 23 0 87
744 C 340489 160 416 339600 269 0 0 6 0 38
745 T 338695 392 337880 207 153 0 5 0 0 58
746 T 350910 39 350601 139 70 0 9 0 0 52
747 G 352145 487 221 214 351169 0 0 0 10 44
748 C 348925 131 285 348194 287 0 0 4 0 24
749 T 369909 29 369760 84 4 0 6 0 0 26
750 A 367101 366422 176 183 270 6 0 0 0 44
751 G 389691 1375 431 324 387519 0 0 0 14 28
752 A 395758 393227 709 443 1347 11 0 0 0 21
753 A 384566 382961 310 550 321 6 0 0 0 418
754 C 393837 43 71 393565 104 0 0 18 0 36
755 C 366110 181 47 365770 83 0 0 9 0 20
756 C 372932 140 293 371990 483 0 0 11 0 15
757 G 373214 302 210 108 372566 0 0 0 5 23
758 G 376399 251 276 124 375719 0 0 0 4 25
759 A 379777 378616 195 87 790 11 0 0 0 78
760 G 379575 107 597 175 378634 0 0 0 3 59
761 A 391038 389862 88 795 192 9 0 0 0 92
762 C 406257 268 66 405438 397 0 0 12 0 76
763 A 397712 396775 112 259 333 5 0 0 0 228
764 C 434280 304 152 433284 464 0 0 13 0 63
765 A 432810 431216 217 1116 225 8 0 0 0 28
766 A 422159 420925 326 414 447 8 0 0 0 39
767 T 422117 82 421866 79 38 0 26 0 0 26
768 A 420312 419113 178 282 697 10 0 0 0 32
769 A 448893 446549 1113 469 699 14 0 0 0 49
770 T 450213 678 448219 814 439 0 15 0 0 48
771 A 445037 442662 912 750 626 20 0 0 0 67
772 T 441997 166 441496 182 75 0 24 0 0 54
773 T 388336 75 388054 135 31 0 8 0 0 33
774 T 388045 215 387279 255 212 0 6 0 0 78
775 G 370484 112 142 76 370114 0 0 0 8 32
776 A 368246 367903 43 34 186 9 0 0 0 71
777 G 369369 52 111 37 369137 0 0 0 6 26
778 G 367074 76 109 31 366833 0 0 0 2 23
779 C 392121 48 87 391896 39 0 0 5 0 46
780 A 392690 392443 67 21 120 6 0 0 0 33
781 A 390785 389864 410 155 253 1 0 0 1 101
782 C 423534 190 301 422777 207 0 0 7 0 52
783 T 418796 255 417552 717 233 0 9 0 0 30
784 G 390805 85 146 54 390488 0 0 0 8 24
785 G 389110 80 127 82 388792 0 0 0 12 17
786 T 394796 80 392906 962 128 0 3 0 0 717
787 A 397789 397589 47 14 104 9 0 0 0 26
788 A 417639 417443 47 35 72 9 0 0 0 33
789 T 441610 75 441209 227 15 0 22 0 0 62
790 C 442108 76 247 441684 38 0 0 14 0 49
791 T 444787 79 444368 138 136 0 21 0 0 45
792 A 442516 442085 47 54 266 9 0 0 0 55
793 A 442435 441140 321 563 391 5 0 0 0 15
794 T 442404 66 442140 84 6 0 18 0 0 90
795 A 411062 410098 299 486 146 5 0 0 0 28
796 G 408145 92 213 36 407749 0 0 0 12 43
797 C 404602 41 44 404372 68 0 0 9 0 68
798 A 405407 404532 84 48 121 5 0 0 0 617
799 C 410255 27 43 410089 15 0 0 10 0 71
800 C 394538 60 53 394325 57 0 0 6 0 37
801 A 395840 395320 93 142 203 8 0 0 0 74
802 T 400068 195 399291 341 210 0 5 0 0 26
803 G 388346 289 697 91 387249 0 0 0 10 10
804 G 392159 110 406 167 391430 0 0 0 16 30
805 T 378270 105 377109 398 49 0 14 0 0 595
806 A 379839 379546 120 40 78 20 0 0 0 35
807 T 376880 83 376389 339 47 0 2 0 0 20
808 G 394935 131 274 39 394454 0 0 0 15 22
809 C 416401 65 52 415861 355 0 0 17 0 51
810 T 384217 81 383149 729 180 0 14 0 0 64
811 T 368162 44 367807 271 13 0 9 0 0 18
812 T 369122 183 368716 90 79 0 13 0 0 41
813 C 320321 31 317 319849 84 0 0 4 0 36
814 G 327120 888 223 270 325696 0 0 0 11 32
815 C 313727 94 276 313189 144 0 0 4 0 20
816 A 313881 313007 222 198 323 7 0 0 0 124
817 C 324772 108 95 324322 176 0 0 8 0 63
818 T 315649 27 315380 152 54 0 0 0 0 36
819 G 393603 169 242 252 392829 0 0 0 23 88
820 A 398985 396168 343 659 1723 18 0 0 0 74
821 G 408361 682 2022 411 405215 0 0 0 7 24
822 T 477159 625 473761 2002 286 0 27 0 0 458
823 A 475245 474557 201 338 100 7 0 0 0 42
824 G 494340 414 214 128 493516 0 0 0 38 30
825 A 506332 505339 294 215 416 13 0 0 0 55
826 G 519096 699 967 436 516916 0 0 0 18 60
827 G 525704 449 411 1301 523446 0 0 0 35 62
828 G 455879 782 431 879 453657 0 0 1 13 116
829 T 443850 1813 438366 1906 1315 2 10 0 0 438
830 T 557192 2188 550365 3018 1583 0 6 0 0 32
831 T 548193 2365 541920 3181 680 0 11 2 0 34
832 G 558292 1558 1525 1824 553334 0 0 0 10 41
833 A 556063 551946 1270 829 1967 10 0 0 0 41
834 G 577704 2696 1308 1770 571863 1 0 0 11 55
835 T 563579 686 562016 459 129 0 7 0 0 282
836 C 563400 827 219 562251 43 0 0 12 0 48
837 C 556139 165 518 555268 127 0 0 8 0 53
838 G 565708 463 306 109 564765 0 0 0 10 55
839 G 566794 252 215 303 565984 0 1 0 10 29
840 C 564514 192 243 563816 180 0 0 22 0 61
841 A 565015 564406 121 251 161 16 0 0 0 60
842 T 584073 85 583667 149 41 0 13 0 0 118
843 C 583107 276 551 582129 65 0 0 13 0 73
844 A 590908 590555 80 67 121 5 0 0 0 80
845 T 584801 117 584460 105 24 0 14 0 0 81
846 C 591325 96 114 590970 66 0 0 13 0 66
847 A 582160 578702 591 793 674 6 0 0 0 1394
848 C 605337 376 1358 603293 236 0 0 20 0 54
849 C 604652 1014 1333 601832 346 0 0 14 0 113
850 T 590121 1097 588403 252 198 0 7 0 0 164
851 C 588405 229 269 587314 524 0 0 27 1 41
852 A 604767 603121 469 578 550 13 0 0 0 36
853 A 601144 598075 569 564 1906 14 0 0 0 16
854 A 604387 600879 1912 998 459 16 0 0 0 123
855 C 599773 990 988 596298 1441 1 1 14 0 40
856 G 598254 1095 991 365 595720 0 0 0 25 58
857 C 534535 645 1021 532623 184 0 0 16 0 46
858 G 516305 648 398 280 514934 0 0 0 6 39
859 T 525916 531 523832 893 522 0 4 0 0 134
860 C 525135 486 825 523621 152 0 0 7 0 44
861 A 539325 538002 277 343 675 7 0 0 0 21
862 A 570169 568181 1052 376 449 22 0 0 0 89
863 T 559260 474 557852 561 315 0 13 0 0 45
864 G 569282 1065 556 1185 566397 0 0 0 14 65
865 C 570825 380 424 569655 287 0 0 29 0 50
866 A 547710 546572 324 361 394 10 0 0 0 49
867 T 546891 352 545773 541 155 0 14 0 0 56
868 G 367334 475 248 357 366221 0 0 0 6 27
869 A 366496 365726 149 426 137 21 0 0 0 37
870 G 412600 326 329 405 411433 0 0 0 25 82
871 T 397264 45 396808 81 30 0 16 0 0 284
872 G 404790 133 170 24 404383 0 0 0 16 64
873 T 395544 46 395073 263 33 0 24 0 0 105
874 A 395807 395220 158 98 305 4 0 0 0 22
875 A 374826 374298 64 178 214 26 0 0 0 46
876 C 367883 99 870 366798 55 0 0 6 0 55
877 A 362259 361810 91 17 197 11 0 0 0 133
878 C 361079 43 154 360752 35 0 0 17 0 78
879 G 326865 167 416 189 326023 0 0 0 4 66
880 A 327723 326081 582 394 634 6 0 0 0 26
881 A 324226 322582 353 1011 205 5 0 0 0 70
882 G 343024 431 645 746 341156 0 0 0 5 41
883 T 333215 38 332762 64 22 0 8 0 0 321
884 G 343355 68 100 29 343109 0 0 0 2 47
885 T 341135 55 340751 168 19 0 12 0 0 130
886 C 347227 47 63 347064 26 0 0 3 0 24
887 A 338622 338429 25 11 125 4 0 0 0 28
888 A 350770 350649 25 12 51 14 0 0 0 19
889 A 392835 392501 66 67 137 10 0 0 0 54
890 C 396484 65 53 395997 293 0 0 14 0 62
891 A 373839 372005 310 88 104 11 0 0 0 1321
892 C 429678 64 87 429399 38 0 0 23 0 67
893 C 420631 58 39 420458 34 0 0 10 0 32
894 C 427175 92 58 426631 367 0 0 6 0 21
895 C 420162 1705 615 417491 311 0 0 14 0 26
896 A 423950 421233 1033 896 759 6 0 0 0 23
897 G 390433 602 886 685 388216 0 0 0 13 31
898 G 392052 54 220 45 391679 0 0 0 4 50
899 G 424953 119 69 153 424538 0 0 0 19 55
900 A 424921 424314 45 53 341 9 1 0 0 158
901 G 436846 178 283 128 436186 0 0 0 11 60
902 C 450033 111 153 449593 118 0 0 10 0 48
903 T 446456 152 445859 256 159 0 9 0 0 21
904 A 611687 611134 177 118 141 40 0 0 0 77
905 T 610138 254 609595 191 57 0 10 0 0 31
906 A 638052 637331 177 249 235 22 0 0 0 38
907 A 637524 635259 494 334 1349 27 0 0 1 60
908 A 609855 607521 682 1038 493 16 0 0 0 105
909 C 617430 640 593 615165 896 0 0 24 0 112
910 A 564105 563217 55 73 688 6 0 0 0 66
911 G 565413 211 176 74 564890 0 0 0 13 49
912 C 566268 119 214 565625 229 0 0 11 0 70
913 A 546550 544480 173 300 1551 16 0 0 0 30
914 A 545941 543817 158 653 1246 10 0 0 1 56
915 T 540468 562 538448 1299 29 0 13 0 0 117
916 C 547378 177 357 546742 61 0 0 16 0 25
917 T 546113 94 545275 428 194 0 4 0 0 118
918 C 542200 147 225 541667 126 0 0 8 0 27
919 C 492147 68 57 491912 55 0 0 4 0 51
920 C 489012 80 72 488695 27 0 0 9 0 129
921 T 486847 75 486489 169 78 0 9 0 0 27
922 T 490790 54 490494 108 25 0 7 0 0 102
923 T 486409 43 486174 124 27 0 11 0 0 30
924 C 489486 44 125 489185 44 0 0 7 0 81
925 C 486496 70 99 486262 35 0 0 13 0 17
926 A 482884 482583 43 34 149 7 0 0 0 68
927 G 488349 246 136 33 487878 0 0 0 11 45
928 A 488135 487862 50 32 154 7 0 0 0 30
929 A 514014 513561 123 77 109 17 0 0 0 127
930 T 516310 128 515840 270 16 0 9 0 0 47
931 A 478614 478205 133 34 186 19 0 0 0 37
932 T 480571 206 480090 110 96 0 20 0 0 49
933 A 461747 460966 129 164 204 7 0 0 0 277
934 C 477007 236 372 475964 392 0 0 18 0 25
935 A 465364 463287 67 838 170 5 0 0 0 997
936 C 468555 68 524 467827 103 0 0 10 0 23
937 C 450283 195 85 449859 55 0 0 26 0 63
938 C 393504 186 66 392913 298 0 0 8 0 33
939 A 390539 389955 58 244 230 1 0 0 0 51
940 G 392274 716 494 619 390415 0 0 0 3 27
941 T 309153 938 307540 288 283 0 3 0 0 101
942 C 314421 342 773 313175 107 0 0 8 0 16
943 A 305163 304207 419 119 297 7 0 0 0 114
944 C 365414 310 206 364601 234 0 0 19 0 44
945 A 359751 358765 327 307 320 14 0 0 0 18
946 A 372809 372301 109 54 291 10 0 0 0 44
947 T 378568 86 378261 95 50 0 26 0 0 50
948 A 330108 329611 124 158 197 2 0 0 0 16
949 G 356952 97 189 32 356591 0 0 0 20 23
950 G 374340 104 112 52 374039 0 0 0 10 23
951 A 377325 376893 62 80 229 11 0 0 0 50
952 G 454979 1310 944 197 452422 0 0 0 14 92
953 A 413292 411274 408 858 690 8 0 0 0 54
954 G 417083 888 849 433 414839 0 0 0 3 71
955 T 409977 47 409172 68 66 0 3 0 0 621
956 G 428496 170 149 72 428062 0 0 0 5 38
957 C 462959 85 353 462347 103 0 0 3 0 68
958 C 469673 42 95 469416 85 0 0 4 0 31
959 C 476340 69 114 476047 51 0 0 7 0 52
960 A 489390 488975 59 142 187 3 0 0 0 24
961 A 501632 501016 182 170 213 11 0 0 0 40
962 A 507216 505857 465 180 680 10 0 0 0 24
963 A 510014 509027 285 104 577 4 0 0 0 17
964 T 524974 112 524658 91 42 0 17 0 0 54
965 A 520525 519982 334 49 122 12 0 0 0 26
966 T 525371 81 524825 376 48 0 12 0 0 29
967 G 524770 1396 158 79 523074 0 0 0 17 46
968 T 528887 117 528385 167 66 0 12 0 0 140
969 C 532602 446 389 531646 68 0 0 11 0 42
970 A 518690 517681 105 517 246 14 0 0 0 127
971 G 517521 458 330 176 516514 0 0 0 10 33
972 G 519028 320 208 244 518096 0 0 0 16 144
973 A 512081 511295 434 72 207 11 0 0 0 62
974 G 519684 206 147 368 518841 0 0 1 17 104
975 T 510038 271 507726 308 164 0 6 0 0 1563
976 A 509640 507941 264 267 563 13 0 0 0 592
977 C 507823 289 590 506446 439 0 0 19 0 40
978 C 503649 489 281 502324 513 0 0 8 0 34
979 A 504737 503563 80 82 970 8 0 0 0 34
980 A 505545 504314 58 965 170 4 0 0 0 34
981 A 510893 509671 199 78 922 7 0 0 0 16
982 T 510647 195 509833 504 53 0 9 0 0 53
983 T 492359 82 492060 131 50 0 2 0 0 34
984 G 494724 279 404 184 493787 0 0 0 11 59
985 A 477234 476753 95 170 181 2 0 0 0 33
986 G 479093 120 95 79 478755 0 0 0 3 41
987 G 478800 174 82 92 478421 0 0 0 11 20
988 A 450759 450390 96 46 136 7 0 0 0 84
989 T 447463 54 447205 78 33 0 7 0 0 86
990 G 494393 145 107 49 493976 0 0 0 18 98
991 G 489731 116 81 46 489444 0 0 0 13 31
992 T 511118 91 510071 660 48 0 10 0 0 238
993 T 337702 277 337170 91 129 0 5 0 0 30
994 A 339255 338994 42 27 100 3 0 0 0 89
995 C 324819 48 135 324566 18 0 0 21 0 31
996 A 325015 324212 59 109 594 4 0 0 0 37
997 G 345555 60 116 7 345316 0 0 0 20 36
998 G 341402 100 91 19 341124 0 0 0 6 62
999 A 333311 332905 44 43 150 10 0 0 0 159
1000 C 338755 53 94 338444 104 0 0 15 0 45
1001 T 320956 34 320774 92 15 0 5 0 0 36
1002 A 323773 323469 77 24 164 4 0 0 0 35
1003 A 323449 323308 25 19 54 5 0 0 0 38
1004 G 329630 98 90 9 329386 0 0 0 8 39
1005 A 321733 321580 18 10 75 13 0 0 0 37
1006 A 318866 318747 24 14 50 2 0 0 0 29
1007 A 316961 316778 20 17 43 3 0 0 0 100
1008 C 319036 38 120 318819 19 0 0 0 0 40
1009 A 314746 314052 129 111 402 8 0 0 0 44
1010 T 308714 285 307778 331 234 0 7 0 0 79
1011 C 307030 117 372 306169 343 0 0 9 0 20
1012 C 321665 63 270 321179 115 0 0 8 0 30
1013 C 312946 402 85 312375 43 0 0 10 0 31
1014 A 310913 310420 276 92 80 9 0 0 0 36
1015 T 305595 202 304487 436 373 0 5 0 0 92
1016 C 308356 79 236 307586 430 0 0 12 0 13
1017 C 307919 470 247 306951 214 0 0 6 0 31
1018 A 343731 343071 85 382 90 15 0 0 0 88
1019 T 345462 143 344997 75 200 0 14 0 0 33
1020 T 345779 266 345141 170 137 0 4 0 0 61
1021 C 352629 131 86 352297 59 0 0 16 0 40
1022 A 352866 352553 35 96 161 5 0 0 0 16
1023 A 360781 360513 81 42 80 30 0 0 0 35
1024 T 361037 159 360632 174 36 0 11 0 0 25
1025 A 388942 388333 215 76 161 9 0 0 0 148
1026 C 398840 214 363 398090 72 0 0 22 0 79
1027 A 374118 373777 56 177 69 0 0 0 0 39
1028 G 371679 476 129 113 370928 0 0 0 17 16
1029 A 364588 363905 128 59 423 4 0 0 0 69
1030 G 440229 81 125 24 439891 0 0 0 32 76
1031 G 462240 120 106 92 461871 0 0 0 18 33
1032 T 438370 126 436878 107 67 0 6 0 0 1186
1033 C 443213 495 202 442284 166 0 0 23 0 43
1034 T 446356 47 446094 155 34 0 4 0 0 22
1035 A 477384 476788 168 136 195 26 0 0 0 71
1036 T 500663 86 500246 204 89 0 10 0 0 28
1037 T 500420 48 500226 82 13 0 14 0 0 37
1038 T 494885 132 494425 155 61 0 33 0 0 79
1039 G 435537 238 279 168 434816 0 0 0 15 21
1040 G 442040 252 178 220 441355 0 0 0 10 25
1041 A 435206 434523 173 132 284 6 0 0 0 88
1042 G 440444 87 109 26 440193 1 0 0 5 23
1043 C 441431 43 184 441086 36 0 0 8 0 74
1044 C 428223 172 96 427849 48 0 0 15 0 43
1045 A 430991 430405 80 34 361 5 0 0 0 106
1046 T 428448 46 428188 93 33 0 6 0 0 82
1047 T 431738 136 431277 73 220 0 8 0 0 24
1048 G 430848 202 295 84 430230 0 0 0 2 35
1049 C 443661 75 109 443319 90 0 0 7 0 61
1050 T 445292 395 444088 526 213 0 7 0 0 63
1051 G 449812 113 96 23 449508 0 0 0 11 61
1052 G 509147 79 136 53 508804 0 0 0 19 56
1053 T 502523 97 501687 163 266 0 14 0 0 296
1054 T 501396 52 501027 154 125 0 8 0 0 30
1055 T 498731 77 498330 165 115 0 18 0 0 26
1056 T 506476 203 505914 192 123 0 13 0 0 31
1057 A 515218 514274 252 164 429 20 0 0 0 79
1058 T 512703 221 512163 130 68 0 9 0 0 112
1059 T 510718 136 509798 427 307 0 18 0 0 32
1060 G 518098 309 321 58 517340 0 0 0 17 53
1061 A 472643 471806 113 53 524 3 0 0 0 144
1062 G 471511 379 111 66 470919 0 0 0 14 22
1063 G 471667 129 125 116 471246 0 0 0 9 42
1064 G 470215 163 141 76 469802 0 0 0 7 26
1065 G 475855 281 443 120 474925 0 0 0 12 74
1066 G 461790 144 161 45 461393 0 0 0 10 37
1067 G 404859 325 73 68 404338 0 0 0 10 45
1068 A 401400 399821 303 27 987 12 0 0 1 249
1069 T 397446 294 396755 101 215 1 2 0 0 78
1070 G 392224 159 293 44 391614 0 0 0 13 101
1071 G 396011 217 100 99 395542 0 0 0 6 47
1072 A 355160 353883 151 649 332 3 0 0 0 142
1073 C 355466 271 489 354557 97 0 0 18 0 34
1074 T 333944 395 332694 772 34 0 8 0 0 41
1075 G 331385 121 79 65 331088 0 0 0 7 25
1076 G 338127 120 91 122 337745 0 0 0 11 38
1077 A 334060 333714 102 83 94 4 0 0 0 63
1078 A 336077 334722 865 346 97 13 0 0 0 34
1079 T 265593 46 265444 51 19 0 5 0 0 28
1080 G 301818 843 153 77 300699 0 0 0 6 40
1081 A 310804 309153 314 671 639 8 0 0 0 19
1082 T 308756 786 307146 481 305 0 3 0 0 35
1083 A 306625 304300 878 507 903 12 0 0 1 24
1084 G 276692 54 133 27 276450 0 0 0 5 23
1085 A 330353 330153 48 16 85 6 0 0 0 45
1086 T 330932 60 330705 80 39 0 6 0 0 42
1087 G 347997 113 136 25 347692 0 1 0 12 18
1088 G 358359 82 76 51 358125 0 0 0 5 20
1089 A 374831 374327 138 83 160 11 0 0 0 112
1090 T 392329 80 392105 61 22 0 8 0 0 53
1091 G 391746 189 189 45 391294 0 0 0 7 22
1092 G 459249 106 159 90 458824 0 0 0 26 44
1093 T 454657 68 453855 95 32 0 10 0 0 597
1094 A 451939 451660 79 20 104 15 0 0 0 61
1095 T 445912 57 445694 80 27 0 15 0 0 39
1096 G 458324 63 163 38 458020 0 0 0 11 29
1097 G 468542 127 112 12 468239 0 0 0 22 30
1098 T 471288 50 470340 468 171 0 5 0 0 254
1099 T 468673 63 468443 89 22 0 22 0 0 34
1100 A 465685 465344 81 13 115 21 0 0 0 111
1101 T 424173 52 423470 540 50 0 5 0 0 56
1102 C 425077 57 387 424545 47 0 0 15 0 26
1103 A 426334 425852 212 43 151 4 0 0 0 72
1104 T 425440 98 424911 279 69 0 14 0 0 69
1105 C 419565 356 246 418815 63 0 0 12 0 73
1106 A 405680 405012 301 127 176 8 0 0 0 56
1107 T 406507 90 406021 181 154 0 12 0 0 49
1108 C 409012 437 577 407669 276 0 0 5 0 48
1109 A 403716 402567 265 506 336 7 0 0 0 35
1110 G 410107 575 435 44 408989 0 0 0 10 54
1111 A 408121 407911 32 11 129 9 0 0 0 29
1112 A 407639 407425 63 23 80 16 0 0 0 32
1113 T 409927 76 409552 215 31 0 7 0 0 46
1114 G 399812 120 248 26 399376 0 0 0 8 34
1115 A 393823 393318 48 293 120 7 0 0 0 37
1116 A 394760 394074 88 257 272 8 0 0 0 61
1117 C 395574 42 106 395315 54 0 0 10 0 47
1118 A 390652 390372 91 40 105 3 0 0 0 41
1119 G 364417 75 132 60 364113 0 0 0 10 27
1120 G 374341 112 101 21 374027 0 0 0 8 72
1121 G 379598 91 60 30 379365 0 0 0 14 38
1122 A 386776 386358 156 60 123 2 0 0 0 77
1123 T 379217 361 378108 123 535 0 10 0 0 80
1124 C 366729 417 224 365921 126 0 0 6 0 35
1125 A 375537 374236 162 163 845 18 0 0 0 113
1126 G 394598 169 172 89 394143 0 0 0 10 15
1127 G 398149 127 189 72 397721 0 0 0 9 31
1128 C 395782 169 131 395248 121 0 0 42 0 71
1129 T 397049 50 396846 95 30 0 3 0 0 25
1130 A 396576 396206 191 22 92 23 0 0 0 42
1131 T 447422 87 446986 230 30 0 21 0 0 68
1132 G 452225 476 475 97 451127 0 0 0 22 28
1133 C 445844 129 806 444628 175 0 0 36 0 70
1134 A 358853 357657 342 454 327 13 0 0 0 60
1135 G 380869 98 113 43 380584 0 0 0 8 23
1136 C 360238 61 155 359880 97 0 0 4 0 41
1137 G 356490 166 217 82 355987 0 0 0 4 34
1138 G 367644 178 85 43 367286 0 0 0 11 41
1139 A 345797 345262 181 26 257 3 0 0 0 68
1140 T 361632 271 361002 262 28 0 5 0 0 64
1141 C 354767 651 684 352610 786 0 0 7 0 29
1142 A 388042 385820 1072 764 342 3 0 0 0 41
1143 A 391608 389646 795 577 566 11 0 0 0 13
1144 A 392105 389498 145 1425 1014 5 0 0 0 18
1145 A 398043 395884 372 783 975 3 0 0 0 26
1146 A 391848 389684 550 214 1355 9 0 0 0 36
1147 A 387481 386924 168 29 307 8 0 0 0 45
1148 G 400265 206 107 359 399529 0 0 0 13 51
1149 C 397611 132 182 397104 128 0 0 12 0 53
1150 A 402312 401711 162 150 98 7 0 0 0 184
1151 C 406743 92 92 406389 105 0 0 15 0 50
1152 A 408209 407089 167 158 555 7 0 0 0 233
1153 C 415880 121 116 415306 240 0 0 13 0 84
1154 A 413235 412812 63 155 141 10 0 0 0 54
1155 A 415749 415275 100 87 220 11 0 0 0 56
1156 A 414742 413313 311 358 709 16 0 0 0 35
1157 A 411743 410249 576 291 587 3 0 0 0 37
1158 T 410612 516 409214 548 248 0 10 0 0 76
1159 G 403579 104 125 64 403231 0 0 0 12 43
1160 C 398793 63 82 398562 40 0 0 12 0 34
1161 C 395888 141 148 395471 94 0 0 14 0 20
1162 A 375636 375076 112 67 302 7 0 0 0 72
1163 T 362317 63 362129 42 45 0 6 0 0 32
1164 T 356452 105 355990 170 161 0 5 0 0 21
1165 A 354442 353322 646 224 216 6 0 0 0 28
1166 A 350823 348906 481 1150 204 6 0 0 0 76
1167 C 351371 424 596 350080 242 0 0 9 0 20
1168 G 332166 924 806 500 329891 0 0 0 13 32
1169 G 288213 392 1299 587 285888 0 0 0 6 41
1170 G 285405 446 725 518 283685 0 0 0 7 24
1171 A 279842 279448 30 17 245 7 0 0 0 95
1172 T 291990 31 291871 50 5 0 8 0 0 25
1173 T 289487 75 289139 184 66 0 1 0 0 22
1174 A 238251 237394 180 224 376 18 0 0 0 59
1175 C 266944 334 159 266192 229 0 0 6 0 24
1176 A 254054 253042 515 342 128 8 0 0 0 19
1177 A 261206 260862 85 125 107 10 0 0 0 17
1178 A 253063 252520 93 167 229 11 0 0 0 43
1179 C 239962 111 168 239500 138 0 0 5 0 40
1180 A 236934 236566 83 200 68 3 0 0 0 14
1181 A 241116 240751 50 23 263 1 0 0 0 28
1182 G 293435 166 103 42 293093 0 0 0 9 22
1183 G 294799 264 94 123 294287 0 0 0 8 23
1184 T 289111 76 288411 73 69 0 4 0 0 478
1185 G 298612 357 237 138 297838 0 0 0 7 35
1186 A 307601 307301 76 111 83 2 0 0 0 28
1187 A 311781 311291 91 82 97 10 0 0 0 210
1188 C 330691 74 132 330376 71 0 0 14 0 24
1189 T 331139 72 330842 86 40 0 5 0 0 94
1190 C 345111 61 48 344807 120 0 0 21 0 54
1191 T 340115 56 339687 302 43 0 8 0 0 19
1192 G 345091 130 107 14 344799 0 0 0 8 33
1193 T 344729 70 344504 36 31 0 15 0 0 73
1194 T 352385 77 352160 92 33 0 9 0 0 14
1195 A 353085 352801 38 35 84 10 0 0 0 117
1196 T 352214 39 352051 62 17 0 4 0 0 41
1197 C 347889 58 194 347509 62 0 0 11 0 55
1198 G 348952 175 152 221 348369 0 0 0 5 30
1199 A 342470 342013 42 87 253 4 0 0 0 71
1200 G 341757 159 159 86 341313 0 0 0 11 29
1201 A 338416 337993 28 101 264 3 0 0 0 27
1202 A 333989 333477 201 114 137 10 0 0 0 50
1203 A 336924 336468 101 92 236 8 0 0 0 19
1204 A 341318 340990 143 107 57 8 0 0 0 13
1205 T 341897 77 341661 64 46 0 3 0 0 46
1206 G 340223 92 185 88 339813 0 0 0 8 37
1207 A 338818 338462 63 78 169 2 0 0 0 44
1208 A 334085 333701 69 147 113 5 0 0 0 50
1209 C 328713 52 278 328245 98 0 0 6 0 34
1210 A 328810 327700 128 302 267 4 0 1 0 408
1211 C 327276 143 252 326625 237 0 0 3 0 16
1212 T 321124 377 320072 181 404 0 5 0 0 85
1213 C 318800 66 142 318142 419 0 0 11 0 20
1214 A 314682 313906 155 64 518 9 0 0 0 30
1215 A 329753 328940 127 104 488 6 0 0 0 88
1216 T 329396 78 329059 104 122 0 6 0 0 27
1217 T 331603 159 331155 119 100 0 3 0 0 67
1218 C 293063 89 171 292655 97 0 0 19 0 32
1219 A 281937 281204 118 409 99 1 0 0 0 106
1220 C 246492 225 73 245884 276 0 0 6 0 28
1221 A 237174 236272 54 329 503 2 0 0 0 14
1222 G 239102 799 148 48 238049 0 0 0 4 54
1223 C 237441 67 1080 236192 62 0 0 18 0 22
1224 T 183589 98 182475 55 939 0 5 0 0 17
1225 G 185052 57 123 209 184641 0 0 0 10 12
1226 T 171654 41 171158 76 312 0 4 0 0 63
1227 G 173227 105 331 140 172631 0 0 0 3 17
1228 G 166872 195 210 50 166406 0 0 0 4 7
1229 G 163932 96 86 196 163525 0 0 0 10 19
1230 T 159072 180 158384 94 183 0 18 0 0 213
1231 A 122909 122625 30 46 189 4 0 0 0 15
1232 A 127982 127692 81 52 148 6 0 0 0 3
1233 A 127831 127481 87 34 220 1 0 0 0 8
1234 G 126821 174 118 115 126386 0 0 0 6 22
1235 A 120250 119557 439 78 161 5 0 0 0 10
1236 A 108845 108252 317 123 141 2 0 0 0 10
1237 T 104261 11 104202 19 7 0 3 0 0 19
1238 T 105208 39 105120 18 12 0 2 0 0 17
1239 C 105708 16 55 105618 7 0 0 2 0 10
1240 A 105556 105343 27 14 159 4 0 0 0 9
1241 A 102485 102276 18 42 126 3 0 0 0 20
1242 C 113003 29 93 112820 47 0 0 3 0 11
1243 A 110608 110134 115 101 233 1 0 0 0 24
1244 A 117255 116688 246 84 191 2 0 0 0 44
1245 C 117590 92 226 117001 253 0 0 3 0 15
1246 T 119177 71 119027 52 19 0 0 0 0 8
1247 T 118873 53 118765 21 20 0 4 0 0 10
1248 A 119428 119204 62 34 117 2 0 0 0 9
1249 G 129239 102 34 4 129070 0 0 0 3 26
1250 A 131778 131711 6 0 39 2 0 0 0 20
1251 A 151408 151348 5 4 42 3 0 0 0 6
1252 A 150510 150402 48 17 17 8 0 0 0 18
1253 A 141283 141167 38 20 47 1 0 0 0 10
1254 A 141697 141559 46 18 60 3 0 0 0 11
1255 A 141077 140834 8 9 212 1 0 0 0 13
1256 G 145720 179 23 22 145484 0 0 0 4 8
1257 G 144461 89 24 6 144329 0 0 0 3 10
1258 A 132292 132048 42 12 153 4 0 0 0 33
1259 T 143153 36 143057 21 16 0 1 0 0 22
1260 G 140716 74 161 8 140449 0 0 0 2 22
1261 G 144832 58 36 20 144696 0 0 0 6 16
1262 A 142959 142812 16 4 94 2 0 0 0 31
1263 A 146250 146142 26 11 52 3 0 0 0 16
1264 A 135088 134974 30 11 55 3 0 0 0 15
1265 A 139081 138958 29 42 36 3 0 0 0 13
1266 T 136303 27 136199 27 29 0 4 0 0 17
1267 T 136129 9 136084 21 3 0 2 0 0 10
1268 T 149710 21 149634 35 2 0 5 0 0 13
1269 A 148001 147917 34 5 28 1 0 0 0 16
1270 A 148885 148791 44 10 26 2 0 0 0 12
1271 A 142498 142387 51 5 34 1 0 0 0 20
1272 T 146187 84 146017 28 15 0 4 0 0 39
1273 A 149541 149310 74 117 23 3 0 0 0 14
1274 A 148745 148466 41 39 186 4 0 0 0 9
1275 A 149612 149383 45 45 130 3 0 0 0 6
1276 A 140414 140345 5 29 23 3 0 0 0 9
1277 A 141092 140982 13 17 52 5 0 0 0 23
1278 A 142788 142580 22 11 162 1 0 0 0 12
1279 G 151399 127 48 19 151156 0 0 0 5 44
1280 T 151765 20 151603 24 26 0 4 0 0 88
1281 T 150665 20 150553 48 27 0 2 0 0 15
1282 G 161620 89 68 23 161416 0 0 0 2 22
1283 A 145620 145477 33 50 35 6 0 0 0 19
1284 T 146936 43 146780 43 39 0 3 0 0 28
1285 G 144698 68 49 25 144541 0 0 0 4 11
1286 A 141371 141252 25 14 43 3 0 0 0 34
1287 T 143298 17 143194 53 17 0 6 0 0 11
1288 G 140447 54 58 7 140295 0 0 0 0 33
1289 G 142888 37 53 15 142773 0 0 0 3 7
1290 G 149164 43 39 9 149053 0 0 0 2 18
1291 T 149500 11 149264 21 13 0 3 0 0 188
1292 T 150616 8 150565 19 9 0 2 0 0 13
1293 T 131742 13 131667 30 7 0 2 0 0 23
1294 C 130951 40 52 130836 16 0 0 1 0 6
1295 T 131108 44 130958 57 36 0 3 0 0 10
1296 G 131781 50 83 92 131543 0 0 0 3 10
1297 G 129668 54 71 4 129530 0 0 0 1 8
1298 A 110598 110440 15 50 40 0 0 0 0 53
1299 C 115540 33 93 115373 20 0 0 1 0 20
1300 A 111749 111639 16 34 33 6 0 0 0 21
1301 T 120210 6 120170 15 7 0 4 0 0 8
1302 T 119154 10 119035 51 41 0 2 0 0 15
1303 T 119616 11 119568 21 11 0 1 0 0 4
1304 G 118779 34 32 7 118697 0 0 0 3 6
1305 G 113456 25 28 9 113384 0 0 0 1 9
1306 A 115047 114911 15 24 44 2 0 0 0 51
1307 C 130799 41 30 130675 26 0 0 2 0 25
1308 A 146051 145934 28 13 50 7 0 0 0 19
1309 T 153620 18 153543 29 13 0 7 0 0 10
1310 A 154025 153922 25 17 32 3 0 0 0 26
1311 T 156777 30 156675 49 7 0 7 0 0 9
1312 A 155442 155289 23 85 32 1 0 0 0 12
1313 A 167686 167573 37 18 44 4 0 0 0 10
1314 T 164355 51 164211 34 40 0 2 0 0 17
1315 G 166983 181 46 23 166713 0 0 0 4 16
1316 C 166986 147 162 166626 26 0 0 5 0 20
1317 A 159668 159392 144 19 92 1 0 0 0 20
1318 G 176590 37 49 11 176462 0 0 0 2 29
1319 A 175493 175419 13 5 27 0 0 0 0 29
1320 A 177572 177485 17 2 45 1 0 0 0 22
1321 T 176590 27 176482 32 17 0 6 0 0 26
1322 T 174563 19 174480 33 19 0 2 0 0 10
1323 G 176094 61 77 21 175922 0 0 0 6 7
1324 T 244979 103 244745 58 43 0 1 0 0 29
1325 T 248071 10 247923 101 4 0 10 0 0 23
1326 A 246883 246736 32 13 76 2 0 0 0 24
1327 G 251322 249 102 9 250918 0 0 0 6 38
1328 T 248778 80 248547 62 12 0 7 0 0 70
1329 T 254577 254 254171 49 57 0 5 0 0 41
1330 C 266088 38 36 265943 29 0 0 6 0 36
1331 T 260456 43 260311 62 15 0 2 0 0 23
1332 A 264078 263903 32 13 52 2 0 0 0 76
1333 C 271433 83 57 271239 17 0 0 8 0 29
1334 T 270946 27 270741 127 25 0 2 0 0 24
1335 G 274935 95 289 19 274490 0 1 0 4 37
1336 G 272357 48 61 14 272193 0 0 0 6 35
1337 A 276588 276423 17 7 103 8 0 0 0 30
1338 A 277799 277641 19 12 71 4 0 0 0 52
1339 A 279699 279613 12 7 50 5 0 0 0 12
1340 A 275503 275388 36 5 46 9 0 0 0 19
1341 T 293104 82 292816 123 30 0 6 0 0 47
1342 G 292529 170 158 15 292154 0 0 0 5 27
1343 A 302301 301990 61 123 84 3 0 0 0 40
1344 A 300710 300303 48 206 64 7 0 0 0 82
1345 A 298585 298195 198 57 116 3 0 0 0 16
1346 G 302131 106 86 65 301834 0 0 0 11 29
1347 G 313514 73 133 27 313243 0 0 0 3 35
1348 A 301417 301013 34 17 86 6 0 0 0 261
1349 C 304529 38 46 304379 15 0 0 6 0 45
1350 T 292175 518 291495 100 20 0 8 0 0 34
1351 T 292596 71 292364 80 42 0 10 0 0 29
1352 T 290320 62 290126 56 44 0 6 0 0 26
1353 G 298353 79 196 28 298015 0 0 0 9 26
1354 G 287716 96 58 9 287531 0 0 0 7 15
1355 A 283832 283603 59 12 73 2 0 0 0 83
1356 T 266292 32 266167 46 14 0 9 0 0 24
1357 T 230513 19 230371 76 6 0 1 0 0 40
1358 T 224522 25 224332 75 15 0 3 0 0 72
1359 C 220172 34 23 220033 59 0 0 3 0 20
1360 C 220841 31 38 220721 23 0 0 4 0 24
1361 A 220494 220353 34 10 58 1 0 0 0 38
1362 T 203214 27 203052 110 6 0 1 0 0 18
1363 G 203824 96 124 10 203564 0 0 0 3 27
1364 A 213056 212756 37 20 103 8 0 0 0 132
1365 C 228929 70 55 228673 107 1 0 7 0 16
1366 T 225257 185 224879 104 58 0 6 0 0 25
1367 T 207983 81 207744 60 77 0 12 0 0 9
1368 A 208174 207890 53 120 91 3 0 0 0 17
1369 A 201429 201288 22 41 49 14 0 0 0 15
1370 A 216709 216590 23 42 35 7 0 0 0 12
1371 T 209032 48 208821 37 97 0 3 0 0 26
1372 G 208635 83 151 27 208342 0 0 0 11 21
1373 T 183127 36 182920 46 13 0 4 0 0 108
1374 G 181555 57 149 43 181284 0 0 0 4 18
1375 A 191830 191642 21 71 70 2 0 0 0 24
1376 A 185777 185612 37 15 97 4 0 0 0 12
1377 G 193218 49 85 42 193005 0 0 0 5 32
1378 A 190839 190675 40 33 73 2 0 0 0 16
1379 A 181860 181593 30 174 41 5 0 0 0 17
1380 T 181682 268 181137 91 132 0 2 0 0 52
1381 C 181599 19 30 181532 4 0 0 2 0 12
1382 T 178957 18 178892 24 4 0 4 0 0 15
1383 G 190060 45 47 16 189923 0 0 0 1 28
1384 T 185318 22 185192 29 5 0 10 0 0 60
1385 A 190780 190584 62 3 46 7 0 0 0 78
1386 C 189069 26 105 188897 13 0 0 8 0 20
1387 G 188078 87 68 46 187861 0 0 0 3 13
1388 A 182910 182764 30 28 53 5 0 0 0 30
1389 G 187349 67 127 17 187116 0 0 0 9 13
1390 A 177195 177051 13 43 52 5 0 0 0 31
1391 A 178887 178766 18 29 56 6 0 0 0 12
1392 A 170686 170521 25 20 74 3 0 0 0 43
1393 G 175524 71 32 12 175386 0 0 0 5 18
1394 T 180006 26 179695 61 33 0 2 0 0 189
1395 A 177440 177300 29 68 26 0 0 0 0 17
1396 A 175158 175056 40 11 29 7 0 0 0 15
1397 A 171813 171723 14 14 49 1 0 0 0 12
1398 A 171443 171305 22 41 56 3 0 0 0 16
1399 A 189417 188892 57 128 318 1 0 0 0 21
1400 G 192749 136 318 125 192132 0 0 0 2 36
1401 C 195885 157 232 195318 143 0 0 6 0 29
1402 C 189890 75 281 189475 38 0 0 7 0 14
1403 A 187884 187422 132 241 64 4 0 0 0 21
1404 A 195778 195493 58 172 39 5 0 0 0 11
1405 T 205360 36 205236 43 19 0 2 0 0 24
1406 T 211099 32 210989 44 19 0 5 0 0 10
1407 A 211191 211061 48 18 38 5 0 0 0 21
1408 A 211366 210905 112 211 124 8 0 0 0 6
1409 A 209602 208999 139 43 392 7 0 0 0 22
1410 G 255304 313 241 27 254671 0 1 0 16 35
1411 A 254978 254580 140 54 164 5 0 0 0 35
1412 A 270268 269926 125 82 104 10 0 0 0 21
1413 T 235450 106 235095 122 82 0 6 0 0 39
1414 A 227185 226979 116 7 71 5 0 0 0 7
1415 A 243295 243087 23 10 148 14 0 0 0 13
1416 T 253173 39 252962 104 25 0 8 0 0 35
1417 G 257476 126 418 60 256833 0 0 0 6 33
1418 C 265636 406 122 264942 112 0 0 4 0 50
1419 C 256830 38 485 256137 150 0 0 4 0 16
1420 A 261175 260290 110 277 476 8 0 0 0 14
1421 A 257067 256300 225 338 164 5 0 0 0 35
1422 A 261174 260194 360 394 215 3 0 0 0 8
1423 G 268148 114 88 52 267848 0 0 0 11 35
1424 A 270738 270443 126 58 78 2 0 0 0 31
1425 A 274601 274336 114 48 84 4 0 0 0 15
1426 A 269973 269369 97 366 110 5 0 0 0 26
1427 T 269800 118 269460 101 47 0 1 0 0 73
1428 C 265936 110 419 265278 92 0 0 10 0 27
1429 G 269962 160 168 41 269567 0 0 0 2 24
1430 G 262216 153 74 72 261869 0 0 0 4 44
1431 A 269447 268759 496 49 96 5 0 0 0 42
1432 A 249513 249291 47 91 54 2 0 0 0 28
1433 A 257880 257609 38 78 108 4 0 0 0 43
1434 T 259562 66 259267 137 47 0 10 0 0 35
1435 G 260743 152 135 20 260418 0 0 0 2 16
1436 G 264282 105 127 13 264001 0 0 0 5 31
1437 G 262191 81 87 81 261910 0 0 0 11 21
1438 T 259549 69 258291 36 37 0 2 0 0 1114
1439 G 268503 54 70 18 268328 0 0 0 8 25
1440 T 268407 27 268111 96 86 0 5 0 0 82
1441 T 294603 36 294180 352 16 0 5 0 0 14
1442 T 269278 52 268911 89 202 0 10 0 0 14
1443 T 267851 68 267334 125 293 0 3 0 0 28
1444 G 274357 380 123 45 273771 0 1 0 11 26
1445 A 271034 270398 174 165 241 3 0 0 0 53
1446 G 281248 277 158 110 280671 0 0 0 8 24
1447 T 281497 30 281225 85 36 0 7 0 0 114
1448 T 275081 376 274539 72 66 0 2 0 0 26
1449 C 278609 301 118 278018 141 0 0 10 0 21
1450 T 283689 415 282822 218 199 0 1 0 0 34
1451 A 284117 283038 438 109 293 3 0 0 0 236
1452 C 291347 157 325 290260 581 0 0 8 0 16
1453 C 284141 67 79 283910 54 0 0 7 0 24
1454 A 282064 281684 95 39 134 4 0 0 0 108
1455 C 307231 115 69 306931 81 0 0 10 0 25
1456 A 310699 309793 107 446 329 10 0 0 0 14
1457 A 311206 310170 433 156 401 10 0 0 1 35
1458 G 328972 411 308 151 328050 0 0 0 23 29
1459 T 288357 153 287906 51 46 0 6 0 0 195
1460 G 297753 85 68 128 297434 0 0 0 11 27
1461 T 290052 32 289607 166 17 0 3 0 0 227
1462 G 293735 296 122 41 293240 0 0 0 7 29
1463 A 294381 293978 51 73 203 9 0 0 0 67
1464 C 291544 40 216 291197 51 0 0 7 0 33
1465 A 297842 297694 26 37 56 7 0 0 0 22
1466 A 296027 295876 37 45 37 4 0 0 0 28
1467 T 292753 28 292582 75 6 0 6 0 0 56
1468 G 293573 149 214 204 292950 0 0 0 10 46
1469 A 296149 295202 220 427 258 7 0 0 0 35
1470 A 297605 296866 168 86 451 11 0 0 0 23
1471 T 301960 19 301849 39 9 0 8 0 0 36
1472 G 302296 57 54 20 302115 0 0 0 8 42
1473 C 302730 48 83 302539 24 0 0 9 0 27
1474 A 308650 308480 40 8 58 10 0 0 0 54
1475 T 307300 35 307122 75 5 0 7 0 0 56
1476 G 305291 160 146 16 304932 0 0 0 5 32
1477 G 305312 125 237 74 304848 0 0 0 2 26
1478 A 299543 298678 106 357 357 9 0 1 0 35
1479 A 294732 293930 337 268 153 7 0 0 0 37
1480 A 287207 286822 117 41 190 1 0 0 0 36
1481 G 303872 93 77 176 303477 0 0 0 8 41
1482 T 296951 64 296223 108 153 0 9 0 0 394
1483 G 311969 141 79 45 311676 0 0 0 5 23
1484 T 308130 26 307839 52 62 0 12 0 0 139
1485 A 302828 302556 25 24 193 3 0 0 0 27
1486 A 299576 299380 28 14 106 11 0 0 0 37
1487 G 300684 138 72 42 300401 0 0 0 4 27
1488 A 309189 308908 43 107 74 9 0 0 0 48
1489 A 307315 305376 582 351 944 17 0 0 0 45
1490 A 276950 274562 710 314 1341 3 0 0 0 20
1491 T 275772 316 273601 993 836 0 7 0 0 19
1492 G 274791 127 152 75 274404 0 0 0 6 27
1493 G 275997 126 130 96 275605 0 0 0 6 34
1494 G 281608 151 142 93 281168 0 0 0 7 47
1495 A 279372 278579 201 52 248 2 0 0 0 290
1496 C 275948 38 329 275467 84 0 0 9 0 21
1497 T 259361 184 258949 57 143 0 7 0 0 21
1498 T 262636 12 262539 59 7 0 8 0 0 11
1499 A 294849 294638 79 32 62 6 0 0 0 32
1500 T 291687 51 291471 60 62 0 11 0 0 32
1501 G 282666 264 140 20 282210 0 0 0 12 20
1502 A 278734 278310 152 84 128 24 0 0 0 36
1503 T 283118 132 282724 86 113 0 5 0 0 58
1504 T 270771 104 270430 83 127 0 5 0 0 22
1505 A 302368 301982 104 146 80 10 0 0 0 46
1506 T 303619 77 303209 142 122 0 6 0 0 63
1507 C 299687 265 107 299153 136 0 0 7 0 19
1508 C 299582 206 194 298842 297 0 0 3 0 40
1509 A 302443 300904 853 366 257 3 0 0 0 60
1510 A 303835 303172 94 254 276 16 0 0 0 23
1511 A 302030 301283 109 145 470 2 0 0 0 21
1512 A 310474 309766 336 118 228 10 0 0 0 16
1513 T 311070 50 310898 51 12 0 6 0 0 53
1514 A 315124 314956 51 29 42 11 0 0 0 35
1515 T 316920 29 316790 59 17 0 7 0 0 18
1516 T 315628 94 315248 173 77 0 6 0 0 30
1517 C 314579 165 145 314138 75 0 0 15 0 41
1518 A 312285 311779 97 117 247 5 0 0 0 40
1519 G 312838 103 161 113 312383 0 0 0 6 72
1520 A 302797 302403 50 55 254 8 0 0 0 27
1521 A 295126 294695 66 167 168 2 0 0 0 28
1522 G 285676 133 110 164 285222 0 0 0 4 43
1523 A 282754 282283 295 30 62 5 0 0 0 79
1524 A 284895 284525 92 128 105 7 0 1 0 37
1525 T 285477 108 284830 52 406 0 7 0 0 74
1526 C 287276 41 184 286600 420 0 0 12 0 19
1527 A 286783 286139 431 60 122 6 0 0 0 25
1528 A 321785 321235 79 52 358 11 0 0 0 50
1529 A 322212 321552 104 71 456 4 0 0 0 25
1530 G 279572 122 192 135 279089 0 0 0 9 25
1531 T 278515 331 277717 103 253 0 9 0 0 102
1532 T 271764 22 271175 108 439 0 4 0 0 16
1533 G 279214 233 442 205 278271 0 0 0 15 48
1534 A 291037 290374 104 237 299 5 0 0 0 18
1535 A 292163 291149 537 87 348 5 1 0 0 36
1536 C 290683 96 577 289899 39 0 0 6 0 66
1537 A 258519 257924 266 145 161 0 0 0 0 23
1538 G 338415 250 367 194 337560 0 0 0 19 25
1539 G 346138 159 410 173 345354 0 0 0 3 39
1540 G 361623 4281 347 270 356685 0 0 0 10 30
1541 A 361278 356246 4590 38 351 8 1 0 0 44
1542 A 350488 345803 4108 257 280 7 0 0 0 33
1543 A 360385 359180 149 485 521 17 0 0 0 33
1544 A 358368 357066 371 292 598 10 0 0 0 31
1545 G 383218 213 511 708 381740 0 0 0 11 35
1546 A 383381 382945 91 22 227 9 0 0 0 87
1547 T 380959 54 380798 50 6 0 11 0 0 40
1548 A 374672 374278 66 76 197 15 0 0 0 40
1549 G 370302 712 361 117 369085 0 0 0 8 19
1550 A 370081 368863 359 186 599 14 0 0 0 60
1551 T 371041 134 370187 394 233 0 7 0 0 86
1552 G 362380 762 243 574 360755 0 0 0 9 37
1553 G 368999 531 241 475 367707 0 0 0 12 33
1554 A 350563 348974 363 353 766 4 0 0 0 103
1555 G 352192 107 57 27 351956 0 0 0 4 41
1556 T 383911 51 382798 91 78 0 5 0 0 888
1557 G 384763 121 227 26 384341 0 0 0 5 43
1558 A 402988 401274 386 665 556 7 0 0 0 100
1559 A 405052 403172 245 727 883 7 0 0 1 17
1560 A 409431 407446 1255 227 453 6 0 0 0 44
1561 T 404206 395 402531 608 587 0 4 1 0 80
1562 T 399583 44 399025 139 347 0 8 0 0 20
1563 G 402299 776 189 458 400840 0 0 0 7 29
1564 G 409494 301 749 50 408351 0 0 0 11 32
1565 A 411252 410286 451 303 174 11 0 0 0 27
1566 A 422234 421584 63 285 239 5 0 0 0 58
1567 T 417990 171 417193 490 66 0 6 0 0 64
1568 C 468376 334 206 467626 133 0 0 17 0 60
1569 A 469670 468842 196 279 323 9 0 0 0 21
1570 A 483059 481204 363 909 550 3 0 0 0 30
1571 T 476366 705 474975 416 199 0 15 0 0 56
1572 G 455918 897 1323 290 453381 1 0 0 5 21
1573 G 471607 164 504 662 470196 0 0 0 13 68
1574 G 487982 318 476 728 486379 0 0 0 15 66
1575 G 491638 305 1281 831 489150 0 0 0 16 55
1576 G 505080 455 543 704 503242 0 0 0 10 126
1577 T 443207 382 440867 262 314 0 7 0 0 1375
1578 G 475901 704 690 305 474086 0 0 0 13 103
1579 T 466198 269 465064 416 248 0 13 0 0 188
1580 A 475847 475086 481 84 148 4 0 0 0 44
1581 T 479544 119 478796 375 153 0 29 0 0 72
1582 C 476310 196 409 474975 684 0 0 14 0 32
1583 A 459676 458653 251 254 435 21 0 0 0 62
1584 G 482666 350 771 343 481158 0 0 0 6 38
1585 A 468807 468386 118 91 148 12 1 0 0 51
1586 T 470227 116 469803 144 62 0 23 0 0 79
1587 T 378685 164 377875 581 35 0 8 0 0 22
1588 C 374359 66 97 374118 37 0 0 10 0 31
1589 T 362051 49 361832 84 52 0 7 0 0 27
1590 G 367314 88 234 86 366869 0 0 0 7 30
1591 G 366991 213 92 158 366504 0 0 0 4 20
1592 C 351732 146 229 351137 154 0 0 5 0 61
1593 G 344918 190 158 325 344189 0 0 0 2 54
1594 A 406802 406530 60 56 73 8 0 0 0 75
1595 T 410145 67 409879 72 64 0 7 0 0 56
1596 C 490548 65 74 490266 15 0 0 27 0 101
1597 T 488440 39 488026 248 74 0 22 1 0 30
1598 A 541706 541082 81 53 74 27 0 0 0 389
1599 C 546674 62 199 546290 71 0 0 24 0 28
1600 T 546667 92 546284 181 40 0 4 0 0 66
1601 C 556458 70 124 556160 29 0 0 33 0 42
1602 A 538752 538413 67 22 194 8 0 0 0 48
1603 A 568756 568327 77 25 154 33 0 0 0 140
1604 C 562166 174 162 561667 39 0 0 17 0 107
1605 T 532986 202 532511 162 67 0 5 0 0 39
1606 G 539022 285 591 261 537789 0 0 0 22 74
1607 T 511013 159 510290 236 123 0 7 0 0 198
1608 C 512790 606 588 511468 47 0 0 7 0 74
1609 G 542093 314 441 43 541232 0 0 0 9 54
1610 C 543530 55 276 543078 70 0 0 9 0 42
1611 C 559801 350 325 558832 188 0 0 18 0 88
1612 A 529952 529085 246 300 189 7 0 0 0 125
1613 G 544221 201 387 233 543323 0 0 1 20 56
1614 T 542872 368 541926 287 63 0 12 0 0 216
1615 T 530817 191 530048 161 372 0 7 0 0 38
1616 C 540484 64 106 540128 102 0 0 18 0 66
1617 A 502698 501818 436 38 138 8 0 0 0 260
1618 C 506158 615 334 504915 248 0 0 17 0 29
1619 T 496762 67 495717 406 529 0 10 0 0 33
1620 G 500531 582 480 196 499255 0 0 0 10 8
1621 G 546223 1065 1622 269 543201 0 0 0 24 42
1622 T 523100 1383 519833 531 363 0 13 0 0 977
1623 G 523758 1110 1079 474 521057 0 0 0 11 27
1624 C 538415 1429 1993 533213 1619 0 0 15 0 146
1625 T 527359 1769 522820 2088 642 0 12 0 0 28
1626 T 530078 1031 527472 305 1146 0 7 0 0 117
1627 T 479660 426 478946 110 141 0 10 0 0 27
1628 T 477997 319 477273 153 193 0 17 0 0 42
1629 G 468942 204 222 23 468397 0 0 0 7 89
1630 G 488811 165 212 54 488334 0 0 0 13 33
1631 T 485216 49 484439 308 95 0 10 0 0 315
1632 C 490798 67 174 490430 66 0 0 7 0 54
1633 T 464735 142 463990 410 74 0 6 0 0 113
1634 C 565815 109 222 565302 60 0 0 26 0 96
1635 C 603233 120 142 602808 111 0 0 17 0 35
1636 C 602527 106 393 601824 153 0 0 15 0 36
1637 T 597925 48 597246 391 161 0 34 0 0 45
1638 G 596421 277 349 127 595636 0 0 0 8 24
1639 G 588824 80 109 34 588515 0 0 0 31 55
1640 G 629580 199 211 198 628915 0 0 0 16 41
1641 G 629163 121 131 134 628624 0 0 0 18 135
1642 G 622789 184 139 259 622069 0 0 0 43 95
1643 C 487478 59 101 487083 162 0 0 9 0 64
1644 A 483319 483038 80 23 123 2 0 0 0 53
1645 A 516040 514079 358 1185 336 8 0 0 0 74
1646 T 516719 439 515878 186 158 0 7 0 0 51
1647 C 515986 135 212 515396 209 0 0 2 0 32
1648 A 513071 511766 382 145 707 11 0 0 0 60
1649 G 559686 166 735 137 558583 0 0 0 21 44
1650 T 553192 712 551864 215 208 0 10 0 0 183
1651 T 567080 394 565512 355 763 0 13 0 0 43
1652 T 555371 504 554539 186 57 0 15 0 0 70
1653 C 558064 408 859 556621 141 0 0 4 0 31
1654 T 556477 143 555703 204 368 0 22 0 0 37
1655 G 551473 234 302 132 550712 0 0 0 16 77
1656 G 554471 149 179 266 553839 0 0 0 12 26
1657 A 548669 547799 143 128 438 22 0 0 0 139
1658 T 523397 185 522568 462 114 0 13 0 0 55
1659 G 527909 196 299 356 527013 0 0 0 18 27
1660 T 514051 321 513130 92 113 0 9 0 0 386
1661 G 558112 123 451 65 557360 0 0 0 23 90
1662 T 539694 86 539023 209 49 0 10 0 0 317
1663 T 540501 133 539926 147 221 0 7 0 0 67
1664 C 543127 144 158 542594 124 0 0 20 0 87
1665 T 535076 198 534460 217 119 0 7 0 0 75
1666 A 535050 534645 152 27 183 16 0 0 0 27
1667 A 528991 528408 201 136 175 15 0 0 0 56
1668 T 523764 155 523306 86 180 0 11 0 0 26
1669 G 517861 136 133 43 517484 0 0 0 17 48
1670 G 465753 88 71 102 465419 0 0 0 11 62
1671 G 464539 118 60 57 464268 0 0 0 6 30
1672 T 457829 230 455966 868 162 0 5 0 0 598
1673 C 438332 927 139 437147 58 0 0 11 1 49
1674 T 430236 851 429016 128 204 0 6 0 0 31
1675 T 448467 63 448105 103 133 0 15 0 0 48
1676 T 449412 38 449131 136 65 0 11 0 0 31
1677 G 449586 130 160 104 449131 0 0 0 2 59
1678 C 445288 93 237 444316 568 0 0 21 0 53
1679 A 400604 399729 295 81 413 9 0 0 0 77
1680 G 430994 165 108 24 430625 0 0 0 10 62
1681 T 405897 39 405477 85 53 0 5 0 0 238
1682 G 449347 196 522 38 448532 0 0 0 16 43
1683 C 319204 103 58 318947 38 0 0 10 0 48
1684 A 317963 317588 25 167 142 6 0 0 0 35
1685 G 365979 163 169 61 365497 0 0 0 25 64
1686 A 365572 365218 120 113 80 12 0 0 0 29
1687 A 387093 386866 35 12 145 9 0 0 0 26
1688 T 386478 36 386257 97 12 0 21 0 0 55
1689 A 371729 371426 78 67 97 4 0 0 0 57
1690 T 374994 45 374763 73 41 0 21 0 1 50
1691 G 368288 126 122 51 367960 0 0 0 3 26
1692 C 371140 45 360 370629 53 0 0 13 0 40
1693 A 369533 369136 85 51 148 18 0 0 0 95
1694 T 333745 34 333533 98 18 0 9 0 0 53
1695 C 333134 57 58 332867 90 0 0 16 0 46